160,1905,1880,0,187
161,1908,1881,0,197
162,1911,1880,0,201
163,1914,1874,0,194
164,1918,1872,0,201
165,1918,1869,0,216
166,1918,1866,0,226
167,1917,1864,0,225
168,1916,1864,0,212
169,1917,1863,0,197
170,1919,1863,0,185
171,1923,1867,0,168
172,1928,1867,0,169
173,1932,1866,0,168
174,1931,1869,0,170
175,1935,1874,0,158
176,1936,1879,0,139
177,1938,1886,0,121
178,1938,1885,0,118
179,1937,1891,0,117
180,1935,1895,0,130
181,1941,1894,0,140
182,1946,1896,0,148
183,1949,1899,0,166
184,1953,1898,0,175
185,1958,1897,0,192
186,1970,1890,0,226
187,1973,1886,0,228
188,1976,1883,0,213
189,1978,1881,0,221
190,1982,1876,0,234
191,1986,1871,0,229
192,1991,1864,0,239
193,1992,1859,0,248
194,1989,1862,0,248
195,1988,1862,0,250
196,1988,1862,0,248
197,1987,1860,0,255
198,1983,1855,0,257
199,1982,1852,0,261
200,1982,1848,0,264
201,1981,1844,0,262
202,1981,1839,0,265
203,1982,1837,0,265
204,1982,1833,0,258
205,1985,1830,0,252
206,1989,1823,0,252
207,1991,1816,0,257
208,1992,1810,0,249
209,1995,1806,0,237
210,1996,1805,0,229
211,1995,1805,0,230
212,1992,1805,0,230
213,1992,1805,0,228
214,1995,1803,0,225
215,1997,1802,0,224
216,2002,1798,0,231
217,2006,1795,0,231
218,2007,1791,0,228
219,2005,1788,0,224
220,2005,1788,0,223
221,2005,1786,0,223
222,2006,1785,0,228
223,2008,1783,0,228
224,2010,1782,0,228
225,2013,1782,0,230
226,2013,1778,0,226
227,2014,1777,0,225
228,2014,1776,0,220
229,2014,1776,0,221
230,2015,1775,0,220
231,2015,1775,0,217
232,2015,1774,0,212
233,2014,1774,0,203
234,2015,1774,0,200
235,2018,1775,0,203
236,2019,1775,0,201
237,2020,1776,0,212
238,2021,1775,0,223
239,2021,1776,0,213
240,2021,1777,0,206
241,2024,1777,0,206
242,2031,1774,0,204
243,2032,1773,0,208
244,2043,1763,0,229
245,2042,1761,0,218
246,2038,1760,0,213
247,2041,1761,0,215
248,2044,1763,0,222
249,2047,1762,0,222
250,2052,1760,0,220
251,2055,1756,0,224
252,2057,1754,0,225
253,2057,1753,0,220
254,2059,1752,0,219
255,2062,1753,0,216
256,2062,1752,0,220
257,2062,1751,0,219
258,2063,1751,0,217
259,2064,1750,0,215
260,2065,1749,0,226
261,2072,1745,0,231
262,2073,1739,0,242
263,2079,1734,0,251
264,2080,1729,0,257
265,2079,1727,0,251
266,2080,1720,0,248
267,2085,1718,0,243
268,2086,1716,0,242
269,2088,1715,0,240
270,2091,1709,0,236
271,2095,1700,0,227
272,2096,1697,0,220
273,2097,1694,0,218
274,2101,1691,0,225
275,2107,1692,0,230
276,2112,1688,0,233
277,2116,1682,0,230
278,2121,1676,0,231
279,2127,1679,0,229
280,2130,1682,0,227
281,2136,1682,0,210
282,2142,1682,0,191
283,2145,1679,0,168
284,2149,1677,0,184
285,2150,1680,0,192
286,2151,1680,0,195
287,2153,1680,0,206
288,2156,1678,0,207
289,2164,1677,0,209
290,2168,1670,0,208
291,2170,1663,0,210
292,2172,1656,0,209
293,2177,1658,0,212
294,2184,1658,0,220
295,2185,1660,0,221
296,2186,1659,0,215
297,2187,1660,0,209
298,2188,1659,0,195
299,2192,1659,0,185
300,2194,1657,0,176
301,2194,1661,0,186
302,2195,1662,0,186
303,2196,1662,0,187
304,2197,1662,0,185
305,2198,1662,0,185
306,2200,1661,0,184
307,2201,1660,0,191
308,2203,1657,0,183
309,2204,1656,0,180
310,2208,1653,0,181
311,2211,1653,0,193
312,2213,1651,0,198
313,2216,1649,0,203
314,2218,1650,0,199
315,2221,1649,0,208
316,2223,1648,0,209
317,2225,1647,0,203
318,2228,1645,0,206
319,2229,1645,0,203
320,2231,1643,0,197
321,2234,1646,0,201
322,2238,1646,0,189
323,2242,1646,0,182
324,2245,1647,0,183
325,2246,1644,0,181
326,2249,1646,0,182
327,2254,1645,0,182
328,2261,1644,0,194
329,2265,1642,0,199
330,2272,1641,0,203
331,2275,1640,0,219
332,2277,1638,0,224
333,2279,1635,0,228
334,2280,1634,0,228
335,2280,1633,0,228
336,2282,1631,0,231
337,2281,1631,0,230
338,2278,1633,0,232
339,2275,1635,0,244
340,2275,1632,0,242
341,2275,1630,0,236
342,2276,1629,0,233
343,2275,1631,0,231
344,2274,1633,0,220
345,2275,1634,0,222
346,2274,1638,0,226
347,2275,1644,0,217
348,2276,1650,0,216
349,2278,1651,0,221
350,2282,1650,0,224
351,2281,1656,0,240
352,2283,1657,0,239
353,2291,1654,0,271
354,2294,1651,0,290
355,2294,1647,0,289
356,2295,1646,0,295
357,2294,1645,0,297
358,2291,1644,0,306
359,2294,1646,0,297
360,2297,1647,0,291
361,2299,1649,0,287
362,2300,1648,0,277
363,2300,1647,0,279
364,2300,1643,0,280
365,2299,1641,0,276
366,2299,1638,0,268
367,2299,1636,0,261
368,2299,1632,0,259
369,2299,1633,0,256
370,2300,1633,0,252
371,2299,1633,0,251
372,2300,1633,0,247
373,2301,1632,0,250
374,2300,1630,0,247
375,2301,1631,0,246
376,2302,1631,0,245
377,2302,1632,0,241
378,2304,1632,0,240
379,2306,1631,0,243
380,2307,1630,0,248
381,2311,1629,0,253
382,2314,1630,0,250
383,2317,1630,0,247
384,2316,1628,0,250
385,2315,1627,0,247
386,2315,1627,0,244
387,2315,1627,0,243
388,2315,1627,0,238
389,2317,1627,0,231
390,2318,1626,0,224
391,2322,1627,0,220
392,2328,1629,0,219
393,2331,1629,0,216
394,2334,1630,0,206
395,2338,1632,0,198
396,2341,1631,0,194
397,2346,1632,0,192
398,2351,1633,0,194
399,2358,1633,0,196
400,2364,1632,0,195
401,2368,1628,0,198
402,2370,1624,0,195
403,2369,1622,0,182
404,2373,1623,0,182
405,2383,1623,0,183
406,2387,1622,0,189
407,2394,1620,0,203
409,2407,1616,0,217
410,2410,1612,0,222
411,2417,1610,0,221
412,2428,1610,0,234
413,2429,1609,0,231
414,2431,1608,0,230
415,2433,1606,0,225
416,2436,1602,0,223
417,2436,1602,0,212
418,2438,1600,0,205
419,2440,1599,0,203
420,2437,1603,0,191
421,2443,1605,0,189
422,2441,1605,0,192
423,2441,1608,0,194
424,2448,1607,0,200
425,2453,1604,0,207
426,2461,1596,0,221
427,2461,1596,0,218
428,2462,1594,0,214
429,2470,1589,0,215
430,2475,1585,0,213
431,2482,1580,0,235
432,2484,1577,0,218
433,2485,1576,0,217
434,2487,1575,0,220
435,2487,1576,0,219
436,2491,1574,0,207
437,2493,1574,0,206
438,2505,1572,0,197
439,2507,1575,0,197
440,2508,1577,0,192
441,2513,1577,0,202
442,2517,1576,0,213
443,2520,1574,0,211
454,2439,1470,0,219
455,2442,1471,0,222
456,2442,1469,0,210
457,2443,1466,0,201
458,2447,1465,0,192
459,2451,1470,0,191
460,2456,1468,0,191
461,2465,1471,0,186
462,2467,1469,0,200
464,2487,1464,0,187
465,2490,1465,0,181
466,2490,1466,0,185
467,2490,1466,0,190
468,2483,1469,0,188
469,2481,1470,0,188
470,2488,1470,0,186
471,2492,1467,0,183
472,2500,1463,0,198
499,2493,1207,0,207
500,2489,1208,0,207
528,2467,1118,0,349
539,2513,1344,0,233
540,2513,1342,0,237
541,2515,1339,0,247
543,2520,1338,0,198
559,2504,1328,0,145
560,2504,1329,0,159
561,2503,1329,0,160
562,2502,1331,0,169
565,2498,1333,0,183
576,2472,1362,0,234
577,2474,1362,0,238
587,2430,1430,0,209
588,2423,1436,0,242
590,2422,1433,0,36
591,2411,1439,0,25
592,2400,1441,0,23
593,2393,1440,0,8
594,2379,1441,0,4
595,2373,1434,0,353
596,2358,1434,0,351
597,2345,1437,0,350
598,2346,1438,0,332
599,2339,1433,0,336
600,2334,1433,0,341
601,2335,1436,0,343
602,2325,1431,0,342
603,2335,1434,0,341
604,2331,1431,0,347
605,2329,1430,0,353
606,2324,1429,0,355
607,2316,1427,0,349
610,2316,1426,0,356
611,2317,1427,0,0
612,2319,1429,0,357
613,2325,1430,0,2
614,2332,1437,0,6
615,2331,1435,0,0
616,2330,1437,0,0
617,2331,1435,0,357
618,2332,1432,0,6
619,2333,1431,0,11
623,2332,1433,0,203
624,2331,1432,0,203
625,2330,1433,0,194
626,2336,1434,0,13
631,2328,1431,0,18
632,2322,1434,0,24
633,2321,1435,0,32
634,2321,1437,0,38
635,2316,1439,0,38
636,2309,1447,0,50
639,2303,1450,0,34
640,2303,1447,0,29
641,2294,1445,0,17
645,2274,1445,0,17
646,2272,1447,0,14
647,2267,1448,0,15
648,2259,1449,0,11
649,2259,1450,0,13
650,2253,1451,0,22
651,2251,1454,0,2
652,2245,1453,0,351
653,2239,1449,0,347
654,2233,1450,0,357
655,2217,1458,0,340
656,2216,1464,0,336
658,2270,1501,0,334
659,2257,1491,0,352
660,2251,1491,0,358
661,2242,1489,0,359
662,2240,1491,0,358
663,2238,1494,0,4
664,2234,1496,0,358
665,2234,1497,0,356
666,2234,1500,0,1
667,2236,1501,0,355
668,2236,1498,0,347
669,2238,1494,0,331
670,2237,1488,0,329
671,2235,1486,0,329
672,2229,1483,0,331
673,2237,1487,0,349
674,2234,1490,0,1
675,2226,1496,0,18
676,2222,1496,0,18
677,2222,1499,0,26
678,2227,1500,0,42
679,2227,1503,0,55
680,2224,1510,0,47
681,2221,1512,0,43
682,2220,1519,0,45
683,2212,1527,0,38
684,2205,1528,0,49
685,2200,1533,0,39
686,2196,1537,0,41
687,2188,1543,0,34
688,2175,1552,0,47
689,2174,1554,0,47
690,2157,1565,0,44
691,2145,1574,0,44
692,2142,1577,0,44
693,2128,1586,0,37
694,2118,1595,0,35
695,2110,1599,0,36
698,2073,1624,0,38
699,2061,1632,0,42
700,2056,1639,0,42
701,2049,1647,0,37
702,2046,1648,0,30
703,2041,1650,0,28
704,2038,1650,0,28
705,2034,1651,0,17
706,2030,1649,0,17
707,2025,1653,0,25
710,2022,1663,0,9
711,2017,1665,0,12
712,2015,1667,0,21
713,2008,1668,0,26
714,2003,1670,0,26
715,1999,1671,0,26
716,1997,1676,0,29
717,1993,1680,0,25
718,1992,1681,0,20
719,1997,1680,0,24
722,2002,1688,0,20
723,2017,1692,0,355
725,2008,1683,0,13
726,2010,1684,0,16
727,2009,1680,0,8
728,2005,1677,0,6
729,2008,1676,0,11
730,1997,1675,0,32
731,1995,1679,0,29
732,1998,1686,0,17
734,2002,1687,0,12
735,2000,1688,0,21
736,1998,1690,0,26
737,2000,1693,0,37
738,1999,1695,0,48
739,1998,1695,0,40
741,1994,1696,0,37
742,1992,1701,0,42
743,1991,1702,0,38
744,1992,1700,0,32
745,1994,1699,0,32
746,1997,1698,0,27
747,1999,1694,0,21
748,1999,1694,0,24
749,1999,1693,0,22
750,1998,1695,0,20
751,1996,1695,0,27
752,1997,1694,0,26
753,2000,1696,0,29
754,1998,1706,0,27
755,1997,1708,0,28
756,1996,1709,0,28
757,1990,1715,0,35
758,1997,1715,0,32
759,1993,1718,0,34
760,1992,1717,0,37
761,1995,1716,0,41
762,1993,1716,0,45
763,1994,1716,0,39
764,1992,1717,0,34
765,1992,1716,0,24
766,1993,1715,0,15
767,1992,1714,0,13
768,1991,1715,0,7
769,1990,1714,0,8
770,1986,1715,0,0
771,1994,1722,0,354
772,1994,1724,0,356
773,1991,1724,0,4
774,1985,1724,0,5
775,1981,1724,0,10
776,1975,1723,0,9
777,1970,1725,0,12
778,1966,1728,0,18
779,1964,1730,0,19
780,1961,1734,0,29
781,1959,1737,0,28
782,1952,1744,0,39
783,1947,1745,0,39
784,1947,1743,0,30
785,1942,1750,0,58
786,1937,1752,0,31
787,1933,1762,0,38
788,1930,1759,0,29
789,1918,1765,0,34
790,1917,1768,0,33
791,1917,1767,0,30
792,1919,1768,0,37
793,1921,1770,0,41
794,1921,1774,0,45
795,1922,1775,0,44
796,1926,1774,0,45
797,1926,1773,0,43
798,1927,1772,0,41
799,1927,1771,0,40
800,1927,1771,0,40
801,1921,1774,0,40
802,1918,1779,0,53
803,1919,1784,0,59
804,1918,1790,0,56
805,1920,1786,0,40
806,1921,1783,0,32
807,1921,1780,0,34
808,1920,1779,0,36
809,1919,1779,0,34
810,1919,1778,0,27
811,1916,1779,0,17
812,1910,1778,0,3
813,1906,1774,0,359
814,1905,1773,0,2
815,1893,1772,0,353
816,1891,1770,0,350
817,1885,1767,0,341
818,1880,1769,0,338
819,1878,1770,0,327
820,1871,1765,0,337
821,1869,1766,0,321
822,1870,1766,0,321
823,1872,1767,0,331
824,1874,1759,0,330
825,1877,1764,0,324
826,1880,1767,0,324
827,1882,1763,0,325
828,1885,1760,0,341
829,1882,1756,0,333
830,1885,1752,0,336
831,1882,1751,0,336
832,1875,1746,0,348
833,1875,1746,0,348
834,1873,1745,0,340
835,1879,1748,0,334
836,1883,1749,0,329
837,1881,1747,0,318
838,1882,1744,0,310
839,1881,1741,0,299
840,1880,1737,0,288
841,1881,1729,0,282
842,1883,1728,0,280
843,1883,1720,0,286
844,1883,1716,0,291
845,1883,1714,0,295
846,1882,1714,0,295
847,1884,1714,0,286
848,1884,1709,0,277
849,1880,1700,0,292
850,1879,1691,0,280
851,1883,1684,0,291
852,1885,1679,0,296
853,1885,1669,0,285
854,1882,1662,0,291
855,1882,1658,0,284
856,1883,1652,0,285
857,1882,1641,0,293
858,1878,1637,0,300
859,1875,1635,0,308
860,1874,1636,0,311
861,1873,1637,0,313
862,1874,1633,0,315
863,1875,1632,0,320
864,1875,1628,0,317
865,1876,1628,0,317
866,1877,1626,0,331
867,1874,1631,0,326
868,1872,1634,0,333
869,1873,1635,0,331
870,1872,1635,0,331
871,1875,1635,0,330
872,1877,1637,0,327
873,1878,1636,0,330
874,1886,1638,0,330
875,1887,1639,0,334
876,1886,1638,0,328
877,1882,1636,0,317
878,1881,1635,0,310
879,1884,1637,0,308
880,1886,1641,0,308
881,1884,1643,0,304
882,1880,1642,0,297
883,1876,1642,0,306
884,1871,1640,0,317
885,1867,1643,0,325
886,1863,1641,0,329
887,1861,1641,0,331
888,1864,1645,0,335
889,1862,1643,0,332
890,1860,1642,0,332
891,1859,1641,0,330
892,1860,1641,0,331
893,1863,1642,0,331
894,1862,1641,0,333
895,1865,1644,0,332
896,1867,1645,0,335
897,1865,1647,0,340
898,1864,1647,0,342
899,1863,1646,0,342
900,1865,1646,0,342
901,1865,1646,0,341
902,1865,1647,0,342
903,1868,1650,0,341
904,1868,1650,0,338
905,1870,1652,0,340
906,1873,1655,0,342
907,1874,1656,0,342
908,1874,1656,0,340
909,1877,1656,0,337
910,1876,1654,0,331
911,1877,1652,0,321
912,1876,1652,0,320
913,1875,1652,0,320
914,1877,1652,0,317
915,1878,1653,0,304
916,1880,1651,0,295
917,1880,1653,0,290
918,1882,1656,0,293
919,1883,1658,0,291
920,1883,1660,0,291
921,1884,1660,0,295
922,1885,1661,0,293
923,1886,1662,0,293
924,1886,1661,0,290
925,1887,1660,0,290
926,1892,1665,0,297
927,1891,1661,0,307
928,1889,1659,0,304
929,1889,1659,0,306
930,1888,1659,0,312
931,1888,1663,0,319
932,1887,1665,0,317
933,1889,1668,0,318
934,1888,1669,0,307
935,1889,1669,0,307
936,1889,1670,0,306
937,1890,1668,0,303
938,1891,1668,0,300
939,1892,1669,0,299
940,1894,1671,0,300
941,1893,1670,0,297
942,1893,1668,0,299
943,1893,1669,0,301
944,1892,1669,0,294
945,1893,1670,0,291
946,1892,1669,0,298
947,1892,1669,0,295
948,1892,1669,0,296
949,1892,1666,0,300
950,1891,1666,0,306
951,1890,1670,0,299
952,1883,1663,0,303
953,1897,1655,0,324
954,1891,1650,0,322
955,1889,1652,0,320
956,1889,1653,0,326
957,1885,1653,0,338
958,1879,1653,0,346
959,1874,1654,0,345
960,1870,1652,0,351
961,1869,1650,0,349
962,1863,1652,0,351
963,1859,1652,0,343
964,1859,1657,0,345
965,1857,1659,0,344
966,1851,1658,0,336
967,1855,1662,0,334
968,1855,1662,0,335
969,1848,1659,0,344
970,1851,1665,0,351
971,1847,1668,0,359
972,1846,1670,0,342
973,1848,1672,0,337
974,1847,1672,0,332
975,1842,1669,0,327
976,1843,1664,0,314
977,1844,1662,0,316
978,1844,1662,0,322
979,1841,1658,0,320
980,1845,1650,0,314
981,1842,1650,0,312
982,1842,1650,0,312
983,1843,1650,0,316
984,1845,1652,0,321
985,1845,1652,0,324
986,1845,1650,0,324
987,1845,1649,0,309
988,1850,1650,0,318
989,1849,1648,0,318
990,1848,1647,0,317
991,1847,1646,0,313
992,1847,1645,0,316
993,1851,1644,0,317
994,1850,1644,0,315
995,1846,1644,0,307
996,1845,1645,0,300
997,1841,1646,0,301
998,1838,1643,0,300
999,1836,1642,0,294
1000,1836,1645,0,295
1001,1835,1646,0,290
1002,1836,1646,0,290
1003,1836,1649,0,292
1004,1842,1651,0,280
1007,1834,1652,0,263
1008,1831,1649,0,241
1009,1829,1647,0,245
1010,1834,1643,0,270
1011,1832,1642,0,241
1012,1834,1643,0,272
1015,1831,1643,0,193
1016,1837,1644,0,212
1017,1839,1639,0,208
1018,1839,1641,0,198
1019,1842,1641,0,187
1020,1846,1641,0,191
1032,1738,1713,0,214
1047,1691,1701,1,40
1049,1658,1701,1,315
1051,1618,1699,1,344
1053,1603,1673,0,31
1071,1459,1558,0,211
1072,1459,1558,0,208
1073,1470,1490,0,184
1074,1470,1491,0,189
1075,1471,1491,0,189
1076,1472,1491,0,183
1077,1472,1490,0,185
1078,1472,1489,0,187
1079,1471,1489,0,191
1080,1472,1490,0,187
1081,1472,1490,0,183
1082,1469,1489,0,178
1083,1468,1490,0,185
1084,1464,1493,0,188
1085,1461,1495,0,198
1086,1462,1494,0,200
1087,1462,1491,0,185
1088,1462,1492,0,192
1089,1462,1492,0,191
1090,1463,1489,0,186
1091,1463,1491,0,185
1092,1464,1491,0,186
1093,1463,1492,0,191
1094,1464,1493,0,191
1095,1464,1492,0,191
1096,1465,1492,0,190
1097,1464,1492,0,193
1098,1465,1491,0,193
1099,1465,1489,0,193
1100,1463,1486,0,190
1101,1462,1486,0,195
1102,1463,1485,0,195
1103,1467,1484,0,207
1104,1465,1480,0,220
1105,1464,1474,0,212
1106,1461,1474,0,216
1107,1457,1477,0,219
1108,1452,1481,0,221
1109,1450,1484,0,224
1110,1450,1486,0,224
1111,1450,1487,0,230
1112,1448,1487,0,240
1114,1447,1494,0,255
1115,1447,1493,0,256
1116,1446,1493,0,254
1117,1445,1494,0,254
1118,1443,1495,0,261
1119,1443,1490,0,267
1120,1443,1488,0,259
1121,1443,1488,0,258
1122,1444,1488,0,255
1123,1445,1489,0,254
1124,1445,1489,0,255
1125,1447,1489,0,252
1126,1449,1491,0,244
1127,1451,1490,0,241
1128,1451,1486,0,225
1129,1447,1488,0,201
1130,1450,1494,0,196
1131,1451,1488,0,189
1132,1457,1488,0,198
1133,1465,1486,0,201
1134,1467,1485,0,201
1135,1469,1486,0,204
1136,1469,1487,0,196
1137,1468,1487,0,189
1138,1469,1489,0,192
1139,1468,1490,0,184
1140,1468,1494,0,186
1141,1464,1496,0,177
1142,1467,1499,0,179
1143,1466,1499,0,173
1144,1467,1498,0,172
1145,1468,1501,0,179
1146,1473,1501,0,175
1147,1476,1503,0,178
1148,1477,1503,0,180
1149,1476,1501,0,176
1150,1479,1500,0,176
1151,1482,1497,0,182
1152,1487,1493,0,173
1153,1490,1489,0,175
1154,1492,1485,0,168
1155,1493,1482,0,165
1156,1491,1485,0,164
1157,1488,1488,0,168
1158,1486,1489,0,157
1159,1487,1490,0,160
1160,1487,1489,0,167
1161,1487,1489,0,169
1162,1488,1488,0,175
1163,1487,1487,0,181
1164,1486,1485,0,183
1165,1486,1485,0,186
1166,1485,1484,0,179
1167,1485,1486,0,172
1168,1484,1488,0,172
1169,1484,1487,0,167
1170,1484,1489,0,157
1171,1485,1491,0,151
1172,1484,1493,0,152
1173,1483,1497,0,153
1174,1483,1497,0,156
1175,1482,1496,0,151
1176,1482,1496,0,151
1177,1483,1499,0,155
1178,1483,1498,0,154
1179,1482,1497,0,147
1180,1481,1498,0,147
1181,1483,1499,0,140
1182,1482,1501,0,136
1183,1482,1499,0,133
1184,1479,1499,0,142
1185,1478,1499,0,153
1186,1479,1500,0,157
1187,1479,1500,0,155
1188,1481,1498,0,169
1189,1482,1493,0,182
1190,1483,1495,0,188
1191,1483,1496,0,178
1192,1483,1495,0,171
1193,1483,1496,0,179
1194,1482,1497,0,189
1195,1484,1498,0,191
1196,1483,1494,0,194
1197,1484,1492,0,200
1198,1483,1488,0,201
1199,1485,1484,0,211
1200,1485,1482,0,219
1201,1486,1478,0,230
1202,1487,1477,0,225
1203,1488,1476,0,227
1204,1488,1475,0,222
1205,1489,1475,0,223
1206,1490,1473,0,217
1207,1492,1474,0,215
1208,1493,1475,0,211
1209,1496,1477,0,205
1210,1500,1476,0,201
1211,1499,1480,0,196
1212,1498,1479,0,186
1213,1501,1485,0,182
1214,1502,1492,0,186
1215,1504,1489,0,190
1216,1505,1487,0,186
1217,1507,1487,0,185
1218,1512,1487,0,182
1219,1513,1486,0,169
1220,1511,1486,0,163
1221,1511,1486,0,155
1222,1513,1486,0,142
1223,1517,1487,0,148
1224,1520,1487,0,162
1225,1520,1487,0,162
1226,1522,1487,0,158
1227,1522,1487,0,158
1228,1523,1488,0,153
1229,1521,1489,0,158
1230,1520,1490,0,163
1231,1521,1488,0,161
1232,1526,1489,0,159
1233,1530,1490,0,165
1234,1531,1489,0,163
1235,1534,1489,0,169
1236,1533,1489,0,173
1237,1536,1490,0,183
1238,1539,1490,0,188
1239,1541,1489,0,190
1240,1542,1483,0,193
1241,1542,1481,0,189
1242,1540,1481,0,187
1243,1540,1482,0,184
1244,1542,1482,0,184
1245,1541,1485,0,177
1246,1540,1486,0,174
1247,1541,1487,0,166
1248,1542,1488,0,169
1249,1545,1489,0,173
1250,1548,1490,0,176
1251,1549,1488,0,194
1252,1549,1487,0,209
1253,1550,1485,0,220
1254,1550,1478,0,235
1255,1548,1473,0,248
1256,1543,1467,0,261
1257,1537,1463,0,270
1258,1533,1459,0,277
1259,1530,1454,0,281
1260,1528,1449,0,287
1261,1525,1447,0,294
1262,1520,1441,0,302
1263,1513,1437,0,304
1264,1511,1431,0,305
1265,1505,1431,0,305
1266,1500,1431,0,307
1267,1497,1431,0,308
1268,1496,1429,0,308
1269,1499,1432,0,318
1270,1500,1434,0,329
1271,1500,1431,0,324
1272,1495,1427,0,322
1273,1487,1425,0,312
1274,1480,1424,0,310
1275,1477,1423,0,296
1276,1476,1422,0,296
1277,1476,1421,0,291
1278,1475,1416,0,286
1279,1475,1418,0,289
1280,1476,1417,0,298
1281,1477,1417,0,295
1282,1479,1417,0,305
1283,1479,1419,0,308
1284,1476,1422,0,303
1285,1474,1420,0,306
1286,1471,1420,0,312
1287,1470,1422,0,305
1288,1471,1422,0,314
1289,1468,1421,0,324
1290,1467,1421,0,322
1291,1464,1417,0,328
1292,1462,1410,0,333
1293,1461,1408,0,340
1294,1457,1408,0,339
1295,1455,1404,0,337
1296,1452,1406,0,343
1297,1451,1406,0,349
1298,1450,1405,0,356
1299,1451,1406,0,347
1300,1454,1406,0,344
1301,1450,1408,0,334
1302,1450,1408,0,338
1303,1450,1409,0,350
1304,1450,1411,0,335
1305,1450,1410,0,343
1306,1450,1412,0,343
1307,1449,1411,0,356
1308,1446,1413,0,6
1309,1446,1422,0,24
1310,1442,1429,0,27
1311,1439,1423,0,19
1312,1435,1422,0,14
1313,1436,1423,0,7
1314,1437,1427,0,2
1315,1440,1433,0,355
1316,1438,1437,0,358
1317,1438,1441,0,346
1318,1440,1441,0,346
1319,1443,1440,0,340
1320,1442,1439,0,342
1321,1442,1439,0,339
1322,1441,1439,0,338
1323,1439,1438,0,337
1324,1435,1436,0,330
1325,1434,1437,0,330
1326,1431,1440,0,327
1327,1434,1438,0,324
1328,1432,1435,0,324
1329,1426,1435,0,328
1330,1418,1425,0,333
1331,1415,1428,0,332
1332,1415,1429,0,332
1333,1414,1429,0,332
1334,1413,1429,0,335
1335,1409,1429,0,327
1336,1407,1424,0,333
1337,1408,1420,0,332
1338,1406,1421,0,327
1339,1401,1425,0,320
1340,1402,1428,0,305
1341,1396,1431,0,299
1342,1399,1428,0,304
1343,1398,1429,0,292
1344,1397,1428,0,286
1345,1396,1430,0,279
1346,1397,1429,0,281
1347,1396,1429,0,277
1348,1396,1427,0,274
1349,1396,1425,0,278
1350,1392,1418,0,288
1351,1385,1415,0,295
1352,1384,1414,0,288
1353,1384,1412,0,293
1354,1382,1411,0,289
1355,1382,1409,0,285
1356,1384,1411,0,292
1357,1380,1410,0,286
1358,1379,1411,0,288
1359,1379,1412,0,281
1360,1381,1407,0,288
1361,1381,1407,0,289
1362,1380,1407,0,289
1363,1379,1406,0,289
1364,1378,1404,0,283
1365,1380,1405,0,280
1366,1381,1398,0,274
1367,1385,1391,0,291
1368,1381,1385,0,288
1369,1377,1382,0,283
1370,1375,1379,0,278
1371,1374,1380,0,274
1372,1376,1383,0,265
1373,1375,1386,0,260
1374,1376,1386,0,263
1375,1373,1383,0,271
1376,1369,1381,0,293
1377,1370,1380,0,293
1378,1374,1378,0,295
1379,1375,1379,0,302
1380,1374,1379,0,304
1381,1372,1381,0,304
1382,1370,1376,0,298
1383,1366,1372,0,299
1384,1366,1372,0,302
1385,1374,1370,0,307
1386,1374,1373,0,308
1387,1376,1375,0,305
1388,1377,1368,0,319
1389,1377,1370,0,315
1390,1377,1371,0,313
1391,1374,1371,0,318
1392,1373,1369,0,323
1393,1373,1368,0,327
1394,1374,1370,0,325
1395,1375,1367,0,329
1396,1372,1368,0,333
1397,1371,1368,0,328
1398,1371,1367,0,326
1399,1371,1367,0,329
1400,1371,1367,0,330
1401,1370,1367,0,331
1402,1371,1369,0,332
1403,1371,1375,0,338
1404,1370,1374,0,333
1405,1369,1372,0,336
1406,1370,1370,0,335
1407,1369,1369,0,330
1408,1371,1368,0,329
1409,1370,1368,0,328
1410,1365,1369,0,334
1411,1366,1367,0,329
1412,1368,1366,0,330
1413,1368,1366,0,329
1414,1367,1367,0,332
1415,1367,1367,0,332
1416,1368,1371,0,329
1417,1369,1369,0,330
1418,1367,1365,0,325
1419,1368,1365,0,327
1420,1369,1366,0,328
1421,1369,1366,0,328
1422,1370,1367,0,327
1423,1370,1366,0,326
1424,1372,1365,0,315
1425,1373,1363,0,300
1426,1372,1362,0,299
1427,1371,1360,0,300
1428,1373,1350,0,287
1429,1375,1343,0,277
1430,1376,1337,0,276
1431,1377,1330,0,269
1432,1379,1322,0,267
1433,1382,1316,0,261
1434,1382,1315,0,271
1435,1385,1317,0,267
1436,1385,1318,0,264
1437,1386,1318,0,262
1438,1383,1318,0,274
1439,1382,1315,0,278
1440,1382,1314,0,282
1441,1382,1312,0,283
1442,1382,1309,0,292
1443,1384,1302,0,302
1444,1386,1300,0,293
1445,1382,1301,0,294
1446,1377,1297,0,286
1447,1376,1301,0,291
1448,1373,1302,0,282
1449,1373,1303,0,269
1450,1374,1302,0,283
1451,1373,1299,0,292
1452,1370,1294,0,296
1453,1368,1295,0,282
1454,1362,1294,0,298
1455,1359,1284,0,292
1456,1357,1276,0,284
1457,1350,1270,0,283
1458,1350,1261,0,283
1459,1352,1256,0,288
1460,1348,1251,0,278
1461,1344,1244,0,282
1462,1348,1236,0,273
1463,1342,1235,0,259
1464,1337,1232,0,259
1465,1333,1228,0,267
1466,1333,1227,0,265
1467,1331,1228,0,253
1468,1330,1230,0,247
1469,1329,1230,0,239
1470,1330,1229,0,239
1471,1329,1228,0,246
1472,1328,1228,0,243
1473,1328,1226,0,238
1474,1325,1227,0,242
1475,1327,1222,0,250
1476,1330,1217,0,248
1477,1331,1216,0,238
1478,1331,1215,0,247
1479,1331,1211,0,257
1480,1333,1208,0,258
1481,1333,1200,0,263
1482,1338,1189,0,260
1483,1339,1178,0,257
1484,1341,1165,0,248
1485,1342,1160,0,248
1486,1346,1153,0,250
1487,1345,1150,0,249
1488,1345,1146,0,253
1489,1348,1139,0,259
1490,1346,1133,0,257
1491,1348,1127,0,261
1492,1348,1125,0,261
1493,1347,1123,0,265
1494,1346,1121,0,254
1495,1341,1128,0,239
1496,1341,1123,0,236
1497,1341,1123,0,226
1498,1341,1123,0,233
1499,1343,1120,0,225
1500,1341,1120,0,222
1501,1337,1122,0,211
1502,1335,1120,0,201
1503,1335,1120,0,202
1504,1335,1118,0,217
1505,1334,1114,0,242
1506,1334,1109,0,257
1507,1333,1099,0,264
1508,1334,1089,0,270
1509,1334,1085,0,282
1510,1330,1080,0,290
1511,1323,1073,0,300
1512,1323,1066,0,315
1513,1324,1061,0,319
1514,1320,1063,0,308
1515,1319,1064,0,306
1516,1318,1059,0,303
1517,1311,1054,0,300
1518,1305,1052,0,301
1519,1298,1049,0,305
1520,1291,1046,0,306
1521,1287,1041,0,313
1522,1280,1039,0,319
1523,1272,1037,0,326
1524,1262,1029,0,325
1525,1255,1026,0,328
1526,1244,1021,0,337
1527,1240,1020,0,343
1528,1241,1025,0,332
1529,1243,1026,0,342
1530,1244,1029,0,341
1531,1244,1029,0,344
1532,1245,1026,0,354
1533,1246,1027,0,347
1534,1246,1032,0,352
1535,1246,1024,0,0
1536,1245,1021,0,1
1537,1246,1026,0,355
1538,1249,1028,0,349
1539,1251,1031,0,344
1540,1253,1030,0,346
1541,1252,1030,0,348
1542,1256,1028,0,350
1543,1255,1020,0,354
1544,1252,1017,0,349
1545,1252,1018,0,348
1546,1252,1016,0,340
1547,1250,1015,0,342
1548,1248,1011,0,350
1549,1250,1011,0,345
1550,1251,1008,0,348
1551,1252,1010,0,347
1552,1252,1011,0,345
1553,1252,1015,0,340
1554,1252,1017,0,337
1555,1252,1019,0,351
1556,1253,1018,0,351
1557,1254,1018,0,347
1558,1254,1018,0,345
1559,1256,1018,0,344
1560,1256,1019,0,346
1561,1255,1020,0,347
1562,1254,1019,0,346
1563,1253,1022,0,340
1564,1252,1024,0,342
1565,1252,1022,0,343
1566,1253,1020,0,350
1567,1252,1007,0,349
1568,1252,1016,0,339
1569,1254,1015,0,339
1570,1255,1016,0,346
1571,1257,1018,0,349
1572,1257,1018,0,351
1573,1257,1016,0,345
1574,1258,1017,0,347
1575,1258,1017,0,348
1576,1256,1017,0,348
1577,1255,1019,0,346
1578,1254,1017,0,348
1579,1254,1018,0,346
1580,1254,1014,0,348
1581,1255,1019,0,343
1582,1253,1019,0,350
1583,1252,1021,0,350
1584,1252,1022,0,349
1585,1252,1021,0,347
1586,1250,1027,0,340
1587,1250,1018,0,351
1588,1250,1023,0,345
1589,1251,1026,0,347
1590,1252,1028,0,351
1591,1251,1027,0,348
1592,1252,1026,0,348
1593,1253,1024,0,354
1594,1253,1024,0,349
1595,1253,1019,0,351
1596,1254,1020,0,352
1597,1254,1020,0,351
1598,1253,1019,0,350
1599,1252,1018,0,350
1600,1249,1017,0,345
1601,1247,1017,0,348
1602,1245,1023,0,350
1603,1243,1014,0,358
1604,1243,1016,0,359
1605,1241,1019,0,7
1606,1245,1018,0,2
1607,1250,1018,0,351
1608,1255,1021,0,349
1609,1253,1021,0,347
1610,1250,1021,0,339
1611,1253,1027,0,354
1612,1253,1027,0,351
1613,1254,1025,0,349
1614,1253,1019,0,345
1615,1254,1024,0,346
1616,1256,1021,0,352
1617,1256,1021,0,347
1618,1256,1020,0,340
1619,1256,1018,0,337
1620,1253,1015,0,330
1621,1253,1015,0,335
1622,1253,1016,0,333
1623,1253,1017,0,340
1624,1253,1016,0,342
1625,1253,1013,0,347
1626,1248,1011,0,357
1627,1239,1016,0,355
1628,1234,1021,0,7
1629,1233,1023,0,4
1630,1232,1023,0,351
1631,1230,1021,0,343
1632,1224,1019,0,351
1633,1211,1022,0,7
1634,1202,1025,0,8
1635,1196,1027,0,7
1636,1194,1027,0,0
1637,1191,1026,0,356
1638,1193,1028,0,3
1639,1186,1029,0,13
1640,1182,1030,0,9
1641,1176,1038,0,15
1642,1158,1040,0,18
1643,1155,1043,0,3
1644,1153,1040,0,354
1645,1149,1034,0,331
1646,1147,1032,0,325
1647,1153,1034,0,324
1648,1153,1032,0,321
1649,1151,1028,0,310
1650,1149,1033,0,324
1651,1151,1036,0,328
1652,1153,1037,0,330
1653,1154,1037,0,327
1654,1155,1038,0,327
1655,1156,1038,0,326
1656,1159,1039,0,325
1657,1163,1040,0,326
1658,1167,1041,0,333
1659,1169,1041,0,332
1660,1169,1041,0,334
1661,1170,1041,0,334
1662,1170,1041,0,334
1663,1170,1041,0,334
1664,1171,1041,0,336
1665,1174,1044,0,336
1666,1176,1046,0,333
1667,1173,1045,0,335
1668,1172,1047,0,335
1669,1171,1048,0,332
1670,1170,1049,0,325
1671,1169,1050,0,322
1672,1168,1049,0,320
1673,1166,1047,0,321
1674,1163,1044,0,324
1675,1164,1045,0,321
1676,1166,1048,0,313
1677,1165,1049,0,316
1678,1162,1045,0,321
1679,1157,1040,0,314
1680,1161,1046,0,316
1681,1163,1051,0,314
1682,1157,1048,0,310
1683,1149,1040,0,312
1684,1144,1039,0,303
1685,1151,1042,0,298
1686,1161,1049,0,296
1687,1168,1050,0,299
1688,1174,1053,0,288
1689,1180,1048,0,276
1690,1184,1046,0,271
1691,1189,1039,0,259
1692,1197,1032,0,253
1693,1208,1013,0,272
1694,1213,1004,0,292
1695,1211,998,0,303
1696,1201,986,0,323
1697,1201,972,0,318
1698,1196,963,0,317
1699,1192,957,0,310
1700,1196,942,0,308
1701,1197,934,0,293
1702,1192,929,0,268
1703,1194,923,0,268
1704,1201,922,0,272
1705,1202,924,0,279
1708,1188,928,0,359
1709,1176,934,0,8
1710,1168,937,0,17
1711,1160,943,0,31
1712,1150,953,0,41
1713,1146,957,0,38
1714,1141,955,0,50
1715,1136,954,0,55
1716,1136,954,0,54
1717,1135,965,0,63
1718,1135,964,0,70
1719,1132,960,0,74
1720,1129,958,0,89
1721,1129,961,0,80
1722,1127,965,0,82
1723,1126,966,0,98
1724,1126,966,0,92
1725,1128,968,0,89
1726,1126,969,0,91
1727,1126,970,0,91
1728,1125,975,0,95
1729,1123,979,0,97
1730,1119,984,0,106
1731,1119,991,0,98
1732,1122,997,0,109
1733,1120,999,0,121
1734,1118,998,0,132
1735,1121,1001,0,140
1736,1126,1008,0,134
1737,1132,1012,0,125
1738,1132,1017,0,126
1739,1136,1022,0,139
1740,1143,1026,0,154
1741,1153,1033,0,166
1742,1160,1032,0,181
1743,1160,1031,0,188
1744,1165,1030,0,194
1745,1170,1029,0,199
1746,1180,1025,0,203
1747,1190,1024,0,215
1748,1200,1021,0,224
1749,1205,1009,0,244
1750,1210,998,0,256
1751,1211,993,0,258
1752,1213,980,0,265
1753,1215,963,0,270
1754,1212,959,0,275
1755,1214,959,0,274
1756,1213,958,0,273
1757,1214,958,0,274
1758,1211,958,0,272
1759,1215,959,0,275
1760,1217,958,0,281
1761,1219,955,0,275
1762,1220,957,0,282
1763,1221,957,0,292
1764,1222,954,0,306
1765,1244,890,0,327
1766,1244,892,0,334
1767,1224,938,0,313
1768,1222,938,0,323
1769,1223,940,0,319
1770,1222,944,0,309
1771,1223,942,0,313
1772,1224,940,0,323
1773,1224,939,0,325
1774,1225,939,0,332
1775,1225,938,0,335
1776,1225,938,0,335
1777,1224,938,0,339
1778,1224,938,0,338
1779,1224,938,0,336
1780,1223,940,0,330
1781,1223,938,0,341
1782,1224,940,0,347
1783,1224,944,0,336
1784,1223,945,0,334
1785,1223,943,0,335
1786,1226,941,0,338
1787,1224,942,0,324
1788,1223,940,0,340
1789,1223,946,0,338
1790,1222,944,0,342
1791,1221,946,0,335
1792,1221,944,0,333
1793,1221,945,0,335
1794,1220,946,0,337
1795,1220,946,0,337
1796,1219,947,0,333
1797,1218,945,0,333
1798,1218,944,0,336
1799,1217,944,0,336
1800,1217,943,0,334
1801,1217,943,0,331
1802,1216,944,0,327
1803,1215,946,0,328
1804,1215,948,0,324
1805,1216,948,0,327
1806,1217,947,0,333
1807,1217,943,0,338
1808,1217,944,0,333
1809,1216,942,0,337
1810,1216,942,0,331
1811,1216,941,0,332
1812,1216,940,0,334
1813,1214,938,0,337
1814,1212,936,0,339
1815,1211,937,0,333
1816,1210,935,0,333
1817,1211,935,0,334
1818,1211,933,0,344
1819,1212,932,0,346
1820,1210,932,0,344
1821,1209,929,0,348
1822,1209,928,0,345
1823,1208,926,0,348
1824,1209,929,0,337
1825,1210,931,0,331
1826,1212,934,0,326
1827,1207,931,0,330
1828,1201,927,0,333
1829,1196,922,0,326
1830,1188,917,0,335
1831,1182,913,0,339
1832,1172,911,0,344
1833,1165,908,0,339
1834,1155,905,0,341
1835,1148,905,0,340
1836,1143,903,0,338
1837,1132,896,0,342
1838,1123,890,0,327
1839,1119,885,0,328
1840,1119,886,0,329
1841,1122,888,0,328
1842,1125,889,0,328
1843,1127,889,0,329
1844,1125,888,0,338
1845,1116,882,0,330
1846,1108,877,0,334
1847,1102,870,0,335
1848,1094,865,0,336
1849,1084,862,0,340
1850,1069,862,0,348
1851,1063,861,0,349
1852,1064,855,0,341
1853,1063,849,0,347
1854,1066,843,0,1
1855,1061,840,0,12
1856,1060,833,0,34
1857,1058,830,0,40
1858,1058,830,0,52
1859,1061,826,0,54
1860,1063,829,0,56
1861,1063,834,0,52
1862,1064,838,0,53
1863,1062,845,0,60
1864,1058,849,0,59
1865,1058,853,0,57
1866,1057,851,0,59
1867,1056,850,0,51
1868,1057,848,0,52
1869,1058,850,0,58
1870,1057,852,0,61
1871,1055,859,0,67
1872,1061,858,0,68
1873,1065,853,0,63
1874,1062,853,0,62
1875,1059,856,0,63
1876,1053,862,0,61
1877,1050,863,0,58
1878,1056,861,0,60
1879,1059,860,0,59
1880,1065,863,0,51
1881,1069,866,0,45
1882,1070,870,0,23
1883,1073,874,0,11
1884,1070,878,0,6
1885,1066,881,0,356
1886,1059,881,0,354
1887,1051,878,0,346
1888,1047,882,0,337
1889,1044,879,0,324
1890,1040,871,0,311
1891,1038,861,0,301
1892,1034,857,0,302
1893,1030,854,0,316
1894,1029,851,0,327
1895,1030,851,0,339
1896,1032,852,0,346
1897,1033,857,0,357
1898,1033,863,0,8
1899,1028,871,0,29
1900,1027,882,0,39
1901,1023,893,0,43
1902,1021,896,0,53
1903,1018,898,0,51
1904,1019,898,0,42
1905,1022,903,0,29
1906,1023,905,0,28
1907,1022,908,0,28
1908,1023,912,0,30
1909,1024,916,0,25
1910,1023,919,0,25
1911,1020,920,0,25
1912,1019,924,0,18
1913,1020,925,0,21
1914,1020,925,0,26
1915,1019,925,0,30
1916,1019,923,0,29
1917,1016,922,0,34
1918,1012,922,0,29
1919,1011,922,0,21
1920,1005,918,0,20
1921,1001,921,0,14
1922,996,924,0,16
1923,997,932,0,23
1924,994,933,0,22
1925,991,937,0,35
1926,983,940,0,45
1927,980,944,0,40
1928,976,952,0,36
1929,972,956,0,37
1930,969,963,0,46
1931,964,972,0,50
1932,960,976,0,50
1933,954,981,0,50
1934,953,987,0,65
1935,956,998,0,72
1936,953,1002,0,72
1937,949,1005,0,71
1938,945,1009,0,59
1939,943,1017,0,48
1940,942,1027,0,37
1941,942,1029,0,30
1942,939,1035,0,38
1943,929,1040,0,41
1944,924,1045,0,43
1945,917,1048,0,36
1946,913,1046,0,37
1947,910,1048,0,22
1948,901,1050,0,20
1949,893,1050,0,13
1950,887,1053,0,15
1951,885,1060,0,11
1952,879,1059,0,9
1953,870,1058,0,2
1954,865,1057,0,357
1955,859,1059,0,357
1956,853,1062,0,2
1957,847,1064,0,7
1958,843,1059,0,10
1959,836,1058,0,11
1960,828,1053,0,6
1961,818,1055,0,5
1962,812,1047,0,3
1963,804,1043,0,359
1964,798,1045,0,6
1965,791,1048,0,4
1966,784,1049,0,7
1967,778,1057,0,13
1968,772,1061,0,14
1969,764,1066,0,25
1970,756,1070,0,32
1971,747,1077,0,38
1972,741,1080,0,39
1973,739,1082,0,42
1974,737,1084,0,47
1975,734,1088,0,46
1976,731,1086,0,41
1977,725,1087,0,28
1978,720,1091,0,22
1979,712,1089,0,10
1980,706,1090,0,8
1981,701,1090,0,9
1982,694,1092,0,18
1983,689,1095,0,23
1984,683,1098,0,19
1985,678,1101,0,28
1986,676,1107,0,53
1987,675,1111,0,50
1988,674,1115,0,46
1989,672,1119,0,47
1990,668,1124,0,52
1991,664,1130,0,61
1992,663,1132,0,49
1993,662,1129,0,44
1994,660,1130,0,37
1995,657,1136,0,41
1996,657,1139,0,35
1997,656,1139,0,27
1998,655,1139,0,17
1999,650,1142,0,17
2000,644,1143,0,18
2001,641,1144,0,14
2002,636,1145,0,8
2003,634,1148,0,8
2004,628,1148,0,6
2005,624,1144,0,1
2006,620,1149,0,359
2007,617,1152,0,11
2008,612,1156,0,6
2009,604,1157,0,9
2010,597,1157,0,9
2011,593,1158,0,14
2012,587,1161,0,14
2013,578,1160,0,15
2014,568,1157,0,8
2015,561,1161,0,359
2016,554,1159,0,0
2017,550,1158,0,355
2018,545,1157,0,337
2019,541,1159,0,346
2020,536,1158,0,334
2021,530,1161,0,328
2022,530,1160,0,315
2023,532,1158,0,313
2024,535,1156,0,305
2025,537,1155,0,300
2026,536,1155,0,297
2027,537,1155,0,285
2028,543,1150,0,298
2029,541,1151,0,297
2030,537,1153,0,297
2031,534,1146,0,297
2032,531,1141,0,294
2033,528,1133,0,293
2034,520,1131,0,281
2035,518,1134,0,277
2036,514,1136,0,265
2037,509,1133,0,264
2038,508,1132,0,267
2039,506,1128,0,274
2040,503,1126,0,274
2041,498,1125,0,270
2042,497,1125,0,268
2043,493,1124,0,263
2044,488,1123,0,256
2045,487,1123,0,258
2046,486,1123,0,251
2047,488,1122,0,251
2048,487,1121,0,257
2049,487,1121,0,263
2050,485,1123,0,269
2051,480,1130,0,304
2052,477,1128,0,313
2053,474,1123,0,305
2054,473,1118,0,310
2055,466,1111,0,320
2056,460,1105,0,325
2057,450,1103,0,338
2058,441,1100,0,350
2059,434,1099,0,357
2060,419,1099,0,14
2061,407,1105,0,18
2062,403,1110,0,28
2063,402,1107,0,33
2064,401,1104,0,39
2065,400,1103,0,36
2066,400,1102,0,31
2067,401,1102,0,32
2068,403,1104,0,36
2069,403,1104,0,44
2070,403,1102,0,40
2071,402,1100,0,33
2072,403,1098,0,30
2073,403,1101,0,23
2074,404,1102,0,21
2075,402,1101,0,23
2076,395,1099,0,15
2077,390,1101,0,11
2078,384,1105,0,7
2079,380,1108,0,4
2080,379,1108,0,357
2081,378,1111,0,349
2082,378,1110,0,357
2083,376,1111,0,356
2084,369,1111,0,355
2085,365,1111,0,0
2086,361,1110,0,6
2087,358,1108,0,6
2088,354,1110,0,0
2089,351,1109,0,8
2090,353,1114,0,5
2091,357,1119,0,5
2092,362,1120,0,17
2093,365,1122,0,26
2094,366,1120,0,56
2095,366,1123,0,67
2096,367,1123,0,68
2097,364,1126,0,70
2098,365,1126,0,75
2099,360,1132,0,79
2100,356,1137,0,68
2101,351,1139,0,74
2102,349,1144,0,65
2103,350,1154,0,57
2104,347,1159,0,54
2105,346,1160,0,48
2106,348,1161,0,50
2107,346,1163,0,50
2108,341,1167,0,48
2109,337,1170,0,48
2110,336,1174,0,45
2111,335,1178,0,40
2112,335,1176,0,44
2113,338,1172,0,52
2114,339,1171,0,55
2115,340,1173,0,57
2116,341,1178,0,60
2117,339,1178,0,62
2118,337,1182,0,62
2119,335,1183,0,66
2120,337,1185,0,73
2121,341,1180,0,74
2122,343,1177,0,78
2123,343,1175,0,63
2124,350,1179,0,57
2125,347,1185,0,61
2126,342,1187,0,66
2127,339,1187,0,64
2128,335,1193,0,69
2129,334,1196,0,62
2130,335,1208,0,63
2131,332,1212,0,57
2132,322,1218,0,62
2133,317,1224,0,44
2134,310,1227,0,51
2135,306,1231,0,51
2136,302,1235,0,44
2137,297,1240,0,35
2138,291,1243,0,35
2139,287,1247,0,32
2140,287,1249,0,29
2141,286,1249,0,24
2142,287,1245,0,358
2143,287,1240,0,351
2144,288,1238,0,338
2145,290,1230,0,323
2146,289,1229,0,309
2147,287,1227,0,309
2148,289,1229,0,296
2149,289,1228,0,290
2150,289,1226,0,291
2151,286,1229,0,284
2152,286,1230,0,279
2153,287,1232,0,267
2154,286,1232,0,260
2155,284,1228,0,244
2156,280,1226,0,214
2157,280,1226,0,210
2158,288,1229,0,200
2159,295,1229,0,204
2160,302,1233,0,199
2161,301,1232,0,190
2162,300,1232,0,191
2163,305,1235,0,170
2164,309,1240,0,171
2165,315,1238,0,167
2166,315,1241,0,155
2167,319,1240,0,150
2168,318,1239,0,148
2169,317,1240,0,152
2170,318,1240,0,143
2171,321,1253,0,124
2172,326,1259,0,123
2173,326,1263,0,125
2174,329,1264,0,133
2175,335,1270,0,142
2176,345,1272,0,147
2177,349,1276,0,150
2178,360,1279,0,149
2179,366,1284,0,155
2180,376,1283,0,166
2181,384,1287,0,167
2182,388,1289,0,179
2183,393,1288,0,164
2184,397,1289,0,169
2185,404,1293,0,174
2186,412,1299,0,197
2187,417,1300,0,206
2188,416,1295,0,204
2189,416,1295,0,204
2190,419,1294,0,189
2191,427,1295,0,189
2192,436,1296,0,192
2193,441,1296,0,192
2194,446,1295,0,191
2195,458,1292,0,195
2196,468,1291,0,197
2197,474,1285,0,192
2198,478,1291,0,208
2199,477,1285,0,220
2200,482,1279,0,230
2201,488,1277,0,242
2202,493,1267,0,246
2203,500,1258,0,240
2204,504,1250,0,228
2205,512,1243,0,219
2206,516,1237,0,212
2207,520,1234,0,204
2208,530,1232,0,193
2209,538,1230,0,190
2210,548,1230,0,175
2211,555,1226,0,179
2212,567,1221,0,169
2213,574,1220,0,168
2214,575,1223,0,166
2215,579,1222,0,169
2216,595,1223,0,168
2217,598,1220,0,170
2218,603,1222,0,185
2219,603,1223,0,195
2220,602,1224,0,196
2221,604,1223,0,189
2222,602,1221,0,193
2223,602,1218,0,209
2224,606,1218,0,203
2225,611,1213,0,206
2226,615,1210,0,211
2227,620,1207,0,217
2228,626,1208,0,219
2229,630,1202,0,216
2230,636,1197,0,221
2231,646,1190,0,222
2232,655,1184,0,217
2233,666,1177,0,219
2234,676,1168,0,210
2235,687,1165,0,209
2236,692,1162,0,209
2237,695,1166,0,196
2238,699,1167,0,191
2239,696,1158,0,184
2242,689,1134,0,127
2243,690,1128,0,125
2244,695,1120,0,118
2245,698,1111,0,105
2246,698,1103,0,94
2247,700,1096,0,86
2248,696,1090,0,68
2249,691,1086,0,56
2250,690,1086,0,39
2251,684,1085,0,29
2252,674,1085,0,25
2253,670,1086,0,28
2254,666,1090,0,21
2255,666,1086,0,18
2256,665,1084,0,7
2257,663,1083,0,6
2258,663,1086,0,4
2259,661,1092,0,7
2260,657,1089,0,3
2261,648,1091,0,1
2262,643,1094,0,10
2263,642,1094,0,17
2264,646,1087,0,24
2265,643,1088,0,33
2266,641,1094,0,52
2267,640,1098,0,79
2268,637,1108,0,55
2269,643,1100,0,92
2270,636,1099,0,99
2271,635,1095,0,93
2272,636,1093,0,97
2273,636,1095,0,105
2274,639,1095,0,102
2275,643,1095,0,103
2278,639,1106,0,75
2279,641,1102,0,61
2280,641,1101,0,36
2281,638,1100,0,33
2282,632,1104,0,22
2283,630,1104,0,9
2284,628,1105,0,2
2285,620,1102,0,351
2286,616,1104,0,350
2287,611,1100,0,326
2288,610,1092,0,321
2289,608,1087,0,309
2290,611,1082,0,300
2291,605,1078,0,287
2292,605,1075,0,284
2293,606,1069,0,287
2294,605,1058,0,292
2295,603,1053,0,289
2296,604,1047,0,285
2297,604,1046,0,276
2298,604,1044,0,260
2299,619,1039,0,238
2300,625,1037,0,237
2301,628,1034,0,243
2302,626,1035,0,249
2303,623,1035,0,248
2304,627,1029,0,248
2305,634,1025,0,248
2306,638,1021,0,245
2307,636,1015,0,239
2308,641,1012,0,239
2309,641,1011,0,244
2310,641,1008,0,240
2311,644,1004,0,232
2312,648,998,0,235
2313,658,988,0,233
2314,664,980,0,235
2315,665,976,0,240
2316,674,967,0,237
2317,681,966,0,237
2318,686,962,0,228
2319,688,957,0,227
2320,694,953,0,222
2321,701,948,0,220
2322,714,943,0,207
2323,720,940,0,202
2324,724,933,0,207
2325,734,928,0,216
2326,738,921,0,223
2327,745,915,0,240
2328,746,910,0,242
2329,749,910,0,244
2330,749,907,0,241
2331,749,907,0,241
2332,749,908,0,243
2333,750,907,0,246
2334,753,907,0,245
2335,749,913,0,244
2336,751,914,0,230
2337,760,909,0,214
2338,771,904,0,210
2339,780,900,0,204
2340,787,900,0,213
2341,788,891,0,206
2342,790,892,0,207
2343,796,887,0,213
2344,798,878,0,227
2345,800,876,0,222
2346,806,875,0,212
2347,818,872,0,195
2348,824,877,0,171
2349,828,887,0,136
2350,829,898,0,128
2351,836,909,0,143
2352,844,913,0,140
2353,846,919,0,154
2354,844,917,0,153
2355,845,920,0,146
2356,849,919,0,150
2357,848,922,0,155
2358,851,928,0,124
2359,852,933,0,113
2360,851,937,0,119
2361,858,948,0,112
2362,856,957,0,111
2363,860,963,0,108
2364,867,972,0,116
2365,876,976,0,122
2366,875,975,0,127
2367,876,977,0,141
2368,880,980,0,151
2369,883,984,0,152
2370,885,987,0,147
2371,889,990,0,142
2372,888,992,0,138
2373,890,992,0,158
2374,894,988,0,169
2375,895,986,0,181
2376,898,985,0,192
2377,903,982,0,189
2378,911,976,0,184
2379,914,974,0,194
2380,914,977,0,201
2381,915,976,0,217
2382,917,975,0,223
2383,919,973,0,224
2384,919,973,0,217
2385,925,970,0,209
2386,928,973,0,199
2387,930,977,0,192
2388,931,972,0,196
2389,934,973,0,191
2390,934,976,0,185
2391,936,979,0,178
2392,939,982,0,167
2393,938,981,0,148
2394,942,987,0,137
2395,950,988,0,141
2396,954,992,0,141
2397,961,995,0,137
2398,966,1001,0,132
2399,970,1001,0,135
2400,973,1000,0,141
2401,972,1001,0,152
2402,979,1006,0,163
2403,990,1010,0,169
2404,998,1005,0,185
2405,1011,1004,0,193
2406,1017,1010,0,183
2407,1022,1008,0,172
2408,1025,1009,0,179
2409,1036,1011,0,181
2410,1050,1012,0,193
2411,1059,1011,0,171
2412,1070,1019,0,159
2413,1076,1020,0,175
2414,1084,1018,0,190
2415,1094,1016,0,201
2416,1101,1014,0,195
2417,1102,1010,0,203
2418,1103,1010,0,200
2419,1106,1013,0,185
2420,1108,1017,0,172
2421,1117,1016,0,165
2422,1120,1019,0,169
2423,1118,1013,0,161
2424,1115,1010,0,154
2425,1116,1011,0,148
2426,1116,1011,0,146
2427,1115,1011,0,146
2428,1114,1011,0,145
2429,1114,1011,0,145
2430,1113,1011,0,145
2431,1112,1012,0,149
2432,1112,1012,0,149
2433,1112,1011,0,149
2434,1112,1011,0,149
2435,1112,1011,0,152
2436,1111,1012,0,151
2437,1111,1012,0,151
2438,1111,1012,0,152
2439,1111,1013,0,151
2440,1111,1013,0,153
2441,1111,1013,0,155
2442,1111,1013,0,154
2443,1111,1014,0,154
2444,1111,1014,0,153
2445,1111,1014,0,155
2446,1112,1014,0,153
2447,1112,1015,0,153
2448,1112,1015,0,155
2449,1112,1015,0,154
2450,1112,1015,0,156
2451,1111,1015,0,154
2452,1112,1015,0,157
2453,1110,1014,0,159
2454,1111,1015,0,161
2455,1112,1016,0,164
2456,1116,1016,0,170
2457,1119,1018,0,174
2458,1123,1021,0,174
2459,1127,1023,0,174
2460,1131,1023,0,180
2461,1141,1022,0,191
2462,1146,1022,0,192
2463,1148,1021,0,195
2464,1152,1021,0,198
2465,1156,1022,0,203
2466,1156,1021,0,195
2467,1154,1019,0,182
2468,1150,1019,0,178
2469,1150,1019,0,180
2470,1148,1017,0,164
2471,1147,1015,0,146
2472,1147,1016,0,141
2473,1147,1020,0,125
2474,1150,1023,0,141
2475,1155,1028,0,147
2476,1157,1031,0,155
2477,1158,1032,0,153
2478,1156,1029,0,151
2479,1159,1031,0,154
2480,1159,1034,0,152
2481,1165,1038,0,158
2482,1170,1035,0,171
2483,1181,1037,0,177
2484,1192,1038,0,162
2485,1206,1043,0,162
2486,1212,1044,0,163
2487,1222,1045,0,162
2488,1228,1049,0,156
2489,1233,1050,0,154
2490,1240,1052,0,141
2491,1239,1059,0,133
2492,1238,1069,0,133
2493,1240,1079,0,126
2494,1243,1085,0,120
2495,1254,1095,0,122
2496,1264,1100,0,107
2497,1263,1104,0,115
2498,1265,1119,0,139
2499,1270,1130,0,138
2500,1278,1134,0,143
2501,1289,1145,0,137
2502,1294,1154,0,132
2503,1300,1164,0,132
2504,1301,1163,0,129
2505,1306,1159,0,124
2506,1315,1150,0,102
2507,1319,1141,0,90
2508,1318,1141,0,73
2509,1315,1142,0,68
2510,1310,1149,0,45
2511,1307,1152,0,40
2512,1301,1154,0,30
2513,1299,1156,0,38
2514,1302,1156,0,59
2515,1306,1152,0,59
2516,1306,1150,0,65
2517,1307,1154,0,75
2518,1308,1159,0,81
2519,1306,1163,0,95
2520,1309,1167,0,120
2521,1313,1170,0,136
2522,1314,1167,0,141
2523,1317,1170,0,143
2524,1326,1176,0,151
2525,1332,1183,0,175
2526,1343,1189,0,166
2527,1355,1194,0,181
2528,1349,1193,0,179
2529,1348,1191,0,173
2530,1348,1192,0,183
2531,1347,1192,0,183
2532,1349,1191,0,194
2533,1349,1187,0,207
2534,1349,1186,0,210
2535,1349,1187,0,199
2536,1353,1203,0,209
2537,1352,1207,0,202
2538,1355,1207,0,186
2539,1361,1208,0,182
2540,1362,1209,0,162
2541,1363,1211,0,158
2542,1364,1208,0,156
2543,1363,1210,0,145
2544,1364,1213,0,146
2545,1366,1216,0,137
2546,1371,1219,0,136
2547,1371,1219,0,151
2548,1368,1205,0,142
2549,1365,1205,0,142
2550,1362,1207,0,158
2551,1363,1206,0,158
2552,1361,1210,0,165
2553,1362,1206,0,159
2554,1367,1203,0,147
2555,1375,1197,0,138
2556,1381,1196,0,110
2557,1386,1194,0,110
2558,1394,1196,0,100
2559,1390,1200,0,91
2560,1391,1208,0,56
2561,1389,1212,0,37
2562,1385,1215,0,27
2563,1382,1214,0,18
2564,1377,1214,0,5
2565,1372,1220,0,349
2566,1368,1222,0,340
2567,1354,1221,0,317
2568,1350,1219,0,306
2569,1342,1218,0,285
2570,1349,1218,0,270
2571,1348,1215,0,264
2572,1347,1219,0,262
2573,1347,1228,0,271
2574,1343,1231,0,256
2575,1337,1234,0,253
2576,1338,1233,0,244
2577,1334,1236,0,253
2578,1333,1234,0,245
2579,1333,1234,0,243
2580,1334,1231,0,243
2581,1338,1224,0,244
2582,1347,1223,0,241
2583,1354,1221,0,239
2584,1354,1216,0,241
2585,1360,1213,0,238
2586,1364,1209,0,232
2587,1374,1205,0,229
2588,1376,1204,0,212
2589,1383,1206,0,212
2590,1380,1206,0,215
2591,1378,1208,0,219
2592,1378,1211,0,231
2593,1379,1209,0,227
2594,1378,1209,0,231
2595,1376,1203,0,249
2596,1381,1199,0,253
2597,1388,1193,0,252
2598,1390,1186,0,254
2599,1394,1173,0,240
2600,1399,1174,0,221
2601,1400,1172,0,214
2602,1403,1172,0,204
2603,1409,1169,0,217
2604,1410,1165,0,216
2605,1407,1164,0,217
2606,1407,1162,0,208
2607,1407,1163,0,200
2608,1406,1160,0,194
2609,1406,1158,0,195
2610,1411,1159,0,214
2611,1412,1153,0,218
2612,1412,1150,0,222
2613,1410,1148,0,224
2614,1406,1146,0,219
2615,1400,1146,0,211
2616,1395,1147,0,212
2617,1389,1143,0,202
2618,1394,1140,0,196
2619,1392,1137,0,185
2620,1398,1129,0,183
2621,1400,1128,0,181
2622,1405,1124,0,177
2625,1438,1096,0,103
2626,1441,1094,0,106
2627,1440,1093,0,109
2628,1442,1096,0,113
2629,1444,1100,0,119
2630,1447,1100,0,131
2631,1451,1100,0,131
2632,1451,1099,0,133
2633,1452,1096,0,147
2634,1450,1090,0,139
2635,1446,1088,0,128
2636,1444,1092,0,129
2637,1447,1104,0,129
2638,1450,1112,0,126
2639,1449,1116,0,122
2640,1452,1127,0,109
2641,1456,1140,0,101
2642,1448,1142,0,95
2643,1450,1144,0,101
2644,1450,1142,0,118
2645,1456,1138,0,122
2646,1461,1136,0,136
2647,1465,1139,0,145
2648,1475,1146,0,143
2649,1474,1151,0,143
2650,1473,1156,0,134
2651,1484,1166,0,138
2652,1488,1173,0,137
2653,1491,1180,0,147
2654,1501,1179,0,164
2655,1506,1182,0,168
2656,1513,1184,0,173
2657,1511,1184,0,183
2658,1506,1180,0,193
2659,1507,1178,0,190
2660,1508,1180,0,172
2661,1512,1182,0,166
2662,1516,1184,0,164
2663,1520,1189,0,153
2664,1522,1194,0,138
2665,1524,1196,0,142
2666,1525,1196,0,139
2667,1525,1198,0,137
2668,1525,1200,0,133
2669,1534,1211,0,129
2670,1544,1212,0,118
2671,1553,1210,0,113
2672,1556,1218,0,97
2673,1561,1222,0,89
2674,1566,1225,0,96
2675,1568,1230,0,96
2676,1567,1227,0,104
2677,1568,1226,0,108
2678,1569,1229,0,120
2679,1571,1232,0,127
2680,1569,1231,0,123
2681,1568,1234,0,109
2682,1565,1238,0,102
2683,1556,1237,0,97
2684,1554,1242,0,90
2685,1553,1247,0,74
2686,1555,1241,0,71
2687,1554,1243,0,64
2688,1551,1242,0,59
2689,1551,1246,0,64
2690,1547,1251,0,62
2691,1542,1251,0,55
2692,1539,1253,0,53
2693,1536,1250,0,63
2694,1530,1249,0,72
2695,1530,1254,0,89
2696,1530,1259,0,102
2697,1532,1257,0,110
2698,1531,1258,0,123
2699,1534,1256,0,130
2700,1539,1252,0,147
2701,1543,1251,0,157
2702,1546,1250,0,172
2703,1546,1248,0,182
2704,1549,1250,0,196
2705,1550,1250,0,193
2706,1553,1249,0,192
2707,1559,1249,0,186
2708,1560,1249,0,179
2709,1559,1244,0,176
2710,1561,1249,0,176
2711,1564,1249,0,185
2712,1566,1249,0,179
2713,1574,1249,0,183
2714,1576,1252,0,184
2715,1580,1255,0,181
2716,1589,1261,0,172
2717,1593,1264,0,170
2718,1597,1263,0,172
2719,1608,1263,0,182
2720,1613,1265,0,184
2721,1620,1267,0,186
2722,1629,1266,0,182
2723,1635,1264,0,184
2724,1631,1262,0,194
2725,1629,1263,0,197
2726,1629,1260,0,205
2727,1631,1256,0,210
2728,1633,1251,0,221
2729,1636,1250,0,220
2730,1636,1252,0,228
2731,1637,1252,0,233
2732,1637,1250,0,241
2733,1639,1246,0,242
2734,1640,1246,0,248
2735,1642,1242,0,249
2736,1642,1239,0,254
2737,1643,1239,0,254
2738,1651,1238,0,259
2739,1658,1231,0,278
2740,1656,1230,0,268
2741,1656,1226,0,261
2742,1657,1222,0,240
2743,1660,1217,0,230
2744,1664,1215,0,220
2745,1671,1203,0,220
2746,1673,1199,0,223
2747,1684,1191,0,237
2748,1685,1186,0,244
2749,1685,1185,0,239
2750,1688,1184,0,241
2751,1694,1179,0,234
2752,1701,1174,0,238
2753,1702,1168,0,239
2754,1702,1162,0,248
2755,1707,1153,0,249
2756,1712,1143,0,256
2757,1707,1140,0,259
2758,1703,1133,0,269
2759,1704,1127,0,266
2760,1704,1121,0,258
2761,1702,1123,0,266
2762,1699,1123,0,267
2763,1699,1123,0,268
2764,1699,1124,0,267
2765,1698,1123,0,266
2766,1698,1122,0,261
2767,1700,1116,0,262
2768,1702,1108,0,260
2769,1700,1101,0,260
2770,1701,1096,0,264
2771,1702,1094,0,271
2772,1702,1091,0,271
2773,1703,1090,0,272
2774,1703,1087,0,272
2775,1703,1086,0,271
2776,1702,1084,0,269
2777,1701,1085,0,266
2778,1700,1083,0,263
2779,1698,1085,0,260
2780,1696,1092,0,257
2781,1692,1085,0,243
2782,1692,1081,0,236
2783,1693,1077,0,231
2784,1692,1076,0,229
2785,1694,1079,0,240
2786,1692,1078,0,252
2787,1692,1073,0,250
2788,1692,1072,0,246
2789,1693,1073,0,233
2790,1695,1075,0,226
2791,1694,1074,0,222
2792,1693,1078,0,220
2793,1691,1079,0,218
2794,1693,1080,0,207
2795,1692,1079,0,198
2796,1691,1079,0,206
2797,1691,1076,0,213
2798,1690,1072,0,228
2799,1692,1069,0,225
2800,1699,1067,0,214
2801,1707,1062,0,219
2802,1709,1062,0,213
2803,1716,1063,0,212
2804,1723,1057,0,214
2805,1724,1057,0,214
2806,1723,1055,0,216
2807,1726,1051,0,231
2808,1727,1049,0,234
2809,1727,1046,0,242
2810,1729,1042,0,246
2811,1734,1040,0,238
2812,1737,1040,0,230
2813,1730,1034,0,239
2814,1729,1030,0,218
2815,1729,1027,0,209
2816,1731,1025,0,211
2817,1735,1023,0,216
2818,1744,1018,0,214
2819,1746,1015,0,210
2820,1749,1014,0,201
2821,1752,1011,0,201
2822,1754,1010,0,201
2823,1762,1006,0,203
2824,1769,1002,0,199
2825,1772,1003,0,186
2826,1773,1006,0,178
2827,1774,1004,0,173
2828,1777,998,0,161
2829,1777,997,0,156
2830,1775,998,0,160
2831,1776,998,0,166
2832,1777,998,0,163
2833,1780,1001,0,163
2834,1781,999,0,159
2835,1782,998,0,156
2836,1786,999,0,153
2837,1789,1002,0,160
2838,1792,1005,0,164
2839,1791,1005,0,164
2840,1793,1003,0,162
2841,1796,1005,0,165
2842,1798,1004,0,160
2843,1799,1005,0,169
2844,1800,1005,0,172
2845,1806,1006,0,157
2846,1806,1008,0,158
2847,1807,1006,0,166
2848,1810,1006,0,169
2849,1813,1009,0,161
2850,1816,1010,0,161
2851,1823,1011,0,162
2852,1828,1012,0,157
2853,1830,1017,0,155
2854,1835,1017,0,142
2855,1837,1021,0,133
2856,1840,1024,0,122
2857,1839,1026,0,131
2858,1840,1026,0,134
2859,1839,1024,0,135
2860,1836,1021,0,144
2861,1837,1021,0,143
2862,1837,1023,0,138
2863,1836,1020,0,150
2864,1836,1021,0,164
2865,1845,1020,0,176
2866,1852,1019,0,174
2867,1855,1020,0,174
2868,1862,1019,0,177
2869,1864,1020,0,177
2870,1869,1023,0,184
2871,1875,1020,0,179
2872,1879,1020,0,176
2873,1880,1018,0,176
2874,1881,1019,0,179
2875,1882,1016,0,181
2876,1884,1011,0,187
2877,1883,1010,0,186
2878,1894,1012,0,181
2879,1896,1014,0,179
2880,1901,1020,0,169
2881,1906,1021,0,163
2882,1910,1014,0,169
2883,1916,1014,0,179
2884,1924,1012,0,184
2885,1932,1015,0,192
2886,1935,1014,0,188
2887,1934,1012,0,188
2888,1931,1010,0,187
2889,1926,1011,0,190
2890,1922,1011,0,194
2891,1925,1008,0,197
2892,1923,1008,0,199
2893,1924,1007,0,201
2894,1923,1009,0,198
2895,1923,1009,0,198
2896,1922,1008,0,196
2897,1924,1008,0,195
2898,1926,1008,0,203
2899,1928,1007,0,203
2900,1934,1007,0,205
2901,1938,1004,0,204
2902,1938,1001,0,202
2903,1938,1000,0,199
2904,1937,1000,0,202
2905,1937,998,0,207
2906,1940,997,0,203
2907,1941,998,0,198
2908,1938,997,0,212
2909,1939,994,0,217
2910,1948,996,0,206
2911,1955,994,0,215
2912,1955,989,0,219
2913,1958,990,0,221
2914,1961,986,0,219
2915,1959,984,0,226
2916,1958,980,0,215
2917,1961,977,0,211
2918,1964,976,0,215
2919,1971,972,0,215
2920,1974,969,0,211
2921,1975,967,0,207
2922,1980,964,0,210
2923,1986,964,0,229
2924,1986,961,0,230
2925,1993,955,0,233
2926,1996,949,0,240
2927,1999,943,0,250
2928,1997,935,0,253
2929,1999,924,0,252
2930,2000,914,0,255
2931,2005,904,0,256
2932,2008,898,0,262
2933,2003,891,0,281
2934,1997,886,0,281
2935,2001,879,0,291
2936,1997,879,0,290
2937,1988,874,0,289
2938,1983,866,0,296
2939,1980,868,0,292
2940,1977,866,0,293
2941,1975,865,0,289
2942,1976,860,0,283
2943,1978,850,0,280
2944,1975,848,0,278
2945,1973,845,0,278
2946,1971,841,0,273
2947,1971,837,0,262
2948,1974,843,0,245
2949,1976,842,0,245
2950,1976,842,0,242
2951,1975,842,0,239
2952,1975,841,0,241
2953,1975,840,0,242
2954,1975,840,0,243
2955,1975,839,0,242
2956,1974,839,0,241
2957,1975,839,0,241
2958,1975,839,0,238
2959,1975,840,0,233
2960,1975,840,0,233
2961,1976,840,0,234
2962,1975,841,0,234
2963,1975,841,0,234
2964,1974,841,0,231
2965,1974,841,0,230
2966,1974,841,0,231
2967,1974,841,0,232
2968,1974,841,0,233
2969,1975,841,0,233
2970,1974,841,0,233
2971,1974,841,0,232
2972,1974,841,0,232
2973,1974,841,0,234
2974,1974,842,0,233
2975,1974,842,0,233
2976,1973,842,0,235
2977,1973,842,0,235
2978,1973,842,0,236
2979,1973,842,0,234
2980,1973,841,0,234
2981,1973,841,0,234
2982,1972,841,0,235
2983,1973,841,0,234
2984,1972,841,0,232
2985,1973,841,0,230
2986,1972,841,0,227
2987,1972,840,0,228
2988,1971,840,0,224
2989,1970,840,0,225
2990,1970,840,0,224
2991,1969,840,0,224
2992,1969,840,0,225
2993,1969,841,0,228
2994,1969,841,0,227
2995,1969,841,0,227
2996,1969,841,0,227
2997,1969,841,0,226
2998,1969,841,0,228
2999,1969,841,0,228
