0,1697,1112,0,158
1,1696,1112,0,157
2,1695,1112,0,158
3,1695,1112,0,159
4,1695,1114,0,165
5,1695,1115,0,165
6,1693,1114,0,165
7,1691,1116,0,167
8,1690,1115,0,159
9,1690,1117,0,159
10,1690,1120,0,149
11,1692,1121,0,149
12,1699,1128,0,142
13,1706,1130,0,152
14,1714,1136,0,152
15,1719,1144,0,156
16,1729,1147,0,149
17,1737,1150,0,151
18,1743,1157,0,154
19,1753,1163,0,156
20,1761,1168,0,164
21,1766,1168,0,176
22,1774,1163,0,178
23,1785,1160,0,185
24,1785,1157,0,176
25,1784,1162,0,163
26,1782,1167,0,174
27,1781,1168,0,171
28,1780,1166,0,166
29,1787,1166,0,169
30,1793,1168,0,169
31,1794,1164,0,162
32,1794,1166,0,161
33,1793,1165,0,161
34,1795,1168,0,162
35,1794,1165,0,160
36,1795,1165,0,159
37,1794,1163,0,159
38,1793,1163,0,158
39,1792,1164,0,158
40,1791,1163,0,160
41,1792,1164,0,158
42,1792,1164,0,159
43,1792,1164,0,158
44,1792,1163,0,158
45,1793,1164,0,155
46,1793,1164,0,157
47,1794,1165,0,154
48,1795,1163,0,144
49,1795,1162,0,141
50,1796,1162,0,142
51,1796,1162,0,138
52,1796,1161,0,135
53,1797,1162,0,131
54,1798,1162,0,129
55,1797,1161,0,130
56,1799,1161,0,132
57,1800,1161,0,139
58,1801,1162,0,143
59,1802,1161,0,142
60,1802,1160,0,141
61,1801,1161,0,142
62,1801,1161,0,141
63,1799,1160,0,140
64,1799,1160,0,141
65,1798,1160,0,138
66,1799,1160,0,135
67,1800,1161,0,139
68,1800,1162,0,140
69,1801,1162,0,144
70,1804,1164,0,150
71,1808,1161,0,151
72,1810,1162,0,161
73,1814,1160,0,154
74,1816,1163,0,145
75,1818,1165,0,144
76,1821,1168,0,148
77,1825,1167,0,153
78,1842,1167,0,147
79,1843,1177,0,155
80,1850,1183,0,154
81,1856,1187,0,154
82,1866,1192,0,156
83,1873,1192,0,169
84,1879,1189,0,174
85,1887,1191,0,171
86,1896,1195,0,179
87,1898,1194,0,182
88,1901,1195,0,172
89,1903,1197,0,154
90,1906,1201,0,135
91,1907,1205,0,132
92,1905,1209,0,128
93,1907,1207,0,130
94,1907,1208,0,131
95,1910,1209,0,132
96,1908,1208,0,132
97,1902,1198,0,157
98,1906,1196,0,169
99,1907,1193,0,174
100,1907,1194,0,178
101,1911,1190,0,178
102,1912,1187,0,180
103,1915,1183,0,181
104,1918,1181,0,174
105,1920,1181,0,174
106,1922,1183,0,179
107,1921,1185,0,171
108,1923,1185,0,171
109,1926,1185,0,173
110,1926,1186,0,171
111,1928,1188,0,169
112,1930,1188,0,170
113,1928,1188,0,169
114,1927,1188,0,169
115,1926,1188,0,172
116,1928,1186,0,175
117,1928,1187,0,174
118,1930,1190,0,169
119,1931,1191,0,166
120,1932,1193,0,167
121,1930,1193,0,169
122,1930,1191,0,171
123,1931,1188,0,175
124,1937,1187,0,185
125,1941,1189,0,191
126,1950,1189,0,199
127,1953,1187,0,208
128,1955,1183,0,216
129,1964,1182,0,230
130,1966,1180,0,227
131,1969,1178,0,226
132,1974,1178,0,228
133,1980,1173,0,228
134,1984,1166,0,225
135,1990,1151,0,206
136,1990,1149,0,210
137,1992,1146,0,213
138,1995,1141,0,228
139,1994,1137,0,220
140,1993,1135,0,219
141,1989,1132,0,227
142,1994,1129,0,234
143,2001,1126,0,234
144,2005,1130,0,230
145,2007,1139,0,230
146,2007,1144,0,225
147,2006,1143,0,215
148,2011,1135,0,206
149,2016,1130,0,195
150,2017,1129,0,182
151,2019,1132,0,174
152,2022,1132,0,174
153,2027,1130,0,176
154,2034,1130,0,172
155,2036,1126,0,164
156,2037,1131,0,156
157,2039,1133,0,153
158,2043,1136,0,147
159,2043,1137,0,138
160,2045,1143,0,132
161,2045,1144,0,129
162,2046,1146,0,128
163,2048,1148,0,127
164,2047,1145,0,128
165,2044,1146,0,123
166,2045,1146,0,127
167,2046,1149,0,122
168,2043,1148,0,124
169,2044,1147,0,124
170,2044,1147,0,123
171,2044,1146,0,125
172,2045,1147,0,126
173,2046,1147,0,128
174,2045,1147,0,128
175,2046,1147,0,129
176,2046,1148,0,128
177,2045,1147,0,128
178,2046,1148,0,130
179,2046,1148,0,129
180,2046,1148,0,132
181,2045,1148,0,134
182,2046,1147,0,137
183,2047,1148,0,138
184,2048,1147,0,137
185,2048,1148,0,135
186,2048,1148,0,134
187,2048,1148,0,134
188,2048,1148,0,136
189,2050,1149,0,135
190,2049,1150,0,142
191,2050,1148,0,138
192,2051,1149,0,139
193,2050,1147,0,135
194,2049,1146,0,137
195,2048,1146,0,137
196,2048,1146,0,136
197,2048,1146,0,136
198,2047,1146,0,136
199,2047,1148,0,147
200,2047,1148,0,156
201,2048,1151,0,154
202,2048,1152,0,158
203,2048,1151,0,152
204,2049,1150,0,150
205,2049,1150,0,146
206,2047,1151,0,143
207,2046,1152,0,132
208,2047,1150,0,133
209,2047,1147,0,147
210,2053,1150,0,147
211,2057,1143,0,149
212,2058,1140,0,160
213,2058,1132,0,167
214,2059,1132,0,169
215,2068,1131,0,169
216,2071,1133,0,180
217,2070,1136,0,183
218,2071,1135,0,179
219,2072,1136,0,176
220,2071,1136,0,176
221,2070,1137,0,175
222,2070,1137,0,177
223,2069,1137,0,173
224,2069,1137,0,171
225,2070,1138,0,169
226,2072,1139,0,167
227,2074,1140,0,163
228,2075,1142,0,165
229,2073,1142,0,160
230,2075,1142,0,162
231,2075,1142,0,164
232,2074,1143,0,165
233,2074,1143,0,169
234,2074,1143,0,167
235,2075,1143,0,165
236,2075,1143,0,168
237,2075,1143,0,167
238,2075,1142,0,164
239,2075,1143,0,166
240,2076,1142,0,164
241,2075,1143,0,166
242,2075,1143,0,168
243,2075,1143,0,170
244,2075,1143,0,168
245,2075,1143,0,167
246,2073,1144,0,175
247,2074,1144,0,173
248,2074,1143,0,170
249,2071,1140,0,166
250,2069,1139,0,154
251,2073,1142,0,142
252,2079,1142,0,134
253,2082,1142,0,132
254,2085,1144,0,132
255,2090,1144,0,127
256,2092,1145,0,116
257,2087,1146,0,99
258,2077,1133,0,109
267,2082,1182,0,92
268,2078,1188,0,100
269,2077,1191,0,96
270,2083,1202,0,118
271,2082,1206,0,112
272,2084,1207,0,104
273,2089,1206,0,95
274,2089,1206,0,98
275,2085,1207,0,97
276,2092,1206,0,101
277,2095,1204,0,108
278,2096,1201,0,114
279,2095,1200,0,115
280,2096,1198,0,123
281,2096,1197,0,130
282,2097,1196,0,133
283,2099,1195,0,123
284,2100,1186,0,142
285,2099,1184,0,136
286,2100,1186,0,150
287,2101,1189,0,145
288,2102,1190,0,146
289,2099,1190,0,145
290,2101,1190,0,155
291,2103,1193,0,154
292,2106,1195,0,164
293,2107,1193,0,165
294,2107,1194,0,173
295,2108,1195,0,172
296,2104,1193,0,174
297,2105,1191,0,179
298,2105,1189,0,185
299,2106,1188,0,172
300,2106,1190,0,174
301,2106,1191,0,172
302,2106,1191,0,168
303,2105,1191,0,166
304,2105,1192,0,163
305,2105,1186,0,179
306,2103,1181,0,175
307,2102,1180,0,175
308,2101,1179,0,178
309,2107,1177,0,178
310,2114,1177,0,187
311,2114,1174,0,198
312,2114,1178,0,198
313,2112,1179,0,193
314,2112,1178,0,191
315,2113,1182,0,187
316,2114,1183,0,193
317,2113,1186,0,196
318,2115,1185,0,198
319,2117,1183,0,198
320,2117,1184,0,199
321,2116,1185,0,200
322,2116,1184,0,199
323,2118,1183,0,198
324,2117,1185,0,200
325,2118,1185,0,203
326,2122,1187,0,208
327,2122,1187,0,215
328,2126,1188,0,217
329,2126,1185,0,213
330,2126,1185,0,214
331,2127,1186,0,211
332,2128,1187,0,208
333,2128,1187,0,209
334,2129,1188,0,208
335,2132,1185,0,210
336,2134,1184,0,202
337,2136,1181,0,208
338,2138,1182,0,206
339,2143,1184,0,207
340,2141,1187,0,199
341,2145,1182,0,195
342,2149,1180,0,193
343,2157,1175,0,198
344,2160,1171,0,198
345,2161,1172,0,197
346,2160,1172,0,195
347,2161,1173,0,201
348,2160,1174,0,203
349,2161,1173,0,201
350,2160,1175,0,204
351,2160,1176,0,202
352,2161,1177,0,204
353,2160,1177,0,202
354,2160,1178,0,203
355,2161,1176,0,205
356,2163,1178,0,203
357,2178,1186,0,178
358,2182,1182,0,181
359,2186,1181,0,178
360,2186,1182,0,171
361,2189,1182,0,176
362,2194,1180,0,186
363,2196,1176,0,196
364,2199,1175,0,204
365,2204,1175,0,201
366,2203,1172,0,201
367,2205,1172,0,201
368,2205,1166,0,206
369,2204,1164,0,205
370,2204,1163,0,208
371,2206,1165,0,217
372,2212,1165,0,226
373,2217,1170,0,216
374,2218,1170,0,211
375,2220,1171,0,211
376,2220,1172,0,213
377,2219,1173,0,216
378,2220,1173,0,221
379,2220,1171,0,221
380,2225,1173,0,219
381,2227,1176,0,219
382,2229,1177,0,217
383,2229,1180,0,222
384,2230,1179,0,223
385,2232,1182,0,225
386,2233,1189,0,224
387,2233,1193,0,218
388,2234,1193,0,220
389,2235,1191,0,218
390,2239,1189,0,225
391,2241,1188,0,217
392,2245,1182,0,214
393,2251,1181,0,216
394,2256,1178,0,205
395,2263,1177,0,209
396,2268,1173,0,214
397,2269,1168,0,218
398,2271,1163,0,211
402,2303,1168,0,217
403,2297,1161,0,211
404,2302,1158,0,205
405,2306,1154,0,207
406,2309,1155,0,209
407,2311,1160,0,212
408,2306,1154,0,227
409,2298,1151,0,264
410,2298,1147,0,265
411,2298,1145,0,267
412,2297,1143,0,265
413,2296,1141,0,264
414,2299,1140,0,244
415,2299,1141,0,251
416,2299,1141,0,250
417,2302,1140,0,251
418,2301,1140,0,246
419,2300,1139,0,251
420,2299,1141,0,248
421,2300,1138,0,248
422,2298,1134,0,259
423,2298,1130,0,260
424,2298,1131,0,259
425,2298,1129,0,256
426,2304,1139,0,241
427,2308,1139,0,233
428,2309,1134,0,236
429,2315,1126,0,225
430,2322,1122,0,229
431,2322,1123,0,217
432,2322,1126,0,200
433,2322,1125,0,207
434,2323,1123,0,202
435,2326,1120,0,201
436,2327,1121,0,200
437,2333,1121,0,194
438,2335,1119,0,184
439,2335,1120,0,169
440,2338,1125,0,173
441,2344,1135,0,179
442,2350,1135,0,186
443,2362,1138,0,162
444,2372,1137,0,183
445,2380,1130,0,189
446,2386,1129,0,183
447,2390,1130,0,174
448,2393,1128,0,177
449,2398,1123,0,157
450,2401,1131,0,172
451,2399,1137,0,177
452,2415,1140,0,161
453,2415,1141,0,157
454,2417,1136,0,161
455,2427,1136,0,172
456,2428,1137,0,202
457,2428,1131,0,201
458,2426,1133,0,190
459,2429,1131,0,179
460,2427,1134,0,193
461,2428,1131,0,198
462,2429,1128,0,194
463,2430,1132,0,211
464,2429,1132,0,205
465,2430,1130,0,201
466,2432,1130,0,195
467,2431,1134,0,197
468,2433,1139,0,167
469,2435,1136,0,141
470,2437,1135,0,128
471,2447,1140,0,134
472,2449,1146,0,141
473,2460,1151,0,131
474,2467,1157,0,126
475,2467,1161,0,127
476,2468,1161,0,128
477,2472,1164,0,115
478,2470,1173,0,102
479,2469,1181,0,101
480,2466,1183,0,114
481,2468,1189,0,114
482,2478,1198,0,98
483,2479,1201,0,92
484,2482,1200,0,84
485,2482,1205,0,98
486,2483,1205,0,98
487,2484,1203,0,95
488,2489,1203,0,104
502,2257,1155,0,143
516,2130,1277,0,279
529,2308,1420,0,198
535,2189,1399,0,305
545,2193,1398,0,23
559,2359,1470,0,159
560,2358,1468,0,170
576,2477,1225,0,4
578,2467,1226,0,8
579,2454,1231,0,22
580,2444,1234,0,16
581,2437,1235,0,8
582,2426,1238,0,7
583,2411,1233,0,2
584,2406,1229,0,2
585,2402,1235,0,343
586,2402,1232,0,339
587,2401,1233,0,334
588,2402,1232,0,332
589,2405,1228,0,338
590,2401,1228,0,337
591,2397,1229,0,338
592,2399,1233,0,349
593,2402,1235,0,356
594,2402,1236,0,4
595,2401,1237,0,4
596,2400,1236,0,3
597,2398,1235,0,357
598,2399,1235,0,359
599,2400,1237,0,4
600,2403,1237,0,9
601,2402,1239,0,21
602,2399,1242,0,16
603,2396,1243,0,28
604,2392,1245,0,25
605,2395,1243,0,18
606,2398,1240,0,17
607,2402,1240,0,20
608,2402,1241,0,23
609,2403,1240,0,25
610,2403,1240,0,28
611,2403,1241,0,17
612,2400,1241,0,15
613,2400,1241,0,18
614,2402,1243,0,13
615,2404,1242,0,14
616,2402,1243,0,10
617,2401,1244,0,11
618,2398,1243,0,16
619,2396,1243,0,16
620,2398,1243,0,13
621,2398,1243,0,16
622,2399,1242,0,14
623,2398,1241,0,18
624,2398,1241,0,14
625,2398,1240,0,18
626,2398,1241,0,22
627,2399,1239,0,22
628,2398,1240,0,19
629,2396,1240,0,22
630,2397,1238,0,22
631,2395,1239,0,19
632,2397,1238,0,20
633,2397,1239,0,28
634,2397,1239,0,32
635,2402,1241,0,36
636,2402,1242,0,39
637,2408,1245,0,41
638,2414,1245,0,44
639,2410,1248,0,40
640,2413,1251,0,53
641,2412,1256,0,37
642,2404,1263,0,39
643,2396,1269,0,21
644,2382,1272,0,20
645,2373,1271,0,27
646,2364,1280,0,28
647,2356,1279,0,18
648,2350,1277,0,6
649,2344,1276,0,1
650,2340,1276,0,2
651,2347,1273,0,10
652,2354,1274,0,13
653,2352,1280,0,3
654,2356,1277,0,2
655,2357,1277,0,1
656,2356,1276,0,342
657,2358,1271,0,357
658,2354,1271,0,353
659,2351,1265,0,359
660,2351,1265,0,3
661,2348,1263,0,17
662,2351,1266,0,8
663,2348,1267,0,9
664,2346,1266,0,13
665,2341,1270,0,15
666,2335,1270,0,13
667,2333,1273,0,18
668,2328,1276,0,19
669,2324,1276,0,14
670,2321,1270,0,14
671,2323,1270,0,20
672,2320,1273,0,15
673,2316,1278,0,25
674,2314,1278,0,18
675,2312,1275,0,3
676,2317,1270,0,0
677,2316,1268,0,0
682,2320,1269,0,10
683,2320,1270,0,20
685,2313,1281,0,26
686,2301,1286,0,30
687,2292,1285,0,5
688,2279,1289,0,20
689,2282,1284,0,13
690,2280,1286,0,9
691,2285,1289,0,3
692,2288,1292,0,10
693,2289,1297,0,10
694,2288,1296,0,8
695,2288,1292,0,9
696,2298,1281,0,27
697,2300,1282,0,19
698,2297,1281,0,19
699,2296,1289,0,23
700,2298,1286,0,22
701,2295,1290,0,28
702,2293,1295,0,6
703,2294,1293,0,357
704,2290,1291,0,4
705,2294,1294,0,2
706,2297,1295,0,11
707,2297,1298,0,13
708,2298,1296,0,3
709,2296,1299,0,4
710,2298,1297,0,0
711,2294,1293,0,356
712,2290,1295,0,353
713,2290,1296,0,344
714,2294,1298,0,342
715,2289,1299,0,338
716,2283,1299,0,343
717,2271,1298,0,332
718,2262,1286,0,332
719,2260,1278,0,352
720,2258,1280,0,356
721,2256,1275,0,8
722,2255,1272,0,13
723,2261,1273,0,10
724,2260,1268,0,19
725,2261,1265,0,15
726,2257,1268,0,32
727,2261,1281,0,7
728,2261,1287,0,2
729,2261,1290,0,358
730,2263,1291,0,0
731,2257,1290,0,1
732,2251,1285,0,1
733,2254,1284,0,34
734,2245,1280,0,51
735,2246,1293,0,48
736,2239,1302,0,34
737,2233,1306,0,17
738,2226,1310,0,14
739,2214,1313,0,8
740,2208,1306,0,2
741,2194,1294,0,356
742,2178,1287,0,346
743,2177,1285,0,337
744,2190,1279,0,340
745,2181,1275,0,333
746,2175,1265,0,333
747,2168,1262,0,319
748,2165,1263,0,315
749,2169,1265,0,307
750,2172,1264,0,311
751,2176,1268,0,332
752,2168,1274,0,343
753,2173,1275,0,335
754,2171,1275,0,330
755,2166,1276,0,351
756,2159,1278,0,337
757,2161,1277,0,342
758,2160,1272,0,338
759,2161,1272,0,337
760,2158,1271,0,338
761,2155,1272,0,340
762,2153,1270,0,344
763,2153,1262,0,352
764,2166,1248,0,345
765,2162,1256,0,353
766,2157,1262,0,354
767,2151,1270,0,334
768,2152,1274,0,346
769,2152,1274,0,348
770,2149,1271,0,354
771,2148,1271,0,346
772,2148,1268,0,348
773,2150,1271,0,347
774,2148,1273,0,347
775,2148,1276,0,351
776,2146,1277,0,346
777,2146,1277,0,337
778,2142,1277,0,331
779,2140,1278,0,335
780,2139,1274,0,334
781,2139,1274,0,327
782,2139,1274,0,326
783,2140,1273,0,329
784,2141,1271,0,330
785,2142,1270,0,334
786,2148,1267,0,345
787,2149,1266,0,347
788,2146,1271,0,349
789,2145,1271,0,355
790,2145,1271,0,0
791,2140,1268,0,1
792,2136,1273,0,14
793,2136,1274,0,26
794,2129,1281,0,42
796,2134,1282,0,53
797,2130,1288,0,49
798,2138,1297,0,50
799,2138,1288,0,64
800,2135,1284,0,42
801,2129,1282,0,25
802,2125,1281,0,22
803,2130,1275,0,11
804,2135,1273,0,6
805,2133,1275,0,11
806,2137,1275,0,12
807,2138,1275,0,14
808,2138,1275,0,14
809,2139,1276,0,24
810,2139,1277,0,28
811,2139,1278,0,32
812,2141,1281,0,35
813,2138,1280,0,38
814,2138,1280,0,37
815,2140,1283,0,42
816,2142,1281,0,49
817,2141,1278,0,52
818,2138,1281,0,62
819,2135,1283,0,60
820,2136,1278,0,57
821,2135,1276,0,30
822,2135,1275,0,33
823,2136,1276,0,41
824,2142,1274,0,54
825,2151,1270,0,57
826,2160,1264,0,47
827,2165,1257,0,66
828,2176,1251,0,61
829,2188,1242,0,58
830,2194,1242,0,77
831,2193,1245,0,106
832,2205,1249,0,130
833,2217,1265,0,127
834,2224,1277,0,125
835,2230,1287,0,116
836,2233,1307,0,103
837,2230,1329,0,91
838,2226,1341,0,91
839,2217,1351,0,74
840,2211,1367,0,65
841,2194,1382,0,39
842,2193,1390,0,58
843,2186,1400,0,57
844,2190,1403,0,59
845,2184,1409,0,59
846,2191,1412,0,69
847,2199,1416,0,59
848,2194,1415,0,63
849,2195,1418,0,63
850,2195,1421,0,62
851,2194,1419,0,61
852,2183,1413,0,47
853,2177,1416,0,40
854,2172,1413,0,44
855,2170,1411,0,55
856,2166,1414,0,57
857,2166,1414,0,62
858,2166,1417,0,57
859,2168,1416,0,47
860,2170,1417,0,42
861,2167,1419,0,40
862,2167,1427,0,43
863,2163,1429,0,59
864,2167,1435,0,49
865,2176,1433,0,46
866,2175,1438,0,42
867,2174,1441,0,43
868,2167,1444,0,40
869,2156,1448,0,39
870,2150,1448,0,40
871,2147,1446,0,31
872,2149,1445,0,34
873,2152,1457,0,45
874,2138,1454,0,49
875,2137,1463,0,40
876,2127,1465,0,41
877,2124,1469,0,39
878,2125,1472,0,35
879,2129,1479,0,31
880,2136,1487,0,46
881,2127,1491,0,39
882,2128,1489,0,29
883,2127,1486,0,34
884,2125,1483,0,43
885,2121,1486,0,32
886,2124,1481,0,21
887,2119,1485,0,20
888,2119,1485,0,21
889,2132,1477,0,30
890,2128,1485,0,39
891,2123,1487,0,32
892,2121,1481,0,31
893,2124,1487,0,38
894,2127,1491,0,27
895,2128,1492,0,33
896,2132,1496,0,27
897,2129,1493,0,35
898,2122,1494,0,35
899,2112,1500,0,38
900,2112,1509,0,35
901,2104,1507,0,29
902,2098,1501,0,17
903,2101,1506,0,5
904,2102,1517,0,351
905,2099,1514,0,352
906,2095,1513,0,0
907,2096,1507,0,0
908,2099,1509,0,352
909,2098,1508,0,354
910,2098,1505,0,347
911,2102,1506,0,344
912,2102,1512,0,337
913,2099,1524,0,329
914,2101,1526,0,320
915,2104,1525,0,316
916,2103,1509,0,323
917,2104,1509,0,323
918,2105,1515,0,324
919,2104,1520,0,329
920,2100,1523,0,0
921,2098,1518,0,349
922,2097,1516,0,2
923,2092,1519,0,0
924,2086,1515,0,354
925,2071,1514,0,4
926,2055,1522,0,352
927,2042,1524,0,353
928,2037,1520,0,350
929,2036,1522,0,345
930,2043,1523,0,348
931,2040,1522,0,347
932,2038,1523,0,345
933,2035,1522,0,340
934,2042,1522,0,352
935,2034,1523,0,359
936,2020,1520,0,331
937,2011,1522,0,341
938,2013,1532,0,345
939,2014,1536,0,341
940,2014,1536,0,343
941,2015,1545,0,337
942,2015,1538,0,345
943,2012,1537,0,347
944,2007,1539,0,346
945,2016,1548,0,333
946,2019,1551,0,342
947,2025,1555,0,356
948,2018,1561,0,28
949,2010,1563,0,39
950,1996,1571,0,34
951,1985,1581,0,58
952,1976,1598,0,57
953,1964,1611,0,60
954,1957,1625,0,53
955,1949,1628,0,46
956,1954,1625,0,53
957,1957,1624,0,50
958,1957,1623,0,50
959,1955,1623,0,54
960,1952,1624,0,43
961,1957,1624,0,52
962,1960,1626,0,55
963,1955,1628,0,45
964,1955,1622,0,39
965,1957,1623,0,31
966,1962,1622,0,34
967,1962,1622,0,19
968,1961,1621,0,15
969,1962,1621,0,21
970,1961,1619,0,22
971,1962,1619,0,21
972,1961,1620,0,30
973,1950,1626,0,29
974,1941,1626,0,16
975,1937,1623,0,10
976,1933,1625,0,9
977,1933,1628,0,11
978,1931,1630,0,10
979,1933,1635,0,16
980,1928,1634,0,14
981,1926,1632,0,7
982,1931,1645,0,357
983,1928,1644,0,356
984,1928,1645,0,351
985,1928,1648,0,350
986,1926,1646,0,331
987,1922,1635,0,334
988,1921,1634,0,331
989,1921,1636,0,340
990,1918,1634,0,333
991,1918,1628,0,341
992,1921,1627,0,346
993,1923,1621,0,1
994,1923,1617,0,351
995,1923,1618,0,352
996,1923,1614,0,0
997,1924,1615,0,359
998,1923,1616,0,355
999,1925,1614,0,359
1000,1925,1613,0,359
1001,1924,1614,0,356
1002,1924,1614,0,356
1003,1924,1612,0,358
1004,1926,1611,0,0
1005,1927,1611,0,1
1006,1929,1612,0,353
1007,1929,1616,0,356
1008,1931,1620,0,343
1009,1931,1618,0,344
1010,1929,1619,0,351
1011,1930,1625,0,355
1012,1928,1622,0,358
1013,1931,1631,0,353
1014,1925,1628,0,357
1015,1926,1624,0,5
1016,1927,1627,0,0
1017,1927,1634,0,359
1018,1928,1639,0,359
1019,1926,1644,0,350
1020,1926,1645,0,353
1021,1927,1647,0,355
1022,1926,1650,0,350
1023,1932,1648,0,355
1024,1931,1650,0,354
1025,1932,1647,0,354
1026,1931,1648,0,353
1027,1931,1647,0,356
1028,1929,1647,0,4
1029,1928,1647,0,3
1030,1926,1645,0,357
1031,1925,1644,0,359
1032,1925,1643,0,3
1033,1924,1644,0,1
1034,1924,1643,0,359
1035,1925,1641,0,1
1036,1925,1640,0,3
1037,1925,1640,0,3
1038,1924,1642,0,8
1039,1926,1642,0,359
1040,1933,1650,0,21
1041,1931,1650,0,19
1042,1926,1652,0,18
1043,1926,1656,0,11
1044,1926,1659,0,8
1045,1927,1658,0,9
1046,1923,1655,0,5
1047,1926,1660,0,0
1048,1922,1657,0,354
1049,1921,1654,0,332
1050,1920,1651,0,325
1051,1922,1648,0,315
1052,1923,1643,0,312
1053,1924,1642,0,311
1054,1924,1641,0,311
1055,1924,1642,0,312
1056,1925,1643,0,313
1057,1926,1646,0,312
1058,1926,1647,0,317
1059,1925,1646,0,319
1060,1927,1648,0,320
1061,1931,1644,0,335
1062,1931,1644,0,339
1063,1928,1644,0,336
1064,1927,1646,0,334
1065,1926,1647,0,337
1066,1924,1649,0,336
1067,1920,1651,0,326
1068,1923,1646,0,341
1069,1924,1646,0,340
1070,1920,1642,0,343
1071,1914,1650,0,337
1072,1910,1647,0,331
1073,1905,1643,0,331
1074,1904,1642,0,322
1075,1902,1640,0,310
1076,1905,1638,0,313
1077,1909,1641,0,316
1078,1908,1630,0,314
1079,1906,1626,0,306
1080,1909,1620,0,316
1081,1908,1618,0,318
1082,1906,1622,0,314
1083,1907,1620,0,317
1084,1910,1610,0,309
1085,1896,1610,0,291
1086,1886,1614,0,267
1087,1884,1613,0,261
1088,1887,1610,0,256
1089,1885,1612,0,267
1090,1886,1607,0,270
1091,1886,1604,0,267
1092,1888,1599,0,277
1093,1890,1596,0,289
1094,1893,1593,0,292
1095,1893,1594,0,306
1096,1894,1592,0,314
1097,1896,1588,0,310
1098,1891,1585,0,318
1099,1892,1586,0,327
1100,1888,1588,0,328
1101,1887,1593,0,323
1102,1896,1603,0,314
1103,1894,1607,0,307
1104,1892,1608,0,302
1105,1894,1610,0,299
1106,1895,1609,0,283
1107,1893,1605,0,287
1108,1894,1600,0,273
1109,1893,1596,0,266
1110,1893,1588,0,263
1111,1898,1597,0,280
1112,1901,1599,0,279
1113,1898,1594,0,277
1114,1899,1595,0,270
1115,1899,1594,0,277
1116,1898,1593,0,278
1117,1905,1593,0,287
1118,1905,1592,0,285
1119,1898,1589,0,286
1120,1895,1588,0,285
1121,1894,1592,0,280
1122,1893,1593,0,283
1123,1893,1588,0,292
1124,1910,1571,0,311
1125,1909,1572,0,302
1126,1905,1582,0,295
1127,1901,1579,0,292
1128,1899,1575,0,305
1129,1898,1572,0,303
1130,1896,1570,0,299
1131,1895,1568,0,302
1132,1893,1569,0,303
1133,1894,1567,0,305
1134,1895,1567,0,296
1135,1892,1567,0,293
1136,1889,1566,0,294
1137,1886,1566,0,296
1138,1884,1565,0,300
1139,1883,1563,0,300
1140,1882,1562,0,294
1141,1881,1563,0,288
1142,1881,1565,0,283
1143,1884,1565,0,275
1144,1885,1565,0,269
1145,1886,1565,0,268
1146,1885,1564,0,267
1147,1881,1565,0,264
1148,1882,1566,0,262
1149,1882,1565,0,262
1150,1880,1566,0,265
1151,1878,1565,0,269
1152,1876,1562,0,261
1153,1870,1561,0,259
1154,1869,1558,0,264
1155,1871,1557,0,272
1156,1863,1557,0,256
1157,1868,1557,0,240
1158,1872,1552,0,235
1159,1878,1551,0,238
1160,1878,1554,0,232
1161,1877,1555,0,228
1162,1877,1555,0,221
1163,1875,1542,0,229
1164,1880,1540,0,224
1165,1879,1536,0,222
1166,1877,1537,0,218
1167,1876,1537,0,222
1168,1876,1540,0,214
1169,1876,1540,0,213
1170,1874,1536,0,213
1171,1877,1535,0,210
1172,1878,1535,0,209
1173,1877,1534,0,210
1174,1879,1534,0,216
1175,1882,1532,0,223
1176,1891,1531,0,241
1177,1889,1532,0,242
1178,1886,1531,0,242
1179,1884,1528,0,247
1180,1884,1523,0,251
1181,1887,1524,0,256
1182,1878,1528,0,257
1183,1880,1523,0,259
1184,1879,1521,0,262
1185,1883,1521,0,269
1186,1883,1523,0,279
1187,1880,1523,0,281
1188,1875,1525,0,282
1189,1881,1525,0,278
1190,1882,1527,0,304
1191,1882,1524,0,312
1192,1879,1525,0,311
1193,1875,1521,0,302
1194,1866,1518,0,322
1195,1862,1513,0,322
1196,1852,1510,0,320
1197,1844,1499,0,319
1198,1839,1492,0,308
1199,1826,1483,0,297
1200,1825,1477,0,289
1201,1825,1467,0,278
1202,1828,1467,0,264
1203,1825,1467,0,251
1204,1825,1465,0,240
1205,1825,1462,0,230
1206,1826,1458,0,218
1207,1828,1449,0,214
1208,1836,1444,0,218
1209,1837,1444,0,223
1210,1832,1442,0,221
1211,1829,1443,0,223
1214,1816,1443,0,282
1215,1810,1440,0,295
1216,1804,1432,0,311
1217,1799,1432,0,312
1218,1792,1426,0,327
1219,1790,1414,0,325
1220,1778,1408,0,313
1221,1763,1398,0,320
1222,1752,1386,0,329
1223,1738,1382,0,326
1224,1724,1376,0,342
1225,1713,1374,0,344
1226,1692,1370,0,335
1227,1683,1364,0,336
1228,1680,1364,0,323
1229,1682,1370,0,339
1230,1683,1372,0,344
1231,1683,1373,0,347
1232,1680,1370,0,351
1233,1676,1366,0,348
1234,1682,1374,0,338
1235,1684,1377,0,347
1236,1682,1374,0,353
1237,1678,1374,0,344
1238,1680,1373,0,347
1239,1681,1371,0,350
1240,1685,1376,0,350
1241,1683,1373,0,348
1242,1679,1371,0,343
1243,1674,1372,0,358
1244,1672,1373,0,352
1245,1668,1374,0,352
1246,1663,1373,0,353
1247,1662,1370,0,354
1248,1653,1369,0,347
1249,1646,1368,0,345
1250,1642,1368,0,351
1251,1629,1358,0,349
1252,1620,1360,0,340
1253,1614,1357,0,354
1254,1611,1358,0,3
1255,1605,1356,0,350
1256,1605,1355,0,353
1257,1605,1355,0,353
1258,1601,1354,0,1
1259,1597,1355,0,11
1260,1591,1354,0,2
1261,1590,1355,0,7
1262,1589,1356,0,12
1263,1587,1357,0,13
1264,1586,1360,0,9
1265,1586,1359,0,2
1266,1586,1360,0,5
1267,1585,1359,0,0
1268,1584,1361,0,1
1269,1581,1361,0,6
1270,1577,1359,0,0
1271,1577,1359,0,3
1272,1577,1360,0,4
1273,1576,1360,0,5
1274,1579,1359,0,14
1275,1580,1356,0,10
1276,1580,1357,0,0
1277,1577,1359,0,5
1278,1577,1359,0,8
1279,1576,1362,0,0
1280,1575,1360,0,14
1281,1573,1361,0,9
1282,1573,1360,0,9
1283,1571,1360,0,12
1284,1569,1359,0,11
1285,1566,1359,0,20
1286,1561,1356,0,22
1287,1559,1361,0,8
1288,1559,1362,0,8
1289,1559,1362,0,6
1290,1557,1362,0,9
1291,1556,1362,0,17
1292,1555,1363,0,18
1293,1553,1363,0,17
1294,1549,1364,0,22
1295,1548,1363,0,27
1296,1546,1366,0,28
1297,1547,1366,0,38
1298,1548,1368,0,42
1299,1547,1372,0,47
1300,1542,1376,0,44
1301,1543,1381,0,34
1302,1540,1383,0,34
1303,1539,1385,0,31
1304,1534,1388,0,33
1305,1533,1389,0,31
1306,1526,1390,0,23
1307,1516,1389,0,15
1308,1511,1388,0,7
1309,1502,1388,0,2
1310,1497,1383,0,353
1311,1490,1381,0,348
1312,1482,1386,0,356
1313,1477,1388,0,356
1314,1473,1387,0,0
1315,1468,1386,0,354
1316,1461,1384,0,356
1317,1455,1380,0,356
1318,1448,1383,0,348
1319,1440,1383,0,352
1320,1437,1379,0,0
1321,1431,1388,0,1
1322,1424,1388,0,359
1323,1427,1386,0,353
1324,1425,1389,0,357
1325,1416,1392,0,359
1326,1412,1389,0,0
1327,1409,1385,0,1
1328,1414,1373,0,9
1329,1414,1372,0,7
1330,1414,1376,0,8
1331,1412,1378,0,8
1333,1425,1363,0,18
1334,1425,1360,0,15
1335,1427,1362,0,13
1336,1428,1363,0,15
1337,1426,1369,0,23
1338,1428,1373,0,26
1339,1428,1373,0,21
1340,1425,1371,0,32
1341,1425,1368,0,22
1342,1424,1368,0,22
1343,1424,1366,0,22
1344,1427,1365,0,28
1345,1429,1363,0,30
1346,1427,1365,0,41
1347,1431,1370,0,51
1348,1434,1370,0,47
1349,1433,1369,0,55
1350,1430,1369,0,54
1351,1430,1369,0,49
1352,1429,1369,0,39
1353,1427,1369,0,34
1354,1428,1371,0,55
1355,1429,1371,0,58
1356,1429,1370,0,55
1357,1430,1370,0,52
1358,1429,1371,0,54
1359,1428,1372,0,57
1360,1428,1372,0,54
1361,1429,1371,0,51
1362,1430,1371,0,41
1363,1429,1366,0,41
1364,1428,1366,0,43
1365,1428,1366,0,45
1366,1430,1366,0,43
1367,1431,1364,0,45
1368,1431,1365,0,47
1369,1432,1363,0,49
1370,1432,1362,0,46
1371,1432,1361,0,50
1372,1432,1364,0,42
1373,1431,1367,0,45
1374,1431,1368,0,39
1375,1432,1374,0,36
1376,1433,1378,0,26
1377,1434,1379,0,28
1378,1433,1379,0,29
1379,1433,1379,0,27
1380,1432,1381,0,36
1381,1430,1379,0,33
1382,1429,1380,0,29
1383,1427,1378,0,30
1384,1426,1377,0,28
1385,1426,1373,0,38
1386,1427,1372,0,34
1387,1429,1371,0,44
1388,1429,1374,0,47
1392,1430,1379,0,48
1393,1430,1380,0,49
1394,1430,1381,0,53
1395,1430,1381,0,49
1396,1430,1378,0,52
1397,1431,1380,0,41
1398,1432,1380,0,46
1399,1431,1381,0,50
1400,1429,1382,0,45
1401,1430,1384,0,42
1402,1431,1382,0,45
1403,1431,1384,0,46
1404,1431,1387,0,41
1405,1430,1385,0,31
1406,1429,1385,0,33
1407,1428,1386,0,35
1408,1424,1389,0,29
1409,1417,1393,0,29
1410,1412,1394,0,33
1411,1403,1397,0,37
1412,1397,1399,0,20
1413,1396,1399,0,14
1414,1394,1399,0,11
1415,1395,1406,0,1
1416,1392,1410,0,5
1417,1396,1405,0,359
1418,1391,1403,0,0
1419,1383,1405,0,354
1420,1384,1410,0,352
1421,1384,1407,0,355
1422,1389,1408,0,341
1423,1389,1409,0,339
1424,1384,1410,0,347
1425,1379,1411,0,343
1426,1371,1411,0,338
1427,1369,1411,0,344
1428,1369,1409,0,344
1429,1365,1405,0,356
1430,1364,1399,0,2
1431,1358,1401,0,3
1432,1355,1411,0,8
1433,1352,1412,0,9
1434,1349,1420,0,6
1435,1342,1418,0,4
1436,1337,1420,0,2
1437,1333,1420,0,7
1438,1333,1421,0,9
1439,1330,1424,0,2
1440,1326,1427,0,356
1441,1326,1429,0,359
1442,1329,1432,0,359
1443,1327,1428,0,2
1469,1617,1603,0,69
1470,1611,1601,0,82
1473,1652,1610,0,170
1486,1488,1705,0,337
1487,1485,1706,0,330
1488,1486,1704,0,326
1497,1489,1696,0,332
1498,1487,1693,0,327
1499,1487,1689,0,318
1500,1485,1686,0,316
1501,1483,1684,0,316
1502,1481,1683,0,316
1503,1479,1681,0,311
1504,1477,1678,0,308
1505,1474,1673,0,312
1506,1467,1670,0,299
1507,1466,1671,0,286
1508,1468,1665,0,279
1509,1469,1658,0,277
1510,1471,1652,0,277
1511,1471,1645,0,268
1512,1474,1641,0,265
1513,1473,1642,0,269
1514,1473,1641,0,267
1515,1471,1640,0,271
1516,1472,1638,0,279
1517,1471,1637,0,283
1518,1470,1637,0,284
1519,1468,1636,0,285
1520,1468,1634,0,272
1521,1469,1633,0,271
1522,1469,1632,0,269
1523,1469,1629,0,272
1524,1469,1629,0,269
1525,1473,1630,0,274
1526,1473,1630,0,279
1527,1472,1629,0,279
1528,1472,1628,0,281
1529,1472,1628,0,284
1530,1472,1628,0,288
1531,1471,1627,0,289
1532,1471,1626,0,287
1533,1471,1628,0,286
1534,1470,1628,0,280
1535,1469,1626,0,277
1536,1467,1627,0,279
1537,1467,1627,0,279
1538,1466,1627,0,278
1539,1464,1626,0,277
1540,1466,1626,0,282
1541,1465,1625,0,281
1542,1465,1626,0,280
1543,1466,1624,0,287
1544,1462,1623,0,290
1545,1460,1620,0,288
1546,1459,1618,0,285
1547,1463,1618,0,289
1548,1466,1615,0,288
1549,1466,1613,0,286
1550,1468,1609,0,285
1551,1467,1609,0,284
1552,1466,1608,0,283
1553,1467,1605,0,284
1554,1468,1602,0,284
1555,1471,1594,0,305
1556,1470,1595,0,300
1557,1475,1592,0,297
1558,1474,1586,0,291
1559,1470,1582,0,294
1560,1469,1580,0,298
1561,1468,1577,0,297
1562,1468,1575,0,295
1563,1465,1573,0,299
1564,1463,1570,0,298
1565,1461,1564,0,303
1566,1462,1558,0,305
1567,1459,1559,0,304
1568,1457,1556,0,314
1569,1456,1554,0,313
1570,1456,1552,0,311
1571,1460,1545,0,306
1572,1457,1543,0,301
1573,1455,1541,0,298
1574,1455,1538,0,302
1575,1457,1537,0,310
1576,1457,1533,0,322
1577,1457,1529,0,328
1578,1458,1525,0,322
1579,1458,1520,0,318
1580,1455,1520,0,327
1581,1456,1523,0,329
1582,1456,1524,0,324
1583,1450,1519,0,323
1584,1445,1515,0,317
1585,1440,1507,0,313
1586,1439,1507,0,315
1587,1440,1508,0,327
1588,1438,1508,0,340
1589,1439,1509,0,336
1590,1437,1500,0,337
1591,1430,1496,0,339
1592,1426,1494,0,336
1593,1422,1493,0,333
1594,1419,1494,0,337
1595,1412,1495,0,345
1596,1411,1491,0,344
1597,1404,1488,0,348
1598,1402,1487,0,345
1599,1402,1484,0,346
1600,1402,1477,0,342
1601,1400,1480,0,332
1602,1399,1474,0,331
1603,1400,1473,0,329
1604,1406,1472,0,308
1605,1401,1463,0,295
1606,1415,1447,0,284
1607,1412,1448,0,282
1608,1412,1446,0,282
1609,1413,1443,0,282
1610,1419,1446,0,286
1611,1422,1447,0,293
1612,1424,1446,0,300
1613,1425,1443,0,293
1614,1424,1439,0,290
1615,1422,1429,0,290
1616,1424,1426,0,283
1617,1426,1420,0,275
1618,1429,1411,0,274
1619,1431,1402,0,275
1620,1429,1401,0,283
1621,1427,1396,0,300
1622,1423,1395,0,312
1623,1427,1393,0,311
1624,1430,1389,0,306
1625,1430,1390,0,311
1626,1427,1391,0,306
1627,1425,1391,0,308
1628,1427,1391,0,312
1629,1426,1391,0,308
1630,1428,1390,0,310
1631,1426,1392,0,311
1632,1434,1393,0,310
1633,1447,1392,0,319
1634,1450,1393,0,317
1635,1460,1393,0,319
1636,1463,1397,0,316
1637,1464,1392,0,316
1638,1455,1390,0,305
1639,1451,1388,0,311
1640,1452,1385,0,321
1641,1454,1384,0,323
1642,1454,1382,0,318
1643,1459,1380,0,309
1644,1458,1371,0,299
1645,1461,1362,0,297
1646,1466,1357,0,295
1647,1464,1353,0,291
1648,1464,1352,0,288
1649,1466,1349,0,281
1650,1475,1347,0,267
1651,1484,1347,0,247
1652,1482,1340,0,269
1653,1481,1334,0,263
1654,1482,1331,0,261
1655,1483,1326,0,257
1656,1484,1326,0,246
1657,1490,1319,0,231
1658,1493,1315,0,232
1659,1502,1313,0,233
1660,1504,1310,0,227
1661,1506,1308,0,217
1662,1508,1305,0,207
1663,1519,1304,0,215
1664,1518,1305,0,213
1665,1520,1306,0,212
1666,1525,1308,0,217
1667,1530,1309,0,222
1668,1532,1308,0,223
1669,1532,1310,0,233
1670,1533,1311,0,237
1671,1533,1312,0,240
1672,1533,1311,0,236
1673,1534,1308,0,237
1674,1534,1309,0,233
1675,1535,1308,0,241
1676,1534,1310,0,237
1677,1535,1307,0,239
1678,1537,1310,0,252
1679,1539,1315,0,263
1680,1537,1316,0,267
1681,1536,1319,0,280
1682,1538,1322,0,276
1683,1538,1325,0,263
1684,1540,1325,0,258
1685,1544,1324,0,257
1686,1544,1324,0,251
1687,1543,1323,0,248
1688,1545,1322,0,256
1689,1546,1323,0,257
1690,1547,1322,0,258
1691,1549,1322,0,267
1692,1549,1325,0,266
1693,1548,1325,0,262
1694,1548,1327,0,265
1695,1548,1330,0,268
1696,1548,1333,0,273
1697,1550,1336,0,279
1698,1550,1337,0,277
1699,1550,1339,0,274
1700,1548,1338,0,264
1701,1550,1343,0,273
1702,1550,1342,0,276
1703,1551,1342,0,277
1704,1550,1343,0,274
1705,1550,1344,0,275
1706,1549,1345,0,274
1707,1548,1347,0,272
1708,1548,1347,0,269
1709,1550,1349,0,276
1710,1552,1349,0,279
1711,1555,1347,0,289
1712,1556,1348,0,288
1713,1556,1348,0,287
1714,1555,1349,0,287
1715,1557,1352,0,288
1716,1558,1353,0,288
1717,1557,1358,0,286
1718,1557,1358,0,282
1719,1559,1360,0,280
1720,1562,1361,0,290
1721,1559,1363,0,295
1722,1558,1366,0,289
1723,1560,1369,0,289
1724,1560,1371,0,289
1725,1562,1374,0,295
1726,1567,1376,0,304
1727,1568,1375,0,305
1728,1570,1377,0,311
1729,1572,1378,0,315
1730,1572,1377,0,313
1731,1572,1378,0,313
1732,1571,1377,0,320
1733,1574,1378,0,322
1734,1576,1377,0,327
1735,1577,1375,0,326
1736,1582,1374,0,339
1737,1586,1372,0,342
1738,1590,1371,0,348
1739,1597,1371,0,359
1740,1597,1372,0,2
1741,1600,1372,0,12
1742,1605,1371,0,17
1743,1605,1372,0,20
1744,1604,1370,0,21
1745,1603,1368,0,27
1746,1601,1368,0,27
1747,1604,1368,0,35
1748,1605,1370,0,39
1749,1605,1373,0,38
1750,1605,1373,0,39
1751,1608,1373,0,46
1752,1610,1371,0,49
1753,1608,1371,0,55
1754,1610,1369,0,57
1755,1610,1368,0,62
1756,1613,1364,0,61
1757,1617,1366,0,56
1758,1615,1366,0,65
1759,1614,1367,0,63
1760,1616,1372,0,58
1761,1620,1376,0,64
1762,1622,1377,0,60
1763,1622,1374,0,74
1764,1620,1367,0,80
1765,1620,1364,0,80
1766,1620,1364,0,81
1767,1620,1361,0,83
1768,1619,1362,0,87
1769,1619,1361,0,94
1770,1620,1360,0,97
1771,1623,1357,0,95
1772,1628,1355,0,105
1773,1631,1358,0,117
1774,1633,1360,0,109
1775,1634,1356,0,124
1776,1636,1363,0,117
1777,1642,1370,0,138
1778,1653,1372,0,144
1779,1663,1373,0,153
1780,1668,1376,0,169
1781,1670,1379,0,160
1782,1678,1383,0,176
1783,1688,1379,0,192
1784,1691,1379,0,195
1785,1690,1376,0,203
1786,1696,1378,0,200
1787,1697,1380,0,191
1788,1697,1381,0,190
1790,1690,1329,0,248
1794,1834,1273,0,135
1806,1861,1080,0,234
1808,1865,1078,0,249
1809,1865,1076,0,261
1810,1867,1072,0,258
1811,1868,1065,0,253
1812,1870,1059,0,251
1813,1870,1056,0,249
1814,1872,1055,0,238
1815,1872,1052,0,239
1816,1876,1046,0,231
1817,1879,1039,0,219
1818,1881,1036,0,212
1819,1879,1033,0,195
1820,1882,1036,0,194
1821,1884,1036,0,195
1822,1889,1031,0,193
1823,1894,1036,0,202
1824,1898,1040,0,214
1825,1898,1041,0,225
1826,1900,1032,0,237
1827,1900,1032,0,243
1828,1899,1028,0,241
1829,1896,1020,0,247
1830,1896,1020,0,237
1831,1901,1022,0,228
1832,1912,1023,0,230
1833,1913,1023,0,232
1834,1912,1019,0,247
1835,1910,1006,0,264
1836,1908,995,0,274
1837,1905,983,0,275
1838,1898,974,0,287
1839,1892,973,0,271
1840,1892,976,0,269
1841,1893,973,0,271
1842,1891,966,0,267
1843,1888,964,0,268
1844,1890,966,0,263
1845,1889,962,0,273
1846,1889,958,0,269
1847,1888,954,0,270
1848,1887,952,0,271
1849,1887,951,0,272
1850,1884,950,0,265
1851,1884,944,0,270
1852,1888,942,0,269
1853,1899,945,0,284
1854,1906,947,0,293
1855,1903,951,0,288
1856,1895,949,0,277
1857,1893,946,0,268
1858,1888,947,0,262
1859,1886,947,0,258
1860,1887,948,0,260
1861,1887,949,0,258
1862,1886,947,0,257
1863,1887,942,0,263
1864,1887,938,0,266
1865,1892,944,0,263
1866,1892,945,0,258
1867,1887,951,0,256
1868,1885,953,0,263
1869,1886,951,0,256
1870,1890,950,0,249
1871,1891,950,0,242
1872,1893,949,0,242
1873,1894,952,0,235
1874,1890,956,0,228
1875,1890,958,0,214
1876,1894,961,0,189
1877,1900,967,0,183
1878,1906,967,0,167
1879,1909,974,0,153
1880,1910,976,0,155
1881,1907,981,0,157
1882,1904,987,0,150
1883,1906,993,0,158
1884,1913,993,0,155
1885,1916,993,0,166
1886,1919,993,0,163
1887,1923,995,0,166
1888,1924,997,0,163
1889,1922,995,0,174
1890,1918,996,0,181
1891,1918,1000,0,190
1892,1920,999,0,200
1893,1915,1004,0,193
1894,1912,1012,0,205
1895,1916,1014,0,224
1896,1921,1017,0,234
1897,1923,1012,0,243
1898,1923,1007,0,252
1899,1923,1006,0,262
1900,1921,1001,0,263
1901,1918,999,0,263
1902,1914,1002,0,269
1903,1911,998,0,260
1904,1909,988,0,253
1905,1908,983,0,250
1906,1907,982,0,251
1907,1906,980,0,247
1908,1905,977,0,251
1909,1907,969,0,251
1910,1902,960,0,238
1911,1901,955,0,219
1912,1901,953,0,206
1913,1909,945,0,192
1914,1915,943,0,203
1915,1920,938,0,213
1916,1932,932,0,204
1917,1936,928,0,195
1918,1943,927,0,190
1919,1943,925,0,189
1920,1938,923,0,184
1921,1937,916,0,186
1922,1938,916,0,197
1923,1941,910,0,213
1924,1944,910,0,222
1925,1941,903,0,236
1926,1941,897,0,238
1927,1944,891,0,238
1928,1943,886,0,239
1929,1939,885,0,232
1930,1934,881,0,224
1931,1934,878,0,205
1932,1941,877,0,193
1933,1946,877,0,174
1934,1948,879,0,163
1935,1952,884,0,152
1936,1960,890,0,141
1937,1966,895,0,130
1938,1967,903,0,112
1939,1966,901,0,114
1940,1967,900,0,117
1941,1964,897,0,125
1942,1962,898,0,122
1943,1961,896,0,112
1944,1963,896,0,109
1945,1965,900,0,110
1946,1970,903,0,117
1947,1972,907,0,116
1948,1978,908,0,110
1949,1981,911,0,109
1950,1986,911,0,99
1951,1986,916,0,102
1952,1990,920,0,111
1953,1996,923,0,119
1954,2000,923,0,127
1955,2002,925,0,128
1956,2004,926,0,133
1957,2005,927,0,135
1958,2004,927,0,128
1959,2009,930,0,142
1960,2014,932,0,151
1961,2018,936,0,144
1962,2019,937,0,146
1963,2022,936,0,150
1964,2028,935,0,156
1965,2028,936,0,151
1966,2025,936,0,134
1967,2023,938,0,126
1968,2025,935,0,127
1969,2020,928,0,121
1970,2018,922,0,117
1971,2017,918,0,85
1972,2014,923,0,63
1973,2019,931,0,42
1974,2017,929,0,38
1975,2015,929,0,36
1976,2012,930,0,31
1977,2010,930,0,20
1978,2007,926,0,29
1979,2002,922,0,31
1980,1999,915,0,25
1981,1998,914,0,31
1982,1999,915,0,34
1983,1997,916,0,45
1984,1997,917,0,28
1985,1994,918,0,14
1986,1989,921,0,7
1987,1982,925,0,358
1988,1981,926,0,344
1989,1975,922,0,349
1990,1972,920,0,350
1991,1972,922,0,351
1992,1972,926,0,348
1993,1976,927,0,352
1994,1977,928,0,357
1995,1977,924,0,358
1996,1974,928,0,352
1997,1971,925,0,350
1998,1968,923,0,352
1999,1966,922,0,350
2000,1961,918,0,343
2001,1961,913,0,355
2002,1965,918,0,359
2003,1961,920,0,8
2004,1956,923,0,22
2005,1945,926,0,29
2006,1937,935,0,42
2007,1932,941,0,45
2008,1927,946,0,45
2009,1921,954,0,44
2010,1914,958,0,55
2011,1915,962,0,60
2012,1912,970,0,71
2013,1910,979,0,84
2014,1913,992,0,77
2015,1917,1003,0,84
2016,1914,1008,0,89
2017,1914,1011,0,91
2018,1913,1013,0,89
2019,1913,1017,0,92
2020,1915,1021,0,92
2021,1916,1023,0,97
2022,1918,1023,0,100
2023,1920,1020,0,108
2024,1921,1016,0,113
2025,1925,1013,0,121
2026,1930,1011,0,107
2027,1927,1010,0,114
2028,1927,1009,0,114
2029,1925,1005,0,121
2030,1924,1003,0,135
2031,1925,1005,0,140
2032,1928,1005,0,138
2033,1929,1006,0,138
2034,1933,1003,0,141
2035,1935,1004,0,141
2036,1932,1001,0,149
2037,1928,998,0,146
2038,1925,999,0,136
2039,1926,998,0,96
2040,1923,1004,0,86
2041,1922,1006,0,84
2042,1921,1012,0,74
2043,1917,1015,0,75
2044,1914,1018,0,70
2045,1911,1020,0,58
2046,1910,1021,0,65
2047,1908,1020,0,60
2048,1905,1024,0,56
2049,1906,1026,0,65
2050,1908,1033,0,75
2051,1913,1043,0,77
2052,1908,1043,0,85
2053,1905,1044,0,94
2054,1906,1047,0,96
2055,1906,1049,0,97
2056,1905,1050,0,93
2057,1904,1054,0,88
2058,1904,1060,0,88
2059,1905,1063,0,88
2060,1920,1055,0,70
2061,1930,1053,0,59
2062,1937,1051,0,52
2063,1951,1061,0,49
2064,1945,1062,0,43
2065,1950,1069,0,41
2066,1945,1076,0,37
2067,1943,1088,0,359
2068,1933,1084,0,339
2069,1922,1077,0,313
2070,1920,1071,0,303
2071,1917,1069,0,293
2072,1911,1066,0,284
2073,1902,1068,0,271
2074,1895,1064,0,259
2075,1894,1055,0,252
2076,1895,1051,0,244
2077,1891,1048,0,234
2078,1890,1044,0,226
2079,1888,1042,0,223
2080,1885,1038,0,232
2081,1885,1039,0,225
2082,1886,1036,0,217
2083,1897,1031,0,212
2084,1897,1027,0,210
2085,1893,1028,0,231
2086,1889,1026,0,234
2087,1895,1028,0,223
2088,1901,1023,0,200
2089,1905,1018,0,186
2090,1908,1021,0,167
2091,1910,1024,0,155
2092,1907,1025,0,145
2093,1907,1025,0,143
2094,1907,1024,0,143
2095,1906,1025,0,139
2096,1907,1029,0,134
2097,1906,1032,0,130
2099,1903,1035,0,126
2100,1904,1040,0,125
2101,1904,1041,0,129
2102,1903,1040,0,130
2103,1899,1038,0,124
2104,1895,1033,0,109
2105,1892,1031,0,103
2106,1889,1032,0,104
2107,1889,1033,0,104
2108,1888,1034,0,107
2109,1887,1033,0,104
2110,1887,1033,0,102
2111,1887,1033,0,101
2112,1888,1032,0,101
2113,1887,1032,0,103
2114,1887,1032,0,102
2115,1887,1032,0,106
2116,1887,1032,0,106
2117,1887,1033,0,106
2118,1885,1033,0,111
2119,1885,1033,0,110
2120,1884,1034,0,104
2121,1884,1032,0,107
2122,1883,1032,0,106
2123,1882,1033,0,111
2124,1881,1034,0,116
2125,1881,1034,0,112
2126,1881,1034,0,112
2127,1882,1034,0,106
2128,1882,1034,0,104
2129,1882,1035,0,105
2130,1882,1035,0,103
2131,1882,1034,0,102
2132,1882,1034,0,100
2133,1883,1034,0,99
2134,1883,1034,0,90
2135,1881,1035,0,89
2136,1878,1033,0,94
2137,1878,1032,0,103
2138,1878,1033,0,112
2139,1878,1030,0,118
2140,1878,1030,0,125
2141,1878,1033,0,138
2142,1877,1040,0,158
2143,1880,1042,0,167
2144,1880,1046,0,168
2145,1887,1052,0,174
2146,1896,1058,0,202
2147,1915,1067,0,226
2148,1913,1072,0,240
2149,1914,1073,0,248
2150,1917,1077,0,253
2151,1920,1077,0,259
2152,1930,1074,0,263
2153,1938,1070,0,281
2154,1940,1069,0,280
2155,1940,1069,0,284
2156,1940,1070,0,284
2157,1940,1071,0,286
2158,1939,1073,0,295
2159,1949,1071,0,320
2160,1948,1074,0,342
2161,1946,1071,0,6
2162,1939,1072,0,18
2163,1936,1069,0,33
2164,1936,1064,0,51
2165,1937,1064,0,56
2166,1937,1063,0,53
2167,1936,1059,0,48
2168,1933,1056,0,47
2169,1932,1057,0,45
2170,1930,1056,0,41
2171,1930,1055,0,38
2172,1929,1052,0,30
2173,1928,1053,0,20
2174,1925,1055,0,18
2175,1922,1056,0,13
2176,1920,1056,0,16
2177,1922,1048,0,22
2178,1927,1049,0,16
2179,1929,1045,0,17
2180,1936,1045,0,9
2181,1937,1040,0,13
2182,1938,1034,0,41
2183,1946,1039,0,65
2184,1950,1045,0,72
2185,1947,1042,0,92
2186,1946,1037,0,100
2187,1945,1035,0,96
2188,1943,1030,0,86
2189,1938,1030,0,74
2190,1937,1041,0,73
2191,1933,1042,0,68
2192,1932,1042,0,72
2193,1935,1039,0,73
2194,1936,1039,0,64
2195,1938,1040,0,49
2196,1946,1038,0,50
2197,1948,1040,0,67
2198,1958,1046,0,62
2199,1974,1052,0,33
2200,1984,1057,0,24
2201,1984,1059,0,19
2202,1983,1063,0,23
2203,1979,1061,0,24
2204,1976,1060,0,23
2205,1970,1061,0,20
2206,1966,1062,0,18
2207,1961,1066,0,25
2208,1954,1070,0,31
2209,1946,1074,0,48
2210,1946,1075,0,61
2211,1940,1077,0,73
2212,1929,1090,0,79
2213,1921,1093,0,91
2214,1920,1095,0,83
2215,1920,1097,0,75
2216,1918,1095,0,69
2217,1917,1094,0,75
2218,1921,1100,0,81
2219,1921,1106,0,91
2220,1920,1101,0,96
2221,1921,1096,0,94
2222,1924,1095,0,88
2223,1923,1096,0,93
2224,1924,1102,0,98
2225,1928,1110,0,103
2226,1931,1119,0,102
2227,1932,1129,0,105
2228,1926,1131,0,112
2229,1924,1132,0,107
2230,1927,1135,0,113
2231,1928,1134,0,107
2232,1934,1134,0,96
2233,1932,1136,0,95
2234,1934,1138,0,98
2235,1938,1132,0,105
2236,1941,1127,0,110
2237,1944,1119,0,112
2238,1944,1110,0,110
2239,1943,1106,0,107
2240,1939,1108,0,103
2241,1938,1107,0,105
2242,1937,1107,0,106
2243,1938,1106,0,105
2244,1938,1103,0,100
2245,1939,1103,0,95
2246,1938,1105,0,93
2247,1938,1107,0,89
2248,1937,1106,0,93
2249,1939,1103,0,93
2250,1938,1103,0,94
2251,1938,1102,0,93
2252,1942,1103,0,92
2253,1946,1104,0,98
2254,1953,1096,0,102
2255,1953,1089,0,126
2256,1966,1089,0,108
2257,1965,1089,0,119
2258,1983,1081,0,126
2259,1982,1087,0,141
2260,1984,1093,0,143
2261,1986,1091,0,151
2262,1987,1093,0,148
2263,1985,1092,0,147
2264,1980,1093,0,147
2265,1976,1095,0,152
2266,1976,1087,0,163
2267,1977,1089,0,164
2268,1978,1091,0,165
2269,1988,1093,0,166
2270,1995,1096,0,184
2271,1998,1098,0,189
2272,1997,1103,0,184
2273,2003,1104,0,222
2274,2008,1100,0,253
2275,2005,1100,0,261
2276,2004,1102,0,245
2277,2002,1098,0,238
2278,2001,1091,0,250
2279,2003,1081,0,254
2280,2002,1072,0,252
2281,2003,1060,0,248
2282,2005,1051,0,247
2283,2011,1044,0,251
2284,2016,1034,0,248
2285,2016,1025,0,240
2286,2018,1026,0,232
2287,2019,1024,0,216
2288,2020,1025,0,213
2289,2021,1026,0,211
2290,2019,1022,0,224
2291,2019,1019,0,234
2292,2016,1020,0,238
2293,2013,1021,0,240
2294,2010,1020,0,245
2295,2010,1016,0,248
2296,2007,1016,0,247
2297,2008,1012,0,248
2298,2007,1007,0,233
2299,2010,1007,0,221
2300,2015,1005,0,188
2301,2022,1005,0,184
2302,2026,1009,0,178
2303,2029,1012,0,177
2304,2029,1014,0,173
2305,2034,1018,0,166
2306,2035,1021,0,165
2307,2039,1027,0,143
2308,2049,1030,0,131
2309,2055,1033,0,127
2310,2050,1035,0,105
2311,2047,1034,0,107
2312,2048,1034,0,108
2313,2048,1035,0,110
2314,2051,1041,0,124
2315,2053,1044,0,139
2316,2057,1040,0,157
2317,2059,1038,0,172
2318,2065,1036,0,175
2319,2066,1036,0,172
2320,2066,1041,0,143
2321,2065,1043,0,119
2322,2068,1045,0,108
2323,2069,1050,0,105
2324,2075,1057,0,93
2325,2078,1065,0,95
2326,2082,1074,0,83
2327,2086,1077,0,93
2328,2088,1082,0,93
2329,2090,1085,0,95
2330,2094,1087,0,106
2331,2101,1091,0,113
2332,2108,1095,0,114
2333,2113,1099,0,98
2334,2117,1107,0,96
2335,2119,1112,0,86
2336,2121,1117,0,85
2337,2121,1117,0,90
2338,2120,1114,0,77
2339,2119,1114,0,63
2340,2116,1116,0,50
2341,2117,1111,0,50
2342,2118,1108,0,48
2343,2121,1106,0,20
2344,2121,1107,0,16
2345,2121,1111,0,8
2346,2122,1107,0,1
2347,2126,1098,0,9
2348,2126,1091,0,9
2349,2128,1090,0,5
2350,2130,1091,0,5
2351,2130,1089,0,0
2352,2131,1088,0,358
2353,2131,1085,0,359
2354,2131,1083,0,356
2355,2133,1089,0,353
2356,2132,1090,0,349
2357,2132,1087,0,341
2358,2133,1085,0,343
2359,2135,1083,0,350
2360,2141,1080,0,339
2361,2142,1077,0,348
2362,2148,1080,0,339
2363,2155,1077,0,348
2364,2157,1074,0,337
2365,2153,1072,0,343
2366,2153,1071,0,329
2367,2155,1075,0,309
2368,2157,1075,0,300
2369,2158,1075,0,307
2370,2155,1075,0,312
2371,2156,1075,0,307
2372,2159,1078,0,294
2373,2159,1080,0,294
2374,2160,1075,0,298
2375,2161,1073,0,292
2376,2159,1071,0,321
2377,2144,1061,0,321
2378,2152,1068,0,314
2379,2155,1071,0,315
2380,2156,1062,0,339
2383,2107,1057,0,273
2384,2107,1053,0,269
2385,2100,1044,0,273
2386,2099,1033,0,289
2387,2105,1032,0,303
2388,2103,1033,0,327
2389,2103,1032,0,312
2390,2097,1030,0,317
2395,2092,1009,0,287
2396,2095,1002,0,292
2397,2091,994,0,296
2398,2091,986,0,304
2399,2089,972,0,301
2400,2075,969,0,300
2401,2073,962,0,301
2402,2069,959,0,303
2403,2064,945,0,306
2404,2066,945,0,308
2405,2066,951,0,325
2406,2067,954,0,331
2407,2069,958,0,328
2408,2068,958,0,322
2409,2064,952,0,331
2410,2060,952,0,335
2411,2060,946,0,337
2412,2059,938,0,343
2413,2059,932,0,350
2414,2061,932,0,347
2415,2061,933,0,351
2416,2064,937,0,346
2417,2062,933,0,340
2418,2061,930,0,342
2419,2062,925,0,352
2420,2060,916,0,348
2421,2059,914,0,334
2422,2057,909,0,338
2423,2060,908,0,336
2424,2061,910,0,338
2425,2059,912,0,326
2426,2060,914,0,330
2427,2057,908,0,338
2428,2051,907,0,340
2429,2047,894,0,342
2430,2045,881,0,351
2431,2046,881,0,342
2432,2045,878,0,348
2433,2034,877,0,357
2434,2023,874,0,336
2435,2018,879,0,358
2436,2016,879,0,350
2437,2014,876,0,350
2438,2009,879,0,359
2439,2005,878,0,6
2440,2002,878,0,15
2441,1995,877,0,18
2442,1993,878,0,22
2443,1983,886,0,18
2444,1977,889,0,18
2445,1966,891,0,19
2446,1958,895,0,11
2447,1946,896,0,8
2448,1929,896,0,348
2449,1925,899,0,339
2450,1923,904,0,335
2451,1917,899,0,341
2452,1914,899,0,338
2453,1917,898,0,355
2454,1918,897,0,354
2455,1921,902,0,5
2456,1920,905,0,13
2457,1916,907,0,17
2458,1915,909,0,27
2459,1919,921,0,32
2460,1914,926,0,37
2461,1909,923,0,33
2462,1899,926,0,36
2463,1892,930,0,35
2464,1889,950,0,15
2465,1882,948,0,13
2466,1871,949,0,5
2467,1866,949,0,2
2468,1858,950,0,7
2469,1854,946,0,8
2470,1854,940,0,18
2471,1856,939,0,17
2472,1856,938,0,24
2473,1855,937,0,38
2474,1855,935,0,38
2475,1856,933,0,36
2476,1857,933,0,35
2477,1858,933,0,34
2478,1857,933,0,38
2479,1857,933,0,39
2480,1857,933,0,43
2481,1857,933,0,46
2482,1857,932,0,50
2483,1858,933,0,52
2484,1858,933,0,51
2485,1858,934,0,53
2486,1858,934,0,53
2487,1858,933,0,55
2488,1859,933,0,59
2489,1860,932,0,58
2490,1860,931,0,57
2491,1860,931,0,59
2492,1861,931,0,59
2493,1860,932,0,59
2494,1860,933,0,58
2495,1860,934,0,52
2496,1860,934,0,52
2497,1860,934,0,53
2498,1861,934,0,52
2499,1861,933,0,57
2500,1861,933,0,56
2501,1861,934,0,56
2502,1860,934,0,56
2503,1859,934,0,59
2504,1859,934,0,60
2505,1859,934,0,60
2506,1859,933,0,57
2507,1860,931,0,58
2508,1860,930,0,58
2509,1859,932,0,58
2510,1859,933,0,57
2511,1859,932,0,57
2512,1859,932,0,58
2513,1860,931,0,57
2514,1861,930,0,58
2515,1863,930,0,54
2516,1865,931,0,50
2517,1867,932,0,50
2518,1870,932,0,53
2519,1870,932,0,55
2520,1869,932,0,61
2521,1869,932,0,60
2522,1869,931,0,61
2523,1870,931,0,63
2524,1872,934,0,67
2525,1873,934,0,69
2526,1876,933,0,71
2527,1876,933,0,67
2528,1875,932,0,72
2529,1875,931,0,74
2530,1873,930,0,77
2531,1872,930,0,81
2532,1871,931,0,77
2533,1874,932,0,73
2534,1873,937,0,81
2535,1885,939,0,100
2536,1886,945,0,107
2537,1887,956,0,108
2538,1883,959,0,132
2539,1889,951,0,139
2540,1895,951,0,163
2541,1903,942,0,165
2545,1904,936,0,173
2546,1902,922,0,168
2547,1900,914,0,162
2548,1897,921,0,149
2549,1893,925,0,128
2550,1895,931,0,112
2551,1898,932,0,94
2552,1890,941,0,81
2553,1894,952,0,76
2554,1889,957,0,77
2555,1889,963,0,89
2556,1891,963,0,89
2557,1889,961,0,88
2558,1888,962,0,86
2559,1891,959,0,75
2560,1891,958,0,66
2561,1892,960,0,68
2562,1896,959,0,79
2563,1897,960,0,79
2564,1897,960,0,80
2565,1897,963,0,86
2566,1899,963,0,95
2567,1902,965,0,92
2568,1906,962,0,88
2569,1908,961,0,87
2570,1908,962,0,82
2571,1907,962,0,82
2572,1906,962,0,92
2573,1906,963,0,87
2574,1910,970,0,92
2575,1918,972,0,98
2576,1918,977,0,114
2577,1925,990,0,107
2578,1931,997,0,102
2579,1937,1003,0,106
2580,1951,1003,0,107
2581,1947,1014,0,115
2582,1944,1018,0,112
2583,1958,1027,0,100
2584,1958,1036,0,107
2585,1974,1047,0,95
2586,1967,1055,0,110
2587,1965,1054,0,113
2588,1967,1055,0,114
2589,1966,1056,0,109
2590,1966,1051,0,113
2591,1964,1055,0,102
2592,1963,1055,0,99
2593,1964,1054,0,118
2594,1966,1055,0,129
2595,1968,1053,0,141
2596,1975,1051,0,131
2597,1978,1050,0,140
2598,1983,1052,0,139
2599,1984,1050,0,122
2600,1990,1058,0,118
2601,1991,1067,0,123
2602,1989,1062,0,127
2603,1985,1065,0,117
2604,1988,1063,0,118
2605,1988,1062,0,119
2606,1987,1060,0,122
2607,1987,1061,0,132
2608,1989,1056,0,158
2609,1991,1056,0,166
2610,1985,1060,0,176
2611,1985,1060,0,197
2612,1982,1056,0,206
2613,1978,1054,0,199
2614,1974,1056,0,187
2615,1977,1055,0,171
2616,1974,1058,0,165
2617,1978,1058,0,153
2618,1979,1062,0,183
2619,1981,1075,0,188
2620,1975,1085,0,185
2621,1983,1094,0,192
2622,1983,1092,0,213
2623,1986,1086,0,212
2624,1991,1083,0,194
2625,1999,1083,0,198
2626,2004,1081,0,201
2627,2003,1079,0,198
2628,1998,1082,0,199
2629,1999,1077,0,180
2630,2000,1077,0,172
2631,2000,1081,0,176
2632,2001,1088,0,168
2633,2000,1091,0,161
2634,2002,1091,0,161
2635,2001,1093,0,167
2636,2002,1101,0,181
2637,2000,1098,0,171
2638,1999,1097,0,160
2639,1998,1096,0,163
2640,1998,1096,0,172
2641,2000,1096,0,177
2642,2001,1096,0,184
2643,2004,1098,0,201
2644,2020,1100,0,223
2645,2020,1103,0,243
2646,2016,1104,0,232
2647,2018,1106,0,239
2648,2020,1107,0,243
2649,2019,1104,0,255
2650,2020,1106,0,277
2651,2017,1114,0,280
2652,2016,1114,0,278
2653,2021,1109,0,281
2654,2021,1114,0,288
2655,2021,1115,0,280
2656,2021,1115,0,275
2657,2021,1114,0,265
2658,2022,1112,0,259
2659,2024,1113,0,263
2660,2024,1115,0,265
2661,2028,1120,0,261
2662,2035,1117,0,263
2663,2036,1117,0,252
2664,2037,1120,0,230
2665,2040,1127,0,218
2666,2038,1128,0,213
2667,2043,1109,0,230
2668,2052,1103,0,246
2669,2061,1098,0,251
2670,2060,1091,0,262
2671,2063,1082,0,267
2672,2061,1068,0,278
2673,2061,1062,0,276
2674,2059,1064,0,274
2675,2058,1066,0,277
2676,2058,1068,0,280
2677,2062,1069,0,282
2678,2062,1074,0,267
2679,2060,1075,0,263
2680,2059,1074,0,263
2681,2055,1071,0,266
2682,2058,1069,0,251
2683,2056,1068,0,242
2684,2051,1066,0,236
2685,2053,1065,0,226
2686,2055,1065,0,208
2687,2057,1064,0,196
2688,2059,1062,0,186
2689,2063,1066,0,189
2690,2067,1074,0,222
2691,2062,1074,0,224
2692,2057,1072,0,228
2693,2056,1070,0,246
2694,2051,1066,0,255
2695,2048,1063,0,257
2696,2051,1060,0,253
2697,2046,1062,0,239
2698,2049,1062,0,212
2699,2049,1061,0,207
2700,2049,1059,0,195
2701,2051,1056,0,177
2702,2060,1061,0,175
2703,2060,1060,0,173
2704,2059,1059,0,161
2705,2056,1058,0,152
2706,2054,1043,0,133
2707,2049,1041,0,105
2708,2048,1040,0,88
2709,2049,1040,0,82
2710,2046,1039,0,75
2711,2044,1039,0,78
2712,2042,1044,0,77
2713,2041,1045,0,65
2714,2039,1051,0,74
2715,2034,1053,0,79
2716,2027,1060,0,80
2717,2027,1067,0,81
2718,2032,1073,0,78
2719,2030,1077,0,74
2720,2028,1074,0,69
2721,2021,1075,0,58
2722,2018,1069,0,29
2723,2013,1070,0,11
2724,2011,1068,0,17
2725,2009,1066,0,17
2726,2008,1067,0,13
2727,2003,1065,0,10
2728,2002,1065,0,10
2729,2001,1063,0,13
2730,2001,1065,0,19
2731,2003,1066,0,22
2732,2000,1070,0,29
2733,1997,1074,0,28
2734,2002,1082,0,29
2735,1994,1078,0,25
2736,1984,1083,0,21
2737,1981,1086,0,32
2738,1980,1089,0,52
2739,1983,1088,0,59
2740,1986,1087,0,55
2741,1986,1087,0,53
2742,1984,1082,0,58
2743,1987,1082,0,59
2744,1986,1082,0,53
2745,1985,1081,0,51
2746,1981,1075,0,55
2747,1979,1075,0,66
2748,1982,1079,0,51
2749,1982,1078,0,47
2750,1986,1079,0,50
2751,1983,1076,0,44
2752,1984,1077,0,59
2753,1989,1077,0,63
2754,1990,1084,0,41
2755,1984,1081,0,49
2756,1980,1074,0,53
2757,1983,1070,0,61
2758,1985,1069,0,65
2759,1991,1068,0,78
2760,1996,1073,0,81
2761,1998,1078,0,69
2762,1999,1081,0,69
2763,2001,1082,0,63
2764,1999,1085,0,66
2765,2005,1086,0,71
2766,2011,1088,0,67
2767,2015,1091,0,43
2768,2017,1094,0,37
2769,2015,1094,0,44
2770,2003,1095,0,53
2771,2000,1098,0,55
2772,2007,1096,0,55
2773,2005,1094,0,57
2774,2005,1092,0,61
2775,2007,1088,0,71
2776,2006,1090,0,67
2777,2011,1094,0,69
2778,2020,1097,0,51
2779,2019,1099,0,34
2780,2019,1099,0,46
2781,2020,1099,0,60
2782,2019,1098,0,66
2783,2019,1100,0,64
2784,2019,1099,0,64
2785,2017,1100,0,61
2786,2014,1094,0,86
2787,2016,1089,0,84
2788,2020,1091,0,72
2789,2021,1087,0,68
2790,2021,1086,0,71
2791,2019,1084,0,83
2792,2017,1082,0,99
2793,2017,1083,0,87
2794,2018,1084,0,72
2795,2015,1082,0,59
2796,2016,1077,0,61
2797,2015,1076,0,67
2798,2012,1083,0,54
2799,2007,1085,0,47
2800,2004,1087,0,43
2801,2004,1085,0,29
2802,1999,1073,0,6
2803,1985,1071,0,352
2804,1983,1070,0,354
2805,1980,1077,0,357
2806,1980,1081,0,1
2807,1980,1085,0,342
2808,1988,1080,0,347
2809,1990,1081,0,358
2810,1990,1088,0,351
2811,1996,1085,0,344
2812,1997,1088,0,337
2813,2001,1094,0,328
2814,2004,1096,0,329
2815,2006,1095,0,327
2816,2003,1092,0,327
2817,1994,1081,0,318
2818,1991,1076,0,319
2819,1995,1074,0,299
2820,1992,1061,0,284
2821,1990,1053,0,296
2822,1989,1044,0,291
2823,1987,1037,0,279
2824,1989,1028,0,274
2825,1988,1024,0,260
2826,1990,1013,0,248
2827,1992,1008,0,235
2828,1993,1001,0,223
2829,1994,1000,0,221
2830,1998,998,0,222
2831,2001,998,0,212
2832,2001,1001,0,214
2833,1997,1001,0,207
2834,1994,1004,0,208
2835,1993,1002,0,203
2836,1992,1001,0,195
2837,1995,998,0,196
2838,1994,998,0,197
2839,1994,998,0,206
2840,1996,998,0,210
2841,1998,997,0,210
2842,2000,996,0,211
2843,2002,995,0,210
2844,1999,996,0,208
2845,1998,996,0,208
2846,1997,996,0,211
2847,1998,997,0,218
2848,1999,999,0,222
2849,2000,1006,0,232
2850,2013,1007,0,241
2851,2022,1009,0,255
2852,2027,1013,0,273
2853,2028,1016,0,277
2854,2024,1017,0,307
2855,2024,1022,0,308
2856,2008,1018,0,291
2857,2004,1010,0,276
2858,2004,993,0,276
2859,1994,981,0,260
2860,2000,972,0,254
2861,1999,974,0,250
2862,1996,963,0,246
2863,1996,958,0,246
2864,1995,954,0,248
2865,1996,948,0,244
2866,2001,945,0,243
2867,2001,946,0,247
2868,2002,949,0,244
2869,2002,948,0,243
2870,2003,947,0,245
2871,2007,949,0,240
2872,2008,944,0,247
2873,2013,938,0,240
2874,2013,935,0,238
2875,2019,929,0,236
2876,2019,928,0,239
2877,2021,926,0,236
2878,2025,928,0,237
2879,2030,925,0,242
2880,2035,921,0,254
2881,2041,916,0,257
2882,2050,912,0,258
2883,2055,912,0,261
2884,2058,913,0,273
2885,2063,911,0,276
2886,2064,914,0,283
2887,2057,919,0,285
2888,2047,925,0,307
2889,2036,921,0,275
2890,2034,921,0,274
2893,2013,911,0,212
2894,2011,910,0,211
2895,2006,904,0,208
2896,2012,896,0,200
2897,2021,895,0,165
2898,2028,898,0,150
2899,2028,898,0,149
2900,2026,896,0,142
2901,2022,899,0,160
2902,2022,901,0,161
2903,2023,903,0,167
2904,2027,910,0,170
2905,2039,917,0,186
2906,2039,920,0,179
2907,2041,919,0,168
2908,2045,924,0,161
2909,2051,925,0,143
2910,2057,922,0,138
2911,2070,926,0,145
2912,2087,940,0,144
2913,2093,940,0,145
2916,2116,930,0,153
2917,2112,942,0,183
2918,2107,941,0,345
2919,2102,939,0,156
2920,2099,938,0,132
2921,2099,935,0,109
2922,2101,930,0,91
2923,2100,931,0,82
2924,2096,935,0,52
2925,2093,941,0,50
2926,2091,941,0,34
2927,2090,943,0,15
2929,2083,936,0,347
2930,2083,939,0,329
2931,2084,917,0,315
2932,2077,914,0,318
2933,2068,913,0,319
2934,2064,913,0,353
2935,2062,919,0,5
2936,2058,926,0,20
2939,2030,936,0,40
2940,2023,949,0,49
2941,2017,953,0,53
2942,2018,954,0,68
2943,2018,948,0,78
2944,2017,944,0,74
2945,2019,946,0,78
2946,2017,949,0,77
2947,2021,955,0,83
2948,2022,952,0,91
2949,2020,952,0,99
2950,2022,951,0,102
2951,2022,947,0,115
2952,2028,945,0,137
2954,2042,940,0,154
2956,2045,945,0,202
2957,2045,939,0,205
2958,2045,939,0,207
2959,2047,938,0,201
2960,2048,938,0,198
2961,2052,942,0,180
2963,2061,936,0,173
2964,2054,935,0,166
2965,2044,935,0,146
2966,2044,937,0,132
2967,2047,932,0,121
2968,2051,939,0,120
2969,2054,947,0,120
2970,2061,958,0,124
2971,2071,966,0,109
2972,2073,970,0,120
2974,2084,989,0,100
2975,2087,1001,0,110
2978,2090,1015,0,110
2980,2092,1028,0,124
2996,2036,1099,0,139
2997,2039,1104,0,130
2998,2043,1107,0,129
2999,2047,1108,0,118
