0,1785,1635,0,244
1,1781,1638,0,257
2,1777,1642,0,285
3,1774,1643,0,306
6,1781,1646,0,291
7,1780,1644,0,297
8,1779,1644,0,292
9,1779,1644,0,290
10,1778,1643,0,294
11,1778,1642,0,296
12,1777,1642,0,297
13,1777,1642,0,297
14,1778,1642,0,297
15,1777,1641,0,297
16,1777,1641,0,297
17,1776,1640,0,297
18,1776,1640,0,298
19,1776,1639,0,298
20,1777,1640,0,297
21,1777,1640,0,297
22,1777,1640,0,298
23,1777,1640,0,298
24,1777,1640,0,299
25,1777,1640,0,298
26,1777,1641,0,299
27,1777,1640,0,298
28,1777,1640,0,298
29,1777,1640,0,298
30,1777,1640,0,299
31,1777,1640,0,298
32,1777,1640,0,298
33,1777,1640,0,299
34,1776,1639,0,301
35,1776,1640,0,299
36,1776,1640,0,300
37,1776,1640,0,300
38,1776,1639,0,301
39,1776,1640,0,299
40,1776,1639,0,298
41,1776,1639,0,297
42,1776,1639,0,297
43,1776,1639,0,299
44,1776,1640,0,298
45,1777,1640,0,296
46,1777,1640,0,296
47,1777,1640,0,296
48,1777,1641,0,296
49,1777,1640,0,298
50,1777,1640,0,297
51,1777,1640,0,298
52,1777,1640,0,297
53,1777,1640,0,297
54,1777,1640,0,298
55,1777,1640,0,298
56,1777,1640,0,298
57,1777,1640,0,299
58,1777,1640,0,298
59,1777,1640,0,299
60,1777,1641,0,299
61,1777,1640,0,301
62,1777,1640,0,300
63,1777,1640,0,298
64,1777,1640,0,299
65,1777,1640,0,299
66,1777,1639,0,300
67,1777,1639,0,300
68,1777,1639,0,300
69,1776,1639,0,299
70,1776,1638,0,298
71,1777,1639,0,298
72,1777,1639,0,299
73,1777,1639,0,299
74,1777,1639,0,299
75,1777,1639,0,298
76,1777,1639,0,299
77,1777,1638,0,298
78,1777,1639,0,298
79,1777,1638,0,298
80,1777,1639,0,298
81,1777,1639,0,299
82,1777,1639,0,300
83,1777,1640,0,301
84,1777,1639,0,301
85,1778,1640,0,301
86,1778,1640,0,301
87,1778,1640,0,302
88,1778,1640,0,301
89,1777,1640,0,301
90,1777,1640,0,301
91,1777,1640,0,301
92,1777,1640,0,299
93,1777,1640,0,300
94,1777,1640,0,299
95,1778,1640,0,300
96,1778,1640,0,296
97,1778,1640,0,300
98,1777,1639,0,299
99,1777,1639,0,301
100,1777,1639,0,301
101,1778,1639,0,304
102,1778,1639,0,305
103,1779,1638,0,308
104,1778,1638,0,306
105,1778,1638,0,306
106,1778,1638,0,306
107,1778,1637,0,308
108,1778,1637,0,309
109,1778,1636,0,308
110,1778,1637,0,305
111,1778,1638,0,306
112,1778,1639,0,308
113,1778,1638,0,309
114,1778,1636,0,307
115,1777,1635,0,310
116,1776,1634,0,309
117,1776,1634,0,310
118,1776,1634,0,310
119,1776,1634,0,311
120,1776,1636,0,308
121,1777,1639,0,307
122,1778,1639,0,307
123,1778,1640,0,307
124,1777,1640,0,308
125,1778,1641,0,306
126,1778,1641,0,304
127,1778,1641,0,305
128,1777,1641,0,305
129,1777,1641,0,305
130,1777,1640,0,306
131,1777,1641,0,305
132,1778,1641,0,303
133,1778,1641,0,305
134,1778,1641,0,304
135,1778,1641,0,303
136,1778,1641,0,304
137,1778,1641,0,303
138,1778,1641,0,303
139,1778,1642,0,302
140,1777,1641,0,302
141,1777,1640,0,301
142,1776,1639,0,304
143,1777,1640,0,303
144,1777,1640,0,301
145,1777,1641,0,302
146,1777,1641,0,302
147,1777,1640,0,303
148,1777,1641,0,306
149,1777,1640,0,304
150,1777,1641,0,306
151,1776,1640,0,307
152,1776,1640,0,304
153,1777,1640,0,304
154,1777,1640,0,303
155,1777,1640,0,305
156,1777,1640,0,307
157,1778,1641,0,305
158,1777,1641,0,307
159,1778,1641,0,305
160,1778,1641,0,304
161,1778,1641,0,303
162,1778,1642,0,301
163,1778,1642,0,303
164,1778,1642,0,303
165,1779,1643,0,302
166,1778,1642,0,303
167,1779,1642,0,305
168,1778,1642,0,305
169,1778,1641,0,305
170,1778,1642,0,305
171,1778,1642,0,303
172,1778,1641,0,303
173,1778,1641,0,303
174,1778,1641,0,306
175,1778,1641,0,304
176,1778,1642,0,304
177,1778,1641,0,303
178,1778,1641,0,304
179,1778,1641,0,301
180,1778,1640,0,306
181,1778,1641,0,302
182,1779,1641,0,301
183,1778,1641,0,303
184,1779,1641,0,303
185,1779,1642,0,305
186,1779,1642,0,304
187,1778,1642,0,306
188,1779,1643,0,303
189,1779,1643,0,301
190,1779,1645,0,302
191,1777,1645,0,303
192,1777,1645,0,303
193,1777,1646,0,302
194,1776,1645,0,302
195,1776,1645,0,302
196,1776,1645,0,301
197,1777,1644,0,301
198,1777,1645,0,299
199,1778,1646,0,299
200,1779,1646,0,300
201,1779,1646,0,299
202,1779,1646,0,300
203,1780,1646,0,301
204,1780,1646,0,299
205,1781,1647,0,301
206,1781,1647,0,301
207,1780,1646,0,300
208,1780,1646,0,299
209,1780,1646,0,299
210,1780,1645,0,299
211,1779,1645,0,298
212,1779,1645,0,298
213,1779,1646,0,299
214,1779,1645,0,299
215,1780,1646,0,299
216,1779,1646,0,299
217,1780,1647,0,300
218,1780,1646,0,299
219,1780,1646,0,299
220,1780,1646,0,298
221,1779,1646,0,298
222,1779,1646,0,298
223,1780,1646,0,298
224,1779,1646,0,298
225,1779,1646,0,299
226,1779,1646,0,299
227,1778,1645,0,297
228,1778,1646,0,296
229,1778,1646,0,294
230,1778,1646,0,295
231,1779,1647,0,294
232,1779,1647,0,294
233,1779,1647,0,294
234,1779,1648,0,294
235,1779,1648,0,296
236,1779,1648,0,295
237,1779,1648,0,298
238,1779,1647,0,298
239,1779,1647,0,298
240,1779,1647,0,299
241,1779,1647,0,298
242,1779,1647,0,297
243,1779,1647,0,296
244,1779,1647,0,295
245,1779,1648,0,295
246,1779,1647,0,295
247,1779,1647,0,293
248,1779,1647,0,294
249,1779,1647,0,293
250,1779,1647,0,293
251,1779,1648,0,292
252,1779,1648,0,294
253,1779,1648,0,294
254,1779,1648,0,293
255,1779,1648,0,293
256,1779,1648,0,294
257,1779,1648,0,294
258,1779,1648,0,294
259,1779,1648,0,293
260,1779,1648,0,295
261,1779,1648,0,295
262,1779,1648,0,293
263,1779,1648,0,293
264,1779,1648,0,294
265,1779,1649,0,295
266,1779,1649,0,294
267,1778,1650,0,287
268,1777,1650,0,282
269,1778,1650,0,288
270,1779,1649,0,295
271,1779,1649,0,296
272,1779,1651,0,296
273,1779,1650,0,296
274,1779,1650,0,296
275,1779,1649,0,295
276,1779,1649,0,294
277,1779,1649,0,293
278,1779,1650,0,294
279,1779,1650,0,297
280,1779,1650,0,299
281,1779,1651,0,297
282,1778,1651,0,295
283,1778,1651,0,296
284,1778,1650,0,296
285,1778,1651,0,296
286,1778,1651,0,295
287,1778,1652,0,300
288,1778,1651,0,306
289,1777,1651,0,306
290,1777,1650,0,307
291,1777,1649,0,307
292,1777,1649,0,306
293,1777,1650,0,300
294,1776,1650,0,291
295,1777,1650,0,287
296,1776,1650,0,287
297,1776,1651,0,281
298,1776,1650,0,281
299,1776,1650,0,283
300,1776,1650,0,284
301,1776,1650,0,283
302,1777,1648,0,278
303,1777,1650,0,270
304,1778,1649,0,265
305,1779,1648,0,266
306,1780,1648,0,271
307,1781,1647,0,275
308,1781,1647,0,271
309,1783,1646,0,273
310,1782,1647,0,277
311,1782,1646,0,281
312,1780,1647,0,282
313,1778,1645,0,285
314,1774,1643,0,284
315,1773,1644,0,288
316,1771,1643,0,285
317,1768,1642,0,278
318,1766,1642,0,275
319,1768,1639,0,278
320,1773,1640,0,287
321,1775,1637,0,288
322,1774,1636,0,287
323,1774,1636,0,282
324,1775,1634,0,280
325,1775,1633,0,286
326,1773,1630,0,282
327,1772,1629,0,280
328,1774,1629,0,280
329,1776,1633,0,285
330,1778,1637,0,295
331,1775,1637,0,312
332,1771,1640,0,320
333,1769,1641,0,323
334,1768,1643,0,319
335,1768,1642,0,323
336,1768,1643,0,324
337,1767,1646,0,329
338,1768,1645,0,329
339,1767,1647,0,329
340,1769,1649,0,335
341,1770,1649,0,338
342,1769,1648,0,336
343,1768,1648,0,337
344,1768,1648,0,335
345,1768,1647,0,338
346,1766,1644,0,340
347,1759,1644,0,342
348,1753,1647,0,338
349,1753,1648,0,330
350,1752,1648,0,326
351,1751,1652,0,327
352,1752,1654,0,312
353,1752,1657,0,315
354,1753,1659,0,316
355,1753,1661,0,328
356,1754,1663,0,330
357,1755,1664,0,330
358,1754,1664,0,330
359,1754,1663,0,331
360,1752,1663,0,333
361,1750,1662,0,336
362,1750,1662,0,340
363,1750,1662,0,338
364,1753,1661,0,335
365,1758,1659,0,327
366,1761,1662,0,323
367,1762,1663,0,321
368,1763,1663,0,317
369,1763,1665,0,314
370,1764,1664,0,309
371,1765,1664,0,306
372,1766,1663,0,292
373,1767,1660,0,282
374,1767,1654,0,277
375,1765,1652,0,272
376,1765,1651,0,269
377,1764,1651,0,266
378,1763,1648,0,256
379,1763,1647,0,256
380,1763,1649,0,255
381,1762,1650,0,252
382,1760,1648,0,240
383,1760,1650,0,231
384,1760,1651,0,223
385,1762,1653,0,217
386,1760,1653,0,214
387,1760,1653,0,211
388,1761,1654,0,208
389,1760,1654,0,201
390,1759,1656,0,201
391,1759,1656,0,202
392,1758,1658,0,203
393,1755,1663,0,197
394,1757,1664,0,186
395,1762,1667,0,183
396,1765,1670,0,180
397,1766,1673,0,190
398,1765,1674,0,195
399,1766,1678,0,200
400,1769,1681,0,202
401,1772,1684,0,197
402,1780,1681,0,209
403,1792,1688,0,233
404,1798,1688,0,246
405,1809,1690,0,249
406,1813,1685,0,257
407,1814,1684,0,255
408,1817,1678,0,248
409,1824,1674,0,227
410,1832,1672,0,215
411,1837,1666,0,214
412,1846,1658,0,220
413,1848,1654,0,218
414,1853,1650,0,222
415,1857,1643,0,225
416,1860,1638,0,229
417,1861,1632,0,234
418,1859,1634,0,230
419,1859,1637,0,237
420,1857,1639,0,240
421,1855,1639,0,240
422,1854,1642,0,241
423,1854,1641,0,242
424,1854,1640,0,246
425,1854,1639,0,249
426,1855,1640,0,260
427,1856,1639,0,266
428,1854,1637,0,269
429,1852,1636,0,268
430,1851,1635,0,268
431,1848,1633,0,271
432,1841,1632,0,276
433,1843,1625,0,295
434,1844,1620,0,311
435,1842,1623,0,318
436,1841,1626,0,319
437,1840,1628,0,321
438,1839,1628,0,317
439,1838,1628,0,320
440,1839,1630,0,319
441,1838,1631,0,318
442,1837,1629,0,317
443,1832,1627,0,317
444,1831,1627,0,321
445,1829,1625,0,319
446,1826,1623,0,315
447,1825,1623,0,318
448,1826,1621,0,307
449,1824,1618,0,304
450,1826,1612,0,307
451,1824,1610,0,305
452,1823,1608,0,304
453,1824,1606,0,305
454,1827,1608,0,306
455,1827,1608,0,307
456,1827,1611,0,308
457,1828,1611,0,305
458,1828,1610,0,301
459,1828,1613,0,300
460,1828,1614,0,298
461,1828,1614,0,298
462,1829,1613,0,301
463,1830,1613,0,300
464,1831,1614,0,302
465,1832,1614,0,302
466,1831,1613,0,305
467,1831,1613,0,307
468,1833,1614,0,308
469,1833,1615,0,306
470,1833,1615,0,306
471,1833,1614,0,310
472,1833,1614,0,310
473,1833,1614,0,308
474,1834,1614,0,310
475,1834,1614,0,308
476,1834,1613,0,314
477,1834,1613,0,316
478,1833,1612,0,310
479,1834,1613,0,310
480,1833,1613,0,308
481,1832,1613,0,305
482,1832,1614,0,302
483,1830,1615,0,299
484,1830,1616,0,297
485,1829,1616,0,295
486,1829,1617,0,298
487,1829,1617,0,300
488,1828,1616,0,300
489,1828,1617,0,301
490,1828,1619,0,299
491,1828,1617,0,296
492,1828,1616,0,295
493,1829,1616,0,295
494,1830,1617,0,301
495,1830,1618,0,304
496,1830,1618,0,310
497,1827,1617,0,307
498,1826,1619,0,304
499,1822,1621,0,302
500,1819,1622,0,299
501,1818,1624,0,290
502,1820,1625,0,292
503,1820,1626,0,289
504,1821,1627,0,289
505,1823,1626,0,301
506,1824,1625,0,308
507,1825,1624,0,314
508,1826,1626,0,321
509,1829,1627,0,327
510,1830,1628,0,327
511,1832,1629,0,329
512,1832,1629,0,331
513,1832,1627,0,328
514,1833,1626,0,335
515,1833,1624,0,337
516,1832,1625,0,328
517,1834,1627,0,333
518,1834,1626,0,339
519,1834,1625,0,346
520,1833,1623,0,354
521,1836,1622,0,359
522,1837,1621,0,4
523,1838,1619,0,12
524,1838,1620,0,5
525,1837,1616,0,8
526,1839,1613,0,21
527,1840,1609,0,27
528,1837,1609,0,34
529,1838,1610,0,38
530,1836,1611,0,60
531,1833,1619,0,63
532,1830,1623,0,65
533,1829,1623,0,53
534,1830,1622,0,54
535,1830,1623,0,50
536,1830,1624,0,48
537,1827,1627,0,51
538,1828,1628,0,47
539,1829,1624,0,49
540,1830,1620,0,47
541,1833,1614,0,69
542,1833,1612,0,74
543,1831,1610,0,70
544,1830,1607,0,76
545,1829,1606,0,77
546,1828,1610,0,85
547,1826,1608,0,86
548,1824,1610,0,86
549,1825,1617,0,87
550,1828,1620,0,75
551,1829,1626,0,71
552,1830,1627,0,67
553,1830,1628,0,62
554,1830,1630,0,58
555,1829,1634,0,61
556,1827,1638,0,59
557,1829,1643,0,65
558,1836,1643,0,60
559,1836,1640,0,58
560,1833,1641,0,62
561,1830,1643,0,72
562,1829,1649,0,78
563,1827,1656,0,76
564,1825,1657,0,82
565,1822,1662,0,88
566,1822,1672,0,79
567,1818,1679,0,89
568,1818,1684,0,95
569,1823,1687,0,97
570,1823,1692,0,106
571,1822,1695,0,112
572,1827,1696,0,119
574,1842,1704,0,141
575,1849,1706,0,151
576,1856,1706,0,158
577,1870,1709,0,166
578,1873,1719,0,150
579,1882,1724,0,138
580,1893,1734,0,133
581,1896,1746,0,106
582,1897,1757,0,94
583,1893,1767,0,91
584,1897,1780,0,86
585,1892,1788,0,80
586,1885,1798,0,63
587,1880,1806,0,57
588,1873,1811,0,44
589,1873,1808,0,36
590,1869,1811,0,41
591,1869,1810,0,40
592,1866,1812,0,48
593,1858,1823,0,52
594,1852,1832,0,60
595,1853,1834,0,53
596,1848,1846,0,62
597,1842,1855,0,58
598,1841,1863,0,70
599,1841,1878,0,84
600,1845,1889,0,94
601,1854,1898,0,101
602,1864,1902,0,113
603,1868,1910,0,115
604,1879,1922,0,106
605,1883,1922,0,106
606,1885,1931,0,109
607,1887,1945,0,99
608,1888,1956,0,92
609,1882,1968,0,90
610,1879,1982,0,80
611,1878,1995,0,78
612,1882,2002,0,95
613,1884,2003,0,96
614,1889,2006,0,106
615,1900,2007,0,114
616,1917,2012,0,125
617,1927,2013,0,148
618,1937,2013,0,187
619,1946,2003,0,195
620,1952,1990,0,200
621,1956,1989,0,193
622,1963,1987,0,201
623,1977,1981,0,217
624,1988,1972,0,217
625,2001,1966,0,211
626,2010,1956,0,220
627,2013,1951,0,222
628,2025,1942,0,222
629,2033,1932,0,228
630,2035,1925,0,234
631,2041,1915,0,239
632,2038,1908,0,247
633,2035,1891,0,268
634,2031,1878,0,273
635,2030,1869,0,278
636,2023,1864,0,278
637,2021,1857,0,279
638,2017,1844,0,284
639,2013,1839,0,287
640,2007,1831,0,287
641,2005,1819,0,295
642,2001,1816,0,288
643,1991,1809,0,295
644,1989,1807,0,290
645,1990,1812,0,280
646,1990,1809,0,277
647,1990,1807,0,277
648,1989,1805,0,275
649,1983,1796,0,281
650,1976,1794,0,285
651,1971,1790,0,289
652,1964,1786,0,281
653,1962,1786,0,276
654,1961,1787,0,272
655,1959,1787,0,265
656,1957,1787,0,267
657,1957,1787,0,263
658,1958,1790,0,256
659,1960,1791,0,251
660,1957,1790,0,242
661,1962,1789,0,230
662,1965,1796,0,224
663,1975,1796,0,210
664,1982,1796,0,197
665,1994,1792,0,201
666,2001,1787,0,200
667,2013,1794,0,212
668,2015,1788,0,205
669,2017,1787,0,201
670,2027,1782,0,208
671,2031,1781,0,216
672,2033,1780,0,204
673,2036,1781,0,201
674,2048,1777,0,210
675,2053,1773,0,207
676,2057,1767,0,219
677,2056,1766,0,214
678,2057,1766,0,218
679,2057,1767,0,215
680,2057,1766,0,216
681,2057,1766,0,213
682,2057,1766,0,216
683,2057,1765,0,225
684,2060,1760,0,233
685,2067,1756,0,227
686,2072,1746,0,239
687,2074,1742,0,240
688,2076,1735,0,233
689,2085,1733,0,231
690,2095,1721,0,236
691,2100,1716,0,229
692,2100,1710,0,224
693,2104,1700,0,225
694,2113,1695,0,231
695,2115,1688,0,238
696,2121,1678,0,249
697,2117,1674,0,257
698,2116,1670,0,260
699,2117,1667,0,260
700,2115,1656,0,260
701,2114,1651,0,258
702,2109,1645,0,261
703,2109,1639,0,262
704,2109,1632,0,258
705,2111,1624,0,250
706,2113,1619,0,249
707,2112,1616,0,246
708,2114,1616,0,249
709,2111,1610,0,250
710,2111,1608,0,246
711,2115,1602,0,238
712,2119,1594,0,233
713,2121,1588,0,244
714,2118,1582,0,255
715,2117,1578,0,255
716,2117,1581,0,256
717,2118,1581,0,254
718,2117,1580,0,263
719,2115,1583,0,266
720,2114,1585,0,269
721,2112,1585,0,272
722,2109,1584,0,276
723,2108,1583,0,284
724,2106,1580,0,291
725,2105,1577,0,297
726,2104,1575,0,303
727,2103,1574,0,310
728,2100,1572,0,310
729,2100,1572,0,303
730,2101,1573,0,296
731,2103,1575,0,282
732,2105,1575,0,271
733,2109,1574,0,265
734,2113,1570,0,265
735,2113,1566,0,263
736,2113,1566,0,262
737,2114,1567,0,262
738,2112,1567,0,263
739,2111,1568,0,264
740,2109,1568,0,265
741,2107,1569,0,266
742,2107,1569,0,268
743,2106,1568,0,268
744,2107,1569,0,267
745,2109,1571,0,265
746,2110,1572,0,257
747,2111,1570,0,255
748,2112,1568,0,259
749,2112,1565,0,261
750,2110,1566,0,262
751,2111,1568,0,264
752,2109,1567,0,265
753,2106,1565,0,269
754,2106,1567,0,269
755,2107,1569,0,267
756,2107,1570,0,265
757,2109,1573,0,255
758,2110,1574,0,255
759,2109,1575,0,257
760,2109,1574,0,256
761,2108,1573,0,255
762,2109,1573,0,251
763,2114,1569,0,248
764,2116,1564,0,246
765,2117,1563,0,248
766,2120,1562,0,240
767,2124,1557,0,241
768,2125,1553,0,243
769,2126,1553,0,239
770,2129,1551,0,227
771,2131,1549,0,218
772,2132,1548,0,212
773,2136,1547,0,216
774,2140,1540,0,231
775,2141,1534,0,236
776,2147,1526,0,244
777,2150,1517,0,246
778,2150,1513,0,259
779,2152,1514,0,264
780,2151,1513,0,264
781,2151,1513,0,263
782,2150,1512,0,259
783,2149,1509,0,259
784,2148,1506,0,261
785,2148,1505,0,263
786,2148,1504,0,265
787,2149,1505,0,268
788,2147,1505,0,265
789,2145,1505,0,266
790,2146,1506,0,266
791,2145,1505,0,267
792,2143,1499,0,276
793,2140,1498,0,283
794,2135,1495,0,299
795,2129,1490,0,315
796,2127,1487,0,318
797,2124,1484,0,314
798,2124,1485,0,312
799,2123,1482,0,304
800,2122,1480,0,308
801,2122,1479,0,296
802,2126,1477,0,296
803,2128,1478,0,301
804,2129,1480,0,299
805,2128,1482,0,291
806,2126,1482,0,280
807,2123,1481,0,278
808,2123,1479,0,276
809,2124,1477,0,271
810,2125,1470,0,273
811,2126,1466,0,268
812,2127,1465,0,268
813,2128,1462,0,263
814,2129,1461,0,263
815,2130,1460,0,261
816,2129,1458,0,262
817,2125,1455,0,269
818,2123,1454,0,271
819,2122,1452,0,263
820,2122,1450,0,252
821,2125,1451,0,251
822,2126,1452,0,256
823,2126,1455,0,260
824,2127,1457,0,255
825,2127,1457,0,249
826,2126,1455,0,250
827,2125,1451,0,244
828,2125,1451,0,247
829,2124,1452,0,249
830,2123,1455,0,242
831,2121,1455,0,240
832,2119,1455,0,246
833,2118,1457,0,242
834,2119,1456,0,239
835,2119,1459,0,248
836,2117,1458,0,253
837,2117,1461,0,262
838,2117,1461,0,267
839,2117,1462,0,269
840,2115,1463,0,272
841,2115,1465,0,275
842,2113,1466,0,271
843,2111,1470,0,269
844,2111,1468,0,262
845,2111,1470,0,267
846,2116,1472,0,269
847,2116,1470,0,280
848,2114,1463,0,282
849,2114,1462,0,282
850,2113,1459,0,280
851,2112,1455,0,273
852,2114,1449,0,269
853,2119,1447,0,261
854,2122,1447,0,260
855,2122,1447,0,260
856,2124,1441,0,263
857,2121,1435,0,262
858,2122,1429,0,266
859,2121,1426,0,269
860,2124,1423,0,272
861,2122,1423,0,272
862,2122,1423,0,272
863,2121,1422,0,270
864,2121,1425,0,273
865,2121,1424,0,268
866,2122,1424,0,265
867,2124,1421,0,261
868,2121,1418,0,256
869,2122,1415,0,254
870,2123,1416,0,246
871,2124,1418,0,242
872,2120,1417,0,237
873,2113,1422,0,230
874,2113,1421,0,237
875,2112,1424,0,245
876,2107,1429,0,255
877,2105,1435,0,252
878,2110,1437,0,251
879,2110,1446,0,252
880,2110,1454,0,262
881,2105,1457,0,258
882,2101,1457,0,261
883,2101,1455,0,254
884,2099,1447,0,255
885,2102,1447,0,262
886,2099,1443,0,264
887,2099,1443,0,268
888,2096,1445,0,269
889,2096,1446,0,268
890,2095,1450,0,269
891,2093,1456,0,274
892,2089,1454,0,268
893,2089,1452,0,268
894,2092,1457,0,255
895,2092,1463,0,266
896,2092,1465,0,268
897,2093,1467,0,269
898,2088,1465,0,250
899,2084,1466,0,252
900,2085,1471,0,253
901,2086,1468,0,251
902,2083,1471,0,230
903,2085,1473,0,223
904,2086,1477,0,212
905,2088,1481,0,195
906,2089,1486,0,177
907,2099,1480,0,176
908,2104,1480,0,174
909,2108,1481,0,168
910,2111,1479,0,170
911,2111,1481,0,160
912,2111,1483,0,146
913,2114,1491,0,120
914,2121,1499,0,126
915,2127,1500,0,131
916,2135,1502,0,126
917,2139,1506,0,120
918,2145,1517,0,115
919,2154,1530,0,114
920,2153,1545,0,111
921,2159,1561,0,102
922,2162,1576,0,114
923,2169,1585,0,123
924,2173,1596,0,124
925,2182,1602,0,144
926,2189,1610,0,148
927,2201,1615,0,149
928,2208,1620,0,150
929,2214,1627,0,147
930,2224,1622,0,162
931,2227,1621,0,169
932,2236,1619,0,183
933,2256,1618,0,190
934,2267,1613,0,197
935,2287,1602,0,211
936,2291,1598,0,210
937,2303,1595,0,201
938,2320,1586,0,206
939,2327,1583,0,200
940,2341,1574,0,207
941,2357,1565,0,208
942,2364,1559,0,219
943,2374,1546,0,223
944,2382,1539,0,213
945,2395,1531,0,210
946,2402,1532,0,207
947,2412,1531,0,192
948,2425,1541,0,167
949,2429,1537,0,168
950,2436,1530,0,193
951,2440,1531,0,191
952,2450,1532,0,178
953,2458,1526,0,184
954,2458,1519,0,210
955,2460,1517,0,213
956,2461,1518,0,218
958,2472,1524,0,209
976,2208,1469,0,177
977,2216,1470,0,176
979,2243,1476,0,168
980,2259,1469,0,160
985,2332,1435,0,232
988,2363,1400,0,206
993,2425,1361,0,180
995,2447,1361,0,164
