0,1154,903,0,49
1,1153,905,0,46
2,1155,903,0,45
3,1155,902,0,41
4,1161,894,0,31
5,1164,889,0,28
6,1165,889,0,36
7,1167,889,0,37
8,1167,890,0,40
9,1169,889,0,42
10,1171,890,0,48
11,1171,894,0,48
12,1170,898,0,61
13,1168,903,0,60
14,1168,907,0,59
15,1166,908,0,62
16,1164,912,0,62
17,1161,913,0,62
18,1158,915,0,55
19,1153,918,0,50
20,1147,925,0,47
21,1145,925,0,38
22,1143,928,0,35
23,1142,928,0,32
24,1140,928,0,28
25,1140,928,0,27
26,1138,928,0,28
27,1136,926,0,24
28,1133,921,0,16
29,1129,919,0,13
30,1125,918,0,7
31,1116,922,0,2
32,1109,923,0,359
33,1104,922,0,2
34,1099,924,0,5
35,1095,923,0,5
36,1089,923,0,3
37,1085,924,0,4
38,1084,926,0,7
39,1085,927,0,8
40,1086,926,0,8
41,1086,928,0,13
42,1085,930,0,20
43,1086,926,0,17
44,1089,925,0,14
45,1092,920,0,10
46,1093,918,0,12
47,1094,918,0,5
48,1095,923,0,356
49,1096,920,0,351
50,1097,921,0,356
51,1100,922,0,358
52,1104,922,0,355
53,1111,924,0,342
54,1113,924,0,333
55,1112,923,0,324
56,1113,920,0,313
57,1114,920,0,305
58,1117,918,0,303
59,1124,908,0,301
60,1124,905,0,294
61,1123,904,0,290
62,1125,902,0,283
63,1126,897,0,277
64,1126,893,0,280
65,1124,888,0,285
66,1122,881,0,291
67,1118,876,0,300
68,1118,869,0,313
69,1119,869,0,309
70,1121,869,0,313
71,1120,866,0,325
72,1118,866,0,326
73,1118,866,0,327
74,1118,866,0,326
75,1119,865,0,322
76,1117,860,0,331
77,1116,859,0,333
78,1116,857,0,338
79,1114,857,0,340
80,1118,854,0,328
81,1116,850,0,328
82,1117,846,0,327
83,1110,844,0,318
84,1101,840,0,328
85,1097,836,0,327
86,1095,829,0,336
87,1094,825,0,337
88,1091,822,0,341
89,1087,820,0,348
90,1085,820,0,349
91,1083,820,0,347
92,1076,822,0,339
93,1072,820,0,344
94,1067,819,0,346
95,1062,822,0,348
96,1053,823,0,350
97,1047,822,0,352
98,1046,816,0,349
99,1039,819,0,352
100,1031,823,0,352
101,1027,824,0,352
102,1022,824,0,354
103,1016,825,0,0
104,1014,821,0,353
105,1012,821,0,358
106,1011,821,0,354
107,1011,818,0,359
108,1013,817,0,354
109,1013,814,0,357
110,1012,818,0,352
111,1012,817,0,351
112,1011,818,0,351
113,1008,819,0,348
114,1005,820,0,347
115,1002,820,0,347
116,1001,821,0,350
117,1007,822,0,344
118,1007,820,0,338
119,1007,822,0,344
120,1005,822,0,348
121,1007,822,0,343
122,1008,822,0,346
123,1008,824,0,347
124,1006,823,0,352
125,1002,823,0,351
126,996,821,0,352
127,991,820,0,354
128,988,822,0,351
129,986,820,0,348
130,984,817,0,346
131,980,820,0,347
132,981,821,0,341
133,983,823,0,346
134,980,824,0,350
135,978,826,0,355
136,977,829,0,358
137,973,828,0,5
138,969,833,0,11
139,964,835,0,14
140,962,837,0,20
141,961,840,0,25
142,959,842,0,31
143,957,845,0,29
144,956,846,0,22
145,953,848,0,22
146,951,850,0,19
147,949,852,0,18
148,944,853,0,15
149,941,853,0,19
150,937,851,0,24
151,938,851,0,21
152,940,850,0,17
153,935,851,0,14
154,929,850,0,7
155,923,848,0,359
156,921,848,0,357
157,918,848,0,356
158,916,847,0,356
159,916,849,0,356
160,914,852,0,351
161,914,854,0,352
162,913,853,0,355
163,911,851,0,354
164,909,852,0,358
165,907,850,0,358
166,904,849,0,358
167,901,848,0,356
168,899,847,0,353
169,897,847,0,349
170,895,847,0,346
171,896,847,0,344
172,897,849,0,348
173,896,849,0,353
174,893,850,0,355
175,891,852,0,356
176,889,854,0,355
177,883,852,0,0
178,878,851,0,2
179,874,851,0,3
180,869,850,0,3
181,866,851,0,2
182,859,851,0,7
183,852,849,0,16
184,846,850,0,17
185,844,852,0,17
186,841,853,0,15
187,840,853,0,13
188,836,853,0,12
189,831,854,0,10
190,830,856,0,12
191,828,857,0,15
192,827,857,0,10
193,824,855,0,10
194,823,856,0,9
195,823,857,0,11
196,820,856,0,14
197,816,855,0,13
198,810,856,0,11
199,802,856,0,3
200,797,853,0,358
201,794,847,0,351
202,785,840,0,348
203,779,844,0,351
204,774,847,0,350
205,771,849,0,350
206,765,850,0,352
207,760,848,0,357
208,757,848,0,358
209,758,846,0,356
210,755,846,0,355
211,749,847,0,353
212,745,845,0,355
213,744,843,0,353
214,743,842,0,358
215,741,842,0,359
216,741,840,0,4
217,746,840,0,3
218,748,839,0,8
219,749,839,0,4
220,748,839,0,7
221,746,839,0,10
222,743,839,0,9
223,741,839,0,8
224,737,840,0,10
225,736,843,0,14
226,734,844,0,11
227,734,843,0,9
228,734,843,0,8
229,732,841,0,8
230,734,842,0,9
231,734,841,0,7
232,738,842,0,6
233,739,840,0,4
234,740,841,0,7
235,739,841,0,6
236,737,839,0,1
237,735,838,0,359
238,734,839,0,357
239,735,838,0,357
240,737,838,0,354
241,738,838,0,354
242,739,838,0,351
243,737,840,0,349
244,737,839,0,347
245,737,838,0,351
246,738,840,0,356
247,735,840,0,357
248,731,840,0,355
249,727,839,0,354
250,724,838,0,4
251,721,835,0,1
252,720,831,0,354
253,715,833,0,354
254,709,834,0,351
255,706,831,0,351
256,703,832,0,347
257,700,832,0,347
258,695,831,0,350
259,692,831,0,351
260,691,833,0,347
261,690,830,0,345
262,690,830,0,341
263,687,827,0,341
264,684,827,0,341
265,683,827,0,342
266,684,826,0,343
267,684,824,0,340
268,683,824,0,338
269,684,824,0,336
270,684,824,0,336
271,689,823,0,338
272,690,821,0,341
273,690,820,0,348
274,689,820,0,350
275,690,821,0,355
276,687,824,0,356
277,684,830,0,358
278,683,834,0,5
279,681,835,0,10
280,678,840,0,14
281,677,841,0,14
282,672,838,0,13
283,669,838,0,12
284,662,840,0,9
285,656,842,0,3
286,653,842,0,2
287,651,842,0,2
288,650,842,0,1
289,650,842,0,0
290,649,842,0,358
291,649,843,0,358
292,648,843,0,358
293,645,843,0,359
294,644,843,0,357
295,644,843,0,359
296,644,843,0,357
297,644,843,0,358
298,643,843,0,358
299,644,844,0,354
300,644,844,0,353
301,644,844,0,353
302,646,845,0,354
303,647,845,0,355
304,653,843,0,358
305,658,839,0,356
306,658,841,0,358
307,655,841,0,0
308,652,843,0,355
309,650,841,0,342
310,650,838,0,340
311,649,831,0,327
312,646,828,0,322
313,641,823,0,322
314,637,821,0,320
315,633,817,0,311
316,633,813,0,308
317,634,810,0,306
318,632,809,0,303
319,632,808,0,310
320,631,808,0,318
321,631,808,0,326
322,633,807,0,335
323,633,806,0,345
324,632,805,0,348
325,632,805,0,351
326,634,804,0,351
327,634,805,0,342
328,633,804,0,342
329,633,805,0,341
330,633,805,0,341
331,632,804,0,343
332,629,801,0,347
333,626,799,0,348
334,623,795,0,355
335,620,792,0,358
336,616,790,0,7
337,611,789,0,16
338,604,789,0,22
339,604,792,0,24
340,602,792,0,21
341,593,794,0,37
342,592,796,0,38
343,592,797,0,34
344,591,798,0,26
345,586,801,0,29
346,580,806,0,38
347,580,807,0,45
348,579,812,0,55
349,577,817,0,55
350,570,821,0,53
351,568,828,0,49
352,566,833,0,54
353,560,838,0,53
354,560,838,0,55
355,560,841,0,56
356,561,840,0,58
357,560,841,0,59
358,558,842,0,57
359,559,844,0,51
360,559,845,0,45
361,561,846,0,37
362,562,847,0,39
363,560,848,0,37
364,560,849,0,35
365,561,849,0,35
366,561,849,0,34
367,561,849,0,35
368,560,850,0,34
369,561,850,0,32
370,561,850,0,32
371,561,850,0,31
372,562,850,0,33
373,561,850,0,34
374,560,850,0,30
375,559,851,0,29
376,559,850,0,30
377,560,850,0,33
378,560,850,0,33
379,559,850,0,34
380,560,850,0,34
381,558,850,0,35
382,558,849,0,41
383,555,849,0,64
384,555,848,0,56
385,554,846,0,78
386,555,847,0,66
387,553,846,0,77
388,550,848,0,89
389,549,847,0,92
390,547,844,0,95
391,546,843,0,101
392,547,843,0,103
393,547,842,0,102
394,547,841,0,102
395,547,841,0,98
396,548,841,0,98
397,549,842,0,97
398,549,842,0,96
399,548,842,0,91
400,547,843,0,90
401,546,843,0,94
402,545,843,0,97
403,545,843,0,99
404,545,844,0,99
405,544,844,0,103
406,544,844,0,103
407,545,844,0,103
408,545,845,0,104
409,545,844,0,103
410,545,845,0,103
411,544,843,0,103
412,545,844,0,97
413,546,843,0,96
414,546,844,0,95
415,546,845,0,97
416,546,845,0,97
417,546,845,0,95
418,545,845,0,98
419,546,845,0,99
420,546,844,0,98
421,547,844,0,100
422,547,844,0,101
423,547,846,0,102
424,547,846,0,101
425,546,847,0,103
426,544,847,0,107
427,544,846,0,106
428,545,847,0,105
429,545,846,0,107
430,545,846,0,109
431,545,847,0,112
432,543,848,0,117
433,542,848,0,114
434,543,847,0,114
435,543,847,0,121
436,546,849,0,115
437,546,849,0,113
438,546,848,0,113
439,545,847,0,114
440,546,847,0,109
441,547,848,0,107
442,546,847,0,107
443,547,847,0,110
444,546,845,0,111
445,546,846,0,110
446,546,846,0,109
447,546,846,0,109
448,546,847,0,109
449,546,847,0,109
450,546,847,0,109
451,546,847,0,111
452,546,847,0,111
453,545,847,0,112
454,546,847,0,111
455,545,848,0,112
456,545,848,0,114
457,545,848,0,115
458,545,846,0,116
459,546,846,0,116
460,545,846,0,115
461,545,846,0,114
462,546,846,0,112
463,546,845,0,113
464,546,845,0,114
465,546,845,0,114
466,546,845,0,114
467,546,845,0,112
468,546,846,0,110
469,546,847,0,109
470,547,846,0,111
471,547,847,0,109
472,548,845,0,105
473,548,846,0,105
474,548,845,0,103
475,547,845,0,105
476,547,844,0,102
477,547,845,0,103
478,547,844,0,104
479,547,844,0,104
480,547,845,0,106
481,547,846,0,107
482,547,847,0,109
483,547,847,0,109
484,546,847,0,110
485,547,846,0,108
486,547,846,0,107
487,547,847,0,108
488,547,847,0,108
489,547,846,0,108
490,547,847,0,107
491,547,846,0,108
492,547,846,0,107
493,547,847,0,106
494,547,847,0,107
495,547,847,0,108
496,547,846,0,109
497,548,846,0,105
498,547,847,0,108
499,546,848,0,111
500,546,848,0,112
501,546,847,0,108
502,547,847,0,107
503,547,847,0,109
504,547,848,0,110
505,547,849,0,111
506,546,848,0,110
507,547,846,0,109
508,547,845,0,105
509,547,845,0,105
510,547,845,0,105
511,548,847,0,107
512,548,847,0,104
513,548,847,0,107
514,547,847,0,107
515,548,848,0,110
516,548,848,0,108
517,548,848,0,108
518,548,848,0,109
519,548,846,0,110
520,547,845,0,111
521,547,845,0,109
522,547,845,0,110
523,548,845,0,108
524,548,846,0,108
525,547,846,0,108
526,547,846,0,109
527,547,846,0,110
528,548,847,0,109
529,548,847,0,109
530,548,847,0,109
531,548,847,0,108
532,548,847,0,107
533,548,847,0,107
534,547,847,0,109
535,547,847,0,110
536,547,847,0,110
537,547,847,0,110
538,547,847,0,108
539,547,847,0,109
540,547,847,0,108
541,547,847,0,109
542,547,847,0,109
543,548,848,0,108
544,548,847,0,108
545,547,847,0,108
546,547,847,0,110
547,547,848,0,111
548,548,849,0,111
549,548,849,0,111
550,548,849,0,112
551,548,848,0,111
552,548,848,0,112
553,547,848,0,113
554,547,848,0,113
555,547,848,0,113
556,547,848,0,113
557,547,849,0,113
558,547,848,0,114
559,547,848,0,114
560,547,849,0,115
561,547,849,0,114
562,547,849,0,114
563,547,849,0,115
564,547,849,0,115
565,547,849,0,115
566,547,849,0,115
567,547,849,0,115
568,547,849,0,115
569,547,849,0,114
570,547,848,0,114
571,547,849,0,114
572,547,849,0,114
573,547,849,0,114
574,547,849,0,114
575,547,850,0,113
576,547,849,0,113
577,547,849,0,115
578,547,849,0,116
579,547,849,0,117
580,547,849,0,118
581,547,850,0,118
582,547,850,0,118
583,547,849,0,119
584,547,848,0,122
585,546,847,0,118
586,546,846,0,115
587,546,846,0,115
588,546,845,0,115
589,546,846,0,115
590,547,846,0,116
591,547,846,0,115
592,547,846,0,116
593,547,846,0,115
594,548,847,0,114
595,547,845,0,114
596,548,845,0,115
597,548,846,0,115
598,548,845,0,114
599,548,847,0,113
600,548,847,0,114
601,548,847,0,116
602,547,846,0,116
603,548,847,0,117
604,547,846,0,116
605,547,847,0,115
606,547,847,0,116
607,547,847,0,116
608,548,847,0,114
609,548,847,0,113
610,548,847,0,115
611,547,847,0,115
612,547,847,0,116
613,547,847,0,116
614,547,847,0,115
615,547,847,0,116
616,547,848,0,115
617,547,848,0,113
618,547,848,0,114
619,547,848,0,115
620,547,848,0,114
621,547,848,0,114
622,547,848,0,113
623,547,847,0,111
624,547,847,0,113
625,547,848,0,113
626,547,848,0,114
627,547,848,0,114
628,547,848,0,115
629,546,848,0,116
630,546,848,0,117
631,546,848,0,116
632,546,848,0,116
633,546,849,0,116
634,546,848,0,117
635,546,849,0,116
636,546,849,0,116
637,546,849,0,116
638,546,848,0,117
639,546,848,0,117
640,546,848,0,117
641,546,848,0,119
642,546,848,0,117
643,547,848,0,117
644,547,849,0,116
645,546,848,0,118
646,546,847,0,116
647,546,847,0,116
648,546,847,0,116
649,546,847,0,115
650,546,847,0,115
651,546,847,0,114
652,547,847,0,115
653,547,847,0,114
654,547,847,0,114
655,547,847,0,114
656,547,847,0,113
657,547,847,0,113
658,547,847,0,114
659,547,846,0,114
660,547,847,0,114
661,547,846,0,114
662,547,847,0,114
663,546,845,0,113
664,546,845,0,113
665,546,846,0,113
666,546,845,0,113
667,545,845,0,112
668,545,845,0,112
669,545,846,0,114
670,545,848,0,113
671,546,847,0,114
672,545,847,0,112
673,545,848,0,115
674,545,849,0,114
675,545,847,0,118
676,545,848,0,119
677,545,848,0,119
678,546,850,0,117
679,546,849,0,118
680,545,849,0,118
681,546,849,0,118
682,545,848,0,118
683,546,849,0,118
684,546,850,0,120
685,546,850,0,120
686,546,850,0,120
687,545,849,0,121
688,545,849,0,120
689,545,850,0,118
690,545,850,0,116
691,545,849,0,122
692,546,850,0,119
693,546,850,0,120
694,547,850,0,120
695,547,850,0,120
696,546,850,0,120
697,547,850,0,119
698,547,850,0,119
699,547,850,0,118
700,547,850,0,119
701,547,850,0,119
702,547,850,0,119
703,547,850,0,119
704,547,849,0,118
705,547,849,0,118
706,547,848,0,118
707,547,848,0,117
708,547,848,0,117
709,547,848,0,118
710,547,848,0,117
711,547,848,0,117
712,547,848,0,116
713,547,848,0,118
714,547,848,0,118
715,547,848,0,117
716,547,849,0,117
717,546,848,0,118
718,547,850,0,119
719,546,852,0,119
720,546,851,0,118
721,545,850,0,117
722,545,848,0,117
723,548,849,0,111
724,548,848,0,107
725,548,848,0,106
726,549,848,0,103
727,549,848,0,94
728,550,847,0,102
729,549,849,0,100
730,550,852,0,105
731,550,854,0,109
732,550,855,0,114
733,550,855,0,118
734,549,854,0,114
735,548,855,0,112
736,547,854,0,118
737,549,850,0,101
738,550,850,0,100
739,550,850,0,107
740,549,851,0,107
741,548,850,0,113
742,548,851,0,110
743,548,849,0,110
744,548,845,0,107
745,550,837,0,98
746,551,841,0,100
747,548,835,0,96
748,548,842,0,99
749,548,841,0,98
750,548,841,0,99
751,548,844,0,102
752,548,848,0,109
753,549,853,0,116
754,549,853,0,115
755,549,852,0,116
756,549,855,0,118
757,548,856,0,124
758,547,857,0,117
759,547,857,0,119
760,547,855,0,116
761,547,854,0,124
762,547,852,0,106
763,547,851,0,105
764,547,851,0,105
765,547,852,0,108
766,547,851,0,116
767,546,851,0,120
768,547,851,0,116
769,547,852,0,115
770,547,853,0,115
771,548,855,0,118
772,549,855,0,118
773,549,857,0,109
774,549,856,0,112
775,549,855,0,114
776,549,856,0,105
777,547,854,0,117
778,547,853,0,114
779,548,853,0,114
780,547,852,0,112
781,547,852,0,111
782,547,850,0,113
783,546,849,0,113
784,547,850,0,114
785,547,849,0,116
786,548,850,0,117
787,548,850,0,116
788,548,851,0,118
789,548,850,0,119
790,548,850,0,116
791,547,849,0,118
792,547,850,0,119
793,548,850,0,119
794,547,850,0,119
795,547,851,0,121
796,547,849,0,120
797,547,850,0,119
798,548,851,0,121
799,548,851,0,122
800,548,852,0,119
801,548,851,0,120
802,548,852,0,121
803,547,850,0,121
804,548,851,0,120
805,548,852,0,121
806,547,851,0,118
807,547,851,0,119
808,547,851,0,120
809,547,851,0,120
810,547,851,0,121
811,548,850,0,121
812,548,851,0,121
813,548,851,0,119
814,548,851,0,120
815,548,851,0,119
816,548,851,0,119
817,548,851,0,118
818,548,851,0,118
819,548,851,0,118
820,549,852,0,119
821,549,851,0,122
822,548,850,0,120
823,548,850,0,118
824,547,849,0,116
825,546,849,0,116
826,546,849,0,116
827,546,849,0,117
828,546,849,0,119
829,546,849,0,119
830,545,849,0,118
831,545,850,0,113
832,545,850,0,113
833,544,846,0,116
834,546,849,0,117
835,546,849,0,116
836,547,849,0,118
837,547,849,0,119
838,547,849,0,117
839,548,849,0,116
840,547,849,0,117
841,547,849,0,118
842,547,849,0,118
843,547,848,0,118
844,547,848,0,118
845,547,849,0,118
846,547,849,0,120
847,547,848,0,119
848,548,850,0,119
849,548,850,0,118
850,548,850,0,122
851,548,851,0,122
852,548,851,0,122
853,548,851,0,123
854,547,850,0,121
855,548,851,0,121
856,547,850,0,123
857,547,851,0,123
858,548,852,0,124
859,547,850,0,122
860,548,851,0,122
861,548,851,0,123
862,548,851,0,126
863,547,850,0,126
864,547,850,0,125
865,547,850,0,126
866,548,850,0,126
867,547,850,0,124
868,547,850,0,124
869,547,851,0,122
870,547,850,0,126
871,546,850,0,119
872,546,851,0,118
873,546,850,0,118
874,546,850,0,117
875,546,850,0,117
876,546,851,0,115
877,546,851,0,115
878,546,850,0,115
879,545,850,0,113
880,546,850,0,115
881,546,851,0,118
882,545,850,0,122
883,545,850,0,123
884,544,850,0,124
885,544,849,0,124
886,545,850,0,122
887,545,851,0,119
888,545,852,0,117
889,546,851,0,115
890,546,851,0,118
891,546,852,0,118
892,545,851,0,119
893,546,851,0,118
894,547,851,0,117
895,547,851,0,115
896,546,848,0,119
897,547,847,0,115
898,548,850,0,111
899,548,851,0,114
900,546,848,0,130
901,546,847,0,128
902,547,850,0,116
903,548,850,0,120
904,547,850,0,117
905,547,848,0,120
906,548,848,0,134
907,549,853,0,120
908,549,853,0,121
909,549,853,0,121
910,549,853,0,122
911,548,853,0,121
912,549,854,0,123
913,548,854,0,123
914,548,853,0,125
915,548,853,0,123
916,548,853,0,122
917,548,852,0,121
918,547,851,0,122
919,547,853,0,119
920,548,853,0,120
921,547,853,0,122
922,547,852,0,122
923,547,852,0,117
924,548,853,0,117
925,548,854,0,112
926,548,853,0,114
927,547,852,0,113
928,548,852,0,115
929,548,852,0,117
930,548,852,0,115
931,548,852,0,119
932,548,851,0,120
933,549,852,0,116
934,549,850,0,112
935,548,850,0,115
936,548,851,0,115
937,547,850,0,114
938,548,848,0,114
939,547,846,0,111
940,548,847,0,108
941,548,849,0,111
942,548,849,0,112
943,548,849,0,111
944,548,849,0,111
945,548,847,0,107
946,548,848,0,106
947,547,849,0,112
948,547,847,0,109
949,548,848,0,112
950,548,849,0,113
951,548,850,0,111
952,548,849,0,110
953,548,849,0,110
954,548,849,0,112
955,548,849,0,111
956,548,849,0,111
957,548,849,0,111
958,548,848,0,110
959,548,849,0,109
960,548,849,0,109
961,548,849,0,109
962,548,849,0,110
963,548,850,0,111
964,548,849,0,112
965,548,849,0,112
966,547,850,0,112
967,547,850,0,112
968,547,850,0,113
969,548,850,0,111
970,547,849,0,113
971,548,850,0,111
972,548,849,0,110
973,548,849,0,108
974,548,849,0,111
975,548,850,0,112
976,548,850,0,112
977,548,850,0,113
978,548,850,0,111
979,548,850,0,109
980,547,849,0,109
981,547,850,0,108
982,548,850,0,109
983,548,851,0,108
984,548,849,0,106
985,548,851,0,108
986,548,851,0,110
987,548,851,0,109
988,548,851,0,108
989,548,851,0,107
990,548,851,0,108
991,547,851,0,108
992,547,850,0,109
993,547,850,0,110
994,547,850,0,111
995,548,850,0,113
996,548,851,0,112
997,548,850,0,112
998,548,849,0,110
999,548,849,0,111
1000,548,849,0,112
1001,548,848,0,110
1002,548,848,0,109
1003,548,850,0,111
1004,547,850,0,110
1005,547,850,0,110
1006,548,851,0,110
1007,547,850,0,110
1008,547,850,0,112
1009,547,850,0,112
1010,547,849,0,111
1011,546,850,0,110
1012,546,850,0,111
1013,546,849,0,111
1014,547,850,0,110
1015,547,849,0,113
1016,546,849,0,111
1017,546,849,0,110
1018,546,849,0,110
1019,546,849,0,110
1020,546,849,0,111
1021,547,850,0,112
1022,547,850,0,113
1023,547,850,0,114
1024,548,851,0,113
1025,548,850,0,114
1026,548,851,0,115
1027,548,852,0,113
1028,548,851,0,113
1029,548,851,0,113
1030,547,850,0,114
1031,548,852,0,111
1032,548,852,0,112
1033,548,851,0,113
1034,547,851,0,115
1035,548,852,0,114
1036,548,853,0,114
1037,548,852,0,115
1038,547,851,0,116
1039,547,850,0,116
1040,547,850,0,116
1041,547,850,0,117
1042,547,851,0,115
1043,547,852,0,117
1044,547,852,0,115
1045,548,851,0,116
1046,548,850,0,117
1047,547,850,0,118
1048,548,850,0,116
1049,548,850,0,118
1050,547,848,0,117
1051,548,848,0,112
1052,548,848,0,109
1053,547,847,0,108
1054,546,848,0,113
1055,546,847,0,115
1056,546,848,0,112
1057,546,848,0,113
1058,545,849,0,110
1059,545,849,0,110
1060,544,848,0,110
1061,544,848,0,107
1062,543,847,0,107
1063,543,846,0,108
1064,544,848,0,107
1065,543,847,0,107
1066,544,848,0,109
1067,543,849,0,109
1068,544,848,0,108
1069,543,848,0,110
1070,544,850,0,111
1071,544,850,0,113
1072,545,851,0,113
1073,545,851,0,113
1074,545,850,0,113
1075,545,850,0,112
1076,545,850,0,109
1077,544,850,0,114
1078,544,850,0,115
1079,545,849,0,117
1080,545,849,0,119
1081,545,849,0,116
1082,546,849,0,115
1083,546,848,0,117
1084,546,850,0,114
1085,546,850,0,116
1086,546,850,0,114
1087,546,851,0,113
1088,546,851,0,116
1089,547,853,0,118
1090,547,853,0,119
1091,547,852,0,119
1092,547,853,0,118
1093,548,853,0,116
1094,547,852,0,117
1095,547,851,0,117
1096,547,851,0,118
1097,548,852,0,117
1098,547,852,0,116
1099,547,852,0,117
1100,548,852,0,115
1101,548,852,0,115
1102,548,852,0,114
1103,548,851,0,112
1104,548,851,0,110
1105,548,850,0,111
1106,548,850,0,112
1107,548,849,0,110
1108,548,849,0,111
1109,548,849,0,113
1110,549,851,0,115
1111,549,853,0,112
1112,548,853,0,112
1113,549,854,0,110
1114,549,855,0,107
1115,549,854,0,111
1116,549,854,0,113
1117,549,854,0,113
1118,548,854,0,114
1119,548,853,0,116
1120,548,853,0,115
1121,548,853,0,116
1122,548,853,0,115
1123,548,853,0,117
1124,548,852,0,118
1125,548,852,0,116
1126,548,853,0,116
1127,547,852,0,116
1128,548,852,0,117
1129,548,852,0,116
1130,548,852,0,118
1131,548,852,0,120
1132,548,852,0,119
1133,547,852,0,119
1134,547,852,0,119
1135,548,852,0,119
1136,548,852,0,119
1137,547,852,0,119
1138,547,852,0,119
1139,548,852,0,118
1140,548,853,0,116
1141,548,852,0,118
1142,547,852,0,118
1143,547,851,0,120
1144,548,852,0,118
1145,548,852,0,119
1146,548,852,0,120
1147,548,851,0,118
1148,548,852,0,118
1149,548,852,0,118
1150,548,852,0,118
1151,548,852,0,118
1152,548,851,0,119
1153,548,852,0,114
1154,548,851,0,111
1155,548,850,0,112
1156,548,850,0,109
1157,548,850,0,109
1158,548,850,0,110
1159,548,849,0,106
1160,548,850,0,109
1161,548,851,0,108
1162,547,851,0,115
1163,546,850,0,117
1164,547,851,0,119
1165,546,851,0,124
1166,546,852,0,123
1167,547,853,0,122
1168,546,853,0,123
1169,545,853,0,130
1170,544,852,0,130
1171,543,848,0,133
1172,543,848,0,128
1173,543,848,0,128
1174,544,846,0,122
1175,543,846,0,121
1176,543,846,0,121
1177,545,844,0,113
1178,546,844,0,106
1179,548,840,0,98
1180,551,841,0,92
1181,551,840,0,85
1182,551,837,0,85
1183,551,834,0,93
1184,554,833,0,85
1185,556,833,0,86
1186,557,831,0,90
1187,556,832,0,89
1188,556,829,0,90
1189,556,825,0,92
1190,554,824,0,96
1191,556,824,0,100
1192,554,823,0,102
1193,553,824,0,101
1194,554,823,0,108
1195,554,823,0,111
1196,554,821,0,114
1197,551,822,0,122
1198,554,823,0,120
1199,555,823,0,119
1200,554,822,0,121
1201,554,822,0,120
1202,552,821,0,115
1203,550,820,0,117
1204,550,820,0,115
1205,550,821,0,101
1206,551,822,0,93
1207,552,823,0,83
1208,552,823,0,78
1209,551,823,0,72
1210,552,824,0,72
1211,549,823,0,80
1212,549,822,0,79
1213,550,822,0,76
1214,550,822,0,78
1215,549,824,0,79
1216,549,825,0,78
1217,549,825,0,74
1218,550,825,0,70
1219,550,827,0,70
1220,550,827,0,66
1221,550,828,0,62
1222,550,829,0,60
1223,550,832,0,58
1224,551,833,0,55
1225,551,832,0,52
1226,552,830,0,42
1227,551,830,0,41
1228,552,830,0,37
1229,554,832,0,31
1230,554,831,0,22
1231,555,835,0,8
1232,556,835,0,6
1233,557,837,0,2
1234,556,838,0,1
1235,556,839,0,357
1236,556,840,0,353
1237,555,840,0,355
1238,555,841,0,354
1239,555,841,0,354
1240,554,841,0,354
1241,554,842,0,355
1242,554,842,0,355
1243,555,842,0,353
1244,552,842,0,346
1245,550,842,0,342
1246,551,842,0,334
1247,554,843,0,330
1248,553,842,0,327
1249,550,841,0,334
1250,550,841,0,340
1251,549,841,0,338
1252,550,840,0,335
1253,550,840,0,334
1254,550,842,0,333
1255,550,843,0,328
1256,550,844,0,332
1257,550,844,0,337
1258,551,843,0,335
1259,549,843,0,337
1260,549,843,0,346
1261,549,844,0,343
1262,549,844,0,345
1263,547,845,0,341
1264,548,844,0,352
1265,547,842,0,355
1266,547,841,0,358
1267,546,843,0,359
1268,545,845,0,359
1269,546,845,0,358
1270,546,845,0,358
1271,547,845,0,357
1272,548,843,0,354
1273,548,843,0,355
1274,549,843,0,354
1275,550,843,0,354
1276,550,843,0,355
1277,549,844,0,355
1278,549,844,0,356
1279,550,844,0,355
1280,550,843,0,357
1281,549,843,0,354
1282,549,842,0,353
1283,549,843,0,353
1284,549,843,0,354
1285,549,843,0,354
1286,549,843,0,353
1287,549,843,0,353
1288,550,844,0,351
1289,550,843,0,350
1290,551,842,0,351
1291,551,842,0,351
1292,551,843,0,353
1293,552,845,0,356
1294,553,845,0,358
1295,552,846,0,0
1296,551,846,0,2
1297,550,846,0,1
1298,550,846,0,3
1299,548,845,0,1
1300,545,846,0,0
1301,546,847,0,3
1302,547,847,0,6
1303,549,848,0,4
1304,548,849,0,7
1305,550,854,0,6
1306,549,855,0,10
1307,549,859,0,14
1308,547,864,0,16
1309,546,866,0,14
1310,543,869,0,14
1311,543,871,0,10
1312,537,861,0,6
1313,535,861,0,7
1314,537,863,0,17
1315,537,865,0,19
1316,540,864,0,18
1317,541,864,0,17
1318,540,866,0,15
1319,539,867,0,9
1320,538,868,0,4
1321,538,869,0,359
1322,539,870,0,359
1323,538,868,0,353
1324,539,869,0,348
1325,541,863,0,349
1326,540,868,0,344
1327,537,868,0,335
1328,534,868,0,330
1329,532,867,0,325
1330,532,861,0,323
1331,529,861,0,308
1332,527,858,0,302
1333,525,857,0,293
1334,526,858,0,285
1335,526,858,0,281
1336,526,859,0,288
1337,526,859,0,288
1338,524,857,0,276
1339,525,857,0,273
1340,525,854,0,275
1341,524,854,0,277
1342,525,854,0,281
1343,524,854,0,280
1344,525,853,0,284
1345,526,854,0,288
1346,526,853,0,288
1347,526,853,0,287
1348,526,854,0,286
1349,525,853,0,285
1350,526,854,0,290
1351,525,854,0,287
1352,525,854,0,284
1353,525,853,0,285
1354,525,853,0,287
1355,525,853,0,283
1356,524,853,0,276
1357,524,854,0,274
1358,524,855,0,277
1359,525,854,0,276
1360,524,854,0,272
1361,523,855,0,273
1362,524,856,0,273
1363,525,859,0,273
1364,524,863,0,274
1365,525,854,0,274
1366,529,844,0,276
1367,528,843,0,281
1368,527,840,0,283
1369,526,837,0,279
1370,524,837,0,278
1371,522,840,0,271
1372,522,838,0,266
1373,525,833,0,261
1374,527,825,0,251
1375,528,823,0,244
1376,529,822,0,228
1377,532,819,0,211
1378,537,813,0,204
1379,546,815,0,191
1380,550,814,0,189
1381,552,814,0,196
1382,553,813,0,196
1383,556,814,0,195
1384,560,813,0,197
1385,564,813,0,195
1386,564,814,0,199
1387,564,814,0,203
1388,564,814,0,205
1389,564,814,0,204
1390,564,814,0,200
1391,564,813,0,197
1392,562,814,0,192
1393,561,814,0,193
1394,563,814,0,191
1395,564,814,0,191
1396,564,814,0,194
1397,564,814,0,197
1398,565,813,0,198
1399,565,813,0,199
1400,565,813,0,196
1401,564,813,0,194
1402,560,814,0,190
1403,559,813,0,192
1404,556,813,0,197
1405,552,810,0,191
1406,549,808,0,188
1407,553,808,0,187
1408,561,814,0,169
1409,562,814,0,169
1410,567,816,0,168
1411,569,814,0,159
1412,571,817,0,156
1413,571,817,0,154
1414,571,818,0,167
1415,574,817,0,164
1416,576,816,0,164
1417,576,815,0,164
1418,581,819,0,182
1419,583,810,0,197
1420,589,811,0,206
1421,593,813,0,205
1422,591,808,0,208
1423,593,806,0,218
1424,596,802,0,225
1425,596,800,0,228
1426,601,795,0,234
1427,603,793,0,235
1428,603,791,0,235
1429,602,791,0,235
1430,603,790,0,237
1431,605,788,0,228
1432,605,785,0,223
1433,606,786,0,220
1434,613,783,0,226
1435,617,781,0,241
1436,616,778,0,232
1437,615,778,0,219
1438,616,778,0,220
1439,616,779,0,219
1440,615,777,0,250
1441,613,775,0,253
1442,611,773,0,254
1443,607,769,0,259
1444,606,768,0,260
1445,603,766,0,264
1446,603,764,0,265
1447,602,763,0,267
1448,603,762,0,272
1449,605,760,0,273
1450,604,759,0,277
1451,603,758,0,275
1452,603,755,0,272
1453,603,754,0,268
1454,602,751,0,261
1455,601,748,0,257
1456,599,746,0,253
1457,598,746,0,249
1458,597,744,0,247
1459,599,743,0,251
1460,601,742,0,254
1461,603,741,0,255
1462,604,741,0,252
1463,605,741,0,252
1464,604,742,0,251
1465,604,743,0,257
1466,603,742,0,255
1467,603,743,0,257
1468,603,744,0,259
1469,603,745,0,258
1470,604,744,0,258
1471,605,744,0,262
1472,605,744,0,265
1473,606,745,0,264
1474,606,743,0,266
1475,606,742,0,263
1476,606,742,0,267
1477,605,745,0,277
1478,605,742,0,264
1479,605,743,0,268
1480,605,741,0,267
1481,604,740,0,269
1482,604,741,0,270
1483,606,744,0,275
1484,607,746,0,279
1485,607,747,0,282
1486,607,746,0,283
1487,607,746,0,284
1488,607,746,0,284
1489,608,746,0,289
1490,608,747,0,290
1491,608,747,0,289
1492,609,748,0,292
1493,610,748,0,294
1494,609,748,0,287
1495,611,749,0,291
1496,611,749,0,298
1497,613,750,0,294
1498,615,748,0,306
1499,621,749,0,316
1500,621,751,0,316
1501,625,753,0,314
1502,621,755,0,306
1503,618,752,0,309
1504,616,749,0,311
1505,612,740,0,310
1506,610,736,0,309
1507,606,735,0,307
1508,603,733,0,310
1509,602,727,0,314
1510,601,724,0,306
1511,596,719,0,300
1512,591,716,0,298
1513,591,716,0,299
1514,592,713,0,300
1515,590,714,0,304
1516,586,713,0,308
1517,585,709,0,312
1518,583,702,0,311
1519,577,702,0,311
1520,576,700,0,322
1521,572,703,0,316
1522,566,699,0,308
1523,561,694,0,317
1524,555,692,0,313
1525,551,686,0,306
1526,547,679,0,312
1527,542,677,0,312
1528,538,675,0,311
1529,535,675,0,304
1530,534,673,0,303
1531,534,672,0,306
1532,535,672,0,307
1533,536,673,0,310
1534,537,673,0,312
1535,537,674,0,311
1536,536,674,0,309
1537,536,673,0,310
1538,537,673,0,311
1539,537,673,0,311
1540,535,674,0,307
1541,534,675,0,303
1542,531,673,0,299
1543,532,673,0,302
1544,532,673,0,299
1545,532,673,0,298
1546,530,672,0,295
1547,527,669,0,295
1548,527,669,0,293
1549,528,670,0,291
1550,529,671,0,292
1551,530,673,0,297
1552,530,672,0,296
1553,532,675,0,299
1554,533,675,0,295
1555,534,676,0,296
1556,535,676,0,296
1557,534,677,0,292
1558,533,672,0,291
1559,532,666,0,294
1560,532,665,0,297
1561,532,660,0,293
1562,532,656,0,288
1563,529,655,0,278
1564,529,652,0,276
1565,530,650,0,277
1566,533,652,0,271
1567,536,655,0,268
1568,528,648,0,275
1569,526,643,0,283
1570,522,638,0,284
1571,518,633,0,285
1572,515,628,0,276
1573,519,623,0,285
1574,517,619,0,282
1575,519,615,0,279
1576,514,615,0,281
1577,513,611,0,284
1578,510,608,0,278
1579,506,604,0,283
1580,506,601,0,280
1581,502,588,0,277
1582,500,584,0,273
1583,505,585,0,282
1584,502,586,0,283
1585,500,584,0,280
1586,499,583,0,268
1587,502,582,0,262
1588,504,577,0,264
1589,503,574,0,263
1590,504,574,0,263
1591,511,570,0,257
1592,512,569,0,261
1593,511,564,0,275
1594,509,559,0,274
1595,513,550,0,283
1596,511,546,0,290
1597,509,542,0,285
1598,506,539,0,289
1599,505,539,0,287
1600,504,537,0,285
1601,505,536,0,285
1602,506,533,0,286
1603,506,532,0,290
1604,505,532,0,290
1605,505,533,0,293
1606,503,531,0,288
1607,503,531,0,290
1608,505,534,0,298
1609,503,535,0,285
1610,500,533,0,289
1611,500,530,0,285
1612,500,532,0,289
1613,500,530,0,285
1614,500,529,0,281
1615,502,531,0,290
1616,501,531,0,286
1617,500,531,0,286
1618,500,529,0,290
1619,500,527,0,294
1620,500,526,0,294
1621,501,525,0,291
1622,501,525,0,288
1623,502,529,0,298
1624,500,527,0,301
1626,502,523,1,287
1627,502,523,1,299
1628,502,522,1,292
1629,501,522,1,296
1630,502,522,1,303
1631,502,522,1,319
1632,502,522,1,319
1633,502,522,1,309
1634,502,522,1,305
1635,502,522,1,303
1636,502,523,1,307
1637,504,523,1,318
1638,506,522,1,336
1639,503,522,0,346
1640,504,522,0,342
1641,504,522,1,334
1642,504,521,1,313
1643,505,520,1,321
1644,505,521,1,348
1645,504,521,1,23
1646,503,521,1,50
1647,503,521,0,33
1648,500,522,0,30
1649,498,524,0,41
1650,499,525,0,46
1651,499,524,0,48
1652,500,523,0,49
1653,501,522,0,47
1654,501,522,0,48
1655,501,522,0,47
1656,500,523,0,49
1657,500,522,0,44
1658,500,522,0,48
1659,501,521,0,37
1660,497,524,0,41
1661,498,521,0,34
1662,499,521,0,41
1663,500,519,0,43
1664,501,519,0,45
1665,500,520,0,44
1666,500,519,0,42
1667,501,517,0,38
1668,500,518,0,45
1669,499,521,0,46
1670,500,520,0,44
1671,500,521,0,47
1672,499,522,0,47
1673,499,522,0,48
1674,499,523,0,52
1675,500,522,0,49
1676,500,523,0,50
1677,499,523,0,51
1678,499,523,0,50
1679,500,524,0,53
1680,500,523,0,50
1681,499,524,0,52
1682,500,523,0,52
1683,500,523,0,51
1684,500,523,0,53
1685,500,522,0,53
1686,499,522,0,53
1687,499,522,0,54
1688,499,522,0,55
1689,499,522,0,55
1690,499,523,0,53
1691,500,522,0,52
1692,503,519,0,52
1693,504,518,1,55
1694,504,519,1,54
1695,504,518,1,52
1696,504,518,0,42
1697,503,518,0,45
1698,501,519,0,33
1699,500,521,0,35
1700,500,521,0,36
1701,500,521,0,37
1702,501,520,0,33
1703,504,517,1,40
1704,504,517,0,29
1705,503,519,0,38
1706,506,518,1,30
1707,508,517,1,35
1708,506,518,0,24
1709,508,517,0,22
1710,506,518,0,25
1711,501,520,0,35
1712,500,521,0,45
1713,500,521,0,49
1714,499,522,0,51
1715,498,523,0,44
1716,497,523,0,40
1717,497,522,0,32
1718,497,521,0,28
1719,497,522,0,34
1720,496,523,0,36
1721,496,524,0,41
1722,497,524,0,43
1723,497,525,0,46
1724,500,522,0,49
1725,501,521,0,50
1726,501,521,0,46
1727,502,520,0,48
1728,501,521,0,48
1729,501,520,0,44
1730,500,521,0,43
1731,499,522,0,43
1732,501,521,0,45
1733,502,519,1,66
1734,502,519,1,67
1735,502,520,1,59
1736,502,520,1,58
1737,502,520,1,80
1738,502,520,1,58
1739,502,519,1,51
1740,502,520,0,47
1741,500,521,0,41
1742,499,522,0,43
1743,499,522,0,41
1744,499,522,0,44
1745,499,522,0,44
1746,501,520,0,55
1747,501,519,0,56
1748,501,520,0,50
1749,501,520,0,49
1750,501,520,0,49
1751,501,520,0,49
1752,501,520,0,50
1753,502,519,0,52
1754,501,519,0,52
1755,501,520,0,49
1756,501,520,0,46
1757,501,519,0,50
1758,501,520,0,47
1759,500,521,0,44
1760,500,521,0,45
1761,500,522,0,48
1762,500,521,0,48
1763,500,521,0,48
1764,499,522,0,48
1765,499,522,0,48
1766,499,522,0,50
1767,499,523,0,52
1768,499,522,0,50
1769,499,522,0,49
1770,501,520,0,43
1771,502,519,1,41
1772,499,522,0,47
1773,499,522,0,45
1774,499,522,0,44
1775,501,521,0,29
1776,502,521,0,32
1777,501,520,0,37
1778,501,520,0,46
1779,501,520,0,36
1780,501,520,1,25
1781,501,520,1,14
1782,502,521,1,24
1783,502,521,1,29
1784,501,521,0,33
1785,502,521,0,35
1786,502,521,1,27
1787,502,521,1,22
1788,502,521,1,19
1789,502,521,1,32
1790,502,521,1,19
1791,502,521,1,24
1792,502,520,1,36
1793,502,520,1,44
1794,502,520,1,39
1795,502,521,0,31
1796,502,521,1,39
1797,502,521,1,44
1798,502,521,1,9
1799,501,521,1,20
1800,501,522,0,46
1801,499,524,0,46
1802,502,522,0,46
1803,502,521,1,30
1804,497,525,0,37
1805,502,521,1,26
1806,500,523,0,50
1807,500,523,0,49
1808,501,523,0,42
1809,501,522,0,31
1810,501,522,0,23
1815,502,521,0,42
1816,502,521,0,42
1817,502,520,1,59
1818,502,520,1,31
1819,502,521,1,44
1820,501,521,1,15
1821,501,521,1,48
1822,501,520,1,19
1823,501,521,1,12
1824,501,521,1,20
1825,501,521,1,13
1826,501,521,1,29
1827,501,521,1,15
1828,501,521,1,17
1829,501,521,1,9
1830,501,521,1,6
1831,501,521,1,13
1832,501,521,1,9
1833,501,521,1,6
1834,501,521,1,20
1835,502,521,1,14
1836,501,521,1,20
1837,502,521,1,16
1838,502,521,1,21
1839,502,521,1,17
1840,502,521,1,18
1841,502,521,1,18
1842,502,521,0,20
1843,502,521,1,17
1844,502,521,1,32
1845,502,521,1,27
1846,502,521,1,33
1847,502,520,0,37
1848,502,520,1,26
1849,502,520,1,22
1850,501,520,0,30
1851,502,520,0,27
1852,500,521,0,35
1853,499,522,0,37
1854,502,520,1,26
1855,502,520,1,27
1856,502,520,1,20
1857,501,521,0,33
1858,501,521,0,34
1859,501,521,0,37
1860,501,521,0,29
1861,502,521,1,29
1862,502,521,1,30
1863,502,521,1,39
1864,502,521,1,35
1865,502,521,1,39
1866,502,521,1,31
1867,502,520,1,36
1868,502,520,1,20
1869,502,520,1,8
1870,502,521,1,21
1871,502,521,1,17
1872,502,521,1,18
1873,502,521,1,15
1874,502,521,1,15
1875,502,521,1,25
1876,502,521,1,12
1877,502,520,1,30
1878,502,520,1,44
1879,502,520,1,48
1880,502,520,1,41
1881,502,520,1,47
1882,502,520,1,49
1883,502,520,1,45
1884,502,520,1,39
1885,502,520,1,32
1886,502,520,1,37
1887,502,520,1,43
1888,502,520,1,40
1889,502,520,1,38
1890,502,520,0,40
1891,502,520,0,37
1892,502,520,0,40
1893,501,520,0,39
1894,501,520,0,38
1895,502,520,1,37
1896,502,520,0,32
1897,502,521,1,33
1898,502,521,1,37
1899,502,521,0,37
1900,502,520,0,34
1901,501,521,0,38
1902,501,521,0,37
1903,501,521,0,36
1904,502,521,0,37
1905,501,521,0,39
1906,502,521,0,37
1907,502,521,0,44
1908,502,520,0,43
1909,501,521,0,42
1910,501,521,0,43
1911,500,522,0,44
1912,502,521,0,46
1913,501,521,0,46
1914,501,522,0,51
1915,500,522,0,54
1916,500,521,0,49
1917,500,521,0,47
1918,500,521,0,48
1919,499,522,0,49
1920,499,521,0,39
1921,489,525,0,30
1922,501,519,1,44
1923,500,519,0,39
1924,500,519,1,42
1925,500,519,0,39
1926,500,519,0,41
1927,501,519,0,43
1928,501,520,0,47
1929,500,520,0,51
1930,499,520,0,48
1931,500,519,0,43
1932,499,520,0,43
1933,499,521,0,43
1934,499,523,0,53
1935,499,523,0,45
1936,499,523,0,48
1937,496,526,0,45
1938,489,529,0,33
1939,496,525,0,41
1940,495,525,0,40
1941,500,520,1,28
1942,500,520,1,39
1943,500,522,0,39
1944,501,520,1,53
1945,501,520,1,47
1946,501,521,1,48
1947,501,520,1,42
1948,500,521,0,41
1949,501,521,0,40
1950,501,521,0,42
1951,499,523,0,42
1952,499,523,0,45
1953,501,521,0,52
1954,501,521,1,56
1955,502,521,0,59
1956,501,521,0,46
1957,502,520,1,56
1958,501,521,0,47
1959,501,521,0,67
1960,501,521,0,58
1961,501,521,0,50
1962,501,520,1,52
1963,502,520,1,52
1964,501,521,0,47
1965,500,521,0,47
1966,502,520,1,60
1967,501,520,1,56
1968,502,520,1,59
1969,501,521,0,50
1970,501,521,0,48
1971,500,522,0,47
1972,501,521,0,45
1973,501,520,0,46
1974,500,522,0,42
1975,501,520,0,46
1976,501,520,1,60
1977,501,521,1,34
1978,502,521,1,53
1979,502,520,1,62
1980,502,520,1,52
1981,501,520,1,13
1982,502,520,1,41
1983,501,520,1,36
1984,502,521,1,33
1985,502,521,1,49
1986,502,521,1,54
1987,502,521,1,44
1988,502,521,1,43
1989,503,520,1,61
1990,502,520,1,61
1991,501,520,1,55
1992,501,520,1,54
1993,501,520,1,60
1994,501,520,1,36
1995,501,520,1,31
1996,501,520,1,45
1997,501,520,1,54
1998,502,520,1,57
1999,501,520,1,53
2000,502,521,0,56
2001,500,521,0,48
2002,499,522,0,50
2003,499,522,0,47
2004,504,519,1,39
2005,505,520,1,29
2006,505,520,0,35
2007,505,520,0,24
2008,502,520,0,22
2009,503,520,0,32
2010,504,520,1,30
2011,506,519,0,24
2012,505,517,0,22
2013,505,522,0,10
2014,508,521,0,3
2015,509,522,0,7
2016,509,522,0,7
2017,511,519,0,6
2018,512,518,0,8
2019,512,517,0,12
2020,512,517,0,9
2021,513,517,0,9
2022,520,515,0,14
2023,522,511,0,13
2024,522,509,0,20
2025,525,509,0,14
2026,523,509,0,16
2027,521,508,0,21
2028,521,506,0,21
2029,522,505,0,24
2030,522,505,0,34
2031,522,503,0,48
2032,522,502,0,58
2033,522,504,0,55
2034,523,506,0,54
2035,522,509,0,55
2036,522,510,0,59
2037,522,510,0,61
2038,522,510,0,59
2039,522,508,0,63
2040,520,509,0,67
2041,521,507,0,68
2042,522,506,0,71
2043,526,505,0,73
2044,525,504,0,71
2045,525,507,0,72
2046,527,508,0,71
2047,529,507,0,68
2048,529,507,0,69
2049,530,508,0,67
2050,534,506,0,64
2051,535,506,0,65
2052,536,507,0,62
2053,538,506,0,51
2054,538,505,0,48
2055,540,503,0,40
2056,543,504,0,22
2057,540,506,0,12
2058,540,507,0,3
2059,539,509,0,359
2060,537,510,0,351
2061,537,511,0,347
2062,537,510,0,343
2063,540,510,0,344
2064,543,509,0,339
2065,542,509,0,328
2066,542,510,0,319
2067,543,509,0,317
2068,544,507,0,311
2069,545,507,0,303
2070,545,506,0,306
2071,547,509,0,308
2072,546,508,0,312
2073,543,503,0,318
2074,541,503,0,328
2075,535,503,0,335
2076,531,505,0,336
2077,525,504,0,341
2078,522,505,0,345
2079,519,504,0,350
2080,518,504,0,352
2081,515,503,0,353
2082,514,503,0,351
2083,513,504,0,350
2084,514,503,0,348
2085,514,503,0,352
2086,509,503,0,352
2087,504,504,0,348
2088,503,501,0,342
2089,500,503,0,339
2090,496,503,0,333
2091,495,501,0,329
2092,493,499,0,326
2093,491,499,0,325
2094,488,501,0,313
2095,488,498,0,319
2096,486,499,0,316
2097,484,499,0,315
2098,484,500,0,314
2099,481,500,0,307
2100,480,500,0,301
2101,477,500,0,297
2102,477,499,0,292
2103,475,498,0,287
2104,476,491,0,295
2105,475,486,0,300
2106,474,483,0,305
2107,471,481,0,306
2108,471,478,0,312
2109,468,477,0,317
2110,468,478,0,316
2111,467,478,0,312
2112,471,479,0,301
2113,471,478,0,301
2114,472,479,0,302
2115,472,480,0,302
2116,472,480,0,302
2117,471,478,0,303
2118,467,477,0,300
2119,468,472,0,304
2120,468,472,0,306
2121,468,471,0,303
2122,467,467,0,303
2123,468,464,0,312
2124,468,462,0,317
2125,467,459,0,327
2126,468,457,0,332
2127,465,456,0,331
2128,461,459,0,327
2129,460,460,0,324
2131,460,460,0,325
2133,465,463,0,326
2134,469,465,0,326
2135,468,464,0,326
2136,471,459,0,331
2137,467,449,0,354
2138,466,449,0,2
2139,462,452,0,6
2141,458,457,0,358
2142,450,458,0,353
2143,445,458,0,350
2144,441,457,0,346
2145,439,459,0,342
2146,435,457,0,336
2147,433,458,0,335
2148,432,457,0,333
2149,429,459,0,331
2150,427,461,0,339
2151,426,460,0,346
2152,429,456,0,352
2153,425,458,0,349
2154,422,459,0,349
2155,420,460,0,348
2156,417,462,0,355
2157,414,462,0,357
2158,414,461,0,359
2159,414,462,0,0
2160,415,462,0,359
2161,413,461,0,349
2162,414,463,0,346
2163,413,460,0,348
2164,417,462,0,353
2165,416,462,0,351
2166,414,463,0,354
2167,416,462,0,4
2168,417,462,0,5
2169,417,462,0,4
2170,413,461,0,3
2171,412,461,0,6
2172,411,461,0,6
2173,414,459,0,15
2174,420,457,0,19
2175,423,460,0,33
2176,428,465,0,45
2177,428,469,0,54
2178,428,472,0,51
2179,425,473,0,49
2180,423,479,0,61
2181,423,481,0,67
2182,421,481,0,77
2183,422,482,0,78
2184,421,479,0,82
2185,421,475,0,78
2186,417,480,0,68
2187,417,484,0,67
2188,417,488,0,69
2189,416,492,0,67
2190,417,495,0,66
2191,416,493,0,72
2192,416,491,0,78
2193,418,492,0,76
2194,419,497,0,79
2195,418,502,0,81
2196,409,516,0,67
2197,412,518,0,90
2198,413,522,0,93
2199,411,526,0,112
2200,414,528,0,121
2201,418,532,0,128
2202,413,532,0,140
2203,407,533,0,139
2204,408,542,0,159
2205,408,542,0,158
2206,406,540,0,151
2207,401,533,0,140
2208,405,539,0,150
2209,407,539,0,148
2210,407,536,0,144
2211,413,538,0,151
2212,420,537,0,148
2213,432,540,0,133
2214,436,547,0,110
2215,438,552,0,114
2216,439,557,0,106
2217,442,561,0,104
2218,444,562,0,105
2219,444,564,0,110
2220,444,564,0,112
2221,443,563,0,124
2222,442,561,0,137
2223,446,560,0,140
2224,448,561,0,139
2225,450,560,0,145
2226,450,560,0,147
2227,452,557,0,146
2228,450,558,0,144
2229,450,557,0,141
2230,451,557,0,142
2231,454,556,0,140
2232,467,550,0,128
2233,468,552,0,133
2234,469,555,0,138
2235,473,560,0,135
2236,474,561,0,135
2237,474,564,0,140
2238,479,563,0,145
2239,483,565,0,160
2240,483,565,0,160
2241,481,564,0,147
2242,481,566,0,147
2243,479,567,0,144
2244,478,570,0,152
2245,478,570,0,144
2246,478,567,0,131
2247,477,570,0,134
2248,479,571,0,137
2249,481,568,0,132
2250,478,570,0,128
2251,478,572,0,125
2252,480,575,0,116
2253,481,579,0,106
2254,480,581,0,101
2255,479,582,0,100
2256,479,583,0,99
2257,480,582,0,97
2258,482,585,0,93
2259,483,587,0,91
2260,484,591,0,94
2261,484,596,0,88
2262,481,600,0,84
2263,483,605,0,78
2264,484,605,0,79
2265,484,608,0,81
2266,486,612,0,79
2267,488,616,0,82
2268,490,621,0,83
2269,488,629,0,95
2270,491,637,0,101
2271,493,641,0,104
2272,495,643,0,102
2273,496,645,0,113
2274,500,646,0,119
2275,500,649,0,137
2276,500,649,0,137
2277,498,649,0,141
2278,499,647,0,133
2279,501,647,0,126
2280,505,651,0,113
2281,504,653,0,107
2282,503,657,0,101
2283,503,661,0,96
2284,502,667,0,93
2285,502,673,0,90
2286,505,675,0,76
2287,506,679,0,71
2288,508,681,0,65
2289,507,683,0,64
2290,510,681,0,60
2291,510,681,0,57
2292,509,678,0,49
2293,505,677,0,46
2294,505,675,0,34
2295,503,675,0,28
2296,499,677,0,23
2297,493,678,0,22
2298,489,674,0,13
2299,483,677,0,8
2300,477,676,0,6
2301,473,676,0,7
2302,470,677,0,14
2303,466,677,0,17
2304,464,677,0,12
2305,458,679,0,14
2306,454,681,0,10
2307,452,680,0,11
2308,452,678,0,15
2309,454,678,0,18
2310,456,677,0,22
2311,455,680,0,30
2312,453,685,0,34
2313,453,690,0,39
2314,450,694,0,45
2315,451,700,0,52
2316,449,706,0,45
2317,448,704,0,43
2318,446,703,0,41
2319,445,702,0,41
2320,443,703,0,40
2321,440,706,0,41
2322,433,708,0,45
2323,431,708,0,44
2324,430,707,0,42
2325,431,709,0,35
2326,435,706,0,33
2327,435,708,0,31
2328,435,707,0,33
2329,434,708,0,32
2330,432,708,0,30
2331,433,710,0,28
2332,430,709,0,35
2333,429,707,0,44
2334,429,707,0,44
2335,428,707,0,47
2336,428,706,0,42
2337,428,707,0,38
2338,428,707,0,37
2339,426,704,0,43
2340,426,703,0,45
2341,428,706,0,39
2342,426,705,0,38
2343,427,705,0,34
2344,426,705,0,34
2345,425,706,0,34
2346,424,707,0,32
2347,422,709,0,33
2348,423,712,0,38
2349,424,714,0,43
2350,425,715,0,45
2351,424,717,0,44
2352,424,717,0,45
2353,423,718,0,45
2354,421,718,0,49
2355,420,720,0,52
2356,419,720,0,52
2357,418,719,0,50
2358,417,718,0,44
2359,417,719,0,42
2360,414,719,0,47
2361,408,724,0,42
2362,406,726,0,40
2363,403,729,0,39
2364,400,730,0,46
2365,400,731,0,55
2366,398,734,0,51
2367,398,736,0,50
2368,397,742,0,46
2369,393,745,0,45
2370,389,749,0,49
2371,387,751,0,50
2372,386,754,0,58
2373,386,754,0,61
2374,388,758,0,52
2375,389,764,0,47
2376,384,764,0,40
2377,381,763,0,40
2378,382,763,0,38
2379,382,764,0,38
2380,381,766,0,32
2381,383,767,0,29
2382,384,767,0,29
2383,384,765,0,31
2384,381,765,0,29
2385,381,767,0,23
2386,378,768,0,26
2387,377,769,0,32
2388,377,770,0,34
2389,382,769,0,30
2390,385,769,0,33
2391,384,769,0,36
2392,384,767,0,43
2393,385,767,0,39
2394,384,767,0,34
2395,381,768,0,33
2396,378,769,0,28
2397,373,770,0,20
2398,370,773,0,23
2399,367,775,0,17
2400,363,775,0,15
2401,359,777,0,18
2402,357,778,0,16
2403,357,778,0,17
2404,355,777,0,20
2405,351,773,0,26
2406,352,769,0,38
2407,350,773,0,54
2408,353,780,0,51
2409,353,782,0,57
2410,349,788,0,69
2411,348,791,0,67
2412,348,791,0,66
2413,347,792,0,67
2414,346,793,0,69
2415,345,794,0,74
2416,343,799,0,83
2417,343,801,0,82
2418,343,804,0,88
2419,342,809,0,88
2420,343,812,0,85
2421,339,818,0,89
2422,338,824,0,81
2423,339,821,0,75
2424,338,837,0,68
2425,339,840,0,70
2426,339,845,0,70
2427,337,849,0,69
2428,335,857,0,60
2429,332,858,0,63
2430,329,862,0,59
2431,327,865,0,63
2432,328,868,0,65
2433,325,876,0,64
2434,323,878,0,66
2435,320,880,0,64
2436,316,882,0,60
2437,317,883,0,49
2438,317,886,0,63
2439,316,887,0,59
2440,318,888,0,61
2441,318,888,0,58
2442,317,890,0,59
2443,317,889,0,58
2444,317,889,0,57
2445,318,888,0,60
2446,319,889,0,58
2447,318,890,0,49
2448,318,890,0,52
2449,318,891,0,49
2450,318,892,0,47
2451,318,893,0,39
2452,318,894,0,37
2453,319,893,0,32
2454,319,893,0,35
2455,319,892,0,39
2456,320,892,0,39
2457,321,893,0,37
2458,322,893,0,34
2459,322,894,0,29
2460,322,894,0,27
2461,320,895,0,25
2462,319,896,0,24
2463,320,897,0,23
2464,317,900,0,22
2465,316,900,0,16
2466,317,900,0,14
2467,325,896,0,33
2468,324,890,0,29
2469,324,890,0,19
2470,319,893,0,46
2471,318,895,0,43
2472,317,892,0,48
2473,318,892,0,42
2474,318,892,0,49
2475,316,894,0,39
2476,317,895,0,34
2477,318,895,0,30
2478,319,897,0,19
2479,318,900,0,16
2480,318,899,0,10
2481,318,897,0,15
2482,317,895,0,38
2483,316,896,0,38
2484,317,894,0,35
2485,317,893,0,22
2486,318,893,0,22
2487,318,893,0,21
2488,318,893,0,27
2489,318,893,0,25
2490,318,894,0,31
2491,318,894,0,33
2492,317,894,0,35
2493,317,895,0,35
2494,316,895,0,37
2495,317,895,0,35
2496,318,895,0,36
2497,319,896,0,33
2498,317,896,0,29
2499,317,897,0,31
2500,320,897,0,28
2501,322,898,0,21
2502,321,900,0,16
2503,324,900,0,12
2504,320,901,0,13
2505,317,901,0,14
2506,318,901,0,13
2507,317,901,0,7
2508,319,901,0,10
2509,320,900,0,9
2510,320,898,0,14
2511,320,897,0,17
2512,317,893,0,23
2513,317,894,0,20
2514,317,895,0,6
2515,316,893,0,14
2516,315,895,0,31
2517,314,896,0,37
2518,315,897,0,37
2519,316,896,0,38
2520,316,896,0,41
2521,316,896,0,42
2522,314,896,0,40
2523,316,897,0,40
2524,316,897,0,40
2525,316,897,0,41
2526,316,897,0,40
2527,317,897,0,39
2528,318,897,0,40
2529,319,897,0,34
2530,319,898,0,33
2531,319,897,0,33
2532,318,898,0,34
2533,318,897,0,34
2534,318,897,0,36
2535,318,897,0,35
2536,319,897,0,33
2537,318,897,0,34
2538,317,898,0,35
2539,317,897,0,33
2540,317,897,0,33
2541,317,897,0,34
2542,317,897,0,34
2543,317,897,0,34
2544,317,896,0,33
2545,317,896,0,33
2546,317,896,0,35
2547,317,897,0,34
2548,317,897,0,34
2549,317,896,0,32
2550,316,896,0,27
2551,317,896,0,29
2552,317,896,0,30
2553,317,896,0,29
2554,318,895,0,30
2555,318,896,0,35
2556,318,897,0,37
2557,318,897,0,38
2558,318,897,0,37
2559,318,897,0,37
2560,318,896,0,39
2561,318,897,0,40
2562,317,897,0,40
2563,318,897,0,39
2564,317,896,0,41
2565,317,897,0,38
2566,317,897,0,37
2567,317,897,0,41
2568,317,896,0,41
2569,317,897,0,38
2570,315,897,0,38
2571,316,897,0,39
2572,316,897,0,40
2573,316,897,0,41
2574,316,897,0,40
2575,316,897,0,39
2576,316,897,0,39
2577,316,897,0,38
2578,316,897,0,39
2579,316,897,0,37
2580,317,896,0,38
2581,317,897,0,38
2582,317,897,0,37
2583,317,897,0,38
2584,318,897,0,38
2585,318,896,0,37
2586,318,897,0,37
2587,318,896,0,37
2588,318,897,0,38
2589,317,897,0,38
2590,317,897,0,38
2591,318,897,0,39
2592,317,897,0,39
2593,317,897,0,40
2594,317,897,0,41
2595,316,898,0,33
2596,316,898,0,32
2597,317,897,0,34
2598,317,897,0,34
2599,317,897,0,38
2600,318,897,0,36
2601,317,897,0,41
2602,318,897,0,39
2603,317,897,0,39
2604,317,897,0,40
2605,317,897,0,43
2606,318,897,0,40
2607,318,897,0,41
2608,318,896,0,44
2609,317,897,0,45
2610,321,896,0,31
2611,324,894,0,29
2612,320,897,0,22
2613,319,898,0,24
2614,318,900,0,20
2615,322,900,0,9
2616,323,900,0,18
2617,329,897,0,27
2623,323,890,0,207
2628,322,892,0,202
2630,319,884,0,82
2633,321,884,0,41
2643,323,887,0,65
2645,325,885,0,50
2646,327,881,0,46
2647,326,881,0,54
2648,330,877,0,51
2649,329,878,0,39
2650,331,877,0,40
2651,325,878,0,48
2652,326,877,0,50
2653,323,879,0,53
2654,321,881,0,52
2655,320,880,0,53
2656,321,879,0,40
2657,324,879,0,41
2658,325,881,0,33
2659,327,880,0,29
2660,327,880,0,29
2661,324,877,0,6
2662,325,884,0,43
2663,326,882,0,44
2664,331,879,0,26
2665,327,881,0,29
2666,326,881,0,27
2667,326,880,0,28
2670,324,883,0,10
2671,319,883,0,32
2672,321,882,0,33
2673,327,883,0,4
2674,323,882,0,31
2675,324,880,0,34
2676,325,881,0,30
2677,325,880,0,31
2678,324,881,0,29
2679,323,882,0,30
2680,323,883,0,31
2681,323,884,0,32
2682,323,884,0,33
2683,324,883,0,33
2684,323,883,0,32
2685,324,883,0,30
2686,324,883,0,30
2687,324,883,0,30
2688,324,883,0,28
2689,324,883,0,27
2690,323,885,0,29
2691,324,885,0,41
2692,323,887,0,43
2693,323,889,0,41
2694,324,891,0,43
2695,323,891,0,42
2696,322,892,0,42
2697,322,894,0,39
2698,322,895,0,38
2699,321,895,0,37
2700,322,895,0,33
2701,321,894,0,35
2702,320,894,0,29
2703,320,894,0,28
2704,320,894,0,28
2705,320,894,0,32
2706,320,894,0,36
2707,320,895,0,37
2708,321,895,0,37
2709,320,894,0,37
2710,319,894,0,34
2711,319,894,0,34
2712,320,895,0,33
2713,320,896,0,29
2714,319,896,0,26
2715,319,895,0,25
2716,319,894,0,30
2717,319,893,0,27
2718,319,893,0,27
2719,319,893,0,29
2720,319,893,0,26
2721,319,893,0,27
2722,318,892,0,24
2723,318,892,0,32
2724,318,893,0,39
2725,318,892,0,44
2726,317,892,0,44
2727,318,893,0,38
2728,317,893,0,38
2729,317,894,0,44
2730,317,894,0,45
2731,317,894,0,45
2732,317,895,0,51
2733,317,895,0,50
2734,317,895,0,46
2735,317,894,0,55
2736,317,894,0,51
2737,317,894,0,44
2738,316,894,0,44
2739,316,894,0,41
2740,317,894,0,43
2741,316,894,0,43
2742,317,894,0,42
2743,316,894,0,43
2744,317,893,0,45
2745,317,893,0,45
2746,317,893,0,50
2747,317,893,0,46
2748,317,893,0,45
2749,317,894,0,45
2750,317,893,0,48
2751,316,893,0,49
2752,316,893,0,50
2753,316,893,0,46
2754,315,894,0,40
2755,315,894,0,40
2756,316,894,0,44
2757,316,893,0,47
2758,317,893,0,48
2759,316,893,0,48
2760,316,893,0,49
2761,317,892,0,47
2762,316,892,0,47
2763,316,892,0,45
2764,315,892,0,41
2765,316,891,0,41
2766,315,892,0,42
2767,314,892,0,42
2768,314,894,0,49
2769,315,895,0,58
2770,315,895,0,59
2771,315,895,0,57
2772,314,894,0,52
2773,314,893,0,49
2774,313,893,0,41
2775,314,892,0,42
2776,313,892,0,40
2777,314,892,0,43
2778,314,892,0,44
2779,314,892,0,42
2780,314,893,0,45
2781,314,892,0,41
2782,314,891,0,38
2783,314,891,0,38
2784,314,891,0,39
2785,315,891,0,49
2786,315,891,0,43
2787,315,891,0,54
2788,316,890,0,41
2789,316,890,0,42
2790,314,890,0,44
2794,314,892,0,47
2795,313,892,0,46
2796,313,893,0,48
2797,312,893,0,47
2798,313,892,0,42
2799,314,891,0,40
2800,315,890,0,40
2801,313,891,0,43
2802,312,892,0,44
2803,313,891,0,42
2804,314,890,0,43
2805,313,890,0,43
2806,314,889,0,48
2807,314,888,0,48
2808,313,890,0,60
2809,313,889,0,60
2810,314,889,0,53
2811,314,890,0,63
2812,314,890,0,60
2813,314,889,0,54
2814,315,890,0,52
2815,315,890,0,51
2816,315,890,0,50
2817,315,889,0,48
2818,313,890,0,55
2819,312,890,0,62
2820,311,891,0,62
2821,310,892,0,60
2822,311,891,0,68
2823,312,884,0,75
2824,311,887,0,73
2825,309,890,0,74
2826,307,891,0,75
2827,306,896,0,77
2828,307,894,0,79
2829,306,894,0,72
2830,305,896,0,71
2831,305,896,0,68
2832,307,895,0,71
2833,310,892,0,60
2834,313,889,0,56
2835,312,891,0,58
2836,310,894,0,59
2837,310,893,0,56
2838,312,892,0,47
2839,311,894,0,52
2840,310,894,0,55
2841,312,893,0,54
2842,312,894,0,55
2843,314,891,0,49
2844,313,892,0,50
2845,313,892,0,52
2846,312,893,0,57
2847,312,894,0,55
2848,312,893,0,54
2849,311,894,0,57
2850,311,894,0,56
2851,311,894,0,55
2852,311,893,0,53
2853,311,893,0,53
2854,312,893,0,52
2855,311,893,0,53
2856,311,894,0,55
2857,311,893,0,56
2858,312,893,0,57
2859,312,893,0,55
2860,312,893,0,54
2861,312,893,0,54
2862,311,894,0,53
2863,311,894,0,55
2864,312,893,0,57
2865,312,893,0,51
2866,311,893,0,50
2867,311,891,0,46
2868,312,890,0,41
2869,312,890,0,41
2870,312,890,0,39
2871,314,889,0,43
2872,317,888,0,46
2873,320,883,0,44
2874,321,882,0,51
2875,324,881,0,55
2876,323,875,0,60
2877,324,873,0,57
2878,323,872,0,50
2879,322,873,0,55
2880,322,871,0,62
2882,319,874,0,80
2883,320,872,0,86
2884,320,871,0,94
2885,321,873,0,94
2886,322,871,0,107
2887,322,870,0,108
2888,322,870,0,110
2889,322,870,0,110
2890,324,872,0,101
2891,325,872,0,96
2892,330,878,0,97
2893,330,883,0,96
2894,332,886,0,96
2895,332,888,0,95
2896,331,892,0,98
2897,332,895,0,96
2898,333,895,0,97
2899,331,895,0,98
2900,332,896,0,97
2901,331,897,0,99
2902,332,898,0,94
2903,332,901,0,92
2904,333,904,0,87
2905,333,907,0,88
2906,336,910,0,86
2907,336,914,0,84
2908,337,918,0,87
2909,338,921,0,89
2910,339,925,0,83
2911,340,927,0,81
2912,340,926,0,79
2913,337,929,0,82
2914,336,934,0,84
2915,337,939,0,86
2916,338,946,0,84
2917,338,948,0,94
2918,338,949,0,89
2919,339,955,0,89
2920,336,953,0,85
2921,335,954,0,90
2922,335,959,0,99
2923,336,962,0,95
2924,336,962,0,91
2925,336,963,0,92
2926,336,963,0,91
2927,337,964,0,90
2928,338,963,0,87
2929,338,961,0,87
2930,338,958,0,93
2931,339,954,0,89
2932,339,951,0,83
2933,338,950,0,64
2934,335,952,0,46
2935,332,953,0,35
2936,332,959,0,26
2937,329,964,0,28
2938,325,964,0,27
2939,320,966,0,32
2940,317,967,0,35
2941,319,966,0,29
2942,319,964,0,26
2943,321,965,0,21
2944,322,967,0,15
2945,321,971,0,11
2946,317,972,0,5
2947,313,972,0,359
2948,311,973,0,345
2949,309,970,0,340
2950,305,968,0,332
2951,302,967,0,327
2952,300,967,0,323
2953,298,967,0,317
2954,298,968,0,310
2955,297,968,0,315
2956,297,967,0,314
2957,296,965,0,317
2958,294,962,0,316
2959,294,960,0,319
2960,291,959,0,322
2961,291,957,0,322
2962,289,954,0,321
2963,287,950,0,317
2964,290,943,0,319
2965,288,943,0,312
2966,288,938,0,302
2967,289,935,0,307
2968,288,932,0,293
2969,287,929,0,289
2970,286,928,0,289
2971,285,922,0,290
2972,287,917,0,292
2973,289,912,0,295
2974,289,909,0,292
2975,288,907,0,285
2976,286,906,0,279
2977,286,905,0,281
2978,286,905,0,281
2979,285,905,0,281
2980,284,905,0,280
2981,284,904,0,278
2982,284,903,0,282
2983,286,906,0,279
2984,285,908,0,278
2985,286,907,0,276
2986,287,908,0,285
2987,285,908,0,284
2988,284,907,0,279
2989,283,906,0,283
2990,284,906,0,283
2991,284,906,0,282
2992,284,907,0,285
2993,281,905,0,289
2994,280,903,0,289
2995,277,902,0,287
2996,280,898,0,289
2997,280,893,0,286
2998,279,890,0,280
2999,277,887,0,279
