39,1824,1240,0,116
40,1825,1245,0,107
47,1825,1247,0,284
48,1819,1247,0,292
49,1820,1247,0,297
50,1816,1251,0,317
51,1813,1253,0,323
52,1816,1258,0,340
53,1814,1255,0,346
54,1813,1250,0,351
55,1808,1252,0,354
56,1802,1252,0,355
57,1795,1248,0,357
58,1787,1244,0,359
59,1780,1252,0,0
60,1768,1251,0,358
61,1758,1242,0,0
62,1753,1243,0,344
63,1752,1239,0,350
64,1742,1236,0,354
65,1735,1239,0,351
66,1732,1238,0,349
67,1733,1237,0,349
68,1728,1238,0,347
69,1726,1240,0,343
70,1724,1240,0,340
71,1719,1241,0,335
72,1711,1237,0,330
73,1708,1234,0,330
74,1706,1230,0,330
75,1703,1227,0,323
76,1699,1221,0,324
78,1693,1221,0,320
79,1692,1220,0,325
80,1691,1218,0,330
81,1687,1216,0,337
82,1681,1208,0,341
83,1678,1204,0,332
84,1669,1203,0,335
85,1663,1200,0,340
86,1657,1200,0,338
87,1659,1202,0,332
88,1660,1203,0,319
89,1656,1202,0,328
90,1648,1197,0,325
91,1646,1193,0,329
92,1640,1194,0,333
93,1637,1189,0,332
94,1635,1190,0,337
95,1627,1186,0,343
96,1623,1185,0,353
97,1620,1184,0,358
98,1616,1184,0,3
99,1613,1184,0,6
100,1618,1186,0,3
101,1620,1185,0,356
102,1623,1186,0,353
103,1625,1185,0,355
104,1630,1189,0,353
105,1628,1188,0,359
106,1624,1191,0,6
107,1624,1192,0,8
108,1623,1192,0,6
109,1627,1188,0,2
110,1628,1183,0,358
111,1628,1183,0,354
112,1628,1185,0,357
113,1629,1183,0,356
114,1634,1185,0,347
115,1638,1184,0,329
116,1634,1180,0,322
117,1632,1181,0,319
118,1633,1178,0,317
119,1630,1175,0,305
120,1633,1172,0,303
121,1637,1169,0,322
122,1636,1170,0,314
123,1636,1170,0,309
124,1635,1171,0,311
125,1639,1172,0,315
126,1638,1172,0,312
127,1641,1173,0,316
128,1644,1172,0,319
129,1641,1169,0,323
130,1640,1165,0,339
131,1640,1166,0,343
132,1643,1167,0,335
133,1644,1164,0,331
134,1644,1161,0,335
135,1646,1160,0,332
136,1654,1156,0,334
137,1663,1155,0,325
138,1663,1152,0,308
139,1657,1150,0,291
140,1657,1143,0,277
141,1655,1137,0,271
142,1664,1131,0,264
143,1665,1131,0,262
144,1665,1128,0,256
145,1666,1123,0,259
146,1668,1119,0,259
147,1670,1115,0,253
148,1671,1114,0,248
149,1671,1111,0,249
150,1667,1111,0,252
151,1665,1110,0,252
152,1665,1109,0,254
153,1670,1106,0,255
154,1672,1102,0,250
155,1674,1096,0,245
156,1675,1091,0,253
157,1673,1087,0,255
158,1678,1077,0,254
159,1680,1071,0,261
160,1681,1067,0,268
161,1679,1062,0,267
162,1678,1059,0,266
163,1677,1054,0,271
164,1683,1060,0,276
165,1684,1063,0,271
166,1684,1063,0,276
167,1684,1062,0,280
168,1684,1063,0,276
169,1684,1063,0,279
170,1685,1064,0,282
171,1684,1063,0,282
172,1685,1060,0,279
173,1685,1061,0,279
174,1688,1058,0,274
175,1689,1058,0,275
176,1688,1057,0,277
177,1689,1058,0,276
178,1690,1059,0,277
179,1692,1059,0,274
180,1690,1056,0,268
181,1693,1056,0,263
182,1700,1055,0,259
183,1707,1056,0,252
184,1708,1046,0,244
185,1713,1038,0,228
186,1718,1033,0,220
187,1725,1029,0,214
188,1732,1029,0,212
189,1745,1020,0,216
190,1746,1013,0,218
191,1751,1008,0,217
192,1770,1000,0,232
193,1769,998,0,231
194,1770,1001,0,223
195,1762,998,0,222
196,1759,997,0,230
197,1758,997,0,221
198,1759,999,0,216
199,1764,999,0,214
200,1765,1000,0,211
201,1768,1003,0,214
202,1771,999,0,210
203,1773,1004,0,200
204,1775,1006,0,200
205,1777,1010,0,201
206,1776,1009,0,207
207,1774,1007,0,204
208,1774,1006,0,198
209,1780,1008,0,217
210,1783,1005,0,208
211,1794,1004,0,227
212,1794,1002,0,229
213,1796,998,0,226
214,1802,992,0,232
215,1812,988,0,235
216,1815,979,0,248
217,1816,976,0,248
218,1817,971,0,241
219,1829,966,0,250
220,1827,960,0,258
221,1834,955,0,269
222,1831,948,0,275
223,1829,945,0,269
225,1834,920,0,243
226,1839,914,0,227
228,1848,909,0,236
229,1850,908,0,235
230,1852,906,0,232
231,1857,904,0,224
232,1863,900,0,214
233,1868,895,0,211
234,1875,892,0,207
235,1883,891,0,210
237,1896,883,0,234
238,1897,878,0,233
239,1898,880,0,244
240,1898,877,0,248
241,1898,876,0,248
242,1899,875,0,244
243,1902,870,0,247
244,1905,862,0,261
245,1910,862,0,267
246,1912,860,0,270
247,1913,858,0,275
248,1913,858,0,277
249,1909,854,0,271
250,1910,857,0,257
251,1912,857,0,238
252,1918,856,0,226
253,1922,855,0,226
254,1924,852,0,219
255,1923,853,0,220
256,1925,852,0,220
257,1926,850,0,217
258,1928,847,0,211
259,1929,847,0,210
260,1929,847,0,209
261,1931,847,0,218
262,1935,850,0,214
263,1935,852,0,208
264,1937,851,0,206
265,1937,851,0,216
266,1934,846,0,232
267,1939,844,0,237
268,1937,844,0,241
269,1937,846,0,241
270,1934,845,0,234
271,1933,843,0,229
272,1929,845,0,224
273,1931,846,0,226
274,1933,846,0,221
275,1936,849,0,218
276,1935,850,0,219
277,1935,847,0,241
278,1936,847,0,239
279,1936,843,0,240
280,1938,841,0,240
281,1935,843,0,244
282,1936,847,0,248
283,1933,851,0,252
284,1933,852,0,259
285,1932,853,0,268
286,1933,853,0,272
287,1936,851,0,275
288,1933,850,0,281
289,1934,849,0,289
290,1934,847,0,283
291,1935,846,0,278
292,1935,845,0,283
293,1933,846,0,295
294,1931,844,0,297
295,1931,841,0,292
296,1932,842,0,292
297,1939,837,0,280
298,1934,831,0,267
299,1935,829,0,263
300,1934,828,0,252
301,1932,828,0,252
302,1931,827,0,238
303,1932,825,0,231
304,1938,825,0,233
305,1940,819,0,230
306,1944,816,0,238
307,1945,815,0,234
308,1949,817,0,228
309,1950,817,0,231
310,1952,807,0,241
311,1953,802,0,258
312,1952,802,0,252
313,1953,799,0,253
314,1951,800,0,257
315,1949,798,0,262
316,1956,798,0,269
317,1951,800,0,270
318,1953,805,0,275
319,1953,806,0,286
320,1953,807,0,296
321,1953,807,0,307
322,1951,805,0,313
323,1952,805,0,328
324,1952,805,0,334
325,1954,803,0,336
326,1952,807,0,325
327,1952,805,0,328
328,1952,802,0,331
329,1952,801,0,332
330,1952,801,0,333
331,1949,801,0,335
332,1949,800,0,338
333,1948,802,0,339
334,1948,801,0,337
335,1947,805,0,336
336,1948,806,0,336
337,1948,809,0,324
338,1948,811,0,324
339,1948,810,0,329
340,1949,810,0,333
341,1949,809,0,334
342,1950,808,0,336
343,1952,809,0,335
344,1952,808,0,334
345,1951,810,0,332
346,1952,812,0,328
347,1952,811,0,329
348,1952,810,0,330
349,1952,811,0,328
350,1952,810,0,326
351,1951,810,0,329
352,1952,809,0,327
353,1951,808,0,329
354,1951,807,0,331
355,1951,806,0,331
356,1951,806,0,333
357,1951,806,0,333
358,1952,807,0,333
359,1953,806,0,339
360,1954,807,0,332
361,1953,808,0,335
362,1952,807,0,338
363,1953,808,0,341
364,1955,810,0,342
365,1956,811,0,335
366,1956,810,0,338
367,1955,810,0,340
368,1955,811,0,345
369,1956,810,0,342
370,1956,809,0,334
371,1955,810,0,337
372,1955,810,0,345
373,1955,810,0,346
374,1955,809,0,343
375,1954,810,0,340
376,1955,808,0,348
377,1955,805,0,353
378,1953,804,0,351
379,1957,803,0,350
380,1957,801,0,354
381,1957,800,0,3
382,1958,799,0,1
383,1960,797,0,0
384,1958,796,0,3
385,1958,795,0,3
386,1959,796,0,1
387,1959,797,0,357
388,1957,797,0,356
389,1959,804,0,355
390,1959,799,0,359
391,1958,802,0,354
392,1957,801,0,353
393,1956,798,0,358
394,1956,800,0,354
395,1956,801,0,352
396,1955,800,0,351
397,1953,801,0,353
398,1953,801,0,352
399,1952,800,0,351
400,1951,800,0,348
401,1952,798,0,354
402,1952,798,0,347
403,1951,797,0,348
404,1950,798,0,341
405,1950,798,0,337
406,1950,799,0,339
407,1949,799,0,342
408,1947,799,0,345
409,1944,798,0,346
410,1943,798,0,348
411,1945,796,0,353
412,1949,791,0,359
413,1950,794,0,359
414,1947,789,0,4
415,1944,789,0,2
416,1944,789,0,9
417,1943,788,0,11
418,1938,788,0,16
419,1935,793,0,26
420,1935,792,0,23
421,1936,792,0,25
422,1937,792,0,23
423,1938,791,0,23
424,1937,792,0,25
425,1938,792,0,26
426,1940,793,0,32
427,1937,794,0,39
428,1938,796,0,38
429,1938,797,0,39
430,1937,800,0,48
431,1936,801,0,52
432,1935,804,0,50
433,1932,807,0,54
434,1932,810,0,53
435,1928,811,0,55
436,1930,811,0,51
437,1931,813,0,55
438,1932,815,0,46
439,1931,819,0,45
440,1931,819,0,47
441,1931,820,0,56
442,1928,823,0,64
443,1928,823,0,70
444,1927,825,0,70
445,1927,825,0,71
446,1925,827,0,68
447,1924,830,0,68
448,1924,830,0,68
449,1927,832,0,68
450,1927,833,0,70
451,1926,832,0,68
452,1925,830,0,65
453,1926,830,0,62
454,1927,831,0,62
455,1928,830,0,52
456,1930,829,0,62
457,1925,831,0,61
458,1923,828,0,71
459,1926,826,0,79
460,1926,825,0,82
461,1927,825,0,81
462,1927,824,0,81
463,1924,820,0,85
464,1926,822,0,83
465,1926,825,0,83
466,1931,819,0,91
467,1930,819,0,85
468,1932,819,0,81
469,1934,818,0,80
470,1933,820,0,76
471,1932,821,0,75
472,1933,820,0,74
473,1933,819,0,72
474,1933,819,0,73
475,1938,814,0,61
476,1936,814,0,48
477,1937,815,0,26
478,1936,816,0,15
479,1936,817,0,11
480,1936,815,0,12
481,1936,815,0,17
482,1936,812,0,10
483,1936,810,0,12
484,1934,809,0,12
485,1934,809,0,10
486,1933,812,0,12
487,1932,816,0,15
488,1931,814,0,13
489,1927,814,0,12
490,1924,817,0,16
491,1920,820,0,23
492,1915,819,0,17
493,1911,820,0,9
494,1907,819,0,2
495,1901,819,0,359
496,1895,821,0,343
497,1890,823,0,333
498,1889,824,0,339
499,1890,823,0,344
500,1890,823,0,340
501,1890,824,0,345
502,1890,824,0,348
503,1890,825,0,348
504,1893,823,0,353
505,1891,823,0,344
506,1891,823,0,342
507,1890,824,0,340
508,1888,823,0,341
509,1889,819,0,352
510,1890,814,0,354
511,1890,818,0,348
512,1888,819,0,350
513,1887,821,0,345
514,1888,820,0,354
515,1887,816,0,354
516,1888,817,0,348
517,1887,817,0,349
518,1887,818,0,348
519,1887,818,0,351
520,1887,817,0,349
521,1888,815,0,349
522,1887,816,0,347
523,1887,817,0,345
524,1886,818,0,342
525,1886,818,0,347
526,1885,818,0,344
527,1884,818,0,342
528,1882,820,0,336
529,1880,821,0,332
530,1883,817,0,337
531,1884,813,0,336
532,1882,810,0,332
533,1880,810,0,334
534,1881,812,0,335
535,1878,810,0,332
536,1879,809,0,336
537,1880,807,0,340
538,1877,812,0,341
539,1875,813,0,338
540,1877,813,0,341
541,1877,813,0,347
542,1875,813,0,347
543,1875,815,0,349
544,1874,815,0,349
545,1873,816,0,341
546,1871,817,0,343
547,1869,818,0,343
548,1869,817,0,340
549,1865,818,0,330
550,1864,815,0,324
551,1863,815,0,323
552,1864,814,0,322
553,1864,815,0,328
554,1865,812,0,331
555,1866,813,0,333
556,1867,813,0,334
557,1867,811,0,338
558,1865,813,0,337
559,1863,815,0,333
560,1864,815,0,333
561,1865,813,0,342
562,1866,814,0,340
563,1864,814,0,337
564,1864,812,0,335
565,1863,812,0,337
566,1863,809,0,343
567,1862,806,0,340
568,1863,806,0,342
569,1861,806,0,345
570,1860,808,0,341
571,1862,807,0,346
572,1863,805,0,344
573,1862,802,0,342
574,1862,803,0,342
575,1862,802,0,345
576,1862,801,0,346
577,1861,797,0,354
578,1861,807,0,354
579,1862,803,0,354
580,1862,799,0,4
581,1860,799,0,5
582,1866,799,0,358
583,1864,802,0,351
584,1866,805,0,351
585,1865,805,0,358
586,1868,802,0,353
587,1868,804,0,354
588,1867,801,0,357
589,1867,800,0,358
590,1866,800,0,356
591,1864,801,0,359
592,1868,802,0,1
593,1870,802,0,358
594,1871,802,0,356
595,1870,801,0,356
596,1870,801,0,357
597,1870,800,0,358
598,1870,801,0,359
599,1869,801,0,357
600,1867,802,0,358
601,1866,803,0,355
602,1865,805,0,4
603,1866,805,0,5
604,1868,806,0,7
605,1872,805,0,13
606,1875,805,0,13
607,1875,805,0,8
608,1874,805,0,13
609,1875,801,0,15
610,1875,802,0,16
611,1874,803,0,21
612,1871,799,0,17
613,1871,800,0,9
614,1871,797,0,17
615,1872,797,0,16
616,1872,798,0,14
617,1875,803,0,14
618,1876,803,0,11
619,1875,801,0,12
620,1869,801,0,8
621,1868,802,0,13
622,1869,801,0,16
623,1868,799,0,26
624,1870,797,0,35
625,1870,796,0,46
626,1872,799,0,53
627,1869,800,0,61
628,1871,800,0,71
629,1869,797,0,68
630,1866,799,0,68
631,1864,800,0,61
632,1862,803,0,61
633,1863,803,0,61
634,1861,806,0,61
635,1863,810,0,65
636,1864,814,0,64
637,1860,817,0,62
638,1861,822,0,58
639,1858,828,0,41
640,1858,830,0,38
641,1863,832,0,37
642,1862,833,0,45
643,1864,832,0,53
644,1865,833,0,64
645,1870,833,0,74
646,1870,833,0,74
647,1869,834,0,75
648,1869,836,0,73
649,1869,837,0,70
650,1868,837,0,66
651,1867,838,0,63
652,1866,837,0,63
653,1866,837,0,64
654,1868,838,0,62
655,1868,837,0,60
656,1868,838,0,62
657,1869,837,0,61
658,1872,837,0,55
659,1871,839,0,54
660,1872,839,0,54
661,1876,841,0,42
662,1880,844,0,20
663,1882,845,0,15
664,1881,843,0,18
665,1879,843,0,22
666,1878,844,0,29
667,1873,850,0,34
668,1874,852,0,29
669,1875,855,0,28
670,1869,857,0,30
671,1865,856,0,16
672,1861,857,0,18
673,1861,861,0,16
674,1859,863,0,17
675,1858,863,0,19
676,1856,864,0,15
677,1855,864,0,12
678,1854,864,0,11
679,1853,862,0,14
680,1853,862,0,13
681,1854,863,0,12
682,1856,862,0,8
683,1857,861,0,8
684,1856,859,0,8
685,1856,862,0,13
686,1855,864,0,16
687,1853,868,0,20
688,1852,871,0,21
689,1851,872,0,18
690,1851,873,0,17
691,1851,873,0,16
692,1849,876,0,9
693,1848,874,0,5
694,1848,872,0,4
695,1846,871,0,8
696,1843,867,0,3
697,1846,864,0,8
698,1847,866,0,10
699,1849,867,0,14
700,1847,867,0,10
701,1847,867,0,4
702,1847,868,0,2
703,1846,868,0,2
704,1846,868,0,4
705,1846,868,0,4
706,1846,868,0,6
707,1846,867,0,5
708,1846,868,0,1
709,1848,866,0,5
710,1849,867,0,13
711,1849,867,0,16
712,1849,867,0,17
713,1851,868,0,21
714,1851,868,0,19
715,1852,869,0,16
716,1852,868,0,8
717,1850,868,0,4
718,1850,868,0,2
719,1849,870,0,2
720,1850,871,0,359
721,1848,869,0,4
722,1848,874,0,358
723,1848,876,0,0
724,1850,878,0,357
725,1850,878,0,355
726,1848,880,0,356
727,1850,881,0,353
728,1850,881,0,349
729,1851,883,0,350
730,1852,884,0,349
731,1852,885,0,350
732,1853,886,0,349
733,1856,885,0,342
734,1854,882,0,341
735,1853,883,0,340
736,1853,884,0,331
737,1855,885,0,329
738,1859,885,0,331
739,1859,885,0,332
740,1855,883,0,329
741,1855,886,0,318
742,1856,886,0,315
743,1857,887,0,322
744,1857,887,0,332
745,1855,888,0,333
746,1855,884,0,344
747,1854,885,0,345
748,1853,883,0,339
749,1853,887,0,335
750,1853,886,0,333
751,1852,885,0,331
752,1849,884,0,327
753,1849,885,0,331
754,1845,883,0,339
755,1842,881,0,335
756,1836,878,0,323
757,1833,875,0,326
758,1835,869,0,329
759,1833,868,0,329
760,1831,864,0,326
761,1837,860,0,330
762,1832,864,0,326
763,1828,864,0,330
764,1828,864,0,338
765,1828,865,0,342
766,1828,865,0,348
767,1826,865,0,349
768,1826,864,0,349
769,1825,863,0,349
770,1827,862,0,351
771,1825,864,0,350
772,1825,867,0,347
773,1825,870,0,345
774,1824,869,0,346
775,1825,868,0,348
776,1826,866,0,351
777,1825,866,0,351
778,1825,865,0,350
779,1826,866,0,349
780,1827,867,0,347
781,1827,866,0,352
782,1826,865,0,353
783,1826,865,0,353
784,1824,865,0,352
785,1824,867,0,348
786,1826,865,0,353
787,1826,865,0,354
788,1824,864,0,354
789,1825,862,0,358
790,1827,861,0,2
791,1826,862,0,359
792,1826,861,0,0
793,1826,861,0,357
794,1829,863,0,352
795,1828,861,0,359
796,1830,862,0,356
797,1830,861,0,359
798,1830,861,0,359
799,1830,861,0,359
800,1830,861,0,357
801,1830,861,0,357
802,1830,861,0,0
803,1831,859,0,359
804,1832,860,0,355
805,1833,862,0,355
806,1833,862,0,357
807,1831,861,0,2
808,1830,860,0,5
809,1830,859,0,4
810,1830,859,0,4
811,1830,860,0,0
812,1833,860,0,0
813,1834,861,0,1
814,1835,861,0,3
815,1836,862,0,3
816,1836,863,0,3
817,1836,863,0,4
818,1835,863,0,5
819,1836,864,0,4
820,1833,856,0,355
821,1833,851,0,354
822,1832,852,0,352
823,1832,851,0,350
824,1833,849,0,346
825,1834,849,0,330
826,1838,842,0,323
827,1841,841,0,311
828,1840,842,0,306
829,1841,840,0,310
830,1842,841,0,308
831,1844,842,0,315
832,1845,842,0,317
833,1848,839,0,312
834,1847,839,0,315
835,1850,840,0,322
836,1854,840,0,328
837,1859,841,0,326
838,1859,845,0,342
839,1860,848,0,336
840,1862,846,0,338
841,1861,844,0,335
842,1862,844,0,335
843,1862,844,0,337
844,1862,844,0,345
845,1860,844,0,359
846,1859,842,0,4
847,1866,830,0,20
848,1865,826,0,21
849,1865,836,0,28
850,1870,847,0,20
851,1870,853,0,24
852,1870,854,0,24
853,1865,859,0,39
854,1861,864,0,40
855,1861,869,0,46
856,1859,872,0,47
857,1856,872,0,43
858,1857,872,0,43
859,1856,875,0,41
860,1856,876,0,40
861,1857,876,0,45
862,1859,875,0,40
863,1859,872,0,29
864,1856,869,0,26
865,1854,867,0,22
866,1848,865,0,11
867,1844,865,0,4
868,1843,867,0,1
869,1839,868,0,3
870,1836,875,0,358
871,1832,866,0,356
872,1827,863,0,357
873,1825,864,0,355
874,1826,864,0,0
875,1824,864,0,359
876,1821,867,0,350
877,1820,870,0,340
878,1822,869,0,345
879,1823,869,0,344
880,1824,867,0,344
881,1825,868,0,347
882,1825,868,0,346
883,1825,867,0,341
884,1825,868,0,340
885,1827,868,0,338
886,1827,867,0,335
887,1824,863,0,340
888,1822,860,0,343
889,1820,857,0,348
890,1815,857,0,349
891,1811,857,0,352
892,1813,857,0,356
893,1813,859,0,350
894,1813,857,0,349
895,1812,854,0,346
896,1812,852,0,346
897,1811,852,0,345
898,1807,852,0,347
899,1802,858,0,347
900,1800,869,0,350
901,1795,871,0,1
902,1790,870,0,8
903,1784,869,0,3
904,1778,869,0,2
905,1774,867,0,0
906,1771,868,0,1
907,1770,864,0,1
908,1770,861,0,1
909,1770,858,0,5
910,1770,860,0,0
911,1767,856,0,3
912,1766,855,0,3
913,1767,854,0,0
914,1764,853,0,2
915,1766,854,0,7
916,1766,853,0,6
917,1766,851,0,9
918,1765,850,0,10
919,1764,850,0,10
920,1768,845,0,4
921,1767,843,0,358
922,1764,837,0,349
923,1762,831,0,340
924,1759,830,0,335
925,1755,829,0,325
926,1754,825,0,329
927,1752,824,0,329
928,1748,824,0,331
929,1745,823,0,330
930,1754,825,0,330
931,1754,829,0,325
932,1754,830,0,327
933,1755,830,0,331
934,1755,831,0,333
935,1753,829,0,335
936,1751,830,0,338
937,1750,831,0,348
938,1749,831,0,355
939,1749,830,0,353
940,1749,830,0,353
941,1746,829,0,358
942,1745,830,0,358
943,1743,831,0,357
944,1745,833,0,354
945,1748,832,0,354
946,1749,829,0,343
947,1750,825,0,335
948,1748,824,0,333
949,1747,823,0,332
950,1747,823,0,332
951,1748,824,0,327
952,1750,824,0,330
953,1755,827,0,342
954,1754,826,0,340
955,1751,824,0,339
956,1749,823,0,339
957,1747,824,0,342
958,1746,822,0,340
959,1743,821,0,338
960,1736,819,0,341
961,1730,818,0,342
962,1726,819,0,345
963,1722,820,0,341
964,1717,819,0,344
965,1717,818,0,336
966,1712,812,0,328
967,1709,810,0,327
968,1707,807,0,326
969,1707,806,0,326
970,1706,808,0,323
971,1702,805,0,322
972,1702,803,0,321
973,1704,804,0,324
974,1703,805,0,323
975,1702,803,0,321
976,1701,801,0,316
977,1699,796,0,315
978,1698,796,0,316
979,1700,800,0,317
980,1697,800,0,320
981,1694,798,0,322
982,1694,798,0,322
983,1693,797,0,325
984,1693,799,0,328
985,1690,796,0,336
986,1689,796,0,334
987,1688,793,0,328
988,1686,792,0,328
989,1685,792,0,327
990,1682,792,0,327
991,1682,790,0,330
992,1683,789,0,331
993,1682,788,0,331
994,1683,788,0,331
995,1684,787,0,333
996,1683,787,0,332
997,1684,785,0,331
998,1685,783,0,325
999,1686,780,0,326
1000,1686,779,0,332
1001,1687,781,0,346
1002,1687,778,0,353
1003,1686,773,0,354
1004,1681,769,0,359
1005,1674,774,0,5
1006,1668,778,0,9
1007,1669,777,0,5
1008,1675,773,0,13
1009,1678,774,0,7
1010,1677,773,0,5
1011,1676,773,0,0
1012,1672,767,0,355
1013,1669,765,0,338
1014,1668,766,0,342
1015,1665,765,0,352
1016,1663,763,0,352
1017,1661,760,0,338
1018,1660,758,0,332
1019,1655,756,0,332
1020,1648,757,0,337
1021,1645,755,0,328
1022,1641,751,0,333
1023,1639,747,0,338
1024,1634,746,0,334
1025,1633,746,0,330
1026,1639,741,0,345
1027,1636,741,0,351
1028,1638,742,0,353
1029,1642,742,0,353
1030,1643,744,0,350
1031,1644,744,0,349
1032,1645,745,0,348
1033,1642,745,0,345
1034,1637,745,0,341
1035,1632,746,0,342
1036,1629,747,0,347
1037,1625,747,0,345
1038,1621,748,0,347
1039,1623,749,0,342
1040,1623,748,0,337
1041,1622,748,0,330
1042,1623,748,0,330
1043,1623,749,0,332
1044,1622,750,0,339
1045,1622,750,0,348
1046,1623,750,0,353
1047,1622,750,0,358
1048,1623,751,0,352
1049,1626,753,0,349
1050,1628,754,0,346
1051,1627,754,0,341
1052,1627,753,0,338
1053,1626,753,0,337
1054,1625,752,0,335
1055,1625,752,0,332
1056,1625,752,0,331
1057,1625,752,0,329
1058,1624,751,0,328
1059,1624,751,0,328
1060,1624,751,0,327
1061,1625,751,0,328
1062,1627,753,0,332
1063,1627,754,0,334
1064,1626,755,0,337
1065,1628,754,0,340
1066,1628,753,0,340
1067,1626,753,0,342
1068,1623,755,0,340
1069,1622,755,0,335
1070,1621,756,0,331
1071,1619,757,0,326
1072,1618,758,0,321
1073,1615,757,0,312
1074,1613,757,0,312
1075,1611,757,0,315
1076,1606,757,0,321
1077,1605,756,0,325
1078,1605,759,0,323
1079,1603,761,0,324
1080,1599,760,0,330
1081,1599,759,0,333
1082,1595,759,0,333
1083,1596,760,0,331
1084,1599,754,0,322
1085,1598,751,0,316
1086,1595,745,0,314
1087,1591,741,0,319
1088,1590,736,0,319
1089,1589,735,0,318
1090,1591,734,0,320
1091,1590,732,0,312
1092,1594,731,0,311
1093,1588,731,0,314
1094,1587,732,0,310
1095,1582,733,0,303
1096,1581,730,0,302
1097,1580,727,0,306
1098,1580,728,0,303
1099,1579,732,0,304
1100,1575,731,0,310
1101,1576,731,0,311
1102,1574,732,0,310
1103,1576,731,0,309
1104,1573,733,0,299
1105,1577,728,0,288
1106,1577,726,0,288
1107,1579,724,0,296
1108,1580,724,0,309
1109,1578,726,0,313
1110,1576,729,0,319
1111,1575,731,0,318
1112,1573,733,0,316
1113,1574,731,0,324
1114,1576,730,0,321
1115,1579,727,0,320
1116,1577,726,0,312
1117,1578,723,0,312
1118,1578,723,0,322
1119,1580,725,0,322
1120,1582,726,0,324
1121,1582,725,0,317
1122,1581,723,0,312
1123,1582,720,0,316
1124,1581,719,0,315
1125,1580,716,0,312
1126,1580,716,0,311
1127,1580,716,0,309
1128,1577,715,0,312
1129,1573,709,0,313
1130,1569,704,0,320
1131,1567,701,0,323
1132,1566,699,0,313
1133,1570,698,0,305
1134,1569,694,0,302
1135,1569,691,0,308
1136,1567,689,0,301
1137,1569,690,0,303
1138,1571,690,0,310
1139,1571,689,0,314
1140,1576,684,0,313
1141,1584,684,0,306
1142,1585,685,0,300
1143,1587,683,0,302
1144,1589,688,0,302
1145,1587,692,0,299
1146,1583,690,0,308
1147,1579,687,0,317
1148,1580,685,0,323
1149,1579,686,0,329
1150,1576,686,0,340
1151,1580,686,0,338
1152,1579,684,0,336
1153,1578,683,0,336
1154,1577,686,0,336
1155,1578,688,0,353
1156,1578,687,0,352
1157,1583,686,0,354
1158,1584,686,0,350
1159,1583,686,0,351
1160,1582,686,0,354
1161,1582,685,0,349
1162,1582,683,0,342
1163,1582,683,0,342
1164,1584,684,0,344
1165,1583,685,0,343
1166,1584,685,0,340
1167,1585,684,0,338
1168,1587,684,0,349
1169,1588,683,0,344
1170,1589,682,0,337
1171,1588,681,0,332
1172,1590,673,0,336
1173,1591,676,0,347
1174,1586,679,0,356
1175,1581,683,0,354
1176,1581,681,0,355
1177,1580,677,0,0
1178,1578,673,0,5
1179,1577,673,0,3
1180,1579,677,0,2
1181,1575,675,0,2
1182,1574,675,0,0
1183,1574,675,0,359
1184,1575,678,0,0
1185,1576,684,0,9
1186,1575,688,0,4
1187,1574,684,0,357
1188,1573,683,0,352
1189,1568,681,0,353
1190,1565,679,0,350
1191,1564,679,0,344
1192,1567,678,0,346
1193,1561,681,0,346
1194,1558,679,0,344
1195,1558,678,0,342
1196,1560,676,0,340
1197,1558,673,0,334
1198,1557,669,0,334
1199,1558,664,0,335
1200,1559,648,0,323
1201,1553,647,0,318
1202,1549,648,0,311
1203,1550,649,0,312
1204,1555,654,0,316
1205,1558,654,0,330
1206,1559,657,0,341
1207,1563,654,0,350
1208,1569,662,0,358
1209,1575,662,0,4
1210,1573,663,0,11
1211,1575,667,0,7
1212,1574,668,0,11
1213,1573,667,0,15
1214,1573,666,0,15
1215,1573,664,0,16
1216,1570,664,0,9
1217,1570,660,0,9
1218,1566,657,0,353
1219,1560,657,0,354
1220,1548,656,0,347
1221,1543,659,0,347
1222,1549,653,0,351
1223,1542,653,0,350
1224,1539,653,0,355
1225,1540,651,0,0
1226,1542,650,0,7
1227,1544,651,0,4
1228,1543,649,0,4
1229,1542,650,0,0
1230,1542,650,0,1
1231,1541,647,0,9
1232,1543,646,0,17
1233,1541,647,0,20
1234,1535,649,0,30
1235,1531,650,0,32
1236,1525,653,0,34
1237,1527,659,0,35
1238,1517,658,0,56
1239,1510,658,0,49
1240,1510,662,0,45
1241,1502,667,0,49
1242,1495,669,0,60
1243,1488,676,0,77
1244,1487,683,0,71
1245,1485,688,0,77
1246,1482,695,0,81
1247,1483,703,0,84
1248,1483,709,0,84
1249,1480,714,0,79
1250,1478,717,0,79
1251,1473,721,0,79
1252,1468,726,0,73
1253,1468,730,0,69
1254,1468,732,0,68
1255,1468,734,0,74
1256,1467,738,0,75
1257,1468,744,0,69
1258,1466,747,0,55
1259,1466,752,0,36
1260,1465,758,0,23
1261,1465,759,0,15
1262,1462,760,0,353
1263,1459,758,0,358
1264,1457,759,0,3
1265,1456,758,0,356
1266,1453,758,0,0
1267,1451,760,0,359
1268,1453,760,0,357
1269,1453,759,0,358
1270,1454,758,0,356
1271,1460,756,0,1
1272,1462,754,0,10
1273,1465,752,0,12
1274,1462,753,0,6
1275,1461,751,0,2
1276,1460,750,0,3
1277,1457,752,0,4
1278,1457,753,0,7
1279,1457,752,0,5
1280,1461,753,0,2
1281,1458,753,0,358
1282,1456,752,0,0
1283,1453,751,0,0
1284,1449,751,0,348
1285,1447,749,0,349
1286,1443,746,0,347
1287,1440,741,0,352
1288,1443,742,0,350
1289,1441,738,0,346
1290,1438,739,0,341
1291,1438,734,0,341
1292,1436,734,0,343
1293,1435,733,0,347
1294,1435,730,0,336
1295,1433,727,0,332
1296,1432,724,0,339
1297,1434,729,0,336
1298,1434,727,0,346
1299,1434,730,0,351
1300,1435,730,0,352
1301,1437,729,0,5
1302,1444,731,0,11
1303,1443,734,0,23
1304,1441,734,0,23
1305,1436,731,0,36
1306,1436,735,0,38
1307,1434,736,0,50
1308,1435,740,0,55
1309,1433,737,0,52
1310,1433,737,0,55
1311,1431,740,0,53
1312,1436,736,0,53
1313,1436,738,0,52
1314,1435,737,0,49
1315,1435,737,0,48
1316,1434,736,0,46
1317,1436,737,0,43
1318,1436,737,0,42
1319,1436,736,0,40
1320,1436,735,0,45
1321,1436,731,0,53
1322,1434,731,0,63
1323,1433,732,0,76
1324,1431,739,0,89
1325,1433,738,0,98
1326,1433,741,0,100
1327,1440,749,0,101
1328,1440,751,0,103
1329,1441,751,0,101
1330,1442,752,0,101
1331,1436,745,0,103
1332,1436,743,0,109
1333,1437,748,0,112
1334,1441,749,0,115
1335,1443,748,0,114
1336,1442,748,0,102
1337,1442,750,0,107
1338,1442,751,0,107
1339,1444,752,0,107
1340,1444,750,0,108
1341,1442,750,0,106
1342,1439,750,0,111
1343,1440,750,0,109
1344,1440,749,0,111
1345,1441,749,0,111
1346,1441,750,0,111
1347,1441,750,0,108
1348,1441,751,0,110
1349,1442,752,0,112
1350,1442,752,0,115
1351,1443,752,0,115
1352,1443,752,0,114
1353,1443,754,0,117
1354,1443,758,0,127
1355,1444,760,0,126
1356,1445,763,0,131
1357,1447,764,0,133
1358,1447,767,0,138
1359,1449,767,0,140
1360,1451,769,0,148
1361,1452,770,0,151
1362,1449,770,0,156
1363,1450,771,0,164
1364,1451,772,0,164
1365,1454,771,0,164
1366,1456,770,0,157
1367,1456,768,0,154
1368,1455,768,0,157
1369,1457,768,0,167
1370,1459,771,0,172
1371,1461,771,0,163
1372,1461,771,0,148
1373,1461,774,0,142
1374,1459,774,0,139
1375,1457,774,0,129
1376,1460,776,0,129
1377,1460,776,0,128
1378,1460,778,0,117
1379,1459,778,0,119
1380,1459,780,0,122
1381,1460,782,0,119
1382,1460,783,0,120
1383,1458,783,0,120
1384,1459,786,0,116
1385,1461,787,0,112
1386,1459,788,0,110
1387,1459,791,0,102
1388,1460,794,0,103
1389,1460,798,0,105
1390,1460,801,0,104
1391,1458,805,0,104
1392,1459,806,0,108
1393,1461,806,0,106
1394,1463,808,0,103
1395,1463,808,0,100
1396,1462,807,0,106
1397,1461,808,0,109
1398,1460,809,0,110
1399,1460,810,0,110
1400,1460,811,0,108
1401,1459,815,0,101
1402,1460,817,0,98
1403,1461,823,0,93
1404,1465,826,0,84
1405,1468,831,0,78
1406,1470,833,0,72
1407,1472,837,0,66
1408,1473,840,0,61
1409,1475,840,0,59
1410,1475,838,0,56
1411,1474,838,0,52
1412,1473,841,0,56
1413,1474,839,0,54
1414,1473,841,0,53
1415,1473,840,0,53
1416,1473,841,0,53
1417,1473,840,0,51
1418,1473,841,0,53
1419,1472,842,0,57
1420,1471,844,0,61
1421,1472,845,0,61
1422,1472,845,0,62
1423,1471,845,0,62
1424,1471,845,0,60
1425,1471,845,0,63
1426,1471,845,0,61
1427,1472,844,0,61
1428,1472,843,0,62
1429,1472,844,0,61
1430,1475,841,0,58
1431,1474,842,0,59
1432,1474,841,0,58
1433,1474,840,0,54
1434,1472,840,0,52
1435,1473,838,0,46
1436,1473,838,0,43
1437,1474,837,0,42
1438,1475,838,0,40
1439,1474,836,0,44
1440,1474,835,0,43
1441,1475,835,0,43
1442,1474,835,0,43
1443,1474,835,0,43
1444,1474,835,0,44
1445,1475,835,0,43
1446,1474,836,0,44
1447,1474,836,0,43
1448,1474,835,0,44
1449,1473,835,0,44
1450,1473,834,0,47
1451,1471,834,0,50
1452,1473,835,0,44
1453,1473,835,0,42
1454,1473,835,0,46
1455,1472,835,0,50
1456,1472,836,0,55
1457,1472,836,0,57
1458,1472,836,0,58
1459,1471,835,0,57
1460,1473,835,0,49
1461,1473,836,0,50
1462,1471,840,0,56
1463,1470,844,0,55
1464,1466,848,0,56
1465,1463,853,0,64
1466,1459,856,0,68
1467,1459,857,0,66
1468,1457,857,0,68
1469,1458,858,0,59
1470,1458,856,0,55
1471,1458,856,0,52
1472,1456,856,0,51
1473,1454,856,0,48
1474,1453,856,0,47
1475,1452,858,0,49
1476,1451,858,0,54
1477,1451,860,0,56
1478,1452,861,0,54
1479,1453,860,0,55
1480,1453,861,0,55
1481,1452,861,0,55
1482,1449,861,0,57
1483,1450,861,0,57
1484,1450,860,0,55
1485,1453,864,0,44
1486,1452,867,0,43
1487,1453,866,0,46
1488,1453,866,0,45
1489,1452,865,0,47
1490,1454,864,0,54
1491,1455,864,0,57
1492,1456,865,0,58
1493,1456,864,0,61
1494,1455,866,0,60
1495,1453,869,0,59
1496,1453,873,0,55
1497,1450,876,0,55
1498,1446,880,0,58
1499,1444,882,0,56
1500,1444,883,0,53
1501,1444,886,0,51
1502,1444,885,0,53
1503,1446,886,0,42
1504,1445,886,0,41
1505,1448,886,0,42
1506,1447,885,0,49
1507,1449,888,0,61
1508,1450,890,0,61
1509,1458,886,0,65
1510,1457,889,0,71
1511,1451,887,0,77
1512,1450,884,0,79
1513,1449,880,0,80
1514,1448,873,0,73
1515,1447,871,0,73
1516,1449,869,0,72
1517,1449,867,0,76
1518,1449,867,0,82
1519,1450,867,0,81
1520,1449,866,0,77
1521,1451,863,0,78
1522,1449,863,0,81
1523,1449,862,0,79
1524,1451,859,0,79
1525,1451,858,0,56
1526,1447,857,0,48
1527,1445,856,0,48
1528,1446,850,0,55
1529,1455,852,0,77
1530,1456,856,0,89
1531,1458,858,0,88
1532,1459,860,0,83
1533,1457,862,0,79
1534,1455,870,0,88
1535,1452,879,0,77
1536,1451,883,0,65
1537,1457,884,0,61
1538,1455,890,0,71
1539,1445,894,0,90
1540,1445,901,0,101
1541,1450,907,0,104
1542,1451,908,0,104
1543,1450,909,0,108
1544,1449,909,0,108
1545,1451,913,0,109
1546,1452,918,0,113
1547,1452,925,0,110
1548,1450,934,0,107
1549,1451,938,0,96
1550,1451,939,0,100
1551,1453,940,0,98
1552,1453,940,0,96
1553,1452,940,0,95
1554,1450,942,0,105
1555,1450,941,0,96
1556,1453,942,0,95
1557,1455,947,0,97
1558,1458,954,0,93
1559,1456,959,0,89
1560,1456,960,0,84
1561,1459,956,0,82
1562,1460,957,0,82
1563,1460,960,0,81
1564,1463,964,0,76
1565,1465,962,0,77
1566,1466,961,0,76
1567,1467,959,0,82
1568,1469,964,0,93
1569,1475,972,0,103
1570,1473,978,0,115
1571,1477,983,0,120
1572,1484,994,0,117
1573,1487,996,0,114
1574,1490,1000,0,115
1575,1493,1003,0,111
1576,1494,1011,0,118
1577,1495,1014,0,113
1578,1495,1016,0,103
1579,1493,1018,0,95
1580,1495,1028,0,95
1581,1491,1035,0,90
1582,1496,1042,0,79
1583,1486,1049,0,68
1584,1491,1059,0,67
1585,1487,1060,0,68
1586,1481,1062,0,55
1587,1483,1061,0,44
1588,1484,1067,0,39
1589,1480,1065,0,30
1590,1478,1066,0,23
1591,1476,1068,0,21
1592,1479,1062,0,24
1593,1474,1062,0,24
1594,1472,1063,0,28
1595,1470,1062,0,35
1596,1466,1058,0,42
1597,1465,1055,0,42
1598,1466,1051,0,36
1599,1464,1051,0,42
1600,1465,1051,0,43
1601,1465,1048,0,49
1602,1463,1046,0,53
1603,1469,1044,0,59
1604,1475,1042,0,63
1605,1480,1047,0,66
1606,1481,1046,0,59
1607,1480,1044,0,65
1608,1477,1042,0,65
1609,1472,1041,0,64
1610,1470,1040,0,51
1611,1469,1038,0,51
1612,1467,1037,0,54
1613,1466,1034,0,65
1614,1467,1035,0,76
1615,1469,1034,0,86
1616,1473,1033,0,87
1617,1482,1035,0,95
1618,1484,1036,0,101
1619,1484,1039,0,106
1620,1484,1041,0,113
1621,1485,1045,0,112
1622,1486,1048,0,114
1623,1485,1048,0,112
1624,1486,1050,0,115
1625,1489,1052,0,120
1626,1488,1056,0,122
1627,1484,1055,0,113
1628,1483,1055,0,114
1629,1481,1052,0,107
1630,1481,1048,0,99
1631,1478,1045,0,104
1632,1477,1043,0,98
1633,1479,1037,0,91
1634,1482,1033,0,87
1635,1482,1028,0,83
1636,1483,1025,0,79
1637,1486,1024,0,68
1638,1485,1019,0,66
1639,1477,1011,0,83
1640,1480,1012,0,78
1641,1487,1011,0,78
1642,1488,1015,0,92
1643,1486,1019,0,88
1644,1487,1025,0,73
1645,1491,1031,0,70
1646,1489,1042,0,55
1647,1487,1048,0,48
1648,1484,1054,0,52
1649,1476,1063,0,58
1650,1469,1070,0,44
1651,1467,1082,0,56
1652,1464,1086,0,58
1653,1460,1085,0,71
1654,1455,1084,0,70
1655,1452,1085,0,78
1656,1449,1086,0,92
1661,1448,1096,0,116
1662,1449,1100,0,125
1663,1448,1097,0,119
1664,1447,1097,0,118
1665,1448,1097,0,112
1666,1449,1097,0,109
1667,1450,1098,0,110
1668,1450,1099,0,109
1669,1453,1102,0,110
1670,1452,1102,0,104
1671,1450,1102,0,99
1672,1450,1104,0,102
1673,1452,1104,0,103
1674,1453,1102,0,106
1675,1452,1103,0,105
1676,1452,1104,0,105
1677,1451,1105,0,104
1678,1451,1105,0,103
1679,1451,1104,0,103
1680,1453,1104,0,100
1681,1452,1105,0,106
1682,1454,1108,0,104
1683,1453,1111,0,107
1684,1454,1111,0,107
1685,1455,1110,0,105
1686,1456,1110,0,106
1687,1456,1112,0,100
1688,1458,1115,0,101
1689,1461,1122,0,97
1690,1461,1130,0,95
1691,1465,1131,0,89
1692,1467,1132,0,87
1693,1470,1137,0,80
1694,1468,1139,0,85
1695,1468,1141,0,85
1696,1468,1147,0,90
1697,1469,1148,0,91
1698,1469,1151,0,98
1699,1474,1153,0,97
1700,1473,1158,0,91
1701,1477,1161,0,82
1702,1480,1161,0,80
1703,1491,1167,0,81
1704,1484,1171,0,73
1705,1482,1171,0,83
1706,1482,1172,0,85
1707,1485,1176,0,94
1708,1486,1179,0,100
1709,1487,1182,0,100
1710,1489,1188,0,97
1711,1487,1192,0,96
1712,1493,1200,0,96
1713,1491,1207,0,100
1714,1490,1210,0,100
1715,1491,1210,0,98
1716,1491,1207,0,108
1717,1492,1209,0,110
1718,1491,1208,0,110
1719,1491,1210,0,111
1720,1488,1210,0,113
1721,1489,1209,0,109
1722,1488,1208,0,109
1723,1488,1207,0,116
1724,1489,1207,0,113
1725,1490,1204,0,115
1726,1492,1206,0,110
1727,1492,1207,0,112
1728,1493,1208,0,112
1729,1492,1208,0,109
1730,1493,1209,0,108
1731,1494,1211,0,102
1732,1495,1213,0,103
1733,1493,1216,0,106
1734,1493,1217,0,101
1735,1493,1218,0,101
1736,1491,1218,0,100
1737,1488,1218,0,96
1738,1488,1220,0,96
1739,1491,1228,0,104
1740,1494,1231,0,100
1741,1496,1233,0,100
1742,1496,1236,0,108
1743,1492,1240,0,113
1744,1494,1239,0,115
1745,1496,1239,0,122
1746,1496,1241,0,122
1747,1499,1252,0,147
1748,1505,1254,0,135
1749,1509,1258,0,140
1750,1514,1264,0,145
1751,1519,1270,0,144
1752,1523,1271,0,143
1753,1519,1269,0,152
1754,1522,1272,0,155
1755,1529,1277,0,156
1756,1531,1280,0,157
1757,1537,1283,0,155
1758,1543,1288,0,150
1759,1545,1289,0,153
1760,1548,1289,0,154
1761,1552,1290,0,155
1762,1562,1293,0,157
1763,1569,1297,0,165
1764,1572,1300,0,159
1765,1572,1302,0,156
1766,1571,1303,0,156
1767,1570,1305,0,144
1768,1577,1310,0,153
1769,1578,1314,0,149
1770,1577,1315,0,138
1771,1579,1318,0,131
1772,1580,1316,0,135
1773,1579,1313,0,142
1774,1578,1310,0,145
1775,1577,1308,0,148
1776,1573,1304,0,151
1777,1575,1305,0,163
1778,1576,1302,0,174
1779,1575,1298,0,180
1780,1575,1297,0,185
1781,1573,1295,0,178
1782,1571,1297,0,185
1783,1570,1296,0,184
1784,1575,1294,0,177
1785,1577,1293,0,180
1786,1579,1288,0,184
1787,1577,1285,0,185
1788,1572,1285,0,190
1789,1572,1283,0,190
1790,1573,1283,0,190
1791,1585,1278,0,196
1792,1581,1277,0,195
1793,1576,1280,0,198
1794,1578,1274,0,194
1795,1577,1273,0,182
1796,1578,1271,0,174
1797,1576,1266,0,169
1798,1575,1263,0,169
1799,1576,1263,0,174
1800,1572,1260,0,176
1801,1571,1261,0,174
1802,1568,1261,0,177
1803,1566,1264,0,179
1804,1566,1263,0,181
1805,1566,1262,0,185
1806,1564,1261,0,190
1807,1565,1260,0,195
1808,1564,1260,0,189
1809,1565,1259,0,198
1810,1565,1257,0,195
1811,1565,1256,0,198
1812,1565,1252,0,193
1813,1563,1252,0,189
1814,1562,1253,0,194
1815,1558,1253,0,190
1816,1556,1254,0,192
1817,1553,1253,0,197
1818,1552,1249,0,187
1819,1552,1249,0,185
1820,1553,1249,0,196
1821,1551,1248,0,190
1822,1551,1246,0,190
1823,1551,1245,0,188
1824,1551,1245,0,188
1825,1550,1244,0,191
1826,1550,1243,0,187
1827,1552,1241,0,175
1828,1553,1241,0,175
1829,1553,1241,0,178
1830,1552,1241,0,180
1831,1552,1242,0,182
1832,1552,1242,0,184
1833,1552,1242,0,183
1834,1553,1241,0,178
1835,1552,1241,0,178
1836,1552,1241,0,179
1837,1552,1241,0,179
1838,1552,1241,0,179
1839,1552,1242,0,181
1840,1553,1239,0,176
1841,1554,1240,0,181
1842,1553,1241,0,180
1843,1554,1238,0,177
1844,1555,1237,0,173
1845,1554,1236,0,171
1846,1557,1235,0,166
1847,1557,1234,0,163
1848,1560,1236,0,167
1849,1562,1231,0,153
1850,1562,1228,0,145
1851,1560,1228,0,147
1852,1559,1226,0,143
1853,1556,1227,0,133
1854,1559,1229,0,120
1855,1560,1228,0,115
1856,1569,1225,0,93
1857,1570,1230,0,78
1858,1570,1232,0,80
1859,1569,1232,0,85
1860,1566,1232,0,76
1861,1566,1233,0,59
1862,1564,1235,0,49
1863,1558,1236,0,36
1864,1558,1236,0,34
1865,1556,1238,0,29
1866,1557,1242,0,34
1867,1557,1241,0,36
1868,1556,1241,0,44
1869,1555,1242,0,45
1870,1555,1241,0,46
1871,1555,1240,0,48
1872,1557,1236,0,46
1873,1558,1234,0,46
1874,1557,1234,0,47
1875,1557,1235,0,44
1876,1553,1238,0,44
1877,1554,1242,0,42
1878,1552,1246,0,29
1879,1546,1250,0,18
1880,1543,1252,0,22
1881,1542,1252,0,17
1882,1540,1251,0,20
1883,1537,1253,0,22
1884,1538,1253,0,16
1885,1541,1252,0,26
1886,1540,1255,0,22
1887,1538,1254,0,26
1888,1538,1255,0,20
1889,1537,1253,0,9
1890,1540,1250,0,12
1891,1545,1253,0,16
1892,1549,1250,0,12
1893,1550,1250,0,6
1894,1554,1250,0,3
1895,1563,1250,0,359
1896,1563,1250,0,2
1897,1562,1250,0,4
1898,1561,1250,0,3
1899,1561,1250,0,2
1900,1560,1249,0,1
1901,1562,1250,0,349
1902,1564,1246,0,344
1903,1568,1238,0,335
1904,1567,1237,0,332
1905,1566,1237,0,331
1906,1565,1235,0,332
1907,1559,1232,0,342
1908,1558,1229,0,343
1909,1554,1228,0,356
1910,1553,1228,0,0
1911,1551,1229,0,5
1912,1549,1227,0,12
1913,1548,1226,0,22
1914,1547,1219,0,25
1915,1543,1216,0,40
1916,1534,1205,0,47
1917,1533,1201,0,53
1918,1521,1199,0,69
1919,1515,1194,0,87
1920,1508,1198,0,104
1921,1503,1203,0,129
1922,1506,1205,0,131
1923,1511,1204,0,133
1924,1518,1196,0,122
1925,1518,1195,0,139
1926,1518,1187,0,143
1927,1517,1189,0,158
1928,1517,1178,0,149
1929,1515,1176,0,159
1930,1516,1176,0,162
1931,1516,1175,0,163
1932,1516,1175,0,160
1933,1515,1173,0,159
1934,1515,1170,0,154
1935,1513,1170,0,153
1936,1516,1175,0,155
1937,1515,1175,0,155
1938,1512,1176,0,153
1939,1511,1178,0,152
1940,1515,1180,0,147
1941,1518,1184,0,137
1942,1521,1195,0,139
1943,1523,1197,0,125
1944,1528,1201,0,124
1945,1532,1205,0,114
1946,1533,1208,0,110
1947,1533,1207,0,118
1948,1533,1206,0,120
1949,1531,1206,0,125
1950,1528,1206,0,126
1951,1526,1208,0,122
1952,1523,1205,0,116
1953,1517,1204,0,123
1954,1513,1204,0,130
1955,1513,1204,0,127
1956,1517,1205,0,139
1957,1521,1200,0,143
1958,1522,1199,0,140
1959,1521,1201,0,143
1960,1521,1200,0,138
1961,1521,1202,0,144
1962,1521,1201,0,145
1963,1522,1200,0,151
1964,1524,1203,0,156
1965,1522,1204,0,162
1966,1522,1202,0,168
1967,1518,1198,0,154
1968,1518,1200,0,155
1969,1516,1200,0,148
1970,1515,1202,0,145
1971,1515,1200,0,143
1972,1512,1201,0,139
1973,1512,1200,0,134
1974,1512,1198,0,125
1975,1512,1197,0,129
1976,1515,1194,0,141
1977,1514,1194,0,137
1978,1521,1189,0,133
1979,1521,1189,0,139
1980,1523,1191,0,133
1981,1526,1193,0,132
1982,1526,1193,0,131
1983,1523,1196,0,135
1984,1523,1196,0,135
1985,1524,1197,0,153
1986,1528,1200,0,164
1987,1531,1197,0,166
1988,1536,1195,0,170
1989,1538,1194,0,172
1990,1543,1199,0,171
1991,1541,1196,0,161
1992,1541,1194,0,153
1993,1543,1196,0,159
1994,1541,1196,0,165
1995,1545,1197,0,170
1996,1548,1199,0,176
1997,1548,1199,0,173
1998,1549,1200,0,168
1999,1552,1201,0,172
2000,1554,1201,0,180
2001,1555,1197,0,192
2002,1557,1196,0,202
2003,1555,1194,0,221
2004,1556,1189,0,228
2005,1555,1189,0,232
2006,1555,1190,0,239
2007,1553,1190,0,238
2008,1550,1192,0,239
2009,1549,1192,0,243
2010,1548,1192,0,242
2011,1550,1189,0,241
2012,1551,1186,0,243
2013,1553,1187,0,241
2014,1554,1189,0,244
2015,1554,1191,0,243
2016,1554,1192,0,242
2017,1556,1192,0,247
2018,1556,1192,0,246
2019,1555,1194,0,248
2020,1554,1195,0,255
2021,1553,1196,0,261
2022,1557,1199,0,264
2023,1559,1203,0,271
2024,1560,1203,0,276
2025,1560,1203,0,280
2026,1561,1202,0,285
2027,1560,1201,0,283
2028,1561,1199,0,282
2029,1563,1199,0,281
2030,1564,1197,0,278
2031,1565,1196,0,279
2032,1568,1195,0,279
2033,1569,1194,0,276
2034,1570,1193,0,276
2035,1569,1191,0,275
2036,1570,1192,0,274
2037,1569,1191,0,276
2038,1567,1189,0,281
2039,1567,1188,0,285
2040,1568,1185,0,286
2041,1567,1183,0,291
2042,1564,1180,0,288
2043,1563,1176,0,292
2044,1563,1173,0,292
2045,1562,1170,0,295
2046,1563,1170,0,302
2047,1566,1172,0,313
2048,1567,1173,0,317
2049,1569,1175,0,321
2050,1565,1176,0,322
2051,1558,1173,0,313
2052,1556,1171,0,298
2053,1553,1165,0,283
2054,1554,1164,0,271
2055,1554,1163,0,261
2056,1552,1159,0,243
2057,1548,1160,0,230
2058,1546,1161,0,222
2059,1546,1155,0,197
2060,1543,1149,0,191
2061,1543,1146,0,178
2062,1544,1144,0,167
2063,1553,1141,0,155
2064,1556,1145,0,137
2065,1555,1143,0,145
2066,1556,1142,0,132
2067,1558,1146,0,129
2068,1566,1154,0,108
2069,1571,1163,0,115
2070,1573,1165,0,116
2071,1573,1166,0,124
2072,1582,1161,0,125
2073,1582,1164,0,123
2074,1584,1165,0,126
2075,1587,1169,0,138
2076,1596,1166,0,141
2077,1597,1164,0,145
2078,1603,1157,0,154
2079,1608,1157,0,163
2080,1617,1147,0,156
2081,1622,1151,0,163
2082,1627,1152,0,164
2083,1631,1149,0,163
2084,1633,1149,0,164
2085,1635,1150,0,161
2086,1639,1148,0,162
2087,1646,1147,0,170
2088,1656,1147,0,174
2089,1669,1148,0,157
2090,1676,1152,0,155
2091,1682,1154,0,160
2092,1690,1158,0,164
2093,1699,1156,0,159
2094,1705,1154,0,158
2095,1706,1152,0,163
2096,1711,1148,0,178
2097,1717,1144,0,182
2098,1720,1144,0,184
2099,1722,1142,0,178
2100,1730,1142,0,165
2101,1735,1141,0,163
2102,1738,1141,0,165
2103,1744,1144,0,169
2104,1749,1139,0,165
2105,1751,1138,0,164
2106,1750,1142,0,161
2107,1747,1141,0,156
2108,1740,1145,0,154
2109,1734,1154,0,153
2110,1730,1158,0,167
2111,1724,1161,0,182
2112,1720,1164,0,192
2113,1721,1165,0,204
2114,1728,1164,0,227
2115,1731,1156,0,249
2116,1732,1155,0,254
2117,1730,1150,0,271
2118,1728,1143,0,284
2119,1729,1142,0,295
2120,1727,1138,0,303
2121,1728,1134,0,307
2122,1729,1134,0,301
2123,1727,1138,0,297
2124,1727,1141,0,292
2125,1730,1145,0,289
2126,1729,1144,0,287
2127,1729,1141,0,281
2128,1728,1141,0,279
2129,1727,1133,0,277
2130,1718,1130,0,286
2131,1719,1132,0,277
2132,1718,1126,0,273
2133,1715,1124,0,264
2134,1712,1120,0,245
2135,1710,1120,0,247
2136,1708,1124,0,233
2137,1711,1126,0,225
2138,1713,1124,0,221
2139,1711,1125,0,223
2140,1714,1125,0,228
2141,1719,1121,0,223
2142,1725,1109,0,211
2143,1736,1101,0,209
2144,1745,1098,0,211
2145,1756,1089,0,211
2146,1761,1089,0,206
2147,1767,1088,0,201
2148,1770,1085,0,204
2149,1768,1083,0,211
2150,1772,1084,0,221
2151,1774,1087,0,214
2152,1774,1088,0,206
2153,1775,1091,0,205
2154,1775,1091,0,203
2155,1776,1090,0,205
2156,1775,1089,0,208
2157,1774,1088,0,209
2158,1775,1088,0,203
2159,1776,1088,0,203
2160,1777,1088,0,206
2161,1778,1088,0,209
2162,1774,1087,0,212
2163,1766,1084,0,219
2164,1764,1083,0,220
2165,1763,1083,0,217
2166,1761,1082,0,212
2167,1762,1082,0,210
2168,1763,1081,0,211
2169,1763,1082,0,209
2170,1763,1081,0,209
2171,1763,1083,0,203
2172,1759,1083,0,193
2173,1757,1085,0,170
2174,1759,1088,0,150
2175,1764,1093,0,139
2176,1765,1100,0,136
2177,1765,1107,0,133
2178,1760,1112,0,133
2179,1762,1115,0,130
2180,1764,1123,0,129
2181,1767,1131,0,138
2182,1770,1133,0,139
2183,1776,1142,0,134
2184,1780,1146,0,124
2185,1785,1146,0,118
2186,1791,1148,0,107
2187,1792,1152,0,114
2188,1796,1151,0,113
2189,1793,1155,0,126
2190,1794,1159,0,127
2191,1796,1162,0,127
2192,1796,1166,0,129
2193,1802,1164,0,136
2194,1799,1160,0,140
2195,1800,1157,0,143
2196,1798,1162,0,143
2197,1797,1161,0,139
2198,1794,1162,0,136
2199,1794,1163,0,129
2200,1791,1165,0,119
2201,1789,1167,0,109
2202,1787,1168,0,104
2203,1783,1169,0,112
2204,1785,1171,0,113
2205,1787,1173,0,116
2206,1786,1176,0,118
2207,1789,1177,0,123
2208,1793,1181,0,133
2209,1798,1182,0,147
2210,1807,1183,0,147
2211,1809,1184,0,158
2212,1812,1181,0,150
2213,1812,1182,0,146
2214,1814,1185,0,145
2215,1819,1185,0,142
2216,1828,1184,0,148
2217,1824,1184,0,140
2218,1818,1182,0,149
2219,1814,1178,0,161
2220,1810,1170,0,159
2221,1811,1169,0,173
2222,1811,1160,0,184
2223,1810,1158,0,171
2224,1810,1157,0,166
2225,1810,1156,0,170
2226,1810,1155,0,171
2227,1810,1151,0,182
2228,1805,1153,0,187
2229,1802,1154,0,189
2230,1800,1155,0,186
2231,1797,1154,0,178
2232,1797,1157,0,183
2233,1795,1155,0,170
2234,1794,1155,0,178
2235,1796,1159,0,163
2236,1800,1159,0,162
2237,1801,1156,0,161
2238,1805,1158,0,163
2239,1805,1157,0,160
2240,1802,1152,0,169
2241,1803,1154,0,171
2242,1804,1155,0,178
2243,1808,1154,0,175
2244,1812,1154,0,183
2245,1820,1155,0,190
2246,1820,1156,0,191
2247,1819,1155,0,193
2248,1819,1159,0,192
2249,1821,1158,0,203
2250,1821,1160,0,214
2251,1816,1165,0,219
2252,1817,1162,0,222
2253,1815,1156,0,205
2254,1817,1156,0,203
2255,1820,1156,0,203
2256,1819,1155,0,197
2257,1821,1156,0,198
2258,1823,1155,0,194
2259,1823,1154,0,195
2260,1828,1154,0,195
2261,1829,1149,0,193
2262,1835,1147,0,194
2263,1834,1144,0,206
2264,1832,1143,0,211
2265,1832,1143,0,218
2266,1829,1150,0,220
2267,1827,1151,0,206
2268,1830,1148,0,200
2269,1829,1145,0,199
2270,1829,1145,0,205
2271,1828,1147,0,204
2272,1830,1147,0,205
2273,1834,1146,0,201
2274,1846,1142,0,207
2275,1850,1142,0,211
2276,1836,1146,0,219
2277,1835,1147,0,218
2278,1833,1152,0,217
2279,1834,1156,0,220
2280,1840,1157,0,217
2281,1849,1154,0,226
2282,1852,1144,0,220
2283,1859,1135,0,230
2284,1868,1133,0,232
2285,1874,1130,0,218
2286,1880,1125,0,219
2287,1882,1119,0,220
2288,1885,1118,0,229
2289,1887,1117,0,236
2290,1892,1116,0,243
2291,1895,1106,0,237
2292,1900,1105,0,240
2293,1903,1102,0,246
2294,1901,1107,0,260
2295,1901,1111,0,273
2296,1901,1111,0,278
2297,1901,1110,0,281
2298,1902,1109,0,283
2299,1904,1108,0,281
2300,1906,1107,0,285
2301,1909,1102,0,289
2302,1906,1100,0,293
2303,1897,1095,0,291
2304,1891,1093,0,289
2305,1885,1092,0,278
2306,1878,1096,0,273
2307,1881,1088,0,280
2308,1868,1085,0,259
2309,1862,1076,0,233
2310,1858,1076,0,233
2311,1854,1074,0,212
2312,1855,1073,0,218
2313,1852,1073,0,215
2314,1852,1070,0,209
2315,1852,1069,0,200
2316,1854,1066,0,199
2317,1859,1069,0,198
2318,1868,1067,0,182
2319,1876,1067,0,178
2320,1881,1067,0,187
2321,1889,1064,0,190
2322,1892,1063,0,192
2323,1895,1061,0,195
2324,1898,1063,0,196
2325,1902,1065,0,191
2326,1903,1065,0,190
2327,1905,1065,0,190
2328,1902,1063,0,191
2329,1902,1062,0,196
2330,1905,1061,0,198
2331,1907,1058,0,195
2332,1912,1056,0,198
2333,1913,1054,0,196
2334,1915,1054,0,196
2335,1920,1054,0,198
2336,1921,1055,0,196
2337,1928,1054,0,203
2338,1929,1053,0,196
2339,1936,1052,0,200
2340,1939,1049,0,199
2341,1929,1046,0,195
2342,1930,1042,0,190
2343,1921,1038,0,183
2344,1916,1035,0,180
2345,1918,1034,0,177
2346,1929,1021,0,155
2347,1926,1024,0,150
2348,1930,1024,0,138
2349,1928,1032,0,137
2350,1930,1036,0,134
2351,1930,1040,0,132
2352,1929,1038,0,135
2353,1928,1037,0,136
2354,1927,1039,0,140
2355,1927,1039,0,143
2356,1927,1040,0,149
2357,1929,1047,0,153
2358,1933,1049,0,175
2359,1935,1048,0,198
2360,1944,1038,0,200
2361,1940,1030,0,182
2362,1943,1026,0,186
2363,1947,1023,0,189
2364,1948,1021,0,196
2365,1947,1022,0,203
2366,1944,1024,0,202
2367,1944,1023,0,203
2368,1941,1022,0,202
2369,1937,1024,0,199
2370,1934,1023,0,203
2371,1934,1022,0,201
2372,1938,1019,0,189
2373,1936,1020,0,188
2374,1930,1022,0,170
2375,1929,1023,0,169
2376,1930,1023,0,168
2377,1929,1024,0,168
2378,1931,1024,0,165
2379,1933,1025,0,156
2380,1929,1023,0,151
2381,1929,1026,0,157
2382,1931,1028,0,163
2383,1934,1028,0,166
2384,1931,1028,0,163
2385,1931,1026,0,165
2386,1932,1026,0,174
2387,1933,1024,0,166
2388,1937,1024,0,171
2389,1933,1023,0,166
2390,1931,1024,0,160
2391,1931,1023,0,153
2392,1929,1022,0,148
2393,1928,1023,0,154
2394,1926,1023,0,156
2395,1925,1028,0,182
2396,1922,1028,0,192
2397,1922,1024,0,198
2398,1922,1023,0,203
2399,1922,1023,0,215
2400,1922,1024,0,217
2401,1922,1025,0,214
2402,1923,1025,0,211
2403,1921,1029,0,212
2404,1926,1034,0,216
2405,1926,1035,0,215
2406,1926,1036,0,219
2407,1925,1035,0,224
2408,1926,1035,0,230
2409,1927,1035,0,231
2410,1929,1037,0,231
2411,1930,1034,0,210
2412,1931,1035,0,197
2413,1929,1037,0,187
2414,1930,1035,0,180
2415,1930,1034,0,185
2416,1931,1036,0,170
2417,1929,1036,0,164
2418,1929,1034,0,153
2419,1932,1031,0,151
2420,1932,1027,0,142
2421,1930,1026,0,138
2422,1928,1024,0,131
2423,1931,1028,0,118
2424,1934,1039,0,116
2425,1934,1041,0,124
2426,1936,1046,0,118
2427,1937,1049,0,124
2428,1937,1052,0,135
2429,1944,1055,0,128
2430,1949,1053,0,132
2431,1950,1047,0,139
2432,1950,1047,0,132
2433,1955,1043,0,122
2434,1964,1034,0,117
2435,1968,1035,0,113
2436,1977,1033,0,87
2437,1977,1035,0,86
2438,1978,1036,0,86
2439,1979,1036,0,84
2440,1979,1037,0,88
2441,1980,1043,0,88
2442,1981,1044,0,89
2443,1978,1042,0,93
2444,1976,1041,0,103
2445,1977,1039,0,109
2446,1983,1037,0,114
2447,1984,1038,0,115
2448,1989,1037,0,117
2449,1991,1038,0,115
2450,1993,1042,0,120
2451,1996,1038,0,122
2452,2000,1034,0,128
2453,2005,1033,0,125
2454,2008,1035,0,116
2455,2011,1042,0,105
2456,2015,1049,0,96
2457,2017,1046,0,93
2458,2016,1043,0,101
2459,2022,1044,0,99
2460,2024,1047,0,92
2461,2022,1052,0,87
2462,2020,1057,0,79
2463,2018,1063,0,74
2464,2013,1063,0,71
2465,2011,1067,0,69
2466,2010,1071,0,56
2467,2009,1070,0,46
2468,2009,1067,0,35
2469,2002,1071,0,37
2470,2005,1068,0,35
2471,2006,1073,0,39
2472,2007,1077,0,32
2473,2004,1080,0,29
2474,2003,1086,0,15
2475,2001,1090,0,11
2476,2000,1090,0,12
2477,2003,1089,0,24
2478,2005,1091,0,21
2479,2005,1092,0,21
2480,2004,1093,0,22
2481,2002,1095,0,21
2482,2001,1096,0,25
2483,1999,1096,0,27
2484,1997,1096,0,34
2485,1996,1100,0,37
2486,1992,1098,0,34
2487,1991,1094,0,31
2488,1988,1098,0,37
2489,1985,1100,0,33
2490,1981,1098,0,23
2491,1976,1102,0,20
2492,1974,1105,0,17
2493,1974,1107,0,16
2494,1971,1109,0,13
2495,1971,1110,0,8
2496,1972,1110,0,8
2497,1978,1111,0,3
2498,1978,1114,0,19
2499,1977,1119,0,30
2500,1975,1125,0,27
2501,1969,1127,0,27
2502,1963,1126,0,45
2503,1961,1127,0,44
2504,1963,1130,0,52
2505,1967,1130,0,65
2506,1971,1134,0,76
2507,1966,1143,0,75
2508,1969,1142,0,90
2509,1960,1147,0,94
2510,1962,1145,0,86
2511,1964,1145,0,77
2512,1963,1144,0,73
2513,1961,1143,0,80
2514,1959,1144,0,94
2515,1961,1150,0,100
2516,1967,1151,0,96
2517,1969,1159,0,78
2518,1969,1156,0,71
2519,1964,1158,0,74
2520,1963,1161,0,71
2521,1965,1164,0,71
2522,1970,1169,0,60
2523,1974,1175,0,55
2524,1976,1180,0,48
2525,1970,1179,0,52
2526,1960,1181,0,44
2527,1959,1182,0,39
2528,1958,1185,0,30
2529,1956,1189,0,13
2530,1955,1186,0,356
2531,1953,1182,0,350
2532,1951,1174,0,347
2533,1945,1183,0,348
2534,1937,1182,0,337
2535,1930,1185,0,337
2536,1932,1184,0,349
2537,1924,1187,0,355
2538,1918,1185,0,340
2539,1914,1182,0,332
2540,1911,1186,0,326
2541,1909,1187,0,320
2542,1905,1184,0,324
2543,1898,1184,0,320
2544,1893,1178,0,316
2545,1889,1182,0,314
2546,1885,1183,0,307
2547,1881,1187,0,298
2548,1881,1188,0,301
2549,1881,1187,0,300
2550,1884,1187,0,298
2551,1881,1183,0,285
2552,1878,1177,0,278
2553,1878,1174,0,271
2554,1882,1169,0,274
2555,1883,1171,0,277
2556,1882,1171,0,277
2557,1883,1168,0,279
2558,1881,1164,0,282
2559,1881,1157,0,286
2560,1877,1155,0,278
2561,1879,1148,0,279
2562,1882,1143,0,282
2563,1879,1140,0,285
2564,1880,1139,0,294
2565,1881,1138,0,288
2566,1885,1136,0,286
2567,1884,1136,0,280
2568,1883,1132,0,293
2569,1880,1127,0,297
2570,1880,1126,0,310
2571,1883,1127,0,313
2572,1883,1124,0,317
2573,1881,1121,0,320
2574,1881,1119,0,325
2575,1889,1119,0,325
2576,1889,1117,0,338
2577,1892,1119,0,337
2578,1890,1118,0,326
2579,1893,1117,0,324
2580,1898,1116,0,329
2581,1902,1120,0,333
2582,1914,1122,0,343
2583,1922,1132,0,339
2584,1925,1130,0,334
2585,1925,1131,0,330
2586,1924,1132,0,321
2587,1927,1134,0,317
2588,1927,1134,0,315
2589,1928,1130,0,316
2590,1930,1128,0,317
2591,1931,1130,0,312
2592,1930,1128,0,313
2593,1931,1128,0,316
2594,1931,1126,0,318
2595,1932,1124,0,322
2596,1933,1122,0,323
2597,1934,1122,0,325
2598,1935,1122,0,332
2599,1937,1125,0,341
2600,1933,1128,0,359
2601,1926,1117,0,3
2602,1914,1118,0,358
2603,1907,1115,0,350
2604,1915,1114,0,340
2605,1907,1120,0,330
2606,1899,1115,0,323
2607,1893,1115,0,307
2608,1889,1110,0,307
2609,1891,1107,0,301
2610,1888,1104,0,297
2611,1883,1105,0,292
2612,1880,1107,0,294
2613,1876,1106,0,292
2614,1875,1104,0,292
2615,1875,1098,0,290
2616,1875,1099,0,293
2617,1878,1092,0,298
2618,1879,1092,0,301
2619,1879,1095,0,311
2620,1878,1095,0,321
2621,1880,1092,0,327
2622,1877,1093,0,326
2623,1879,1094,0,340
2624,1880,1092,0,342
2625,1880,1091,0,344
2626,1879,1090,0,342
2627,1879,1088,0,353
2628,1878,1086,0,358
2629,1878,1086,0,354
2630,1879,1087,0,344
2631,1881,1087,0,347
2632,1877,1089,0,350
2633,1877,1094,0,347
2634,1877,1093,0,325
2635,1871,1085,0,326
2636,1862,1083,0,320
2637,1856,1078,0,320
2638,1855,1076,0,320
2639,1858,1076,0,324
2640,1867,1081,0,327
2641,1872,1081,0,332
2642,1876,1081,0,337
2643,1875,1082,0,331
2644,1870,1082,0,330
2645,1869,1083,0,337
2646,1868,1085,0,342
2647,1870,1086,0,348
2648,1874,1084,0,354
2649,1875,1085,0,352
2650,1876,1086,0,355
2651,1879,1090,0,356
2652,1879,1093,0,349
2653,1878,1093,0,340
2654,1878,1092,0,340
2655,1877,1090,0,329
2656,1878,1089,0,343
2657,1883,1091,0,356
2658,1895,1098,0,4
2659,1899,1099,0,12
2660,1908,1102,0,20
2661,1921,1098,0,21
2662,1929,1104,0,42
2663,1930,1102,0,49
2664,1929,1102,0,45
2665,1930,1103,0,51
2666,1929,1105,0,56
2667,1930,1105,0,79
2668,1938,1110,0,74
2669,1936,1109,0,79
2670,1935,1108,0,87
2671,1937,1113,0,89
2672,1935,1114,0,95
2673,1936,1118,0,100
2674,1932,1122,0,104
2675,1932,1127,0,123
2676,1937,1130,0,132
2677,1943,1131,0,130
2678,1943,1127,0,131
2679,1945,1128,0,136
2680,1946,1135,0,137
2681,1953,1135,0,134
2682,1956,1134,0,132
2683,1952,1133,0,135
2684,1953,1135,0,148
2685,1959,1131,0,125
2686,1966,1134,0,104
2687,1965,1134,0,103
2688,1967,1139,0,100
2689,1967,1141,0,101
2690,1969,1141,0,95
2691,1971,1139,0,95
2692,1973,1138,0,92
2693,1973,1140,0,97
2694,1977,1143,0,90
2695,1974,1142,0,91
2696,1974,1146,0,91
2697,1974,1150,0,86
2698,1974,1152,0,91
2699,1974,1156,0,95
2700,1976,1154,0,94
2701,1976,1156,0,92
2702,1973,1159,0,99
2703,1974,1159,0,99
2704,1973,1155,0,91
2705,1969,1150,0,99
2706,1970,1152,0,99
2707,1968,1144,0,98
2708,1975,1129,0,98
2709,1976,1128,0,87
2710,1973,1136,0,94
2711,1971,1142,0,94
2712,1970,1144,0,101
2713,1974,1148,0,105
2714,1976,1160,0,108
2715,1978,1167,0,105
2716,1981,1173,0,115
2717,1979,1175,0,124
2718,1981,1176,0,127
2719,1982,1174,0,124
2720,1983,1172,0,123
2721,1982,1172,0,123
2722,1969,1170,0,114
2723,1972,1165,0,117
2724,1976,1163,0,100
2725,1960,1166,0,128
2726,1955,1170,0,141
2727,1952,1175,0,168
2728,1949,1182,0,179
2729,1947,1183,0,178
2730,1946,1180,0,186
2731,1944,1182,0,185
2732,1944,1181,0,190
2733,1951,1173,0,194
2734,1953,1170,0,189
2735,1958,1168,0,191
2736,1960,1165,0,194
2737,1963,1164,0,196
2738,1970,1162,0,192
2739,1966,1161,0,196
2740,1968,1159,0,203
2741,1971,1155,0,204
2742,1965,1154,0,206
2743,1961,1154,0,211
2744,1960,1153,0,205
2745,1961,1152,0,199
2746,1969,1157,0,192
2747,1970,1161,0,183
2748,1974,1170,0,178
2749,1970,1169,0,176
2750,1973,1160,0,166
2751,1982,1161,0,162
2752,1987,1158,0,143
2753,1998,1143,0,109
2754,1997,1149,0,105
2755,2004,1148,0,102
2756,2006,1155,0,93
2757,2012,1152,0,79
2758,2011,1153,0,79
2759,2012,1158,0,66
2760,2014,1159,0,60
2761,2013,1157,0,62
2762,2012,1152,0,58
2763,2012,1149,0,37
2764,2014,1148,0,28
2765,2015,1143,0,30
2766,2012,1144,0,35
2767,2013,1144,0,40
2768,2011,1142,0,48
2769,2023,1135,0,49
2770,2022,1133,0,45
2771,2016,1133,0,53
2772,2018,1134,0,62
2773,2025,1137,0,68
2774,2035,1130,0,91
2775,2040,1131,0,92
2776,2041,1130,0,89
2777,2040,1134,0,84
2778,2042,1136,0,72
2779,2042,1135,0,69
2780,2040,1136,0,64
2781,2039,1136,0,64
2782,2044,1136,0,65
2783,2043,1136,0,66
2784,2041,1138,0,65
2785,2039,1141,0,64
2786,2038,1143,0,68
2787,2039,1145,0,67
2788,2040,1147,0,66
2789,2030,1146,0,67
2790,2026,1147,0,58
2791,2026,1146,0,55
2792,2024,1143,0,50
2793,2024,1141,0,60
2794,2023,1143,0,60
2795,2022,1140,0,71
2796,2023,1136,0,78
2797,2022,1136,0,74
2798,2022,1129,0,73
2799,2025,1127,0,58
2800,2026,1121,0,35
2801,2027,1120,0,32
2802,2023,1123,0,24
2803,2019,1125,0,24
2804,2016,1124,0,29
2805,2014,1123,0,32
2806,2013,1121,0,27
2807,2014,1118,0,22
2808,2014,1119,0,12
2809,2019,1121,0,3
2810,2018,1123,0,4
2811,2020,1122,0,358
2812,2023,1122,0,0
2813,2026,1129,0,7
2814,2025,1136,0,356
2815,2026,1133,0,3
2816,2025,1133,0,2
2817,2025,1136,0,2
2818,2025,1135,0,4
2819,2026,1136,0,5
2820,2027,1137,0,9
2821,2026,1137,0,8
2822,2023,1133,0,14
2823,2021,1134,0,18
2824,2024,1134,0,22
2825,2032,1130,0,34
2826,2036,1129,0,32
2827,2038,1132,0,27
2828,2036,1138,0,21
2829,2033,1141,0,12
2830,2031,1133,0,10
2831,2031,1129,0,9
2832,2032,1121,0,18
2833,2040,1118,0,18
2834,2053,1108,0,13
2835,2064,1106,0,14
2836,2070,1107,0,21
2837,2068,1103,0,29
2838,2068,1105,0,27
2839,2067,1107,0,21
2840,2067,1109,0,23
2841,2071,1109,0,13
2842,2067,1111,0,25
2843,2066,1113,0,23
2844,2064,1112,0,27
2845,2068,1112,0,41
2846,2069,1110,0,44
2847,2069,1111,0,52
2848,2071,1114,0,55
2849,2073,1120,0,65
2850,2073,1133,0,74
2851,2075,1138,0,80
2852,2077,1143,0,74
2853,2077,1145,0,62
2854,2075,1141,0,53
2855,2070,1148,0,49
2856,2066,1150,0,52
2857,2066,1153,0,57
2858,2066,1154,0,55
2859,2067,1153,0,64
2860,2069,1154,0,64
2861,2065,1161,0,70
2862,2062,1162,0,81
2863,2064,1161,0,69
2864,2065,1160,0,74
2865,2061,1160,0,78
2866,2063,1163,0,72
2867,2064,1158,0,70
2868,2068,1162,0,63
2869,2068,1161,0,63
2870,2069,1156,0,59
2871,2074,1156,0,72
2872,2071,1156,0,70
2873,2072,1152,0,62
2874,2073,1148,0,62
2875,2072,1150,0,68
2876,2072,1147,0,64
2877,2071,1147,0,68
2878,2068,1149,0,73
2879,2063,1149,0,85
2880,2064,1151,0,81
2881,2063,1155,0,83
2882,2058,1157,0,88
2883,2057,1150,0,93
2884,2059,1154,0,85
2885,2060,1148,0,87
2886,2060,1142,0,94
2887,2062,1139,0,98
2888,2060,1143,0,101
2889,2058,1147,0,104
2890,2060,1147,0,98
2891,2058,1152,0,96
2892,2059,1160,0,99
2893,2061,1167,0,93
2894,2066,1179,0,94
2895,2067,1184,0,97
2896,2068,1189,0,95
2897,2069,1189,0,96
2898,2076,1190,0,116
2899,2077,1188,0,119
2900,2081,1193,0,128
2901,2088,1192,0,123
2902,2087,1196,0,139
2903,2086,1191,0,129
2904,2085,1189,0,118
2905,2084,1188,0,126
2906,2084,1183,0,123
2907,2086,1180,0,113
2908,2086,1182,0,108
2909,2085,1187,0,100
2910,2086,1187,0,99
2911,2086,1192,0,100
2912,2086,1200,0,93
2913,2089,1201,0,81
2914,2091,1200,0,82
2915,2094,1205,0,82
2916,2101,1216,0,51
2917,2112,1217,0,49
2918,2115,1220,0,38
2919,2121,1213,0,40
2920,2131,1222,0,27
2921,2145,1217,0,29
2922,2150,1210,0,25
2923,2156,1210,0,30
2924,2151,1212,0,35
2925,2151,1211,0,30
2926,2151,1210,0,20
2927,2153,1217,0,16
2928,2150,1214,0,27
2929,2149,1222,0,35
2930,2146,1230,0,37
2931,2143,1227,0,34
2932,2143,1228,0,32
2933,2150,1228,0,30
2934,2156,1222,0,51
2935,2160,1219,0,61
2936,2168,1217,0,63
2937,2173,1211,0,68
2938,2176,1208,0,82
2939,2173,1211,0,90
2940,2166,1205,0,96
2941,2164,1206,0,98
2942,2163,1199,0,92
2943,2165,1196,0,72
2944,2163,1189,0,79
2945,2157,1190,0,64
2946,2157,1192,0,46
2947,2158,1196,0,37
2948,2158,1197,0,33
2949,2159,1196,0,24
2950,2159,1195,0,29
2953,2166,1192,0,301
2956,2170,1182,0,49
2957,2170,1179,0,59
2958,2169,1185,0,72
2960,2154,1182,0,38
2961,2156,1182,0,33
2962,2152,1184,0,50
2963,2151,1185,0,41
2964,2155,1182,0,40
2965,2157,1186,0,32
2966,2157,1182,0,50
2973,2173,1181,0,24
2976,2184,1199,0,122
2977,2186,1197,0,117
2978,2188,1196,0,113
2982,2193,1194,0,141
2983,2193,1192,0,131
2984,2194,1190,0,132
2985,2190,1191,0,149
2986,2190,1194,0,142
2987,2191,1193,0,153
2988,2188,1192,0,161
2989,2194,1195,0,155
2990,2194,1197,0,142
2991,2192,1196,0,152
2992,2191,1196,0,161
2993,2197,1192,0,166
2994,2198,1190,0,160
2995,2200,1190,0,162
2996,2196,1188,0,168
2997,2189,1187,0,176
2998,2192,1187,0,184
