0,355,682,0,323
1,355,680,0,327
2,352,677,0,328
3,352,675,0,336
4,351,674,0,337
5,350,674,0,342
6,351,674,0,343
7,350,674,0,338
8,350,674,0,352
9,348,671,0,356
10,355,666,0,359
11,358,663,0,355
12,362,656,0,5
13,358,649,0,4
14,362,646,0,23
15,367,640,0,6
16,363,640,0,10
17,356,634,0,33
18,358,634,0,32
19,358,631,0,53
20,357,630,0,65
21,358,632,0,63
22,358,634,0,63
23,361,635,0,57
24,360,635,0,55
25,361,634,0,41
26,364,635,0,37
27,368,634,0,45
28,367,633,0,42
29,371,635,0,40
30,370,634,0,40
31,365,640,0,31
32,360,649,0,32
33,354,647,0,22
34,354,644,0,15
35,356,645,0,10
36,354,643,0,9
37,355,640,0,10
38,356,632,0,16
39,362,631,0,12
40,365,632,0,15
41,365,633,0,17
42,363,632,0,16
43,365,635,0,14
44,363,637,0,4
45,359,646,0,354
46,363,653,0,352
47,360,653,0,4
48,355,656,0,1
49,349,658,0,351
50,346,658,0,356
51,344,658,0,358
52,335,655,0,359
53,331,653,0,353
54,328,661,0,359
55,325,657,0,0
56,321,667,0,355
57,323,666,0,0
58,322,665,0,351
59,311,671,0,333
60,309,671,0,336
61,307,668,0,336
62,303,672,0,331
63,301,672,0,325
64,299,671,0,325
65,296,672,0,326
66,297,674,0,323
67,297,672,0,322
68,296,672,0,323
69,294,672,0,316
70,295,673,0,314
71,296,668,0,313
72,297,672,0,306
73,294,673,0,303
74,293,672,0,303
75,292,678,0,304
76,296,684,0,304
77,303,687,0,292
78,308,689,0,290
79,309,690,0,302
80,307,690,0,302
81,307,693,0,300
82,308,694,0,301
83,312,693,0,303
84,313,697,0,305
85,310,698,0,308
86,310,698,0,312
87,312,696,0,308
88,313,696,0,318
89,313,693,0,318
90,313,689,0,307
91,314,691,0,309
92,315,694,0,317
93,313,698,0,298
94,313,697,0,313
95,311,696,0,321
96,310,692,0,320
97,312,692,0,319
98,315,690,0,314
99,314,694,0,299
100,314,696,0,283
101,315,693,0,269
102,315,692,0,266
103,316,692,0,265
104,313,688,0,257
105,312,686,0,258
106,315,686,0,255
107,314,686,0,242
108,318,687,0,222
109,318,685,0,229
110,321,685,0,207
111,321,686,0,211
112,320,686,0,207
113,321,687,0,208
114,321,686,0,211
115,321,687,0,211
116,318,689,0,222
117,314,691,0,210
118,313,691,0,196
119,311,687,0,191
120,314,683,0,198
121,312,683,0,201
122,306,683,0,198
123,305,681,0,198
124,306,680,0,202
125,307,682,0,205
126,305,675,0,209
127,310,669,0,201
128,317,676,0,185
129,316,677,0,207
130,315,670,0,184
131,317,672,0,183
132,318,669,0,184
133,315,670,0,181
134,316,668,0,178
135,316,671,0,194
136,316,671,0,186
137,320,669,0,182
138,321,672,0,191
139,321,673,0,190
140,322,672,0,185
141,326,672,0,188
142,328,672,0,188
143,329,672,0,185
144,328,672,0,185
145,327,672,0,185
146,322,671,0,185
147,317,671,0,188
148,317,672,0,188
149,317,671,0,182
150,311,668,0,165
151,312,668,0,166
152,313,673,0,128
153,316,681,0,111
154,316,687,0,93
155,315,687,0,95
156,316,688,0,89
157,316,688,0,88
158,312,685,0,94
159,311,685,0,105
160,311,685,0,125
161,321,683,0,131
162,322,688,0,146
163,324,689,0,149
164,320,688,0,139
165,321,689,0,137
166,324,694,0,142
167,326,695,0,137
168,326,697,0,141
169,326,697,0,143
170,324,696,0,147
171,325,695,0,148
172,324,695,0,150
173,324,696,0,147
174,325,696,0,144
175,325,696,0,148
176,320,694,0,151
177,317,694,0,159
178,317,693,0,183
179,322,690,0,195
180,323,686,0,192
181,324,692,0,196
182,323,694,0,201
183,322,688,0,201
184,323,692,0,209
185,324,691,0,204
186,326,692,0,198
187,332,690,0,191
188,335,691,0,182
189,336,691,0,192
190,338,687,0,208
191,340,682,0,211
192,343,679,0,219
193,343,672,0,222
194,346,666,0,245
195,346,660,0,246
196,351,654,0,242
197,353,650,0,239
198,355,647,0,234
199,361,647,0,235
200,371,642,0,243
201,374,649,0,224
202,381,646,0,213
203,384,641,0,203
204,390,638,0,197
205,396,638,0,199
206,395,637,0,198
207,395,637,0,204
208,393,637,0,205
209,393,637,0,205
210,393,637,0,203
211,394,636,0,203
212,398,634,0,199
213,403,635,0,201
214,407,639,0,190
215,410,638,0,189
216,417,637,0,182
217,418,638,0,184
218,420,639,0,193
219,424,636,0,194
220,427,633,0,194
221,427,634,0,213
222,426,627,0,220
223,425,624,0,221
224,428,625,0,238
225,428,620,0,249
226,432,617,0,257
227,433,612,0,252
228,434,607,0,247
229,436,607,0,250
230,434,606,0,250
231,437,606,0,247
232,436,609,0,250
233,435,609,0,257
234,436,608,0,258
235,438,604,0,254
236,439,603,0,253
237,443,601,0,250
238,444,599,0,247
239,447,596,0,243
240,449,593,0,243
241,454,592,0,247
242,456,589,0,241
243,456,587,0,237
244,458,582,0,241
245,466,578,0,241
246,468,579,0,246
247,474,576,0,245
248,480,573,0,238
249,483,566,0,244
250,486,552,0,247
251,487,548,0,253
252,488,545,0,256
253,497,538,0,255
254,500,535,0,254
255,503,529,0,256
256,503,525,0,256
257,507,521,0,254
258,514,520,0,262
259,510,510,0,247
260,512,505,0,222
261,517,503,0,231
262,515,499,0,230
263,520,492,0,225
264,524,486,0,229
265,528,481,0,228
266,529,479,0,224
267,531,481,0,232
268,530,483,0,231
269,531,485,0,230
270,530,486,0,221
271,533,494,0,213
272,537,507,0,200
273,540,508,0,211
274,536,509,0,220
275,535,510,0,216
276,535,511,0,218
277,537,511,0,225
278,537,509,0,226
279,537,509,0,226
280,536,506,0,220
281,533,504,0,212
282,533,499,0,214
283,530,497,0,217
284,527,497,0,209
285,527,492,0,207
286,531,491,0,197
287,531,494,0,187
288,530,495,0,185
289,530,494,0,204
290,535,494,0,212
291,535,489,0,215
292,536,489,0,221
293,541,488,0,206
294,550,486,0,221
295,549,488,0,220
296,549,487,0,222
297,551,489,0,213
298,549,491,0,215
299,546,495,0,203
300,542,497,0,206
301,535,494,0,205
302,534,495,0,190
303,538,496,0,187
304,543,499,0,188
305,547,500,0,193
306,551,502,0,187
307,548,498,0,182
308,545,498,0,194
309,544,496,0,217
310,545,493,0,202
311,545,495,0,201
312,555,497,0,177
313,561,502,0,178
314,562,506,0,192
315,564,513,0,188
316,569,513,0,183
317,579,518,0,183
318,577,517,0,183
319,578,511,0,190
320,581,513,0,189
321,585,512,0,189
322,589,512,0,201
323,591,511,0,200
324,595,509,0,202
325,597,508,0,201
326,597,506,0,198
327,597,505,0,193
328,600,506,0,191
329,603,507,0,192
330,605,506,0,188
331,607,505,0,192
332,608,505,0,189
333,609,505,0,193
334,611,506,0,196
335,614,506,0,190
336,618,506,0,190
337,620,506,0,190
338,615,505,0,187
339,609,508,0,196
340,606,505,0,177
341,610,510,0,175
342,619,510,0,191
343,627,505,0,195
344,631,504,0,201
345,630,506,0,214
346,631,505,0,211
347,634,501,0,207
348,638,500,0,205
349,639,497,0,201
350,638,498,0,202
351,643,498,0,202
352,646,495,0,203
353,647,496,0,207
354,649,495,0,208
355,648,496,0,212
356,650,494,0,205
357,651,492,0,192
358,650,492,0,188
359,650,493,0,196
360,650,494,0,203
361,649,494,0,205
362,652,493,0,203
363,652,491,0,210
364,652,492,0,195
365,653,492,0,188
366,653,492,0,193
367,652,493,0,188
368,652,492,0,186
369,653,490,0,184
370,649,488,0,179
371,645,492,0,181
372,641,496,0,191
373,640,499,0,192
374,637,498,0,197
375,635,500,0,199
376,636,492,0,195
377,638,493,0,176
378,648,494,0,145
379,646,501,0,144
380,648,503,0,138
381,654,506,0,133
382,661,514,0,133
383,664,517,0,139
384,667,519,0,137
385,673,522,0,146
386,677,525,0,145
387,684,531,0,148
388,690,535,0,139
389,692,536,0,145
390,691,536,0,146
391,692,538,0,146
392,694,539,0,146
393,695,538,0,143
394,696,539,0,142
395,695,543,0,138
396,694,542,0,142
397,694,538,0,143
398,692,537,0,147
399,695,538,0,148
400,698,542,0,154
401,707,544,0,165
402,709,541,0,153
403,707,545,0,168
404,710,542,0,179
405,711,540,0,187
406,712,541,0,195
407,713,542,0,196
408,713,538,0,199
409,713,535,0,201
410,712,534,0,201
411,712,532,0,196
412,708,532,0,195
413,707,532,0,195
414,705,533,0,198
415,703,534,0,202
416,700,533,0,197
417,698,533,0,193
418,696,534,0,193
419,694,535,0,197
420,692,534,0,192
421,691,533,0,186
422,697,535,0,186
423,695,533,0,174
424,694,536,0,173
425,694,535,0,164
426,695,536,0,166
427,695,537,0,168
428,694,533,0,162
429,691,532,0,170
430,702,529,0,184
431,702,534,0,200
432,700,534,0,191
433,699,536,0,190
434,698,534,0,192
435,694,535,0,201
436,695,535,0,200
437,697,535,0,190
438,700,536,0,187
439,703,534,0,181
440,705,536,0,188
441,706,538,0,176
442,707,537,0,182
443,707,535,0,180
444,708,527,0,166
445,709,526,0,171
446,709,525,0,171
447,707,526,0,176
448,706,524,0,180
449,704,527,0,192
450,702,527,0,206
451,701,526,0,211
452,704,525,0,215
453,703,524,0,211
454,701,526,0,208
455,700,524,0,205
456,701,525,0,210
457,700,525,0,201
458,702,527,0,183
459,706,528,0,182
460,706,522,0,157
461,708,523,0,163
462,717,522,0,163
463,718,522,0,161
464,718,521,0,159
465,717,521,0,153
466,715,524,0,166
467,725,521,0,174
468,733,524,0,171
469,737,526,0,180
470,738,524,0,191
471,740,523,0,190
472,741,525,0,195
473,741,525,0,195
474,741,527,0,196
475,741,529,0,200
476,738,530,0,196
477,742,526,0,199
478,744,525,0,200
479,749,524,0,187
480,755,529,0,168
481,763,533,0,174
482,771,526,0,187
483,775,526,0,184
484,779,525,0,181
485,782,526,0,182
486,784,523,0,192
487,786,519,0,191
488,791,518,0,195
489,799,518,0,184
490,805,516,0,186
491,809,513,0,192
492,812,513,0,194
493,812,513,0,191
494,810,513,0,189
495,803,514,0,211
496,800,508,0,214
497,794,508,0,206
498,791,508,0,210
499,790,509,0,206
500,791,509,0,197
501,791,510,0,193
502,791,510,0,188
503,791,512,0,186
504,793,512,0,182
505,796,514,0,178
506,798,516,0,172
507,799,514,0,189
508,807,513,0,193
509,810,511,0,197
510,811,508,0,211
511,811,505,0,225
512,811,501,0,222
513,812,503,0,228
514,812,504,0,225
515,812,502,0,216
516,822,501,0,213
517,831,501,0,214
518,833,495,0,205
519,838,494,0,210
520,844,484,0,220
521,850,480,0,219
522,855,477,0,217
523,857,473,0,213
524,858,473,0,213
525,856,475,0,223
526,854,473,0,220
527,855,475,0,226
528,855,474,0,235
529,855,472,0,235
530,857,472,0,236
531,858,474,0,244
532,859,472,0,246
533,856,471,0,246
534,854,474,0,249
535,852,475,0,249
536,852,476,0,243
537,853,477,0,230
538,856,479,0,233
539,856,479,0,230
540,855,477,0,228
541,853,479,0,232
542,852,476,0,246
543,854,473,0,263
544,854,472,0,262
545,854,469,0,264
546,854,468,0,264
547,854,464,0,262
548,853,464,0,264
549,853,463,0,268
550,853,458,0,272
551,852,456,0,273
552,852,454,0,274
553,851,454,0,273
554,849,452,0,274
555,851,457,0,269
556,851,459,0,267
557,851,457,0,274
558,852,458,0,267
559,854,463,0,259
560,856,466,0,247
561,859,467,0,221
562,863,464,0,216
563,864,464,0,208
564,868,465,0,195
565,867,470,0,195
566,869,471,0,185
567,871,471,0,188
568,877,470,0,180
569,879,470,0,180
570,882,467,0,171
571,884,468,0,170
572,882,466,0,180
573,885,465,0,182
574,883,465,0,175
575,881,469,0,158
576,881,472,0,160
577,887,469,0,144
578,884,469,0,147
579,881,471,0,153
580,884,465,0,167
581,888,466,0,171
582,890,468,0,183
583,890,467,0,179
584,890,467,0,178
585,890,464,0,182
586,889,465,0,181
587,887,464,0,174
588,880,460,0,165
589,879,459,0,170
590,882,460,0,184
591,880,461,0,194
592,879,462,0,195
593,877,463,0,208
594,876,465,0,220
595,878,468,0,222
596,879,467,0,227
597,882,464,0,220
598,887,459,0,234
599,889,462,0,250
600,889,467,0,258
601,890,470,0,259
602,890,470,0,258
603,891,469,0,263
604,890,469,0,260
605,890,473,0,267
606,890,477,0,284
607,899,484,0,302
608,897,480,0,306
609,891,478,0,309
610,887,470,0,326
611,882,468,0,341
612,880,465,0,338
613,879,464,0,342
614,882,465,0,348
615,881,466,0,347
616,879,461,0,357
617,876,460,0,351
618,870,463,0,358
619,870,463,0,359
620,870,461,0,2
621,870,460,0,5
622,871,459,0,8
623,872,457,0,8
624,870,462,0,6
625,871,461,0,12
626,876,460,0,16
627,876,461,0,27
629,879,466,0,60
630,880,470,0,70
631,880,472,0,74
632,883,469,0,85
633,884,474,0,95
634,885,479,0,88
635,886,482,0,103
636,885,484,0,101
637,885,488,0,102
638,889,488,0,101
639,892,492,0,96
640,891,499,0,100
641,894,510,0,88
642,903,516,0,80
643,902,522,0,77
644,898,529,0,88
645,897,533,0,90
646,897,540,0,87
647,898,542,0,94
648,900,543,0,98
649,903,548,0,101
650,909,557,0,102
651,911,560,0,108
652,910,564,0,115
653,913,564,0,121
654,912,567,0,118
655,912,569,0,121
656,915,571,0,115
657,915,571,0,115
658,914,572,0,115
659,916,570,0,115
660,915,570,0,114
661,915,569,0,124
662,913,571,0,127
663,911,570,0,127
664,909,564,0,121
665,907,559,0,122
666,912,561,0,142
667,922,564,0,149
668,924,563,0,150
669,919,561,0,147
670,926,565,0,136
671,927,569,0,142
672,929,569,0,135
673,933,571,0,141
674,936,573,0,134
675,937,576,0,131
676,944,580,0,115
677,946,581,0,104
678,945,579,0,94
679,940,580,0,96
680,943,584,0,95
681,948,588,0,90
682,947,591,0,90
683,945,596,0,91
684,950,597,0,94
685,953,602,0,101
686,957,602,0,108
687,963,613,0,110
688,967,617,0,116
689,969,619,0,121
690,967,623,0,132
691,972,625,0,145
692,978,625,0,138
693,982,630,0,121
694,982,632,0,108
695,979,631,0,99
696,975,635,0,89
697,974,638,0,91
698,972,638,0,91
699,975,641,0,78
700,970,649,0,81
701,967,652,0,78
702,964,657,0,69
703,961,660,0,63
704,958,663,0,60
705,958,669,0,66
706,963,677,0,66
707,960,684,0,60
708,956,691,0,58
709,956,695,0,55
710,954,691,0,67
711,949,697,0,70
712,950,700,0,79
713,952,705,0,79
714,948,708,0,75
715,948,706,0,83
716,945,709,0,88
717,946,711,0,91
718,949,708,0,86
719,948,703,0,95
720,949,700,0,106
721,952,701,0,131
722,956,702,0,146
723,960,698,0,151
724,961,698,0,152
725,967,696,0,159
726,968,698,0,159
727,968,701,0,166
728,971,700,0,159
729,969,700,0,157
730,965,704,0,150
731,965,711,0,129
732,962,716,0,122
733,969,718,0,120
734,967,721,0,122
735,969,723,0,130
736,973,728,0,121
737,974,733,0,116
738,979,739,0,113
739,979,743,0,110
740,982,746,0,118
741,989,752,0,127
742,991,757,0,119
743,989,766,0,120
744,991,773,0,113
745,992,781,0,107
746,993,786,0,96
747,992,785,0,98
748,991,788,0,92
749,993,788,0,90
750,990,789,0,98
751,992,787,0,107
752,992,792,0,129
753,996,788,0,132
754,996,790,0,139
755,995,788,0,138
756,993,784,0,111
757,991,789,0,94
758,989,790,0,88
759,988,792,0,77
760,987,793,0,69
761,981,794,0,58
762,978,793,0,49
763,977,794,0,49
764,973,793,0,52
765,969,793,0,54
766,964,792,0,49
767,964,791,0,47
768,962,791,0,46
769,960,790,0,40
770,960,795,0,33
771,956,795,0,30
772,953,798,0,23
773,952,802,0,33
774,949,804,0,34
775,947,804,0,38
776,948,803,0,34
777,949,798,0,25
778,953,796,0,26
779,958,796,0,25
780,957,795,0,26
781,952,801,0,30
782,948,805,0,25
783,948,802,0,31
784,948,801,0,36
785,943,804,0,45
786,941,805,0,42
787,936,810,0,40
788,932,813,0,41
789,932,823,0,29
790,931,824,0,29
791,934,824,0,22
792,934,823,0,21
793,933,822,0,19
794,931,821,0,22
795,931,821,0,25
796,931,821,0,25
797,928,822,0,23
798,924,825,0,23
799,922,828,0,23
800,917,833,0,30
801,916,841,0,33
802,914,848,0,43
803,912,853,0,54
804,905,859,0,57
805,895,856,0,63
806,899,863,0,63
807,895,872,0,75
808,895,880,0,74
809,891,883,0,71
810,890,889,0,67
811,888,892,0,65
812,886,899,0,55
813,882,903,0,46
814,876,907,0,48
815,870,910,0,45
816,865,916,0,42
817,861,917,0,35
818,858,919,0,36
819,857,918,0,37
820,854,917,0,42
821,863,917,0,47
822,862,920,0,47
823,857,925,0,49
824,857,928,0,60
825,861,925,0,60
826,864,922,0,54
827,866,917,0,49
828,867,918,0,59
829,868,921,0,72
830,866,926,0,78
831,865,927,0,78
832,864,930,0,78
833,864,930,0,75
834,865,932,0,78
835,866,931,0,74
836,868,927,0,74
837,872,924,0,61
838,870,924,0,71
839,869,927,0,84
840,868,926,0,93
841,869,927,0,98
842,871,932,0,94
843,874,936,0,98
844,875,939,0,107
845,878,943,0,113
846,887,949,0,109
847,889,954,0,117
848,890,955,0,115
849,893,953,0,113
850,891,953,0,108
851,892,952,0,99
852,891,952,0,104
853,895,953,0,103
854,895,946,0,87
855,892,947,0,67
856,888,947,0,52
857,888,950,0,31
858,885,953,0,13
859,881,952,0,17
860,880,951,0,23
861,881,950,0,25
862,884,945,0,19
863,884,939,0,18
864,884,936,0,21
865,887,937,0,19
866,885,937,0,25
867,881,938,0,24
868,877,942,0,26
869,872,947,0,27
870,868,946,0,34
871,867,948,0,33
872,866,951,0,30
873,866,952,0,31
874,861,956,0,38
875,856,959,0,43
876,856,971,0,53
877,852,975,0,56
878,849,975,0,58
879,849,976,0,55
880,848,975,0,58
881,847,977,0,57
882,847,978,0,56
883,851,979,0,52
884,855,978,0,43
885,852,985,0,46
886,851,996,0,40
887,852,1007,0,39
888,847,1008,0,50
889,843,1015,0,44
890,842,1023,0,36
891,843,1030,0,43
892,841,1035,0,39
893,833,1032,0,37
894,828,1032,0,20
895,819,1031,0,29
896,811,1034,0,47
897,809,1038,0,49
898,803,1046,0,46
899,799,1053,0,44
900,798,1056,0,36
901,799,1061,0,37
902,793,1061,0,46
903,787,1067,0,44
904,782,1068,0,49
905,778,1076,0,46
906,774,1081,0,59
907,768,1083,0,51
908,760,1084,0,44
909,755,1087,0,44
910,753,1088,0,38
912,751,1106,0,25
913,749,1110,0,25
914,746,1110,0,15
915,745,1110,0,16
916,744,1108,0,23
917,749,1111,0,21
918,750,1112,0,23
919,748,1113,0,23
920,739,1113,0,20
921,739,1115,0,20
922,740,1117,0,23
923,735,1120,0,32
924,727,1124,0,34
925,721,1128,0,39
926,724,1130,0,43
927,730,1127,0,38
928,730,1124,0,48
929,732,1127,0,52
930,729,1129,0,55
931,725,1135,0,58
932,723,1138,0,61
933,724,1141,0,66
934,723,1145,0,71
935,724,1148,0,71
936,726,1149,0,73
937,732,1152,0,83
938,734,1156,0,91
939,736,1171,0,97
940,738,1180,0,101
941,743,1181,0,105
942,755,1185,0,113
943,764,1192,0,126
944,762,1194,0,132
945,767,1198,0,133
946,770,1198,0,140
947,777,1206,0,129
948,780,1206,0,127
949,787,1210,0,128
950,784,1215,0,122
951,782,1217,0,108
952,782,1218,0,107
953,779,1220,0,102
954,778,1222,0,103
955,777,1225,0,96
956,779,1229,0,97
957,780,1236,0,96
958,783,1239,0,94
959,787,1245,0,98
960,788,1250,0,102
961,792,1259,0,105
962,794,1261,0,108
963,801,1266,0,113
964,804,1265,0,111
965,805,1265,0,107
966,809,1266,0,105
967,810,1264,0,95
968,810,1260,0,87
969,809,1264,0,95
970,808,1265,0,94
971,808,1268,0,97
972,808,1269,0,96
973,808,1270,0,95
974,807,1270,0,94
975,807,1264,0,95
976,808,1257,0,94
977,810,1261,0,106
978,813,1265,0,115
979,816,1270,0,120
980,823,1272,0,134
981,828,1272,0,140
982,835,1280,0,150
983,835,1284,0,155
984,836,1287,0,160
985,837,1287,0,157
986,836,1286,0,157
987,840,1286,0,158
988,840,1286,0,155
989,838,1286,0,154
991,840,1289,0,157
992,842,1290,0,164
993,844,1290,0,174
994,848,1292,0,181
995,850,1291,0,177
996,852,1290,0,175
997,853,1288,0,164
998,856,1289,0,168
999,855,1289,0,169
1000,854,1288,0,172
1001,855,1288,0,170
1002,855,1289,0,179
1003,851,1290,0,178
1004,853,1290,0,182
1005,855,1287,0,181
1006,857,1288,0,185
1007,856,1288,0,181
1008,855,1288,0,181
1009,854,1288,0,179
1010,853,1288,0,184
1011,851,1289,0,184
1012,850,1288,0,177
1013,848,1291,0,186
1014,850,1289,0,191
1015,847,1291,0,185
1016,841,1293,0,187
1017,838,1294,0,179
1018,838,1292,0,173
1019,847,1293,0,169
1020,850,1293,0,156
1021,851,1294,0,144
1022,853,1293,0,143
1023,861,1285,0,125
1024,862,1294,0,117
1025,866,1299,0,105
1026,873,1300,0,104
1027,872,1303,0,101
1028,868,1309,0,102
1029,868,1314,0,96
1030,871,1325,0,88
1031,875,1328,0,93
1032,872,1330,0,91
1033,873,1336,0,91
1034,875,1345,0,91
1035,876,1348,0,93
1036,877,1352,0,81
1037,875,1356,0,68
1038,873,1357,0,70
1039,871,1364,0,60
1040,866,1374,0,52
1041,863,1375,0,42
1042,861,1373,0,45
1043,860,1376,0,39
1044,858,1377,0,34
1045,855,1378,0,34
1046,855,1379,0,34
1047,852,1379,0,36
1048,850,1379,0,39
1049,852,1379,0,38
1050,852,1380,0,38
1051,852,1381,0,35
1052,849,1382,0,37
1053,847,1382,0,33
1054,845,1384,0,26
1055,844,1384,0,30
1056,844,1385,0,31
1057,847,1387,0,27
1058,847,1388,0,27
1059,847,1389,0,22
1060,849,1391,0,19
1061,848,1393,0,16
1062,845,1393,0,10
1063,838,1392,0,12
1064,837,1391,1,44
1065,836,1392,0,23
1066,836,1393,0,21
1067,836,1393,0,20
1068,836,1393,0,17
1069,836,1393,0,16
1070,836,1393,0,22
1071,836,1393,1,23
1072,836,1393,1,26
1073,835,1393,1,21
1074,836,1393,1,25
1075,836,1393,1,24
1076,836,1393,1,21
1077,836,1393,1,28
1078,836,1393,1,33
1079,836,1393,1,29
1080,836,1393,1,27
1081,835,1393,1,33
1082,837,1393,1,24
1083,837,1393,1,28
1084,836,1393,0,35
1085,836,1393,0,34
1086,834,1393,0,35
1087,834,1393,0,35
1088,835,1393,0,35
1089,836,1392,0,38
1090,836,1393,0,37
1091,836,1393,0,37
1092,836,1393,0,35
1093,836,1393,0,35
1094,835,1393,0,35
1095,835,1393,0,38
1096,835,1393,0,38
1097,835,1393,0,37
1098,834,1393,0,36
1099,834,1393,0,35
1100,835,1393,0,32
1101,835,1393,0,33
1102,837,1391,0,45
1103,838,1390,0,44
1104,838,1391,1,45
1105,838,1390,0,42
1106,838,1391,0,45
1107,839,1392,0,38
1108,837,1392,0,38
1109,836,1392,0,40
1110,836,1392,0,36
1111,836,1393,0,32
1112,835,1393,0,34
1113,835,1393,0,32
1114,835,1393,0,32
1115,834,1393,0,35
1116,835,1392,0,32
1117,836,1393,0,36
1118,836,1393,1,28
1119,836,1393,1,29
1120,835,1393,1,34
1121,836,1393,1,16
1122,836,1394,1,17
1123,836,1394,1,10
1124,836,1394,1,5
1125,836,1394,1,357
1126,836,1394,1,357
1127,837,1394,1,343
1128,837,1394,1,347
1129,836,1394,0,8
1130,836,1394,0,11
1131,838,1393,0,12
1132,837,1393,1,18
1133,838,1393,1,12
1134,839,1393,0,21
1135,837,1393,1,22
1136,837,1393,0,17
1137,837,1393,0,16
1138,836,1393,0,11
1139,837,1393,0,14
1140,837,1393,1,47
1141,837,1392,1,56
1142,837,1393,0,55
1143,837,1393,1,55
1144,836,1393,1,62
1145,836,1392,1,58
1146,835,1393,1,66
1147,835,1393,1,93
1148,835,1393,1,78
1149,835,1392,1,93
1150,835,1393,1,103
1151,835,1393,1,90
1152,834,1393,1,129
1153,834,1394,1,111
1154,833,1394,1,117
1155,834,1394,1,119
1156,835,1393,1,139
1157,835,1393,1,150
1158,834,1393,1,150
1159,834,1393,1,147
1160,835,1393,1,161
1161,835,1393,1,150
1162,835,1393,1,156
1163,835,1393,1,158
1164,835,1393,1,165
1165,835,1393,1,152
1166,835,1393,1,159
1167,835,1394,1,156
1168,835,1394,1,163
1169,835,1394,1,153
1170,835,1394,1,158
1171,835,1394,1,159
1172,835,1394,1,164
1173,835,1394,1,157
1174,835,1394,1,160
1175,834,1393,1,136
1176,835,1394,1,146
1177,835,1394,1,171
1178,835,1394,1,167
1179,834,1393,1,148
1180,834,1393,1,141
1181,835,1393,1,175
1182,834,1393,1,181
1183,834,1393,1,197
1184,833,1393,1,196
1185,833,1394,1,225
1188,835,1393,1,0
1189,835,1393,1,3
1190,835,1393,1,11
1191,835,1393,1,4
1192,835,1393,1,358
1195,835,1393,1,353
1196,835,1393,1,2
1197,835,1393,1,9
1198,835,1393,1,12
1199,835,1395,1,15
1200,836,1395,1,13
1201,835,1395,1,17
1202,835,1395,1,13
1203,835,1395,1,3
1204,835,1394,1,359
1205,834,1395,1,1
1206,835,1395,1,8
1207,835,1395,1,8
1208,835,1395,1,18
1209,836,1395,1,40
1210,836,1395,1,38
1211,836,1396,1,27
1212,836,1397,1,2
1213,836,1397,1,339
1214,834,1397,1,305
1215,834,1395,1,301
1216,834,1394,1,318
1217,834,1395,1,352
1218,835,1395,1,4
1219,835,1394,1,355
1220,835,1394,1,1
1221,835,1394,1,3
1222,836,1394,1,10
1223,835,1394,1,11
1224,835,1394,1,358
1225,835,1394,1,359
1226,835,1393,1,1
1227,835,1394,1,349
1228,835,1394,1,359
1229,835,1395,1,6
1230,834,1395,1,18
1231,834,1395,1,15
1232,835,1395,1,11
1233,835,1395,1,14
1234,835,1395,1,15
1235,834,1395,0,12
1239,835,1395,1,15
1240,835,1395,1,14
1241,835,1395,1,18
1242,834,1395,1,26
1243,835,1395,1,39
1244,835,1395,1,32
1245,834,1395,1,11
1246,834,1395,1,352
1247,834,1395,1,355
1248,835,1395,1,3
1249,835,1395,1,357
1250,834,1395,1,356
1251,837,1395,0,10
1252,835,1395,1,2
1253,835,1395,1,350
1254,835,1395,1,352
1255,835,1395,0,348
1256,835,1395,1,0
1257,835,1395,1,345
1258,835,1395,1,343
1259,835,1395,1,327
1260,835,1395,1,335
1261,835,1395,1,349
1262,835,1395,1,338
1263,835,1395,1,357
1264,835,1395,1,2
1265,835,1395,1,352
1266,835,1395,1,336
1267,835,1395,1,328
1268,835,1395,1,322
1269,835,1394,1,325
1270,835,1395,1,320
1271,835,1395,1,320
1272,835,1395,1,345
1273,835,1395,1,338
1274,835,1395,1,338
1275,835,1395,1,336
1276,835,1395,1,347
1277,835,1395,1,330
1280,835,1395,1,295
1281,835,1395,1,314
1282,835,1395,1,315
1285,835,1394,1,10
1286,835,1394,1,15
1287,835,1394,1,348
1288,835,1395,1,10
1289,835,1394,1,14
1290,835,1395,1,12
1291,835,1394,1,9
1292,835,1395,1,13
1293,835,1394,1,11
1294,835,1394,1,3
1295,835,1395,1,4
1296,835,1394,1,356
1297,834,1395,1,346
1298,834,1395,1,12
1299,835,1395,1,11
1300,835,1395,1,30
1301,835,1395,1,46
1302,835,1395,1,45
1303,836,1395,1,29
1304,836,1395,1,29
1305,836,1394,1,22
1306,836,1394,1,23
1307,835,1394,1,25
1308,836,1394,1,42
1309,835,1394,1,19
1310,835,1394,1,31
1311,835,1393,1,31
1312,834,1394,1,13
1313,834,1393,1,356
1314,834,1393,1,339
1315,834,1394,1,340
1316,834,1394,1,343
1317,834,1394,1,339
1318,835,1394,1,336
1319,835,1394,1,336
1320,835,1394,1,335
1321,835,1394,1,332
1322,835,1394,1,348
1323,835,1394,1,345
1324,834,1394,1,334
1325,834,1394,1,326
1326,834,1394,1,330
1327,833,1394,1,358
1328,833,1394,1,353
1331,833,1394,1,301
1332,833,1394,1,300
1333,832,1394,1,296
1334,832,1394,1,302
1335,833,1394,1,328
1336,833,1394,1,313
1339,833,1394,1,354
1340,833,1394,1,4
1341,833,1394,1,344
1345,833,1394,1,43
1346,833,1394,1,46
1347,832,1394,1,49
1348,833,1394,1,45
1349,833,1394,1,29
1350,833,1394,1,36
1351,834,1394,1,12
1352,835,1394,1,347
1353,835,1395,1,4
1354,835,1395,1,13
1355,835,1394,1,4
1356,835,1394,1,4
1357,835,1394,1,358
1358,835,1394,1,8
1359,835,1394,1,40
1360,836,1395,1,26
1361,836,1395,1,13
1362,835,1395,1,347
1363,835,1395,1,17
1364,834,1396,1,357
1365,834,1396,1,341
1366,834,1396,1,339
1367,834,1396,1,329
1368,835,1395,1,350
1369,835,1395,1,3
1370,835,1395,1,18
1371,835,1395,1,10
1372,835,1395,1,8
1373,835,1395,1,15
1374,835,1395,1,7
1375,834,1394,1,8
1376,834,1394,1,17
1377,834,1394,1,15
1381,835,1394,1,16
1382,835,1395,1,21
1383,835,1395,1,6
1384,835,1394,1,351
1385,835,1395,1,14
1386,835,1395,1,5
1387,834,1395,1,16
1388,834,1395,1,23
1389,834,1395,1,26
1390,834,1395,1,25
1391,834,1394,1,29
1392,835,1395,1,23
1393,835,1394,1,15
1394,835,1395,1,27
1397,834,1395,1,43
1398,834,1395,1,33
1399,835,1395,1,38
1400,835,1395,1,48
1403,835,1395,1,6
1404,835,1395,1,25
1405,835,1395,1,19
1406,835,1395,1,358
1407,835,1395,1,354
1408,835,1395,1,21
1409,835,1395,1,1
1410,835,1395,1,341
1411,835,1395,1,345
1412,835,1395,1,350
1413,835,1395,1,353
1414,835,1395,1,350
1415,835,1395,1,340
1416,835,1396,1,337
1417,834,1396,1,335
1418,835,1396,1,338
1419,835,1395,1,325
1425,835,1395,1,341
1426,835,1395,1,356
1427,835,1395,1,22
1430,835,1395,1,10
1431,835,1395,1,27
1434,835,1394,1,333
1437,835,1395,1,39
1438,835,1395,1,24
1439,835,1395,1,6
1440,835,1395,1,15
1441,835,1395,1,6
1442,835,1395,1,9
1445,836,1395,1,57
1446,836,1395,1,52
1447,836,1396,1,65
1448,837,1397,1,47
1449,837,1397,1,37
1452,836,1395,1,273
1455,835,1395,1,324
1456,835,1395,1,328
1457,835,1395,1,323
1458,835,1395,1,319
1459,835,1395,1,316
1460,835,1395,1,316
1461,835,1395,1,334
1462,835,1395,1,312
1463,835,1395,1,331
1464,835,1395,1,332
1467,835,1395,1,61
1468,837,1394,1,75
1469,836,1395,1,280
1470,836,1395,1,293
1473,835,1395,1,324
1474,835,1395,1,310
1480,835,1394,1,3
1481,836,1394,1,0
1482,835,1394,1,351
1483,835,1394,1,20
1484,835,1394,1,350
1485,835,1394,1,4
1486,835,1395,1,340
1489,835,1394,1,327
1490,835,1394,1,356
1491,835,1394,1,358
1492,835,1394,1,334
1493,835,1394,1,330
1494,835,1394,1,346
1499,835,1395,1,326
1500,835,1394,1,331
1501,835,1394,1,326
1502,835,1394,1,335
1503,835,1394,1,0
1504,835,1394,1,332
1505,835,1394,1,338
1506,835,1394,1,352
1507,835,1394,1,343
1508,835,1394,1,348
1509,835,1394,1,358
1510,835,1395,1,19
1511,835,1395,1,35
1512,835,1395,1,70
1513,835,1395,1,59
1514,836,1395,1,78
1515,836,1395,1,82
1518,835,1393,1,3
1519,835,1392,1,5
1520,835,1392,1,12
1521,835,1392,1,2
1522,835,1392,1,8
1523,836,1392,1,10
1524,836,1392,1,16
1525,836,1392,1,12
1526,835,1392,1,4
1527,835,1392,1,9
1528,836,1392,1,12
1529,834,1393,1,7
1531,836,1392,1,45
1532,835,1393,1,60
1533,835,1393,1,32
1534,835,1393,1,26
1535,836,1393,1,19
1536,836,1393,1,13
1537,835,1393,1,4
1538,835,1393,1,19
1539,835,1393,1,9
1540,836,1393,1,11
1541,835,1393,1,25
1542,835,1393,1,18
1543,835,1393,1,12
1544,835,1393,1,17
1545,835,1393,1,10
1546,835,1393,1,11
1547,835,1394,1,20
1548,835,1394,1,348
1549,834,1395,1,325
1550,835,1395,1,335
1551,835,1395,1,342
1552,835,1395,1,341
1553,835,1395,1,337
1554,835,1395,1,347
1557,834,1395,1,19
1558,834,1394,1,24
1559,835,1394,1,21
1560,835,1394,1,23
1561,834,1394,1,25
1562,834,1394,1,23
1563,834,1395,1,37
1564,835,1396,1,35
1565,836,1395,1,48
1566,837,1395,1,53
1567,836,1395,1,49
1568,837,1396,1,43
1569,837,1396,1,33
1570,837,1396,1,37
1571,837,1395,1,42
1572,836,1395,1,48
1573,837,1395,1,65
1574,837,1396,1,70
1575,838,1396,1,62
1576,836,1395,1,84
1577,836,1395,1,66
1578,836,1395,1,60
1579,837,1395,1,82
1580,835,1395,1,78
1581,835,1395,1,67
1584,835,1394,1,9
1585,835,1394,1,28
1586,835,1394,1,10
1587,835,1394,1,16
1588,835,1394,1,347
1589,835,1394,1,2
1590,835,1394,1,358
1591,836,1394,1,6
1592,835,1394,1,4
1593,835,1394,1,346
1594,835,1394,1,351
1595,836,1394,1,3
1598,836,1394,1,36
1599,836,1394,1,16
1600,836,1394,1,16
1601,835,1394,1,43
1602,835,1394,1,5
1603,835,1394,1,15
1607,838,1392,1,347
1608,837,1392,1,335
1611,840,1390,1,318
1612,840,1390,1,300
1613,839,1391,1,304
1614,837,1392,1,285
1615,837,1392,1,315
1616,838,1393,1,313
1617,838,1393,1,279
1620,836,1394,1,1
1621,836,1394,1,348
1622,836,1394,1,11
1623,836,1394,1,0
1624,836,1394,1,323
1625,836,1394,1,322
1626,836,1394,1,336
1627,836,1394,1,350
1628,836,1394,1,338
1629,836,1394,1,341
1630,834,1396,1,0
1631,835,1395,1,19
1632,836,1396,1,9
1633,836,1396,1,32
1634,837,1397,1,29
1639,835,1395,1,315
1640,835,1395,1,311
1641,835,1395,1,328
1642,835,1395,1,329
1643,835,1395,1,1
1644,835,1394,1,6
1645,835,1395,1,350
1646,835,1394,1,336
1647,835,1395,1,4
1648,835,1395,1,359
1649,835,1395,1,24
1650,835,1395,1,20
1651,835,1395,1,33
1652,835,1394,1,29
1653,835,1394,1,32
1654,835,1395,1,32
1661,835,1394,1,11
1662,836,1394,1,18
1663,836,1394,1,18
1664,835,1394,1,18
1665,835,1394,1,24
1666,834,1394,1,28
1667,834,1394,1,21
1668,833,1394,1,13
1669,833,1394,1,8
1670,833,1394,1,4
1671,834,1394,1,10
1672,834,1394,1,26
1673,835,1394,1,23
1674,835,1394,1,12
1680,835,1395,1,358
1681,835,1395,1,320
1682,835,1395,1,323
1683,836,1395,1,346
1684,836,1395,1,341
1685,835,1395,1,325
1686,835,1395,1,329
1687,836,1395,1,339
1688,836,1395,1,352
1689,835,1394,1,357
1690,835,1394,1,356
1691,835,1394,1,355
1692,836,1394,1,346
1693,835,1394,1,1
1694,835,1394,1,9
1695,836,1394,1,0
1696,836,1394,1,348
1697,836,1394,1,352
1702,835,1394,1,2
1703,835,1394,1,353
1706,835,1394,1,357
1707,835,1394,1,10
1708,836,1394,1,17
1709,836,1395,1,31
1710,836,1395,1,13
1711,835,1395,1,339
1712,835,1396,1,359
1713,836,1396,1,16
1714,835,1396,1,13
1715,835,1397,1,10
1716,835,1397,1,11
1717,835,1397,1,9
1718,835,1396,1,7
1719,835,1397,1,12
1722,836,1397,1,359
1723,835,1397,1,323
1726,836,1397,1,62
1727,836,1397,1,64
1728,835,1397,1,82
1729,835,1397,1,85
1732,836,1397,1,75
1736,835,1398,1,86
1737,835,1398,1,89
1740,836,1398,1,67
1741,835,1398,1,35
1742,835,1398,1,69
1745,836,1397,1,51
1746,834,1399,1,35
1747,836,1398,1,55
1748,836,1397,1,89
1749,835,1399,1,56
1750,835,1399,1,54
1751,834,1400,1,38
1755,833,1401,1,224
1756,832,1399,0,217
1757,831,1401,1,223
1758,832,1401,1,220
1759,832,1401,1,222
1760,834,1401,0,223
1761,832,1402,1,257
1762,835,1397,0,220
1763,834,1397,0,218
1764,835,1398,0,218
1765,829,1403,1,239
1766,831,1401,1,218
1767,836,1398,0,219
1768,832,1402,1,206
1769,834,1397,0,228
1770,829,1400,0,211
1771,835,1397,0,224
1772,835,1395,0,224
1773,834,1396,0,229
1774,835,1395,0,224
1775,831,1400,0,225
1776,835,1397,0,235
1777,833,1398,0,229
1778,832,1399,0,225
1779,834,1395,0,227
1781,833,1400,0,231
1782,833,1398,0,230
1783,834,1399,0,238
1784,831,1400,0,246
1785,833,1401,0,260
1786,835,1407,0,263
1787,835,1409,0,267
1788,836,1412,0,272
1789,834,1416,0,270
1790,834,1418,0,270
1791,835,1421,0,267
1792,837,1429,0,271
1793,835,1430,0,265
1794,834,1434,0,270
1795,835,1434,0,273
1796,833,1431,0,274
1797,833,1432,0,275
1798,828,1432,0,275
1799,826,1432,0,275
1800,826,1433,0,283
1801,827,1435,0,282
1802,828,1437,0,290
1803,827,1439,0,293
1804,827,1440,0,295
1805,827,1441,0,297
1806,825,1441,0,304
1807,825,1441,0,304
1808,826,1441,0,300
1809,826,1441,0,299
1810,825,1443,0,303
1811,824,1443,0,305
1812,823,1445,0,306
1813,824,1442,0,313
1814,823,1443,0,313
1815,823,1442,0,311
1816,823,1442,0,308
1817,823,1442,0,306
1818,821,1437,0,306
1819,821,1440,0,303
1820,822,1442,0,304
1821,824,1443,0,303
1822,824,1446,0,299
1823,825,1445,0,293
1824,828,1445,0,294
1825,828,1446,0,286
1826,828,1445,0,282
1827,828,1447,0,284
1828,830,1447,0,281
1829,833,1446,0,285
1830,836,1447,0,287
1831,836,1447,0,290
1832,837,1448,0,288
1833,839,1448,0,292
1834,840,1448,0,290
1835,840,1448,0,290
1836,840,1449,0,290
1837,840,1449,0,291
1838,840,1449,0,290
1839,840,1449,0,291
1840,839,1449,0,291
1841,839,1449,0,292
1842,840,1449,0,293
1843,840,1449,0,293
1844,839,1449,0,291
1845,839,1450,0,287
1846,836,1450,0,279
1847,835,1449,0,277
1848,835,1449,0,277
1849,834,1449,0,273
1850,833,1449,0,272
1851,833,1449,0,272
1852,832,1450,0,271
1853,831,1450,0,269
1854,829,1450,0,262
1855,827,1451,0,264
1856,826,1451,0,265
1857,825,1452,0,263
1858,822,1450,0,260
1859,822,1450,0,259
1860,821,1451,0,258
1861,821,1451,0,259
1862,822,1451,0,260
1863,818,1451,0,255
1864,820,1451,0,259
1865,816,1451,0,255
1866,815,1451,0,253
1867,813,1451,0,251
1868,813,1452,0,252
1869,812,1452,0,248
1870,813,1452,0,250
1871,814,1452,0,255
1872,816,1452,0,256
1873,817,1452,0,257
1874,817,1452,0,261
1875,818,1451,0,262
1876,817,1450,0,260
1877,816,1449,0,256
1878,814,1449,0,257
1879,814,1449,0,254
1880,815,1446,0,252
1881,815,1446,0,251
1882,814,1445,0,249
1883,817,1446,0,258
1884,816,1446,0,258
1885,828,1447,0,258
1886,825,1448,0,256
1887,822,1447,0,262
1888,821,1446,0,266
1889,821,1446,0,262
1890,821,1445,0,263
1891,820,1445,0,267
1892,819,1443,0,266
1893,815,1441,0,265
1894,812,1440,0,272
1895,817,1433,0,282
1896,819,1430,0,286
1897,818,1429,0,279
1898,822,1429,0,284
1899,819,1427,0,281
1900,820,1427,0,288
1901,822,1427,0,290
1902,821,1427,0,288
1903,821,1427,0,286
1904,820,1426,0,285
1905,820,1425,0,289
1906,820,1427,0,297
1907,822,1424,0,307
1908,826,1416,0,318
1909,825,1416,0,320
1910,826,1419,0,328
1911,825,1417,0,339
1912,822,1417,0,345
1913,817,1413,0,340
1914,811,1412,0,340
1915,807,1410,0,345
1916,807,1408,0,349
1917,806,1409,0,348
1918,807,1409,0,359
1919,807,1409,0,5
1920,805,1409,0,11
1921,801,1409,0,17
1922,804,1411,0,22
1923,804,1418,0,15
1924,800,1415,0,23
1925,799,1412,0,30
1926,804,1410,0,34
1927,806,1408,0,31
1928,807,1409,0,26
1929,809,1410,0,24
1930,810,1411,0,20
1931,811,1412,0,28
1932,812,1410,0,36
1933,812,1410,0,36
1934,812,1411,0,35
1935,812,1410,0,40
1936,811,1411,0,44
1937,810,1411,0,44
1938,811,1410,0,42
1939,809,1411,0,42
1940,811,1411,0,40
1941,811,1411,0,40
1942,810,1410,0,42
1943,808,1411,0,42
1944,808,1411,0,43
1945,808,1413,0,39
1946,808,1413,0,37
1947,808,1413,0,34
1948,810,1412,0,40
1949,811,1411,0,42
1950,810,1410,0,42
1951,811,1408,0,38
1952,812,1407,0,39
1953,813,1406,0,38
1954,812,1405,0,37
1955,810,1405,0,42
1956,810,1404,0,42
1957,810,1404,0,38
1958,810,1403,0,34
1959,806,1404,0,25
1960,806,1403,0,25
1961,807,1403,0,24
1962,808,1403,0,24
1963,807,1403,0,22
1964,802,1408,0,24
1965,796,1410,0,16
1966,790,1411,0,7
1967,785,1413,0,4
1968,783,1414,0,0
1969,784,1414,0,355
1970,785,1416,0,350
1971,789,1420,0,350
1972,789,1413,0,351
1973,787,1412,0,350
1974,786,1409,0,355
1975,785,1412,0,352
1976,786,1412,0,356
1977,787,1410,0,357
1978,791,1411,0,352
1979,792,1409,0,352
1980,793,1409,0,350
1981,792,1414,0,352
1982,792,1409,0,358
1983,792,1408,0,355
1984,791,1408,0,356
1985,791,1409,0,358
1986,791,1411,0,359
1987,794,1407,0,359
1988,795,1402,0,353
1989,795,1405,0,350
1990,797,1407,0,354
1991,798,1407,0,357
1992,797,1407,0,0
1993,795,1405,0,1
1994,798,1407,0,1
1995,797,1408,0,4
1996,796,1409,0,3
1997,795,1410,0,8
1998,796,1409,0,8
1999,797,1408,0,3
2000,796,1408,0,2
2001,793,1410,0,1
2002,792,1407,0,357
2003,792,1407,0,358
2004,792,1405,0,356
2005,792,1402,0,354
2006,790,1399,0,353
2007,786,1398,0,354
2008,783,1396,0,352
2009,782,1395,0,352
2010,782,1396,0,358
2011,775,1397,0,3
2012,771,1395,0,5
2013,769,1394,0,6
2014,765,1395,0,6
2015,763,1394,0,5
2016,765,1395,0,357
2017,761,1392,0,355
2018,756,1393,0,354
2019,755,1397,0,345
2020,755,1392,0,335
2021,751,1393,0,325
2022,748,1388,0,319
2023,743,1387,0,321
2024,740,1384,0,325
2025,730,1378,0,336
2026,724,1378,0,328
2027,719,1375,0,332
2028,711,1373,0,335
2029,702,1368,0,335
2030,695,1367,0,343
2031,689,1365,0,346
2032,684,1360,0,339
2033,679,1359,0,331
2034,672,1358,0,331
2035,666,1355,0,332
2036,660,1353,0,337
2037,659,1353,0,333
2038,658,1353,0,336
2039,658,1355,0,345
2040,655,1356,0,343
2041,654,1359,0,345
2042,652,1361,0,351
2043,652,1363,0,353
2044,659,1361,0,341
2045,662,1358,0,332
2046,659,1355,0,329
2047,659,1353,0,326
2048,660,1352,0,326
2049,663,1356,0,326
2050,662,1362,0,326
2051,663,1364,0,324
2052,665,1363,0,327
2053,664,1363,0,322
2054,664,1362,0,324
2055,670,1361,0,324
2056,670,1358,0,322
2057,669,1356,0,319
2058,666,1355,0,321
2059,662,1355,0,323
2060,656,1354,0,321
2061,658,1354,0,321
2062,660,1355,0,322
2063,656,1356,0,319
2064,659,1356,0,319
2065,658,1355,0,318
2066,661,1355,0,320
2067,661,1356,0,322
2068,660,1357,0,323
2069,658,1356,0,322
2070,660,1357,0,322
2071,661,1357,0,323
2072,662,1357,0,322
2073,666,1361,0,314
2074,666,1358,0,311
2075,667,1357,0,303
2076,667,1355,0,298
2077,667,1353,0,298
2078,666,1348,0,302
2079,665,1344,0,303
2080,663,1341,0,298
2081,660,1335,0,296
2082,660,1325,0,293
2083,652,1321,0,303
2084,651,1318,0,315
2085,653,1316,0,317
2086,656,1316,0,320
2087,658,1318,0,317
2088,658,1315,0,313
2089,656,1314,0,312
2090,653,1312,0,310
2091,650,1308,0,317
2092,646,1308,0,323
2093,653,1312,0,328
2094,653,1311,0,334
2095,662,1311,0,331
2096,662,1308,0,326
2097,663,1305,0,321
2098,664,1304,0,313
2099,667,1303,0,319
2101,667,1299,0,300
2102,675,1289,0,295
2103,667,1286,0,290
2108,712,1281,0,282
2109,713,1282,0,280
2110,713,1284,0,276
2111,711,1281,0,271
2112,717,1270,0,268
2113,718,1269,0,266
2114,719,1268,0,264
2115,719,1267,0,264
2116,723,1266,0,264
2117,721,1264,0,271
2118,724,1258,0,278
2119,723,1255,0,277
2120,720,1253,0,280
2121,718,1250,0,289
2122,716,1247,0,289
2123,715,1246,0,287
2124,714,1244,0,285
2125,712,1242,0,286
2126,712,1240,0,289
2127,709,1238,0,296
2128,706,1230,0,301
2129,702,1225,0,302
2130,694,1223,0,305
2131,690,1221,0,300
2132,690,1213,0,296
2133,686,1210,0,296
2134,684,1207,0,294
2135,680,1206,0,292
2136,679,1204,0,292
2137,673,1203,0,288
2138,670,1203,0,293
2139,667,1198,0,288
2140,665,1194,0,284
2141,668,1186,0,294
2142,666,1179,0,295
2143,662,1172,0,289
2144,659,1173,0,287
2145,657,1163,0,288
2146,654,1163,0,278
2147,653,1156,0,278
2148,652,1150,0,278
2149,651,1146,0,279
2150,648,1143,0,275
2151,645,1138,0,271
2152,642,1132,0,269
2153,640,1127,0,272
2154,639,1125,0,266
2155,636,1129,0,267
2156,634,1133,0,265
2157,635,1133,0,264
2158,634,1132,0,262
2159,633,1132,0,261
2160,631,1132,0,260
2161,632,1132,0,261
2162,632,1131,0,262
2163,629,1129,0,264
2164,627,1126,0,268
2165,626,1120,0,271
2166,627,1112,0,279
2167,625,1109,0,288
2168,622,1103,0,297
2169,624,1103,0,300
2170,625,1108,0,307
2171,624,1112,0,302
2172,623,1112,0,297
2173,623,1106,0,293
2174,622,1098,0,292
2175,620,1095,0,288
2176,620,1093,0,287
2177,622,1092,0,288
2178,619,1092,0,287
2179,618,1091,0,284
2180,615,1089,0,290
2181,613,1093,0,288
2182,613,1094,0,285
2183,612,1094,0,284
2184,612,1094,0,282
2185,615,1089,0,287
2186,616,1086,0,292
2187,615,1086,0,291
2188,615,1086,0,291
2189,614,1087,0,289
2190,615,1087,0,289
2191,614,1088,0,289
2192,614,1088,0,288
2193,614,1088,0,289
2194,614,1088,0,288
2195,615,1088,0,291
2196,615,1088,0,290
2197,614,1088,0,289
2198,614,1088,0,289
2199,614,1088,0,289
2200,615,1087,0,290
2201,614,1088,0,293
2202,611,1088,0,284
2203,611,1087,0,277
2204,610,1088,0,278
2205,608,1087,0,271
2206,609,1086,0,268
2207,610,1086,0,276
2208,610,1084,0,275
2209,609,1083,0,268
2210,608,1083,0,261
2211,609,1082,0,258
2212,607,1083,0,257
2213,608,1082,0,257
2214,609,1080,0,255
2215,609,1082,0,253
2216,608,1082,0,254
2217,608,1082,0,255
2218,608,1081,0,254
2220,607,1078,0,255
2221,605,1079,0,260
2222,603,1078,0,269
2225,608,1077,0,240
2226,610,1074,0,232
2227,616,1073,0,228
2228,623,1075,0,227
2229,625,1078,0,230
2230,627,1076,0,226
2231,629,1073,0,224
2232,632,1071,0,228
2233,634,1071,0,225
2234,635,1071,0,225
2235,635,1069,0,222
2236,637,1066,0,218
2237,644,1064,0,222
2238,647,1061,0,230
2239,653,1054,0,238
2240,654,1052,0,232
2241,653,1052,0,236
2242,649,1054,0,248
2243,645,1055,0,258
2244,644,1049,0,264
2245,642,1047,0,265
2246,640,1044,0,263
2247,639,1043,0,262
2248,639,1044,0,264
2249,639,1041,0,267
2250,638,1041,0,266
2251,638,1040,0,264
2252,637,1040,0,258
2253,637,1039,0,259
2254,637,1039,0,261
2255,636,1039,0,261
2256,635,1038,0,264
2257,633,1035,0,261
2258,633,1034,0,261
2259,634,1033,0,262
2260,636,1033,0,271
2261,636,1024,0,281
2262,636,1024,0,289
2263,635,1024,0,287
2264,634,1022,0,298
2265,636,1023,0,307
2266,638,1027,0,307
2267,638,1028,0,306
2268,635,1028,0,304
2269,632,1023,0,296
2270,631,1019,0,296
2271,629,1018,0,298
2272,628,1018,0,303
2273,627,1019,0,301
2274,626,1019,0,301
2275,624,1019,0,300
2276,623,1017,0,305
2277,622,1016,0,320
2278,619,1014,0,323
2279,614,1011,0,319
2280,612,1009,0,326
2281,610,1005,0,332
2282,602,998,0,326
2283,597,994,0,347
2284,597,999,0,344
2285,598,1001,0,339
2286,598,1003,0,329
2287,599,1003,0,325
2288,603,998,0,306
2289,603,991,0,298
2290,606,990,0,300
2291,605,985,0,293
2292,604,985,0,288
2293,602,982,0,283
2294,602,978,0,283
2295,604,979,0,286
2296,604,978,0,284
2297,604,976,0,284
2298,602,973,0,282
2299,603,969,0,276
2300,605,968,0,278
2301,606,968,0,274
2302,605,968,0,274
2303,603,969,0,272
2304,604,967,0,273
2305,604,966,0,274
2306,604,966,0,275
2307,603,967,0,276
2308,603,967,0,274
2309,604,966,0,274
2310,604,966,0,275
2311,604,969,0,277
2312,605,969,0,277
2313,605,968,0,282
2314,608,968,0,290
2315,609,969,0,293
2316,609,969,0,294
2317,612,969,0,299
2318,612,968,0,301
2319,612,968,0,301
2320,611,966,0,303
2321,612,963,0,313
2322,614,959,0,327
2323,617,959,0,329
2324,621,957,0,339
2325,624,957,0,340
2326,622,956,0,338
2327,620,955,0,341
2328,620,954,0,343
2329,619,954,0,343
2330,619,955,0,343
2331,627,947,0,359
2332,629,947,0,356
2333,628,950,0,353
2334,627,947,0,357
2335,635,928,0,2
2336,633,928,0,19
2337,627,937,0,30
2338,625,940,0,33
2339,626,942,0,34
2340,626,939,0,28
2341,627,938,0,29
2342,623,940,0,33
2343,617,944,0,26
2344,623,942,0,25
2345,623,941,0,26
2346,621,943,0,25
2347,620,943,0,22
2348,621,943,0,22
2349,617,944,0,25
2350,617,945,0,23
2351,617,947,0,9
2352,618,947,0,0
2353,620,948,0,1
2354,618,948,0,2
2355,617,949,0,3
2356,619,950,0,1
2357,619,953,0,350
2358,620,954,0,344
2359,622,950,0,350
2360,620,950,0,354
2361,620,950,0,352
2362,619,951,0,353
2363,618,953,0,354
2364,617,955,0,358
2365,619,954,0,355
2366,618,954,0,358
2367,619,954,0,357
2368,618,954,0,351
2369,617,954,0,352
2370,617,954,0,352
2371,617,955,0,357
2372,617,954,0,356
2373,617,954,0,353
2374,617,954,0,351
2375,617,954,0,350
2376,614,955,0,353
2377,613,954,0,352
2378,614,953,0,352
2379,614,953,0,354
2380,613,953,0,354
2381,613,954,0,355
2382,611,954,0,357
2383,615,951,0,2
2384,614,949,0,11
2385,617,946,0,29
2386,612,947,0,30
2387,613,945,0,33
2388,615,945,0,34
2389,615,945,0,32
2390,615,945,0,31
2391,615,946,0,30
2392,616,945,0,27
2393,616,946,0,26
2394,616,947,0,24
2395,616,947,0,22
2396,616,947,0,20
2397,618,946,0,19
2398,617,946,0,21
2399,616,945,0,23
2400,616,945,0,26
2401,616,944,0,26
2402,615,942,0,25
2403,613,941,0,30
2404,613,942,0,38
2405,613,941,0,36
2406,614,944,0,34
2407,614,944,0,37
2408,614,943,0,40
2409,614,943,0,39
2410,616,944,0,35
2411,619,945,0,29
2412,620,945,0,28
2413,619,945,0,26
2414,621,943,0,26
2415,620,944,0,20
2416,613,943,0,14
2417,612,943,0,23
2418,613,943,0,23
2419,613,943,0,24
2420,614,942,0,25
2421,614,942,0,26
2422,614,942,0,27
2423,614,942,0,27
2424,614,942,0,28
2425,612,941,0,29
2426,614,940,0,34
2427,613,939,0,35
2428,612,939,0,34
2429,612,939,0,35
2430,613,940,0,35
2431,613,942,0,34
2432,613,941,0,25
2433,617,945,0,23
2434,619,943,0,19
2435,619,943,0,20
2436,621,945,0,22
2437,618,947,0,17
2438,623,949,0,16
2439,623,949,0,9
2440,622,946,0,1
2441,619,941,0,355
2442,621,937,0,347
2443,621,932,0,338
2444,618,930,0,341
2445,616,929,0,340
2446,614,924,0,334
2447,611,922,0,333
2448,610,921,0,336
2449,611,916,0,339
2450,613,915,0,336
2451,614,914,0,335
2452,616,915,0,337
2453,616,915,0,335
2454,615,920,0,334
2455,618,918,0,331
2456,622,918,0,329
2457,628,918,0,324
2458,628,915,0,318
2459,629,914,0,320
2460,629,912,0,316
2461,629,909,0,323
2462,629,902,0,329
2463,630,898,0,334
2464,632,889,0,329
2465,629,886,0,352
2466,629,885,0,355
2467,627,886,0,355
2468,625,886,0,353
2469,625,883,0,358
2470,622,882,0,356
2471,624,883,0,354
2472,622,884,0,356
2479,622,891,0,344
2480,618,892,0,334
2481,616,894,0,325
2482,616,894,0,323
2483,616,895,0,321
2484,615,896,0,322
2485,615,897,0,324
2486,615,898,0,320
2487,614,899,0,318
2488,613,899,0,316
2489,614,899,0,315
2490,614,900,0,316
2491,614,900,0,317
2492,615,899,0,315
2493,614,899,0,316
2494,613,898,0,308
2495,613,899,0,306
2496,613,900,0,307
2497,612,900,0,310
2498,611,901,0,310
2499,609,901,0,304
2500,609,901,0,296
2501,609,901,0,298
2502,608,902,0,293
2503,607,901,0,295
2504,605,901,0,290
2505,605,902,0,271
2506,602,904,0,264
2507,601,905,0,263
2508,600,905,0,262
2509,599,905,0,263
2510,599,905,0,265
2511,599,905,0,262
2512,599,904,0,262
2513,601,904,0,263
2514,601,904,0,265
2515,602,904,0,264
2516,602,905,0,265
2517,602,905,0,265
2518,602,905,0,264
2519,602,905,0,265
2520,602,906,0,270
2521,601,906,0,269
2522,599,906,0,269
2523,598,906,0,261
2524,598,905,0,256
2525,597,905,0,254
2526,597,906,0,254
2527,598,906,0,257
2528,598,907,0,260
2529,598,905,0,265
2530,600,905,0,263
2531,601,905,0,266
2532,602,905,0,267
2533,603,903,0,270
2534,603,904,0,271
2535,604,905,0,276
2536,603,903,0,273
2537,604,902,0,277
2538,606,907,0,290
2539,609,904,0,302
2540,610,903,0,309
2541,611,901,0,307
2542,611,901,0,305
2543,614,900,0,308
2544,614,901,0,310
2545,612,901,0,309
2546,609,901,0,309
2547,608,900,0,306
2548,607,900,0,305
2549,607,900,0,304
2550,607,901,0,301
2551,607,901,0,298
2552,606,901,0,299
2553,606,901,0,298
2554,606,901,0,300
2555,606,901,0,299
2556,606,901,0,299
2557,606,900,0,301
2558,606,899,0,304
2559,607,899,0,305
2560,607,899,0,308
2561,609,900,0,309
2562,609,901,0,312
2563,610,901,0,313
2564,611,901,0,313
2565,611,900,0,311
2566,612,900,0,315
2567,612,900,0,313
2568,611,901,0,313
2569,612,901,0,313
2570,613,902,0,310
2571,611,903,0,305
2572,610,903,0,299
2573,610,903,0,293
2574,609,903,0,294
2575,609,903,0,294
2576,610,904,0,298
2577,610,904,0,303
2578,610,904,0,304
2579,610,905,0,303
2580,609,904,0,303
2581,608,904,0,302
2582,608,904,0,301
2583,605,904,0,294
2584,603,904,0,285
2585,602,902,0,278
2586,601,902,0,274
2587,601,903,0,274
2588,601,903,0,275
2589,601,903,0,276
2590,601,903,0,276
2591,601,903,0,276
2592,601,903,0,278
2593,602,902,0,277
2594,601,903,0,283
2595,601,903,0,283
2596,600,902,0,284
2597,600,903,0,281
2598,601,902,0,280
2599,601,902,0,281
2600,601,902,0,279
2601,602,901,0,276
2602,601,902,0,277
2603,602,902,0,273
2604,602,902,0,275
2605,602,901,0,278
2606,602,901,0,278
2607,602,901,0,277
2608,602,900,0,276
2609,602,901,0,276
2610,602,901,0,277
2611,602,901,0,276
2612,601,901,0,274
2613,601,900,0,272
2614,601,900,0,270
2615,600,901,0,266
2616,600,901,0,262
2617,600,901,0,263
2618,600,901,0,262
2619,600,902,0,263
2620,600,902,0,267
2621,600,902,0,270
2622,600,902,0,272
2623,600,902,0,274
2624,600,902,0,274
2625,601,902,0,275
2626,601,902,0,277
2627,601,902,0,277
2628,601,902,0,277
2629,601,902,0,277
2630,601,902,0,277
2631,601,902,0,279
2632,601,902,0,277
2633,601,902,0,277
2634,601,902,0,277
2635,602,902,0,277
2636,602,903,0,278
2637,602,902,0,280
2638,601,902,0,280
2639,602,902,0,280
2640,601,902,0,280
2641,602,902,0,281
2642,602,902,0,280
2643,602,901,0,279
2644,602,902,0,278
2645,602,902,0,280
2646,602,901,0,280
2647,601,900,0,278
2648,601,900,0,279
2649,601,900,0,279
2650,600,900,0,277
2651,600,900,0,273
2652,600,900,0,272
2653,600,900,0,273
2654,600,900,0,270
2655,599,900,0,274
2656,600,900,0,273
2657,600,900,0,271
2658,600,900,0,270
2659,601,901,0,268
2660,600,901,0,269
2661,600,901,0,270
2662,601,902,0,269
2663,601,902,0,269
2664,601,902,0,271
2665,601,901,0,273
2666,601,901,0,270
2667,601,901,0,270
2668,601,901,0,270
2669,601,901,0,273
2670,601,901,0,272
2671,601,901,0,273
2672,601,901,0,273
2673,601,901,0,273
2674,601,901,0,273
2675,601,901,0,272
2676,601,901,0,273
2677,601,901,0,273
2678,601,900,0,274
2679,601,901,0,276
2680,601,901,0,276
2681,601,901,0,276
2682,601,901,0,277
2683,601,901,0,278
2684,601,901,0,277
2685,601,901,0,277
2686,601,901,0,277
2687,601,901,0,279
2688,601,901,0,280
2689,601,901,0,278
2690,601,901,0,279
2691,601,901,0,279
2692,601,901,0,279
2693,600,900,0,283
2694,600,899,0,283
2695,601,900,0,280
2696,601,900,0,281
2697,600,900,0,283
2698,601,901,0,282
2699,600,901,0,285
2700,601,901,0,283
2701,601,900,0,282
2702,600,899,0,285
2703,601,899,0,285
2704,601,900,0,286
2705,601,901,0,283
2706,600,901,0,286
2707,600,900,0,287
2708,600,900,0,287
2709,600,901,0,285
2710,601,901,0,281
2711,602,901,0,272
2712,602,902,0,272
2713,602,901,0,269
2714,601,902,0,280
2715,601,901,0,278
2716,602,900,0,273
2717,601,901,0,276
2718,602,901,0,275
2719,601,901,0,278
2720,601,900,0,277
2721,601,900,0,279
2722,601,900,0,279
2723,601,901,0,280
2724,601,901,0,279
2725,601,900,0,280
2726,601,901,0,278
2727,601,900,0,278
2728,601,901,0,278
2729,600,901,0,279
2730,600,901,0,280
2731,600,901,0,280
2732,600,901,0,280
2733,600,901,0,279
2734,600,900,0,277
2735,600,900,0,278
2736,600,901,0,278
2737,601,901,0,276
2738,601,901,0,278
2739,601,901,0,277
2740,601,902,0,275
2741,601,901,0,278
2742,601,902,0,274
2743,601,901,0,274
2744,601,901,0,275
2745,601,901,0,273
2746,601,902,0,276
2747,601,901,0,276
2748,601,901,0,271
2749,601,901,0,274
2750,601,901,0,272
2751,601,901,0,272
2752,601,901,0,275
2753,601,901,0,276
2754,601,901,0,278
2755,601,902,0,277
2756,601,901,0,279
2757,600,902,0,280
2758,600,901,0,279
2759,601,901,0,278
2760,601,901,0,275
2761,601,902,0,274
2762,601,902,0,275
2763,600,901,0,280
2764,599,901,0,281
2765,599,901,0,280
2766,599,901,0,280
2767,599,901,0,280
2768,599,901,0,277
2769,599,901,0,280
2770,599,901,0,280
2771,599,901,0,280
2772,599,901,0,281
2773,600,902,0,278
2774,600,901,0,274
2775,600,901,0,275
2776,600,900,0,277
2777,600,900,0,279
2778,600,900,0,280
2779,599,899,0,284
2780,600,900,0,282
2781,600,901,0,282
2782,600,901,0,281
2783,600,901,0,283
2784,600,900,0,281
2785,600,900,0,281
2786,600,900,0,284
2787,599,900,0,284
2788,600,901,0,282
2789,600,901,0,285
2790,600,901,0,285
2791,601,903,0,284
2792,601,902,0,283
2793,601,901,0,282
2794,600,901,0,284
2795,600,901,0,283
2796,600,902,0,285
2797,600,903,0,285
2798,600,904,0,285
2799,600,902,0,282
2800,600,902,0,284
2801,600,902,0,284
2802,600,901,0,279
2803,600,902,0,280
2804,600,902,0,277
2805,600,903,0,276
2806,601,904,0,274
2807,601,905,0,273
2808,601,904,0,273
2809,601,902,0,276
2810,601,901,0,275
2811,601,901,0,276
2812,601,901,0,278
2813,601,901,0,278
2814,601,901,0,279
2815,601,901,0,279
2816,601,901,0,278
2817,601,901,0,279
2818,601,901,0,280
2819,601,901,0,278
2820,601,902,0,278
2821,601,901,0,280
2822,601,901,0,279
2823,601,901,0,279
2824,600,901,0,279
2825,600,901,0,283
2826,600,901,0,279
2827,600,901,0,279
2828,600,901,0,279
2829,600,900,0,281
2830,600,900,0,280
2831,600,900,0,280
2832,600,901,0,281
2833,600,901,0,280
2834,600,901,0,280
2835,600,900,0,280
2836,600,901,0,280
2837,600,901,0,279
2838,601,901,0,277
2839,601,901,0,277
2840,601,901,0,278
2841,601,901,0,277
2842,601,901,0,278
2843,600,901,0,278
2844,600,901,0,278
2845,601,901,0,279
2846,601,901,0,277
2847,601,901,0,280
2848,601,901,0,274
2849,602,902,0,269
2850,601,902,0,272
2851,602,903,0,273
2852,602,903,0,272
2853,602,903,0,274
2854,602,903,0,274
2855,602,904,0,273
2856,603,905,0,280
2857,605,907,0,286
2858,604,910,0,286
2859,604,910,0,300
2860,603,910,0,306
2861,601,910,0,309
2862,599,911,0,315
2863,597,913,0,314
2864,596,913,0,320
2865,596,914,0,324
2866,597,916,0,335
2867,597,917,0,331
2868,595,919,0,325
2869,595,918,0,328
2870,594,917,0,331
2871,593,916,0,329
2872,592,916,0,331
2873,590,915,0,327
2874,589,913,0,323
2875,588,911,0,321
2876,587,909,0,321
2877,587,908,0,321
2878,588,909,0,320
2879,591,908,0,315
2880,591,908,0,315
2881,589,909,0,310
2882,589,909,0,309
2883,589,909,0,307
2884,588,908,0,307
2885,587,907,0,312
2886,587,905,0,314
2887,585,904,0,312
2888,586,903,0,312
2889,583,902,0,312
2890,584,900,0,315
2891,585,899,0,316
2892,587,900,0,318
2893,589,901,0,311
2894,588,900,0,310
2895,587,900,0,311
2896,584,899,0,311
2897,583,899,0,311
2898,584,900,0,312
2899,585,900,0,310
2900,584,901,0,309
2901,582,902,0,311
2902,581,901,0,313
2903,580,899,0,314
2904,579,899,0,316
2905,579,899,0,314
2906,580,896,0,311
2907,580,892,0,310
2908,577,890,0,312
2909,575,890,0,308
2910,574,890,0,307
2911,573,889,0,308
2912,572,889,0,306
2913,572,889,0,306
2914,571,888,0,305
2915,570,887,0,307
2916,569,885,0,306
2917,567,883,0,305
2918,566,883,0,301
2919,565,882,0,300
2920,564,881,0,304
2921,562,880,0,303
2922,562,878,0,306
2923,563,877,0,306
2924,563,876,0,306
2925,563,876,0,306
2926,562,876,0,307
2927,561,876,0,307
2928,561,878,0,305
2929,560,878,0,303
2930,561,877,0,304
2931,560,877,0,303
2932,560,877,0,306
2933,560,878,0,304
2934,558,879,0,300
2935,558,879,0,301
2936,559,879,0,302
2937,560,878,0,303
2938,559,878,0,302
2939,558,877,0,301
2940,558,877,0,301
2941,558,878,0,300
2942,558,878,0,300
2943,558,877,0,299
2944,559,878,0,298
2945,559,878,0,297
2946,558,878,0,297
2947,558,878,0,297
2948,558,878,0,298
2949,559,878,0,297
2950,559,878,0,297
2951,559,878,0,299
2952,559,877,0,298
2953,559,877,0,300
2954,559,878,0,299
2955,559,877,0,298
2956,559,877,0,299
2957,559,878,0,298
2958,559,878,0,297
2959,558,878,0,296
2960,558,878,0,297
2961,557,878,0,295
2962,556,878,0,293
2963,555,878,0,294
2964,555,878,0,293
2965,555,878,0,294
2966,555,879,0,296
2967,554,880,0,297
2968,554,880,0,299
2969,553,882,0,302
2970,552,884,0,304
2971,551,886,0,304
2972,550,885,0,311
2973,549,885,0,310
2974,544,886,0,307
2975,544,887,0,312
2976,545,887,0,319
2977,546,889,0,324
2978,545,888,0,331
2979,543,889,0,339
2980,539,887,0,351
2981,537,885,0,358
2982,533,885,0,354
2983,531,886,0,353
2984,530,888,0,354
2985,528,887,0,356
2986,526,887,0,357
2987,525,886,0,359
2988,524,886,0,0
2989,523,886,0,1
2990,523,887,0,4
2991,523,886,0,5
2992,525,884,0,0
2993,529,883,0,355
2994,529,882,0,355
2995,530,880,0,356
2996,530,879,0,354
2997,528,876,0,0
2999,527,870,0,5
