0,1732,1322,0,192
1,1733,1324,0,187
2,1733,1324,0,189
3,1733,1324,0,189
4,1730,1323,0,195
5,1731,1323,0,194
6,1731,1323,0,191
7,1729,1323,0,197
8,1729,1323,0,194
9,1732,1325,0,185
10,1732,1324,0,181
11,1731,1324,0,179
12,1733,1327,0,175
13,1736,1326,0,175
14,1736,1325,0,172
15,1735,1323,0,174
16,1735,1322,0,175
17,1735,1323,0,171
18,1738,1322,0,165
19,1742,1324,0,161
20,1743,1325,0,160
21,1744,1323,0,152
22,1746,1316,0,144
23,1747,1317,0,150
24,1750,1316,0,157
25,1749,1315,0,157
26,1748,1314,0,155
27,1750,1315,0,158
28,1754,1314,0,149
29,1753,1314,0,140
30,1754,1318,0,138
31,1755,1321,0,138
32,1756,1321,0,130
33,1760,1324,0,128
34,1760,1325,0,131
35,1760,1320,0,132
36,1763,1322,0,131
37,1764,1320,0,134
38,1764,1318,0,137
39,1765,1316,0,131
40,1764,1315,0,133
41,1764,1315,0,132
42,1763,1316,0,126
43,1761,1317,0,129
44,1760,1317,0,129
45,1759,1316,0,130
46,1757,1315,0,138
47,1757,1313,0,142
48,1759,1316,0,133
49,1761,1318,0,137
50,1762,1318,0,138
51,1761,1317,0,141
52,1760,1319,0,136
53,1759,1317,0,136
54,1758,1316,0,132
55,1757,1317,0,130
56,1757,1316,0,130
57,1757,1316,0,126
58,1756,1317,0,122
59,1756,1315,0,124
60,1756,1315,0,130
61,1757,1315,0,135
62,1757,1316,0,136
63,1757,1316,0,137
64,1756,1315,0,137
65,1757,1316,0,136
66,1755,1316,0,138
67,1755,1318,0,137
68,1758,1317,0,139
69,1758,1317,0,141
70,1758,1318,0,139
71,1759,1319,0,136
72,1761,1322,0,138
73,1761,1323,0,130
74,1756,1320,0,121
75,1753,1319,0,122
76,1751,1319,0,122
77,1750,1317,0,126
78,1752,1315,0,130
79,1754,1315,0,125
80,1754,1318,0,129
81,1754,1319,0,130
82,1757,1324,0,130
83,1759,1330,0,125
84,1757,1334,0,135
85,1755,1339,0,142
86,1753,1346,0,158
87,1755,1347,0,160
88,1754,1349,0,153
89,1755,1352,0,147
90,1763,1353,0,144
91,1769,1356,0,137
92,1770,1363,0,143
93,1777,1368,0,149
94,1780,1378,0,157
95,1779,1388,0,176
96,1776,1393,0,174
97,1781,1391,0,184
98,1785,1392,0,183
99,1792,1396,0,187
100,1795,1393,0,183
101,1799,1392,0,188
102,1801,1394,0,193
103,1802,1398,0,207
104,1808,1400,0,205
105,1818,1400,0,203
106,1823,1399,0,207
107,1829,1397,0,212
108,1834,1398,0,225
109,1833,1393,0,217
110,1835,1391,0,229
111,1834,1388,0,222
112,1834,1387,0,221
113,1832,1388,0,218
114,1829,1388,0,215
115,1830,1389,0,221
116,1830,1386,0,226
117,1831,1385,0,237
118,1834,1384,0,246
119,1833,1381,0,235
120,1833,1379,0,242
121,1837,1376,0,251
122,1838,1372,0,250
123,1839,1369,0,250
124,1838,1366,0,250
125,1839,1365,0,249
126,1838,1363,0,246
127,1838,1362,0,250
128,1839,1361,0,249
129,1839,1359,0,246
130,1839,1360,0,248
131,1836,1363,0,246
132,1832,1367,0,244
133,1830,1365,0,237
134,1826,1362,0,235
135,1825,1358,0,225
136,1822,1356,0,220
137,1821,1356,0,224
138,1820,1356,0,227
139,1820,1356,0,224
140,1821,1354,0,225
141,1821,1351,0,207
142,1824,1352,0,198
143,1826,1351,0,192
144,1827,1351,0,167
145,1829,1350,0,161
146,1827,1348,0,155
147,1829,1350,0,150
148,1830,1352,0,132
149,1829,1354,0,132
150,1829,1355,0,132
151,1828,1355,0,131
152,1826,1353,0,133
153,1826,1353,0,127
154,1826,1354,0,124
155,1827,1354,0,113
156,1829,1354,0,106
157,1834,1359,0,101
158,1835,1363,0,94
159,1835,1364,0,96
160,1834,1366,0,98
161,1838,1370,0,97
162,1838,1376,0,102
163,1837,1383,0,97
164,1840,1373,0,91
165,1839,1367,0,89
166,1839,1364,0,83
167,1838,1364,0,81
168,1842,1366,0,85
169,1847,1369,0,85
170,1850,1373,0,74
171,1850,1374,0,76
172,1849,1374,0,73
173,1846,1369,0,75
174,1844,1369,0,84
175,1843,1369,0,93
176,1843,1366,0,106
177,1841,1364,0,108
178,1841,1364,0,110
179,1838,1364,0,113
180,1840,1365,0,110
181,1841,1367,0,109
182,1840,1369,0,105
183,1840,1371,0,103
184,1840,1371,0,97
185,1842,1372,0,94
186,1841,1372,0,92
187,1840,1372,0,89
188,1835,1375,0,93
189,1836,1372,0,90
190,1836,1371,0,88
191,1834,1369,0,102
192,1830,1371,0,116
193,1832,1369,0,119
194,1830,1368,0,114
195,1829,1370,0,117
196,1834,1368,0,100
197,1837,1367,0,103
198,1839,1365,0,104
199,1842,1366,0,113
200,1842,1360,0,108
201,1841,1356,0,109
202,1835,1354,0,113
203,1832,1350,0,110
204,1833,1353,0,117
205,1832,1351,0,119
206,1831,1350,0,117
207,1828,1349,0,111
208,1829,1349,0,116
209,1826,1349,0,117
210,1829,1347,0,117
211,1823,1341,0,126
212,1821,1338,0,124
213,1820,1335,0,122
214,1818,1334,0,120
215,1818,1334,0,118
216,1811,1336,0,115
217,1810,1336,0,116
218,1809,1334,0,113
219,1814,1327,0,92
220,1814,1330,0,86
221,1802,1332,0,91
222,1805,1329,0,101
223,1809,1323,0,85
224,1809,1323,0,85
225,1808,1324,0,86
226,1808,1325,0,85
227,1807,1325,0,82
228,1803,1327,0,78
229,1800,1329,0,72
230,1798,1323,0,69
231,1799,1325,0,60
232,1796,1324,0,54
233,1795,1324,0,52
234,1796,1325,0,53
235,1798,1326,0,55
236,1799,1321,0,51
237,1799,1320,0,58
238,1801,1321,0,55
239,1802,1322,0,49
240,1803,1318,0,55
241,1805,1315,0,58
242,1806,1315,0,50
243,1806,1312,0,53
244,1805,1315,0,64
245,1804,1319,0,72
246,1808,1318,0,67
247,1807,1321,0,43
248,1803,1327,0,42
249,1800,1330,0,38
250,1797,1335,0,26
251,1789,1335,0,25
252,1783,1336,0,14
253,1782,1335,0,19
254,1774,1337,0,14
255,1768,1339,0,12
256,1762,1340,0,16
257,1755,1344,0,14
258,1751,1344,0,16
259,1746,1346,0,23
260,1742,1352,0,23
261,1736,1352,0,27
262,1732,1354,0,25
263,1731,1356,0,27
264,1731,1354,0,32
265,1727,1354,0,43
266,1727,1356,0,50
267,1727,1356,0,46
268,1727,1359,0,56
269,1727,1363,0,62
270,1727,1367,0,60
271,1723,1367,0,63
272,1721,1369,0,44
273,1717,1375,0,47
274,1711,1376,0,47
275,1705,1379,0,41
276,1706,1380,0,47
277,1706,1381,0,53
278,1705,1383,0,48
279,1703,1388,0,31
280,1699,1389,0,36
281,1702,1386,0,43
282,1706,1384,0,41
283,1707,1387,0,46
284,1703,1390,0,49
285,1702,1389,0,41
286,1701,1387,0,43
287,1700,1386,0,46
288,1706,1387,0,46
289,1710,1387,0,37
290,1708,1388,0,37
291,1704,1392,0,35
292,1708,1391,0,31
293,1709,1391,0,24
294,1709,1391,0,16
295,1710,1387,0,10
296,1709,1387,0,3
297,1706,1386,0,353
298,1703,1390,0,355
299,1703,1396,0,335
300,1705,1396,0,331
301,1706,1394,0,333
302,1704,1394,0,326
303,1697,1396,0,324
304,1693,1393,0,332
305,1692,1382,0,330
306,1685,1384,0,326
307,1685,1382,0,329
308,1681,1378,0,323
309,1676,1380,0,312
310,1674,1380,0,304
311,1669,1377,0,295
312,1668,1373,0,292
313,1669,1373,0,284
314,1673,1369,0,279
315,1672,1368,0,280
316,1672,1368,0,278
317,1673,1367,0,270
318,1672,1364,0,272
319,1670,1361,0,283
320,1670,1361,0,283
321,1669,1362,0,288
322,1669,1358,0,299
323,1666,1357,0,299
324,1663,1352,0,305
325,1659,1349,0,312
326,1656,1343,0,314
327,1655,1339,0,312
328,1652,1341,0,303
329,1653,1341,0,307
330,1653,1343,0,308
331,1651,1343,0,304
332,1652,1341,0,300
333,1654,1340,0,304
334,1653,1341,0,299
335,1651,1341,0,292
336,1651,1341,0,289
337,1649,1338,0,289
338,1649,1336,0,289
339,1648,1334,0,294
340,1647,1331,0,297
341,1648,1330,0,294
342,1648,1330,0,292
343,1647,1330,0,289
344,1646,1328,0,286
345,1647,1327,0,288
346,1648,1326,0,291
347,1645,1324,0,282
348,1645,1323,0,283
349,1642,1318,0,283
350,1643,1315,0,286
351,1645,1314,0,286
352,1643,1313,0,292
353,1645,1313,0,294
354,1646,1311,0,299
355,1648,1309,0,306
356,1650,1308,0,316
357,1648,1305,0,323
358,1645,1302,0,326
359,1642,1297,0,343
360,1643,1294,0,350
361,1639,1291,0,353
362,1640,1293,0,354
363,1640,1293,0,357
364,1638,1294,0,356
365,1636,1295,0,351
366,1632,1293,0,2
367,1630,1294,0,5
368,1624,1293,0,4
369,1617,1293,0,1
370,1610,1292,0,1
371,1604,1293,0,355
372,1597,1293,0,347
373,1593,1292,0,341
374,1593,1294,0,330
375,1592,1291,0,330
376,1592,1290,0,331
377,1590,1288,0,330
378,1588,1291,0,324
379,1588,1291,0,323
380,1586,1292,0,319
381,1586,1293,0,316
382,1586,1294,0,313
383,1585,1294,0,312
384,1585,1293,0,309
385,1585,1294,0,314
386,1584,1294,0,313
387,1583,1294,0,317
388,1582,1295,0,312
389,1583,1296,0,319
390,1582,1295,0,325
391,1581,1294,0,330
392,1579,1292,0,328
393,1576,1290,0,326
394,1572,1288,0,325
395,1570,1283,0,328
396,1564,1281,0,324
397,1559,1277,0,329
398,1553,1274,0,332
399,1549,1272,0,331
400,1545,1266,0,336
401,1536,1267,0,331
402,1535,1260,0,329
403,1531,1259,0,330
404,1529,1257,0,322
405,1528,1255,0,320
406,1526,1253,0,319
407,1523,1252,0,317
408,1522,1249,0,311
409,1521,1248,0,312
410,1517,1244,0,313
411,1510,1235,0,318
412,1505,1230,0,314
413,1500,1224,0,309
414,1495,1222,0,303
415,1494,1225,0,303
416,1496,1228,0,308
417,1497,1229,0,311
418,1497,1230,0,314
419,1496,1230,0,309
420,1494,1229,0,310
422,1490,1228,0,326
423,1486,1226,0,335
424,1482,1226,0,345
425,1476,1227,0,354
426,1474,1228,0,1
427,1471,1228,0,357
428,1467,1228,0,4
429,1460,1229,0,7
430,1455,1236,0,12
431,1450,1229,0,20
432,1443,1237,0,26
433,1443,1237,0,22
434,1445,1237,0,25
435,1447,1235,0,21
436,1453,1234,0,21
437,1458,1235,0,22
438,1459,1235,0,27
439,1458,1233,0,32
440,1459,1233,0,30
441,1461,1236,0,32
442,1463,1235,0,31
443,1463,1234,0,28
444,1464,1233,0,26
445,1467,1232,0,21
446,1469,1230,0,19
447,1467,1228,0,14
448,1466,1228,0,17
449,1467,1229,0,21
450,1465,1232,0,26
451,1464,1235,0,26
452,1464,1238,0,29
453,1463,1242,0,25
454,1459,1246,0,19
455,1455,1252,0,14
456,1454,1263,0,26
457,1455,1273,0,352
458,1452,1267,0,346
459,1445,1264,0,338
460,1441,1259,0,335
461,1441,1260,0,335
462,1441,1259,0,330
463,1442,1256,0,328
464,1445,1252,0,329
465,1446,1253,0,327
466,1446,1254,0,332
467,1443,1255,0,334
468,1444,1258,0,339
469,1444,1258,0,342
470,1443,1259,0,344
471,1441,1262,0,344
472,1440,1263,0,347
473,1439,1259,0,341
474,1439,1254,0,341
475,1438,1252,0,333
476,1436,1253,0,334
477,1433,1255,0,341
478,1432,1255,0,349
479,1433,1255,0,354
480,1435,1254,0,350
481,1438,1253,0,347
482,1439,1253,0,346
483,1440,1253,0,340
484,1439,1252,0,338
485,1440,1252,0,336
486,1440,1252,0,326
487,1442,1252,0,327
488,1440,1254,0,326
489,1438,1253,0,335
490,1435,1253,0,341
491,1432,1252,0,345
492,1429,1251,0,350
493,1426,1249,0,356
494,1424,1251,0,358
495,1423,1254,0,5
496,1421,1258,0,6
497,1418,1262,0,8
498,1417,1265,0,1
499,1416,1268,0,353
500,1414,1270,0,357
501,1415,1270,0,359
502,1415,1272,0,359
503,1414,1273,0,1
504,1413,1271,0,4
505,1413,1273,0,355
506,1407,1271,0,354
507,1403,1273,0,350
508,1397,1269,0,349
509,1392,1267,0,352
510,1388,1266,0,350
511,1388,1267,0,352
512,1388,1270,0,344
513,1386,1274,0,342
514,1388,1272,0,341
515,1390,1272,0,333
516,1391,1272,0,337
517,1392,1273,0,338
518,1393,1273,0,343
519,1396,1272,0,335
520,1404,1267,0,334
521,1410,1264,0,326
522,1411,1263,0,329
523,1409,1263,0,336
524,1407,1263,0,341
525,1403,1261,0,340
526,1393,1256,0,332
527,1383,1251,0,335
528,1377,1250,0,329
529,1375,1248,0,329
530,1372,1254,0,319
531,1375,1260,0,320
532,1376,1264,0,321
533,1381,1268,0,332
534,1388,1275,0,331
535,1393,1278,0,323
536,1394,1276,0,311
537,1398,1271,0,305
538,1397,1267,0,310
539,1394,1267,0,311
540,1395,1267,0,312
541,1395,1268,0,311
542,1396,1268,0,308
543,1396,1267,0,305
544,1397,1266,0,305
545,1398,1265,0,303
546,1398,1263,0,304
547,1399,1264,0,305
548,1399,1263,0,300
549,1398,1260,0,294
550,1398,1260,0,292
551,1397,1259,0,299
552,1397,1260,0,301
553,1397,1258,0,305
554,1398,1257,0,309
555,1398,1257,0,312
556,1401,1258,0,308
557,1404,1258,0,307
558,1407,1260,0,305
559,1406,1258,0,309
560,1406,1258,0,302
561,1404,1259,0,306
562,1396,1256,0,296
563,1395,1252,0,304
564,1390,1251,0,304
565,1384,1243,0,308
566,1381,1240,0,317
567,1377,1242,0,326
568,1370,1238,0,323
569,1365,1236,0,326
570,1360,1238,0,327
571,1354,1236,0,335
572,1351,1231,0,338
573,1343,1232,0,336
574,1337,1228,0,328
575,1332,1227,0,326
576,1325,1223,0,328
577,1315,1214,0,328
578,1308,1213,0,316
579,1302,1212,0,310
580,1292,1208,0,303
581,1289,1205,0,306
582,1285,1201,0,309
583,1282,1195,0,317
584,1278,1196,0,314
585,1274,1195,0,309
586,1272,1193,0,323
587,1271,1193,0,325
588,1271,1195,0,327
589,1267,1191,0,328
590,1274,1197,0,314
591,1273,1190,0,317
592,1270,1185,0,323
593,1270,1186,0,304
594,1268,1180,0,314
595,1261,1180,0,302
596,1262,1175,0,308
597,1265,1173,0,309
598,1263,1173,0,307
599,1260,1172,0,312
600,1256,1177,0,324
601,1251,1177,0,327
602,1246,1175,0,331
603,1240,1172,0,338
604,1237,1175,0,341
605,1236,1176,0,333
606,1231,1175,0,325
607,1228,1172,0,331
608,1227,1163,0,347
609,1223,1164,0,349
610,1222,1161,0,1
611,1217,1157,0,3
612,1212,1156,0,10
613,1208,1163,0,10
614,1210,1163,0,30
615,1210,1164,0,35
616,1208,1163,0,45
617,1208,1159,0,42
618,1205,1162,0,44
619,1201,1166,0,39
620,1197,1174,0,36
621,1191,1175,0,28
622,1188,1176,0,19
623,1186,1172,0,11
624,1185,1172,0,7
625,1182,1173,0,9
626,1180,1175,0,15
627,1179,1177,0,12
628,1179,1177,0,11
629,1179,1177,0,9
630,1176,1177,0,6
631,1176,1176,0,5
632,1174,1176,0,5
633,1174,1176,0,5
634,1174,1176,0,4
635,1175,1176,0,4
636,1175,1177,0,4
637,1175,1177,0,3
638,1175,1176,0,3
639,1176,1176,0,3
640,1175,1176,0,5
641,1173,1175,0,8
642,1171,1173,0,6
643,1167,1172,0,1
644,1165,1172,0,357
645,1162,1172,0,4
646,1159,1171,0,9
647,1156,1170,0,1
648,1156,1170,0,359
649,1158,1169,0,2
650,1158,1169,0,1
651,1156,1169,0,356
652,1157,1168,0,355
653,1155,1166,0,0
654,1158,1166,0,355
655,1157,1166,0,357
656,1155,1167,0,354
657,1153,1166,0,349
658,1149,1166,0,342
659,1150,1163,0,347
660,1151,1162,0,350
661,1149,1158,0,356
662,1149,1156,0,1
663,1150,1155,0,0
664,1150,1156,0,358
665,1152,1155,0,353
666,1153,1153,0,353
667,1154,1151,0,350
668,1151,1146,0,341
669,1152,1137,0,333
670,1145,1136,0,333
671,1137,1135,0,331
672,1135,1125,0,325
673,1128,1116,0,319
674,1122,1109,0,318
675,1117,1103,0,318
676,1111,1094,0,308
677,1106,1088,0,302
678,1098,1080,0,316
679,1090,1072,0,307
680,1091,1072,0,310
681,1094,1076,0,321
682,1093,1077,0,332
683,1093,1076,0,341
684,1090,1076,0,348
685,1085,1077,0,353
686,1077,1074,0,8
687,1070,1073,0,12
688,1063,1077,0,16
689,1054,1076,0,9
690,1054,1084,0,9
691,1047,1081,0,15
692,1045,1083,0,18
693,1041,1084,0,30
694,1037,1086,0,33
695,1030,1087,0,33
696,1027,1088,0,32
697,1025,1094,0,41
698,1019,1094,0,37
699,1013,1098,0,41
700,1004,1101,0,43
701,1001,1107,0,39
702,995,1115,0,42
703,995,1121,0,42
704,998,1127,0,39
705,993,1125,0,41
706,992,1126,0,46
707,988,1126,0,41
708,985,1132,0,44
709,982,1139,0,56
710,978,1142,0,65
711,981,1149,0,70
712,981,1155,0,66
713,984,1169,0,59
714,983,1170,0,72
715,982,1167,0,74
716,979,1165,0,72
717,978,1169,0,63
718,979,1172,0,55
719,977,1170,0,49
720,975,1170,0,56
721,976,1170,0,59
722,977,1169,0,51
723,974,1169,0,48
724,973,1173,0,43
725,970,1172,0,41
726,971,1170,0,36
727,972,1165,0,27
728,972,1163,0,17
729,967,1162,0,3
730,961,1161,0,0
731,957,1154,0,357
732,952,1151,0,358
733,941,1153,0,356
734,930,1152,0,357
735,920,1150,0,359
736,909,1145,0,3
737,898,1145,0,354
738,890,1148,0,348
739,881,1148,0,356
740,869,1150,0,0
741,863,1153,0,22
742,849,1162,0,53
743,846,1170,0,68
744,846,1175,0,81
745,850,1177,0,86
746,852,1181,0,88
747,850,1183,0,99
748,854,1186,0,101
749,857,1190,0,102
750,859,1195,0,104
751,862,1197,0,102
752,865,1197,0,97
753,870,1195,0,95
754,872,1198,0,98
755,876,1202,0,92
756,875,1203,0,98
757,883,1215,0,93
758,882,1220,0,100
759,882,1226,0,110
760,886,1227,0,105
761,885,1228,0,114
762,885,1230,0,119
763,887,1239,0,127
764,889,1242,0,125
765,892,1243,0,133
766,899,1244,0,147
767,900,1245,0,151
768,901,1241,0,147
769,897,1239,0,140
770,897,1239,0,136
771,895,1234,0,137
772,895,1234,0,132
773,899,1233,0,130
774,900,1233,0,121
775,901,1234,0,125
776,903,1240,0,133
777,906,1242,0,135
778,904,1245,0,135
779,904,1243,0,138
780,902,1242,0,141
781,904,1245,0,142
782,908,1244,0,120
783,912,1247,0,120
784,911,1258,0,117
785,911,1264,0,111
786,922,1271,0,102
787,921,1274,0,106
788,922,1289,0,111
789,926,1294,0,124
790,933,1308,0,128
791,941,1315,0,125
792,944,1322,0,125
793,952,1324,0,119
794,949,1329,0,107
795,950,1335,0,108
796,957,1343,0,106
797,967,1353,0,112
798,970,1359,0,110
799,973,1373,0,102
800,977,1369,0,115
801,974,1365,0,124
802,972,1363,0,125
803,971,1364,0,133
804,974,1364,0,138
805,976,1364,0,138
806,975,1363,0,143
807,975,1363,0,161
808,985,1358,0,178
809,994,1356,0,186
810,1009,1355,0,188
811,1020,1350,0,171
812,1025,1351,0,174
813,1027,1352,0,180
814,1029,1352,0,174
815,1036,1351,0,173
816,1048,1358,0,151
817,1056,1365,0,158
818,1064,1362,0,164
819,1069,1369,0,150
820,1069,1369,0,157
821,1071,1370,0,155
822,1072,1372,0,150
823,1074,1371,0,143
824,1071,1371,0,145
825,1074,1372,0,144
826,1073,1376,0,165
827,1075,1374,0,155
828,1075,1374,0,167
829,1085,1370,0,201
830,1094,1368,0,211
831,1108,1364,0,200
832,1118,1363,0,193
833,1124,1362,0,172
834,1142,1361,0,175
835,1146,1361,0,169
836,1152,1362,0,174
837,1156,1363,0,178
838,1171,1366,0,178
839,1176,1368,0,182
840,1183,1370,0,179
841,1199,1370,0,179
842,1204,1373,0,194
843,1206,1370,0,204
844,1207,1368,0,202
845,1214,1366,0,204
846,1222,1364,0,213
847,1231,1363,0,213
848,1239,1362,0,195
849,1248,1361,0,187
850,1255,1362,0,194
852,1275,1362,0,160
853,1274,1359,0,152
854,1276,1361,0,152
855,1279,1363,0,159
856,1281,1364,0,156
857,1288,1363,0,176
858,1294,1358,0,199
859,1302,1357,0,195
860,1312,1358,0,172
861,1314,1358,0,166
862,1312,1359,0,165
863,1311,1359,0,168
864,1311,1358,0,171
865,1312,1357,0,173
866,1316,1353,0,190
867,1320,1346,0,209
868,1320,1345,0,212
869,1320,1344,0,207
870,1323,1341,0,209
871,1323,1342,0,212
872,1324,1340,0,211
873,1326,1341,0,211
874,1327,1341,0,215
875,1328,1343,0,209
876,1325,1345,0,207
877,1320,1346,0,215
878,1324,1345,0,200
879,1329,1351,0,190
880,1333,1351,0,183
881,1344,1353,0,175
882,1355,1364,0,178
883,1355,1362,0,170
884,1357,1357,0,182
885,1359,1354,0,193
886,1369,1352,0,201
887,1377,1345,0,212
888,1386,1341,0,206
889,1391,1337,0,202
890,1397,1333,0,204
891,1399,1334,0,205
892,1398,1335,0,199
893,1398,1335,0,198
894,1400,1335,0,203
895,1399,1334,0,213
896,1398,1329,0,216
897,1396,1328,0,213
898,1393,1323,0,213
899,1395,1321,0,210
900,1393,1321,0,209
901,1393,1321,0,205
902,1393,1321,0,199
903,1392,1322,0,206
904,1393,1321,0,207
905,1395,1324,0,210
906,1396,1324,0,215
907,1396,1325,0,217
908,1397,1328,0,220
909,1397,1326,0,215
910,1398,1326,0,211
911,1394,1326,0,198
912,1397,1324,0,211
913,1398,1323,0,208
914,1402,1324,0,214
915,1401,1325,0,210
916,1403,1324,0,215
917,1402,1321,0,195
918,1402,1320,0,182
919,1405,1323,0,179
920,1410,1327,0,175
921,1416,1328,0,162
922,1419,1331,0,156
923,1420,1334,0,162
924,1419,1336,0,156
925,1421,1340,0,154
926,1424,1343,0,151
927,1424,1345,0,147
928,1423,1346,0,148
929,1425,1347,0,149
930,1427,1345,0,143
931,1424,1346,0,139
932,1422,1347,0,148
933,1424,1346,0,150
934,1423,1346,0,153
935,1422,1344,0,161
936,1426,1341,0,175
937,1431,1342,0,174
938,1433,1340,0,174
939,1442,1337,0,167
940,1447,1344,0,158
941,1458,1346,0,169
942,1468,1353,0,180
943,1479,1348,0,184
944,1490,1347,0,190
945,1501,1349,0,181
946,1510,1349,0,184
947,1514,1350,0,186
948,1515,1351,0,182
949,1518,1353,0,179
950,1515,1355,0,180
951,1516,1356,0,177
952,1519,1357,0,168
953,1522,1362,0,153
954,1526,1364,0,148
955,1531,1366,0,145
956,1537,1370,0,149
957,1540,1373,0,152
958,1540,1374,0,151
959,1541,1375,0,154
960,1542,1376,0,153
961,1541,1378,0,151
962,1540,1380,0,156
963,1539,1380,0,158
964,1538,1378,0,149
965,1540,1381,0,150
966,1542,1383,0,150
967,1543,1385,0,154
968,1546,1385,0,155
969,1550,1387,0,150
970,1550,1391,0,161
971,1546,1390,0,172
972,1546,1389,0,181
973,1547,1388,0,193
974,1554,1381,0,212
975,1558,1379,0,220
976,1565,1372,0,220
977,1572,1365,0,223
978,1575,1364,0,217
979,1579,1362,0,215
980,1581,1361,0,222
981,1582,1358,0,223
982,1583,1352,0,231
983,1587,1347,0,239
984,1589,1343,0,239
985,1589,1341,0,243
986,1591,1338,0,247
987,1592,1334,0,247
988,1594,1333,0,242
989,1597,1330,0,251
990,1600,1327,0,261
991,1600,1324,0,266
992,1597,1325,0,259
993,1599,1327,0,254
994,1600,1324,0,243
995,1599,1318,0,228
996,1604,1314,0,226
997,1614,1313,0,211
998,1621,1308,0,217
999,1625,1304,0,207
1000,1624,1302,0,200
1001,1628,1296,0,200
1002,1639,1287,0,207
1003,1650,1284,0,203
1004,1656,1282,0,189
1005,1665,1280,0,180
1006,1672,1283,0,177
1007,1680,1284,0,159
1008,1681,1283,0,159
1009,1682,1283,0,160
1010,1683,1282,0,162
1011,1686,1285,0,164
1012,1684,1283,0,166
1013,1683,1283,0,166
1014,1681,1281,0,164
1015,1681,1280,0,159
1016,1680,1279,0,157
1017,1681,1280,0,156
1018,1682,1280,0,151
1019,1684,1281,0,152
1020,1685,1280,0,152
1021,1684,1282,0,155
1022,1685,1282,0,166
1023,1685,1280,0,177
1024,1691,1277,0,185
1025,1694,1278,0,181
1029,1708,1277,0,172
1030,1711,1276,0,179
1031,1711,1273,0,179
1032,1709,1274,0,184
1033,1709,1272,0,192
1034,1713,1272,0,195
1035,1714,1268,0,193
1036,1717,1267,0,196
1037,1726,1273,0,191
1038,1735,1273,0,179
1039,1743,1271,0,161
1040,1746,1268,0,151
1041,1743,1260,0,157
1042,1742,1258,0,145
1043,1742,1260,0,140
1044,1743,1261,0,144
1045,1743,1260,0,145
1046,1740,1258,0,138
1047,1739,1259,0,131
1048,1738,1257,0,130
1049,1738,1256,0,132
1050,1738,1255,0,133
1051,1738,1256,0,132
1052,1738,1258,0,128
1053,1738,1260,0,129
1054,1738,1260,0,130
1055,1738,1262,0,132
1056,1739,1265,0,138
1057,1739,1268,0,142
1058,1740,1268,0,144
1059,1743,1268,0,134
1060,1743,1273,0,127
1061,1746,1278,0,125
1062,1742,1279,0,131
1063,1744,1281,0,136
1064,1745,1282,0,124
1065,1743,1282,0,132
1066,1741,1278,0,131
1067,1738,1276,0,135
1068,1738,1279,0,128
1069,1736,1281,0,134
1070,1739,1284,0,133
1071,1742,1286,0,131
1072,1745,1286,0,130
1074,1745,1284,0,129
1075,1742,1284,0,123
1076,1741,1284,0,123
1077,1739,1282,0,130
1078,1736,1280,0,132
1079,1737,1278,0,135
1080,1740,1277,0,139
1081,1743,1278,0,138
1082,1747,1277,0,147
1083,1747,1276,0,151
1084,1748,1273,0,168
1085,1748,1270,0,177
1086,1747,1270,0,178
1087,1747,1270,0,175
1088,1750,1271,0,178
1089,1757,1274,0,170
1090,1761,1275,0,173
1091,1765,1274,0,182
1092,1766,1271,0,197
1093,1774,1267,0,200
1094,1781,1262,0,195
1095,1787,1261,0,197
1096,1792,1261,0,198
1097,1794,1263,0,196
1098,1799,1271,0,191
1099,1801,1280,0,197
1100,1807,1279,0,200
1101,1807,1286,0,189
1102,1807,1288,0,178
1103,1807,1288,0,175
1104,1812,1289,0,171
1105,1820,1287,0,177
1106,1823,1286,0,187
1107,1822,1286,0,183
1108,1817,1290,0,174
1109,1816,1291,0,170
1110,1814,1290,0,172
1111,1811,1289,0,173
1112,1809,1288,0,174
1113,1807,1287,0,181
1114,1805,1286,0,175
1115,1801,1287,0,170
1116,1798,1285,0,164
1117,1794,1284,0,159
1118,1794,1283,0,154
1119,1792,1283,0,143
1120,1791,1283,0,133
1121,1791,1283,0,123
1122,1791,1286,0,117
1123,1791,1289,0,122
1124,1786,1289,0,137
1125,1780,1287,0,137
1126,1779,1287,0,142
1127,1780,1287,0,152
1128,1782,1284,0,157
1129,1782,1279,0,170
1130,1784,1279,0,183
1131,1790,1280,0,193
1132,1791,1277,0,192
1133,1790,1274,0,191
1134,1789,1273,0,189
1135,1791,1272,0,190
1136,1790,1268,0,188
1137,1790,1262,0,188
1138,1789,1261,0,193
1139,1788,1259,0,195
1140,1789,1259,0,197
1141,1791,1257,0,197
1142,1792,1255,0,191
1143,1791,1255,0,190
1144,1792,1254,0,194
1145,1791,1252,0,204
1146,1788,1246,0,209
1147,1786,1244,0,208
1148,1784,1248,0,201
1149,1784,1248,0,193
1150,1781,1247,0,179
1151,1781,1244,0,179
1152,1777,1242,0,177
1153,1778,1239,0,168
1154,1777,1238,0,173
1155,1778,1238,0,189
1156,1776,1239,0,199
1157,1777,1241,0,192
1158,1776,1239,0,188
1159,1775,1239,0,191
1160,1775,1238,0,188
1161,1776,1234,0,191
1162,1776,1232,0,201
1163,1775,1233,0,197
1164,1773,1231,0,203
1165,1770,1231,0,205
1166,1768,1227,0,196
1167,1767,1227,0,197
1168,1765,1226,0,198
1169,1764,1225,0,196
1170,1765,1224,0,201
1171,1765,1226,0,197
1172,1764,1227,0,204
1173,1764,1230,0,211
1174,1758,1230,0,217
1175,1758,1229,0,224
1176,1760,1229,0,224
1177,1760,1230,0,225
1178,1759,1231,0,219
1179,1759,1231,0,218
1180,1757,1232,0,213
1181,1757,1231,0,217
1182,1755,1230,0,214
1183,1756,1227,0,220
1184,1758,1228,0,222
1185,1762,1229,0,216
1186,1762,1229,0,212
1187,1760,1231,0,200
1188,1759,1233,0,196
1189,1759,1232,0,195
1190,1759,1228,0,194
1191,1762,1226,0,184
1192,1763,1224,0,173
1193,1766,1230,0,188
1194,1766,1231,0,188
1195,1765,1227,0,196
1196,1765,1220,0,187
1197,1765,1216,0,189
1198,1765,1215,0,190
1199,1768,1219,0,186
1200,1776,1217,0,173
1201,1779,1214,0,167
1202,1781,1213,0,166
1203,1783,1211,0,161
1204,1786,1210,0,150
1205,1789,1208,0,135
1206,1785,1217,0,130
1207,1781,1225,0,150
1208,1784,1230,0,147
1209,1790,1228,0,142
1210,1792,1232,0,130
1211,1795,1237,0,119
1212,1797,1238,0,113
1213,1797,1238,0,106
1214,1797,1240,0,113
1215,1798,1244,0,109
1216,1798,1248,0,97
1217,1796,1248,0,97
1218,1796,1250,0,100
1219,1795,1253,0,111
1220,1794,1256,0,137
1221,1797,1258,0,135
1222,1801,1259,0,141
1223,1802,1262,0,141
1224,1807,1262,0,141
1225,1813,1264,0,144
1226,1818,1267,0,133
1227,1828,1274,0,132
1228,1833,1274,0,129
1229,1834,1277,0,127
1230,1834,1278,0,122
1231,1838,1281,0,104
1232,1843,1280,0,84
1233,1841,1277,0,86
1234,1841,1275,0,82
1235,1841,1275,0,85
1236,1841,1276,0,86
1237,1838,1276,0,88
1238,1836,1281,0,92
1239,1835,1289,0,98
1240,1836,1292,0,93
1241,1837,1295,0,89
1242,1836,1294,0,88
1243,1833,1294,0,83
1244,1832,1294,0,86
1245,1831,1296,0,85
1246,1830,1296,0,80
1247,1828,1295,0,76
1248,1826,1298,0,77
1249,1825,1297,0,84
1250,1825,1298,0,85
1251,1824,1299,0,81
1252,1825,1301,0,82
1253,1824,1303,0,83
1254,1824,1297,0,77
1255,1823,1298,0,74
1256,1824,1300,0,72
1257,1826,1302,0,71
1258,1824,1297,0,78
1259,1825,1294,0,77
1260,1824,1292,0,82
1261,1825,1291,0,79
1262,1828,1289,0,79
1263,1828,1288,0,77
1264,1825,1290,0,74
1265,1827,1292,0,64
1266,1828,1288,0,82
1267,1832,1282,0,81
1268,1834,1279,0,90
1269,1837,1280,0,99
1270,1838,1280,0,101
1271,1839,1283,0,112
1272,1836,1281,0,132
1273,1839,1282,0,139
1274,1845,1277,0,147
1275,1848,1277,0,152
1276,1849,1277,0,163
1277,1851,1277,0,157
1278,1853,1277,0,140
1279,1854,1277,0,136
1280,1857,1281,0,133
1281,1857,1282,0,140
1282,1858,1281,0,142
1283,1860,1281,0,137
1284,1859,1280,0,134
1285,1860,1283,0,135
1286,1857,1286,0,143
1290,1858,1286,0,148
1291,1861,1285,0,139
1292,1864,1289,0,128
1293,1860,1290,0,119
1294,1855,1295,0,105
1295,1851,1300,0,103
1296,1847,1306,0,95
1297,1842,1313,0,94
1298,1841,1314,0,84
1299,1838,1313,0,78
1300,1836,1316,0,78
1301,1835,1310,0,86
1302,1843,1306,0,90
1303,1846,1299,0,86
1304,1840,1297,0,81
1305,1835,1302,0,85
1306,1830,1309,0,80
1307,1820,1319,0,89
1308,1816,1322,0,92
1309,1818,1321,0,94
1310,1818,1327,0,99
1311,1821,1329,0,85
1312,1821,1326,0,92
1313,1816,1326,0,100
1314,1819,1329,0,97
1315,1821,1328,0,90
1316,1814,1326,0,99
1317,1815,1323,0,97
1318,1816,1323,0,96
1319,1819,1322,0,92
1320,1819,1320,0,96
1321,1821,1319,0,90
1322,1824,1317,0,75
1323,1824,1310,0,71
1324,1825,1302,0,60
1325,1820,1295,0,49
1326,1816,1293,0,54
1327,1809,1289,0,53
1328,1806,1286,0,52
1329,1807,1285,0,44
1330,1804,1278,0,42
1331,1804,1279,0,39
1332,1805,1279,0,33
1333,1804,1279,0,31
1334,1801,1278,0,38
1335,1796,1279,0,36
1336,1791,1285,0,31
1337,1785,1282,0,25
1338,1782,1284,0,32
1339,1786,1278,0,41
1340,1789,1277,0,39
1341,1789,1276,0,41
1342,1789,1278,0,32
1343,1787,1281,0,32
1344,1784,1282,0,43
1345,1785,1285,0,34
1346,1784,1288,0,33
1347,1782,1289,0,23
1348,1779,1290,0,25
1349,1771,1293,0,25
1350,1765,1294,0,20
1351,1763,1298,0,17
1352,1766,1298,0,19
1353,1764,1303,0,25
1354,1764,1309,0,24
1355,1764,1310,0,36
1356,1767,1312,0,41
1357,1765,1311,0,46
1358,1764,1312,0,35
1359,1765,1316,0,41
1360,1759,1320,0,29
1361,1751,1320,0,20
1362,1739,1323,0,9
1363,1732,1328,0,22
1364,1725,1334,0,13
1365,1721,1336,0,17
1366,1715,1339,0,25
1367,1708,1345,0,37
1368,1708,1355,0,42
1369,1704,1354,0,49
1370,1698,1357,0,44
1371,1687,1370,0,34
1372,1682,1372,0,32
1373,1678,1372,0,33
1374,1672,1372,0,19
1375,1670,1372,0,13
1376,1662,1374,0,7
1377,1653,1376,0,7
1378,1647,1375,0,18
1379,1645,1374,0,21
1380,1641,1376,0,28
1381,1642,1370,0,32
1382,1639,1369,0,28
1383,1632,1369,0,20
1384,1627,1374,0,19
1385,1615,1375,0,15
1386,1607,1374,0,16
1387,1598,1376,0,6
1388,1588,1378,0,3
1389,1577,1378,0,12
1390,1570,1377,0,14
1391,1561,1379,0,14
1392,1552,1382,0,15
1393,1550,1384,0,13
1394,1547,1385,0,9
1395,1543,1387,0,11
1396,1540,1387,0,11
1397,1534,1388,0,9
1398,1528,1386,0,5
1399,1521,1385,0,359
1400,1514,1383,0,357
1401,1508,1382,0,352
1402,1504,1383,0,351
1403,1499,1384,0,352
1404,1500,1386,0,356
1405,1500,1387,0,0
1406,1498,1388,0,1
1407,1498,1388,0,4
1408,1496,1388,0,4
1409,1498,1389,0,1
1410,1498,1391,0,2
1411,1496,1391,0,3
1412,1494,1387,0,3
1413,1487,1384,0,1
1414,1482,1385,0,4
1415,1480,1386,0,356
1416,1476,1385,0,353
1417,1474,1387,0,352
1418,1473,1390,0,356
1419,1472,1387,0,357
1420,1478,1383,0,8
1421,1477,1381,0,14
1422,1478,1373,0,19
1423,1476,1375,0,22
1424,1477,1378,0,37
1425,1474,1379,0,53
1426,1472,1380,0,55
1427,1472,1382,0,63
1428,1472,1382,0,67
1429,1471,1380,0,61
1430,1467,1382,0,56
1431,1464,1381,0,54
1432,1466,1380,0,49
1433,1467,1378,0,48
1434,1464,1376,0,57
1435,1460,1375,0,61
1436,1458,1376,0,60
1437,1456,1376,0,60
1438,1453,1376,0,45
1439,1451,1373,0,38
1440,1451,1373,0,27
1441,1450,1371,0,14
1442,1450,1373,0,14
1443,1448,1372,0,10
1444,1445,1370,0,9
1445,1446,1369,0,6
1446,1446,1369,0,4
1447,1444,1366,0,5
1448,1451,1360,0,4
1449,1448,1354,0,353
1450,1440,1354,0,346
1451,1434,1348,0,344
1452,1428,1343,0,336
1453,1420,1339,0,328
1454,1415,1332,0,316
1455,1408,1329,0,312
1456,1402,1324,0,300
1457,1400,1322,0,305
1458,1398,1317,0,312
1459,1398,1317,0,315
1460,1397,1316,0,315
1461,1393,1316,0,315
1462,1390,1315,0,322
1463,1386,1311,0,325
1464,1383,1309,0,320
1465,1380,1310,0,318
1466,1382,1309,0,329
1467,1383,1303,0,327
1468,1381,1300,0,327
1469,1376,1295,0,321
1470,1372,1292,0,314
1471,1370,1282,0,310
1472,1367,1284,0,304
1473,1367,1282,0,302
1474,1367,1283,0,301
1476,1372,1282,0,310
1477,1372,1280,0,316
1478,1372,1275,0,320
1479,1374,1273,0,328
1480,1370,1271,0,325
1481,1363,1272,0,339
1482,1354,1273,0,345
1483,1350,1274,0,331
1484,1346,1274,0,336
1485,1342,1276,0,339
1486,1338,1273,0,335
1487,1335,1274,0,337
1488,1329,1279,0,326
1489,1329,1277,0,329
1490,1326,1278,0,344
1491,1322,1278,0,345
1492,1316,1274,0,335
1493,1311,1273,0,344
1494,1303,1274,0,338
1495,1294,1270,0,342
1496,1285,1269,0,351
1497,1281,1270,0,328
1498,1274,1267,0,322
1499,1273,1265,0,317
1500,1271,1264,0,323
1501,1264,1263,0,325
1502,1254,1258,0,329
1503,1255,1251,0,326
1504,1244,1246,0,328
1505,1237,1240,0,332
1506,1233,1235,0,340
1507,1228,1235,0,338
1508,1227,1240,0,353
1509,1223,1245,0,356
1510,1218,1241,0,359
1511,1210,1239,0,358
1512,1204,1235,0,348
1513,1201,1237,0,338
1514,1197,1237,0,341
1515,1182,1232,0,338
1516,1173,1229,0,337
1517,1165,1225,0,341
1518,1157,1224,0,343
1519,1151,1220,0,342
1520,1140,1216,0,345
1521,1128,1211,0,342
1522,1123,1209,0,352
1523,1122,1211,0,354
1524,1117,1214,0,2
1525,1115,1212,0,2
1526,1112,1210,0,6
1527,1110,1217,0,5
1528,1106,1217,0,13
1529,1101,1220,0,24
1530,1099,1220,0,27
1531,1098,1222,0,24
1532,1098,1221,0,27
1533,1095,1224,0,26
1534,1094,1226,0,21
1535,1091,1229,0,15
1536,1087,1228,0,11
1537,1091,1230,0,12
1538,1091,1233,0,9
1539,1089,1233,0,4
1540,1089,1235,0,1
1541,1086,1238,0,359
1542,1086,1237,0,358
1543,1084,1237,0,0
1544,1082,1239,0,358
1545,1081,1236,0,0
1546,1074,1238,0,359
1547,1072,1242,0,354
1548,1070,1241,0,359
1549,1069,1243,0,355
1550,1069,1239,0,1
1551,1066,1238,0,357
1552,1063,1243,0,9
1553,1060,1243,0,10
1554,1057,1246,0,9
1555,1055,1245,0,8
1556,1053,1243,0,2
1557,1050,1242,0,351
1558,1045,1244,0,355
1559,1036,1242,0,351
1560,1025,1240,0,348
1561,1016,1239,0,353
1562,1006,1238,0,4
1563,1002,1238,0,355
1564,999,1236,0,3
1565,995,1241,0,7
1566,992,1242,0,3
1567,988,1245,0,2
1568,984,1243,0,4
1569,984,1245,0,1
1570,982,1246,0,0
1571,980,1246,0,5
1572,974,1247,0,8
1573,971,1246,0,10
1574,968,1248,0,9
1575,962,1247,0,3
1576,951,1250,0,6
1577,944,1249,0,9
1578,933,1251,0,17
1579,920,1255,0,22
1580,915,1255,0,19
1581,910,1255,0,10
1582,905,1253,0,3
1583,900,1245,0,347
1584,889,1243,0,336
1585,884,1235,0,327
1586,876,1237,0,325
1587,870,1227,0,324
1588,861,1225,0,325
1589,852,1221,0,323
1590,849,1214,0,324
1591,848,1208,0,314
1592,849,1206,0,306
1593,849,1204,0,301
1594,847,1202,0,302
1595,843,1202,0,299
1596,840,1204,0,296
1597,842,1202,0,293
1598,841,1202,0,295
1599,838,1203,0,295
1600,840,1202,0,302
1601,841,1202,0,304
1602,841,1202,0,309
1603,839,1202,0,305
1604,843,1200,0,305
1605,843,1201,0,310
1606,839,1201,0,307
1607,844,1200,0,308
1608,848,1199,0,305
1609,847,1201,0,309
1610,841,1204,0,306
1611,841,1200,0,310
1612,841,1202,0,309
1613,846,1209,0,329
1614,846,1210,0,351
1615,843,1208,0,0
1616,839,1213,0,7
1617,835,1214,0,18
1618,832,1217,0,28
1619,828,1218,0,21
1620,821,1218,0,17
1621,816,1224,0,21
1622,814,1230,0,17
1623,814,1231,0,13
1624,815,1231,0,16
1625,816,1229,0,21
1626,817,1228,0,29
1627,817,1231,0,29
1628,819,1235,0,27
1629,821,1239,0,31
1630,820,1237,0,25
1631,818,1240,0,22
1632,817,1244,0,21
1633,815,1243,0,25
1634,815,1245,0,21
1635,813,1249,0,36
1636,809,1253,0,39
1637,807,1257,0,32
1638,807,1259,0,30
1639,804,1260,0,33
1640,798,1264,0,32
1641,796,1271,0,35
1642,788,1275,0,35
1643,782,1280,0,34
1644,774,1279,0,35
1645,766,1283,0,37
1646,759,1285,0,32
1647,755,1288,0,31
1648,752,1291,0,33
1649,751,1293,0,29
1650,756,1291,0,33
1651,754,1293,0,37
1652,749,1297,0,42
1653,745,1298,0,41
1654,742,1299,0,42
1655,742,1299,0,39
1656,741,1299,0,48
1657,738,1301,0,51
1658,737,1302,0,56
1659,741,1302,0,62
1660,744,1302,0,67
1661,743,1302,0,62
1662,739,1303,0,66
1663,740,1306,0,65
1664,738,1307,0,75
1665,738,1306,0,71
1666,737,1308,0,70
1667,739,1309,0,75
1668,738,1311,0,84
1669,738,1309,0,89
1670,744,1312,0,95
1671,753,1317,0,95
1672,754,1320,0,107
1673,758,1322,0,118
1674,761,1322,0,129
1675,767,1322,0,130
1676,772,1324,0,130
1677,773,1331,0,95
1678,780,1332,0,124
1679,780,1334,0,121
1680,780,1334,0,118
1681,779,1337,0,113
1682,780,1335,0,120
1683,780,1334,0,127
1684,781,1334,0,123
1685,782,1335,0,116
1686,782,1335,0,110
1687,784,1336,0,111
1688,784,1336,0,107
1689,784,1337,0,103
1690,783,1339,0,101
1691,782,1341,0,95
1692,782,1341,0,92
1693,781,1344,0,92
1694,780,1345,0,95
1695,781,1348,0,104
1696,784,1353,0,116
1697,786,1354,0,124
1698,791,1357,0,136
1699,791,1358,0,136
1700,792,1356,0,141
1701,797,1355,0,141
1702,796,1353,0,141
1703,803,1349,0,144
1704,804,1344,0,141
1705,802,1353,0,145
1706,798,1351,0,142
1707,801,1351,0,123
1708,803,1356,0,130
1709,808,1356,0,137
1710,810,1357,0,139
1711,812,1355,0,136
1712,812,1360,0,141
1713,811,1362,0,144
1714,810,1364,0,144
1715,809,1366,0,144
1716,808,1369,0,148
1717,806,1370,0,147
1718,806,1370,0,152
1719,806,1372,0,152
1720,805,1374,0,161
1721,804,1376,0,161
1722,804,1376,0,161
1723,803,1375,0,157
1724,803,1378,0,163
1725,803,1378,0,164
1726,803,1379,0,171
1727,803,1379,0,166
1728,803,1381,0,177
1729,803,1382,0,180
1730,803,1382,0,181
1731,803,1382,0,182
1732,802,1382,0,183
1733,802,1382,0,182
1734,803,1383,0,182
1735,802,1383,0,184
1736,802,1383,0,183
1737,802,1382,0,182
1738,802,1382,0,182
1739,802,1382,0,182
1740,802,1382,0,182
1741,802,1382,0,182
1742,802,1383,0,184
1743,802,1382,0,184
1744,802,1382,0,185
1745,802,1382,0,184
1746,803,1382,0,182
1747,802,1382,0,183
1748,802,1382,0,183
1749,802,1382,0,180
1750,802,1382,0,179
1751,802,1382,0,181
1752,803,1382,0,176
1753,802,1382,0,180
1754,802,1382,0,179
1755,802,1382,0,178
1756,802,1382,0,178
1757,802,1382,0,176
1758,802,1381,0,177
1759,802,1381,0,178
1760,802,1382,0,174
1761,802,1382,0,173
1762,802,1381,0,176
1763,802,1381,0,172
1764,802,1381,0,174
1765,802,1381,0,174
1766,802,1381,0,174
1767,802,1381,0,175
1768,802,1381,0,176
1769,803,1381,0,176
1770,803,1381,0,175
1771,803,1381,0,176
1772,803,1380,0,177
1773,804,1380,0,175
1774,803,1381,0,177
1775,804,1381,0,175
1776,804,1381,0,173
1777,804,1381,0,175
1778,804,1381,0,176
1779,803,1381,0,178
1780,803,1381,0,178
1781,803,1381,0,179
1782,803,1381,0,179
1783,804,1381,0,177
1784,803,1381,0,177
1785,803,1381,0,179
1786,803,1381,0,180
1787,803,1381,0,178
1788,804,1381,0,176
1789,803,1381,0,177
1790,803,1381,0,177
1791,802,1381,0,177
1792,803,1380,0,178
1793,803,1381,0,178
1794,803,1380,0,172
1795,803,1379,0,180
1796,804,1378,0,166
1797,804,1378,0,158
1798,804,1377,0,157
1799,803,1376,0,159
1800,804,1376,0,162
1801,806,1375,0,162
1802,809,1374,0,164
1803,807,1374,0,160
1804,806,1374,0,153
1805,806,1376,0,151
1806,806,1378,0,154
1807,811,1375,0,166
1808,813,1374,0,168
1809,813,1373,0,161
1810,813,1376,0,158
1811,815,1376,0,172
1812,820,1376,0,184
1813,826,1374,0,198
1814,832,1376,0,201
1815,836,1374,0,202
1816,839,1372,0,200
1817,843,1372,0,206
1818,850,1368,0,211
1819,852,1365,0,202
1820,855,1364,0,182
1821,857,1367,0,173
1822,858,1370,0,168
1823,858,1370,0,162
1824,860,1372,0,169
1825,862,1374,0,173
1826,861,1375,0,177
1827,863,1376,0,202
1828,865,1371,0,209
1829,865,1364,0,198
1830,865,1363,0,180
1831,865,1361,0,185
1832,868,1356,0,197
1833,877,1356,0,195
1834,884,1354,0,182
1835,891,1354,0,186
1836,896,1357,0,180
1837,898,1358,0,171
1838,904,1356,0,162
1839,906,1352,0,166
1840,908,1352,0,170
1841,916,1349,0,157
1842,914,1352,0,146
1843,919,1358,0,140
1844,922,1362,0,138
1845,930,1362,0,128
1846,934,1371,0,126
1847,936,1375,0,118
1848,937,1383,0,119
1849,942,1388,0,115
1850,942,1396,0,127
1851,948,1405,0,123
1852,952,1412,0,123
1853,958,1418,0,120
1854,959,1421,0,129
1855,969,1428,0,136
1856,976,1432,0,137
1857,980,1431,0,138
1858,989,1429,0,148
1859,993,1433,0,145
1860,995,1436,0,143
1861,1000,1443,0,144
1862,1011,1446,0,146
1863,1016,1450,0,144
1864,1020,1453,0,146
1865,1027,1458,0,138
1866,1033,1461,0,144
1867,1040,1466,0,142
1868,1043,1469,0,140
1869,1044,1474,0,134
1870,1048,1476,0,135
1871,1052,1479,0,124
1872,1054,1481,0,131
1873,1055,1483,0,128
1874,1056,1484,0,122
1875,1058,1485,0,114
1876,1058,1484,0,114
1877,1056,1486,0,122
1878,1058,1487,0,127
1879,1061,1488,0,137
1880,1066,1488,0,153
1881,1071,1489,0,158
1882,1072,1488,0,169
1883,1077,1487,0,178
1884,1086,1484,0,190
1885,1090,1486,0,181
1886,1090,1484,0,184
1887,1090,1485,0,177
1888,1092,1481,0,168
1889,1090,1483,0,167
1890,1089,1483,0,164
1891,1087,1482,0,162
1892,1085,1480,0,157
1893,1081,1482,0,146
1894,1079,1485,0,132
1895,1078,1489,0,114
1896,1081,1490,0,113
1897,1080,1489,0,119
1898,1078,1489,0,120
1899,1076,1488,0,108
1900,1075,1490,0,91
1901,1073,1495,0,82
1902,1072,1499,0,83
1903,1070,1504,0,81
1904,1069,1506,0,88
1905,1069,1506,0,87
1906,1068,1508,0,81
1907,1069,1510,0,85
1908,1068,1515,0,83
1909,1065,1519,0,87
1910,1064,1522,0,91
1911,1065,1527,0,91
1912,1064,1528,0,87
1913,1064,1526,0,87
1914,1063,1525,0,84
1915,1064,1524,0,85
1916,1066,1524,0,82
1917,1069,1524,0,78
1918,1069,1525,0,71
1919,1066,1527,0,68
1920,1063,1533,0,70
1921,1061,1538,0,77
1922,1061,1541,0,82
1923,1064,1544,0,84
1924,1065,1550,0,95
1925,1067,1561,0,99
1926,1064,1565,0,101
1927,1063,1566,0,101
1928,1063,1566,0,101
1929,1062,1569,0,92
1930,1061,1574,0,82
1931,1065,1586,0,73
1932,1067,1590,0,68
1933,1066,1593,0,74
1934,1064,1595,0,79
1935,1063,1595,0,82
1936,1066,1600,0,83
1937,1064,1601,0,84
1938,1064,1599,0,83
1939,1061,1593,0,82
1940,1060,1599,0,74
1941,1056,1602,0,71
1942,1053,1609,0,70
1943,1048,1612,0,62
1944,1047,1617,0,55
1945,1047,1620,0,62
1946,1037,1623,0,64
1947,1032,1629,0,69
1948,1032,1636,0,68
1949,1033,1643,0,72
1950,1032,1650,0,77
1951,1030,1652,0,77
1952,1029,1650,0,72
1953,1028,1648,0,73
1954,1028,1647,0,78
1955,1028,1646,0,68
1956,1030,1644,0,71
1957,1031,1645,0,76
1958,1034,1645,0,87
1959,1036,1647,0,95
1960,1039,1653,0,105
1961,1043,1655,0,111
1962,1046,1661,0,114
1963,1049,1665,0,125
1964,1050,1671,0,133
1965,1049,1671,0,135
1966,1049,1669,0,134
1967,1048,1670,0,126
1968,1051,1677,0,117
1969,1051,1678,0,117
1970,1051,1679,0,112
1971,1053,1682,0,109
1972,1052,1687,0,109
1973,1053,1690,0,116
1974,1053,1692,0,121
1975,1052,1695,0,135
1976,1053,1700,0,131
1977,1053,1702,0,127
1978,1054,1704,0,123
1979,1056,1703,0,123
1980,1056,1702,0,124
1981,1055,1699,0,129
1982,1055,1696,0,132
1983,1055,1696,0,129
1984,1056,1695,0,115
1985,1056,1698,0,118
1986,1053,1696,0,130
1987,1053,1694,0,134
1988,1052,1692,0,144
1989,1052,1691,0,151
1990,1052,1689,0,161
1991,1055,1688,0,153
1992,1053,1687,0,153
1993,1055,1685,0,153
1994,1056,1684,0,154
1995,1056,1685,0,161
1996,1058,1685,0,163
1997,1059,1684,0,161
1998,1059,1686,0,158
1999,1063,1686,0,158
2000,1067,1686,0,160
2001,1071,1687,0,163
2002,1077,1687,0,166
2003,1078,1687,0,166
2004,1081,1687,0,156
2005,1083,1689,0,156
2006,1086,1691,0,154
2007,1089,1689,0,153
2008,1090,1692,0,155
2009,1094,1695,0,155
2010,1100,1698,0,157
2011,1102,1701,0,150
2012,1106,1705,0,150
2013,1104,1705,0,148
2014,1104,1703,0,153
2015,1109,1707,0,148
2016,1114,1708,0,155
2017,1121,1712,0,160
2018,1125,1713,0,164
2019,1131,1715,0,169
2020,1136,1716,0,171
2021,1137,1717,0,171
2022,1137,1716,0,179
2023,1140,1715,0,180
2024,1141,1715,0,178
2025,1141,1716,0,169
2026,1139,1716,0,170
2027,1143,1718,0,169
2028,1145,1719,0,169
2029,1147,1719,0,166
2030,1146,1719,0,171
2031,1144,1718,0,172
2032,1144,1717,0,170
2033,1143,1716,0,171
2034,1142,1716,0,172
2035,1142,1717,0,172
2036,1143,1719,0,174
2037,1151,1720,0,166
2038,1151,1718,0,163
2039,1152,1718,0,161
2040,1157,1719,0,160
2041,1160,1721,0,152
2042,1161,1723,0,145
2043,1163,1724,0,129
2044,1164,1727,0,125
2045,1166,1731,0,123
2046,1170,1734,0,126
2047,1171,1735,0,131
2048,1171,1735,0,130
2049,1173,1735,0,136
2050,1177,1737,0,144
2051,1180,1742,0,140
2052,1183,1745,0,145
2053,1184,1746,0,152
2054,1183,1747,0,156
2055,1183,1749,0,165
2056,1187,1747,0,182
2057,1191,1746,0,174
2058,1199,1743,0,173
2059,1201,1741,0,183
2060,1203,1739,0,189
2061,1204,1740,0,204
2062,1205,1739,0,209
2063,1207,1739,0,209
2064,1211,1741,0,206
2065,1211,1741,0,199
2066,1214,1739,0,193
2067,1220,1740,0,185
2068,1229,1745,0,175
2069,1235,1745,0,177
2070,1242,1746,0,180
2071,1246,1743,0,194
2072,1244,1741,0,204
2073,1244,1740,0,219
2074,1246,1736,0,228
2075,1244,1736,0,223
2076,1243,1737,0,212
2077,1246,1739,0,203
2078,1250,1740,0,190
2079,1251,1741,0,188
2080,1251,1742,0,184
2081,1249,1744,0,170
2082,1249,1745,0,158
2083,1251,1748,0,156
2084,1256,1753,0,159
2085,1261,1753,0,157
2086,1270,1756,0,152
2087,1277,1760,0,141
2088,1280,1759,0,141
2089,1286,1760,0,150
2090,1294,1762,0,159
2091,1301,1765,0,156
2092,1310,1763,0,164
2093,1315,1764,0,173
2094,1319,1765,0,178
2095,1321,1763,0,180
2096,1320,1765,0,177
2097,1325,1767,0,176
2098,1329,1766,0,165
2099,1333,1767,0,157
2100,1336,1766,0,148
2101,1330,1765,0,148
2102,1329,1767,0,160
2103,1330,1768,0,181
2104,1332,1767,0,184
2105,1333,1762,0,183
2106,1343,1760,0,189
2107,1346,1761,0,188
2108,1343,1762,0,177
2109,1343,1763,0,177
2110,1343,1763,0,178
2111,1343,1763,0,176
2112,1343,1763,0,174
2113,1344,1764,0,169
2114,1346,1766,0,168
2115,1350,1768,0,167
2116,1354,1768,0,165
2117,1360,1769,0,169
2118,1358,1768,0,162
2119,1359,1769,0,170
2120,1360,1769,0,175
2121,1359,1766,0,167
2122,1361,1769,0,170
2123,1363,1769,0,168
2124,1362,1768,0,168
2125,1361,1768,0,163
2126,1362,1769,0,161
2127,1364,1769,0,168
2128,1364,1765,0,175
2129,1365,1758,0,163
2130,1365,1762,0,175
2131,1363,1763,0,170
2132,1363,1764,0,164
2133,1364,1768,0,170
2134,1363,1766,0,170
2135,1363,1766,0,163
2136,1363,1771,0,162
2137,1364,1771,0,167
2138,1364,1767,0,175
2139,1364,1764,0,180
2140,1365,1763,0,185
2141,1369,1760,0,192
2142,1370,1763,0,188
2143,1367,1762,0,180
2144,1365,1764,0,181
2145,1364,1765,0,173
2146,1364,1766,0,167
2147,1364,1765,0,177
2148,1366,1763,0,181
2149,1367,1764,0,185
2150,1367,1764,0,191
2151,1367,1764,0,193
2152,1366,1763,0,187
2153,1364,1763,0,176
2154,1363,1764,0,170
2155,1363,1766,0,160
2156,1363,1769,0,167
2157,1363,1768,0,167
2158,1362,1767,0,172
2159,1361,1767,0,166
2160,1361,1769,0,159
2161,1362,1770,0,161
2162,1362,1769,0,169
2163,1362,1766,0,173
2164,1361,1765,0,177
2165,1361,1765,0,180
2166,1362,1763,0,189
2167,1364,1760,0,191
2168,1366,1759,0,194
2169,1366,1757,0,189
2170,1366,1757,0,182
2171,1365,1757,0,177
2172,1364,1760,0,171
2173,1364,1762,0,172
2174,1364,1762,0,175
2175,1363,1763,0,171
2176,1364,1764,0,171
2177,1365,1766,0,163
2178,1363,1765,0,171
2179,1361,1765,0,174
2180,1360,1764,0,175
2181,1360,1764,0,177
2182,1360,1763,0,182
2183,1361,1764,0,182
2184,1362,1763,0,183
2185,1366,1759,0,191
2186,1366,1757,0,197
2187,1370,1755,0,197
2188,1372,1754,0,196
2189,1372,1754,0,195
2190,1373,1753,0,193
2191,1374,1751,0,194
2192,1373,1752,0,192
2193,1373,1751,0,192
2194,1371,1752,0,190
2195,1369,1753,0,185
2196,1369,1753,0,189
2197,1370,1753,0,190
2198,1370,1753,0,191
2199,1369,1753,0,186
2200,1369,1753,0,187
2201,1369,1753,0,190
2202,1369,1753,0,191
2203,1369,1754,0,189
2204,1369,1754,0,184
2205,1370,1754,0,186
2206,1369,1754,0,191
2207,1369,1755,0,193
2208,1369,1755,0,195
2209,1369,1755,0,197
2210,1369,1755,0,196
2211,1370,1754,0,198
2212,1372,1754,0,201
2213,1376,1752,0,195
2214,1376,1753,0,198
2215,1375,1752,0,196
2216,1372,1751,0,194
2217,1369,1753,0,204
2218,1368,1754,0,205
2219,1372,1754,0,212
2220,1369,1754,0,197
2221,1367,1754,0,196
2222,1369,1754,0,200
2223,1371,1753,0,198
2224,1372,1754,0,206
2225,1371,1755,0,205
2226,1370,1754,0,199
2227,1370,1753,0,200
2228,1372,1751,0,191
2229,1373,1752,0,191
2230,1374,1754,0,195
2231,1375,1753,0,188
2232,1374,1755,0,199
2233,1371,1755,0,196
2234,1369,1755,0,190
2235,1371,1757,0,190
2236,1371,1759,0,195
2237,1368,1759,0,196
2238,1367,1760,0,199
2239,1369,1761,0,201
2240,1369,1761,0,199
2241,1369,1763,0,201
2242,1367,1763,0,205
2243,1370,1763,0,217
2244,1373,1761,0,223
2245,1374,1759,0,217
2246,1372,1758,0,214
2247,1371,1758,0,213
2248,1371,1758,0,215
2249,1370,1758,0,215
2250,1374,1759,0,221
2251,1377,1762,0,233
2252,1371,1760,0,223
2253,1370,1760,0,221
2254,1368,1762,0,218
2255,1366,1763,0,215
2256,1367,1765,0,229
2257,1367,1763,0,234
2258,1368,1763,0,232
2259,1373,1765,0,246
2260,1386,1765,0,255
2261,1387,1765,0,257
2262,1382,1762,0,253
2263,1374,1762,0,249
2264,1361,1760,0,233
2265,1359,1757,0,215
2266,1358,1756,0,215
2267,1364,1757,0,226
2268,1362,1757,0,231
2269,1359,1758,0,211
2270,1360,1759,0,223
2271,1358,1757,0,236
2272,1355,1756,0,230
2273,1358,1756,0,243
2274,1357,1756,0,244
2275,1356,1754,0,237
2276,1356,1755,0,237
2277,1354,1752,0,225
2278,1358,1752,0,234
2279,1356,1748,0,223
2280,1357,1749,0,216
2281,1357,1748,0,215
2282,1357,1748,0,214
2283,1358,1749,0,214
2284,1360,1751,0,215
2285,1357,1748,0,203
2286,1358,1743,0,194
2287,1362,1741,0,200
2288,1372,1742,0,208
2289,1376,1739,0,196
2290,1380,1738,0,194
2291,1382,1738,0,188
2292,1386,1739,0,184
2293,1390,1737,0,188
2294,1393,1735,0,193
2295,1395,1735,0,193
2296,1394,1736,0,195
2297,1392,1735,0,191
2298,1388,1736,0,192
2299,1387,1735,0,192
2300,1387,1736,0,197
2301,1386,1735,0,199
2302,1386,1733,0,199
2303,1385,1734,0,196
2304,1385,1734,0,196
2305,1384,1734,0,192
2306,1384,1735,0,194
2307,1383,1735,0,192
2308,1383,1736,0,192
2309,1382,1736,0,192
2310,1382,1736,0,190
2311,1382,1737,0,190
2312,1381,1738,0,192
2313,1381,1738,0,191
2314,1381,1738,0,188
2315,1381,1739,0,189
2316,1377,1742,0,178
2317,1375,1742,0,164
2318,1376,1744,0,165
2319,1375,1746,0,165
2320,1373,1747,0,162
2321,1372,1747,0,156
2322,1371,1750,0,153
2323,1371,1749,0,150
2324,1371,1750,0,153
2325,1372,1749,0,158
2326,1371,1747,0,156
2327,1371,1747,0,157
2328,1370,1747,0,163
2329,1370,1745,0,172
2330,1375,1747,0,181
2331,1371,1745,0,171
2332,1374,1743,0,168
2333,1373,1744,0,175
2334,1373,1744,0,170
2335,1377,1742,0,178
2336,1379,1741,0,189
2337,1381,1739,0,193
2338,1380,1739,0,196
2339,1381,1740,0,190
2340,1380,1740,0,187
2341,1379,1740,0,179
2342,1380,1739,0,184
2343,1381,1739,0,187
2344,1381,1739,0,185
2345,1380,1740,0,184
2346,1380,1740,0,183
2347,1380,1740,0,182
2348,1379,1740,0,181
2349,1377,1740,0,175
2350,1374,1742,0,167
2351,1374,1743,0,161
2352,1375,1742,0,167
2353,1379,1742,0,174
2354,1381,1741,0,182
2355,1381,1741,0,184
2356,1380,1741,0,177
2357,1380,1741,0,177
2358,1378,1741,0,169
2359,1379,1744,0,172
2360,1379,1742,0,166
2361,1383,1742,0,171
2362,1383,1741,0,168
2363,1382,1745,0,172
2364,1385,1743,0,166
2365,1395,1735,0,172
2366,1396,1734,0,175
2367,1400,1733,0,176
2368,1402,1732,0,181
2369,1400,1735,0,182
2370,1396,1739,0,193
2371,1396,1737,0,198
2372,1397,1736,0,204
2373,1398,1734,0,204
2374,1398,1734,0,205
2375,1399,1734,0,199
2376,1398,1734,0,204
2377,1398,1733,0,209
2378,1400,1733,0,207
2379,1403,1733,0,215
2380,1406,1730,0,215
2381,1406,1727,0,213
2382,1406,1726,0,215
2383,1404,1726,0,211
2384,1407,1728,0,214
2385,1406,1727,0,202
2386,1406,1726,0,202
2387,1405,1727,0,200
2388,1403,1727,0,209
2389,1404,1727,0,212
2390,1404,1727,0,215
2391,1405,1725,0,214
2392,1406,1725,0,218
2393,1405,1723,0,222
2394,1407,1723,0,224
2395,1407,1721,0,223
2396,1407,1723,0,217
2397,1412,1722,0,211
2398,1417,1719,0,212
2399,1421,1716,0,206
2400,1423,1715,0,205
2401,1432,1713,0,205
2402,1437,1710,0,198
2403,1435,1704,0,195
2404,1440,1702,0,190
2405,1443,1701,0,188
2406,1445,1700,0,188
2407,1448,1699,0,189
2408,1451,1699,0,187
2409,1451,1701,0,188
2410,1450,1701,0,180
2411,1452,1702,0,184
2412,1453,1704,0,182
2413,1454,1704,0,183
2414,1455,1704,0,181
2415,1455,1704,0,186
2416,1454,1704,0,186
2417,1452,1704,0,187
2418,1450,1699,0,192
2419,1453,1694,0,206
2420,1453,1692,0,209
2421,1458,1688,0,214
2422,1461,1685,0,214
2423,1463,1682,0,220
2424,1465,1681,0,222
2425,1466,1678,0,222
2426,1467,1676,0,219
2427,1469,1676,0,215
2428,1472,1675,0,219
2429,1476,1673,0,225
2430,1479,1675,0,230
2431,1478,1675,0,226
2432,1479,1673,0,231
2433,1475,1674,0,219
2434,1475,1672,0,212
2435,1475,1671,0,208
2436,1479,1670,0,210
2437,1481,1667,0,214
2438,1485,1665,0,216
2439,1488,1662,0,214
2440,1490,1660,0,214
2441,1490,1657,0,212
2442,1486,1658,0,210
2443,1483,1656,0,215
2444,1484,1652,0,235
2445,1483,1649,0,239
2446,1484,1647,0,244
2447,1482,1647,0,240
2448,1481,1648,0,231
2449,1481,1649,0,222
2450,1480,1659,0,221
2451,1484,1670,0,240
2452,1487,1679,0,238
2453,1490,1685,0,241
2454,1490,1687,0,247
2455,1489,1681,0,247
2456,1489,1681,0,251
2457,1489,1680,0,251
2458,1489,1678,0,247
2459,1487,1673,0,244
2460,1486,1667,0,237
2461,1485,1662,0,233
2462,1485,1657,0,229
2463,1487,1654,0,236
2464,1489,1649,0,233
2465,1492,1650,0,231
2466,1492,1648,0,233
2467,1493,1644,0,230
2468,1495,1643,0,229
2469,1497,1641,0,226
2470,1500,1643,0,218
2471,1501,1643,0,217
2472,1499,1645,0,211
2473,1498,1645,0,205
2474,1498,1644,0,202
2475,1498,1644,0,207
2476,1497,1642,0,204
2477,1499,1641,0,219
2478,1500,1640,0,226
2479,1500,1640,0,231
2480,1500,1635,0,233
2481,1500,1635,0,239
2482,1498,1634,0,256
2483,1495,1631,0,260
2485,1491,1628,0,270
2486,1486,1628,0,276
2487,1484,1628,0,282
2488,1478,1627,0,287
2489,1476,1624,0,292
2490,1475,1618,0,292
2491,1471,1615,0,295
2492,1472,1612,0,293
2493,1470,1609,0,285
2494,1470,1606,0,284
2495,1468,1602,0,278
2496,1468,1591,0,275
2497,1469,1583,0,276
2498,1468,1576,0,274
2499,1468,1576,0,273
2500,1471,1575,0,274
2501,1471,1575,0,263
2502,1472,1575,0,260
2503,1471,1575,0,261
2504,1469,1574,0,265
2505,1467,1572,0,262
2506,1464,1572,0,257
2507,1462,1567,0,261
2508,1461,1562,0,255
2509,1459,1562,0,257
2510,1461,1561,0,251
2511,1466,1556,0,237
2512,1471,1552,0,234
2513,1475,1547,0,239
2514,1477,1547,0,231
2515,1480,1545,0,226
2516,1482,1550,0,223
2517,1485,1556,0,230
2518,1487,1558,0,237
2519,1488,1556,0,238
2520,1490,1556,0,251
2521,1495,1556,0,259
2522,1496,1555,0,253
2523,1497,1553,0,248
2524,1501,1550,0,244
2525,1508,1544,0,236
2526,1509,1541,0,233
2527,1512,1535,0,234
2528,1515,1530,0,230
2529,1518,1525,0,229
2530,1519,1524,0,230
2531,1520,1523,0,234
2532,1519,1525,0,230
2533,1519,1526,0,234
2534,1520,1530,0,240
2535,1519,1532,0,244
2536,1518,1535,0,245
2537,1513,1538,0,239
2538,1512,1542,0,237
2539,1512,1545,0,235
2540,1513,1545,0,235
2541,1512,1546,0,226
2542,1510,1546,0,208
2543,1512,1546,0,201
2544,1512,1548,0,196
2545,1512,1549,0,186
2546,1512,1552,0,179
2547,1515,1555,0,178
2548,1521,1561,0,172
2549,1524,1560,0,171
2550,1530,1564,0,176
2551,1533,1566,0,182
2552,1536,1565,0,184
2553,1537,1565,0,187
2554,1539,1565,0,185
2555,1544,1562,0,188
2556,1550,1560,0,197
2557,1562,1560,0,209
2558,1562,1563,0,211
2559,1557,1567,0,216
2560,1559,1580,0,214
2561,1557,1579,0,224
2562,1559,1582,0,224
2563,1559,1582,0,226
2564,1557,1580,0,212
2565,1559,1574,0,227
2566,1556,1574,0,226
2567,1556,1571,0,212
2568,1565,1565,0,216
2569,1568,1559,0,213
2570,1575,1554,0,210
2571,1581,1551,0,213
2572,1579,1549,0,206
2573,1575,1554,0,208
2574,1572,1553,0,209
2575,1575,1553,0,211
2576,1580,1553,0,214
2577,1577,1554,0,210
2578,1571,1552,0,205
2579,1565,1557,0,205
2580,1562,1557,0,204
2581,1562,1558,0,197
2582,1561,1557,0,199
2583,1562,1559,0,202
2584,1561,1559,0,200
2585,1560,1559,0,199
2586,1560,1559,0,198
2587,1561,1558,0,205
2588,1561,1557,0,206
2589,1560,1558,0,202
2590,1561,1562,0,203
2591,1563,1563,0,207
2592,1563,1567,0,209
2593,1562,1571,0,205
2594,1563,1573,0,206
2595,1566,1572,0,200
2596,1569,1571,0,200
2597,1569,1572,0,200
2598,1570,1572,0,198
2599,1571,1571,0,195
2600,1574,1569,0,197
2601,1574,1569,0,200
2602,1577,1566,0,204
2603,1578,1565,0,202
2604,1580,1567,0,205
2605,1584,1565,0,191
2606,1586,1566,0,183
2607,1590,1569,0,169
2608,1597,1576,0,139
2609,1598,1580,0,127
2610,1599,1582,0,128
2611,1603,1584,0,135
2612,1607,1589,0,129
2613,1607,1591,0,121
2614,1608,1592,0,119
2615,1608,1591,0,120
2616,1609,1592,0,117
2617,1615,1593,0,92
2618,1616,1593,0,88
2619,1615,1593,0,84
2620,1616,1592,0,91
2621,1619,1592,0,86
2622,1619,1591,0,73
2623,1619,1591,0,74
2624,1620,1590,0,66
2625,1622,1588,0,65
2626,1621,1587,0,68
2627,1621,1587,0,69
2628,1617,1588,0,78
2629,1614,1592,0,79
2630,1616,1590,0,69
2631,1616,1589,0,59
2632,1617,1589,0,53
2633,1617,1588,0,55
2634,1622,1582,0,40
2635,1618,1579,0,32
2636,1617,1576,0,20
2637,1615,1575,0,15
2638,1623,1572,0,16
2639,1620,1570,0,10
2640,1625,1569,0,1
2641,1623,1563,0,3
2642,1622,1561,0,355
2643,1621,1559,0,351
2644,1620,1558,0,342
2645,1619,1556,0,345
2646,1619,1555,0,347
2647,1616,1552,0,343
2648,1613,1552,0,335
2649,1608,1548,0,328
2650,1607,1547,0,322
2651,1605,1549,0,324
2652,1606,1546,0,325
2653,1606,1546,0,321
2654,1605,1548,0,323
2655,1606,1548,0,328
2656,1607,1548,0,326
2657,1607,1547,0,329
2658,1606,1549,0,328
2659,1606,1546,0,327
2660,1605,1547,0,326
2661,1605,1549,0,321
2662,1608,1548,0,326
2663,1612,1547,0,331
2664,1614,1547,0,338
2665,1614,1548,0,346
2666,1610,1549,0,347
2667,1608,1550,0,331
2668,1606,1551,0,333
2669,1608,1549,0,322
2670,1608,1547,0,317
2671,1606,1548,0,314
2672,1607,1543,0,318
2673,1611,1540,0,317
2674,1610,1538,0,319
2675,1612,1536,0,326
2676,1614,1535,0,326
2677,1617,1536,0,331
2678,1617,1535,0,332
2679,1615,1536,0,328
2680,1615,1536,0,332
2681,1619,1538,0,333
2682,1619,1539,0,336
2683,1617,1537,0,339
2684,1616,1537,0,335
2685,1616,1537,0,333
2686,1616,1537,0,332
2687,1616,1537,0,334
2688,1616,1536,0,333
2689,1613,1534,0,336
2690,1613,1534,0,337
2691,1613,1535,0,338
2692,1611,1535,0,336
2693,1610,1531,0,336
2694,1610,1530,0,340
2695,1610,1532,0,340
2696,1612,1536,0,345
2697,1613,1535,0,343
2698,1611,1533,0,342
2699,1610,1534,0,338
2700,1610,1535,0,335
2701,1609,1535,0,335
2702,1605,1537,0,328
2703,1603,1541,0,316
2704,1603,1548,0,319
2705,1603,1548,0,327
2706,1602,1550,0,323
2707,1600,1550,0,309
2708,1591,1546,0,286
2709,1584,1545,0,267
2710,1573,1542,0,246
2711,1568,1535,0,230
2712,1563,1530,0,207
2713,1560,1530,0,212
2714,1560,1527,0,204
2715,1555,1518,0,192
2716,1555,1511,0,171
2717,1559,1508,0,168
2718,1564,1505,0,155
2719,1565,1493,0,145
2720,1567,1484,0,128
2744,1666,1295,0,183
2745,1660,1302,0,180
2751,1654,1308,0,216
2752,1653,1308,0,213
2753,1652,1310,0,196
2754,1654,1309,0,198
2755,1653,1310,0,201
2756,1654,1309,0,202
2757,1653,1309,0,209
2758,1653,1309,0,205
2759,1653,1308,0,206
2760,1653,1309,0,202
2761,1651,1309,0,196
2762,1651,1308,0,209
2763,1652,1308,0,209
2764,1650,1307,0,205
2772,1655,1303,0,198
2773,1653,1305,0,205
2774,1653,1306,0,200
2775,1653,1306,0,208
2776,1653,1306,0,217
2777,1653,1305,0,222
2778,1652,1304,0,220
2779,1652,1305,0,217
2780,1652,1305,0,216
2781,1652,1305,0,219
2782,1652,1305,0,213
2783,1652,1305,0,210
2785,1652,1307,0,198
2786,1653,1305,0,213
2787,1654,1304,0,209
2788,1653,1305,0,200
2789,1652,1308,0,175
2790,1655,1307,0,213
2791,1656,1306,0,204
2792,1655,1306,0,209
2807,1621,1507,0,226
2808,1621,1503,0,222
2809,1620,1501,0,217
2810,1622,1500,0,220
2811,1623,1500,0,219
2812,1623,1501,0,219
2813,1624,1499,0,226
2814,1624,1499,0,228
2815,1624,1500,0,218
2816,1624,1503,0,205
2817,1625,1505,0,213
2818,1622,1508,0,210
2819,1619,1510,0,208
2820,1619,1515,0,206
2821,1618,1519,0,215
2822,1619,1518,0,223
2823,1614,1521,0,219
2824,1611,1520,0,204
2825,1610,1521,0,198
2826,1611,1525,0,190
2827,1617,1532,0,214
2828,1613,1533,0,208
2829,1610,1529,0,169
2830,1612,1531,0,156
2831,1615,1534,0,159
2832,1617,1534,0,164
2833,1613,1533,0,156
2834,1614,1538,0,135
2835,1610,1532,0,151
2836,1612,1530,0,180
2837,1617,1530,0,187
2838,1621,1530,0,183
2839,1619,1528,0,203
2840,1623,1528,0,216
2841,1623,1525,0,221
2842,1623,1525,0,222
2843,1623,1527,0,230
2844,1622,1529,0,235
2845,1621,1529,0,231
2846,1621,1529,0,228
2847,1621,1530,0,230
2848,1622,1530,0,232
2849,1621,1529,0,229
2850,1620,1529,0,227
2851,1620,1529,0,229
2852,1619,1530,0,225
2853,1620,1530,0,227
2854,1619,1530,0,228
2855,1620,1530,0,229
2856,1621,1531,0,231
2857,1621,1531,0,232
2858,1620,1531,0,230
2859,1620,1530,0,228
2860,1621,1530,0,226
2861,1620,1529,0,227
2862,1620,1529,0,226
2863,1621,1528,0,226
2864,1620,1528,0,226
2865,1621,1527,0,226
2866,1621,1526,0,227
2867,1621,1526,0,226
2868,1622,1526,0,226
2869,1622,1525,0,224
2870,1622,1525,0,230
2871,1621,1525,0,229
2872,1621,1525,0,227
2873,1621,1524,0,226
2874,1622,1524,0,225
2875,1624,1524,0,229
2876,1625,1523,0,230
2877,1625,1522,0,230
2878,1625,1522,0,234
2879,1626,1520,0,234
2880,1626,1519,0,233
2881,1628,1516,0,231
2882,1630,1514,0,226
2883,1634,1513,0,225
2884,1636,1510,0,223
2885,1638,1506,0,215
2886,1642,1505,0,217
2887,1646,1500,0,221
2888,1648,1495,0,215
2889,1657,1487,0,220
2890,1661,1488,0,215
2891,1663,1486,0,202
2892,1669,1480,0,200
2893,1675,1478,0,205
2894,1677,1475,0,207
2895,1678,1476,0,206
2896,1679,1476,0,200
2897,1678,1478,0,204
2898,1677,1478,0,221
2899,1675,1477,0,226
2900,1670,1474,0,242
2901,1668,1474,0,251
2902,1667,1471,0,262
2903,1665,1470,0,266
2904,1665,1468,0,267
2905,1664,1469,0,262
2906,1663,1468,0,259
2907,1662,1467,0,262
2908,1663,1467,0,257
2909,1662,1467,0,253
2910,1667,1467,0,240
2911,1670,1466,0,230
2912,1672,1467,0,222
2913,1674,1467,0,222
2914,1676,1467,0,221
2915,1678,1467,0,220
2916,1678,1469,0,215
2917,1678,1471,0,210
2918,1680,1473,0,201
2919,1681,1476,0,191
2920,1683,1478,0,197
2921,1688,1478,0,190
2922,1690,1478,0,184
2923,1695,1486,0,216
2924,1694,1483,0,215
2925,1696,1480,0,206
2926,1696,1474,0,204
2927,1698,1469,0,208
2928,1706,1466,0,222
2929,1710,1466,0,218
2930,1713,1464,0,223
2931,1712,1464,0,231
2932,1709,1464,0,241
2933,1708,1466,0,244
2934,1706,1466,0,244
2935,1707,1465,0,237
2936,1708,1464,0,230
2937,1714,1458,0,229
2938,1714,1454,0,222
2939,1716,1450,0,223
2940,1716,1445,0,220
2941,1713,1441,0,225
2942,1711,1440,0,233
2943,1708,1439,0,236
2944,1708,1441,0,234
2945,1709,1443,0,233
2946,1709,1443,0,234
2947,1710,1444,0,233
2948,1711,1445,0,233
2949,1711,1445,0,234
2950,1711,1445,0,234
2951,1711,1445,0,235
2952,1711,1445,0,234
2953,1711,1445,0,236
2954,1711,1445,0,237
2955,1712,1445,0,240
2956,1712,1445,0,243
2957,1712,1444,0,246
2958,1713,1444,0,247
2959,1713,1444,0,249
2960,1713,1443,0,251
2961,1713,1443,0,253
2962,1713,1442,0,256
2963,1714,1442,0,258
2964,1714,1441,0,258
2965,1713,1441,0,251
2966,1714,1441,0,246
2967,1719,1441,0,247
2968,1723,1437,0,255
2969,1725,1433,0,253
2970,1727,1427,0,244
2971,1729,1421,0,242
2972,1736,1418,0,234
2973,1737,1418,0,235
2974,1735,1421,0,240
2975,1734,1421,0,235
2976,1735,1422,0,232
2977,1740,1421,0,227
2978,1746,1423,0,211
2979,1747,1422,0,202
2980,1747,1420,0,204
2981,1747,1421,0,207
2982,1751,1423,0,212
2983,1750,1422,0,210
2984,1751,1419,0,205
2985,1757,1416,0,203
2986,1758,1416,0,200
2987,1756,1417,0,193
2988,1756,1419,0,196
2989,1760,1419,0,191
2990,1765,1421,0,190
2991,1767,1422,0,185
2992,1768,1422,0,189
2993,1768,1423,0,187
2994,1773,1420,0,188
2995,1773,1421,0,185
2996,1775,1419,0,189
2997,1775,1415,0,187
2998,1774,1416,0,188
2999,1773,1419,0,198
