0,1225,1682,0,108
1,1226,1683,0,107
2,1228,1682,0,113
3,1228,1682,0,112
4,1228,1679,0,110
5,1229,1678,0,112
6,1231,1677,0,109
7,1234,1675,0,104
8,1235,1674,0,106
9,1237,1668,0,118
10,1241,1668,0,109
11,1245,1670,0,98
12,1248,1673,0,86
13,1249,1674,0,86
14,1248,1676,0,87
15,1247,1678,0,87
16,1246,1681,0,89
17,1246,1683,0,97
18,1245,1685,0,94
19,1244,1687,0,99
21,1245,1688,0,101
22,1245,1688,0,103
23,1243,1683,0,101
24,1244,1678,0,95
25,1241,1672,0,96
26,1243,1671,0,93
27,1242,1674,0,81
28,1240,1678,0,80
29,1237,1681,0,80
30,1236,1680,0,87
31,1235,1680,0,89
32,1235,1679,0,92
33,1236,1677,0,99
34,1236,1676,0,105
35,1235,1679,0,105
36,1236,1680,0,108
37,1237,1679,0,107
38,1237,1675,0,113
39,1236,1671,0,108
40,1234,1668,0,108
41,1235,1666,0,102
42,1235,1669,0,98
43,1235,1669,0,99
44,1235,1670,0,102
45,1235,1672,0,100
46,1234,1672,0,101
47,1233,1671,0,95
48,1232,1675,0,96
49,1233,1675,0,96
50,1234,1675,0,96
51,1235,1678,0,87
52,1236,1679,0,88
53,1237,1677,0,97
54,1238,1674,0,108
55,1238,1673,0,111
56,1239,1673,0,106
57,1242,1671,0,116
58,1245,1670,0,124
59,1248,1668,0,135
60,1253,1666,0,146
61,1252,1664,0,155
62,1255,1663,0,160
63,1253,1662,0,178
64,1251,1659,0,194
67,1241,1650,0,243
68,1243,1644,0,213
69,1242,1640,0,200
70,1240,1637,0,211
71,1240,1635,0,214
72,1239,1634,0,203
73,1238,1634,0,203
74,1238,1638,0,193
75,1238,1638,0,195
76,1237,1638,0,194
77,1233,1636,0,199
78,1230,1636,0,204
79,1229,1635,0,204
80,1229,1633,0,199
81,1227,1634,0,204
82,1226,1634,0,210
83,1225,1635,0,211
84,1224,1635,0,211
85,1223,1635,0,205
86,1222,1634,0,205
87,1222,1634,0,205
88,1221,1633,0,199
89,1221,1634,0,204
90,1221,1633,0,204
91,1221,1633,0,201
92,1220,1633,0,203
93,1220,1633,0,201
94,1219,1633,0,199
95,1220,1633,0,200
96,1220,1633,0,201
97,1220,1634,0,199
98,1219,1634,0,196
99,1220,1634,0,197
100,1219,1633,0,199
101,1219,1633,0,197
102,1219,1632,0,200
103,1220,1632,0,202
104,1220,1632,0,202
105,1220,1632,0,200
106,1220,1631,0,195
107,1221,1631,0,196
108,1219,1631,0,197
109,1219,1631,0,197
110,1219,1631,0,198
111,1219,1631,0,197
112,1219,1630,0,197
113,1219,1630,0,198
114,1219,1630,0,198
115,1219,1630,0,197
116,1219,1630,0,197
117,1219,1630,0,198
118,1220,1631,0,195
119,1220,1631,0,195
120,1220,1631,0,194
121,1220,1631,0,197
122,1220,1631,0,195
123,1220,1631,0,193
124,1220,1631,0,193
125,1220,1631,0,193
126,1220,1631,0,192
127,1220,1632,0,194
128,1220,1631,0,193
129,1220,1631,0,193
130,1220,1632,0,192
131,1220,1632,0,195
132,1220,1632,0,195
133,1220,1632,0,198
134,1221,1631,0,193
135,1220,1632,0,195
136,1220,1632,0,195
137,1220,1632,0,196
138,1221,1633,0,193
139,1220,1633,0,191
140,1220,1633,0,194
141,1220,1633,0,194
142,1220,1633,0,195
143,1221,1633,0,193
144,1220,1633,0,192
145,1220,1633,0,193
146,1220,1633,0,192
147,1220,1633,0,192
148,1220,1633,0,192
149,1221,1633,0,192
150,1220,1633,0,197
151,1221,1633,0,193
152,1221,1634,0,193
153,1221,1633,0,192
154,1221,1633,0,194
155,1221,1633,0,192
156,1221,1633,0,194
157,1221,1632,0,195
158,1221,1633,0,191
159,1221,1633,0,190
160,1221,1633,0,193
161,1221,1633,0,193
162,1222,1632,0,192
163,1222,1632,0,192
164,1222,1633,0,192
165,1223,1633,0,193
166,1222,1632,0,197
167,1222,1632,0,196
168,1222,1632,0,197
169,1222,1631,0,195
170,1223,1631,0,201
171,1223,1630,0,201
172,1222,1630,0,205
173,1222,1629,0,211
174,1223,1628,0,209
175,1223,1628,0,208
176,1225,1628,0,219
177,1228,1627,0,226
178,1227,1626,0,233
179,1229,1624,0,239
180,1233,1622,0,252
181,1235,1617,0,258
182,1235,1615,0,260
183,1237,1609,0,269
184,1240,1607,0,279
185,1239,1608,0,278
186,1238,1610,0,270
187,1237,1609,0,267
188,1236,1609,0,263
189,1236,1608,0,256
190,1235,1608,0,253
191,1238,1608,0,247
192,1244,1606,0,240
193,1246,1605,0,234
194,1248,1603,0,229
195,1252,1602,0,219
196,1254,1600,0,216
197,1257,1598,0,217
198,1256,1597,0,224
199,1257,1594,0,238
200,1258,1592,0,243
201,1262,1592,0,245
202,1264,1582,0,252
203,1271,1571,0,252
204,1276,1569,0,251
205,1280,1567,0,253
206,1281,1561,0,256
207,1283,1554,0,263
208,1282,1547,0,262
209,1283,1543,0,265
210,1286,1540,0,266
211,1284,1540,0,264
212,1287,1536,0,259
213,1287,1532,0,259
214,1290,1529,0,250
215,1292,1525,0,249
216,1295,1526,0,247
217,1297,1525,0,247
218,1301,1524,0,243
219,1308,1522,0,250
220,1314,1521,0,261
221,1317,1520,0,257
222,1322,1526,0,247
223,1320,1522,0,233
224,1321,1520,0,228
225,1318,1516,0,226
226,1314,1524,0,230
227,1308,1523,0,232
228,1304,1526,0,252
229,1298,1526,0,277
230,1298,1516,0,304
231,1298,1517,0,309
232,1296,1516,0,319
233,1298,1511,0,326
234,1301,1504,0,325
235,1297,1497,0,323
236,1295,1494,0,316
237,1292,1490,0,315
238,1290,1489,0,316
239,1289,1488,0,314
240,1287,1484,0,307
241,1282,1478,0,302
242,1282,1476,0,301
243,1285,1475,0,299
244,1282,1472,0,305
245,1284,1467,0,314
246,1281,1462,0,310
247,1281,1456,0,312
248,1279,1453,0,305
249,1278,1454,0,295
250,1277,1449,0,289
251,1277,1442,0,284
252,1277,1438,0,277
253,1281,1434,0,263
254,1283,1429,0,260
255,1283,1426,0,260
256,1286,1422,0,253
257,1291,1409,0,257
258,1291,1405,0,249
259,1291,1403,0,242
260,1295,1402,0,229
261,1299,1394,0,220
262,1303,1389,0,214
263,1311,1379,0,209
264,1319,1382,0,212
265,1329,1378,0,214
266,1337,1374,0,213
267,1341,1370,0,201
268,1348,1368,0,181
269,1354,1362,0,161
270,1362,1367,0,168
271,1367,1368,0,157
272,1369,1370,0,152
273,1372,1371,0,137
274,1369,1376,0,135
275,1372,1380,0,132
276,1374,1382,0,126
277,1374,1383,0,112
278,1376,1383,0,111
279,1378,1386,0,119
280,1383,1390,0,130
281,1386,1395,0,117
282,1388,1400,0,103
283,1387,1405,0,100
284,1388,1416,0,79
285,1390,1415,0,92
286,1390,1417,0,93
287,1393,1417,0,93
288,1386,1418,0,105
289,1387,1408,0,103
290,1390,1411,0,111
291,1395,1414,0,118
292,1398,1416,0,123
293,1403,1417,0,127
294,1405,1421,0,125
295,1409,1427,0,119
296,1409,1428,0,131
297,1414,1428,0,145
298,1422,1426,0,149
299,1428,1428,0,148
300,1428,1432,0,143
301,1427,1432,0,142
302,1432,1435,0,145
303,1435,1437,0,148
304,1436,1437,0,147
305,1437,1437,0,138
306,1441,1442,0,141
307,1442,1445,0,136
308,1442,1448,0,127
309,1442,1450,0,125
310,1443,1451,0,131
311,1439,1453,0,132
312,1436,1456,0,139
313,1437,1456,0,136
314,1436,1459,0,137
315,1433,1464,0,142
316,1431,1462,0,144
317,1439,1462,0,139
318,1442,1462,0,118
319,1443,1468,0,112
320,1443,1473,0,108
321,1445,1477,0,116
322,1449,1485,0,114
323,1450,1487,0,110
324,1455,1490,0,112
325,1460,1501,0,112
326,1462,1511,0,109
327,1462,1521,0,113
328,1463,1524,0,109
329,1465,1524,0,117
330,1470,1521,0,133
331,1475,1523,0,139
332,1479,1522,0,142
333,1486,1522,0,151
334,1490,1523,0,153
335,1500,1527,0,142
336,1509,1532,0,138
337,1517,1535,0,141
338,1525,1538,0,143
339,1531,1543,0,151
340,1538,1548,0,156
341,1545,1555,0,141
342,1550,1561,0,136
343,1562,1561,0,109
344,1565,1563,0,103
345,1567,1570,0,108
346,1568,1576,0,109
347,1569,1583,0,109
348,1577,1586,0,105
349,1578,1589,0,105
350,1584,1600,0,122
351,1587,1601,0,125
352,1592,1602,0,136
353,1598,1605,0,139
354,1603,1608,0,142
355,1610,1609,0,142
356,1611,1614,0,138
357,1611,1618,0,138
358,1611,1620,0,136
359,1611,1620,0,140
360,1611,1617,0,143
361,1614,1616,0,165
362,1617,1616,0,164
363,1617,1618,0,155
364,1618,1622,0,145
365,1625,1628,0,140
366,1631,1633,0,135
367,1634,1636,0,128
368,1632,1640,0,119
369,1629,1643,0,90
370,1625,1645,0,90
371,1623,1651,0,86
372,1617,1653,0,72
373,1612,1653,0,66
374,1609,1649,0,53
375,1617,1643,0,54
376,1612,1639,0,42
377,1610,1640,0,46
378,1608,1638,0,44
379,1609,1634,0,36
380,1607,1628,0,17
381,1606,1627,0,7
382,1604,1626,0,7
383,1602,1624,0,356
384,1596,1621,0,350
385,1586,1617,0,347
386,1582,1614,0,344
387,1577,1615,0,342
388,1571,1614,0,342
389,1566,1608,0,338
390,1560,1606,0,341
391,1551,1602,0,342
392,1549,1601,0,341
393,1542,1600,0,341
394,1536,1599,0,348
395,1533,1600,0,344
396,1526,1607,0,0
397,1515,1601,0,1
398,1505,1600,0,5
399,1496,1598,0,9
400,1488,1603,0,14
401,1484,1607,0,19
402,1481,1618,0,42
403,1478,1625,0,55
404,1483,1637,0,65
405,1477,1639,0,66
406,1477,1641,0,71
407,1479,1650,0,80
408,1477,1658,0,81
409,1480,1670,0,81
410,1480,1674,0,82
411,1481,1681,0,87
412,1480,1684,0,86
413,1477,1693,0,86
414,1482,1699,0,82
415,1482,1700,0,81
416,1480,1700,0,80
417,1480,1700,0,79
418,1479,1705,0,78
419,1480,1702,0,83
420,1479,1700,0,83
421,1476,1700,0,71
422,1470,1705,0,63
423,1465,1708,0,62
424,1457,1708,0,58
425,1455,1708,0,57
426,1454,1713,0,60
427,1453,1712,0,59
428,1449,1715,0,60
429,1445,1719,0,61
430,1442,1726,0,62
431,1439,1730,0,64
432,1437,1736,0,71
433,1431,1737,0,75
434,1429,1741,0,77
435,1429,1743,0,76
436,1427,1743,0,73
437,1424,1746,0,74
438,1421,1750,0,75
439,1421,1753,0,74
440,1424,1756,0,67
441,1423,1760,0,67
442,1425,1757,0,64
443,1421,1760,0,63
444,1421,1766,0,63
445,1417,1772,0,68
446,1415,1781,0,67
447,1412,1787,0,72
448,1411,1794,0,74
449,1408,1806,0,65
450,1404,1810,0,56
451,1402,1813,0,39
452,1398,1812,0,25
453,1392,1817,0,29
454,1385,1811,0,28
455,1382,1809,0,17
456,1385,1809,0,356
457,1382,1805,0,346
458,1387,1797,0,339
459,1390,1794,0,323
460,1392,1786,0,311
461,1393,1789,0,292
462,1400,1791,0,272
463,1406,1786,0,276
464,1411,1783,0,269
465,1409,1780,0,274
466,1410,1774,0,266
467,1415,1764,0,261
468,1418,1760,0,257
469,1427,1749,0,237
470,1430,1749,0,227
471,1436,1742,0,228
472,1442,1731,0,238
473,1450,1718,0,235
474,1452,1710,0,224
475,1458,1704,0,224
476,1463,1697,0,229
477,1466,1687,0,250
478,1470,1676,0,248
479,1473,1669,0,256
480,1470,1656,0,263
481,1471,1644,0,265
482,1473,1639,0,265
483,1471,1634,0,261
484,1473,1626,0,265
485,1470,1624,0,266
486,1469,1624,0,271
487,1467,1624,0,279
488,1465,1627,0,285
489,1467,1632,0,284
490,1466,1631,0,286
491,1465,1630,0,288
492,1466,1630,0,289
493,1465,1630,0,290
494,1464,1629,0,289
495,1465,1631,0,284
496,1465,1632,0,283
497,1465,1632,0,280
498,1464,1632,0,280
499,1465,1628,0,278
500,1466,1622,0,277
501,1465,1618,0,277
502,1464,1618,0,278
503,1462,1620,0,276
504,1462,1622,0,279
505,1462,1623,0,281
506,1461,1624,0,282
507,1461,1621,0,280
508,1468,1614,0,271
509,1466,1611,0,275
510,1469,1605,0,282
511,1467,1601,0,280
512,1465,1601,0,286
513,1464,1601,0,288
514,1463,1601,0,289
515,1462,1601,0,294
516,1459,1600,0,304
517,1454,1598,0,310
518,1450,1595,0,324
519,1448,1592,0,331
520,1446,1590,0,330
521,1445,1589,0,329
522,1444,1588,0,326
523,1443,1588,0,325
524,1442,1586,0,326
525,1439,1591,0,321
526,1438,1593,0,318
527,1438,1596,0,317
528,1438,1595,0,317
529,1438,1597,0,315
530,1440,1598,0,317
531,1439,1597,0,322
532,1439,1598,0,325
533,1438,1599,0,318
534,1439,1599,0,320
535,1439,1598,0,324
536,1439,1598,0,327
537,1440,1595,0,325
538,1439,1597,0,319
539,1437,1597,0,319
540,1434,1597,0,319
541,1432,1598,0,310
542,1434,1595,0,312
543,1434,1594,0,309
544,1432,1592,0,305
545,1431,1591,0,301
546,1430,1587,0,297
547,1429,1584,0,292
548,1431,1575,0,288
549,1429,1571,0,286
550,1429,1565,0,282
551,1429,1562,0,278
552,1429,1558,0,275
553,1428,1556,0,278
554,1428,1552,0,278
555,1427,1548,0,282
556,1429,1544,0,281
557,1430,1537,0,279
558,1429,1534,0,277
559,1429,1532,0,277
560,1428,1527,0,277
561,1428,1526,0,283
562,1425,1523,0,285
563,1423,1517,0,292
564,1423,1509,0,295
565,1420,1502,0,301
566,1418,1496,0,298
567,1419,1490,0,293
568,1418,1481,0,294
569,1413,1474,0,288
570,1418,1471,0,285
571,1419,1467,0,284
572,1418,1470,0,286
573,1415,1469,0,296
574,1416,1464,0,296
575,1420,1461,0,284
576,1419,1459,0,285
577,1421,1453,0,278
578,1423,1452,0,275
579,1425,1454,0,274
580,1428,1454,0,276
581,1430,1453,0,270
582,1434,1449,0,264
583,1436,1444,0,263
584,1442,1444,0,257
585,1447,1444,0,251
586,1450,1445,0,236
587,1448,1444,0,235
588,1440,1447,0,226
589,1434,1451,0,239
590,1431,1446,0,229
591,1430,1444,0,229
592,1434,1434,0,207
593,1447,1430,0,200
594,1455,1431,0,206
595,1463,1435,0,202
596,1467,1443,0,197
597,1473,1447,0,194
598,1478,1449,0,182
599,1483,1448,0,194
600,1490,1451,0,179
601,1501,1452,0,173
602,1507,1449,0,184
603,1511,1449,0,189
604,1514,1448,0,190
605,1526,1448,0,186
606,1531,1450,0,195
607,1532,1450,0,196
608,1534,1451,0,201
609,1537,1452,0,190
610,1546,1456,0,178
611,1551,1455,0,174
612,1553,1455,0,176
613,1556,1455,0,180
614,1558,1451,0,188
615,1564,1449,0,215
616,1563,1448,0,214
617,1563,1445,0,214
618,1566,1445,0,215
619,1573,1444,0,203
620,1578,1442,0,199
621,1586,1439,0,200
622,1591,1438,0,198
623,1593,1440,0,199
624,1598,1441,0,208
625,1597,1439,0,204
626,1594,1440,0,209
627,1596,1438,0,218
628,1595,1437,0,215
629,1592,1435,0,210
630,1590,1436,0,209
631,1587,1437,0,204
632,1584,1439,0,204
633,1584,1444,0,214
634,1584,1448,0,223
635,1585,1452,0,226
636,1583,1451,0,230
637,1583,1452,0,228
638,1583,1452,0,232
639,1584,1453,0,237
640,1583,1453,0,249
641,1581,1452,0,241
642,1583,1453,0,233
643,1586,1454,0,236
644,1587,1455,0,237
645,1587,1456,0,240
646,1587,1458,0,241
647,1588,1458,0,247
648,1588,1459,0,246
649,1588,1458,0,250
650,1588,1460,0,251
651,1588,1461,0,252
652,1588,1461,0,258
653,1588,1461,0,259
654,1588,1460,0,260
655,1588,1460,0,263
656,1588,1460,0,264
657,1588,1460,0,264
658,1588,1461,0,264
659,1588,1461,0,266
660,1588,1461,0,264
661,1588,1461,0,263
662,1588,1462,0,264
663,1588,1462,0,263
664,1589,1462,0,264
665,1589,1462,0,264
666,1589,1462,0,264
667,1589,1462,0,263
668,1588,1462,0,264
669,1588,1462,0,264
670,1588,1462,0,265
671,1588,1462,0,264
672,1588,1462,0,263
673,1588,1462,0,263
674,1588,1462,0,263
675,1588,1463,0,263
676,1587,1463,0,261
677,1588,1462,0,262
678,1588,1463,0,262
679,1588,1463,0,262
680,1588,1462,0,263
681,1588,1463,0,262
682,1588,1463,0,262
683,1588,1463,0,262
684,1588,1463,0,263
685,1588,1462,0,264
686,1588,1463,0,264
687,1588,1463,0,263
688,1588,1463,0,262
689,1588,1462,0,262
690,1588,1462,0,260
691,1588,1462,0,260
692,1588,1462,0,260
693,1587,1463,0,259
694,1587,1463,0,259
695,1587,1463,0,261
696,1587,1463,0,261
697,1587,1463,0,262
698,1587,1463,0,261
699,1587,1463,0,261
700,1587,1463,0,261
701,1587,1463,0,261
702,1587,1463,0,262
703,1586,1463,0,262
704,1586,1463,0,262
705,1586,1463,0,261
706,1586,1463,0,260
707,1586,1463,0,260
708,1586,1463,0,260
709,1586,1463,0,262
710,1586,1462,0,263
711,1586,1462,0,262
712,1586,1462,0,262
713,1586,1462,0,263
714,1585,1462,0,261
715,1585,1462,0,261
716,1586,1462,0,264
717,1586,1462,0,262
718,1586,1462,0,262
719,1586,1461,0,263
720,1586,1461,0,264
721,1585,1460,0,266
722,1586,1461,0,267
723,1585,1460,0,266
724,1585,1460,0,265
725,1585,1461,0,266
726,1585,1461,0,264
727,1585,1460,0,263
728,1585,1460,0,263
729,1585,1460,0,262
730,1584,1459,0,263
731,1584,1460,0,264
732,1584,1460,0,263
733,1582,1457,0,260
734,1583,1458,0,264
735,1584,1457,0,275
736,1587,1456,0,279
737,1589,1454,0,275
738,1589,1454,0,276
739,1589,1450,0,274
740,1587,1442,0,272
741,1587,1435,0,269
742,1585,1428,0,264
743,1588,1424,0,268
744,1588,1422,0,270
745,1590,1424,0,266
746,1590,1424,0,264
747,1591,1424,0,261
748,1591,1422,0,254
749,1594,1421,0,241
750,1598,1417,0,241
751,1598,1418,0,240
752,1598,1420,0,234
753,1597,1422,0,245
754,1596,1422,0,237
755,1596,1422,0,230
756,1596,1421,0,229
757,1597,1420,0,241
758,1595,1417,0,244
759,1590,1416,0,262
760,1587,1417,0,268
761,1583,1416,0,279
762,1587,1406,0,273
763,1585,1399,0,281
764,1584,1391,0,282
765,1583,1385,0,290
766,1583,1377,0,286
767,1579,1371,0,290
768,1581,1366,0,290
769,1583,1361,0,296
770,1586,1357,0,294
771,1582,1353,0,294
772,1576,1345,0,302
773,1572,1336,0,307
774,1572,1332,0,310
775,1568,1329,0,313
776,1570,1326,0,322
777,1572,1327,0,326
778,1570,1331,0,333
779,1571,1333,0,345
780,1569,1334,0,353
781,1572,1333,0,355
782,1571,1334,0,359
783,1571,1335,0,0
784,1570,1337,0,4
785,1572,1340,0,5
786,1573,1340,0,3
787,1574,1339,0,5
788,1577,1339,0,8
789,1581,1337,0,12
790,1583,1334,0,27
791,1588,1335,0,41
792,1589,1335,0,58
793,1592,1339,0,72
794,1592,1346,0,83
795,1593,1350,0,92
796,1592,1354,0,90
797,1597,1355,0,98
798,1599,1361,0,91
799,1600,1365,0,91
800,1601,1366,0,94
801,1603,1366,0,93
802,1605,1369,0,103
803,1606,1373,0,111
807,1611,1395,0,107
808,1613,1398,0,111
809,1614,1401,0,123
810,1618,1406,0,126
811,1621,1409,0,136
812,1624,1412,0,133
813,1630,1413,0,140
814,1635,1418,0,144
815,1641,1421,0,152
816,1654,1417,0,167
817,1655,1421,0,181
818,1658,1420,0,190
819,1660,1420,0,198
820,1666,1423,0,202
821,1668,1421,0,208
822,1669,1422,0,211
823,1671,1422,0,216
824,1671,1422,0,215
825,1672,1421,0,216
826,1672,1420,0,214
827,1674,1421,0,211
828,1673,1421,0,208
829,1674,1421,0,202
830,1671,1422,0,201
831,1668,1424,0,202
832,1667,1424,0,201
833,1667,1425,0,198
834,1671,1425,0,204
835,1671,1425,0,211
836,1668,1424,0,206
837,1668,1424,0,208
838,1672,1421,0,213
839,1673,1419,0,214
840,1673,1417,0,211
841,1670,1416,0,210
842,1670,1415,0,204
843,1672,1413,0,209
844,1675,1411,0,211
845,1678,1410,0,211
846,1679,1409,0,210
847,1680,1409,0,208
848,1682,1408,0,210
849,1681,1409,0,207
850,1678,1412,0,203
851,1675,1411,0,202
852,1675,1411,0,202
853,1674,1412,0,205
854,1674,1412,0,203
855,1675,1412,0,201
856,1678,1413,0,197
857,1682,1410,0,195
858,1683,1410,0,192
859,1684,1409,0,192
860,1685,1413,0,182
861,1688,1413,0,174
862,1688,1413,0,173
863,1692,1415,0,172
864,1695,1413,0,161
865,1696,1412,0,157
866,1695,1414,0,159
867,1692,1416,0,164
868,1689,1418,0,164
869,1687,1422,0,167
870,1689,1423,0,176
871,1690,1421,0,172
872,1695,1418,0,165
873,1695,1418,0,166
874,1694,1418,0,162
875,1692,1418,0,157
876,1691,1417,0,163
877,1694,1417,0,173
878,1696,1417,0,181
879,1695,1417,0,181
880,1695,1416,0,183
881,1696,1415,0,174
882,1697,1413,0,170
883,1696,1414,0,168
884,1694,1415,0,170
885,1692,1415,0,173
886,1689,1417,0,176
887,1689,1417,0,177
888,1686,1418,0,175
889,1683,1419,0,171
890,1684,1417,0,176
891,1684,1416,0,175
892,1684,1416,0,174
893,1689,1418,0,171
894,1689,1419,0,173
895,1691,1417,0,178
896,1693,1414,0,178
897,1692,1413,0,187
898,1692,1405,0,189
899,1697,1400,0,207
900,1697,1394,0,224
901,1700,1396,0,222
902,1702,1392,0,214
903,1709,1391,0,209
904,1716,1391,0,213
905,1721,1386,0,220
906,1724,1382,0,219
907,1724,1378,0,214
908,1728,1377,0,212
909,1732,1374,0,211
910,1735,1372,0,213
911,1735,1373,0,212
912,1735,1372,0,212
913,1732,1371,0,218
914,1733,1369,0,221
915,1734,1368,0,221
916,1733,1369,0,216
917,1736,1371,0,208
918,1743,1374,0,205
919,1746,1375,0,203
920,1752,1377,0,192
921,1755,1384,0,184
922,1758,1389,0,175
923,1766,1390,0,176
924,1768,1394,0,200
925,1775,1397,0,221
926,1775,1397,0,223
927,1780,1394,0,231
928,1786,1390,0,246
929,1788,1394,0,234
930,1793,1389,0,232
931,1793,1389,0,227
932,1796,1393,0,226
933,1797,1392,0,228
934,1798,1392,0,230
935,1797,1392,0,229
936,1798,1394,0,226
937,1796,1395,0,227
938,1797,1395,0,226
939,1800,1397,0,231
940,1802,1395,0,232
941,1805,1391,0,228
942,1810,1385,0,232
943,1813,1384,0,241
944,1812,1381,0,237
945,1810,1382,0,232
946,1808,1384,0,237
947,1807,1384,0,233
948,1800,1385,0,218
949,1799,1384,0,214
950,1799,1383,0,203
951,1800,1386,0,207
952,1801,1392,0,207
953,1800,1395,0,209
954,1799,1394,0,208
955,1798,1392,0,204
956,1795,1388,0,192
957,1796,1386,0,196
958,1799,1379,0,191
959,1805,1370,0,194
960,1809,1369,0,191
961,1814,1366,0,193
962,1818,1366,0,194
963,1824,1364,0,195
964,1827,1363,0,197
965,1825,1358,0,202
966,1823,1357,0,205
967,1817,1356,0,200
968,1812,1354,0,201
969,1809,1350,0,206
970,1807,1347,0,205
971,1808,1347,0,209
972,1807,1348,0,212
973,1806,1346,0,211
974,1805,1351,0,213
975,1810,1356,0,221
976,1810,1360,0,219
977,1811,1359,0,221
978,1812,1358,0,224
979,1813,1359,0,226
980,1811,1360,0,228
981,1813,1361,0,223
982,1813,1357,0,226
983,1811,1352,0,218
984,1810,1346,0,214
985,1810,1344,0,203
986,1810,1334,0,192
987,1812,1327,0,184
988,1808,1323,0,192
989,1807,1320,0,186
990,1807,1313,0,184
991,1808,1306,0,181
992,1815,1312,0,189
993,1832,1311,0,192
994,1846,1304,0,209
995,1839,1306,0,220
996,1849,1304,0,245
997,1844,1304,0,247
998,1848,1305,0,241
999,1850,1305,0,237
1000,1850,1304,0,241
1001,1855,1306,0,238
1002,1860,1306,0,232
1003,1863,1308,0,220
1004,1869,1310,0,214
1005,1873,1309,0,207
1006,1872,1308,0,189
1007,1871,1308,0,188
1008,1874,1307,0,179
1009,1877,1306,0,178
1010,1882,1303,0,179
1011,1885,1310,0,184
1012,1890,1311,0,197
1013,1894,1315,0,198
1014,1897,1323,0,173
1015,1901,1325,0,155
1016,1903,1321,0,147
1017,1903,1320,0,144
1018,1907,1322,0,145
1019,1910,1323,0,142
1020,1910,1323,0,140
1021,1911,1323,0,141
1022,1911,1323,0,143
1023,1911,1322,0,146
1024,1911,1321,0,148
1025,1909,1321,0,151
1026,1908,1318,0,158
1027,1905,1318,0,162
1028,1903,1311,0,180
1029,1904,1309,0,187
1030,1907,1306,0,198
1031,1907,1306,0,213
1032,1906,1309,0,217
1033,1906,1310,0,223
1034,1905,1311,0,219
1035,1905,1306,0,227
1036,1905,1304,0,227
1037,1905,1304,0,228
1038,1905,1304,0,230
1039,1907,1303,0,232
1040,1908,1300,0,235
1041,1908,1297,0,242
1042,1909,1297,0,243
1043,1912,1296,0,237
1044,1915,1296,0,228
1045,1917,1297,0,216
1046,1921,1297,0,212
1047,1925,1298,0,207
1048,1926,1299,0,206
1049,1925,1299,0,200
1050,1921,1299,0,200
1051,1922,1299,0,209
1052,1926,1298,0,212
1053,1929,1295,0,215
1054,1929,1295,0,211
1055,1930,1293,0,209
1056,1934,1292,0,212
1057,1937,1292,0,212
1058,1937,1292,0,214
1059,1937,1291,0,215
1060,1937,1291,0,218
1061,1942,1293,0,220
1062,1945,1294,0,209
1063,1949,1295,0,202
1064,1955,1293,0,196
1065,1957,1293,0,187
1066,1957,1294,0,186
1067,1957,1293,0,183
1068,1961,1290,0,175
1069,1966,1288,0,175
1070,1970,1289,0,179
1071,1976,1288,0,181
1072,1974,1288,0,189
1073,1974,1289,0,188
1074,1977,1287,0,173
1075,1977,1291,0,164
1076,1976,1294,0,174
1077,1975,1294,0,169
1078,1975,1294,0,163
1079,1976,1294,0,158
1080,1978,1293,0,151
1081,1986,1296,0,164
1082,1989,1305,0,169
1083,1990,1306,0,167
1084,1988,1307,0,175
1085,1990,1310,0,180
1086,1995,1313,0,201
1087,1994,1316,0,204
1088,1994,1315,0,207
1089,1993,1313,0,216
1090,1992,1311,0,220
1091,1992,1313,0,220
1092,1993,1313,0,218
1093,1997,1314,0,223
1094,1998,1314,0,220
1095,1997,1310,0,225
1096,1992,1304,0,223
1097,1990,1301,0,223
1098,1982,1301,0,212
1099,1981,1301,0,216
1100,1977,1295,0,221
1101,1976,1293,0,223
1102,1974,1290,0,227
1103,1974,1294,0,223
1104,1974,1296,0,213
1105,1974,1304,0,213
1106,1974,1310,0,213
1107,1975,1311,0,212
1108,1975,1308,0,220
1109,1970,1313,0,228
1110,1966,1315,0,232
1111,1960,1318,0,239
1112,1959,1324,0,239
1113,1958,1328,0,248
1114,1958,1332,0,272
1115,1959,1338,0,275
1116,1955,1339,0,278
1117,1953,1338,0,267
1118,1943,1340,0,244
1119,1946,1348,0,254
1120,1940,1346,0,250
1121,1936,1355,0,262
1122,1935,1356,0,269
1123,1928,1355,0,286
1124,1929,1356,0,297
1125,1927,1360,0,302
1126,1919,1359,0,305
1127,1916,1356,0,317
1128,1915,1359,0,320
1129,1912,1358,0,328
1130,1913,1358,0,322
1131,1915,1361,0,325
1132,1916,1365,0,328
1133,1914,1367,0,323
1134,1918,1367,0,340
1135,1922,1367,0,347
1136,1917,1368,0,350
1137,1916,1368,0,342
1138,1914,1371,0,350
1139,1907,1373,0,337
1140,1900,1375,0,348
1141,1895,1371,0,356
1142,1890,1368,0,358
1143,1887,1370,0,359
1144,1883,1372,0,3
1145,1880,1379,0,20
1146,1876,1386,0,20
1147,1872,1385,0,22
1148,1868,1387,0,19
1149,1865,1391,0,19
1150,1860,1388,0,14
1151,1856,1393,0,8
1152,1852,1405,0,5
1153,1853,1407,0,4
1154,1854,1401,0,4
1155,1856,1405,0,1
1156,1856,1407,0,6
1157,1855,1408,0,5
1158,1849,1410,0,0
1159,1843,1410,0,353
1160,1832,1415,0,347
1161,1829,1421,0,356
1162,1824,1424,0,8
1163,1821,1424,0,10
1164,1812,1432,0,15
1165,1805,1438,0,21
1166,1801,1441,0,34
1167,1792,1446,0,34
1168,1789,1447,0,35
1169,1788,1449,0,33
1170,1785,1454,0,32
1171,1786,1454,0,32
1172,1789,1455,0,38
1173,1787,1456,0,43
1174,1791,1457,0,45
1175,1789,1458,0,50
1176,1793,1461,0,63
1177,1794,1464,0,74
1178,1796,1469,0,79
1179,1795,1473,0,89
1180,1795,1477,0,90
1181,1796,1484,0,92
1182,1799,1488,0,91
1183,1799,1491,0,90
1185,1803,1495,0,96
1186,1808,1495,0,91
1187,1807,1497,0,90
1188,1810,1502,0,94
1189,1811,1504,0,93
1190,1812,1506,0,94
1191,1812,1508,0,93
1192,1815,1511,0,93
1193,1816,1515,0,89
1194,1813,1520,0,85
1195,1810,1529,0,96
1196,1811,1530,0,97
1197,1810,1536,0,95
1198,1807,1536,0,91
1199,1812,1535,0,97
1200,1814,1538,0,105
1201,1815,1539,0,106
1202,1816,1538,0,107
1203,1817,1540,0,105
1204,1820,1542,0,115
1205,1820,1544,0,121
1206,1823,1547,0,130
1207,1825,1551,0,135
1208,1827,1551,0,136
1209,1830,1553,0,137
1210,1831,1554,0,134
1211,1832,1558,0,139
1212,1835,1562,0,138
1213,1839,1564,0,140
1214,1842,1568,0,145
1215,1846,1565,0,157
1216,1851,1563,0,160
1217,1853,1564,0,165
1218,1855,1566,0,162
1219,1857,1563,0,150
1220,1857,1563,0,157
1221,1858,1564,0,163
1222,1860,1563,0,164
1223,1863,1568,0,157
1224,1868,1571,0,157
1225,1870,1571,0,151
1226,1875,1572,0,159
1227,1877,1573,0,169
1228,1881,1572,0,171
1229,1881,1574,0,163
1230,1880,1572,0,157
1231,1880,1574,0,151
1232,1881,1576,0,146
1233,1884,1578,0,144
1234,1896,1584,0,136
1235,1902,1586,0,139
1236,1903,1587,0,140
1237,1908,1590,0,136
1238,1915,1599,0,130
1239,1920,1609,0,129
1240,1927,1611,0,117
1241,1929,1613,0,111
1242,1929,1614,0,107
1243,1929,1615,0,102
1244,1931,1613,0,97
1245,1931,1612,0,95
1246,1933,1614,0,90
1247,1933,1614,0,88
1248,1933,1614,0,89
1249,1934,1615,0,84
1250,1934,1615,0,82
1251,1934,1615,0,82
1252,1934,1615,0,81
1253,1934,1616,0,79
1254,1934,1616,0,80
1255,1934,1616,0,80
1256,1934,1617,0,83
1257,1933,1617,0,81
1258,1932,1618,0,82
1259,1931,1619,0,81
1260,1930,1624,0,82
1261,1929,1627,0,86
1262,1928,1627,0,84
1263,1926,1628,0,85
1264,1925,1628,0,84
1265,1925,1628,0,82
1266,1924,1629,0,81
1267,1923,1629,0,81
1268,1922,1629,0,80
1269,1923,1630,0,80
1270,1924,1633,0,78
1271,1925,1632,0,76
1272,1926,1632,0,73
1273,1926,1631,0,74
1274,1926,1630,0,72
1275,1926,1632,0,73
1276,1926,1634,0,73
1277,1925,1635,0,79
1278,1923,1636,0,86
1279,1918,1638,0,86
1280,1915,1639,0,80
1281,1913,1639,0,77
1282,1910,1641,0,76
1283,1911,1643,0,75
1284,1911,1646,0,72
1285,1907,1647,0,76
1286,1907,1647,0,75
1287,1906,1649,0,76
1288,1906,1649,0,77
1289,1906,1650,0,78
1290,1906,1650,0,79
1291,1906,1651,0,79
1292,1906,1651,0,79
1293,1907,1652,0,81
1294,1906,1652,0,78
1295,1906,1653,0,81
1296,1905,1654,0,81
1298,1904,1660,0,79
1299,1902,1663,0,77
1300,1900,1667,0,76
1301,1901,1671,0,70
1302,1905,1677,0,57
1303,1901,1678,0,58
1304,1900,1679,0,66
1305,1899,1682,0,69
1306,1896,1689,0,77
1307,1895,1689,0,81
1308,1892,1693,0,82
1309,1889,1701,0,91
1310,1890,1702,0,94
1311,1893,1706,0,97
1312,1893,1710,0,101
1313,1894,1711,0,99
1314,1898,1713,0,100
1315,1898,1717,0,99
1316,1897,1720,0,104
1317,1896,1720,0,92
1318,1894,1719,0,90
1319,1892,1719,0,89
1320,1892,1719,0,84
1321,1889,1718,0,85
1322,1886,1719,0,78
1323,1884,1720,0,77
1324,1883,1721,0,76
1325,1881,1726,0,60
1326,1879,1730,0,58
1327,1878,1731,0,52
1328,1875,1731,0,49
1329,1871,1731,0,45
1330,1869,1731,0,42
1331,1869,1733,0,43
1332,1867,1735,0,42
1333,1864,1736,0,41
1334,1864,1735,0,38
1335,1864,1734,0,35
1336,1863,1734,0,36
1337,1864,1736,0,39
1338,1863,1736,0,40
1339,1864,1739,0,40
1340,1863,1738,0,42
1341,1861,1738,0,38
1342,1862,1739,0,41
1343,1860,1738,0,40
1344,1859,1739,0,38
1345,1858,1740,0,38
1346,1858,1741,0,42
1347,1857,1742,0,44
1348,1853,1746,0,49
1349,1852,1748,0,50
1350,1851,1749,0,52
1351,1851,1751,0,48
1352,1849,1753,0,47
1353,1846,1757,0,42
1354,1844,1760,0,40
1355,1843,1762,0,41
1356,1839,1764,0,41
1357,1838,1764,0,40
1358,1837,1764,0,37
1359,1839,1764,0,39
1360,1840,1764,0,38
1361,1836,1767,0,36
1362,1834,1767,0,34
1363,1834,1773,0,17
1364,1832,1774,0,14
1365,1829,1773,0,8
1366,1826,1772,0,1
1367,1822,1771,0,355
1368,1816,1768,0,344
1369,1811,1767,0,342
1370,1807,1765,0,339
1371,1803,1763,0,335
1372,1800,1761,0,334
1373,1799,1760,0,327
1374,1797,1760,0,324
1375,1793,1759,0,334
1376,1789,1759,0,333
1377,1788,1762,0,334
1378,1786,1760,0,340
1379,1784,1758,0,339
1380,1782,1756,0,340
1381,1780,1754,0,336
1382,1777,1752,0,331
1383,1773,1751,0,329
1384,1771,1750,0,331
1385,1768,1746,0,330
1386,1768,1743,0,331
1387,1767,1742,0,332
1388,1767,1742,0,332
1389,1765,1743,0,331
1390,1764,1744,0,330
1391,1763,1743,0,332
1392,1764,1743,0,330
1393,1766,1743,0,330
1394,1771,1746,0,328
1395,1767,1744,0,331
1396,1763,1741,0,336
1397,1761,1740,0,340
1398,1756,1742,0,346
1399,1752,1743,0,348
1400,1748,1744,0,352
1401,1745,1744,0,350
1402,1744,1745,0,350
1403,1740,1746,0,356
1404,1738,1747,0,357
1405,1738,1750,0,1
1406,1738,1752,0,13
1407,1737,1758,0,27
1408,1734,1765,0,25
1409,1732,1763,0,30
1410,1730,1765,0,33
1411,1731,1768,0,35
1412,1729,1771,0,38
1413,1730,1772,0,46
1414,1732,1775,0,53
1415,1732,1778,0,56
1416,1730,1779,0,54
1417,1729,1778,0,49
1418,1729,1777,0,41
1419,1728,1776,0,37
1420,1718,1781,0,28
1421,1718,1782,0,28
1422,1720,1782,0,34
1423,1721,1780,0,30
1424,1723,1780,0,34
1425,1726,1779,0,26
1426,1727,1778,0,24
1427,1730,1778,0,26
1428,1729,1778,0,28
1429,1728,1778,0,31
1430,1727,1779,0,32
1431,1725,1780,0,30
1432,1723,1780,0,24
1433,1724,1782,0,30
1434,1726,1784,0,36
1435,1729,1784,0,41
1436,1731,1785,0,44
1437,1736,1785,0,51
1438,1737,1784,0,56
1439,1739,1786,0,56
1440,1739,1786,0,59
1441,1740,1787,0,70
1442,1740,1786,0,74
1443,1737,1788,0,89
1444,1735,1787,0,96
1445,1734,1784,0,100
1446,1734,1786,0,101
1447,1736,1789,0,101
1448,1737,1793,0,106
1449,1739,1795,0,124
1450,1742,1794,0,136
1451,1745,1795,0,156
1452,1748,1793,0,170
1453,1749,1791,0,184
1454,1753,1793,0,210
1455,1753,1793,0,218
1456,1752,1791,0,208
1457,1753,1788,0,209
1458,1755,1786,0,216
1459,1759,1783,0,215
1460,1761,1780,0,214
1461,1765,1778,0,219
1462,1767,1776,0,222
1463,1765,1776,0,220
1464,1761,1778,0,222
1465,1762,1778,0,225
1466,1763,1778,0,229
1467,1762,1776,0,235
1468,1760,1773,0,238
1469,1759,1770,0,239
1470,1761,1771,0,249
1471,1764,1772,0,255
1472,1767,1773,0,259
1473,1766,1773,0,261
1474,1766,1772,0,260
1475,1765,1774,0,260
1476,1763,1771,0,263
1477,1763,1766,0,262
1478,1762,1764,0,264
1479,1758,1764,0,263
1480,1756,1763,0,268
1481,1756,1762,0,270
1482,1754,1766,0,274
1483,1753,1767,0,272
1484,1750,1767,0,279
1485,1750,1766,0,287
1486,1748,1767,0,303
1487,1746,1767,0,308
1488,1746,1770,0,319
1489,1743,1770,0,331
1490,1736,1769,0,335
1491,1734,1766,0,337
1492,1733,1763,0,336
1493,1732,1762,0,335
1494,1733,1763,0,338
1495,1732,1763,0,343
1496,1733,1763,0,337
1497,1733,1762,0,335
1498,1732,1762,0,335
1499,1732,1763,0,338
1500,1732,1763,0,338
1501,1731,1763,0,342
1502,1731,1763,0,342
1503,1732,1763,0,339
1504,1732,1763,0,337
1505,1733,1763,0,337
1506,1732,1763,0,339
1507,1730,1764,0,340
1508,1730,1764,0,338
1509,1729,1763,0,337
1510,1729,1762,0,335
1511,1728,1762,0,335
1512,1729,1762,0,334
1513,1728,1761,0,332
1514,1727,1759,0,329
1515,1725,1756,0,330
1516,1720,1751,0,320
1517,1718,1749,0,326
1518,1717,1748,0,326
1519,1715,1749,0,324
1520,1714,1748,0,322
1521,1713,1747,0,323
1522,1714,1747,0,326
1523,1713,1744,0,324
1524,1714,1743,0,325
1525,1714,1743,0,325
1526,1717,1742,0,325
1527,1717,1743,0,323
1528,1715,1743,0,325
1529,1715,1744,0,323
1530,1716,1743,0,321
1531,1714,1741,0,323
1532,1713,1741,0,329
1533,1715,1741,0,331
1534,1715,1741,0,331
1535,1714,1739,0,330
1536,1715,1738,0,333
1537,1715,1736,0,338
1538,1716,1735,0,344
1539,1714,1733,0,345
1540,1714,1731,0,348
1541,1714,1731,0,351
1542,1715,1731,0,353
1543,1716,1732,0,353
1544,1716,1733,0,349
1545,1717,1732,0,350
1546,1718,1732,0,347
1547,1716,1731,0,344
1548,1717,1726,0,338
1549,1715,1723,0,333
1550,1712,1721,0,323
1551,1706,1716,0,315
1552,1702,1718,0,306
1553,1698,1716,0,308
1554,1695,1711,0,306
1555,1694,1711,0,307
1556,1694,1704,0,324
1557,1687,1707,0,323
1558,1685,1703,0,336
1559,1679,1705,0,335
1560,1675,1700,0,342
1561,1673,1695,0,346
1562,1667,1700,0,339
1563,1665,1699,0,337
1564,1663,1696,0,333
1565,1654,1698,0,323
1566,1648,1696,0,325
1567,1644,1693,0,330
1568,1643,1689,0,337
1569,1644,1685,0,336
1570,1644,1683,0,334
1571,1642,1676,0,338
1572,1639,1674,0,339
1573,1638,1671,0,334
1574,1634,1667,0,338
1575,1629,1663,0,340
1576,1626,1660,0,342
1577,1625,1658,0,340
1578,1622,1654,0,338
1579,1621,1654,0,340
1580,1615,1652,0,347
1581,1609,1654,0,352
1582,1606,1659,0,359
1583,1602,1662,0,7
1584,1599,1663,0,12
1585,1597,1664,0,19
1586,1595,1665,0,25
1587,1597,1662,0,26
1588,1604,1665,0,23
1589,1606,1666,0,24
1590,1609,1664,0,26
1591,1610,1666,0,33
1592,1611,1667,0,37
1593,1611,1670,0,38
1594,1611,1671,0,42
1595,1612,1671,0,44
1596,1614,1671,0,47
1597,1614,1670,0,48
1598,1615,1670,0,49
1599,1615,1669,0,49
1600,1616,1668,0,49
1601,1617,1668,0,43
1602,1615,1664,0,46
1603,1615,1663,0,46
1604,1615,1663,0,44
1605,1615,1661,0,41
1606,1616,1661,0,35
1607,1616,1659,0,35
1608,1614,1659,0,34
1609,1612,1659,0,32
1610,1610,1661,0,33
1611,1608,1664,0,34
1612,1607,1666,0,30
1613,1606,1667,0,28
1614,1605,1667,0,26
1615,1604,1669,0,23
1616,1606,1666,0,20
1617,1606,1664,0,20
1618,1607,1663,0,18
1619,1607,1663,0,18
1620,1607,1665,0,19
1621,1609,1666,0,17
1622,1607,1664,0,22
1623,1607,1666,0,26
1624,1606,1666,0,25
1625,1606,1668,0,25
1626,1608,1665,0,24
1627,1608,1666,0,23
1628,1609,1668,0,11
1629,1607,1671,0,11
1630,1606,1672,0,8
1631,1607,1672,0,6
1632,1606,1673,0,8
1633,1606,1673,0,9
1634,1606,1675,0,10
1635,1605,1676,0,11
1636,1604,1671,0,12
1637,1604,1672,0,6
1638,1603,1672,0,7
1639,1601,1670,0,8
1640,1601,1668,0,8
1641,1601,1668,0,9
1642,1600,1667,0,11
1643,1599,1666,0,15
1644,1599,1670,0,14
1645,1598,1671,0,14
1646,1600,1673,0,15
1647,1601,1673,0,15
1648,1602,1672,0,13
1649,1604,1675,0,7
1650,1605,1677,0,4
1651,1604,1677,0,6
1652,1602,1678,0,5
1653,1602,1680,0,7
1654,1603,1683,0,11
1655,1603,1684,0,11
1656,1603,1688,0,9
1657,1605,1690,0,11
1658,1606,1684,0,7
1659,1606,1683,0,7
1660,1606,1683,0,2
1661,1606,1684,0,0
1662,1603,1684,0,1
1663,1600,1685,0,359
1664,1600,1686,0,358
1665,1600,1686,0,358
1666,1600,1686,0,357
1667,1600,1687,0,356
1668,1598,1689,0,355
1669,1602,1682,0,10
1670,1605,1687,0,350
1671,1608,1687,0,352
1672,1607,1687,0,0
1673,1607,1690,0,357
1674,1606,1689,0,359
1675,1606,1690,0,358
1676,1606,1691,0,358
1677,1606,1691,0,359
1678,1605,1689,0,1
1679,1605,1688,0,9
1680,1604,1688,0,8
1681,1605,1690,0,0
1682,1606,1688,0,6
1683,1606,1690,0,5
1684,1605,1692,0,3
1685,1604,1693,0,359
1686,1604,1693,0,0
1687,1604,1693,0,0
1688,1604,1693,0,1
1689,1604,1693,0,1
1690,1603,1692,0,1
1691,1603,1689,0,355
1692,1603,1691,0,354
1693,1602,1690,0,352
1694,1601,1687,0,354
1695,1601,1685,0,356
1696,1602,1683,0,357
1697,1601,1683,0,356
1698,1603,1682,0,352
1699,1605,1682,0,351
1700,1606,1678,0,352
1701,1606,1677,0,352
1702,1604,1677,0,356
1703,1605,1677,0,352
1704,1607,1677,0,350
1705,1608,1676,0,352
1706,1607,1676,0,348
1707,1605,1676,0,348
1708,1605,1677,0,350
1709,1606,1678,0,350
1710,1611,1677,0,351
1711,1610,1676,0,352
1712,1609,1676,0,352
1713,1608,1678,0,348
1714,1609,1678,0,349
1715,1609,1676,0,347
1716,1610,1675,0,347
1717,1608,1676,0,339
1718,1609,1676,0,342
1719,1609,1680,0,340
1720,1609,1680,0,343
1721,1610,1678,0,343
1722,1611,1677,0,342
1723,1612,1675,0,341
1724,1611,1673,0,340
1725,1609,1670,0,339
1726,1609,1670,0,340
1727,1608,1670,0,336
1728,1607,1669,0,330
1729,1604,1667,0,324
1730,1602,1665,0,321
1731,1604,1661,0,324
1732,1604,1659,0,331
1733,1601,1660,0,332
1734,1598,1660,0,329
1735,1595,1661,0,325
1736,1595,1659,0,325
1737,1593,1657,0,326
1738,1591,1654,0,331
1739,1590,1653,0,335
1740,1590,1652,0,339
1741,1588,1651,0,335
1742,1585,1650,0,333
1743,1583,1647,0,332
1744,1583,1644,0,329
1745,1587,1645,0,318
1746,1588,1645,0,325
1747,1585,1643,0,325
1748,1583,1642,0,322
1749,1582,1643,0,322
1750,1582,1641,0,321
1751,1583,1641,0,322
1752,1587,1644,0,328
1753,1587,1644,0,333
1754,1587,1643,0,334
1755,1585,1644,0,337
1756,1585,1647,0,346
1757,1588,1651,0,354
1758,1589,1655,0,0
1759,1589,1658,0,3
1760,1590,1661,0,4
1761,1590,1663,0,6
1762,1589,1664,0,13
1763,1588,1667,0,20
1764,1589,1673,0,15
1765,1588,1675,0,22
1766,1588,1678,0,35
1767,1589,1680,0,40
1768,1589,1684,0,42
1769,1590,1684,0,44
1770,1592,1687,0,45
1771,1591,1685,0,43
1772,1591,1687,0,39
1773,1590,1689,0,35
1774,1592,1690,0,33
1775,1595,1691,0,34
1776,1596,1691,0,41
1777,1597,1693,0,43
1778,1599,1696,0,49
1779,1599,1700,0,55
1780,1600,1702,0,57
1781,1599,1704,0,65
1782,1601,1707,0,69
1783,1601,1708,0,74
1784,1602,1708,0,73
1785,1602,1707,0,75
1786,1603,1707,0,75
1787,1604,1705,0,76
1788,1607,1704,0,75
1789,1608,1703,0,71
1790,1608,1702,0,71
1791,1607,1702,0,70
1792,1607,1703,0,68
1793,1604,1703,0,71
1794,1601,1702,0,70
1795,1600,1700,0,72
1796,1598,1697,0,69
1797,1595,1699,0,52
1798,1592,1699,0,41
1799,1591,1700,0,38
1800,1589,1698,0,31
1801,1589,1698,0,25
1802,1588,1696,0,23
1803,1588,1696,0,20
1804,1588,1696,0,22
1805,1587,1700,0,23
1806,1586,1700,0,20
1807,1584,1701,0,19
1808,1584,1700,0,17
1809,1584,1700,0,11
1810,1586,1700,0,8
1811,1582,1700,0,359
1812,1582,1700,0,0
1813,1582,1699,0,358
1814,1580,1699,0,356
1815,1580,1698,0,354
1816,1581,1697,0,352
1817,1582,1697,0,356
1818,1584,1696,0,352
1819,1585,1692,0,351
1820,1584,1690,0,354
1821,1587,1689,0,356
1822,1586,1688,0,351
1823,1585,1689,0,349
1824,1585,1689,0,346
1825,1585,1690,0,347
1826,1585,1692,0,346
1827,1583,1694,0,342
1829,1580,1699,0,337
1830,1580,1698,0,336
1831,1580,1696,0,333
1832,1579,1696,0,339
1833,1578,1695,0,338
1834,1578,1694,0,336
1835,1576,1694,0,331
1836,1572,1695,0,327
1837,1573,1690,0,333
1838,1573,1691,0,337
1839,1570,1689,0,331
1840,1568,1687,0,329
1841,1566,1686,0,326
1842,1566,1686,0,325
1843,1566,1686,0,323
1844,1563,1687,0,324
1845,1562,1684,0,326
1846,1562,1685,0,322
1847,1561,1683,0,323
1848,1561,1683,0,325
1849,1560,1683,0,325
1850,1560,1684,0,330
1851,1561,1686,0,334
1852,1561,1687,0,329
1853,1558,1686,0,325
1854,1558,1687,0,322
1855,1558,1686,0,324
1856,1557,1685,0,329
1857,1555,1685,0,329
1858,1555,1686,0,332
1859,1555,1685,0,336
1860,1557,1686,0,335
1861,1559,1686,0,335
1862,1561,1686,0,334
1863,1563,1684,0,330
1864,1564,1689,0,329
1865,1564,1691,0,326
1866,1567,1691,0,322
1867,1567,1690,0,319
1868,1566,1690,0,312
1869,1567,1692,0,313
1870,1567,1691,0,312
1871,1567,1690,0,311
1872,1569,1690,0,313
1873,1570,1690,0,305
1874,1570,1687,0,306
1875,1569,1686,0,303
1876,1570,1687,0,311
1877,1567,1687,0,312
1878,1567,1686,0,318
1879,1563,1682,0,323
1880,1560,1679,0,331
1881,1561,1675,0,334
1882,1562,1673,0,332
1883,1569,1666,0,332
1884,1576,1665,0,345
1885,1576,1667,0,350
1886,1574,1668,0,353
1887,1573,1666,0,352
1888,1572,1667,0,354
1889,1571,1668,0,355
1890,1571,1661,0,2
1891,1571,1658,0,356
1892,1570,1658,0,350
1893,1571,1658,0,350
1894,1572,1659,0,351
1895,1578,1662,0,349
1896,1578,1663,0,344
1897,1580,1665,0,341
1898,1581,1666,0,341
1899,1582,1666,0,343
1900,1581,1664,0,351
1901,1588,1661,0,350
1902,1594,1655,0,337
1903,1592,1652,0,338
1904,1592,1649,0,343
1905,1590,1648,0,345
1906,1590,1646,0,342
1907,1585,1640,0,351
1908,1585,1636,0,355
1909,1584,1636,0,353
1910,1583,1634,0,355
1911,1581,1632,0,359
1912,1578,1630,0,351
1913,1577,1629,0,354
1914,1576,1627,0,352
1915,1575,1627,0,351
1916,1573,1626,0,354
1917,1572,1626,0,351
1918,1572,1625,0,351
1919,1571,1625,0,349
1920,1573,1622,0,353
1921,1571,1621,0,0
1922,1569,1618,0,13
1923,1565,1617,0,28
1924,1562,1620,0,39
1925,1561,1616,0,46
1926,1556,1617,0,62
1927,1555,1617,0,79
1928,1555,1618,0,76
1929,1555,1619,0,78
1930,1556,1619,0,74
1931,1557,1620,0,73
1932,1554,1624,0,75
1933,1552,1626,0,71
1934,1553,1627,0,73
1935,1551,1633,0,64
1936,1549,1638,0,63
1937,1546,1643,0,56
1938,1543,1649,0,55
1939,1535,1654,0,52
1940,1529,1661,0,52
1941,1530,1668,0,57
1942,1531,1670,0,60
1943,1532,1672,0,65
1944,1532,1675,0,72
1945,1533,1682,0,75
1946,1533,1689,0,80
1947,1533,1693,0,82
1948,1536,1697,0,88
1949,1536,1701,0,79
1950,1534,1702,0,73
1951,1537,1703,0,74
1952,1538,1705,0,74
1953,1538,1707,0,83
1954,1536,1709,0,90
1955,1539,1710,0,86
1956,1544,1713,0,82
1957,1545,1722,0,79
1958,1545,1727,0,76
1959,1543,1732,0,80
1960,1542,1736,0,77
1961,1543,1742,0,78
1962,1544,1746,0,87
1963,1549,1748,0,85
1964,1550,1750,0,94
1965,1549,1751,0,97
1966,1547,1752,0,102
1967,1547,1753,0,106
1968,1547,1755,0,105
1969,1546,1755,0,109
1970,1544,1755,0,112
1971,1544,1755,0,112
1972,1543,1755,0,109
1973,1543,1753,0,105
1974,1544,1754,0,109
1975,1544,1756,0,112
1976,1546,1757,0,112
1977,1547,1757,0,114
1978,1548,1756,0,114
1979,1547,1756,0,114
1980,1548,1756,0,111
1981,1547,1754,0,106
1982,1546,1753,0,110
1983,1544,1754,0,110
1984,1546,1758,0,104
1985,1547,1761,0,100
1986,1545,1762,0,99
1987,1542,1764,0,99
1988,1542,1765,0,100
1989,1543,1767,0,99
1990,1545,1768,0,89
1991,1549,1768,0,76
1992,1546,1769,0,75
1993,1542,1771,0,74
1994,1538,1774,0,66
1995,1536,1777,0,66
1996,1536,1779,0,55
1997,1536,1778,0,50
1998,1536,1777,0,47
1999,1533,1776,0,39
2000,1531,1776,0,34
2001,1530,1774,0,25
2002,1528,1775,0,21
2003,1525,1776,0,17
2004,1522,1776,0,16
2005,1519,1774,0,11
2006,1516,1774,0,9
2007,1513,1772,0,6
2008,1512,1769,0,0
2009,1512,1767,0,355
2010,1510,1767,0,355
2011,1509,1765,0,355
2012,1506,1764,0,352
2013,1502,1765,0,352
2014,1499,1767,0,349
2015,1496,1766,0,348
2016,1495,1765,0,351
2017,1494,1765,0,352
2018,1493,1766,0,349
2021,1491,1766,0,345
2022,1490,1766,0,345
2023,1490,1765,0,344
2024,1489,1765,0,345
2025,1489,1765,0,345
2026,1489,1765,0,345
2027,1492,1766,0,337
2028,1495,1767,0,342
2029,1495,1771,0,335
2030,1503,1767,0,339
2031,1506,1766,0,331
2032,1507,1767,0,329
2033,1507,1765,0,321
2034,1508,1761,0,316
2035,1509,1762,0,311
2036,1509,1761,0,310
2037,1510,1760,0,307
2038,1510,1758,0,306
2039,1512,1756,0,301
2040,1517,1752,0,302
2041,1515,1749,0,297
2042,1514,1747,0,299
2043,1515,1744,0,298
2044,1519,1744,0,289
2045,1522,1750,0,289
2046,1523,1753,0,291
2047,1522,1755,0,288
2048,1521,1756,0,285
2049,1520,1755,0,285
2050,1519,1754,0,280
2051,1517,1755,0,274
2052,1514,1754,0,277
2053,1513,1752,0,270
2054,1514,1751,0,262
2055,1513,1754,0,256
2056,1510,1755,0,253
2057,1509,1752,0,245
2058,1512,1750,0,243
2059,1515,1748,0,243
2060,1515,1748,0,241
2061,1518,1746,0,238
2062,1521,1744,0,236
2063,1522,1744,0,230
2064,1523,1744,0,232
2065,1525,1747,0,238
2066,1525,1748,0,240
2067,1524,1749,0,242
2068,1526,1747,0,241
2069,1528,1745,0,241
2070,1526,1746,0,245
2071,1524,1748,0,238
2072,1524,1748,0,241
2073,1523,1747,0,241
2074,1523,1746,0,241
2075,1528,1745,0,244
2076,1530,1742,0,242
2077,1530,1742,0,239
2078,1531,1741,0,240
2079,1534,1740,0,235
2080,1537,1740,0,235
2081,1538,1740,0,236
2082,1537,1739,0,230
2083,1537,1739,0,231
2084,1537,1738,0,230
2085,1536,1738,0,233
2086,1535,1736,0,238
2087,1535,1735,0,237
2088,1535,1734,0,236
2089,1535,1734,0,236
2090,1536,1733,0,243
2091,1535,1733,0,245
2092,1533,1732,0,249
2093,1533,1732,0,248
2094,1533,1731,0,252
2095,1533,1731,0,253
2096,1533,1730,0,256
2097,1533,1729,0,257
2098,1533,1728,0,258
2099,1532,1728,0,256
2100,1533,1726,0,254
2101,1534,1726,0,251
2102,1534,1725,0,249
2103,1534,1724,0,249
2104,1534,1724,0,250
2105,1535,1723,0,250
2106,1535,1723,0,251
2107,1534,1724,0,252
2108,1530,1726,0,258
2109,1529,1728,0,265
2110,1527,1727,0,265
2111,1528,1725,0,267
2112,1529,1724,0,269
2113,1529,1722,0,268
2114,1531,1723,0,266
2115,1533,1723,0,267
2116,1532,1723,0,267
2117,1532,1723,0,266
2118,1532,1722,0,265
2119,1532,1722,0,264
2120,1533,1722,0,266
2121,1533,1723,0,267
2122,1533,1722,0,267
2123,1534,1722,0,267
2124,1534,1721,0,268
2125,1535,1721,0,269
2126,1535,1721,0,269
2127,1535,1722,0,268
2128,1534,1722,0,268
2129,1533,1722,0,266
2130,1534,1722,0,265
2131,1534,1723,0,266
2132,1534,1722,0,266
2133,1533,1725,0,267
2134,1531,1724,0,266
2135,1530,1721,0,267
2136,1531,1721,0,268
2137,1531,1719,0,268
2138,1531,1722,0,266
2139,1531,1721,0,269
2140,1532,1722,0,269
2141,1532,1719,0,272
2142,1532,1717,0,273
2143,1533,1716,0,272
2144,1534,1715,0,275
2145,1534,1715,0,276
2146,1533,1714,0,278
2147,1534,1713,0,281
2148,1534,1714,0,283
2149,1534,1713,0,283
2150,1534,1713,0,282
2151,1534,1713,0,282
2152,1534,1714,0,282
2153,1534,1713,0,282
2154,1534,1714,0,279
2155,1534,1718,0,279
2156,1536,1720,0,279
2157,1536,1722,0,276
2158,1536,1727,0,272
2159,1535,1729,0,269
2160,1536,1727,0,260
2161,1537,1725,0,252
2162,1541,1723,0,249
2163,1543,1722,0,249
2164,1543,1721,0,246
2165,1546,1721,0,239
2166,1546,1721,0,239
2167,1549,1721,0,240
2168,1550,1719,0,246
2169,1550,1718,0,249
2170,1550,1721,0,254
2171,1548,1718,0,255
2172,1547,1716,0,254
2173,1546,1716,0,252
2174,1545,1715,0,251
2175,1546,1716,0,251
2176,1546,1716,0,248
2177,1546,1715,0,249
2178,1546,1714,0,250
2179,1544,1712,0,251
2180,1544,1710,0,250
2181,1544,1709,0,249
2182,1545,1709,0,250
2183,1544,1711,0,251
2184,1543,1712,0,253
2185,1542,1716,0,254
2186,1540,1718,0,258
2187,1540,1723,0,263
2188,1539,1725,0,269
2189,1538,1726,0,285
2190,1536,1725,0,298
2191,1534,1724,0,301
2192,1533,1723,0,308
2193,1532,1724,0,316
2194,1531,1723,0,321
2195,1529,1721,0,324
2196,1528,1722,0,327
2197,1528,1722,0,326
2198,1526,1721,0,326
2199,1527,1721,0,323
2200,1528,1722,0,328
2201,1527,1721,0,328
2202,1523,1722,0,330
2203,1522,1722,0,332
2204,1521,1725,0,337
2205,1520,1724,0,336
2206,1519,1725,0,342
2207,1517,1726,0,349
2208,1518,1724,0,358
2209,1519,1723,0,2
2210,1521,1724,0,4
2211,1520,1725,0,6
2212,1519,1726,0,6
2213,1518,1727,0,6
2214,1519,1728,0,7
2215,1519,1728,0,7
2216,1517,1728,0,9
2217,1517,1729,0,10
2218,1516,1730,0,13
2219,1514,1731,0,17
2220,1513,1734,0,17
2221,1513,1736,0,17
2222,1509,1738,0,27
2223,1506,1741,0,28
2224,1505,1740,0,37
2225,1501,1741,0,54
2226,1500,1742,0,62
2227,1501,1744,0,77
2228,1499,1746,0,86
2229,1503,1745,0,87
2230,1501,1744,0,99
2231,1500,1744,0,104
2232,1498,1744,0,100
2233,1496,1742,0,103
2234,1493,1739,0,108
2235,1492,1738,0,110
2236,1493,1737,0,110
2237,1494,1737,0,108
2238,1495,1738,0,109
2239,1495,1738,0,109
2240,1495,1738,0,110
2241,1495,1738,0,111
2242,1494,1737,0,110
2243,1493,1737,0,110
2244,1491,1737,0,113
2245,1491,1738,0,114
2246,1491,1738,0,115
2247,1491,1738,0,113
2248,1490,1739,0,113
2249,1490,1741,0,119
2250,1491,1742,0,123
2251,1491,1742,0,125
2252,1491,1741,0,128
2253,1490,1742,0,129
2254,1490,1743,0,130
2255,1490,1742,0,129
2256,1490,1742,0,132
2257,1491,1741,0,132
2258,1490,1741,0,136
2259,1489,1741,0,134
2260,1489,1741,0,135
2261,1488,1740,0,135
2262,1488,1740,0,136
2263,1489,1741,0,137
2264,1488,1741,0,138
2265,1488,1740,0,136
2266,1488,1739,0,136
2267,1488,1739,0,135
2268,1488,1739,0,136
2269,1489,1738,0,136
2270,1490,1738,0,136
2271,1490,1738,0,135
2272,1490,1738,0,135
2273,1490,1738,0,134
2274,1490,1738,0,133
2275,1490,1738,0,134
2276,1490,1738,0,135
2277,1490,1738,0,134
2278,1490,1738,0,135
2279,1491,1739,0,133
2280,1491,1739,0,133
2281,1491,1738,0,132
2282,1491,1738,0,132
2283,1491,1738,0,133
2284,1491,1738,0,135
2285,1492,1738,0,135
2286,1492,1737,0,133
2288,1490,1737,0,134
2289,1490,1737,0,134
2290,1490,1737,0,136
2291,1490,1737,0,135
2292,1490,1737,0,135
2293,1490,1736,0,136
2294,1490,1736,0,133
2295,1490,1736,0,132
2296,1491,1736,0,134
2297,1491,1736,0,132
2298,1491,1736,0,132
2299,1491,1736,0,134
2300,1491,1737,0,133
2301,1491,1736,0,132
2302,1492,1737,0,130
2303,1494,1738,0,131
2304,1494,1738,0,131
2305,1494,1739,0,129
2306,1495,1738,0,129
2307,1495,1739,0,128
2308,1494,1738,0,129
2309,1495,1739,0,127
2310,1495,1741,0,123
2311,1496,1743,0,125
2312,1496,1743,0,126
2313,1495,1743,0,127
2314,1494,1742,0,126
2315,1494,1742,0,126
2316,1494,1743,0,123
2317,1496,1744,0,123
2318,1499,1743,0,131
2319,1501,1744,0,136
2320,1502,1744,0,136
2321,1502,1744,0,131
2322,1502,1744,0,130
2323,1502,1744,0,136
2324,1502,1745,0,132
2325,1503,1745,0,123
2326,1504,1745,0,115
2327,1504,1749,0,114
2328,1504,1750,0,114
2329,1505,1747,0,112
2330,1505,1748,0,113
2331,1506,1747,0,113
2332,1506,1747,0,113
2333,1507,1748,0,112
2334,1507,1750,0,109
2335,1509,1752,0,106
2336,1510,1755,0,103
2337,1512,1757,0,107
2338,1513,1759,0,110
2339,1514,1760,0,110
2340,1515,1762,0,108
2341,1515,1761,0,109
2342,1515,1760,0,112
2343,1517,1760,0,119
2344,1517,1760,0,119
2345,1518,1761,0,121
2346,1524,1752,0,135
2347,1529,1751,0,135
2348,1529,1751,0,137
2349,1532,1750,0,133
2350,1532,1753,0,136
2351,1530,1755,0,135
2352,1529,1755,0,144
2353,1529,1755,0,143
2354,1532,1758,0,160
2355,1534,1760,0,161
2356,1535,1760,0,166
2357,1539,1760,0,169
2358,1543,1760,0,164
2359,1546,1760,0,148
2360,1553,1761,0,158
2361,1558,1762,0,166
2362,1558,1764,0,166
2363,1560,1764,0,153
2364,1563,1767,0,147
2365,1564,1768,0,147
2366,1567,1771,0,157
2367,1567,1771,0,166
2368,1562,1767,0,173
2369,1560,1761,0,186
2370,1562,1758,0,189
2371,1558,1759,0,197
2372,1557,1758,0,200
2373,1558,1758,0,192
2374,1560,1759,0,190
2375,1563,1756,0,184
2376,1564,1755,0,194
2377,1564,1754,0,197
2378,1566,1754,0,204
2379,1568,1754,0,198
2380,1571,1753,0,201
2381,1573,1751,0,209
2382,1574,1754,0,209
2383,1579,1757,0,203
2384,1582,1757,0,198
2385,1588,1756,0,184
2386,1591,1754,0,185
2387,1591,1752,0,196
2388,1595,1749,0,194
2389,1595,1749,0,197
2390,1593,1749,0,199
2391,1596,1749,0,199
2392,1593,1749,0,204
2393,1590,1750,0,208
2394,1589,1752,0,192
2395,1591,1751,0,191
2396,1592,1749,0,196
2397,1595,1748,0,204
2398,1601,1749,0,204
2399,1600,1749,0,203
2400,1598,1748,0,211
2401,1599,1750,0,211
2402,1600,1749,0,211
2403,1603,1749,0,211
2404,1609,1747,0,211
2405,1611,1749,0,218
2406,1614,1749,0,233
2407,1613,1750,0,236
2408,1611,1750,0,236
2409,1613,1748,0,230
2410,1615,1744,0,224
2411,1616,1746,0,223
2412,1615,1746,0,226
2413,1612,1746,0,225
2414,1612,1745,0,219
2415,1611,1746,0,220
2416,1608,1746,0,228
2417,1607,1746,0,229
2418,1607,1749,0,230
2419,1607,1752,0,234
2420,1606,1748,0,227
2421,1605,1749,0,234
2422,1603,1750,0,244
2423,1599,1748,0,258
2424,1599,1742,0,264
2425,1596,1740,0,271
2426,1596,1739,0,272
2427,1599,1738,0,271
2428,1599,1736,0,274
2429,1599,1731,0,278
2430,1597,1727,0,283
2431,1598,1724,0,294
2432,1600,1719,0,297
2433,1606,1715,0,308
2434,1603,1715,0,309
2435,1602,1713,0,325
2436,1612,1716,0,344
2437,1609,1714,0,337
2438,1606,1715,0,343
2439,1603,1714,0,344
2440,1602,1714,0,345
2441,1597,1714,0,347
2442,1596,1714,0,339
2443,1596,1714,0,338
2444,1596,1715,0,336
2445,1595,1714,0,335
2446,1593,1713,0,331
2447,1594,1714,0,324
2448,1592,1713,0,320
2449,1590,1709,0,319
2450,1588,1707,0,320
2451,1589,1706,0,321
2452,1589,1705,0,318
2453,1588,1705,0,316
2454,1589,1704,0,315
2455,1588,1703,0,309
2456,1587,1701,0,301
2457,1585,1700,0,294
2458,1584,1698,0,286
2459,1587,1691,0,270
2460,1591,1685,0,271
2461,1590,1679,0,262
2462,1588,1679,0,274
2463,1585,1675,0,275
2464,1588,1673,0,276
2465,1590,1671,0,271
2466,1588,1668,0,275
2467,1585,1668,0,271
2468,1585,1667,0,273
2469,1589,1666,0,276
2470,1588,1662,0,280
2471,1589,1660,0,287
2472,1590,1657,0,288
2473,1588,1653,0,290
2474,1592,1651,0,294
2475,1590,1652,0,291
2476,1590,1650,0,288
2477,1591,1649,0,299
2478,1590,1647,0,312
2479,1586,1644,0,324
2480,1584,1645,0,326
2481,1582,1643,0,331
2482,1579,1643,0,334
2483,1575,1642,0,346
2484,1569,1643,0,349
2485,1569,1643,0,349
2486,1569,1643,0,346
2487,1567,1643,0,351
2488,1565,1643,0,352
2489,1565,1645,0,350
2490,1565,1645,0,355
2491,1564,1649,0,5
2492,1559,1650,0,15
2493,1555,1653,0,21
2494,1553,1657,0,26
2495,1552,1659,0,26
2496,1552,1660,0,30
2497,1552,1663,0,36
2498,1552,1667,0,41
2499,1548,1672,0,43
2500,1545,1677,0,42
2501,1544,1682,0,39
2502,1544,1686,0,32
2503,1543,1690,0,30
2504,1540,1692,0,29
2505,1539,1694,0,29
2506,1538,1698,0,20
2507,1537,1698,0,21
2508,1537,1699,0,16
2509,1535,1697,0,18
2510,1531,1699,0,18
2511,1528,1701,0,16
2512,1527,1701,0,5
2513,1526,1700,0,7
2515,1526,1695,0,4
2516,1523,1695,0,358
2517,1525,1694,0,358
2518,1527,1691,0,9
2519,1528,1691,0,7
2520,1531,1691,0,11
2521,1533,1690,0,10
2522,1532,1689,0,11
2523,1530,1688,0,6
2524,1531,1688,0,4
2525,1530,1688,0,2
2526,1531,1687,0,359
2527,1529,1686,0,0
2528,1530,1685,0,1
2529,1528,1683,0,5
2530,1528,1682,0,3
2531,1529,1683,0,2
2532,1530,1682,0,1
2533,1530,1682,0,1
2534,1531,1682,0,4
2535,1530,1682,0,3
2536,1529,1684,0,5
2537,1528,1686,0,4
2538,1527,1685,0,6
2539,1526,1686,0,6
2540,1525,1687,0,3
2541,1529,1686,0,1
2542,1531,1686,0,1
2543,1531,1687,0,2
2544,1531,1689,0,359
2545,1530,1692,0,356
2546,1530,1694,0,353
2547,1530,1691,0,357
2548,1530,1691,0,353
2549,1529,1693,0,351
2550,1529,1694,0,351
2551,1529,1695,0,351
2552,1528,1695,0,352
2553,1528,1692,0,351
2554,1529,1691,0,352
2555,1529,1690,0,352
2556,1529,1692,0,350
2557,1532,1692,0,349
2558,1531,1693,0,347
2559,1531,1694,0,342
2560,1529,1695,0,345
2561,1527,1695,0,347
2562,1528,1696,0,348
2563,1528,1697,0,350
2566,1527,1697,0,351
2568,1524,1697,0,351
2569,1524,1696,0,354
2570,1525,1697,0,355
2571,1523,1697,0,358
2572,1525,1696,0,356
2573,1523,1696,0,355
2574,1520,1697,0,358
2575,1519,1695,0,355
2576,1516,1696,0,347
2577,1518,1698,0,343
2578,1517,1696,0,331
2579,1515,1694,0,328
2580,1512,1694,0,320
2581,1512,1695,0,317
2582,1510,1691,0,310
2583,1509,1681,0,300
2584,1506,1677,0,295
2585,1502,1674,0,286
2586,1499,1670,0,288
2587,1498,1666,0,295
2588,1496,1663,0,293
2589,1493,1661,0,298
2590,1491,1656,0,301
2591,1489,1649,0,302
2592,1491,1645,0,306
2593,1488,1644,0,303
2594,1485,1646,0,302
2595,1485,1645,0,300
2596,1486,1646,0,300
2597,1484,1646,0,304
2598,1480,1644,0,321
2599,1477,1645,0,325
2600,1474,1644,0,327
2601,1472,1645,0,324
2602,1472,1643,0,317
2603,1474,1642,0,310
2604,1476,1640,0,300
2605,1477,1636,0,287
2606,1475,1633,0,284
2607,1473,1630,0,281
2608,1474,1627,0,284
2609,1473,1628,0,289
2610,1471,1630,0,296
2611,1466,1628,0,301
2612,1463,1624,0,303
2613,1458,1624,0,309
2614,1454,1622,0,307
2615,1453,1620,0,307
2616,1454,1618,0,307
2617,1453,1616,0,307
2618,1452,1616,0,305
2619,1450,1611,0,305
2620,1456,1608,0,312
2621,1454,1609,0,318
2622,1454,1608,0,316
2623,1454,1607,0,318
2624,1450,1608,0,320
2625,1448,1608,0,318
2626,1446,1602,0,317
2627,1442,1598,0,313
2628,1435,1597,0,317
2629,1434,1594,0,322
2630,1432,1589,0,325
2631,1431,1585,0,324
2632,1427,1578,0,313
2633,1425,1577,0,313
2634,1421,1572,0,313
2635,1417,1568,0,301
2636,1414,1562,0,307
2637,1409,1556,0,303
2638,1407,1552,0,302
2639,1401,1547,0,311
2640,1395,1535,0,306
2641,1386,1532,0,313
2642,1381,1527,0,318
2643,1377,1527,0,321
2644,1378,1529,0,318
2645,1379,1527,0,325
2646,1379,1534,0,332
2647,1381,1536,0,342
2648,1386,1528,0,318
2649,1381,1521,0,318
2650,1376,1518,0,317
2651,1372,1514,0,324
2652,1369,1509,0,326
2653,1364,1504,0,327
2654,1360,1504,0,332
2655,1362,1496,0,332
2697,1621,1289,0,187
2698,1620,1288,0,210
2715,1439,1030,0,18
2716,1432,1033,0,25
2717,1427,1037,0,20
2718,1416,1042,0,17
2719,1406,1044,0,14
2720,1392,1047,0,17
2721,1383,1045,0,18
2722,1378,1045,0,19
2723,1375,1046,0,35
2724,1369,1047,0,34
2725,1369,1045,0,30
2726,1369,1048,0,17
2727,1361,1051,0,29
2728,1357,1053,0,32
2729,1354,1049,0,34
2730,1356,1050,0,19
2731,1355,1051,0,11
2732,1353,1050,0,13
2733,1350,1050,0,16
2734,1349,1049,0,19
2735,1345,1053,0,5
2736,1340,1052,0,8
2737,1341,1050,0,16
2738,1341,1045,0,17
2739,1342,1045,0,9
2740,1342,1045,0,8
2741,1340,1043,0,12
2742,1341,1044,0,14
2743,1340,1041,0,19
2744,1332,1044,0,17
2745,1334,1042,0,17
2746,1330,1044,0,24
2747,1319,1051,0,24
2748,1320,1051,0,21
2749,1311,1060,0,21
2750,1307,1062,0,17
2751,1300,1066,0,15
2752,1294,1075,0,22
2753,1288,1077,0,13
2754,1277,1087,0,39
2757,1279,1097,0,38
2758,1280,1101,0,43
2759,1283,1099,0,43
2760,1281,1096,0,41
2761,1281,1094,0,28
2762,1276,1098,0,34
2763,1276,1095,0,35
2764,1275,1094,0,39
2765,1275,1095,0,38
2766,1275,1095,0,37
2767,1276,1097,0,38
2768,1278,1099,0,37
2769,1277,1094,0,43
2770,1276,1098,0,43
2771,1274,1114,0,33
2772,1270,1121,0,30
2773,1265,1127,0,45
2774,1258,1139,0,54
2775,1251,1139,0,32
2776,1246,1141,0,25
2777,1235,1147,0,52
2778,1232,1148,0,34
2779,1231,1150,0,23
2780,1235,1150,0,8
2781,1239,1148,0,31
2782,1250,1141,0,47
2783,1247,1145,0,38
2784,1243,1148,0,31
2785,1241,1149,0,29
2786,1242,1147,0,28
2787,1245,1142,0,26
2790,1259,1139,0,86
2791,1267,1142,0,94
2792,1268,1147,0,94
2793,1272,1154,0,91
2794,1289,1166,0,86
2795,1294,1175,0,74
2796,1294,1171,0,96
2797,1300,1169,0,86
2798,1301,1177,0,110
2799,1310,1181,0,146
2800,1316,1184,0,162
2801,1324,1184,0,174
2802,1330,1183,0,184
2803,1336,1184,0,192
2804,1339,1181,0,193
2805,1339,1178,0,203
2806,1341,1173,0,210
2807,1342,1166,0,223
2808,1342,1161,0,243
2809,1344,1151,0,246
2810,1344,1149,0,252
2811,1343,1152,0,267
2812,1343,1153,0,270
2813,1343,1154,0,278
2814,1343,1151,0,278
2815,1344,1150,0,285
2816,1343,1150,0,288
2817,1342,1151,0,295
2818,1338,1147,0,297
2819,1336,1145,0,300
2820,1331,1142,0,311
2821,1326,1136,0,320
2822,1319,1133,0,331
2823,1314,1131,0,333
2824,1310,1129,0,345
2825,1311,1130,0,332
2826,1295,1123,0,336
2827,1289,1116,0,335
2828,1280,1115,0,325
2829,1277,1113,0,321
2830,1270,1107,0,331
2831,1265,1100,0,337
2832,1258,1097,0,338
2833,1251,1095,0,329
2834,1248,1093,0,320
2835,1240,1081,0,321
2836,1238,1078,0,319
2837,1236,1074,0,327
2838,1231,1072,0,329
2839,1222,1069,0,337
2840,1215,1066,0,346
2841,1214,1072,0,358
2842,1212,1073,0,3
2843,1210,1075,0,3
2844,1207,1075,0,0
2845,1206,1080,0,6
2846,1206,1079,0,13
2847,1207,1078,0,11
2848,1209,1076,0,9
2849,1211,1075,0,6
2850,1213,1075,0,9
2851,1216,1075,0,18
2852,1217,1077,0,26
2853,1216,1077,0,33
2854,1216,1076,0,42
2855,1219,1072,0,52
2856,1221,1079,0,92
2857,1220,1080,0,53
2858,1219,1081,0,56
2859,1223,1079,0,46
2860,1221,1084,0,68
2861,1222,1088,0,73
2862,1223,1091,0,73
2863,1221,1096,0,71
2864,1220,1102,0,71
2865,1219,1109,0,73
2866,1223,1112,0,67
2867,1223,1113,0,69
2868,1227,1105,0,75
2869,1228,1108,0,80
2870,1231,1109,0,88
2871,1232,1110,0,92
2872,1231,1108,0,89
2873,1231,1104,0,88
2874,1235,1098,0,82
2875,1240,1096,0,112
2876,1241,1093,0,103
2880,1253,1100,0,124
2884,1264,1112,0,127
2885,1274,1114,0,123
2886,1281,1114,0,106
2887,1294,1120,0,104
2888,1299,1127,0,111
2889,1303,1134,0,105
2890,1305,1141,0,96
2891,1306,1146,0,88
2892,1308,1148,0,87
2893,1305,1150,0,87
2894,1304,1152,0,78
2895,1306,1149,0,85
2896,1306,1147,0,101
2897,1304,1148,0,99
2898,1306,1147,0,105
2899,1310,1148,0,126
2902,1319,1151,0,109
2903,1322,1154,0,134
2904,1324,1155,0,129
2905,1324,1155,0,127
2906,1325,1159,0,121
2909,1324,1168,0,85
2910,1324,1163,0,86
2911,1322,1164,0,90
2912,1322,1168,0,86
2913,1326,1164,0,112
2914,1326,1169,0,114
2915,1325,1171,0,107
2916,1320,1176,0,113
2917,1326,1184,0,88
2918,1327,1189,0,86
2919,1327,1193,0,91
2920,1327,1196,0,89
2921,1325,1197,0,98
2922,1325,1198,0,90
2923,1325,1206,0,74
2924,1326,1211,0,65
2925,1325,1213,0,64
2926,1323,1213,0,66
2927,1321,1213,0,69
2928,1323,1214,0,66
2929,1324,1215,0,63
2930,1323,1217,0,66
2931,1323,1222,0,59
2932,1321,1230,0,58
2933,1323,1233,0,55
2934,1320,1240,0,57
2935,1317,1243,0,57
2936,1315,1249,0,53
2937,1312,1260,0,55
2938,1311,1265,0,53
2939,1308,1267,0,47
2940,1304,1274,0,47
2941,1301,1279,0,49
2942,1301,1284,0,43
2943,1298,1284,0,47
2944,1297,1286,0,50
2945,1296,1290,0,57
2946,1297,1291,0,49
2947,1298,1290,0,52
2948,1300,1287,0,51
2950,1303,1285,0,38
2951,1301,1285,0,35
2952,1311,1275,0,26
2953,1313,1253,0,357
2954,1305,1261,0,359
2955,1311,1261,0,357
2956,1298,1256,0,341
2957,1295,1256,0,339
2958,1293,1254,0,343
2959,1297,1249,0,332
2960,1296,1245,0,321
2961,1302,1247,0,322
2962,1309,1242,0,314
2963,1312,1238,0,309
2964,1312,1236,0,308
2965,1320,1242,0,289
2966,1320,1218,0,296
2967,1324,1211,0,284
2968,1325,1203,0,289
2969,1327,1194,0,286
2970,1329,1181,0,279
2971,1331,1180,0,277
2972,1333,1173,0,282
2973,1330,1170,0,279
2974,1334,1174,0,272
2975,1336,1171,0,266
2976,1337,1173,0,278
2977,1333,1176,0,289
2978,1336,1187,0,285
2979,1333,1179,0,281
2980,1332,1172,0,278
2981,1329,1169,0,282
2982,1329,1159,0,273
2983,1330,1150,0,278
2984,1330,1137,0,281
2985,1334,1119,0,289
2986,1331,1115,0,291
2987,1327,1110,0,294
2988,1326,1108,0,300
2989,1327,1110,0,297
2990,1330,1106,0,283
2991,1333,1096,0,282
2992,1339,1091,0,271
2993,1343,1085,0,266
2994,1349,1081,0,270
2995,1356,1069,0,269
2996,1362,1054,0,272
2997,1365,1042,0,273
2998,1369,1034,0,265
2999,1370,1024,0,264
