0,1288,1535,0,249
1,1289,1534,0,255
2,1289,1536,0,255
3,1290,1536,0,253
4,1290,1536,0,257
5,1290,1536,0,257
6,1289,1535,0,258
7,1289,1534,0,257
8,1289,1534,0,254
9,1291,1533,0,257
10,1292,1533,0,262
11,1290,1529,0,258
12,1289,1529,0,256
13,1291,1530,0,262
14,1292,1531,0,268
15,1292,1530,0,267
16,1293,1528,0,267
17,1293,1527,0,268
18,1294,1527,0,270
19,1294,1529,0,271
20,1293,1527,0,269
21,1293,1527,0,270
22,1293,1530,0,273
23,1292,1528,0,270
24,1293,1526,0,265
25,1291,1523,0,262
26,1290,1521,0,258
27,1290,1520,0,258
28,1291,1518,0,256
29,1289,1515,0,253
30,1289,1515,0,254
31,1289,1515,0,254
32,1287,1515,0,252
33,1287,1514,0,249
34,1286,1516,0,247
35,1288,1515,0,250
36,1290,1513,0,258
37,1290,1516,0,256
38,1295,1521,0,259
39,1295,1525,0,259
40,1295,1529,0,260
41,1295,1530,0,261
42,1295,1530,0,264
43,1295,1526,0,268
44,1296,1527,0,269
45,1294,1526,0,265
46,1293,1522,0,262
47,1293,1521,0,262
48,1293,1522,0,263
49,1293,1523,0,265
50,1293,1523,0,267
51,1293,1522,0,268
52,1294,1523,0,271
53,1293,1523,0,274
54,1294,1523,0,274
55,1294,1521,0,275
56,1293,1521,0,272
57,1293,1520,0,271
58,1294,1520,0,266
59,1294,1517,0,265
60,1294,1516,0,265
61,1296,1515,0,267
62,1297,1513,0,277
63,1298,1514,0,277
64,1298,1512,0,277
65,1299,1513,0,279
66,1298,1512,0,278
67,1297,1509,0,274
68,1299,1507,0,277
69,1297,1507,0,276
70,1299,1506,0,279
71,1299,1506,0,282
72,1298,1507,0,285
73,1298,1507,0,288
74,1298,1508,0,289
75,1300,1508,0,288
76,1298,1507,0,288
77,1300,1504,0,288
78,1300,1502,0,288
79,1301,1501,0,289
80,1300,1501,0,278
81,1299,1499,0,273
82,1299,1499,0,272
83,1301,1503,0,277
84,1301,1504,0,279
85,1300,1505,0,281
86,1302,1506,0,284
87,1302,1506,0,282
88,1302,1504,0,287
89,1301,1504,0,286
90,1300,1502,0,286
91,1300,1501,0,286
92,1300,1501,0,284
93,1301,1505,0,283
94,1300,1503,0,283
95,1302,1504,0,286
96,1307,1509,0,286
97,1308,1513,0,284
98,1308,1511,0,288
99,1307,1507,0,295
100,1306,1508,0,298
101,1305,1507,0,302
102,1305,1507,0,304
103,1303,1506,0,305
104,1302,1505,0,306
105,1301,1503,0,307
106,1299,1503,0,310
107,1297,1503,0,313
108,1294,1503,0,315
109,1292,1502,0,319
110,1291,1503,0,321
111,1290,1501,0,321
112,1290,1500,0,324
113,1290,1499,0,323
114,1291,1498,0,327
115,1290,1496,0,322
116,1289,1494,0,324
117,1290,1494,0,324
118,1289,1494,0,320
119,1288,1492,0,319
120,1285,1492,0,324
121,1284,1491,0,323
122,1284,1490,0,326
123,1281,1489,0,326
124,1281,1489,0,323
125,1281,1488,0,327
126,1281,1489,0,325
127,1280,1489,0,325
128,1280,1489,0,322
129,1282,1488,0,315
130,1281,1488,0,317
131,1282,1487,0,317
132,1280,1486,0,315
133,1280,1487,0,317
134,1280,1487,0,318
135,1280,1488,0,316
136,1281,1489,0,319
137,1281,1489,0,320
138,1282,1489,0,320
139,1282,1489,0,325
140,1282,1489,0,326
141,1283,1489,0,325
142,1283,1489,0,320
143,1283,1488,0,320
144,1283,1488,0,323
145,1282,1487,0,321
146,1282,1488,0,320
147,1283,1488,0,320
148,1282,1489,0,321
149,1284,1488,0,326
150,1285,1489,0,329
154,1285,1490,0,317
162,1289,1491,0,315
163,1285,1491,0,307
164,1285,1490,0,311
166,1286,1489,0,312
175,1288,1488,0,312
176,1289,1487,0,311
177,1288,1486,0,312
181,1288,1486,0,312
182,1289,1485,0,312
183,1291,1485,0,309
184,1291,1484,0,312
185,1292,1484,0,313
186,1293,1484,0,312
187,1293,1484,0,313
188,1290,1483,0,310
189,1290,1483,0,311
190,1292,1483,0,313
191,1289,1482,0,311
192,1291,1481,0,318
193,1290,1481,0,314
194,1291,1479,0,316
195,1292,1478,0,318
196,1293,1476,0,320
197,1295,1477,0,317
198,1297,1475,0,318
199,1297,1473,0,320
200,1299,1471,0,317
201,1300,1470,0,318
202,1301,1470,0,318
203,1303,1471,0,322
204,1304,1471,0,320
205,1311,1474,0,321
206,1311,1472,0,315
207,1310,1469,0,309
208,1311,1468,0,315
209,1311,1466,0,313
210,1311,1466,0,315
211,1315,1467,0,314
212,1319,1468,0,314
213,1320,1466,0,315
214,1325,1467,0,320
215,1327,1466,0,323
216,1326,1464,0,324
217,1326,1464,0,324
218,1328,1465,0,318
219,1330,1468,0,318
220,1330,1469,0,319
221,1331,1468,0,323
222,1332,1466,0,328
223,1332,1466,0,326
224,1334,1468,0,325
225,1333,1466,0,328
226,1332,1464,0,335
227,1328,1464,0,332
228,1326,1464,0,334
229,1319,1463,0,327
230,1311,1464,0,336
231,1312,1465,0,320
232,1313,1461,0,329
233,1309,1462,0,326
234,1310,1456,0,333
235,1311,1457,0,328
236,1315,1456,0,326
237,1324,1457,0,331
238,1321,1458,0,327
239,1317,1460,0,326
240,1314,1456,0,329
241,1314,1453,0,317
242,1316,1453,0,316
243,1320,1455,0,319
244,1321,1453,0,324
245,1321,1452,0,321
246,1323,1451,0,320
247,1323,1450,0,310
248,1327,1450,0,302
249,1327,1449,0,300
250,1328,1449,0,305
251,1327,1448,0,305
252,1328,1448,0,306
253,1327,1449,0,300
254,1328,1450,0,301
255,1329,1452,0,303
256,1330,1454,0,302
257,1331,1454,0,300
258,1338,1448,0,305
259,1336,1448,0,302
260,1337,1449,0,305
261,1337,1448,0,308
262,1339,1446,0,307
263,1340,1447,0,301
264,1340,1448,0,307
265,1341,1447,0,302
266,1340,1446,0,297
267,1340,1444,0,295
268,1339,1442,0,296
269,1339,1440,0,298
270,1338,1439,0,299
271,1336,1437,0,297
272,1335,1436,0,297
273,1334,1434,0,297
274,1333,1433,0,297
275,1333,1432,0,295
276,1334,1431,0,295
277,1334,1430,0,295
278,1334,1430,0,296
279,1334,1429,0,300
280,1333,1429,0,299
281,1334,1428,0,305
282,1330,1426,0,306
283,1329,1425,0,309
284,1327,1423,0,312
285,1321,1420,0,304
286,1320,1420,0,303
287,1319,1420,0,304
288,1318,1418,0,303
289,1318,1418,0,305
290,1318,1417,0,309
291,1319,1413,0,313
292,1318,1411,0,319
293,1318,1412,0,318
294,1318,1412,0,316
295,1318,1412,0,316
296,1318,1413,0,315
297,1319,1412,0,314
298,1319,1412,0,316
299,1319,1413,0,318
300,1319,1412,0,322
301,1317,1412,0,323
302,1317,1412,0,324
303,1316,1413,0,323
304,1314,1413,0,320
305,1314,1413,0,320
306,1313,1413,0,315
307,1313,1412,0,312
308,1313,1412,0,312
309,1314,1410,0,318
310,1315,1410,0,316
311,1315,1410,0,310
312,1314,1409,0,312
313,1312,1408,0,315
314,1312,1409,0,317
315,1313,1410,0,317
316,1314,1412,0,320
317,1314,1413,0,323
318,1314,1413,0,328
319,1312,1414,0,335
320,1309,1412,0,338
323,1311,1416,0,334
324,1312,1417,0,329
325,1315,1417,0,329
326,1316,1418,0,325
327,1318,1419,0,319
328,1319,1418,0,308
329,1318,1414,0,306
330,1319,1413,0,307
331,1319,1411,0,302
332,1319,1411,0,303
333,1319,1408,0,302
334,1319,1408,0,302
335,1319,1408,0,298
336,1321,1405,0,301
337,1320,1405,0,300
338,1322,1404,0,297
339,1322,1401,0,295
340,1323,1398,0,288
341,1323,1396,0,287
342,1324,1393,0,285
343,1325,1393,0,287
344,1324,1392,0,285
345,1323,1391,0,281
346,1330,1395,0,281
347,1334,1394,0,284
348,1338,1395,0,281
349,1342,1391,0,281
350,1348,1387,0,296
351,1358,1387,0,298
352,1364,1390,0,295
353,1363,1391,0,295
354,1366,1389,0,292
355,1367,1389,0,290
356,1370,1383,0,283
357,1370,1377,0,279
358,1370,1376,0,277
359,1374,1372,0,280
360,1373,1364,0,279
361,1379,1363,0,275
362,1381,1357,0,261
363,1383,1359,0,258
364,1382,1362,0,264
365,1381,1362,0,265
366,1380,1362,0,261
367,1381,1363,0,256
368,1380,1362,0,258
369,1381,1362,0,257
370,1383,1361,0,262
371,1383,1357,0,261
372,1383,1360,0,265
373,1383,1359,0,262
374,1383,1357,0,259
375,1383,1357,0,260
376,1382,1356,0,258
377,1384,1359,0,259
378,1384,1360,0,262
379,1384,1359,0,261
380,1384,1359,0,263
381,1383,1359,0,267
382,1383,1360,0,271
383,1383,1359,0,271
384,1382,1357,0,266
385,1382,1357,0,259
386,1385,1359,0,259
387,1389,1357,0,250
388,1392,1351,0,250
389,1392,1347,0,250
390,1391,1345,0,251
391,1390,1343,0,257
392,1390,1339,0,256
393,1391,1336,0,256
394,1392,1334,0,259
395,1392,1335,0,254
396,1399,1338,0,257
397,1400,1338,0,254
398,1399,1338,0,257
399,1400,1339,0,259
400,1397,1337,0,266
401,1397,1338,0,268
402,1397,1337,0,273
403,1397,1338,0,277
404,1395,1336,0,275
405,1395,1335,0,274
406,1396,1334,0,270
407,1397,1333,0,261
408,1396,1334,0,262
409,1395,1335,0,267
410,1394,1336,0,271
411,1394,1334,0,271
412,1394,1332,0,262
413,1394,1332,0,259
414,1392,1336,0,254
415,1388,1339,0,259
416,1389,1341,0,239
417,1393,1341,0,233
418,1392,1347,0,220
419,1394,1345,0,208
420,1393,1340,0,205
421,1395,1336,0,197
422,1395,1335,0,198
423,1397,1333,0,206
424,1396,1334,0,207
425,1395,1334,0,205
426,1396,1332,0,199
427,1402,1333,0,196
428,1398,1338,0,189
429,1397,1339,0,202
430,1397,1336,0,208
431,1397,1336,0,199
432,1396,1338,0,199
433,1401,1336,0,199
434,1396,1337,0,204
435,1395,1336,0,199
436,1398,1336,0,196
437,1396,1338,0,189
438,1399,1338,0,175
439,1400,1338,0,166
440,1398,1342,0,160
441,1406,1346,0,136
442,1407,1345,0,124
443,1409,1344,0,137
444,1412,1338,0,136
445,1410,1335,0,137
446,1412,1328,0,123
447,1415,1328,0,112
448,1424,1335,0,95
449,1423,1339,0,92
450,1418,1341,0,96
451,1420,1341,0,101
452,1425,1342,0,100
453,1425,1344,0,102
454,1425,1345,0,105
455,1427,1347,0,105
456,1429,1352,0,92
457,1426,1353,0,95
458,1430,1355,0,91
459,1429,1358,0,99
460,1431,1364,0,108
461,1429,1368,0,123
462,1425,1366,0,118
463,1429,1364,0,94
464,1427,1362,0,89
465,1424,1367,0,85
466,1420,1367,0,70
467,1418,1366,0,63
468,1416,1364,0,57
469,1416,1366,0,57
470,1412,1371,0,52
471,1409,1375,0,46
472,1407,1377,0,41
473,1403,1378,0,43
474,1401,1377,0,39
475,1398,1378,0,39
476,1397,1379,0,34
477,1396,1378,0,32
478,1393,1377,0,25
479,1393,1378,0,24
480,1389,1380,0,20
481,1389,1382,0,19
482,1388,1382,0,17
483,1388,1382,0,18
484,1390,1381,0,14
485,1388,1385,0,7
486,1387,1384,0,6
487,1389,1382,0,11
488,1387,1383,0,8
489,1387,1384,0,6
490,1390,1385,0,8
491,1391,1381,0,10
492,1392,1381,0,9
493,1392,1381,0,8
494,1390,1382,0,9
495,1390,1382,0,9
496,1390,1383,0,10
497,1390,1383,0,9
498,1391,1382,0,11
499,1394,1381,0,11
500,1396,1378,0,7
501,1398,1376,0,8
502,1400,1375,0,8
503,1401,1374,0,4
504,1398,1377,0,357
505,1395,1375,0,352
506,1389,1373,0,341
507,1383,1376,0,336
508,1382,1380,0,351
509,1385,1370,0,337
510,1384,1365,0,346
511,1381,1357,0,350
512,1378,1352,0,350
513,1377,1354,0,345
514,1377,1355,0,343
515,1379,1358,0,333
516,1381,1356,0,341
517,1383,1357,0,346
518,1384,1362,0,346
519,1382,1362,0,356
520,1380,1359,0,358
521,1377,1362,0,355
522,1375,1364,0,353
523,1378,1367,0,352
524,1380,1374,0,352
525,1378,1376,0,352
526,1374,1377,0,352
527,1375,1375,0,355
528,1375,1377,0,348
529,1372,1376,0,345
530,1371,1373,0,346
531,1369,1369,0,350
532,1369,1373,0,357
533,1366,1379,0,11
534,1363,1380,0,13
535,1356,1385,0,10
536,1352,1385,0,17
537,1350,1387,0,17
538,1347,1388,0,16
539,1343,1396,0,18
540,1340,1395,0,18
541,1333,1396,0,16
542,1332,1399,0,6
543,1327,1401,0,2
544,1321,1399,0,357
545,1316,1400,0,0
546,1307,1400,0,5
547,1304,1403,0,6
548,1299,1403,0,13
549,1290,1405,0,23
550,1284,1405,0,29
551,1278,1416,0,26
552,1277,1420,0,41
553,1274,1421,0,38
554,1272,1422,0,42
555,1269,1420,0,38
556,1271,1425,0,34
557,1266,1426,0,43
558,1262,1430,0,36
559,1259,1430,0,35
560,1258,1435,0,36
561,1257,1443,0,38
562,1254,1444,0,41
563,1252,1443,0,34
564,1249,1443,0,37
565,1246,1450,0,27
566,1244,1452,0,26
567,1241,1452,0,30
568,1234,1454,0,20
569,1233,1452,0,21
570,1233,1452,0,19
571,1232,1451,0,20
572,1234,1452,0,16
573,1233,1453,0,13
574,1231,1456,0,9
575,1229,1457,0,11
576,1229,1460,0,14
577,1227,1461,0,14
578,1226,1463,0,15
579,1222,1464,0,21
580,1221,1463,0,23
581,1220,1463,0,22
582,1224,1464,0,6
583,1220,1463,0,4
584,1225,1461,0,6
585,1225,1457,0,9
586,1226,1455,0,4
587,1224,1457,0,1
588,1223,1457,0,0
589,1222,1456,0,0
590,1222,1456,0,358
591,1220,1456,0,357
592,1219,1453,0,5
593,1219,1452,0,6
594,1219,1447,0,5
595,1220,1446,0,7
596,1222,1441,0,8
597,1221,1438,0,8
598,1223,1439,0,6
599,1224,1434,0,10
600,1228,1434,0,6
601,1230,1435,0,10
602,1231,1439,0,10
603,1230,1439,0,8
604,1231,1438,0,9
605,1232,1440,0,8
606,1234,1442,0,11
607,1236,1445,0,10
608,1239,1446,0,6
609,1238,1445,0,14
610,1237,1451,0,21
611,1237,1452,0,21
612,1236,1455,0,23
613,1234,1456,0,25
614,1234,1457,0,27
615,1231,1460,0,32
616,1229,1453,0,29
617,1229,1450,0,27
618,1229,1449,0,27
619,1231,1449,0,19
620,1232,1448,0,12
621,1230,1446,0,2
622,1225,1445,0,2
623,1216,1440,0,353
624,1211,1433,0,354
625,1208,1435,0,352
626,1205,1439,0,353
627,1198,1438,0,345
628,1193,1435,0,340
629,1189,1434,0,338
630,1189,1427,0,343
631,1187,1425,0,333
632,1181,1419,0,329
633,1177,1412,0,325
634,1176,1409,0,326
635,1173,1402,0,323
636,1165,1397,0,324
637,1161,1393,0,314
638,1160,1389,0,311
639,1155,1380,0,317
640,1150,1377,0,314
641,1148,1372,0,314
642,1143,1370,0,306
643,1137,1366,0,306
644,1129,1361,0,306
645,1126,1360,0,309
646,1124,1357,0,308
647,1122,1354,0,311
648,1121,1353,0,311
649,1119,1350,0,311
650,1122,1350,0,319
651,1119,1348,0,324
652,1113,1350,0,335
653,1105,1350,0,336
654,1100,1348,0,342
655,1097,1347,0,344
656,1094,1351,0,345
657,1093,1352,0,353
658,1090,1351,0,355
659,1086,1353,0,353
660,1082,1349,0,2
661,1082,1351,0,351
662,1080,1351,0,349
663,1072,1344,0,348
664,1072,1344,0,346
665,1073,1342,0,349
666,1071,1342,0,351
667,1072,1339,0,344
668,1073,1334,0,337
669,1072,1333,0,335
670,1071,1332,0,333
671,1071,1330,0,329
672,1072,1329,0,327
673,1071,1328,0,324
674,1070,1324,0,323
675,1072,1320,0,325
676,1069,1319,0,325
677,1067,1318,0,326
678,1067,1314,0,324
679,1067,1310,0,319
680,1062,1309,0,318
681,1060,1306,0,318
682,1056,1303,0,321
683,1054,1301,0,331
684,1051,1300,0,334
685,1050,1298,0,332
686,1048,1300,0,324
687,1045,1297,0,321
688,1041,1293,0,318
689,1040,1293,0,321
690,1038,1290,0,324
691,1036,1289,0,328
692,1035,1287,0,329
693,1035,1288,0,331
694,1035,1287,0,333
695,1029,1290,0,321
696,1026,1291,0,326
697,1031,1292,0,342
698,1032,1288,0,338
699,1031,1286,0,334
700,1031,1285,0,330
701,1029,1285,0,326
702,1028,1284,0,322
703,1027,1283,0,314
704,1023,1281,0,307
705,1022,1283,0,310
706,1023,1286,0,323
707,1024,1284,0,331
708,1025,1281,0,333
709,1027,1280,0,329
710,1025,1279,0,328
711,1028,1279,0,328
712,1031,1281,0,332
713,1032,1284,0,331
714,1030,1285,0,331
715,1030,1289,0,332
716,1030,1293,0,338
717,1030,1295,0,338
718,1033,1295,0,340
719,1030,1294,0,347
720,1023,1295,0,354
721,1016,1296,0,357
722,1011,1299,0,357
723,1003,1299,0,3
724,1000,1301,0,12
725,994,1300,0,10
726,989,1300,0,12
727,984,1304,0,7
728,981,1305,0,4
729,979,1306,0,2
730,977,1307,0,359
731,977,1306,0,357
732,972,1308,0,354
733,967,1309,0,349
734,963,1312,0,352
735,960,1312,0,355
736,960,1311,0,352
737,954,1307,0,347
738,954,1299,0,351
739,950,1303,0,349
740,947,1302,0,350
741,943,1300,0,345
742,942,1299,0,341
743,938,1299,0,340
744,937,1298,0,346
745,931,1294,0,342
746,929,1294,0,342
747,925,1292,0,344
748,924,1291,0,341
749,921,1290,0,336
750,918,1291,0,336
751,916,1292,0,338
752,916,1291,0,336
753,915,1292,0,339
754,913,1291,0,341
755,910,1291,0,343
756,908,1290,0,345
757,903,1290,0,344
758,899,1290,0,348
759,899,1295,0,354
760,893,1295,0,359
761,893,1294,0,359
762,895,1297,0,3
763,895,1297,0,7
764,888,1297,0,3
765,883,1302,0,1
766,882,1303,0,352
767,882,1302,0,345
768,879,1303,0,346
769,869,1298,0,338
770,863,1295,0,335
771,854,1292,0,333
772,849,1287,0,340
773,845,1283,0,344
774,843,1283,0,343
775,838,1285,0,341
776,832,1284,0,346
777,827,1283,0,346
778,828,1286,0,348
779,833,1287,0,348
780,832,1283,0,350
781,831,1286,0,353
782,827,1288,0,355
783,825,1287,0,358
784,822,1284,0,0
785,817,1281,0,4
786,814,1282,0,359
787,810,1281,0,0
788,807,1284,0,2
789,802,1282,0,0
790,799,1283,0,359
791,795,1283,0,3
792,794,1284,0,2
793,793,1281,0,1
794,792,1281,0,1
795,791,1281,0,359
796,790,1280,0,358
797,790,1279,0,0
798,791,1279,0,355
799,789,1279,0,354
800,789,1280,0,351
801,789,1280,0,351
802,789,1280,0,352
803,788,1280,0,349
804,785,1280,0,345
805,785,1281,0,344
806,783,1283,0,342
807,781,1285,0,341
808,780,1286,0,337
809,779,1281,0,332
810,775,1280,0,331
811,778,1276,0,328
812,777,1272,0,321
813,776,1269,0,324
814,774,1269,0,330
815,771,1267,0,332
816,766,1264,0,334
817,764,1263,0,335
818,761,1262,0,337
819,761,1258,0,332
820,761,1258,0,331
821,759,1255,0,331
822,753,1252,0,338
823,750,1251,0,340
824,746,1247,0,338
825,743,1246,0,339
826,738,1244,0,339
827,734,1240,0,335
828,733,1237,0,332
829,733,1234,0,330
830,733,1235,0,326
831,731,1232,0,327
832,729,1232,0,325
833,727,1230,0,326
834,729,1229,0,331
835,729,1230,0,340
836,728,1230,0,343
837,727,1233,0,342
838,731,1236,0,345
839,731,1238,0,350
840,727,1239,0,353
841,723,1240,0,354
842,719,1243,0,353
843,717,1245,0,349
844,711,1248,0,341
845,713,1247,0,346
846,710,1248,0,341
847,708,1245,0,336
848,706,1245,0,337
849,706,1243,0,338
850,705,1242,0,337
851,701,1241,0,332
852,701,1240,0,333
853,700,1240,0,336
854,699,1238,0,332
855,698,1238,0,333
856,697,1237,0,335
857,696,1238,0,339
858,696,1240,0,343
859,698,1241,0,339
860,700,1240,0,339
861,699,1239,0,343
862,699,1240,0,342
863,700,1246,0,346
864,705,1249,0,353
865,704,1249,0,1
866,705,1249,0,6
867,703,1252,0,12
868,703,1252,0,14
869,701,1254,0,17
870,698,1258,0,16
871,694,1259,0,16
872,690,1260,0,13
873,687,1263,0,15
874,685,1263,0,13
875,684,1264,0,14
876,682,1263,0,12
877,677,1264,0,10
878,674,1265,0,5
879,672,1268,0,3
880,670,1272,0,3
881,662,1278,0,8
882,662,1278,0,0
883,659,1277,0,0
884,658,1280,0,1
885,654,1281,0,359
886,654,1281,0,358
887,652,1281,0,3
888,651,1282,0,2
889,646,1280,0,354
890,643,1279,0,355
891,640,1280,0,356
892,638,1280,0,355
893,637,1280,0,355
894,635,1280,0,358
895,635,1283,0,0
896,633,1286,0,3
897,634,1290,0,5
898,629,1291,0,5
899,625,1293,0,6
900,622,1296,0,6
901,620,1298,0,6
902,619,1301,0,9
903,619,1299,0,11
904,618,1300,0,9
905,615,1300,0,7
906,614,1301,0,5
907,611,1302,0,5
908,609,1304,0,2
909,606,1306,0,2
910,605,1308,0,4
911,603,1309,0,6
912,603,1312,0,6
913,600,1312,0,2
914,599,1313,0,355
915,597,1312,0,356
916,596,1311,0,354
917,595,1309,0,347
918,596,1308,0,347
919,596,1309,0,346
920,596,1309,0,344
921,596,1310,0,347
922,595,1311,0,350
923,596,1312,0,350
924,596,1312,0,348
925,596,1312,0,349
926,595,1312,0,350
927,595,1312,0,349
928,593,1312,0,348
929,594,1312,0,347
930,595,1312,0,348
931,594,1312,0,347
932,593,1312,0,345
933,594,1312,0,348
934,594,1311,0,348
935,594,1311,0,347
936,592,1311,0,345
937,592,1310,0,343
938,592,1310,0,343
939,592,1309,0,343
940,592,1309,0,340
941,591,1309,0,342
942,591,1309,0,341
943,590,1309,0,341
944,590,1309,0,341
945,590,1308,0,342
946,588,1307,0,338
947,587,1307,0,339
948,587,1307,0,338
949,587,1307,0,340
950,588,1307,0,339
951,587,1306,0,336
952,587,1309,0,339
953,586,1308,0,341
954,586,1308,0,339
955,585,1308,0,339
956,586,1308,0,340
957,586,1309,0,342
958,586,1309,0,344
959,586,1309,0,341
960,585,1307,0,338
961,586,1306,0,336
962,588,1305,0,339
963,589,1305,0,336
964,588,1304,0,341
965,588,1304,0,341
966,589,1305,0,344
967,589,1305,0,342
968,588,1305,0,344
969,589,1305,0,345
970,588,1305,0,346
971,589,1304,0,344
972,591,1305,0,345
973,591,1305,0,346
974,591,1306,0,345
975,590,1306,0,343
976,590,1305,0,342
977,589,1305,0,344
978,590,1305,0,344
979,589,1305,0,345
980,590,1305,0,346
981,589,1305,0,346
982,590,1306,0,345
983,590,1306,0,343
984,590,1305,0,346
985,589,1305,0,347
986,589,1305,0,347
987,588,1308,0,343
988,587,1310,0,347
989,586,1310,0,349
990,586,1309,0,349
991,587,1310,0,349
992,586,1309,0,350
993,584,1309,0,349
994,583,1307,0,344
995,582,1305,0,346
996,582,1304,0,340
997,584,1300,0,343
998,586,1298,0,346
999,584,1297,0,346
1000,583,1297,0,347
1001,582,1295,0,346
1002,582,1296,0,343
1003,580,1296,0,340
1004,576,1294,0,342
1005,572,1290,0,351
1006,572,1290,0,347
1007,574,1289,0,339
1008,576,1288,0,336
1009,575,1287,0,337
1011,574,1285,0,339
1012,574,1285,0,340
1013,572,1287,0,343
1014,571,1287,0,343
1015,571,1287,0,350
1016,572,1288,0,348
1017,572,1287,0,347
1018,572,1288,0,348
1019,571,1288,0,348
1020,574,1289,0,349
1021,575,1289,0,347
1022,574,1289,0,343
1023,575,1288,0,344
1024,577,1287,0,342
1025,577,1287,0,342
1026,577,1286,0,343
1027,576,1285,0,343
1028,576,1285,0,343
1029,577,1287,0,346
1030,577,1287,0,346
1031,577,1288,0,350
1032,578,1290,0,353
1033,580,1291,0,359
1034,578,1290,0,359
1035,579,1290,0,0
1036,578,1292,0,2
1037,578,1293,0,4
1038,578,1293,0,6
1039,576,1294,0,4
1040,575,1293,0,5
1041,573,1295,0,6
1042,573,1294,0,5
1043,573,1293,0,6
1044,573,1293,0,6
1045,574,1293,0,6
1046,574,1292,0,4
1047,573,1292,0,5
1048,571,1290,0,5
1049,570,1292,0,4
1050,569,1293,0,7
1051,569,1293,0,0
1052,570,1292,0,1
1053,570,1291,0,355
1054,573,1291,0,355
1055,571,1289,0,356
1056,570,1289,0,355
1057,568,1290,0,357
1058,566,1291,0,354
1059,569,1290,0,354
1060,575,1292,0,3
1061,575,1292,0,10
1062,576,1292,0,15
1063,575,1293,0,18
1064,575,1291,0,14
1065,575,1294,0,21
1066,574,1300,0,23
1067,575,1300,0,26
1068,575,1302,0,32
1069,574,1302,0,27
1070,573,1301,0,27
1071,572,1301,0,26
1072,570,1303,0,25
1073,566,1301,0,28
1074,562,1302,0,32
1075,561,1304,0,24
1076,559,1304,0,25
1077,558,1303,0,25
1078,559,1303,0,21
1079,561,1302,0,16
1080,563,1300,0,15
1081,563,1303,0,6
1082,562,1305,0,1
1083,558,1308,0,359
1084,556,1311,0,358
1085,550,1312,0,357
1086,551,1310,0,358
1087,551,1307,0,1
1088,549,1306,0,359
1089,543,1305,0,355
1090,541,1304,0,350
1091,540,1300,0,353
1092,540,1300,0,357
1093,539,1301,0,351
1094,539,1299,0,345
1095,536,1300,0,345
1096,534,1299,0,346
1097,531,1298,0,346
1098,529,1298,0,347
1099,528,1297,0,347
1100,527,1296,0,347
1101,525,1295,0,346
1102,524,1293,0,342
1103,523,1292,0,343
1104,522,1293,0,341
1105,521,1293,0,342
1106,522,1291,0,341
1107,521,1290,0,341
1108,521,1290,0,341
1109,522,1290,0,340
1110,523,1290,0,338
1111,523,1290,0,339
1112,523,1290,0,339
1113,523,1290,0,337
1114,523,1290,0,336
1115,523,1290,0,336
1116,522,1290,0,339
1117,523,1290,0,339
1118,522,1289,0,341
1119,523,1290,0,341
1120,522,1290,0,341
1121,522,1290,0,343
1122,523,1290,0,345
1123,524,1290,0,346
1124,522,1290,0,344
1125,522,1289,0,344
1126,523,1291,0,341
1127,525,1291,0,338
1128,526,1291,0,334
1129,526,1291,0,334
1130,525,1291,0,333
1131,524,1291,0,333
1132,523,1290,0,335
1133,521,1289,0,336
1134,521,1288,0,338
1135,520,1288,0,336
1136,519,1288,0,336
1137,520,1287,0,336
1138,525,1286,0,333
1139,525,1287,0,332
1140,526,1285,0,325
1141,532,1275,0,327
1142,534,1277,0,329
1143,533,1277,0,327
1144,531,1275,0,327
1145,530,1274,0,327
1146,530,1271,0,325
1147,527,1271,0,324
1148,526,1270,0,322
1149,526,1268,0,322
1150,524,1267,0,323
1151,523,1268,0,325
1152,523,1268,0,324
1153,523,1268,0,328
1154,524,1270,0,330
1155,525,1269,0,329
1156,523,1269,0,328
1157,523,1269,0,332
1158,524,1269,0,336
1159,523,1269,0,337
1160,521,1269,0,336
1161,520,1269,0,336
1162,519,1270,0,336
1163,518,1270,0,336
1164,518,1270,0,336
1165,517,1271,0,337
1166,516,1272,0,338
1167,515,1273,0,338
1168,517,1274,0,340
1169,516,1274,0,340
1170,517,1274,0,339
1171,518,1273,0,341
1172,518,1273,0,341
1173,518,1273,0,341
1174,518,1273,0,342
1175,520,1273,0,339
1176,520,1274,0,343
1177,518,1273,0,342
1178,518,1272,0,341
1179,519,1273,0,345
1180,518,1273,0,345
1181,517,1273,0,346
1182,518,1273,0,345
1183,518,1273,0,344
1184,519,1273,0,344
1185,519,1274,0,344
1186,517,1274,0,338
1187,517,1275,0,337
1188,518,1274,0,338
1189,519,1274,0,339
1190,520,1275,0,342
1191,519,1275,0,342
1192,519,1275,0,341
1193,521,1275,0,340
1194,521,1275,0,339
1195,521,1275,0,338
1196,521,1274,0,340
1197,521,1274,0,340
1198,521,1274,0,338
1199,521,1274,0,336
1200,520,1274,0,335
1201,521,1274,0,333
1202,526,1275,0,335
1203,527,1274,0,336
1204,526,1273,0,343
1205,526,1272,0,344
1206,525,1272,0,347
1207,524,1272,0,347
1208,521,1272,0,343
1209,521,1272,0,345
1210,520,1273,0,345
1211,521,1273,0,343
1212,520,1273,0,344
1213,521,1273,0,342
1214,521,1273,0,341
1215,520,1274,0,342
1216,518,1273,0,343
1217,518,1273,0,344
1218,519,1273,0,344
1219,518,1273,0,343
1220,517,1273,0,344
1221,517,1273,0,348
1222,518,1273,0,349
1223,517,1272,0,348
1224,517,1272,0,351
1225,517,1272,0,351
1226,517,1273,0,350
1227,517,1273,0,351
1228,515,1273,0,350
1229,519,1274,0,346
1230,519,1274,0,346
1231,520,1273,0,343
1232,521,1273,0,342
1233,524,1273,0,341
1234,525,1275,0,333
1235,524,1273,0,337
1236,525,1273,0,337
1237,526,1273,0,334
1238,529,1272,0,329
1239,529,1271,0,325
1240,526,1270,0,323
1241,527,1270,0,318
1242,528,1268,0,314
1243,526,1267,0,311
1244,525,1266,0,307
1245,524,1265,0,307
1246,524,1265,0,307
1247,521,1263,0,306
1248,520,1262,0,308
1249,520,1262,0,307
1250,519,1262,0,305
1251,518,1258,0,306
1252,519,1251,0,308
1253,516,1246,0,317
1254,519,1242,0,320
1255,519,1239,0,323
1256,518,1238,0,324
1257,516,1236,0,314
1258,515,1234,0,308
1259,517,1232,0,301
1260,516,1233,0,304
1261,515,1233,0,308
1262,516,1234,0,317
1263,515,1233,0,319
1264,515,1233,0,323
1265,516,1234,0,319
1266,517,1233,0,315
1267,517,1234,0,306
1268,517,1233,0,296
1269,516,1230,0,296
1270,516,1229,0,298
1271,516,1229,0,297
1272,516,1227,0,296
1273,515,1224,0,296
1274,513,1222,0,293
1275,514,1220,0,291
1276,512,1216,0,289
1277,511,1213,0,291
1278,509,1209,0,288
1279,511,1204,0,288
1280,514,1201,0,285
1281,514,1195,0,278
1282,512,1186,0,282
1283,514,1182,0,281
1284,515,1178,0,274
1285,508,1174,0,271
1286,509,1172,0,273
1287,509,1169,0,278
1288,507,1162,0,278
1289,505,1163,0,289
1290,504,1161,0,291
1291,504,1159,0,292
1292,501,1157,0,297
1293,499,1153,0,299
1294,501,1143,0,314
1295,500,1141,0,310
1296,501,1137,0,317
1297,499,1138,0,317
1298,495,1135,0,318
1299,494,1131,0,321
1300,494,1130,0,316
1301,494,1129,0,311
1302,493,1130,0,309
1303,493,1129,0,311
1304,496,1130,0,311
1305,495,1131,0,319
1306,492,1129,0,318
1307,492,1125,0,325
1308,491,1125,0,327
1309,488,1126,0,324
1310,486,1127,0,321
1311,487,1126,0,318
1312,488,1123,0,324
1313,487,1123,0,326
1314,486,1121,0,328
1315,487,1121,0,326
1316,486,1121,0,328
1317,486,1122,0,330
1318,484,1121,0,327
1319,484,1120,0,328
1320,486,1120,0,329
1321,486,1120,0,328
1322,485,1120,0,326
1323,485,1122,0,327
1324,486,1123,0,326
1325,484,1124,0,320
1326,496,1122,0,327
1327,496,1121,0,329
1328,495,1119,0,333
1329,492,1118,0,340
1330,491,1118,0,343
1331,491,1119,0,345
1332,494,1119,0,346
1333,494,1119,0,346
1334,495,1119,0,345
1335,496,1119,0,345
1336,495,1119,0,344
1337,498,1119,0,346
1338,500,1118,0,345
1339,500,1118,0,341
1340,499,1117,0,341
1341,498,1116,0,342
1342,497,1115,0,341
1343,497,1115,0,341
1344,498,1115,0,340
1345,498,1114,0,338
1346,499,1114,0,344
1347,502,1116,0,339
1348,501,1115,0,339
1349,499,1113,0,341
1350,498,1114,0,335
1351,501,1115,0,335
1352,502,1117,0,339
1353,502,1116,0,343
1354,501,1117,0,340
1355,500,1116,0,344
1356,500,1116,0,348
1357,501,1117,0,344
1358,500,1117,0,348
1359,503,1119,0,347
1360,503,1116,0,344
1361,504,1116,0,339
1362,505,1113,0,344
1363,505,1115,0,346
1364,505,1116,0,341
1365,505,1115,0,341
1366,507,1116,0,337
1367,512,1120,0,337
1368,513,1122,0,331
1369,514,1121,0,330
1370,509,1121,0,310
1371,511,1123,0,310
1372,511,1121,0,302
1373,511,1120,0,300
1374,511,1121,0,296
1375,510,1119,0,295
1376,512,1115,0,295
1377,514,1113,0,292
1378,511,1110,0,290
1379,514,1103,0,289
1380,513,1107,0,284
1381,513,1106,0,290
1382,513,1108,0,287
1383,515,1107,0,286
1384,516,1103,0,285
1385,515,1106,0,284
1386,515,1107,0,284
1387,514,1107,0,282
1388,515,1106,0,281
1389,515,1105,0,283
1390,515,1105,0,285
1391,514,1105,0,286
1392,514,1106,0,287
1393,516,1105,0,286
1394,516,1104,0,285
1395,516,1105,0,286
1396,515,1108,0,287
1397,515,1106,0,285
1398,516,1105,0,286
1399,515,1103,0,285
1400,516,1106,0,287
1401,515,1104,0,286
1402,516,1105,0,285
1403,517,1104,0,286
1404,517,1103,0,288
1405,515,1103,0,289
1406,512,1103,0,291
1407,511,1100,0,290
1408,508,1100,0,285
1409,508,1100,0,284
1410,506,1099,0,281
1411,506,1097,0,279
1412,507,1095,0,281
1413,507,1095,0,282
1414,507,1096,0,277
1415,507,1095,0,273
1416,509,1093,0,272
1417,509,1089,0,274
1418,513,1085,0,279
1419,511,1080,0,277
1420,510,1071,0,275
1421,509,1070,0,272
1422,509,1067,0,271
1423,509,1064,0,277
1424,508,1059,0,282
1425,506,1056,0,281
1426,505,1056,0,287
1427,504,1055,0,293
1428,503,1055,0,292
1429,503,1054,0,291
1430,503,1054,0,294
1431,502,1053,0,291
1432,504,1054,0,297
1433,509,1058,0,292
1434,509,1061,0,293
1435,508,1060,0,295
1436,506,1058,0,287
1437,505,1061,0,284
1438,504,1058,0,285
1439,507,1054,0,279
1440,509,1053,0,277
1441,509,1050,0,280
1442,507,1046,0,277
1443,507,1044,0,278
1444,506,1042,0,281
1445,505,1039,0,284
1446,505,1038,0,284
1447,511,1039,0,282
1448,514,1039,0,277
1449,509,1039,0,278
1450,506,1039,0,281
1451,505,1040,0,286
1452,505,1039,0,291
1453,503,1038,0,293
1454,502,1040,0,289
1455,503,1039,0,283
1456,504,1039,0,271
1457,504,1042,0,265
1458,510,1043,0,260
1459,512,1044,0,261
1460,514,1043,0,255
1461,513,1044,0,246
1462,513,1039,0,244
1463,518,1038,0,247
1464,521,1036,0,244
1465,523,1038,0,236
1466,528,1032,0,230
1467,533,1026,0,229
1468,542,1022,0,227
1469,549,1022,0,238
1470,549,1017,0,229
1471,550,1013,0,236
1472,548,1011,0,250
1473,549,1005,0,259
1474,550,999,0,258
1475,550,998,0,255
1476,551,997,0,253
1477,551,997,0,249
1478,553,996,0,245
1479,554,995,0,243
1480,556,991,0,240
1481,557,992,0,242
1482,556,996,0,244
1483,554,998,0,244
1484,552,1003,0,244
1485,551,1004,0,246
1486,552,1004,0,243
1487,553,1005,0,226
1488,553,1006,0,212
1489,557,1007,0,209
1490,562,1009,0,198
1491,565,1011,0,196
1492,574,1012,0,190
1493,578,1009,0,186
1494,586,1004,0,177
1495,590,996,0,154
1496,591,995,0,150
1497,597,992,0,153
1498,604,990,0,152
1499,608,990,0,145
1500,611,990,0,139
1501,614,996,0,137
1502,617,998,0,128
1503,620,1001,0,119
1504,619,1005,0,123
1505,619,1008,0,120
1506,620,1009,0,115
1507,618,1009,0,114
1508,619,1012,0,122
1509,620,1013,0,118
1510,622,1019,0,123
1511,627,1022,0,119
1512,628,1025,0,117
1513,629,1026,0,115
1514,632,1030,0,107
1515,631,1033,0,110
1516,633,1039,0,104
1517,634,1044,0,105
1518,634,1043,0,105
1519,637,1043,0,105
1520,639,1045,0,109
1521,638,1044,0,111
1522,637,1046,0,110
1523,640,1047,0,109
1524,640,1044,0,104
1525,639,1043,0,103
1526,636,1042,0,92
1527,634,1041,0,85
1528,634,1043,0,80
1529,633,1044,0,77
1530,631,1046,0,68
1531,630,1048,0,69
1532,629,1048,0,68
1533,627,1049,0,68
1534,626,1049,0,63
1535,628,1051,0,58
1536,629,1050,0,58
1537,629,1049,0,57
1538,627,1050,0,60
1539,626,1050,0,50
1540,624,1049,0,47
1541,623,1049,0,42
1542,624,1050,0,33
1543,623,1048,0,32
1544,621,1047,0,26
1545,621,1048,0,24
1546,620,1047,0,21
1547,619,1046,0,17
1548,617,1046,0,15
1549,615,1047,0,16
1550,613,1047,0,15
1551,613,1049,0,15
1552,614,1049,0,16
1553,613,1049,0,16
1554,615,1045,0,18
1555,616,1044,0,16
1556,615,1042,0,19
1557,615,1043,0,19
1558,614,1044,0,20
1559,616,1043,0,23
1560,617,1041,0,23
1561,615,1041,0,23
1562,615,1040,0,20
1563,616,1041,0,18
1564,617,1041,0,19
1565,619,1039,0,15
1566,619,1035,0,6
1567,618,1035,0,7
1568,619,1037,0,6
1569,619,1038,0,7
1570,623,1037,0,4
1571,623,1036,0,2
1572,621,1038,0,2
1573,624,1038,0,344
1574,622,1036,0,344
1575,623,1032,0,341
1576,624,1031,0,341
1577,625,1033,0,341
1578,618,1035,0,336
1579,615,1037,0,333
1580,612,1038,0,327
1581,610,1037,0,333
1582,607,1035,0,336
1583,605,1034,0,337
1584,606,1034,0,339
1585,607,1035,0,339
1586,606,1035,0,343
1587,606,1034,0,346
1588,609,1034,0,347
1589,610,1032,0,348
1590,610,1029,0,349
1591,611,1028,0,349
1592,612,1027,0,344
1593,612,1026,0,346
1594,611,1026,0,344
1595,611,1027,0,346
1596,611,1024,0,344
1597,611,1024,0,342
1598,610,1024,0,340
1599,610,1023,0,340
1600,611,1022,0,346
1601,610,1022,0,343
1602,609,1023,0,339
1603,608,1020,0,341
1604,608,1019,0,339
1605,606,1017,0,341
1606,607,1019,0,340
1607,607,1021,0,341
1608,605,1019,0,346
1609,606,1018,0,346
1610,607,1018,0,346
1611,608,1017,0,346
1612,607,1017,0,343
1613,605,1016,0,341
1614,605,1015,0,342
1615,605,1015,0,345
1616,603,1013,0,346
1617,603,1013,0,342
1618,602,1012,0,344
1619,600,1011,0,348
1620,601,1009,0,351
1621,600,1009,0,353
1622,597,1008,0,359
1623,596,1007,0,359
1624,594,1005,0,359
1625,593,1003,0,4
1626,590,1001,0,9
1627,585,998,0,12
1628,584,998,0,15
1629,583,999,0,13
1630,582,996,0,14
1631,575,997,0,9
1632,575,996,0,14
1633,573,996,0,14
1634,575,996,0,19
1635,580,997,0,18
1636,580,995,0,23
1637,584,996,0,34
1638,587,1000,0,44
1639,585,1001,0,46
1640,585,1002,0,47
1641,583,1003,0,49
1642,584,1002,0,49
1643,584,999,0,53
1644,584,998,0,57
1645,584,995,0,57
1646,586,997,0,64
1647,587,996,0,68
1648,587,1000,0,74
1649,587,1003,0,76
1650,587,1006,0,80
1651,592,1015,0,80
1652,590,1020,0,82
1653,591,1025,0,80
1654,590,1028,0,85
1655,586,1026,0,97
1656,584,1029,0,99
1657,583,1031,0,104
1658,580,1029,0,116
1659,580,1030,0,130
1660,582,1030,0,149
1661,589,1037,0,154
1662,592,1038,0,159
1663,597,1037,0,167
1664,598,1035,0,168
1665,598,1036,0,165
1666,600,1037,0,166
1667,602,1036,0,166
1668,603,1038,0,164
1669,604,1039,0,165
1670,604,1039,0,166
1671,603,1039,0,166
1672,603,1040,0,171
1673,603,1040,0,173
1674,603,1041,0,174
1675,604,1042,0,176
1676,603,1042,0,175
1677,602,1042,0,178
1678,603,1041,0,178
1679,604,1041,0,175
1680,604,1041,0,175
1681,603,1042,0,173
1682,603,1042,0,176
1683,603,1044,0,176
1684,603,1046,0,175
1685,604,1046,0,167
1686,604,1052,0,184
1687,603,1058,0,196
1688,602,1058,0,184
1689,604,1061,0,183
1690,609,1063,0,188
1691,613,1061,0,171
1692,615,1061,0,164
1693,618,1064,0,163
1694,615,1066,0,169
1695,608,1070,0,166
1696,606,1069,0,168
1697,605,1068,0,175
1698,602,1073,0,187
1699,602,1074,0,202
1700,601,1071,0,216
1701,601,1067,0,233
1702,601,1067,0,251
1703,603,1059,0,250
1704,607,1054,0,234
1705,608,1049,0,241
1706,610,1043,0,245
1707,609,1040,0,246
1708,609,1037,0,262
1709,607,1035,0,264
1710,604,1033,0,270
1711,602,1031,0,274
1712,599,1027,0,278
1713,598,1026,0,280
1714,599,1024,0,277
1715,599,1022,0,274
1716,602,1017,0,271
1717,604,1016,0,269
1718,607,1011,0,273
1719,609,1004,0,273
1720,611,995,0,267
1721,613,995,0,262
1722,613,994,0,262
1723,617,990,0,262
1724,618,988,0,261
1725,617,987,0,258
1726,617,986,0,258
1727,615,988,0,257
1728,615,983,0,269
1729,614,978,0,268
1730,613,972,0,267
1731,611,972,0,268
1732,611,971,0,265
1733,613,970,0,259
1734,610,968,0,262
1735,609,963,0,254
1736,610,963,0,253
1737,610,961,0,253
1738,616,953,0,250
1739,621,938,0,231
1740,626,933,0,230
1741,627,932,0,228
1742,628,932,0,231
1743,630,931,0,235
1744,629,931,0,235
1745,628,934,0,236
1746,627,936,0,231
1747,628,935,0,226
1748,628,936,0,223
1749,627,936,0,209
1750,628,936,0,204
1751,629,938,0,190
1752,629,939,0,178
1753,632,941,0,162
1754,638,947,0,163
1755,637,947,0,157
1756,636,950,0,152
1757,639,953,0,138
1758,643,955,0,129
1759,640,956,0,121
1760,638,958,0,110
1761,638,958,0,108
1762,637,960,0,104
1763,636,961,0,103
1764,637,960,0,104
1765,637,959,0,101
1766,635,957,0,92
1767,632,954,0,89
1768,630,952,0,78
1769,628,952,0,78
1770,629,955,0,77
1771,627,954,0,73
1772,626,955,0,71
1773,626,955,0,72
1774,626,960,0,76
1775,624,964,0,69
1776,623,966,0,64
1777,624,965,0,62
1778,624,966,0,62
1779,622,972,0,57
1780,622,974,0,56
1781,622,973,0,53
1782,621,975,0,54
1783,619,978,0,52
1784,617,979,0,53
1785,618,980,0,56
1786,617,983,0,68
1787,616,987,0,68
1788,611,991,0,69
1789,610,991,0,72
1790,609,990,0,68
1791,608,992,0,67
1792,605,994,0,64
1793,604,999,0,72
1794,602,1001,0,75
1795,602,1002,0,79
1796,598,1004,0,87
1797,597,1008,0,84
1798,597,1011,0,85
1799,599,1013,0,85
1800,598,1012,0,89
1801,602,1004,0,80
1802,602,1001,0,80
1803,604,1002,0,81
1804,603,1005,0,79
1805,604,1008,0,79
1806,605,1013,0,83
1807,603,1016,0,83
1808,603,1017,0,86
1809,601,1018,0,85
1810,602,1024,0,84
1811,602,1027,0,87
1812,601,1029,0,91
1813,601,1032,0,91
1814,602,1032,0,90
1815,602,1033,0,91
1816,601,1033,0,90
1817,599,1032,0,87
1818,597,1032,0,84
1819,597,1039,0,79
1820,599,1040,0,74
1821,597,1039,0,76
1822,598,1043,0,72
1823,597,1042,0,75
1824,597,1038,0,80
1825,594,1038,0,76
1826,596,1039,0,76
1827,596,1046,0,77
1828,596,1046,0,78
1829,595,1051,0,75
1830,595,1051,0,66
1831,594,1050,0,58
1832,590,1048,0,50
1833,587,1054,0,52
1834,586,1060,0,45
1835,581,1062,0,43
1836,578,1062,0,36
1837,573,1065,0,38
1838,569,1066,0,40
1839,571,1072,0,36
1840,569,1073,0,30
1841,566,1076,0,25
1842,563,1076,0,28
1843,561,1078,0,32
1844,561,1082,0,37
1845,560,1084,0,39
1846,558,1084,0,36
1847,557,1088,0,40
1848,554,1090,0,40
1849,551,1092,0,39
1850,548,1097,0,34
1851,547,1101,0,40
1852,546,1105,0,39
1853,545,1106,0,40
1854,543,1106,0,40
1855,541,1107,0,42
1856,541,1106,0,39
1857,542,1106,0,38
1858,542,1106,0,39
1859,542,1107,0,41
1860,542,1106,0,41
1861,541,1106,0,41
1862,541,1106,0,40
1863,540,1107,0,39
1864,540,1107,0,40
1865,540,1106,0,41
1866,542,1108,0,41
1867,542,1110,0,43
1868,542,1112,0,43
1869,541,1113,0,43
1870,542,1112,0,43
1871,544,1111,0,41
1872,544,1113,0,42
1873,544,1112,0,41
1874,544,1112,0,41
1875,545,1112,0,41
1876,545,1111,0,40
1877,544,1112,0,39
1878,544,1112,0,40
1879,544,1111,0,40
1880,543,1112,0,40
1881,543,1112,0,39
1882,544,1111,0,41
1883,542,1110,0,44
1884,541,1112,0,41
1885,540,1114,0,42
1886,540,1115,0,43
1887,541,1118,0,44
1888,542,1119,0,45
1889,541,1119,0,44
1890,543,1117,0,34
1891,543,1118,0,35
1892,542,1119,0,34
1893,541,1118,0,38
1894,536,1120,0,37
1895,534,1125,0,38
1896,532,1127,0,34
1897,531,1129,0,34
1898,526,1133,0,32
1899,525,1132,0,30
1900,521,1136,0,30
1901,521,1138,0,24
1902,522,1139,0,23
1903,520,1138,0,21
1904,519,1138,0,26
1905,520,1141,0,19
1906,521,1146,0,15
1907,520,1147,0,11
1908,520,1147,0,13
1909,520,1148,0,14
1910,520,1149,0,11
1911,519,1151,0,359
1912,517,1152,0,359
1913,517,1149,0,356
1914,519,1149,0,355
1915,518,1148,0,354
1916,519,1149,0,355
1917,520,1150,0,351
1918,519,1151,0,354
1919,518,1150,0,353
1920,518,1149,0,354
1921,522,1149,0,356
1922,523,1150,0,351
1923,521,1151,0,348
1924,521,1152,0,346
1925,519,1152,0,347
1926,519,1152,0,352
1927,526,1155,0,347
1928,525,1159,0,348
1929,525,1161,0,352
1930,526,1161,0,356
1931,526,1161,0,354
1932,525,1161,0,354
1933,524,1161,0,354
1934,523,1163,0,356
1935,521,1166,0,354
1936,520,1167,0,350
1937,522,1163,0,349
1938,527,1163,0,346
1939,527,1153,0,349
1940,526,1150,0,347
1941,527,1150,0,350
1942,526,1150,0,348
1943,526,1151,0,349
1944,528,1149,0,347
1945,527,1150,0,349
1946,527,1148,0,351
1947,526,1149,0,351
1948,528,1150,0,352
1949,528,1152,0,355
1950,531,1161,0,350
1951,531,1156,0,349
1952,529,1156,0,346
1953,528,1157,0,339
1954,524,1154,0,338
1955,524,1155,0,336
1956,524,1155,0,339
1957,524,1153,0,341
1958,522,1152,0,348
1959,520,1151,0,348
1960,517,1150,0,350
1961,513,1149,0,345
1962,512,1148,0,345
1963,511,1146,0,341
1964,510,1147,0,340
1965,509,1148,0,342
1966,509,1149,0,344
1967,508,1150,0,345
1968,508,1150,0,344
1969,508,1151,0,346
1970,507,1151,0,345
1971,507,1151,0,343
1972,507,1151,0,345
1973,506,1151,0,344
1974,505,1152,0,343
1975,503,1153,0,342
1976,502,1152,0,341
1977,502,1152,0,343
1978,500,1154,0,338
1979,500,1155,0,342
1980,501,1155,0,343
1981,504,1155,0,343
1982,506,1155,0,344
1983,508,1157,0,341
1984,507,1153,0,345
1985,507,1152,0,345
1986,506,1151,0,344
1987,506,1150,0,342
1988,506,1148,0,338
1989,507,1147,0,337
1990,507,1147,0,341
1991,503,1145,0,339
1992,497,1137,0,341
1993,494,1134,0,343
1994,493,1134,0,338
1995,493,1134,0,340
1996,492,1133,0,341
1997,492,1132,0,341
1998,490,1132,0,342
1999,490,1132,0,342
2000,488,1128,0,344
2001,488,1125,0,343
2002,485,1125,0,345
2003,481,1120,0,347
2004,488,1115,0,344
2005,490,1114,0,339
2006,491,1114,0,355
2007,495,1114,0,352
2008,497,1121,0,358
2009,498,1121,0,1
2010,499,1120,0,6
2011,495,1112,0,9
2012,495,1111,0,7
2013,497,1115,0,2
2014,496,1115,0,1
2015,495,1113,0,4
2016,494,1112,0,5
2017,495,1112,0,5
2018,496,1113,0,1
2019,496,1112,0,0
2020,495,1112,0,0
2021,494,1112,0,359
2022,493,1112,0,358
2023,494,1112,0,356
2024,489,1111,0,0
2025,487,1113,0,3
2026,488,1113,0,3
2027,487,1113,0,5
2028,485,1114,0,4
2029,479,1111,0,1
2030,474,1112,0,359
2031,471,1112,0,349
2032,464,1112,0,346
2033,458,1109,0,334
2034,456,1105,0,328
2035,454,1103,0,324
2036,445,1095,0,325
2037,439,1093,0,321
2038,438,1089,0,322
2039,439,1086,0,324
2040,438,1085,0,323
2041,437,1085,0,316
2042,439,1083,0,319
2043,438,1082,0,327
2044,437,1082,0,328
2045,435,1080,0,325
2046,433,1078,0,321
2047,431,1076,0,327
2048,431,1071,0,325
2049,431,1071,0,327
2050,432,1070,0,327
2051,431,1069,0,321
2052,429,1065,0,321
2053,427,1064,0,325
2054,425,1064,0,329
2055,423,1059,0,336
2056,419,1060,0,337
2057,416,1061,0,339
2058,418,1066,0,339
2059,416,1062,0,336
2060,418,1061,0,343
2061,422,1063,0,337
2062,421,1059,0,340
2063,416,1056,0,338
2064,411,1053,0,342
2065,407,1054,0,343
2066,403,1054,0,346
2067,399,1049,0,348
2068,390,1048,0,348
2069,383,1046,0,347
2070,381,1045,0,348
2071,370,1043,0,341
2072,360,1045,0,340
2073,354,1043,0,345
2074,356,1047,0,0
2075,350,1046,0,3
2076,342,1043,0,20
2077,341,1051,0,28
2078,337,1051,0,31
2079,333,1054,0,32
2080,331,1055,0,36
2081,327,1056,0,34
2082,325,1058,0,35
2083,324,1061,0,36
2084,323,1063,0,37
2085,321,1063,0,45
2086,319,1067,0,40
2087,319,1064,0,40
2088,320,1065,0,38
2089,319,1065,0,40
2090,315,1071,0,39
2091,316,1069,0,32
2092,314,1067,0,35
2093,318,1067,0,22
2094,316,1065,0,25
2095,317,1068,0,27
2096,313,1070,0,26
2097,314,1068,0,27
2098,313,1067,0,30
2099,317,1070,0,30
2100,316,1070,0,36
2101,313,1073,0,45
2102,313,1077,0,44
2103,313,1080,0,46
2104,310,1081,0,45
2105,311,1081,0,49
2106,310,1081,0,47
2107,308,1082,0,48
2108,306,1083,0,51
2109,305,1085,0,48
2110,305,1087,0,47
2111,306,1088,0,44
2112,303,1091,0,37
2113,303,1092,0,40
2114,301,1092,0,38
2115,301,1094,0,39
2116,301,1092,0,40
2117,301,1089,0,36
2118,302,1086,0,39
2119,303,1082,0,30
2120,300,1079,0,28
2121,301,1080,0,21
2122,297,1080,0,14
2123,296,1085,0,14
2124,295,1083,0,21
2125,294,1083,0,23
2126,293,1083,0,18
2127,298,1080,0,12
2128,297,1078,0,15
2129,295,1080,0,10
2130,298,1082,0,13
2131,293,1082,0,10
2132,288,1082,0,8
2133,288,1082,0,6
2134,288,1082,0,5
2135,286,1081,0,6
2136,283,1079,0,9
2137,282,1078,0,10
2138,281,1077,0,9
2139,279,1078,0,11
2140,278,1077,0,21
2141,276,1079,0,26
2142,275,1080,0,24
2143,271,1078,0,26
2144,269,1079,0,23
2145,267,1079,0,21
2146,263,1079,0,20
2147,261,1078,0,17
2148,261,1074,0,21
2149,261,1076,0,20
2150,259,1075,0,34
2151,257,1075,0,28
2152,258,1077,0,25
2153,258,1076,0,23
2154,258,1077,0,21
2155,259,1076,0,24
2156,259,1077,0,21
2157,256,1080,0,15
2158,256,1081,0,12
2159,251,1082,0,8
2160,250,1081,0,11
2161,247,1082,0,12
2162,247,1084,0,12
2163,246,1085,0,15
2164,246,1086,0,23
2165,246,1088,0,21
2166,246,1090,0,21
2167,245,1086,0,25
2168,244,1085,0,26
2169,243,1086,0,23
2170,242,1086,0,22
2171,242,1087,0,22
2172,241,1088,0,21
2173,241,1088,0,16
2174,241,1087,0,17
2175,241,1087,0,18
2176,241,1087,0,18
2177,241,1087,0,19
2178,240,1088,0,22
2179,240,1088,0,21
2180,242,1089,0,16
2181,241,1091,0,16
2182,241,1092,0,20
2183,242,1094,0,19
2184,243,1095,0,20
2185,242,1094,0,22
2186,243,1095,0,21
2187,244,1095,0,19
2188,244,1095,0,21
2189,243,1095,0,19
2190,243,1095,0,16
2191,244,1096,0,15
2192,243,1097,0,20
2193,243,1097,0,18
2194,243,1097,0,17
2195,243,1098,0,11
2196,241,1098,0,14
2197,241,1098,0,14
2201,242,1097,0,12
2202,242,1098,0,14
2203,242,1098,0,13
2204,242,1098,0,15
2205,241,1097,0,16
2206,241,1097,0,15
2207,242,1097,0,15
2208,241,1098,0,12
2209,242,1097,0,17
2210,242,1098,0,15
2211,241,1098,0,14
2212,241,1099,0,13
2213,240,1098,0,13
2214,240,1098,0,12
2215,240,1099,0,12
2216,240,1100,0,13
2217,240,1100,0,14
2218,240,1100,0,13
2219,239,1100,0,14
2220,240,1101,0,13
2221,241,1101,0,13
2222,242,1100,0,13
2223,241,1101,0,16
2224,240,1101,0,18
2225,239,1100,0,16
2226,239,1098,0,14
2227,238,1099,0,12
2228,238,1098,0,14
2229,239,1099,0,14
2230,238,1099,0,12
2231,239,1099,0,12
2232,238,1099,0,12
2233,239,1098,0,12
2234,239,1099,0,12
2235,239,1099,0,13
2236,239,1100,0,13
2237,239,1101,0,16
2238,239,1104,0,10
2239,240,1104,0,9
2240,240,1106,0,6
2241,240,1105,0,7
2242,240,1105,0,7
2243,239,1105,0,6
2244,240,1105,0,7
2245,240,1103,0,10
2246,240,1104,0,9
2247,239,1104,0,9
2248,241,1104,0,8
2249,239,1105,0,8
2250,238,1105,0,6
2251,239,1105,0,7
2252,238,1105,0,7
2253,239,1105,0,5
2254,239,1106,0,6
2255,238,1105,0,7
2256,238,1105,0,6
2257,238,1105,0,6
2258,238,1106,0,6
2259,238,1106,0,7
2260,237,1106,0,7
2261,238,1106,0,5
2262,238,1107,0,5
2263,239,1106,0,4
2264,238,1107,0,5
2265,238,1106,0,4
2266,238,1107,0,4
2267,239,1106,0,3
2268,239,1107,0,5
2269,238,1107,0,5
2270,238,1106,0,5
2271,237,1107,0,5
2272,237,1107,0,6
2273,238,1106,0,5
2274,237,1107,0,5
2275,237,1106,0,5
2276,236,1106,0,8
2277,237,1106,0,9
2278,237,1106,0,7
2279,237,1107,0,8
2280,237,1107,0,8
2281,236,1106,0,6
2282,238,1106,0,4
2283,237,1107,0,7
2284,237,1107,0,6
2285,237,1107,0,6
2286,238,1108,0,6
2287,238,1107,0,6
2288,238,1107,0,7
2289,237,1107,0,7
2290,237,1107,0,6
2291,237,1107,0,9
2292,237,1107,0,7
2293,237,1107,0,8
2294,236,1108,0,10
2295,235,1108,0,6
2296,236,1108,0,6
2297,235,1109,0,4
2298,235,1109,0,7
2299,236,1108,0,8
2300,237,1109,0,10
2301,236,1109,0,10
2302,237,1109,0,8
2303,238,1110,0,7
2304,237,1109,0,8
2305,237,1110,0,8
2306,236,1109,0,9
2307,237,1109,0,9
2308,236,1110,0,9
2309,236,1110,0,9
2310,237,1109,0,9
2311,237,1110,0,9
2312,236,1109,0,9
2313,236,1109,0,9
2314,236,1109,0,9
2315,236,1109,0,9
2316,236,1109,0,10
2317,236,1109,0,10
2318,236,1109,0,9
2319,236,1110,0,8
2320,237,1109,0,9
2321,237,1109,0,9
2322,238,1109,0,8
2323,237,1109,0,9
2324,237,1109,0,9
2325,238,1109,0,9
2326,237,1110,0,8
2327,237,1110,0,8
2328,239,1110,0,7
2329,238,1110,0,7
2330,239,1110,0,7
2331,238,1110,0,7
2332,238,1111,0,8
2333,239,1111,0,9
2334,238,1111,0,9
2335,238,1111,0,8
2336,241,1111,0,7
2337,243,1111,0,9
2338,246,1111,0,10
2339,251,1110,0,6
2340,247,1113,0,10
2341,250,1115,0,9
2342,252,1113,0,23
2343,253,1113,0,25
2346,253,1111,0,10
2347,250,1112,0,7
2348,250,1112,0,357
2349,251,1111,0,5
2350,249,1110,0,7
2351,249,1111,0,7
2352,249,1111,0,6
2353,249,1111,0,6
2354,248,1111,0,2
2355,248,1110,0,8
2356,248,1111,0,3
2357,249,1110,0,358
2358,249,1111,0,357
2359,249,1111,0,357
2360,249,1112,0,353
2361,249,1111,0,359
2362,248,1110,0,1
2363,247,1110,0,3
2364,247,1111,0,2
2365,247,1109,0,4
2366,247,1108,0,5
2367,247,1108,0,6
2368,247,1108,0,4
2369,247,1109,0,3
2370,244,1110,0,4
2371,244,1111,0,7
2372,244,1112,0,4
2373,245,1111,0,6
2374,245,1112,0,4
2375,245,1112,0,1
2376,243,1112,0,1
2377,246,1112,0,1
2378,246,1112,0,2
2379,247,1111,0,6
2380,245,1110,0,8
2381,246,1111,0,5
2382,246,1111,0,7
2383,246,1111,0,7
2384,244,1112,0,2
2385,246,1112,0,5
2386,245,1111,0,7
2387,245,1110,0,13
2388,245,1111,0,15
2389,244,1112,0,11
2390,244,1114,0,8
2391,244,1114,0,8
2392,242,1113,0,6
2393,242,1113,0,10
2394,241,1112,0,13
2395,241,1113,0,13
2396,242,1114,0,9
2397,243,1114,0,10
2398,243,1115,0,9
2399,243,1114,0,8
2400,244,1116,0,359
2401,244,1116,0,0
2402,244,1116,0,1
2403,242,1117,0,359
2404,242,1118,0,0
2405,242,1118,0,0
2406,242,1118,0,0
2407,241,1117,0,1
2408,241,1118,0,4
2409,248,1119,0,1
2410,243,1118,0,4
2411,243,1117,0,5
2412,241,1117,0,4
2413,240,1116,0,4
2414,240,1116,0,4
2415,240,1117,0,2
2416,241,1117,0,3
2417,240,1117,0,0
2418,240,1116,0,0
2419,242,1117,0,359
2420,241,1117,0,1
2421,241,1117,0,2
2422,241,1117,0,3
2423,242,1117,0,4
2424,241,1117,0,5
2425,241,1117,0,4
2426,240,1117,0,3
2427,240,1117,0,4
2428,242,1118,0,5
2429,240,1118,0,7
2430,241,1118,0,5
2431,242,1118,0,7
2432,242,1119,0,5
2433,241,1118,0,3
2434,241,1118,0,5
2435,241,1118,0,4
2436,242,1118,0,3
2437,242,1118,0,3
2438,242,1118,0,2
2439,242,1119,0,2
2440,242,1119,0,3
2441,242,1119,0,2
2442,241,1118,0,3
2443,244,1118,0,2
2444,242,1119,0,2
2445,242,1118,0,4
2446,242,1119,0,3
2447,242,1119,0,3
2448,242,1119,0,2
2449,241,1118,0,2
2450,241,1119,0,3
2451,241,1119,0,3
2452,241,1118,0,2
2453,240,1118,0,4
2454,240,1118,0,4
2455,241,1118,0,4
2456,241,1118,0,6
2457,239,1119,0,6
2458,239,1119,0,7
2459,237,1118,0,11
2460,234,1118,0,12
2461,233,1119,0,14
2462,233,1117,0,18
2463,232,1119,0,18
2464,232,1120,0,12
2465,232,1119,0,12
2466,232,1119,0,12
2467,231,1119,0,10
2468,233,1120,0,10
2469,233,1120,0,8
2470,233,1120,0,6
2471,232,1121,0,2
2472,229,1122,0,359
2473,229,1123,0,359
2474,228,1123,0,355
2475,228,1123,0,355
2476,227,1124,0,352
2477,229,1123,0,357
2478,229,1123,0,359
2479,229,1124,0,0
2480,229,1125,0,359
2481,230,1126,0,356
2482,230,1127,0,354
2483,229,1128,0,347
2484,229,1127,0,352
2485,228,1126,0,356
2486,225,1128,0,354
2487,224,1128,0,0
2488,224,1128,0,2
2489,222,1128,0,0
2490,219,1129,0,354
2491,217,1129,0,354
2492,216,1129,0,358
2493,217,1129,0,356
2494,218,1126,0,3
2495,219,1128,0,358
2496,219,1128,0,358
2497,220,1126,0,6
2498,221,1127,0,9
2499,222,1127,0,10
2500,221,1125,0,14
2501,221,1125,0,15
2502,222,1125,0,13
2503,221,1126,0,12
2504,219,1125,0,7
2505,218,1125,0,5
2506,218,1126,0,3
2507,218,1125,0,6
2508,218,1126,0,8
2509,218,1126,0,8
2510,218,1127,0,6
2511,220,1128,0,2
2512,218,1128,0,5
2513,216,1128,0,6
2514,213,1128,0,8
2515,211,1125,0,15
2516,211,1123,0,14
2517,212,1125,0,12
2518,213,1126,0,13
2519,213,1126,0,10
2520,214,1126,0,11
2521,214,1126,0,12
2522,214,1125,0,5
2523,215,1125,0,1
2524,215,1121,0,5
2525,215,1122,0,4
2526,215,1124,0,4
2527,215,1124,0,5
2528,215,1124,0,4
2529,216,1124,0,3
2530,216,1124,0,4
2531,216,1125,0,7
2532,217,1125,0,7
2533,217,1125,0,5
2534,215,1125,0,8
2535,215,1125,0,9
2536,216,1124,0,5
2537,217,1124,0,5
2538,217,1121,0,1
2539,217,1121,0,1
2540,217,1121,0,2
2541,217,1120,0,6
2542,217,1120,0,4
2543,217,1120,0,5
2544,218,1121,0,4
2545,219,1121,0,3
2546,219,1121,0,4
2547,218,1122,0,3
2548,218,1122,0,2
2549,218,1123,0,3
2550,217,1123,0,3
2551,217,1123,0,2
2552,217,1124,0,3
2553,216,1123,0,3
2554,215,1123,0,4
2555,215,1123,0,5
2556,215,1123,0,5
2557,215,1123,0,4
2558,216,1123,0,4
2559,217,1123,0,4
2560,218,1122,0,3
2561,218,1122,0,3
2562,218,1123,0,1
2563,219,1124,0,359
2564,219,1123,0,359
2565,218,1123,0,0
2566,218,1123,0,0
2567,218,1123,0,2
2568,217,1123,0,5
2569,217,1123,0,6
2570,217,1123,0,6
2571,218,1123,0,5
2572,218,1123,0,5
2573,218,1123,0,5
2574,218,1122,0,5
2575,218,1123,0,3
2576,218,1123,0,2
2577,219,1123,0,2
2578,219,1124,0,3
2579,217,1127,0,3
2580,215,1128,0,0
2581,214,1129,0,359
2582,213,1129,0,359
2583,212,1130,0,359
2584,212,1130,0,358
2585,212,1129,0,0
2586,212,1129,0,3
2587,212,1129,0,2
2588,214,1127,0,2
2589,214,1125,0,1
2590,212,1126,0,3
2591,211,1126,0,5
2592,210,1126,0,5
2593,211,1126,0,5
2594,210,1126,0,4
2595,210,1126,0,3
2596,214,1125,0,5
2597,216,1123,0,5
2598,218,1123,0,4
2599,217,1123,0,3
2600,217,1123,0,4
2601,218,1123,0,4
2602,219,1123,0,5
2603,220,1123,0,7
2604,217,1124,0,10
2605,216,1125,0,10
2606,215,1124,0,9
2607,214,1123,0,7
2608,213,1122,0,3
2609,212,1122,0,4
2610,211,1123,0,5
2611,211,1123,0,7
2612,211,1123,0,8
2613,210,1123,0,7
2614,210,1123,0,7
2615,209,1123,0,5
2616,208,1123,0,5
2617,209,1123,0,8
2618,209,1123,0,8
2619,208,1123,0,6
2620,209,1123,0,7
2621,207,1123,0,6
2622,207,1121,0,6
2623,208,1120,0,9
2624,208,1120,0,9
2625,207,1121,0,10
2626,207,1120,0,16
2627,205,1120,0,14
2628,204,1120,0,13
2629,204,1120,0,15
2630,201,1120,0,15
2631,200,1121,0,13
2632,202,1120,0,8
2633,204,1117,0,5
2634,205,1117,0,9
2635,204,1118,0,8
2636,206,1120,0,11
2637,205,1120,0,11
2638,206,1120,0,10
2639,204,1121,0,8
2640,207,1122,0,6
2641,208,1121,0,8
2642,209,1119,0,10
2643,211,1117,0,9
2644,211,1119,0,10
2645,211,1119,0,16
2646,211,1119,0,14
2647,210,1119,0,12
2648,212,1118,0,9
2649,212,1117,0,12
2650,210,1118,0,15
2651,210,1118,0,14
2652,210,1116,0,20
2653,210,1116,0,19
2654,212,1114,0,24
2655,211,1113,0,27
2656,209,1114,0,28
2657,208,1112,0,36
2658,207,1113,0,33
2659,207,1112,0,35
2660,204,1113,0,38
2661,203,1117,0,27
2662,202,1118,0,25
2663,199,1119,0,23
2664,199,1119,0,21
2665,199,1120,0,16
2666,197,1119,0,14
2667,197,1119,0,14
2668,194,1119,0,10
2669,196,1119,0,14
2670,196,1121,0,12
2671,195,1121,0,9
2672,193,1120,0,10
2673,190,1121,0,11
2674,188,1123,0,8
2675,186,1124,0,8
2676,185,1122,0,4
2677,184,1123,0,5
2678,183,1124,0,3
2679,182,1123,0,6
2680,180,1124,0,6
2681,179,1123,0,7
2682,180,1124,0,3
2683,184,1125,0,2
2684,188,1125,0,0
2685,192,1124,0,3
2686,193,1125,0,2
2687,193,1126,0,0
2688,193,1126,0,355
2689,191,1126,0,355
2690,190,1127,0,356
2691,191,1126,0,351
2692,192,1126,0,352
2693,190,1128,0,348
2694,189,1131,0,340
2695,188,1131,0,342
2696,187,1129,0,346
2697,190,1129,0,345
2698,193,1129,0,347
2699,194,1131,0,343
2700,196,1131,0,346
2701,197,1131,0,347
2702,197,1131,0,350
2703,196,1131,0,353
2704,196,1130,0,351
2705,196,1129,0,351
2706,196,1130,0,351
2707,196,1131,0,350
2708,196,1131,0,348
2709,196,1131,0,344
2710,195,1132,0,338
2711,193,1132,0,341
2712,194,1132,0,348
2713,194,1132,0,347
2714,193,1134,0,342
2715,193,1133,0,340
2716,193,1134,0,340
2717,197,1130,0,336
2718,202,1127,0,348
2719,205,1129,0,348
2720,201,1131,0,351
2721,201,1134,0,347
2722,200,1134,0,341
2723,196,1135,0,343
2724,197,1135,0,339
2725,194,1135,0,336
2726,196,1136,0,340
2727,195,1136,0,339
2728,196,1135,0,338
2729,197,1134,0,342
2730,199,1135,0,347
2731,197,1135,0,342
2732,194,1138,0,339
2733,199,1135,0,340
2734,199,1136,0,339
2735,204,1137,0,339
2736,200,1138,0,334
2737,203,1139,0,335
2738,204,1139,0,335
2739,204,1142,0,334
2740,205,1142,0,333
2741,206,1140,0,332
2742,204,1140,0,333
2743,205,1140,0,330
2744,205,1140,0,329
2745,205,1140,0,325
2746,204,1139,0,326
2747,203,1137,0,328
2748,202,1138,0,330
2749,203,1141,0,329
2750,205,1142,0,328
2751,207,1142,0,322
2752,208,1139,0,322
2753,210,1136,0,331
2754,210,1135,0,329
2755,210,1137,0,333
2756,208,1137,0,326
2757,207,1139,0,325
2758,207,1139,0,323
2759,212,1136,0,310
2760,213,1138,0,307
2761,212,1141,0,304
2762,215,1143,0,307
2763,214,1138,0,293
2764,215,1138,0,283
2765,218,1137,0,282
2766,218,1133,0,283
2767,220,1132,0,288
2768,221,1133,0,289
2769,220,1133,0,283
2770,221,1134,0,282
2771,221,1134,0,284
2772,225,1135,0,289
2773,228,1133,0,289
2774,234,1134,0,295
2775,234,1129,0,294
2776,243,1120,0,294
2777,246,1118,0,303
2778,248,1109,0,310
2779,247,1099,0,315
2780,239,1097,0,321
2781,234,1092,0,326
2782,230,1092,0,319
2783,230,1092,0,316
2784,227,1090,0,315
2785,224,1087,0,306
2786,223,1087,0,304
2787,224,1084,0,304
2788,222,1083,0,303
2789,221,1085,0,303
2790,220,1085,0,300
2791,218,1083,0,297
2792,216,1079,0,299
2793,215,1075,0,302
2794,215,1071,0,301
2795,214,1068,0,299
2796,213,1065,0,301
2797,211,1057,0,302
2798,210,1056,0,304
2799,210,1053,0,306
2800,210,1050,0,306
2801,210,1048,0,314
2802,206,1045,0,319
2803,206,1038,0,333
2804,205,1036,0,331
2805,204,1035,0,329
2806,205,1035,0,323
2807,205,1035,0,319
2808,204,1032,0,318
2809,201,1028,0,324
2810,197,1028,0,330
2811,192,1026,0,336
2812,188,1025,0,337
2813,187,1024,0,342
2814,184,1023,0,343
2815,182,1023,0,340
2816,184,1025,0,340
2817,185,1026,0,341
2818,184,1026,0,340
2819,182,1025,0,346
2820,182,1025,0,346
2821,182,1025,0,347
2822,179,1024,0,342
2823,179,1023,0,340
2824,178,1021,0,336
2825,178,1020,0,335
2826,178,1020,0,337
2827,177,1021,0,338
2828,177,1021,0,338
2829,177,1023,0,328
2830,177,1023,0,334
2831,177,1024,0,335
2832,178,1024,0,335
2833,176,1020,0,335
2834,175,1019,0,329
2835,175,1019,0,330
2836,176,1018,0,323
2837,176,1016,0,318
2838,175,1017,0,316
2839,174,1016,0,314
2840,176,1016,0,319
2841,175,1016,0,325
2842,171,1017,0,330
2843,171,1014,0,333
2844,170,1013,0,333
2845,171,1012,0,332
2846,171,1013,0,333
2847,172,1011,0,334
2848,171,1007,0,332
2849,173,1007,0,333
2850,175,1009,0,332
2851,176,1009,0,330
2852,177,1009,0,335
2853,172,1012,0,337
2854,173,1012,0,337
2855,166,1002,0,348
2856,162,1000,0,349
2857,161,995,0,358
2858,162,993,0,358
2859,157,992,0,355
2860,160,990,0,356
2861,157,993,0,6
2862,157,986,0,0
2863,162,983,0,5
2864,148,987,0,3
2865,148,987,0,12
2866,144,988,0,7
2867,146,988,0,359
2868,149,985,0,2
2869,152,984,0,353
2870,154,982,0,358
2871,152,982,0,0
2872,151,982,0,359
2873,149,982,0,357
2874,156,985,0,351
2875,158,987,0,347
2876,151,984,0,349
2877,152,985,0,349
2878,154,983,0,346
2879,151,979,0,347
2880,151,975,0,351
2881,158,974,0,354
2882,156,974,0,354
2883,157,972,0,351
2884,159,973,0,351
2885,161,973,0,349
2886,163,973,0,353
2887,159,972,0,352
2888,158,972,0,349
2889,158,972,0,355
2890,159,971,0,358
2891,157,972,0,357
2892,157,973,0,358
2896,146,971,0,1
2897,144,970,0,5
2898,143,972,0,359
2899,145,971,0,5
2900,144,970,0,8
2901,142,971,0,0
2902,148,969,0,18
2903,148,971,0,10
2904,144,972,0,19
2905,144,971,0,22
2906,142,971,0,30
2907,145,976,0,358
2908,147,977,0,1
2909,146,977,0,7
2910,140,976,0,13
2911,142,980,0,3
2912,143,983,0,359
2913,145,986,0,359
2914,148,987,0,356
2915,148,989,0,350
2916,150,992,0,344
2917,146,994,0,354
2918,146,996,0,355
2919,145,997,0,356
2920,144,997,0,359
2921,152,1000,0,345
2922,148,999,0,347
2923,145,999,0,352
2924,142,998,0,355
2925,150,997,0,353
2926,156,997,0,4
2927,146,1000,0,3
2928,144,1000,0,3
2929,147,1000,0,3
2930,150,1000,0,1
2931,148,999,0,6
2932,152,998,0,11
2933,155,998,0,16
2934,153,1000,0,6
2935,153,1002,0,10
2936,150,1001,0,8
2937,151,1002,0,5
2938,145,1003,0,6
2939,145,1003,0,5
2940,144,1004,0,3
2941,144,1002,0,4
2942,149,997,0,12
2943,150,998,0,17
2944,150,1002,0,5
2945,147,1004,0,3
2946,150,1005,0,352
2947,154,1006,0,350
2948,151,1003,0,356
2949,149,999,0,0
2950,149,998,0,1
2951,148,1000,0,8
2952,147,1001,0,11
2953,146,1002,0,9
2954,146,1002,0,11
2955,147,1002,0,14
2956,149,1003,0,4
2957,150,999,0,359
2958,150,999,0,358
2959,149,1001,0,9
2960,148,1001,0,9
2961,149,1002,0,7
2962,152,1003,0,11
2963,156,1003,0,2
2964,159,1002,0,2
2965,158,1003,0,0
2966,158,1005,0,3
2967,156,1006,0,2
2968,150,1004,0,10
2969,152,1003,0,15
2970,150,1004,0,16
2971,150,1002,0,33
2972,149,1003,0,22
2973,157,1000,0,11
2974,148,1004,0,12
2975,147,1004,0,4
2976,147,1005,0,7
2977,147,1005,0,7
2978,155,1005,0,10
2979,155,1006,0,13
2980,159,1003,0,15
2981,163,1002,0,14
2987,134,1015,0,19
2988,138,1015,0,13
2989,136,1013,0,17
2990,133,1011,0,29
2991,130,1014,0,36
2992,127,1011,0,30
2993,122,1012,0,21
2994,126,1006,0,206
2995,124,1009,0,24
2996,123,1009,0,26
2997,123,1007,0,27
2998,122,1008,0,30
2999,122,1006,0,33
