147,896,562,0,315
148,898,562,0,304
149,894,562,0,301
150,890,559,0,301
151,891,553,0,317
152,885,551,0,321
153,882,551,0,323
154,880,548,0,327
155,874,545,0,335
156,871,546,0,338
157,870,543,0,330
158,868,542,0,334
159,866,542,0,338
160,866,543,0,338
161,865,543,0,338
162,865,543,0,337
163,864,543,0,338
164,865,544,0,339
165,865,546,0,333
166,866,548,0,323
167,871,549,0,315
168,874,549,0,303
169,872,546,0,295
170,871,544,0,291
171,872,540,0,285
172,878,535,0,283
173,878,532,0,283
174,878,529,0,280
175,879,523,0,263
176,881,517,0,265
177,882,510,0,270
178,885,504,0,278
179,885,498,0,284
180,889,495,0,284
181,889,493,0,284
182,889,491,0,278
183,889,490,0,277
184,888,487,0,281
185,884,482,0,294
186,879,476,0,292
187,873,473,0,301
188,871,468,0,302
189,869,464,0,308
190,867,459,0,307
191,864,456,0,310
192,864,452,0,307
193,858,448,0,303
194,858,448,0,295
195,854,446,0,292
196,853,448,0,288
197,852,451,0,289
198,850,449,0,284
199,849,448,0,282
200,848,448,0,280
201,852,446,0,291
202,854,447,0,294
203,857,446,0,295
204,857,445,0,293
205,858,445,0,293
206,859,444,0,292
207,863,446,0,296
208,863,445,0,293
209,864,445,0,293
210,862,444,0,294
211,859,442,0,296
212,857,442,0,298
213,856,442,0,299
214,856,445,0,296
215,857,448,0,297
216,860,451,0,305
217,861,449,0,302
218,858,444,0,307
219,857,439,0,310
220,861,440,0,305
221,867,448,0,301
222,865,447,0,296
223,858,444,0,297
224,864,447,0,285
225,860,446,0,288
226,859,445,0,288
227,857,440,0,296
228,856,440,0,297
229,854,440,0,302
230,852,440,0,307
231,855,432,0,308
232,852,430,0,308
233,843,429,0,309
234,839,425,0,315
235,839,418,0,314
236,843,415,0,309
237,841,410,0,307
238,847,405,0,297
239,846,397,0,293
240,845,393,0,297
241,841,394,0,300
242,837,397,0,303
243,830,396,0,305
244,835,396,0,302
245,829,399,0,311
246,824,399,0,315
247,825,401,0,315
248,824,403,0,325
249,836,409,0,333
250,834,413,0,344
251,829,421,0,338
252,821,424,0,348
253,812,425,0,346
254,806,427,0,354
255,802,425,0,358
256,803,425,0,6
257,806,429,0,14
258,801,432,0,19
259,798,433,0,18
260,792,432,0,11
261,787,429,0,7
262,784,432,0,17
263,785,438,0,28
264,781,447,0,31
265,775,448,0,26
266,773,453,0,30
267,768,454,0,25
268,764,453,0,15
269,759,452,0,19
270,753,451,0,26
271,748,450,0,33
272,747,450,0,33
273,751,452,0,35
274,752,455,0,36
275,751,455,0,37
276,750,457,0,35
277,750,458,0,30
278,752,460,0,29
279,752,460,0,27
280,752,460,0,26
281,753,460,0,27
282,753,460,0,27
283,751,460,0,24
284,748,462,0,27
285,749,463,0,23
286,745,462,0,23
287,742,459,0,30
288,741,459,0,29
289,739,459,0,32
290,741,460,0,27
291,740,460,0,28
292,739,459,0,31
293,738,459,0,35
294,738,460,0,33
295,738,460,0,34
296,738,460,0,34
297,737,460,0,35
298,737,460,0,36
299,737,460,0,33
300,736,461,0,31
301,742,461,0,29
302,743,464,0,26
303,739,463,0,32
304,737,464,0,32
305,735,466,0,38
306,736,470,0,41
307,739,473,0,50
308,739,475,0,62
309,739,478,0,64
310,743,477,0,67
311,742,477,0,72
312,742,478,0,69
313,744,480,0,61
314,739,482,0,55
315,735,486,0,54
316,733,490,0,50
317,731,499,0,51
318,731,503,0,54
319,728,507,0,53
320,727,515,0,53
321,728,531,0,45
322,725,530,0,52
323,719,536,0,47
324,712,543,0,46
325,709,552,0,38
326,704,556,0,34
327,701,562,0,38
328,701,569,0,49
329,701,576,0,52
330,699,575,0,59
331,698,577,0,59
332,700,578,0,60
333,703,581,0,70
334,704,585,0,78
335,703,588,0,73
336,703,596,0,71
337,700,604,0,71
338,696,613,0,75
339,695,625,0,72
340,692,630,0,59
341,687,632,0,63
342,686,636,0,58
343,685,635,0,57
344,684,635,0,51
345,683,635,0,45
346,681,634,0,39
347,676,639,0,34
348,678,646,0,27
349,677,649,0,29
350,671,650,0,30
351,665,652,0,23
352,666,651,0,23
353,663,655,0,30
354,659,661,0,42
355,654,663,0,46
356,650,669,0,38
357,647,672,0,37
358,647,674,0,32
359,644,678,0,31
360,640,682,0,35
361,639,682,0,33
362,637,683,0,36
363,634,684,0,36
364,632,686,0,36
365,626,689,0,37
366,623,693,0,31
367,615,697,0,39
368,609,703,0,39
369,607,706,0,44
370,605,707,0,44
371,604,707,0,47
372,605,705,0,38
373,605,703,0,30
374,598,707,0,28
375,591,712,0,19
376,591,711,0,18
377,589,711,0,18
378,590,711,0,18
379,587,710,0,18
380,586,713,0,10
381,585,712,0,10
382,583,716,0,11
383,583,718,0,9
384,583,721,0,10
385,588,721,0,2
386,590,721,0,1
387,591,720,0,359
388,591,719,0,356
389,593,719,0,348
390,596,721,0,344
391,599,724,0,324
392,602,725,0,310
393,603,727,0,296
394,602,726,0,287
395,604,724,0,280
396,607,722,0,268
397,606,713,0,254
398,608,707,0,244
399,611,706,0,242
400,615,699,0,231
401,619,687,0,220
402,627,684,0,224
403,636,681,0,217
404,640,680,0,215
405,640,675,0,215
406,646,671,0,222
407,651,664,0,221
408,654,661,0,222
409,656,658,0,225
410,656,658,0,222
411,656,659,0,213
412,664,658,0,201
413,677,658,0,190
414,683,655,0,195
415,687,655,0,193
416,687,656,0,190
417,696,658,0,180
418,707,657,0,169
419,714,666,0,159
420,720,666,0,163
421,731,669,0,173
422,742,675,0,182
423,755,666,0,171
424,761,665,0,173
425,764,664,0,186
426,781,662,0,204
427,791,664,0,206
428,795,661,0,204
429,800,659,0,195
430,813,659,0,180
431,816,659,0,180
432,829,656,0,188
433,838,656,0,186
434,847,659,0,183
435,857,657,0,187
436,861,660,0,179
437,864,658,0,181
438,864,660,0,183
439,863,661,0,181
440,865,658,0,183
441,868,659,0,183
442,870,657,0,179
443,871,657,0,177
444,877,659,0,177
445,880,661,0,182
446,886,660,0,185
447,898,655,0,175
448,903,659,0,167
449,914,660,0,164
450,923,658,0,175
451,928,658,0,173
452,942,662,0,171
453,945,656,0,166
454,959,650,0,170
455,969,653,0,178
456,977,660,0,183
457,983,658,0,181
458,991,661,0,170
459,1002,670,0,170
460,1011,667,0,168
461,1011,667,0,173
462,1011,667,0,189
463,1009,664,0,197
464,1011,660,0,208
465,1014,658,0,204
466,1016,654,0,203
467,1016,653,0,206
468,1018,651,0,209
469,1025,650,0,219
470,1024,648,0,224
471,1026,647,0,219
472,1027,650,0,217
473,1033,651,0,215
474,1035,651,0,202
475,1039,650,0,185
476,1046,655,0,171
477,1050,657,0,166
478,1061,658,0,149
480,1086,654,0,142
481,1085,660,0,138
482,1087,662,0,139
483,1088,663,0,140
484,1090,666,0,139
485,1093,671,0,133
486,1093,675,0,122
487,1096,679,0,120
488,1100,680,0,125
489,1102,684,0,124
490,1104,685,0,131
491,1103,683,0,130
492,1103,682,0,132
493,1102,681,0,126
494,1102,681,0,116
495,1103,680,0,119
496,1105,684,0,121
497,1105,687,0,124
498,1107,688,0,131
499,1109,691,0,140
500,1110,691,0,140
501,1115,689,0,150
502,1119,689,0,164
503,1128,692,0,180
504,1137,693,0,177
505,1139,691,0,181
506,1141,688,0,179
507,1147,685,0,198
508,1155,678,0,197
509,1161,678,0,199
510,1170,678,0,196
511,1178,676,0,193
512,1185,673,0,187
513,1188,673,0,195
514,1191,671,0,209
515,1193,669,0,218
516,1197,663,0,230
517,1209,656,0,234
518,1213,648,0,223
519,1219,645,0,226
520,1220,646,0,215
521,1226,646,0,208
522,1233,636,0,215
523,1240,626,0,218
524,1247,624,0,207
525,1257,620,0,205
526,1270,615,0,199
527,1285,612,0,184
528,1303,616,0,177
529,1313,614,0,191
530,1317,611,0,185
531,1325,607,0,190
532,1327,606,0,190
533,1326,606,0,192
534,1324,607,0,194
535,1325,606,0,185
536,1328,606,0,178
537,1328,606,0,175
538,1326,605,0,176
539,1328,606,0,172
540,1326,606,0,173
541,1327,606,0,174
542,1327,607,0,175
543,1327,608,0,179
544,1328,608,0,184
545,1329,608,0,181
546,1326,608,0,182
547,1323,608,0,190
548,1325,603,0,191
549,1326,602,0,188
550,1328,601,0,192
551,1336,602,0,194
552,1339,598,0,200
553,1341,597,0,200
554,1345,595,0,197
555,1347,595,0,224
556,1347,587,0,242
557,1346,582,0,248
558,1343,578,0,243
559,1345,578,0,234
560,1347,577,0,226
561,1358,578,0,205
562,1357,574,0,195
563,1363,575,0,190
564,1366,578,0,184
565,1366,578,0,186
566,1365,578,0,185
567,1367,578,0,185
568,1369,578,0,185
569,1365,577,0,183
570,1366,576,0,187
571,1366,576,0,186
572,1365,575,0,185
573,1363,574,0,180
574,1361,575,0,184
575,1361,576,0,191
576,1360,576,0,183
577,1362,575,0,182
578,1363,574,0,187
579,1368,574,0,184
580,1378,570,0,183
581,1390,569,0,177
582,1392,573,0,176
583,1397,575,0,176
584,1403,577,0,170
585,1408,573,0,169
586,1417,572,0,171
587,1426,569,0,175
588,1438,572,0,168
589,1444,574,0,174
590,1456,573,0,181
591,1466,575,0,193
592,1477,572,0,183
593,1485,570,0,182
594,1491,571,0,184
595,1502,575,0,193
596,1511,572,0,185
597,1520,577,0,171
598,1527,570,0,176
599,1542,570,0,196
600,1554,566,0,184
601,1558,569,0,188
602,1567,569,0,187
603,1574,571,0,187
604,1579,568,0,187
605,1582,568,0,185
606,1587,572,0,185
607,1588,571,0,174
608,1591,569,0,171
609,1597,565,0,176
610,1595,566,0,184
611,1595,565,0,183
612,1597,560,0,179
613,1600,558,0,179
614,1602,558,0,183
615,1602,559,0,184
616,1602,560,0,184
617,1604,560,0,182
618,1604,563,0,187
619,1605,564,0,185
620,1606,565,0,184
621,1606,567,0,184
622,1605,567,0,187
623,1603,566,0,182
624,1601,566,0,174
625,1597,570,0,151
626,1599,577,0,140
627,1600,578,0,140
628,1597,577,0,147
629,1598,577,0,150
630,1601,578,0,143
631,1599,578,0,146
632,1597,577,0,156
633,1597,577,0,157
634,1597,577,0,154
635,1596,576,0,159
636,1598,575,0,168
637,1599,573,0,175
638,1599,574,0,171
639,1604,577,0,160
640,1611,579,0,142
641,1615,580,0,155
642,1615,581,0,157
643,1616,583,0,156
644,1618,585,0,148
645,1623,591,0,132
646,1626,593,0,138
647,1637,597,0,143
648,1644,604,0,133
649,1653,608,0,131
650,1658,606,0,145
651,1661,607,0,141
652,1665,611,0,155
653,1670,616,0,151
654,1681,625,0,138
655,1695,621,0,159
656,1702,631,0,154
657,1709,637,0,142
658,1715,643,0,140
659,1721,651,0,134
660,1730,657,0,143
661,1730,658,0,131
662,1730,660,0,132
663,1731,660,0,133
664,1731,662,0,116
665,1731,666,0,115
666,1733,670,0,129
667,1735,672,0,131
668,1736,673,0,128
669,1736,675,0,128
670,1737,676,0,126
671,1737,675,0,124
672,1736,674,0,126
673,1733,673,0,122
674,1730,671,0,127
675,1729,672,0,117
676,1729,674,0,108
677,1726,679,0,110
678,1726,689,0,97
679,1727,690,0,106
680,1727,693,0,105
681,1728,693,0,105
682,1726,692,0,100
683,1725,694,0,95
684,1723,700,0,91
685,1721,701,0,93
686,1719,709,0,82
687,1718,718,0,73
688,1716,723,0,73
689,1714,731,0,79
690,1717,734,0,72
691,1715,738,0,72
692,1711,742,0,74
693,1708,748,0,67
694,1707,754,0,66
695,1704,762,0,65
696,1705,763,0,68
697,1708,762,0,71
698,1711,761,0,77
699,1712,761,0,87
700,1711,758,0,89
701,1715,755,0,100
702,1719,754,0,111
703,1724,756,0,119
704,1732,756,0,111
705,1738,766,0,118
706,1744,775,0,130
707,1758,780,0,126
708,1767,780,0,135
709,1771,778,0,138
710,1780,785,0,156
711,1783,791,0,157
712,1790,795,0,139
713,1801,792,0,142
714,1805,793,0,141
715,1807,797,0,139
716,1809,801,0,139
717,1815,805,0,136
718,1816,809,0,136
719,1819,814,0,135
720,1829,820,0,129
721,1827,819,0,140
722,1826,818,0,140
723,1825,819,0,134
724,1825,820,0,133
725,1826,820,0,132
726,1824,821,0,119
727,1824,825,0,112
728,1824,827,0,110
729,1823,824,0,104
730,1823,824,0,101
731,1822,826,0,98
732,1822,825,0,103
733,1821,820,0,100
734,1821,817,0,105
735,1818,816,0,106
736,1817,816,0,100
737,1816,816,0,104
738,1814,815,0,113
739,1813,816,0,118
740,1814,815,0,124
741,1813,813,0,124
742,1814,812,0,115
743,1814,814,0,115
744,1815,814,0,122
745,1818,815,0,128
746,1822,818,0,130
747,1825,818,0,127
748,1826,821,0,126
749,1832,822,0,133
750,1837,819,0,143
751,1838,820,0,143
752,1836,819,0,145
753,1839,819,0,147
754,1842,819,0,151
755,1846,814,0,160
756,1851,813,0,159
757,1862,812,0,169
758,1865,820,0,182
759,1869,820,0,187
760,1877,815,0,191
761,1887,807,0,203
762,1892,798,0,218
763,1911,797,0,214
764,1923,791,0,206
765,1933,788,0,199
766,1940,780,0,191
767,1954,781,0,196
768,1968,777,0,207
769,1977,773,0,198
770,1979,771,0,211
771,1980,770,0,206
772,1985,772,0,191
773,1989,773,0,190
774,1994,773,0,182
775,2004,772,0,181
776,2005,778,0,165
777,2005,782,0,165
778,2002,782,0,165
779,1999,779,0,170
780,1994,779,0,162
781,1991,779,0,157
782,1989,778,0,154
783,1987,776,0,154
784,1985,776,0,158
785,1984,775,0,157
786,1983,775,0,157
787,1982,775,0,150
788,1981,774,0,152
789,1981,775,0,147
790,1982,775,0,144
791,1982,775,0,159
792,1982,775,0,164
793,1982,774,0,169
794,1985,773,0,176
795,1988,772,0,186
796,1988,773,0,187
797,1989,772,0,186
798,1990,772,0,185
799,1991,771,0,186
800,1990,770,0,190
801,1991,768,0,195
802,1991,767,0,199
803,1991,767,0,200
804,1990,768,0,198
805,1987,769,0,201
806,1987,768,0,201
807,1989,767,0,201
808,1990,768,0,192
809,1990,768,0,189
810,1991,767,0,192
811,1990,767,0,193
812,1988,770,0,195
813,1990,770,0,194
814,1989,770,0,191
815,1989,769,0,191
816,1990,769,0,190
817,1990,769,0,190
818,1990,768,0,193
819,1989,767,0,192
820,1989,766,0,195
821,1987,767,0,195
822,1987,766,0,197
823,1988,766,0,196
824,1989,766,0,191
825,1990,766,0,190
826,1990,766,0,192
827,1991,765,0,191
828,1991,765,0,190
829,1992,765,0,185
830,1996,762,0,189
831,2001,759,0,178
832,2007,755,0,180
833,2010,757,0,175
834,2011,758,0,177
835,2010,759,0,184
836,2011,760,0,186
837,2012,759,0,188
838,2011,759,0,187
839,2011,758,0,188
840,2010,759,0,186
841,2010,759,0,186
842,2010,760,0,185
843,2009,760,0,190
844,2009,760,0,189
845,2009,758,0,183
846,2013,755,0,185
847,2019,756,0,172
848,2023,758,0,161
849,2025,759,0,151
850,2025,759,0,147
851,2029,760,0,144
852,2034,761,0,142
853,2039,761,0,134
854,2042,760,0,134
855,2045,758,0,130
856,2048,758,0,136
857,2049,756,0,140
858,2053,757,0,156
859,2053,752,0,159
860,2055,751,0,158
861,2059,756,0,157
862,2061,753,0,163
863,2067,751,0,171
864,2071,749,0,175
865,2076,749,0,180
866,2082,748,0,179
867,2086,750,0,179
868,2089,749,0,183
869,2093,750,0,188
870,2106,758,0,182
871,2112,758,0,176
872,2107,759,0,165
873,2107,758,0,170
874,2106,755,0,171
875,2108,754,0,173
876,2114,752,0,172
877,2122,746,0,162
878,2126,747,0,164
879,2129,750,0,170
880,2135,751,0,169
881,2143,755,0,161
882,2150,756,0,162
883,2154,756,0,163
884,2158,757,0,147
885,2161,755,0,155
886,2162,754,0,159
887,2163,754,0,159
888,2163,755,0,160
889,2165,756,0,158
890,2165,756,0,157
891,2166,756,0,156
892,2168,757,0,150
893,2169,758,0,148
894,2169,761,0,136
895,2170,765,0,129
896,2169,768,0,123
897,2169,770,0,124
898,2169,771,0,122
899,2170,771,0,120
900,2170,772,0,119
901,2171,773,0,121
902,2172,772,0,122
903,2171,773,0,129
904,2172,772,0,130
905,2174,772,0,130
906,2175,772,0,132
907,2177,772,0,137
908,2177,772,0,137
909,2178,772,0,143
910,2181,771,0,141
911,2185,773,0,144
912,2187,774,0,142
913,2189,774,0,144
914,2195,777,0,150
915,2198,778,0,153
916,2198,777,0,162
917,2198,777,0,161
918,2198,776,0,161
919,2197,777,0,158
920,2197,777,0,157
921,2196,778,0,153
922,2195,779,0,148
923,2194,780,0,144
924,2195,780,0,142
925,2195,781,0,144
926,2195,781,0,146
927,2195,782,0,147
928,2195,782,0,148
929,2195,781,0,147
930,2195,781,0,147
931,2195,781,0,148
932,2195,781,0,149
933,2194,781,0,149
934,2194,781,0,150
935,2194,781,0,151
936,2195,781,0,150
937,2195,781,0,151
938,2195,780,0,150
939,2195,780,0,151
940,2195,780,0,151
941,2195,780,0,151
942,2195,780,0,151
943,2195,780,0,151
944,2195,780,0,151
945,2195,780,0,151
946,2195,780,0,152
947,2195,780,0,152
948,2195,780,0,152
949,2195,780,0,152
950,2195,780,0,152
951,2195,780,0,151
952,2195,780,0,152
953,2195,780,0,152
954,2195,780,0,150
955,2195,780,0,151
956,2195,780,0,152
957,2195,780,0,151
958,2195,780,0,152
959,2194,780,0,152
960,2195,779,0,152
961,2195,780,0,152
962,2194,780,0,152
963,2194,780,0,152
964,2195,780,0,152
965,2194,779,0,152
966,2195,779,0,151
967,2194,780,0,152
968,2194,779,0,151
969,2194,779,0,151
970,2194,779,0,151
971,2194,779,0,150
972,2194,779,0,150
973,2194,779,0,151
974,2194,779,0,151
975,2194,779,0,150
976,2194,779,0,150
977,2194,779,0,150
978,2194,779,0,151
979,2194,779,0,150
980,2194,779,0,150
981,2194,779,0,150
982,2194,779,0,150
983,2194,780,0,150
984,2194,779,0,151
985,2194,780,0,150
986,2194,779,0,150
987,2194,779,0,150
988,2194,779,0,150
989,2194,779,0,151
990,2194,779,0,150
991,2194,779,0,149
992,2194,779,0,149
993,2194,779,0,149
994,2194,779,0,149
995,2194,779,0,149
996,2194,779,0,149
997,2194,779,0,149
998,2194,779,0,149
999,2194,779,0,148
1000,2194,779,0,148
1001,2194,779,0,149
1002,2194,779,0,149
1003,2194,779,0,149
1004,2194,779,0,149
1005,2194,779,0,149
1006,2194,779,0,148
1007,2194,779,0,149
1008,2194,779,0,148
1009,2194,779,0,148
1010,2194,779,0,148
1011,2194,779,0,149
1012,2194,779,0,149
1013,2194,779,0,149
1014,2194,779,0,150
1015,2193,779,0,150
1016,2193,779,0,150
1017,2193,779,0,150
1018,2193,779,0,150
1019,2193,779,0,150
1020,2193,779,0,150
1021,2193,779,0,150
1022,2193,779,0,150
1023,2193,779,0,150
1024,2193,779,0,149
1025,2193,779,0,150
1026,2193,779,0,149
1027,2193,779,0,149
1028,2193,779,0,149
1029,2193,779,0,151
1030,2193,779,0,151
1031,2193,779,0,152
1032,2193,779,0,152
1033,2193,780,0,152
1034,2193,780,0,152
1035,2193,780,0,152
1036,2193,780,0,150
1037,2193,781,0,154
1038,2193,781,0,154
1039,2193,781,0,152
1040,2193,780,0,152
1041,2193,782,0,154
1042,2193,783,0,155
1043,2193,783,0,156
1044,2194,783,0,158
1045,2194,783,0,159
1046,2193,782,0,157
1047,2193,782,0,158
1048,2193,782,0,156
1049,2193,782,0,156
1050,2193,782,0,157
1051,2193,782,0,156
1052,2192,782,0,156
1053,2192,782,0,156
1054,2193,782,0,156
1055,2192,782,0,157
1056,2192,781,0,157
1057,2192,781,0,158
1058,2192,781,0,159
1059,2192,781,0,158
1060,2192,781,0,157
1061,2192,781,0,158
1062,2192,781,0,157
1063,2192,781,0,158
1064,2192,781,0,157
1065,2192,781,0,157
1066,2192,781,0,156
1067,2192,781,0,157
1068,2192,781,0,158
1069,2191,783,0,161
1070,2192,781,0,158
1071,2191,782,0,154
1072,2191,782,0,151
1073,2193,784,0,138
1074,2193,786,0,132
1075,2193,786,0,133
1076,2192,788,0,135
1077,2192,788,0,136
1078,2192,787,0,132
1079,2192,787,0,134
1080,2192,787,0,136
1081,2192,786,0,138
1082,2190,784,0,148
1083,2189,782,0,153
1084,2189,779,0,173
1085,2188,781,0,173
1086,2189,781,0,173
1087,2191,780,0,171
1088,2191,779,0,173
1089,2191,779,0,172
1090,2191,778,0,173
1091,2190,779,0,173
1092,2190,779,0,172
1093,2188,779,0,170
1094,2188,780,0,161
1095,2188,781,0,159
1096,2187,782,0,161
1097,2188,782,0,162
1098,2188,781,0,158
1099,2188,781,0,157
1100,2188,781,0,157
1101,2188,781,0,157
1102,2188,782,0,158
1103,2188,782,0,161
1104,2187,782,0,159
1105,2187,782,0,160
1106,2187,782,0,164
1107,2187,781,0,164
1108,2187,781,0,161
1109,2187,780,0,161
1110,2187,780,0,159
1111,2187,780,0,159
1112,2187,780,0,156
1113,2187,780,0,155
1114,2187,780,0,155
1115,2187,780,0,155
1116,2187,780,0,155
1117,2187,780,0,156
1118,2186,780,0,156
1119,2186,780,0,156
1120,2186,780,0,157
1121,2186,780,0,156
1122,2186,780,0,157
1123,2187,780,0,157
1124,2186,780,0,156
1125,2186,780,0,157
1126,2186,780,0,157
1127,2187,780,0,157
1128,2187,780,0,159
1129,2187,780,0,156
1130,2187,780,0,159
1131,2187,780,0,158
1132,2187,780,0,159
1133,2187,780,0,159
1134,2187,780,0,159
1135,2187,780,0,159
1136,2187,780,0,160
1137,2187,780,0,159
1138,2187,780,0,159
1139,2187,780,0,159
1140,2187,780,0,159
1141,2187,780,0,159
1142,2187,781,0,159
1143,2187,781,0,159
1144,2187,781,0,155
1145,2187,781,0,158
1146,2187,781,0,156
1147,2187,782,0,162
1148,2186,782,0,161
1149,2187,782,0,162
1150,2187,782,0,164
1151,2186,782,0,165
1152,2186,782,0,164
1153,2186,782,0,164
1154,2186,781,0,162
1155,2186,781,0,162
1156,2186,781,0,161
1157,2186,781,0,162
1158,2186,781,0,161
1159,2186,781,0,161
1160,2186,781,0,161
1161,2186,781,0,161
1162,2186,781,0,162
1163,2185,781,0,161
1164,2185,781,0,160
1165,2185,782,0,159
1166,2185,782,0,158
1167,2185,782,0,158
1168,2185,783,0,155
1169,2185,783,0,153
1170,2185,783,0,152
1171,2185,783,0,152
1172,2185,783,0,153
1173,2185,783,0,153
1174,2185,782,0,153
1175,2185,782,0,153
1176,2184,782,0,151
1177,2184,782,0,151
1178,2184,782,0,151
1179,2184,782,0,151
1180,2184,782,0,151
1181,2184,782,0,151
1182,2184,782,0,151
1183,2184,782,0,152
1184,2184,782,0,152
1185,2184,782,0,152
1186,2184,782,0,153
1187,2184,782,0,154
1188,2184,782,0,153
1189,2184,782,0,155
1190,2184,782,0,155
1191,2184,782,0,155
1192,2184,782,0,156
1193,2184,782,0,156
1194,2184,782,0,155
1195,2184,782,0,156
1196,2184,782,0,156
1197,2184,782,0,157
1198,2183,782,0,158
1199,2184,782,0,159
1200,2183,783,0,156
1201,2184,783,0,161
1202,2185,783,0,161
1203,2185,783,0,160
1204,2185,783,0,160
1205,2185,782,0,162
1206,2185,782,0,161
1207,2185,782,0,161
1208,2185,782,0,161
1209,2185,782,0,161
1210,2185,782,0,161
1211,2185,782,0,161
1212,2185,782,0,161
1213,2185,782,0,161
1214,2185,782,0,161
1215,2185,782,0,162
1216,2185,782,0,161
1217,2185,782,0,162
1218,2185,782,0,161
1219,2185,782,0,161
1220,2185,782,0,161
1221,2185,782,0,161
1222,2185,783,0,162
1223,2185,783,0,161
1224,2185,783,0,161
1225,2185,783,0,161
1226,2185,783,0,161
1227,2185,783,0,160
1228,2185,783,0,161
1229,2185,783,0,162
1230,2185,783,0,162
1231,2185,783,0,162
1232,2185,783,0,161
1233,2185,783,0,161
1234,2185,783,0,162
1235,2185,783,0,161
1236,2185,783,0,160
1237,2185,783,0,159
1238,2185,783,0,159
1239,2185,783,0,161
1240,2185,783,0,159
1241,2185,783,0,159
1242,2185,783,0,159
1243,2185,783,0,159
1244,2185,783,0,160
1245,2185,783,0,160
1246,2185,783,0,160
1247,2185,783,0,160
1248,2185,783,0,159
1249,2185,783,0,160
1250,2185,783,0,160
1251,2185,783,0,160
1252,2185,783,0,159
1253,2185,783,0,159
1254,2185,783,0,159
1255,2185,783,0,159
1256,2185,783,0,159
1257,2185,783,0,159
1258,2185,783,0,160
1259,2185,783,0,159
1260,2185,783,0,160
1261,2185,783,0,159
1262,2185,783,0,160
1263,2185,783,0,159
1264,2185,783,0,159
1265,2185,783,0,159
1266,2185,783,0,159
1267,2185,783,0,159
1268,2185,783,0,159
1269,2185,784,0,159
1270,2185,784,0,158
1271,2185,784,0,158
1272,2185,784,0,157
1273,2185,784,0,157
1274,2185,784,0,157
1275,2185,784,0,157
1276,2185,784,0,157
1277,2185,783,0,156
1278,2186,783,0,158
1279,2187,783,0,157
1280,2187,783,0,157
1281,2187,783,0,156
1282,2187,783,0,156
1283,2187,783,0,156
1284,2186,783,0,156
1285,2187,783,0,157
1286,2187,783,0,158
1287,2187,783,0,155
1288,2186,783,0,155
1289,2186,783,0,156
1290,2186,783,0,156
1291,2185,779,0,163
1292,2186,778,0,161
1293,2185,775,0,162
1294,2182,771,0,156
1295,2183,771,0,158
1296,2181,770,0,157
1297,2180,770,0,156
1298,2180,771,0,160
1299,2180,768,0,161
1300,2181,768,0,161
1301,2184,768,0,157
1302,2186,768,0,161
1303,2188,764,0,162
1304,2189,763,0,159
1305,2189,764,0,160
1306,2190,764,0,161
1307,2188,764,0,165
1308,2188,764,0,166
1309,2187,765,0,169
1310,2187,765,0,170
1311,2187,765,0,171
1312,2187,766,0,172
1313,2186,766,0,171
1314,2186,766,0,173
1315,2186,766,0,174
1316,2186,767,0,174
1317,2186,767,0,175
1318,2187,767,0,175
1319,2188,769,0,182
1320,2188,770,0,183
1321,2188,771,0,188
1322,2188,769,0,183
1323,2186,769,0,172
1324,2185,769,0,164
1325,2183,770,0,157
1326,2182,770,0,154
1327,2182,770,0,156
1328,2183,770,0,156
1329,2183,771,0,156
1330,2183,771,0,156
1331,2184,771,0,156
1332,2184,771,0,159
1333,2184,770,0,161
1334,2184,771,0,163
1335,2184,771,0,163
1336,2184,771,0,164
1337,2184,770,0,164
1338,2184,769,0,170
1339,2184,769,0,173
1340,2184,769,0,174
1341,2184,770,0,174
1342,2184,770,0,176
1343,2184,770,0,176
1344,2184,771,0,176
1345,2183,771,0,175
1346,2183,771,0,176
1347,2183,771,0,177
1348,2183,771,0,176
1349,2183,771,0,177
1350,2182,771,0,176
1351,2182,771,0,175
1352,2183,771,0,176
1353,2182,771,0,176
1354,2182,771,0,177
1355,2182,771,0,176
1356,2182,771,0,176
1357,2182,771,0,176
1358,2182,771,0,175
1359,2182,771,0,174
1360,2182,772,0,175
1361,2182,772,0,174
1362,2182,772,0,174
1363,2181,772,0,173
1364,2181,772,0,173
1365,2181,772,0,173
1366,2181,772,0,172
1367,2181,772,0,173
1368,2181,772,0,174
1369,2181,772,0,175
1370,2180,772,0,174
1371,2180,772,0,174
1372,2180,772,0,174
1373,2180,773,0,174
1374,2180,773,0,174
1375,2180,773,0,174
1376,2180,773,0,173
1377,2179,773,0,174
1378,2179,773,0,174
1379,2179,773,0,174
1380,2179,773,0,174
1381,2179,773,0,174
1382,2179,773,0,174
1383,2179,774,0,174
1384,2179,774,0,174
1385,2179,774,0,174
1386,2179,774,0,174
1387,2179,774,0,174
1388,2179,774,0,174
1389,2179,774,0,174
1390,2179,774,0,173
1391,2179,774,0,173
1392,2179,774,0,174
1393,2179,774,0,174
1394,2179,774,0,173
1395,2179,774,0,173
1396,2179,774,0,173
1397,2179,774,0,174
1398,2179,774,0,173
1399,2179,774,0,174
1400,2179,774,0,175
1401,2179,774,0,175
1402,2179,774,0,175
1403,2179,774,0,175
1404,2179,774,0,175
1405,2179,774,0,175
1406,2179,774,0,175
1407,2179,774,0,175
1408,2179,774,0,173
1409,2178,774,0,171
1410,2178,774,0,171
1411,2179,774,0,171
1412,2178,774,0,170
1413,2178,774,0,170
1414,2179,774,0,169
1415,2179,774,0,170
1416,2179,774,0,171
1417,2179,774,0,170
1418,2179,774,0,171
1419,2179,774,0,170
1420,2179,774,0,171
1421,2179,774,0,172
1422,2179,774,0,173
1423,2179,774,0,174
1424,2179,774,0,175
1425,2179,774,0,175
1426,2180,774,0,177
1427,2179,774,0,177
1428,2180,774,0,177
1429,2180,774,0,178
1430,2180,774,0,178
1431,2180,774,0,177
1432,2180,774,0,177
1433,2180,774,0,178
1434,2180,774,0,178
1435,2180,774,0,178
1436,2180,774,0,178
1437,2180,774,0,178
1438,2180,774,0,178
1439,2180,774,0,178
1440,2180,774,0,178
1441,2180,774,0,178
1442,2180,774,0,178
1443,2180,774,0,178
1444,2180,774,0,178
1445,2180,774,0,179
1446,2180,774,0,178
1447,2180,774,0,179
1448,2180,774,0,178
1449,2180,774,0,178
1450,2180,774,0,178
1451,2180,774,0,178
1452,2180,774,0,178
1453,2180,774,0,178
1454,2180,774,0,178
1455,2180,774,0,179
1456,2180,774,0,179
1457,2180,774,0,179
1458,2180,774,0,179
1459,2180,774,0,178
1460,2180,774,0,178
1461,2180,774,0,179
1462,2180,774,0,179
1463,2180,774,0,178
1464,2180,774,0,179
1465,2180,774,0,179
1466,2180,774,0,178
1467,2180,774,0,179
1468,2180,774,0,179
1469,2180,774,0,179
1470,2180,774,0,179
1471,2180,774,0,179
1472,2180,774,0,179
1473,2177,774,0,172
1474,2179,775,0,171
1475,2180,774,0,171
1476,2180,774,0,171
1477,2180,775,0,170
1478,2180,774,0,170
1479,2180,775,0,169
1480,2180,775,0,169
1481,2180,775,0,166
1482,2180,775,0,165
1483,2180,775,0,164
1484,2180,775,0,165
1485,2180,775,0,163
1486,2180,775,0,162
1487,2180,775,0,162
1488,2180,775,0,161
1489,2180,774,0,162
1490,2180,775,0,160
1491,2180,774,0,161
1492,2180,774,0,160
1493,2180,774,0,160
1494,2180,774,0,160
1495,2180,774,0,160
1496,2180,774,0,160
1497,2180,774,0,160
1498,2180,774,0,160
1499,2180,774,0,160
1500,2180,774,0,160
1501,2180,774,0,160
1502,2180,774,0,160
1503,2180,774,0,160
1504,2180,774,0,160
1505,2180,774,0,159
1506,2180,774,0,160
1507,2180,774,0,159
1508,2180,774,0,159
1509,2180,774,0,159
1510,2180,774,0,159
1511,2180,774,0,159
1512,2180,774,0,158
1513,2180,774,0,159
1514,2180,774,0,159
1515,2180,774,0,160
1516,2180,774,0,159
1517,2180,774,0,159
1518,2180,774,0,160
1519,2180,774,0,160
1520,2180,774,0,159
1521,2180,774,0,159
1522,2180,774,0,159
1523,2180,774,0,159
1524,2180,774,0,159
1525,2180,774,0,159
1526,2180,774,0,159
1527,2180,774,0,159
1528,2180,774,0,159
1529,2180,774,0,160
1530,2180,774,0,159
1531,2180,774,0,159
1532,2180,774,0,159
1533,2180,774,0,160
1534,2180,774,0,160
1535,2181,774,0,160
1536,2180,774,0,160
1537,2180,774,0,160
1538,2180,774,0,160
1539,2181,774,0,160
1540,2181,774,0,161
1541,2180,774,0,161
1542,2181,774,0,161
1543,2181,774,0,161
1544,2181,774,0,161
1545,2181,774,0,161
1546,2181,774,0,161
1547,2180,774,0,161
1548,2181,774,0,161
1549,2181,774,0,161
1550,2181,774,0,161
1551,2181,774,0,161
1552,2181,774,0,161
1553,2181,774,0,161
1554,2181,774,0,161
1555,2181,774,0,162
1556,2181,774,0,161
1557,2181,774,0,162
1558,2181,774,0,162
1559,2181,774,0,161
1560,2181,774,0,162
1561,2181,774,0,161
1562,2181,774,0,162
1563,2181,774,0,161
1564,2181,774,0,161
1565,2181,774,0,161
1566,2181,774,0,161
1567,2181,774,0,162
1568,2181,774,0,161
1569,2181,774,0,161
1570,2181,774,0,161
1571,2181,774,0,162
1572,2181,774,0,162
1573,2181,774,0,162
1574,2181,774,0,162
1575,2181,774,0,161
1576,2181,774,0,161
1577,2181,774,0,162
1578,2181,774,0,162
1579,2181,774,0,162
1580,2181,774,0,161
1581,2181,774,0,161
1582,2181,774,0,161
1583,2181,774,0,162
1584,2181,774,0,162
1585,2181,774,0,162
1586,2181,774,0,162
1587,2181,774,0,161
1588,2181,774,0,161
1589,2181,774,0,162
1590,2181,774,0,161
1591,2181,774,0,162
1592,2181,774,0,162
1593,2181,774,0,162
1594,2181,774,0,162
1595,2181,774,0,162
1596,2181,774,0,161
1597,2181,774,0,162
1598,2181,774,0,162
1599,2181,774,0,161
1600,2181,774,0,162
1601,2181,774,0,161
1602,2181,774,0,162
1603,2181,774,0,161
1604,2181,774,0,162
1605,2181,774,0,162
1606,2181,774,0,162
1607,2181,774,0,162
1608,2181,774,0,161
1609,2181,774,0,162
1610,2181,774,0,161
1611,2181,774,0,162
1612,2181,774,0,160
1613,2181,774,0,160
1614,2181,774,0,161
1615,2181,774,0,160
1616,2181,774,0,161
1617,2181,774,0,160
1618,2181,774,0,161
1619,2181,774,0,161
1620,2181,774,0,161
1621,2181,774,0,159
1622,2181,774,0,159
1623,2179,773,0,158
1624,2179,773,0,153
1625,2179,773,0,149
1626,2179,773,0,147
1627,2179,773,0,147
1628,2179,773,0,147
1629,2180,773,0,146
1630,2180,774,0,159
1631,2182,777,0,171
1632,2183,777,0,172
1633,2181,774,0,174
1634,2180,774,0,174
1635,2179,774,0,168
1636,2179,774,0,166
1637,2179,774,0,165
1638,2179,775,0,163
1639,2179,775,0,163
1640,2180,775,0,169
1641,2180,774,0,164
1642,2178,774,0,161
1643,2179,774,0,158
1644,2179,774,0,156
1645,2179,774,0,151
1646,2180,774,0,149
1647,2180,774,0,145
1648,2180,774,0,144
1649,2180,774,0,145
1650,2180,774,0,143
1651,2180,774,0,144
1652,2180,774,0,142
1653,2180,774,0,143
1654,2180,774,0,143
1655,2180,774,0,142
1656,2180,774,0,140
1657,2180,774,0,139
1658,2180,774,0,139
1659,2180,774,0,139
1660,2180,774,0,139
1661,2180,774,0,140
1662,2180,774,0,140
1663,2180,774,0,141
1664,2180,774,0,143
1665,2180,774,0,144
1666,2180,774,0,144
1667,2180,774,0,143
1668,2180,774,0,143
1669,2180,774,0,145
1670,2180,774,0,145
1671,2180,774,0,145
1672,2180,774,0,146
1673,2180,774,0,146
1674,2180,774,0,147
1675,2180,774,0,146
1676,2180,774,0,146
1677,2180,774,0,143
1678,2180,774,0,144
1679,2179,774,0,143
1680,2180,774,0,145
1681,2180,774,0,144
1682,2180,774,0,144
1683,2180,773,0,144
1684,2180,774,0,143
1685,2180,774,0,142
1686,2179,774,0,143
1687,2180,774,0,142
1688,2181,774,0,143
1689,2181,774,0,140
1690,2182,774,0,140
1691,2183,774,0,137
1692,2183,774,0,137
1693,2183,774,0,135
1694,2183,774,0,135
1695,2183,774,0,134
1696,2183,774,0,136
1697,2183,775,0,136
1698,2183,774,0,137
1699,2182,774,0,138
1700,2183,775,0,140
1701,2182,776,0,145
1702,2181,778,0,150
1703,2180,779,0,148
1704,2180,779,0,147
1705,2180,779,0,138
1706,2180,778,0,142
1707,2179,778,0,138
1708,2178,777,0,137
1709,2177,776,0,138
1710,2177,776,0,138
1711,2177,776,0,138
1712,2177,776,0,142
1713,2176,775,0,148
1714,2176,775,0,154
1715,2176,775,0,155
1716,2176,775,0,153
1717,2176,775,0,152
1718,2176,775,0,150
1719,2176,774,0,149
1720,2176,774,0,150
1721,2176,774,0,150
1722,2176,775,0,151
1723,2176,774,0,149
1724,2176,774,0,148
1725,2177,775,0,149
1726,2177,774,0,147
1727,2177,774,0,147
1728,2177,774,0,148
1729,2177,775,0,148
1730,2177,775,0,151
1731,2177,775,0,151
1732,2178,775,0,151
1733,2178,775,0,152
1734,2178,775,0,153
1735,2178,775,0,153
1736,2178,775,0,152
1737,2178,775,0,153
1738,2178,775,0,153
1739,2178,775,0,153
1740,2178,775,0,153
1741,2178,775,0,153
1742,2178,775,0,154
1743,2178,775,0,153
1744,2178,775,0,153
1745,2178,775,0,154
1746,2179,775,0,154
1747,2179,775,0,154
1748,2179,775,0,153
1749,2179,775,0,153
1750,2179,775,0,154
1751,2179,775,0,154
1752,2179,775,0,154
1753,2179,775,0,153
1754,2179,775,0,154
1755,2179,775,0,155
1756,2179,775,0,155
1757,2179,775,0,155
1758,2179,774,0,155
1759,2179,775,0,154
1760,2179,775,0,155
1761,2179,775,0,155
1762,2179,774,0,155
1763,2179,774,0,156
1764,2179,774,0,157
1765,2179,774,0,157
1766,2179,774,0,158
1767,2178,774,0,159
1768,2179,774,0,161
1769,2178,773,0,162
1770,2179,773,0,163
1771,2179,773,0,166
1772,2177,774,0,167
1773,2176,774,0,164
1774,2173,777,0,147
1775,2174,775,0,149
1776,2173,775,0,162
1777,2175,774,0,158
1778,2171,775,0,165
1779,2169,774,0,161
1780,2167,773,0,159
1781,2164,771,0,163
1782,2164,772,0,164
1783,2164,771,0,165
1784,2167,772,0,165
1785,2169,773,0,164
1786,2170,772,0,163
1787,2169,772,0,163
1788,2170,772,0,164
1789,2170,772,0,162
1790,2170,771,0,161
1791,2170,771,0,160
1792,2171,771,0,160
1793,2170,771,0,158
1794,2171,770,0,164
1795,2172,769,0,166
1796,2172,768,0,164
1797,2173,769,0,160
1798,2174,768,0,161
1799,2174,767,0,156
1800,2175,767,0,150
1801,2175,766,0,150
1802,2175,766,0,149
1803,2175,765,0,147
1804,2175,764,0,149
1805,2174,763,0,148
1806,2174,764,0,147
1807,2174,764,0,146
1808,2173,764,0,143
1809,2174,764,0,141
1810,2174,763,0,145
1811,2173,763,0,142
1812,2172,762,0,144
1813,2171,761,0,144
1814,2173,763,0,140
1815,2175,765,0,143
1816,2176,766,0,141
1817,2176,766,0,146
1818,2176,765,0,145
1819,2176,765,0,146
1820,2176,765,0,147
1821,2176,765,0,151
1822,2177,765,0,154
1823,2176,765,0,154
1824,2176,766,0,153
1825,2176,766,0,154
1826,2176,766,0,154
1827,2176,766,0,155
1828,2176,766,0,154
1829,2176,766,0,152
1830,2176,767,0,154
1831,2176,767,0,153
1832,2176,766,0,152
1833,2176,766,0,153
1834,2176,766,0,155
1835,2176,767,0,155
1836,2176,767,0,155
1837,2176,766,0,153
1838,2176,767,0,153
1839,2176,765,0,154
1840,2176,765,0,160
1841,2177,766,0,171
1842,2178,766,0,179
1843,2180,766,0,182
1844,2181,769,0,175
1845,2180,769,0,172
1846,2178,769,0,173
1847,2177,770,0,171
1848,2174,768,0,146
1849,2172,764,0,125
1850,2172,765,0,119
1851,2173,766,0,112
1852,2173,768,0,107
1853,2175,765,0,101
1854,2177,764,0,98
1855,2181,764,0,90
1856,2183,767,0,84
1857,2185,768,0,86
1858,2187,769,0,85
1859,2187,770,0,75
1860,2184,768,0,86
1861,2177,767,0,85
1862,2178,768,0,82
1863,2179,769,0,76
1864,2180,768,0,78
1865,2181,769,0,68
1866,2182,768,0,78
1867,2182,764,0,72
1868,2183,764,0,78
1869,2182,765,0,84
1870,2183,766,0,89
1871,2183,770,0,89
1872,2183,770,0,90
1873,2183,771,0,88
1874,2182,770,0,89
1875,2182,767,0,93
1876,2181,766,0,95
1877,2181,769,0,92
1878,2181,771,0,84
1879,2184,766,0,84
1880,2184,769,0,74
1881,2184,770,0,79
1882,2186,771,0,89
1883,2187,774,0,103
1884,2189,777,0,114
1885,2194,777,0,115
1886,2197,778,0,120
1887,2200,778,0,118
1888,2204,781,0,111
1889,2205,781,0,113
1890,2205,784,0,115
1891,2207,788,0,114
1892,2210,793,0,111
1893,2208,796,0,109
1894,2208,800,0,104
1895,2206,803,0,108
1896,2203,805,0,108
1897,2201,808,0,102
1898,2200,810,0,91
1899,2201,810,0,87
1900,2200,812,0,88
1901,2197,815,0,88
1902,2195,818,0,83
1903,2196,821,0,87
1904,2195,822,0,91
1905,2195,822,0,89
1906,2195,821,0,86
1907,2193,824,0,84
1908,2192,826,0,80
1909,2192,831,0,72
1910,2190,836,0,68
1911,2190,838,0,66
1912,2189,842,0,71
1913,2192,843,0,75
1914,2191,844,0,80
1915,2191,845,0,80
1916,2189,843,0,79
1917,2188,844,0,78
1918,2190,847,0,70
1919,2188,849,0,72
1920,2186,852,0,67
1921,2184,855,0,63
1922,2181,857,0,60
1923,2177,860,0,65
1924,2175,861,0,54
1925,2173,863,0,50
1926,2172,867,0,51
1927,2172,866,0,54
1928,2170,870,0,58
1929,2171,872,0,54
1930,2172,872,0,46
1931,2170,874,0,45
1932,2169,876,0,54
1933,2166,878,0,52
1934,2166,879,0,62
1935,2170,885,0,51
1936,2169,886,0,59
1937,2170,890,0,59
1938,2171,890,0,61
1939,2168,886,0,67
1940,2162,884,0,79
1941,2162,887,0,81
1942,2164,893,0,76
1943,2161,898,0,75
1944,2165,907,0,85
1945,2169,911,0,75
1946,2167,908,0,62
1947,2165,909,0,74
1948,2162,909,0,75
1949,2162,907,0,82
1950,2160,907,0,88
1951,2159,907,0,89
1952,2159,906,0,94
1953,2161,906,0,99
1954,2163,905,0,106
1955,2163,905,0,107
1956,2163,905,0,107
1957,2162,901,0,108
1958,2160,900,0,101
1959,2160,899,0,101
1960,2160,898,0,99
1961,2159,898,0,98
1962,2160,900,0,100
1963,2160,900,0,99
1964,2160,900,0,102
1965,2161,901,0,102
1966,2162,901,0,104
1967,2161,901,0,104
1968,2162,902,0,102
1969,2162,902,0,103
1970,2162,902,0,101
1971,2162,902,0,105
1972,2162,902,0,105
1973,2163,902,0,107
1974,2164,902,0,106
1975,2164,902,0,108
1976,2164,902,0,108
1977,2164,902,0,109
1978,2165,901,0,103
1979,2165,900,0,101
1980,2165,899,0,101
1981,2166,899,0,99
1982,2166,899,0,99
1983,2166,899,0,100
1984,2166,899,0,101
1985,2166,899,0,103
1986,2166,898,0,104
1987,2166,897,0,103
1988,2166,895,0,111
1989,2165,895,0,114
1990,2165,895,0,114
1991,2166,895,0,109
1992,2166,895,0,109
1993,2169,897,0,105
1994,2174,902,0,96
1995,2172,900,0,105
1996,2169,898,0,101
1997,2173,900,0,102
1998,2171,898,0,92
1999,2170,898,0,84
2000,2170,897,0,83
2001,2170,894,0,87
2002,2169,892,0,83
2003,2167,893,0,74
2004,2167,892,0,76
2005,2167,892,0,78
2006,2167,893,0,83
2007,2167,893,0,80
2008,2165,894,0,84
2009,2165,894,0,90
2010,2165,893,0,93
2011,2167,893,0,97
2012,2164,892,0,100
2013,2159,891,0,101
2014,2157,890,0,109
2015,2160,891,0,98
2016,2163,892,0,105
2017,2165,892,0,120
2018,2169,899,0,95
2019,2167,900,0,97
2020,2167,900,0,95
2021,2164,902,0,86
2022,2157,910,0,89
2023,2151,916,0,90
2024,2152,921,0,77
2025,2154,923,0,79
2026,2165,922,0,89
2027,2161,924,0,82
2028,2158,927,0,82
2029,2155,927,0,86
2030,2156,927,0,93
2031,2159,929,0,94
2032,2159,926,0,98
2033,2158,925,0,99
2034,2157,924,0,91
2035,2156,927,0,87
2036,2154,930,0,79
2037,2156,932,0,83
2038,2158,933,0,76
2039,2161,935,0,82
2040,2165,944,0,78
2041,2164,946,0,76
2042,2170,950,0,71
2043,2174,943,0,45
2044,2173,941,0,39
2045,2172,943,0,19
2046,2176,944,0,20
2047,2177,942,0,46
2048,2177,946,0,34
2049,2176,951,0,21
2050,2175,953,0,13
2051,2178,953,0,4
2052,2170,951,0,0
2053,2163,951,0,356
2054,2160,945,0,3
2055,2154,943,0,358
2056,2150,938,0,354
2057,2149,938,0,355
2058,2145,936,0,342
2059,2143,932,0,340
2060,2146,929,0,336
2061,2146,924,0,336
2062,2142,922,0,330
2063,2137,919,0,320
2064,2136,914,0,316
2065,2133,906,0,325
2066,2130,905,0,320
2067,2128,903,0,316
2068,2126,901,0,315
2069,2125,899,0,311
2070,2124,898,0,305
2071,2124,896,0,302
2072,2125,895,0,301
2073,2124,895,0,299
2074,2125,895,0,302
2075,2123,896,0,311
2076,2120,894,0,319
2077,2117,892,0,323
2078,2118,893,0,330
2079,2119,891,0,328
2080,2119,888,0,327
2081,2119,887,0,328
2082,2122,888,0,323
2083,2121,889,0,324
2084,2121,890,0,327
2085,2120,889,0,331
2086,2120,888,0,334
2087,2121,888,0,333
2088,2120,887,0,334
2089,2119,888,0,336
2090,2120,890,0,337
2091,2118,888,0,339
2092,2116,889,0,342
2093,2118,888,0,343
2094,2119,887,0,344
2095,2118,888,0,348
2096,2119,891,0,346
2097,2118,892,0,348
2098,2115,893,0,346
2099,2112,893,0,348
2100,2105,895,0,349
2101,2103,896,0,348
2102,2101,897,0,342
2103,2101,897,0,331
2104,2101,896,0,327
2105,2102,895,0,329
2106,2103,894,0,336
2107,2104,892,0,334
2108,2105,890,0,316
2109,2105,891,0,334
2111,2106,892,0,332
2112,2106,892,0,337
2113,2106,892,0,334
2114,2107,893,0,336
2115,2107,892,0,337
2116,2107,892,0,334
2117,2108,892,0,333
2119,2109,892,0,338
2120,2109,892,0,344
2121,2113,893,0,343
2122,2112,893,0,341
2123,2111,895,0,344
2124,2111,895,0,345
2125,2110,895,0,341
2126,2112,897,0,345
2127,2112,896,0,346
2128,2112,897,0,346
2129,2113,897,0,345
2130,2113,899,0,346
2131,2113,900,0,348
2132,2113,901,0,347
2133,2114,903,0,351
2134,2115,904,0,354
2135,2115,908,0,357
2136,2118,907,0,11
2137,2116,909,0,356
2138,2116,905,0,355
2139,2118,908,0,357
2140,2121,909,0,352
2141,2120,904,0,4
2142,2122,905,0,1
2143,2122,907,0,359
2144,2121,907,0,357
2145,2121,907,0,357
2146,2120,905,0,356
2147,2122,903,0,356
2148,2122,903,0,352
2149,2119,902,0,352
2150,2122,904,0,351
2151,2117,904,0,352
2152,2115,904,0,350
2153,2116,904,0,349
2154,2115,902,0,349
2155,2114,901,0,346
2156,2113,899,0,341
2157,2116,899,0,335
2158,2113,897,0,335
2159,2112,896,0,333
2160,2111,896,0,334
2161,2112,895,0,329
2162,2112,895,0,331
2163,2113,897,0,331
2164,2113,898,0,334
2165,2112,898,0,336
2166,2112,898,0,334
2167,2112,899,0,335
2168,2112,900,0,339
2169,2112,899,0,338
2170,2114,898,0,336
2171,2112,896,0,338
2172,2111,893,0,340
2173,2110,893,0,344
2174,2108,893,0,345
2175,2107,894,0,351
2176,2106,895,0,350
2177,2103,893,0,346
2178,2102,891,0,346
2179,2102,891,0,348
2180,2102,891,0,346
2181,2105,891,0,343
2182,2107,892,0,343
2183,2107,892,0,344
2184,2107,890,0,342
2185,2107,889,0,342
2187,2108,877,0,339
2188,2110,876,0,342
2189,2106,871,0,352
2190,2105,871,0,357
2191,2104,870,0,2
2192,2103,870,0,350
2194,2100,865,0,339
2195,2100,864,0,339
2196,2102,862,0,345
2197,2099,860,0,342
2198,2096,858,0,341
2199,2087,854,0,338
2200,2080,852,0,331
2201,2076,848,0,333
2202,2071,845,0,338
2203,2063,840,0,345
2204,2060,840,0,346
2205,2059,840,0,344
2206,2052,837,0,342
2207,2046,833,0,342
2208,2043,831,0,345
2209,2037,826,0,344
2210,2027,824,0,342
2211,2021,820,0,328
2212,2017,817,0,338
2213,2012,813,0,334
2214,2007,812,0,334
2215,2004,806,0,330
2216,2001,804,0,335
2217,1999,800,0,339
2218,1993,799,0,336
2219,1987,798,0,334
2220,1984,792,0,335
2221,1979,791,0,336
2222,1975,791,0,339
2223,1973,792,0,338
2224,1971,793,0,331
2225,1972,792,0,339
2226,1974,791,0,340
2227,1977,791,0,335
2228,1975,787,0,338
2229,1975,783,0,339
2230,1972,780,0,346
2231,1970,778,0,350
2232,1969,777,0,351
2233,1969,775,0,355
2234,1969,774,0,358
2235,1974,773,0,353
2236,1973,773,0,355
2237,1973,773,0,356
2238,1973,772,0,359
2239,1974,770,0,357
2240,1976,773,0,358
2241,1975,777,0,359
2242,1979,783,0,358
2243,1979,784,0,0
2244,1980,781,0,3
2245,1982,781,0,5
2246,1981,781,0,4
2247,1981,781,0,5
2248,1982,781,0,6
2249,1983,781,0,6
2250,1985,781,0,10
2251,1983,782,0,8
2252,1982,781,0,4
2253,1981,781,0,5
2254,1981,780,0,7
2255,1981,780,0,7
2256,1982,779,0,8
2257,1983,778,0,11
2258,1984,777,0,13
2259,1983,778,0,7
2260,1983,777,0,7
2261,1987,784,0,3
2262,1986,785,0,2
2263,1990,787,0,1
2264,1992,785,0,4
2265,1992,783,0,5
2266,1991,781,0,7
2267,1992,782,0,1
2268,1993,781,0,3
2269,1993,780,0,6
2270,1994,777,0,7
2271,1989,778,0,7
2272,1990,778,0,10
2273,1994,777,0,12
2274,1992,778,0,12
2275,1984,780,0,7
2276,1984,783,0,12
2277,1983,784,0,14
2278,1983,785,0,13
2279,1983,784,0,10
2280,1983,784,0,9
2281,1983,783,0,9
2282,1984,784,0,10
2283,1984,785,0,12
2284,1986,784,0,10
2285,1986,783,0,9
2286,1985,782,0,7
2287,1985,782,0,7
2288,1985,783,0,8
2289,1987,783,0,9
2290,1988,783,0,8
2291,1988,783,0,7
2292,1988,783,0,10
2293,1989,782,0,11
2294,1988,783,0,9
2295,1987,784,0,7
2296,1987,783,0,5
2297,1985,786,0,9
2298,1985,790,0,3
2299,1985,791,0,4
2300,1984,791,0,5
2301,1983,792,0,5
2302,1983,792,0,4
2303,1983,791,0,5
2304,1982,792,0,7
2306,1984,793,0,4
2307,1988,787,0,41
2308,1989,787,0,41
2309,1991,788,0,208
2310,1986,791,0,352
2312,1986,790,0,346
2313,1985,790,0,349
2314,1987,788,0,357
2315,1990,789,0,347
2316,1986,789,0,341
2317,1986,788,0,337
2318,1987,786,0,340
2319,1988,787,0,340
2320,1986,785,0,338
2321,1986,786,0,337
2322,1986,788,0,343
2323,1987,789,0,348
2324,1985,790,0,349
2325,1984,790,0,349
2326,1984,789,0,351
2327,1985,790,0,351
2328,1985,790,0,351
2329,1987,792,0,344
2330,1988,793,0,345
2331,1986,793,0,341
2332,1985,793,0,342
2333,1987,793,0,344
2334,1988,793,0,346
2335,1988,797,0,352
2336,1988,797,0,353
2337,1989,796,0,348
2338,1990,796,0,351
2339,1990,797,0,351
2340,1990,796,0,344
2341,1992,796,0,350
2342,1995,795,0,347
2343,1996,797,0,346
2344,1997,797,0,348
2345,1998,796,0,348
2346,2000,798,0,351
2347,2000,797,0,348
2348,2000,798,0,347
2349,2000,795,0,352
2350,1999,792,0,345
2351,1997,790,0,338
2352,1998,787,0,328
2353,1995,783,0,325
2354,1995,781,0,319
2355,1995,778,0,312
2356,1994,776,0,309
2357,1994,766,0,317
2358,1994,766,0,312
2359,1992,764,0,313
2360,1992,762,0,319
2361,1992,763,0,321
2362,1991,761,0,321
2363,1990,759,0,318
2364,1987,756,0,318
2365,1984,756,0,329
2366,1979,754,0,329
2367,1977,750,0,326
2368,1975,742,0,324
2369,1971,738,0,322
2370,1967,735,0,322
2371,1963,728,0,325
2372,1961,723,0,326
2373,1956,719,0,326
2374,1954,715,0,321
2375,1952,714,0,325
2376,1950,714,0,325
2377,1948,714,0,328
2378,1948,714,0,328
2379,1948,713,0,332
2380,1948,713,0,328
2381,1950,714,0,328
2382,1953,716,0,324
2383,1955,716,0,321
2384,1955,715,0,318
2385,1955,714,0,319
2386,1955,715,0,321
2387,1956,716,0,323
2388,1957,718,0,328
2389,1958,719,0,332
2390,1960,720,0,332
2391,1964,719,0,329
2392,1965,717,0,326
2393,1963,714,0,321
2394,1962,711,0,323
2395,1963,709,0,321
2396,1962,701,0,321
2397,1963,700,0,324
2398,1961,698,0,320
2399,1960,699,0,322
2400,1956,699,0,321
2401,1956,698,0,317
2402,1956,696,0,313
2403,1957,696,0,310
2404,1958,695,0,308
2405,1958,692,0,305
2406,1959,690,0,306
2407,1961,691,0,306
2408,1963,692,0,308
2409,1963,692,0,313
2410,1962,691,0,315
2411,1965,696,0,322
2412,1965,699,0,327
2413,1959,697,0,333
2414,1959,699,0,341
2415,1957,701,0,350
2416,1954,704,0,349
2417,1954,705,0,347
2418,1953,705,0,354
2419,1952,706,0,353
2420,1950,706,0,354
2421,1948,709,0,358
2422,1947,709,0,354
2423,1944,710,0,356
2424,1944,708,0,359
2425,1943,709,0,2
2426,1943,711,0,358
2427,1943,711,0,358
2428,1943,711,0,357
2429,1943,711,0,356
2430,1943,712,0,354
2431,1943,712,0,352
2432,1943,712,0,352
2433,1944,712,0,350
2434,1944,711,0,356
2435,1943,711,0,356
2436,1945,712,0,354
2437,1945,713,0,355
2438,1945,713,0,358
2439,1946,713,0,358
2440,1947,714,0,358
2441,1947,713,0,359
2442,1947,713,0,0
2443,1947,712,0,1
2444,1947,713,0,1
2445,1948,712,0,2
2446,1948,714,0,1
2447,1948,715,0,2
2448,1948,715,0,3
2449,1948,714,0,4
2450,1948,714,0,4
2451,1948,715,0,4
2452,1949,716,0,6
2453,1948,716,0,5
2454,1949,716,0,6
2455,1949,716,0,7
2456,1949,716,0,7
2457,1949,716,0,6
2458,1950,716,0,5
2459,1950,716,0,3
2460,1950,716,0,3
2461,1950,716,0,4
2462,1950,716,0,3
2463,1951,716,0,4
2464,1951,716,0,4
2465,1951,715,0,2
2466,1951,715,0,2
2467,1951,715,0,0
2468,1951,715,0,359
2469,1951,715,0,358
2470,1952,715,0,358
2471,1952,715,0,357
2472,1952,714,0,357
2473,1952,714,0,356
2474,1952,714,0,356
2475,1953,714,0,356
2476,1954,715,0,356
2477,1955,715,0,356
2478,1956,714,0,356
2479,1956,714,0,356
2480,1956,714,0,354
2481,1964,714,0,353
2482,1965,713,0,351
2483,1960,712,0,354
2484,1961,711,0,352
2485,1964,709,0,356
2486,1964,708,0,353
2487,1971,709,0,348
2488,1971,709,0,348
2489,1971,708,0,347
2490,1963,703,0,346
2491,1961,701,0,349
2492,1960,699,0,351
2493,1959,698,0,349
2494,1959,698,0,351
2495,1959,699,0,357
2496,1959,700,0,357
2497,1959,701,0,357
2498,1959,701,0,359
2499,1959,702,0,358
2500,1958,703,0,358
2501,1958,702,0,357
2502,1959,702,0,358
2503,1959,702,0,358
2504,1960,702,0,355
2505,1960,703,0,354
2506,1960,703,0,353
2507,1961,703,0,351
2508,1962,703,0,351
2509,1963,703,0,350
2510,1963,703,0,349
2511,1964,703,0,349
2512,1969,705,0,344
2513,1971,705,0,343
2514,1971,705,0,343
2515,1972,705,0,343
2516,1972,705,0,343
2517,1973,705,0,343
2518,1974,705,0,344
2519,1975,705,0,344
2520,1974,704,0,343
2521,1974,704,0,343
2522,1974,705,0,343
2523,1972,704,0,343
2524,1974,705,0,344
2525,1972,705,0,345
2526,1972,705,0,349
2527,1967,703,0,355
2528,1966,703,0,357
2529,1966,703,0,356
2530,1966,703,0,358
2531,1966,703,0,357
2532,1967,704,0,352
2533,1967,704,0,352
2534,1966,704,0,352
2535,1967,704,0,352
2536,1967,705,0,352
2537,1967,705,0,352
2538,1968,705,0,351
2539,1968,705,0,352
2540,1969,705,0,351
2541,1969,705,0,351
2542,1969,705,0,351
2543,1969,705,0,352
2544,1970,705,0,353
2545,1970,705,0,352
2546,1970,705,0,352
2547,1970,705,0,354
2548,1971,705,0,354
2549,1970,706,0,354
2550,1970,706,0,355
2551,1970,706,0,355
2552,1970,706,0,356
2553,1971,706,0,355
2554,1972,705,0,355
2555,1972,705,0,355
2556,1973,706,0,353
2557,1972,705,0,354
2558,1973,705,0,352
2559,1973,705,0,353
2560,1973,705,0,354
2561,1973,705,0,354
2562,1973,705,0,354
2563,1974,705,0,354
2564,1974,705,0,354
2565,1974,705,0,354
2566,1974,705,0,355
2567,1974,704,0,355
2568,1974,704,0,355
2569,1974,704,0,356
2570,1975,704,0,356
2571,1975,704,0,356
2572,1975,704,0,355
2573,1975,704,0,355
2574,1975,703,0,356
2575,1976,704,0,355
2576,1976,704,0,355
2577,1976,704,0,355
2578,1975,703,0,356
2579,1975,703,0,357
2580,1976,703,0,358
2581,1976,703,0,358
2582,1976,703,0,358
2583,1976,703,0,358
2584,1976,703,0,359
2585,1976,703,0,359
2586,1976,703,0,359
2587,1976,702,0,358
2588,1977,703,0,358
2589,1977,703,0,358
2590,1977,703,0,358
2591,1977,703,0,358
2592,1977,702,0,357
2593,1977,703,0,358
2594,1978,702,0,357
2595,1978,702,0,358
2596,1978,702,0,358
2597,1977,702,0,1
2598,1977,702,0,1
2599,1978,702,0,0
2600,1978,702,0,0
2601,1978,702,0,359
2602,1978,702,0,358
2603,1979,702,0,359
2604,1979,702,0,356
2605,1979,702,0,358
2606,1979,702,0,359
2607,1979,702,0,0
2608,1980,702,0,0
2609,1980,702,0,0
2610,1981,702,0,1
2611,1981,702,0,1
2612,1981,703,0,0
2613,1981,703,0,0
2614,1981,703,0,0
2615,1982,703,0,0
2616,1982,703,0,359
2617,1982,703,0,359
2618,1982,702,0,359
2619,1982,703,0,1
2620,1982,703,0,0
2621,1982,703,0,0
2622,1983,703,0,359
2623,1983,703,0,0
2624,1983,703,0,0
2625,1983,703,0,1
2626,1983,703,0,0
2627,1983,703,0,1
2628,1983,702,0,0
2629,1984,702,0,1
2630,1984,702,0,1
2631,1984,702,0,0
2632,1984,702,0,0
2633,1984,702,0,2
2634,1984,703,0,0
2635,1984,702,0,1
2636,1984,702,0,1
2637,1984,702,0,1
2638,1985,702,0,1
2639,1985,703,0,0
2640,1985,703,0,359
2641,1985,703,0,0
2642,1985,703,0,0
2643,1985,703,0,0
2644,1986,703,0,358
2645,1985,703,0,0
2646,1985,703,0,0
2647,1985,703,0,0
2648,1985,703,0,0
2649,1985,703,0,0
2650,1985,703,0,0
2651,1985,703,0,2
2652,1985,703,0,3
2653,1985,702,0,3
2654,1985,702,0,4
2655,1985,702,0,4
2656,1985,702,0,5
2657,1985,703,0,6
2658,1986,703,0,5
2659,1986,703,0,6
2660,1986,703,0,4
2661,1986,703,0,3
2662,1987,703,0,3
2663,1987,703,0,4
2664,1987,703,0,5
2665,1987,703,0,5
2666,1987,703,0,3
2667,1987,703,0,3
2668,1988,703,0,2
2669,1988,703,0,2
2670,1988,703,0,3
2671,1988,703,0,3
2672,1989,703,0,3
2673,1989,703,0,2
2674,1989,704,0,3
2675,1988,702,0,7
2676,1987,701,0,7
2677,1987,700,0,4
2678,1988,697,0,355
2679,1989,697,0,353
2680,1991,698,0,354
2681,1992,698,0,349
2682,1997,697,0,347
2683,1999,696,0,348
2684,2004,695,0,356
2685,1997,696,0,352
2686,1996,695,0,357
2687,1995,695,0,359
2688,1995,695,0,359
2689,1995,696,0,0
2690,1995,695,0,1
2691,1996,695,0,359
2692,1996,696,0,359
2693,1996,696,0,0
2694,1996,697,0,1
2695,1997,697,0,359
2696,1997,697,0,0
2697,1998,697,0,1
2698,1998,698,0,1
2699,1998,698,0,1
2700,1998,698,0,2
2701,1998,698,0,3
2702,1999,698,0,2
2703,1999,699,0,2
2704,1999,699,0,4
2705,1999,699,0,4
2706,2000,700,0,4
2707,2000,700,0,3
2708,2001,700,0,0
2709,2001,700,0,359
2710,2001,700,0,359
2711,2001,700,0,359
2712,2001,700,0,3
2713,2000,699,0,3
2714,2001,700,0,2
2715,2001,700,0,2
2716,2002,700,0,1
2717,2002,700,0,2
2718,2003,700,0,3
2719,2003,700,0,3
2720,2002,699,0,5
2721,2002,699,0,7
2722,2002,698,0,5
2723,2003,699,0,6
2724,2003,698,0,5
2725,2003,698,0,3
2726,2003,699,0,4
2727,2004,699,0,5
2728,2004,699,0,7
2729,2003,699,0,6
2730,2003,698,0,6
2731,2004,697,0,6
2732,2006,697,0,7
2733,2006,698,0,9
2734,2007,698,0,7
2735,2007,698,0,5
2736,2007,699,0,5
2737,2007,699,0,5
2738,2007,699,0,6
2739,2007,699,0,7
2740,2007,697,0,9
2741,2008,697,0,9
2742,2007,698,0,9
2743,2007,699,0,9
2744,2006,700,0,10
2745,2007,700,0,11
2746,2007,700,0,10
2747,2008,698,0,10
2748,2009,697,0,8
2749,2010,696,0,7
2750,2010,694,0,13
2751,2011,694,0,10
2752,2012,694,0,8
2753,2012,694,0,4
2754,2012,695,0,5
2755,2012,695,0,5
2756,2014,694,0,1
2757,2015,696,0,6
2758,2016,696,0,5
2759,2016,696,0,5
2760,2015,696,0,4
2761,2015,696,0,4
2762,2016,696,0,3
2763,2016,697,0,3
2764,2016,697,0,2
2765,2016,697,0,2
2766,2016,697,0,0
2767,2017,696,0,3
2768,2019,697,0,6
2769,2020,697,0,7
2770,2020,697,0,5
2771,2020,696,0,6
2772,2020,694,0,5
2773,2020,694,0,4
2774,2020,693,0,3
2775,2020,693,0,0
2776,2020,692,0,357
2777,2020,693,0,5
2778,2020,693,0,357
2779,2021,693,0,355
2780,2021,693,0,356
2781,2021,693,0,1
2782,2021,694,0,8
2783,2022,693,0,9
2784,2022,692,0,358
2785,2021,693,0,357
2786,2023,693,0,356
2787,2024,692,0,356
2788,2025,691,0,352
2789,2025,691,0,354
2790,2025,691,0,353
2791,2024,694,0,24
2792,2026,690,0,357
2793,2026,689,0,3
2794,2024,693,0,34
2795,2024,693,0,27
2796,2026,691,0,357
2797,2027,691,0,356
2798,2026,691,0,355
2799,2026,691,0,358
2800,2027,691,0,355
2801,2028,691,0,354
2802,2028,691,0,354
2803,2028,691,0,358
2804,2029,692,0,357
2805,2028,692,0,357
2806,2028,693,0,358
2807,2027,692,0,0
2808,2027,691,0,0
2809,2028,691,0,357
2810,2027,691,0,358
2811,2026,688,0,5
2812,2026,691,0,0
2813,2023,693,0,2
2814,2023,687,0,5
2815,2022,684,0,7
2816,2029,676,0,2
2817,2027,681,0,359
2818,2025,681,0,0
2819,2024,683,0,344
2820,2024,690,0,342
2821,2020,694,0,357
2822,2019,695,0,357
2823,2018,696,0,1
2824,2017,695,0,3
2825,2018,695,0,5
2826,2019,696,0,5
2827,2018,695,0,6
2828,2018,694,0,9
2829,2018,694,0,8
2830,2020,696,0,4
2831,2019,695,0,3
2832,2018,695,0,2
2833,2017,695,0,2
2834,2017,694,0,1
2835,2016,694,0,3
2836,2016,693,0,3
2837,2016,691,0,0
2838,2016,690,0,358
2839,2016,691,0,359
2840,2016,691,0,358
2841,2016,691,0,359
2842,2017,691,0,359
2843,2017,692,0,358
2844,2018,691,0,359
2845,2018,691,0,358
2846,2018,690,0,359
2847,2018,690,0,359
2848,2018,691,0,1
2849,2018,691,0,1
2850,2018,691,0,1
2851,2018,691,0,2
2852,2019,691,0,1
2853,2019,690,0,359
2854,2019,690,0,359
2855,2019,691,0,0
2856,2019,691,0,0
2857,2019,690,0,0
2858,2019,690,0,359
2859,2019,690,0,0
2860,2019,690,0,359
2861,2019,690,0,359
2862,2020,690,0,0
2863,2020,690,0,0
2864,2020,690,0,1
2865,2020,690,0,1
2866,2021,690,0,1
2867,2021,690,0,0
2868,2021,690,0,0
2869,2021,690,0,0
2870,2021,690,0,0
2871,2021,690,0,1
2872,2021,690,0,1
2873,2021,690,0,1
2874,2021,689,0,2
2875,2021,690,0,1
2876,2022,690,0,3
2877,2022,690,0,3
2878,2022,690,0,3
2879,2022,690,0,3
2880,2022,690,0,3
2881,2023,688,0,2
2882,2023,687,0,1
2883,2023,687,0,359
2884,2023,687,0,0
2885,2023,687,0,0
2886,2024,687,0,0
2887,2024,686,0,2
2888,2024,686,0,2
2889,2024,685,0,5
2890,2023,679,0,4
2891,2023,680,0,7
2892,2023,681,0,8
2893,2023,682,0,9
2894,2023,682,0,10
2895,2022,681,0,11
2896,2022,681,0,9
2897,2021,681,0,10
2898,2021,681,0,11
2899,2018,680,0,7
2900,2016,679,0,11
2901,2016,670,0,17
2902,2013,674,0,32
2903,2016,671,0,25
2904,2018,670,0,21
2905,2019,669,0,11
2906,2018,668,0,14
2907,2017,664,0,9
2908,2015,663,0,5
2909,2014,664,0,7
2910,2014,666,0,7
2911,2016,667,0,5
2912,2016,666,0,5
2913,2019,665,0,2
2914,2019,666,0,2
2915,2019,665,0,1
2916,2021,666,0,4
2917,2020,666,0,6
2918,2021,667,0,6
2919,2020,667,0,6
2920,2020,668,0,9
2921,2020,668,0,9
2922,2020,668,0,10
2923,2020,668,0,10
2924,2020,668,0,11
2925,2020,668,0,11
2926,2021,668,0,11
2927,2021,668,0,11
2928,2021,669,0,10
2929,2021,668,0,10
2930,2021,668,0,10
2931,2021,668,0,9
2932,2021,669,0,11
2933,2022,668,0,10
2934,2021,669,0,10
2935,2022,670,0,8
2936,2022,671,0,10
2937,2023,671,0,14
2938,2023,672,0,16
2939,2023,672,0,16
2940,2024,672,0,16
2941,2025,673,0,16
2942,2025,673,0,16
2943,2026,673,0,15
2944,2026,673,0,15
2945,2027,673,0,16
2946,2027,673,0,16
2947,2027,673,0,16
2948,2028,673,0,16
2949,2028,673,0,16
2950,2028,673,0,15
2951,2028,673,0,15
2952,2028,673,0,15
2953,2028,674,0,16
2954,2029,674,0,15
2955,2029,674,0,14
2956,2029,674,0,14
2957,2030,674,0,14
2958,2030,674,0,14
2959,2030,674,0,14
2960,2030,674,0,14
2961,2030,674,0,14
2962,2030,674,0,14
2963,2030,674,0,14
2964,2030,674,0,13
2965,2030,674,0,13
2966,2031,674,0,13
2967,2031,674,0,13
2968,2031,674,0,13
2969,2031,674,0,13
2970,2031,674,0,13
2971,2031,674,0,13
2972,2031,674,0,13
2973,2031,674,0,13
2974,2032,674,0,14
2975,2032,674,0,13
2976,2032,674,0,13
2977,2032,674,0,14
2978,2032,674,0,14
2979,2032,673,0,14
2980,2032,673,0,14
2981,2032,674,0,14
2982,2032,673,0,14
2983,2033,673,0,14
2984,2033,674,0,15
2985,2033,674,0,15
2986,2033,674,0,15
2987,2033,674,0,14
2988,2033,674,0,14
2989,2033,674,0,13
2990,2033,674,0,13
2991,2034,674,0,14
2992,2034,674,0,13
2993,2034,674,0,13
2994,2034,674,0,14
2995,2034,674,0,14
2996,2034,674,0,14
2997,2034,674,0,13
2998,2034,674,0,14
2999,2035,674,0,14
