0,1834,1104,0,244
1,1837,1104,0,251
2,1836,1106,0,252
3,1832,1113,0,257
4,1830,1117,0,274
5,1830,1120,0,287
6,1831,1117,0,297
7,1833,1118,0,298
8,1836,1117,0,308
9,1839,1121,0,311
10,1835,1119,0,321
11,1845,1117,0,317
12,1854,1116,0,321
13,1856,1118,0,314
14,1857,1124,0,323
15,1855,1123,0,323
16,1859,1126,0,319
17,1862,1125,0,320
18,1861,1125,0,315
19,1867,1127,0,296
20,1872,1126,0,291
21,1870,1118,0,283
22,1867,1112,0,278
23,1865,1109,0,275
24,1868,1106,0,274
25,1872,1100,0,267
26,1874,1097,0,258
27,1883,1095,0,261
28,1888,1097,0,260
29,1879,1094,0,267
30,1868,1088,0,271
31,1866,1081,0,264
32,1860,1076,0,256
33,1856,1078,0,251
34,1851,1069,0,240
35,1851,1068,0,223
36,1852,1070,0,230
37,1852,1071,0,224
38,1850,1070,0,220
39,1851,1069,0,222
40,1856,1066,0,219
41,1861,1065,0,219
42,1864,1064,0,220
43,1864,1063,0,224
44,1864,1063,0,225
45,1861,1065,0,228
46,1859,1063,0,230
47,1857,1064,0,226
48,1860,1064,0,215
49,1863,1063,0,209
50,1868,1063,0,206
51,1869,1066,0,195
52,1865,1070,0,183
53,1861,1082,0,170
54,1863,1088,0,143
55,1857,1094,0,147
56,1859,1088,0,161
57,1866,1087,0,186
58,1871,1082,0,195
59,1867,1088,0,194
60,1867,1087,0,195
61,1864,1085,0,205
62,1864,1082,0,199
63,1863,1085,0,186
64,1868,1084,0,185
65,1868,1082,0,182
66,1863,1079,0,185
67,1857,1084,0,195
68,1850,1092,0,197
69,1848,1095,0,198
70,1857,1095,0,205
71,1858,1095,0,216
72,1861,1091,0,224
73,1867,1086,0,223
74,1873,1083,0,225
75,1874,1080,0,222
76,1864,1078,0,230
77,1862,1083,0,226
78,1859,1090,0,235
79,1858,1094,0,215
80,1860,1103,0,197
81,1863,1107,0,209
82,1859,1105,0,197
83,1859,1108,0,190
84,1851,1108,0,169
85,1854,1110,0,143
86,1859,1118,0,141
87,1866,1119,0,150
88,1865,1122,0,143
90,1860,1114,0,132
91,1862,1129,0,118
92,1868,1142,0,107
93,1870,1144,0,109
94,1874,1147,0,108
95,1872,1143,0,122
96,1870,1144,0,129
97,1871,1140,0,124
98,1873,1138,0,131
99,1873,1144,0,147
100,1875,1141,0,152
101,1881,1137,0,152
102,1881,1139,0,161
103,1884,1143,0,165
104,1885,1148,0,174
105,1885,1151,0,172
106,1885,1147,0,175
107,1886,1148,0,173
108,1885,1149,0,166
109,1883,1148,0,164
110,1882,1147,0,167
111,1879,1144,0,161
112,1875,1145,0,153
113,1875,1145,0,161
114,1875,1145,0,169
115,1875,1145,0,160
116,1871,1146,0,154
117,1871,1152,0,147
118,1869,1153,0,122
119,1875,1151,0,125
120,1873,1145,0,141
121,1870,1143,0,143
122,1868,1139,0,130
123,1868,1138,0,125
124,1864,1142,0,154
125,1862,1138,0,170
126,1860,1138,0,184
127,1860,1137,0,188
128,1864,1137,0,186
129,1866,1139,0,165
130,1863,1137,0,167
131,1859,1135,0,165
132,1852,1130,0,163
133,1846,1123,0,157
134,1842,1130,0,151
135,1840,1127,0,147
136,1836,1129,0,150
137,1835,1132,0,143
138,1833,1139,0,151
139,1832,1141,0,150
140,1833,1143,0,144
141,1842,1142,0,142
142,1842,1141,0,146
143,1842,1135,0,143
144,1841,1135,0,115
145,1838,1136,0,106
146,1839,1138,0,104
147,1841,1137,0,99
148,1845,1138,0,92
149,1845,1144,0,92
150,1845,1153,0,89
151,1849,1158,0,90
152,1851,1167,0,92
153,1849,1171,0,97
154,1856,1176,0,86
155,1856,1176,0,94
156,1856,1176,0,99
157,1855,1175,0,100
158,1854,1174,0,97
159,1852,1176,0,92
160,1848,1177,0,86
161,1847,1177,0,83
162,1847,1177,0,84
163,1849,1182,0,85
164,1854,1182,0,80
165,1853,1179,0,90
166,1854,1173,0,86
167,1852,1175,0,90
168,1851,1176,0,90
169,1849,1177,0,85
170,1847,1175,0,82
171,1842,1176,0,75
172,1837,1179,0,65
173,1834,1183,0,72
174,1837,1190,0,81
175,1832,1196,0,84
176,1831,1200,0,78
177,1834,1205,0,85
178,1832,1208,0,90
179,1833,1212,0,95
180,1831,1216,0,99
181,1831,1218,0,109
182,1831,1221,0,115
183,1831,1227,0,109
184,1832,1229,0,110
185,1835,1230,0,115
186,1836,1233,0,113
187,1835,1235,0,113
188,1837,1238,0,111
189,1838,1240,0,115
190,1841,1246,0,116
191,1845,1249,0,105
192,1851,1258,0,103
193,1852,1255,0,100
194,1855,1262,0,93
195,1853,1269,0,84
196,1856,1272,0,80
197,1854,1281,0,81
198,1853,1289,0,87
199,1851,1291,0,89
200,1847,1294,0,93
201,1845,1295,0,97
202,1843,1295,0,104
203,1841,1296,0,114
204,1843,1292,0,108
205,1836,1291,0,115
206,1834,1292,0,119
207,1832,1291,0,118
208,1832,1293,0,115
209,1833,1295,0,122
210,1831,1294,0,120
211,1831,1293,0,118
212,1830,1293,0,119
213,1831,1293,0,118
214,1826,1293,0,119
215,1828,1294,0,124
216,1829,1294,0,123
217,1831,1295,0,122
218,1836,1294,0,123
219,1842,1300,0,127
220,1849,1304,0,112
221,1848,1306,0,114
222,1849,1306,0,111
223,1849,1309,0,112
224,1848,1312,0,112
225,1849,1316,0,112
226,1848,1313,0,115
227,1846,1312,0,124
228,1845,1310,0,129
229,1847,1310,0,126
230,1845,1309,0,118
231,1845,1308,0,109
232,1844,1309,0,107
233,1843,1310,0,107
234,1841,1308,0,115
235,1841,1309,0,115
236,1842,1308,0,114
237,1843,1309,0,105
238,1843,1309,0,106
239,1844,1309,0,98
240,1845,1310,0,97
241,1845,1310,0,98
242,1846,1310,0,89
243,1845,1313,0,92
244,1843,1317,0,99
245,1841,1310,0,103
246,1842,1313,0,101
247,1844,1314,0,87
248,1842,1318,0,80
249,1840,1320,0,83
250,1841,1323,0,84
251,1840,1321,0,82
252,1837,1319,0,87
253,1830,1321,0,92
254,1828,1323,0,96
255,1823,1319,0,93
256,1819,1321,0,98
257,1818,1320,0,87
258,1813,1317,0,79
259,1815,1314,0,67
260,1815,1313,0,60
261,1816,1318,0,52
262,1810,1321,0,58
263,1808,1330,0,41
264,1798,1326,0,42
265,1794,1340,0,36
266,1790,1338,0,33
267,1787,1341,0,26
268,1784,1344,0,30
269,1785,1347,0,23
270,1784,1349,0,25
271,1782,1352,0,26
272,1780,1357,0,29
273,1780,1360,0,28
274,1777,1354,0,17
275,1774,1349,0,15
276,1769,1346,0,2
277,1762,1349,0,358
278,1753,1351,0,349
279,1754,1351,0,348
280,1754,1352,0,349
281,1754,1350,0,333
282,1754,1350,0,324
283,1755,1350,0,322
284,1758,1351,0,332
285,1764,1356,0,341
286,1762,1355,0,347
287,1760,1356,0,349
288,1759,1357,0,354
289,1767,1364,0,347
290,1765,1363,0,346
291,1761,1361,0,343
292,1755,1361,0,346
293,1751,1357,0,346
294,1749,1357,0,350
295,1747,1357,0,355
296,1746,1355,0,7
297,1740,1356,0,14
298,1736,1361,0,13
299,1735,1368,0,8
300,1735,1366,0,5
301,1737,1366,0,6
302,1741,1365,0,8
303,1744,1366,0,9
304,1741,1369,0,21
305,1746,1368,0,19
306,1749,1368,0,24
307,1749,1367,0,24
308,1747,1372,0,20
309,1738,1374,0,15
310,1732,1375,0,10
311,1727,1389,0,353
312,1724,1390,0,11
313,1719,1396,0,24
314,1717,1401,0,22
315,1713,1405,0,13
316,1704,1412,0,16
317,1697,1408,0,19
318,1692,1410,0,14
319,1687,1411,0,10
320,1685,1410,0,14
321,1684,1410,0,9
322,1684,1409,0,9
323,1684,1408,0,359
324,1684,1406,0,357
325,1685,1399,0,7
326,1683,1396,0,14
327,1688,1392,0,17
328,1689,1390,0,24
329,1693,1390,0,28
330,1689,1387,0,41
331,1684,1386,0,50
332,1681,1385,0,61
333,1682,1385,0,61
334,1685,1385,0,61
335,1680,1385,0,73
336,1676,1388,0,76
337,1675,1388,0,72
338,1673,1389,0,77
339,1661,1396,0,68
340,1652,1401,0,78
341,1646,1401,0,94
342,1646,1403,0,97
343,1642,1409,0,104
344,1640,1415,0,112
345,1641,1418,0,119
346,1632,1414,0,117
347,1629,1416,0,127
348,1629,1418,0,133
349,1629,1418,0,134
350,1629,1418,0,133
351,1629,1418,0,131
352,1629,1419,0,133
353,1628,1420,0,133
354,1628,1419,0,137
355,1627,1420,0,139
356,1626,1421,0,145
357,1622,1423,0,157
358,1622,1423,0,156
359,1622,1424,0,162
360,1621,1425,0,168
361,1621,1428,0,169
362,1615,1433,0,181
363,1612,1433,0,178
364,1611,1432,0,170
365,1613,1437,0,179
366,1612,1439,0,182
367,1609,1439,0,183
368,1607,1443,0,182
369,1614,1449,0,207
370,1618,1449,0,207
371,1618,1451,0,210
372,1618,1454,0,214
373,1619,1453,0,223
374,1620,1457,0,220
375,1620,1458,0,223
376,1621,1456,0,225
377,1625,1454,0,209
378,1629,1451,0,201
379,1632,1450,0,197
380,1636,1450,0,199
381,1638,1450,0,195
382,1642,1449,0,193
383,1641,1450,0,197
384,1637,1449,0,196
385,1635,1452,0,196
386,1631,1455,0,195
387,1627,1455,0,195
388,1626,1457,0,192
389,1622,1459,0,195
390,1624,1466,0,222
391,1622,1467,0,230
392,1622,1467,0,242
393,1622,1468,0,258
394,1621,1471,0,262
395,1623,1466,0,289
396,1618,1464,0,286
397,1617,1462,0,300
398,1614,1459,0,315
399,1610,1454,0,317
400,1608,1452,0,317
401,1604,1450,0,317
402,1602,1450,0,318
403,1600,1451,0,321
404,1600,1451,0,327
405,1600,1451,0,331
406,1600,1451,0,334
407,1601,1451,0,335
408,1602,1452,0,339
409,1603,1452,0,342
410,1605,1452,0,341
411,1605,1452,0,341
412,1607,1452,0,346
413,1608,1451,0,347
414,1607,1451,0,348
415,1609,1451,0,349
416,1606,1451,0,342
417,1606,1450,0,337
418,1606,1450,0,337
419,1606,1450,0,338
420,1607,1450,0,336
421,1607,1450,0,338
422,1607,1450,0,339
423,1607,1450,0,337
424,1605,1450,0,330
425,1604,1450,0,320
426,1608,1450,0,328
427,1609,1450,0,328
428,1608,1451,0,324
429,1608,1452,0,316
430,1607,1452,0,313
431,1607,1452,0,314
432,1607,1452,0,314
433,1608,1452,0,315
434,1607,1452,0,311
435,1607,1454,0,311
436,1606,1453,0,308
437,1606,1455,0,306
438,1605,1456,0,306
439,1605,1457,0,307
440,1605,1456,0,308
441,1603,1452,0,310
442,1600,1452,0,311
443,1594,1450,0,322
444,1591,1439,0,327
445,1591,1437,0,325
446,1587,1435,0,328
447,1582,1435,0,333
448,1576,1431,0,331
449,1577,1426,0,340
450,1575,1425,0,334
451,1572,1424,0,332
452,1571,1424,0,333
453,1571,1424,0,328
454,1570,1427,0,326
455,1569,1427,0,326
456,1568,1429,0,322
457,1564,1429,0,321
458,1562,1429,0,317
459,1562,1428,0,316
460,1565,1426,0,319
461,1567,1426,0,322
462,1568,1427,0,325
463,1569,1427,0,328
464,1572,1427,0,329
465,1574,1427,0,328
466,1573,1426,0,327
467,1571,1429,0,326
468,1572,1427,0,324
469,1568,1426,0,328
470,1567,1427,0,323
471,1564,1418,0,320
472,1562,1414,0,324
473,1563,1415,0,313
474,1567,1418,0,311
475,1571,1420,0,315
476,1573,1422,0,315
477,1572,1425,0,304
478,1577,1428,0,296
479,1577,1428,0,280
480,1579,1428,0,262
481,1583,1426,0,243
482,1594,1419,0,235
483,1599,1414,0,231
484,1602,1411,0,233
485,1605,1408,0,215
486,1605,1405,0,225
487,1601,1404,0,217
488,1598,1404,0,219
489,1598,1404,0,219
490,1598,1404,0,221
491,1597,1401,0,225
492,1597,1398,0,220
493,1595,1396,0,211
494,1602,1388,0,214
495,1606,1379,0,217
496,1612,1368,0,200
497,1616,1367,0,197
498,1618,1367,0,193
499,1617,1369,0,186
500,1618,1369,0,179
501,1617,1370,0,178
502,1615,1368,0,176
503,1614,1369,0,173
504,1615,1371,0,177
505,1616,1372,0,174
506,1618,1372,0,170
507,1617,1372,0,168
508,1617,1372,0,166
509,1618,1372,0,168
510,1618,1372,0,170
511,1619,1371,0,170
512,1620,1372,0,176
513,1620,1372,0,178
514,1619,1372,0,180
515,1619,1372,0,177
516,1619,1372,0,179
517,1619,1373,0,182
518,1619,1373,0,181
519,1618,1375,0,177
520,1619,1376,0,179
521,1621,1374,0,179
522,1620,1376,0,181
523,1621,1376,0,180
524,1621,1374,0,182
525,1621,1372,0,185
526,1621,1371,0,185
527,1621,1373,0,180
528,1622,1372,0,175
529,1622,1374,0,178
530,1621,1374,0,172
531,1621,1372,0,177
532,1621,1374,0,174
533,1621,1373,0,157
534,1629,1373,0,155
535,1636,1373,0,137
536,1645,1373,0,107
537,1647,1377,0,105
538,1649,1385,0,101
539,1649,1391,0,106
540,1644,1393,0,106
541,1647,1396,0,104
542,1650,1400,0,100
543,1651,1406,0,83
544,1652,1408,0,88
545,1652,1414,0,97
546,1647,1416,0,100
547,1646,1421,0,98
548,1649,1425,0,113
549,1646,1430,0,124
550,1645,1430,0,131
551,1645,1432,0,135
552,1643,1434,0,143
553,1642,1436,0,151
554,1642,1437,0,154
555,1643,1437,0,153
556,1645,1439,0,153
557,1646,1438,0,151
558,1647,1438,0,143
559,1651,1438,0,149
560,1658,1439,0,154
561,1659,1440,0,161
562,1656,1440,0,167
563,1654,1442,0,172
564,1656,1452,0,191
565,1656,1453,0,195
566,1656,1452,0,198
567,1656,1451,0,198
568,1655,1451,0,195
569,1655,1453,0,193
570,1654,1456,0,192
571,1653,1457,0,189
572,1653,1458,0,186
573,1657,1460,0,188
574,1660,1463,0,189
575,1663,1470,0,208
576,1662,1471,0,203
577,1662,1469,0,194
578,1662,1472,0,181
579,1663,1472,0,170
580,1661,1473,0,162
581,1662,1473,0,162
582,1664,1472,0,162
583,1662,1472,0,164
584,1660,1471,0,153
585,1656,1472,0,141
586,1656,1479,0,133
587,1663,1477,0,131
588,1663,1480,0,131
589,1661,1480,0,127
590,1659,1478,0,141
591,1655,1473,0,154
592,1659,1470,0,176
593,1660,1472,0,178
594,1663,1475,0,175
595,1661,1473,0,187
596,1658,1473,0,180
597,1658,1473,0,181
598,1659,1473,0,180
599,1660,1473,0,181
600,1660,1473,0,182
601,1660,1474,0,173
602,1662,1475,0,173
603,1667,1475,0,168
604,1672,1472,0,175
605,1678,1473,0,179
606,1688,1472,0,187
607,1694,1471,0,186
608,1699,1472,0,185
609,1704,1470,0,183
610,1706,1466,0,186
611,1710,1462,0,184
612,1710,1460,0,194
613,1715,1458,0,194
614,1724,1463,0,193
615,1729,1460,0,203
616,1732,1458,0,206
617,1729,1459,0,207
618,1731,1454,0,222
619,1727,1453,0,225
620,1728,1450,0,231
621,1729,1445,0,233
622,1732,1437,0,219
623,1734,1437,0,207
624,1743,1440,0,202
625,1742,1437,0,179
626,1746,1435,0,167
627,1750,1434,0,165
628,1756,1429,0,161
629,1757,1426,0,154
630,1764,1427,0,147
631,1765,1426,0,151
632,1769,1427,0,151
633,1769,1429,0,147
634,1769,1429,0,149
635,1772,1429,0,151
636,1774,1427,0,151
637,1774,1421,0,143
638,1774,1418,0,135
639,1770,1415,0,125
640,1768,1412,0,135
641,1768,1412,0,135
642,1771,1411,0,137
643,1776,1409,0,140
644,1780,1405,0,150
645,1785,1401,0,160
646,1790,1407,0,158
647,1795,1413,0,167
648,1801,1414,0,182
649,1802,1415,0,186
650,1808,1417,0,192
651,1813,1416,0,200
652,1812,1417,0,204
653,1813,1417,0,201
654,1820,1417,0,185
655,1819,1414,0,181
656,1830,1418,0,185
657,1838,1414,0,189
658,1835,1415,0,188
659,1837,1419,0,189
660,1832,1414,0,188
661,1834,1411,0,183
662,1833,1410,0,185
663,1837,1412,0,192
664,1839,1409,0,196
665,1840,1408,0,206
666,1846,1406,0,207
667,1849,1408,0,213
668,1846,1406,0,222
669,1845,1408,0,232
670,1844,1407,0,225
671,1843,1407,0,234
672,1842,1407,0,238
673,1841,1407,0,231
674,1842,1408,0,227
675,1842,1411,0,238
676,1843,1409,0,246
677,1843,1412,0,248
678,1839,1414,0,251
679,1838,1418,0,258
680,1836,1417,0,260
681,1836,1418,0,262
682,1836,1418,0,260
683,1841,1414,0,262
684,1840,1414,0,263
685,1836,1413,0,268
686,1836,1420,0,260
687,1837,1424,0,256
688,1837,1427,0,240
689,1837,1428,0,233
690,1836,1429,0,231
691,1836,1428,0,226
692,1836,1426,0,212
693,1836,1426,0,200
694,1839,1428,0,196
695,1839,1432,0,187
696,1841,1435,0,177
697,1841,1434,0,176
698,1842,1431,0,177
699,1840,1440,0,190
700,1835,1443,0,197
701,1841,1438,0,206
702,1844,1442,0,219
703,1842,1442,0,212
704,1844,1441,0,216
705,1843,1444,0,223
706,1843,1445,0,207
707,1847,1446,0,200
708,1849,1446,0,200
709,1848,1450,0,186
710,1847,1449,0,177
711,1848,1449,0,168
712,1848,1450,0,152
713,1845,1452,0,153
714,1844,1454,0,141
715,1845,1456,0,142
716,1845,1459,0,139
717,1845,1464,0,130
718,1846,1471,0,133
719,1853,1474,0,148
720,1858,1475,0,148
721,1861,1481,0,162
722,1866,1489,0,178
723,1870,1489,0,191
724,1875,1486,0,197
725,1879,1484,0,208
726,1882,1480,0,213
727,1880,1481,0,209
728,1879,1481,0,207
729,1879,1481,0,206
730,1878,1479,0,204
731,1879,1477,0,197
732,1878,1478,0,196
733,1876,1479,0,204
734,1876,1479,0,205
735,1875,1480,0,204
736,1875,1479,0,201
737,1877,1477,0,200
738,1877,1475,0,202
739,1880,1474,0,206
740,1883,1472,0,212
741,1884,1469,0,212
742,1886,1470,0,202
743,1888,1470,0,198
744,1891,1468,0,197
745,1897,1473,0,204
746,1901,1471,0,193
747,1900,1472,0,192
748,1899,1471,0,189
749,1898,1473,0,180
750,1897,1473,0,177
751,1895,1476,0,176
752,1893,1476,0,185
753,1892,1475,0,198
754,1893,1473,0,199
755,1892,1476,0,207
756,1893,1478,0,204
757,1892,1476,0,207
758,1890,1475,0,189
759,1890,1477,0,197
760,1891,1476,0,197
761,1892,1476,0,199
762,1895,1475,0,210
763,1898,1471,0,223
764,1900,1474,0,228
765,1899,1472,0,223
766,1898,1471,0,227
767,1900,1472,0,233
768,1910,1475,0,254
769,1911,1474,0,257
770,1909,1473,0,259
771,1906,1474,0,252
772,1905,1473,0,244
773,1904,1475,0,245
778,1905,1475,0,261
779,1905,1475,0,262
780,1904,1474,0,265
781,1903,1471,0,260
782,1904,1470,0,248
783,1908,1468,0,240
784,1907,1466,0,231
785,1906,1466,0,230
786,1908,1465,0,222
787,1909,1458,0,210
788,1909,1458,0,204
789,1908,1455,0,194
790,1907,1458,0,204
791,1908,1454,0,200
792,1908,1451,0,191
793,1907,1453,0,181
794,1907,1456,0,180
795,1908,1456,0,184
796,1910,1455,0,191
797,1911,1452,0,194
798,1912,1457,0,201
799,1915,1458,0,194
800,1918,1455,0,199
801,1924,1454,0,206
802,1931,1452,0,215
803,1933,1452,0,220
804,1936,1453,0,215
805,1938,1461,0,199
806,1937,1458,0,212
807,1939,1451,0,196
808,1938,1449,0,182
809,1942,1452,0,182
810,1942,1455,0,171
811,1945,1457,0,166
812,1951,1459,0,161
813,1956,1462,0,162
814,1949,1464,0,164
815,1951,1465,0,151
816,1953,1464,0,151
817,1955,1464,0,156
818,1958,1463,0,157
819,1965,1467,0,155
820,1972,1472,0,168
821,1979,1471,0,172
822,1991,1474,0,173
823,2001,1481,0,185
824,2008,1475,0,186
825,2016,1470,0,200
826,2020,1466,0,199
827,2028,1466,0,208
828,2035,1461,0,227
829,2040,1454,0,227
830,2044,1446,0,230
831,2048,1439,0,239
832,2047,1434,0,232
833,2049,1427,0,238
834,2050,1420,0,239
835,2050,1411,0,228
836,2050,1411,0,224
837,2051,1409,0,223
838,2053,1404,0,226
839,2056,1398,0,223
840,2062,1398,0,226
841,2064,1395,0,220
842,2067,1390,0,225
843,2066,1385,0,226
844,2070,1382,0,231
845,2074,1380,0,227
846,2074,1380,0,234
847,2071,1379,0,232
848,2072,1384,0,237
849,2068,1388,0,238
850,2066,1392,0,236
851,2065,1392,0,237
852,2066,1393,0,241
853,2066,1392,0,237
854,2064,1393,0,229
855,2062,1393,0,219
856,2061,1395,0,221
857,2061,1400,0,219
858,2060,1401,0,204
859,2060,1401,0,199
860,2058,1400,0,197
861,2057,1400,0,206
862,2054,1397,0,196
863,2055,1395,0,191
864,2056,1393,0,196
865,2058,1393,0,192
866,2058,1393,0,192
867,2058,1392,0,186
868,2055,1394,0,191
869,2054,1394,0,191
870,2053,1394,0,192
871,2054,1398,0,205
872,2052,1397,0,208
873,2051,1400,0,198
874,2047,1405,0,200
875,2041,1408,0,199
876,2037,1410,0,190
877,2038,1410,0,186
878,2035,1412,0,189
879,2032,1412,0,187
880,2028,1414,0,190
881,2026,1414,0,188
882,2021,1414,0,185
883,2018,1415,0,182
884,2013,1414,0,179
885,2010,1394,0,172
886,2007,1392,0,168
887,2001,1398,0,166
888,1997,1407,0,176
889,1996,1410,0,173
890,1995,1410,0,176
891,1993,1412,0,168
892,1993,1413,0,173
893,1995,1407,0,156
894,1995,1407,0,145
895,1996,1405,0,149
896,1995,1409,0,149
897,1995,1411,0,154
898,1997,1408,0,156
899,1998,1406,0,149
900,1998,1406,0,143
901,1999,1404,0,143
902,1998,1401,0,141
903,1998,1401,0,136
904,1997,1403,0,141
905,1995,1403,0,145
906,1996,1403,0,147
907,1997,1402,0,150
908,1998,1402,0,141
909,2000,1402,0,139
910,2003,1402,0,138
911,2004,1405,0,139
912,2004,1403,0,135
913,2002,1405,0,127
914,2003,1406,0,122
915,2003,1407,0,120
916,2005,1410,0,124
917,2005,1414,0,126
918,2006,1417,0,136
919,2009,1419,0,144
920,2008,1419,0,145
921,2008,1418,0,147
922,2011,1421,0,141
923,2008,1425,0,124
924,2012,1429,0,110
925,2014,1429,0,114
926,2015,1430,0,105
927,2015,1430,0,101
928,2014,1432,0,93
929,2013,1432,0,105
930,2012,1431,0,104
931,2011,1441,0,103
932,2013,1443,0,104
933,2012,1449,0,100
934,2012,1456,0,107
935,2017,1471,0,109
936,2024,1474,0,130
937,2019,1480,0,138
938,2017,1488,0,137
940,2014,1495,0,158
941,2020,1499,0,176
942,2028,1499,0,200
943,2026,1502,0,200
944,2037,1506,0,223
945,2042,1502,0,228
946,2048,1500,0,244
947,2048,1497,0,240
948,2050,1494,0,233
949,2049,1492,0,222
950,2050,1492,0,217
951,2054,1488,0,216
952,2059,1487,0,228
953,2060,1483,0,215
954,2059,1482,0,187
955,2056,1484,0,169
956,2053,1487,0,156
957,2057,1493,0,147
958,2059,1493,0,143
959,2061,1493,0,139
960,2060,1491,0,140
961,2061,1491,0,143
962,2059,1491,0,145
963,2060,1491,0,136
964,2061,1491,0,140
965,2067,1493,0,140
966,2067,1497,0,136
967,2071,1503,0,138
968,2071,1504,0,141
969,2069,1509,0,158
970,2070,1510,0,163
971,2070,1510,0,143
972,2072,1511,0,139
973,2077,1510,0,136
974,2076,1513,0,125
975,2081,1517,0,125
976,2085,1522,0,116
977,2089,1525,0,123
978,2091,1528,0,126
979,2097,1528,0,134
980,2097,1526,0,139
981,2098,1524,0,144
982,2101,1523,0,154
983,2100,1524,0,150
984,2099,1523,0,148
985,2098,1524,0,143
986,2097,1523,0,139
987,2095,1524,0,132
988,2093,1523,0,126
989,2094,1525,0,115
990,2092,1526,0,112
991,2090,1530,0,99
992,2090,1535,0,99
993,2089,1536,0,101
994,2087,1532,0,118
995,2090,1528,0,123
996,2093,1526,0,130
997,2098,1526,0,142
998,2102,1528,0,150
999,2108,1529,0,149
1000,2111,1533,0,156
1001,2111,1534,0,163
1002,2109,1531,0,165
1003,2111,1529,0,148
1004,2110,1528,0,143
1005,2109,1527,0,139
1006,2109,1528,0,138
1007,2109,1529,0,137
1008,2109,1530,0,136
1009,2108,1530,0,139
1010,2108,1531,0,139
1011,2108,1531,0,141
1012,2108,1532,0,143
1013,2107,1533,0,140
1014,2107,1532,0,145
1015,2107,1533,0,144
1016,2107,1531,0,145
1017,2107,1531,0,144
1018,2107,1531,0,142
1019,2107,1531,0,141
1020,2107,1532,0,143
1021,2107,1532,0,143
1022,2107,1531,0,143
1023,2107,1530,0,137
1024,2107,1530,0,139
1025,2107,1529,0,140
1026,2107,1529,0,138
1027,2107,1529,0,140
1028,2107,1529,0,141
1029,2108,1529,0,141
1030,2108,1530,0,147
1031,2112,1531,0,160
1032,2118,1530,0,164
1033,2123,1530,0,168
1034,2128,1525,0,175
1035,2131,1526,0,178
1036,2131,1523,0,172
1037,2129,1524,0,168
1038,2128,1524,0,154
1039,2127,1526,0,146
1040,2128,1530,0,142
1041,2127,1533,0,150
1042,2122,1535,0,167
1043,2123,1535,0,189
1044,2124,1534,0,206
1045,2126,1532,0,220
1046,2128,1528,0,236
1047,2133,1527,0,242
1048,2134,1525,0,240
1049,2137,1522,0,231
1050,2143,1518,0,229
1051,2146,1516,0,220
1052,2148,1518,0,212
1053,2151,1515,0,211
1054,2155,1514,0,201
1055,2160,1510,0,199
1056,2161,1506,0,203
1057,2162,1506,0,200
1058,2162,1504,0,201
1059,2164,1505,0,195
1060,2166,1506,0,191
1061,2169,1504,0,200
1062,2176,1504,0,192
1063,2182,1503,0,174
1064,2184,1507,0,174
1065,2187,1508,0,180
1066,2190,1513,0,192
1067,2190,1509,0,192
1068,2190,1507,0,196
1069,2190,1505,0,209
1070,2192,1503,0,234
1071,2196,1497,0,242
1072,2196,1492,0,248
1075,2196,1482,0,247
1076,2197,1481,0,244
1077,2198,1477,0,235
1078,2198,1476,0,229
1079,2197,1476,0,231
1080,2197,1480,0,224
1081,2197,1483,0,222
1082,2194,1483,0,213
1083,2194,1481,0,217
1084,2194,1481,0,219
1085,2194,1479,0,213
1086,2193,1476,0,211
1087,2195,1476,0,208
1088,2195,1478,0,201
1089,2197,1475,0,208
1090,2198,1474,0,217
1091,2197,1471,0,223
1092,2198,1470,0,229
1093,2199,1469,0,228
1094,2198,1469,0,222
1095,2198,1468,0,223
1096,2198,1471,0,221
1097,2197,1473,0,225
1098,2196,1474,0,227
1099,2196,1475,0,217
1100,2197,1474,0,207
1101,2195,1474,0,203
1102,2195,1474,0,207
1103,2197,1473,0,201
1104,2199,1472,0,197
1105,2201,1472,0,202
1106,2204,1467,0,209
1107,2205,1467,0,209
1108,2207,1467,0,212
1109,2209,1467,0,215
1110,2211,1465,0,225
1111,2215,1461,0,232
1112,2218,1463,0,236
1113,2217,1459,0,227
1114,2218,1457,0,228
1115,2219,1458,0,232
1116,2219,1455,0,227
1117,2219,1453,0,215
1118,2219,1454,0,221
1119,2218,1455,0,220
1120,2216,1456,0,216
1121,2217,1456,0,217
1122,2218,1455,0,226
1123,2218,1456,0,220
1124,2217,1455,0,220
1125,2216,1452,0,212
1126,2216,1450,0,214
1127,2218,1446,0,234
1128,2218,1446,0,242
1129,2221,1441,0,260
1130,2225,1438,0,252
1131,2230,1433,0,250
1132,2230,1428,0,246
1133,2233,1419,0,254
1134,2236,1412,0,258
1135,2241,1407,0,261
1136,2243,1398,0,252
1137,2244,1388,0,245
1138,2248,1385,0,242
1139,2252,1383,0,238
1140,2249,1381,0,240
1141,2251,1381,0,233
1142,2254,1377,0,236
1143,2253,1375,0,237
1144,2258,1375,0,251
1145,2257,1374,0,241
1146,2256,1374,0,243
1147,2256,1374,0,239
1148,2257,1375,0,239
1149,2256,1376,0,246
1150,2252,1374,0,259
1151,2252,1370,0,267
1152,2252,1367,0,274
1153,2251,1365,0,273
1154,2252,1368,0,275
1155,2255,1370,0,277
1156,2255,1373,0,285
1157,2260,1377,0,251
1158,2258,1376,0,243
1159,2252,1374,0,240
1160,2242,1376,0,255
1161,2241,1378,0,247
1162,2241,1385,0,245
1163,2237,1385,0,239
1164,2234,1391,0,230
1165,2238,1393,0,247
1166,2245,1395,0,263
1167,2241,1401,0,264
1168,2239,1401,0,258
1169,2236,1400,0,256
1170,2235,1398,0,256
1171,2233,1402,0,258
1172,2233,1402,0,255
1173,2234,1405,0,253
1174,2233,1405,0,260
1175,2231,1405,0,272
1176,2228,1404,0,274
1177,2227,1407,0,266
1178,2228,1407,0,254
1179,2230,1404,0,246
1180,2232,1403,0,242
1181,2234,1402,0,229
1182,2241,1401,0,222
1183,2250,1397,0,225
1184,2261,1399,0,226
1185,2265,1397,0,226
1186,2268,1394,0,224
1187,2275,1387,0,217
1188,2278,1385,0,212
1189,2287,1382,0,219
1190,2294,1379,0,221
1191,2300,1379,0,219
1192,2306,1376,0,222
1193,2309,1374,0,215
1194,2318,1369,0,216
1195,2323,1368,0,214
1196,2327,1367,0,213
1197,2333,1364,0,220
1198,2334,1358,0,220
1199,2334,1351,0,212
1200,2336,1351,0,217
1201,2340,1351,0,220
1202,2344,1349,0,214
1203,2346,1347,0,202
1204,2347,1344,0,193
1205,2349,1345,0,204
1206,2352,1346,0,211
1207,2351,1344,0,213
1208,2351,1341,0,223
1209,2351,1340,0,227
1210,2350,1338,0,230
1211,2349,1340,0,227
1212,2349,1339,0,225
1213,2347,1339,0,228
1214,2347,1339,0,224
1215,2346,1340,0,223
1216,2346,1340,0,223
1217,2345,1341,0,223
1218,2345,1341,0,220
1219,2347,1342,0,220
1220,2345,1345,0,213
1221,2346,1347,0,213
1222,2347,1347,0,218
1223,2348,1347,0,220
1224,2349,1346,0,220
1225,2347,1347,0,220
1226,2347,1347,0,222
1227,2347,1347,0,221
1228,2347,1348,0,218
1229,2348,1350,0,216
1230,2351,1351,0,215
1231,2352,1349,0,216
1232,2355,1348,0,230
1233,2356,1346,0,234
1234,2356,1347,0,236
1235,2356,1346,0,235
1236,2354,1346,0,229
1237,2354,1345,0,243
1238,2350,1344,0,254
1239,2349,1344,0,257
1240,2352,1346,0,251
1241,2351,1347,0,253
1242,2351,1347,0,254
1243,2351,1346,0,245
1244,2355,1347,0,239
1245,2355,1345,0,240
1246,2351,1344,0,239
1247,2353,1344,0,235
1248,2352,1343,0,237
1249,2351,1342,0,239
1250,2350,1342,0,240
1251,2352,1342,0,243
1252,2353,1343,0,236
1253,2352,1343,0,236
1254,2351,1343,0,245
1255,2349,1342,0,244
1256,2349,1342,0,244
1257,2348,1344,0,243
1258,2348,1344,0,244
1259,2346,1344,0,249
1260,2345,1346,0,257
1261,2345,1346,0,260
1262,2345,1347,0,251
1263,2347,1347,0,255
1264,2350,1350,0,260
1265,2350,1348,0,256
1266,2350,1346,0,255
1267,2350,1345,0,252
1268,2349,1344,0,251
1269,2348,1344,0,251
1270,2347,1346,0,252
1271,2346,1346,0,245
1272,2345,1346,0,243
1273,2344,1346,0,247
1274,2343,1347,0,246
1275,2344,1347,0,248
1276,2344,1347,0,242
1277,2345,1347,0,244
1278,2345,1346,0,245
1279,2349,1346,0,245
1280,2350,1349,0,247
1281,2350,1348,0,247
1282,2350,1349,0,242
1283,2351,1348,0,239
1284,2351,1348,0,235
1285,2350,1348,0,238
1286,2350,1345,0,232
1287,2348,1345,0,232
1288,2347,1345,0,232
1289,2345,1345,0,233
1290,2344,1347,0,237
1291,2342,1348,0,240
1292,2342,1348,0,235
1293,2343,1348,0,225
1294,2343,1349,0,214
1295,2346,1352,0,211
1296,2348,1352,0,209
1297,2348,1353,0,216
1298,2348,1350,0,211
1299,2346,1350,0,220
1300,2343,1350,0,215
1301,2341,1350,0,216
1302,2342,1349,0,216
1303,2340,1348,0,211
1304,2338,1347,0,206
1305,2338,1346,0,200
1306,2338,1346,0,202
1307,2338,1346,0,200
1308,2337,1345,0,195
1309,2338,1345,0,202
1310,2341,1342,0,208
1311,2342,1339,0,218
1312,2343,1336,0,215
1313,2345,1336,0,216
1314,2343,1331,0,226
1315,2336,1327,0,224
1316,2334,1325,0,207
1317,2334,1323,0,191
1318,2337,1323,0,187
1319,2338,1323,0,181
1320,2338,1319,0,180
1321,2339,1315,0,183
1322,2341,1316,0,179
1323,2342,1318,0,182
1324,2343,1319,0,180
1325,2344,1320,0,174
1326,2344,1322,0,169
1327,2346,1322,0,153
1328,2349,1323,0,146
1329,2352,1325,0,150
1330,2353,1324,0,158
1331,2353,1324,0,162
1332,2352,1322,0,163
1333,2353,1322,0,171
1334,2353,1321,0,164
1335,2354,1322,0,164
1336,2354,1324,0,152
1337,2354,1326,0,154
1338,2354,1329,0,158
1339,2353,1330,0,160
1340,2352,1329,0,169
1341,2352,1327,0,177
1342,2355,1329,0,175
1343,2356,1329,0,176
1344,2356,1329,0,180
1345,2355,1330,0,178
1346,2357,1332,0,175
1347,2355,1332,0,179
1348,2358,1332,0,177
1349,2355,1331,0,167
1350,2355,1329,0,157
1351,2355,1330,0,164
1352,2356,1330,0,153
1353,2355,1325,0,144
1354,2355,1331,0,172
1355,2355,1332,0,173
1356,2355,1335,0,196
1357,2352,1333,0,201
1358,2349,1333,0,215
1359,2348,1331,0,221
1360,2348,1326,0,225
1361,2346,1324,0,230
1362,2349,1325,0,245
1363,2348,1325,0,255
1364,2350,1323,0,259
1365,2354,1323,0,268
1366,2354,1321,0,269
1367,2354,1321,0,272
1368,2356,1321,0,275
1369,2362,1318,0,275
1370,2360,1317,0,276
1371,2361,1320,0,275
1372,2362,1318,0,284
1373,2362,1319,0,289
1374,2365,1322,0,284
1375,2368,1327,0,279
1376,2372,1330,0,243
1377,2372,1332,0,264
1378,2371,1333,0,245
1379,2369,1332,0,273
1380,2367,1332,0,273
1381,2366,1330,0,277
1382,2367,1327,0,277
1383,2366,1328,0,284
1384,2366,1328,0,290
1385,2366,1331,0,283
1386,2366,1331,0,289
1387,2370,1330,0,298
1388,2372,1332,0,302
1389,2379,1332,0,306
1390,2389,1335,0,317
1391,2392,1336,0,335
1392,2400,1336,0,335
1393,2401,1334,0,350
1394,2399,1334,0,355
1395,2400,1335,0,354
1396,2406,1333,0,351
1397,2415,1335,0,353
1398,2418,1335,0,350
1399,2422,1331,0,346
1402,2442,1328,0,357
1403,2437,1328,0,351
1404,2436,1328,0,350
1405,2439,1325,0,355
1408,2443,1325,0,315
1409,2441,1327,0,315
1410,2442,1325,0,314
1411,2440,1325,0,321
1412,2439,1325,0,311
1413,2438,1325,0,299
1414,2438,1325,0,295
1415,2439,1326,0,285
1416,2441,1327,0,285
1417,2441,1328,0,270
1418,2443,1326,0,256
1419,2444,1325,0,245
1420,2444,1323,0,234
1421,2446,1319,0,235
1422,2447,1317,0,232
1423,2447,1316,0,238
1424,2447,1315,0,242
1425,2449,1312,0,244
1426,2450,1305,0,257
1427,2455,1296,0,263
1428,2454,1293,0,259
1429,2453,1291,0,249
1430,2451,1293,0,251
1431,2451,1293,0,264
1432,2447,1293,0,267
1433,2445,1296,0,264
1434,2444,1298,0,263
1435,2444,1301,0,267
1436,2444,1303,0,276
1437,2442,1301,0,281
1438,2441,1303,0,282
1439,2443,1305,0,276
1440,2442,1304,0,266
1441,2447,1294,0,269
1442,2447,1291,0,254
1443,2446,1285,0,245
1444,2445,1281,0,217
1445,2444,1285,0,249
1446,2444,1290,0,249
1447,2446,1289,0,260
1448,2449,1287,0,270
1449,2449,1287,0,296
1450,2451,1288,0,274
1451,2451,1291,0,271
1452,2452,1293,0,255
1453,2455,1291,0,269
1454,2455,1290,0,271
1455,2455,1290,0,272
1456,2454,1289,0,273
1457,2455,1290,0,275
1458,2455,1287,0,275
1459,2456,1286,0,279
1461,2458,1290,0,268
1463,2457,1287,0,268
1464,2455,1285,0,271
1465,2455,1287,0,261
1466,2454,1287,0,254
1475,2455,1297,0,263
1476,2454,1297,0,267
1482,2442,1302,0,93
1483,2440,1303,0,71
1484,2441,1304,0,65
1485,2440,1308,0,53
1486,2442,1313,0,89
1487,2445,1312,0,101
1488,2442,1315,0,126
1492,2405,1267,0,342
1493,2404,1271,0,335
1494,2402,1273,0,326
1495,2401,1271,0,330
1496,2401,1274,0,319
1497,2403,1272,0,324
1498,2402,1273,0,320
1499,2402,1274,0,317
1500,2402,1274,0,318
1501,2402,1274,0,320
1502,2403,1274,0,319
1503,2402,1274,0,319
1504,2402,1274,0,321
1505,2403,1274,0,325
1506,2403,1274,0,324
1507,2401,1274,0,320
1508,2399,1275,0,324
1509,2399,1277,0,325
1510,2398,1279,0,341
1511,2398,1278,0,338
1512,2399,1278,0,342
1513,2397,1278,0,354
1514,2393,1276,0,357
1515,2389,1276,0,359
1516,2384,1273,0,359
1517,2387,1274,0,355
1518,2386,1275,0,352
1519,2385,1274,0,354
1520,2389,1272,0,359
1521,2392,1267,0,2
1522,2393,1266,0,4
1523,2391,1264,0,8
1524,2389,1262,0,16
1525,2389,1264,0,10
1526,2393,1266,0,7
1527,2393,1267,0,6
1528,2390,1267,0,9
1529,2385,1270,0,7
1530,2380,1274,0,2
1531,2374,1273,0,3
1532,2370,1275,0,3
1535,2350,1274,0,318
1536,2343,1274,0,308
1537,2341,1273,0,301
1538,2338,1264,0,315
1539,2332,1261,0,303
1540,2334,1258,0,300
1541,2329,1258,0,281
1542,2327,1256,0,273
1543,2327,1249,0,279
1544,2325,1243,0,279
1545,2322,1238,0,269
1546,2323,1236,0,264
1547,2325,1238,0,274
1548,2324,1240,0,275
1549,2325,1243,0,279
1550,2324,1243,0,273
1551,2323,1242,0,268
1552,2323,1243,0,270
1553,2324,1245,0,271
1554,2323,1247,0,270
1555,2322,1248,0,276
1556,2316,1249,0,302
1557,2313,1246,0,290
1558,2315,1244,0,278
1559,2317,1245,0,278
1560,2316,1244,0,273
1561,2316,1244,0,271
1562,2317,1244,0,265
1563,2316,1247,0,272
1564,2317,1249,0,274
1565,2317,1251,0,270
1566,2318,1252,0,264
1567,2318,1252,0,268
1568,2317,1250,0,272
1569,2319,1249,0,274
1570,2320,1247,0,279
1571,2321,1246,0,278
1572,2319,1242,0,277
1573,2320,1241,0,274
1574,2319,1237,0,277
1575,2319,1234,0,276
1576,2320,1233,0,276
1577,2321,1233,0,279
1578,2320,1234,0,278
1579,2319,1234,0,278
1580,2319,1232,0,283
1581,2320,1230,0,287
1582,2320,1227,0,291
1583,2318,1229,0,286
1584,2320,1230,0,288
1585,2320,1226,0,295
1586,2317,1222,0,298
1587,2317,1220,0,298
1588,2314,1214,0,303
1589,2314,1211,0,308
1590,2311,1208,0,307
1591,2310,1206,0,304
1592,2308,1204,0,307
1593,2307,1204,0,307
1594,2307,1205,0,313
1595,2306,1204,0,324
1596,2304,1204,0,324
1597,2303,1206,0,327
1598,2306,1206,0,322
1599,2306,1208,0,329
1600,2306,1207,0,329
1601,2306,1204,0,329
1602,2305,1206,0,339
1603,2305,1210,0,333
1604,2303,1211,0,341
1605,2303,1211,0,344
1606,2298,1210,0,343
1607,2298,1210,0,334
1608,2301,1206,0,335
1609,2299,1205,0,331
1610,2298,1202,0,326
1611,2296,1203,0,322
1612,2293,1203,0,325
1613,2292,1202,0,326
1614,2289,1201,0,326
1615,2288,1202,0,327
1616,2287,1200,0,326
1617,2288,1201,0,328
1618,2287,1200,0,330
1619,2287,1200,0,323
1620,2287,1199,0,320
1621,2286,1199,0,323
1622,2287,1200,0,319
1623,2289,1202,0,318
1624,2289,1203,0,318
1625,2288,1203,0,316
1626,2288,1204,0,317
1627,2289,1206,0,320
1628,2288,1204,0,321
1629,2287,1204,0,321
1630,2286,1202,0,324
1631,2286,1203,0,329
1632,2281,1203,0,330
1633,2279,1201,0,337
1634,2280,1201,0,356
1635,2280,1202,0,353
1636,2277,1204,0,351
1637,2275,1207,0,339
1638,2275,1207,0,332
1639,2273,1206,0,334
1640,2272,1205,0,328
1641,2273,1204,0,326
1642,2272,1204,0,327
1643,2279,1207,0,329
1644,2280,1209,0,330
1645,2280,1211,0,334
1646,2279,1211,0,332
1647,2279,1211,0,337
1648,2281,1210,0,340
1649,2282,1209,0,334
1650,2281,1207,0,328
1651,2280,1204,0,322
1652,2280,1204,0,322
1653,2284,1202,0,316
1654,2284,1200,0,303
1655,2284,1197,0,296
1656,2284,1194,0,288
1657,2286,1191,0,293
1658,2289,1184,0,288
1659,2290,1182,0,287
1660,2291,1180,0,290
1661,2291,1179,0,284
1662,2293,1174,0,275
1663,2296,1169,0,272
1664,2298,1164,0,274
1665,2298,1161,0,266
1666,2298,1157,0,270
1667,2296,1153,0,270
1668,2294,1150,0,269
1669,2293,1147,0,274
1670,2296,1145,0,277
1671,2300,1139,0,295
1672,2299,1139,0,301
1673,2303,1139,0,296
1674,2305,1138,0,292
1675,2306,1135,0,300
1676,2305,1129,0,276
1677,2306,1125,0,270
1678,2305,1123,0,270
1679,2303,1120,0,257
1680,2305,1115,0,262
1681,2303,1108,0,242
1682,2300,1109,0,241
1683,2299,1109,0,236
1684,2302,1107,0,243
1685,2302,1107,0,241
1686,2302,1104,0,241
1687,2304,1101,0,248
1688,2307,1095,0,254
1689,2306,1090,0,264
1690,2307,1087,0,267
1691,2314,1086,0,264
1692,2318,1087,0,270
1693,2314,1088,0,255
1694,2314,1088,0,258
1695,2314,1090,0,262
1696,2315,1090,0,262
1697,2311,1092,0,255
1698,2310,1094,0,264
1699,2308,1093,0,275
1700,2307,1093,0,278
1701,2306,1092,0,301
1702,2307,1092,0,298
1703,2306,1089,0,290
1704,2302,1086,0,292
1705,2304,1084,0,295
1706,2303,1086,0,314
1707,2296,1087,0,335
1708,2292,1087,0,351
1709,2295,1089,0,354
1710,2294,1089,0,354
1711,2293,1091,0,357
1712,2292,1091,0,353
1713,2292,1090,0,352
1714,2291,1089,0,355
1715,2291,1088,0,0
1716,2291,1085,0,2
1717,2292,1081,0,12
1718,2293,1084,0,14
1719,2294,1084,0,16
1720,2293,1084,0,16
1721,2292,1084,0,14
1722,2291,1084,0,12
1723,2291,1084,0,13
1724,2292,1082,0,15
1725,2290,1083,0,16
1726,2289,1082,0,18
1727,2295,1078,0,15
1728,2296,1078,0,13
1729,2296,1078,0,17
1730,2295,1077,0,23
1731,2292,1077,0,34
1732,2291,1077,0,33
1733,2291,1077,0,35
1734,2292,1077,0,35
1735,2292,1077,0,34
1736,2293,1078,0,26
1737,2292,1077,0,18
1738,2294,1076,0,23
1739,2293,1073,0,26
1740,2293,1076,0,22
1741,2295,1078,0,15
1742,2296,1079,0,12
1743,2297,1079,0,12
1744,2297,1079,0,11
1745,2298,1079,0,13
1746,2298,1079,0,13
1747,2296,1079,0,9
1748,2294,1081,0,10
1749,2293,1081,0,14
1750,2294,1081,0,15
1751,2294,1083,0,21
1752,2291,1082,0,26
1753,2288,1083,0,30
1754,2287,1084,0,40
1755,2287,1086,0,47
1756,2285,1085,0,54
1757,2285,1089,0,59
1758,2283,1088,0,76
1759,2282,1088,0,88
1760,2282,1085,0,83
1761,2282,1084,0,88
1762,2282,1082,0,90
1763,2282,1081,0,92
1764,2279,1079,0,99
1765,2275,1075,0,105
1766,2275,1076,0,110
1767,2278,1077,0,111
1768,2279,1076,0,112
1769,2280,1077,0,110
1770,2279,1076,0,110
1771,2279,1075,0,109
1772,2280,1074,0,108
1773,2280,1075,0,109
1774,2278,1074,0,110
1775,2280,1076,0,101
1776,2280,1080,0,93
1777,2280,1082,0,95
1778,2280,1083,0,91
1779,2278,1081,0,64
1780,2277,1080,0,58
1781,2275,1078,0,54
1782,2271,1076,0,33
1783,2270,1076,0,28
1784,2266,1076,0,24
1785,2261,1078,0,25
1786,2258,1077,0,28
1787,2254,1078,0,28
1788,2252,1080,0,27
1789,2249,1082,0,25
1790,2240,1082,0,23
1791,2234,1082,0,34
1792,2230,1081,0,43
1793,2224,1081,0,36
1794,2223,1081,0,39
1795,2213,1093,0,51
1796,2212,1094,0,61
1797,2216,1080,0,33
1799,2213,1080,0,27
1803,2208,1081,0,31
1804,2208,1081,0,35
1805,2207,1082,0,36
1806,2206,1082,0,35
1807,2204,1082,0,34
1808,2205,1083,0,39
1809,2203,1085,0,38
1810,2202,1085,0,40
1811,2201,1083,0,37
1812,2200,1084,0,40
1813,2199,1085,0,36
1814,2197,1084,0,32
1815,2200,1084,0,31
1816,2202,1083,0,29
1817,2202,1083,0,27
1818,2203,1084,0,28
1819,2204,1084,0,34
1820,2202,1084,0,38
1821,2202,1083,0,38
1822,2203,1081,0,36
1823,2199,1082,0,31
1824,2198,1085,0,34
1825,2198,1085,0,33
1826,2197,1086,0,32
1827,2197,1085,0,38
1828,2195,1088,0,45
1829,2195,1088,0,41
1830,2194,1089,0,48
1831,2195,1091,0,48
1832,2191,1095,0,46
1833,2189,1094,0,49
1834,2188,1095,0,56
1835,2186,1097,0,54
1836,2183,1099,0,51
1837,2184,1098,0,48
1838,2182,1098,0,40
1839,2181,1098,0,33
1840,2181,1098,0,34
1841,2176,1102,0,33
1842,2175,1104,0,30
1843,2172,1105,0,24
1844,2172,1107,0,20
1845,2176,1107,0,26
1846,2178,1106,0,31
1847,2179,1108,0,40
1848,2178,1108,0,38
1849,2181,1109,0,44
1850,2183,1111,0,56
1851,2186,1114,0,67
1852,2188,1119,0,76
1853,2189,1122,0,84
1854,2193,1126,0,90
1855,2194,1129,0,89
1856,2192,1127,0,99
1857,2194,1128,0,89
1858,2195,1131,0,91
1859,2196,1131,0,89
1860,2197,1133,0,95
1861,2197,1132,0,103
1862,2198,1132,0,111
1863,2203,1131,0,119
1864,2207,1133,0,123
1865,2207,1134,0,121
1866,2213,1139,0,122
1867,2216,1140,0,129
1868,2218,1139,0,126
1869,2218,1140,0,115
1870,2218,1141,0,113
1871,2217,1141,0,118
1872,2215,1135,0,120
1873,2211,1134,0,113
1874,2211,1136,0,115
1875,2211,1137,0,115
1876,2210,1140,0,110
1877,2211,1134,0,111
1878,2210,1133,0,111
1879,2211,1131,0,108
1880,2210,1132,0,104
1881,2210,1134,0,102
1882,2210,1134,0,100
1883,2211,1137,0,106
1884,2212,1139,0,103
1885,2212,1137,0,107
1886,2211,1137,0,110
1887,2211,1138,0,107
1888,2206,1138,0,97
1889,2204,1138,0,98
1890,2204,1138,0,102
1891,2202,1138,0,102
1892,2199,1138,0,98
1893,2202,1134,0,86
1894,2200,1127,0,87
1895,2196,1122,0,79
1896,2193,1129,0,58
1897,2191,1129,0,48
1898,2193,1129,0,38
1899,2203,1134,0,43
1900,2212,1136,0,30
1901,2216,1137,0,26
1902,2221,1138,0,23
1903,2222,1133,0,20
1904,2222,1132,0,17
1905,2227,1127,0,8
1906,2231,1115,0,8
1907,2226,1111,0,3
1908,2219,1110,0,6
1909,2220,1106,0,2
1910,2223,1104,0,358
1911,2223,1106,0,358
1912,2221,1107,0,2
1913,2218,1108,0,5
1914,2212,1110,0,7
1915,2209,1111,0,357
1916,2206,1106,0,0
1917,2206,1104,0,1
1918,2206,1102,0,2
1919,2208,1102,0,0
1920,2209,1103,0,356
1921,2214,1099,0,359
1922,2215,1098,0,353
1923,2214,1096,0,1
1924,2212,1096,0,4
1925,2213,1097,0,7
1926,2212,1099,0,5
1927,2204,1099,0,12
1928,2203,1100,0,6
1929,2203,1097,0,9
1930,2209,1094,0,17
1931,2211,1093,0,17
1932,2211,1095,0,10
1933,2208,1097,0,16
1934,2210,1098,0,14
1935,2214,1103,0,8
1936,2214,1103,0,4
1937,2215,1102,0,3
1938,2215,1101,0,2
1939,2215,1101,0,359
1940,2215,1101,0,356
1941,2216,1100,0,356
1942,2217,1100,0,350
1943,2218,1100,0,349
1944,2218,1099,0,355
1945,2216,1100,0,359
1946,2219,1102,0,0
1947,2223,1107,0,4
1948,2230,1107,0,350
1949,2235,1108,0,350
1950,2238,1110,0,350
1951,2244,1103,0,347
1952,2244,1103,0,330
1953,2243,1101,0,342
1954,2247,1095,0,359
1955,2241,1098,0,0
1956,2233,1102,0,11
1957,2227,1102,0,0
1958,2222,1099,0,357
1959,2214,1100,0,352
1960,2207,1099,0,351
1961,2211,1099,0,353
1962,2211,1098,0,348
1963,2212,1099,0,350
1964,2209,1097,0,351
1965,2210,1097,0,351
1966,2216,1094,0,350
1967,2214,1089,0,349
1968,2214,1086,0,322
1969,2215,1083,0,328
1970,2216,1080,0,314
2009,2163,830,1,325
2024,2261,973,0,173
2033,2134,954,0,329
2034,2137,948,0,325
2035,2135,946,0,329
2036,2131,947,0,323
2039,2134,939,0,327
2040,2134,938,0,328
2041,2135,932,0,331
2042,2139,929,0,320
2043,2143,922,0,325
2044,2143,922,0,323
2045,2143,919,0,328
2046,2146,917,0,325
2047,2151,911,0,291
2048,2155,909,0,292
2049,2155,907,0,302
2050,2161,901,0,301
2051,2163,897,0,298
2052,2171,897,0,297
2053,2173,895,0,286
2054,2183,882,0,280
2055,2178,879,0,278
2056,2186,876,0,264
2057,2194,863,0,255
2058,2195,857,0,263
2059,2194,851,0,270
2060,2197,840,0,274
2061,2198,841,0,275
2062,2195,838,0,281
2063,2194,826,0,277
2064,2190,815,0,283
2065,2188,801,0,308
2066,2180,801,0,309
2067,2178,795,0,321
2068,2172,791,0,328
2069,2167,789,0,326
2070,2161,786,0,332
2071,2160,785,0,336
2072,2160,784,0,339
2073,2172,783,0,358
2074,2170,779,0,6
2075,2172,780,0,15
2076,2175,777,0,22
2077,2178,776,0,52
2078,2179,784,0,77
2079,2181,788,0,83
2080,2190,795,0,97
2081,2191,797,0,95
2082,2197,803,0,91
2083,2194,809,0,87
2084,2193,815,0,79
2085,2195,827,0,67
2086,2194,835,0,80
2087,2186,845,0,72
2088,2192,850,0,83
2089,2192,850,0,67
2090,2189,849,0,60
2091,2187,851,0,62
2092,2185,853,0,51
2093,2184,858,0,49
2094,2178,854,0,51
2095,2172,856,0,37
2096,2165,861,0,32
2097,2162,862,0,27
2098,2165,865,0,25
2099,2166,865,0,31
2100,2165,865,0,26
2101,2162,867,0,27
2102,2155,868,0,25
2103,2153,870,0,31
2104,2152,867,0,41
2105,2150,869,0,32
2106,2149,870,0,32
2107,2148,865,0,29
2108,2146,866,0,24
2109,2148,863,0,26
2110,2144,862,0,11
2111,2147,862,0,9
2112,2151,864,0,3
2113,2156,867,0,4
2114,2163,876,0,357
2115,2169,881,0,341
2118,2156,880,0,337
2119,2162,882,0,332
2120,2159,881,0,334
2121,2158,880,0,331
2122,2162,875,0,322
2123,2164,878,0,332
2124,2167,879,0,316
2125,2166,871,0,318
2126,2167,868,0,323
2127,2169,874,0,343
2128,2163,873,0,343
2129,2163,874,0,349
2130,2159,868,0,332
2131,2157,864,0,328
2132,2151,853,0,327
2133,2151,852,0,333
2134,2155,860,0,356
2135,2148,865,0,9
2136,2145,869,0,15
2137,2143,873,0,10
2138,2136,871,0,5
2139,2139,870,0,1
2140,2142,868,0,357
2141,2158,870,0,354
2142,2161,873,0,359
2143,2164,877,0,30
2144,2166,875,0,19
2148,2175,881,0,16
2149,2174,894,0,352
2150,2173,893,0,334
2151,2169,893,0,345
2152,2163,891,0,355
2153,2161,885,0,356
2154,2154,881,0,352
2155,2153,883,0,356
2156,2153,883,0,1
2157,2149,883,0,5
2158,2149,882,0,5
2159,2148,882,0,5
2160,2148,883,0,2
2161,2148,882,0,357
2162,2151,884,0,349
2163,2151,885,0,344
2164,2151,886,0,347
2165,2150,884,0,352
2166,2147,881,0,352
2167,2147,880,0,353
2168,2151,884,0,352
2169,2153,884,0,352
2170,2155,881,0,357
2171,2155,878,0,356
2172,2156,879,0,3
2173,2157,883,0,0
2174,2159,885,0,354
2175,2160,888,0,350
2176,2157,889,0,350
2177,2154,886,0,344
2178,2151,885,0,347
2179,2148,882,0,345
2180,2142,873,0,349
2181,2137,869,0,343
2182,2134,869,0,340
2183,2132,866,0,335
2184,2131,866,0,334
2185,2131,864,0,331
2186,2132,859,0,332
2187,2127,860,0,342
2188,2128,858,0,339
2189,2130,856,0,351
2190,2128,856,0,349
2191,2124,855,0,2
2192,2121,855,0,5
2193,2120,853,0,3
2194,2131,893,0,356
2195,2129,895,0,353
2196,2131,895,0,351
2197,2131,894,0,355
2198,2131,893,0,357
2199,2133,892,0,357
2200,2133,892,0,358
2201,2134,893,0,2
2202,2135,892,0,0
2203,2135,892,0,358
2204,2135,892,0,2
2205,2137,892,0,358
2206,2137,892,0,2
2207,2138,892,0,357
2208,2139,894,0,2
2209,2136,897,0,11
2210,2134,900,0,11
2211,2134,905,0,11
2212,2134,903,0,11
2213,2133,900,0,0
2214,2133,898,0,8
2215,2133,902,0,7
2216,2132,902,0,7
2217,2137,901,0,9
2218,2138,901,0,12
2219,2135,900,0,10
2220,2136,899,0,9
2221,2136,898,0,5
2222,2136,897,0,7
2223,2137,896,0,9
2224,2137,896,0,8
2225,2136,895,0,9
2226,2136,896,0,10
2227,2138,896,0,9
2228,2138,896,0,12
2229,2139,896,0,11
2230,2140,896,0,11
2231,2140,896,0,11
2232,2140,897,0,11
2233,2139,897,0,8
2234,2139,896,0,6
2235,2137,896,0,8
2236,2136,895,0,8
2237,2138,894,0,8
2238,2136,894,0,9
2239,2133,893,0,7
2240,2131,891,0,358
2241,2130,890,0,350
2242,2129,886,0,352
2243,2129,891,0,352
2244,2127,886,0,354
2245,2126,882,0,343
2246,2127,876,0,342
2247,2128,876,0,336
2248,2129,878,0,336
2249,2132,876,0,342
2250,2129,876,0,348
2251,2132,869,0,357
2252,2133,867,0,355
2253,2132,865,0,353
2254,2130,867,0,351
2255,2131,868,0,351
2256,2128,869,0,348
2257,2125,868,0,345
2258,2123,869,0,337
2259,2124,866,0,333
2260,2122,864,0,332
2261,2123,859,0,335
2262,2123,857,0,332
2263,2124,853,0,330
2264,2123,855,0,328
2265,2127,851,0,332
2266,2130,849,0,332
2267,2132,846,0,332
2268,2135,846,0,332
2269,2137,845,0,333
2270,2137,849,0,338
2271,2139,851,0,339
2272,2140,850,0,336
2273,2140,847,0,343
2274,2141,851,0,339
2275,2142,849,0,341
2276,2142,847,0,337
2277,2141,847,0,349
2278,2137,850,0,356
2279,2134,852,0,354
2280,2134,853,0,350
2281,2134,852,0,352
2282,2133,851,0,355
2283,2130,855,0,349
2284,2129,856,0,351
2285,2130,854,0,353
2286,2128,856,0,0
2287,2128,854,0,356
2288,2128,853,0,356
2289,2125,852,0,355
2290,2125,853,0,355
2291,2128,853,0,355
2292,2128,854,0,354
2293,2127,854,0,358
2294,2126,856,0,1
2295,2126,856,0,0
2296,2126,855,0,355
2297,2127,854,0,355
2298,2129,853,0,356
2299,2129,853,0,352
2300,2129,852,0,354
2301,2130,853,0,353
2302,2129,854,0,355
2303,2130,854,0,357
2304,2131,852,0,0
2305,2130,852,0,359
2306,2131,853,0,356
2307,2131,853,0,356
2308,2131,854,0,356
2309,2131,855,0,358
2310,2131,856,0,0
2311,2131,856,0,1
2312,2131,856,0,3
2313,2131,857,0,6
2314,2131,856,0,2
2315,2133,850,0,5
2316,2130,852,0,0
2317,2130,855,0,3
2318,2129,855,0,6
2319,2127,857,0,3
2320,2128,859,0,355
2321,2127,860,0,355
2322,2129,856,0,353
2323,2130,854,0,351
2324,2131,853,0,353
2325,2131,854,0,354
2326,2130,854,0,352
2327,2129,856,0,350
2328,2129,857,0,353
2329,2130,854,0,353
2330,2128,856,0,351
2331,2129,854,0,353
2332,2129,857,0,352
2333,2129,857,0,356
2334,2130,856,0,354
2335,2130,855,0,354
2336,2130,855,0,353
2337,2131,857,0,349
2338,2129,859,0,338
2339,2127,859,0,337
2340,2127,859,0,344
2341,2127,858,0,349
2342,2127,859,0,349
2343,2129,859,0,343
2344,2127,860,0,337
2345,2127,858,0,338
2346,2127,858,0,343
2347,2127,857,0,347
2348,2126,858,0,344
2349,2126,859,0,349
2350,2127,858,0,354
2351,2126,860,0,347
2352,2127,858,0,348
2353,2126,858,0,344
2354,2126,858,0,350
2355,2126,860,0,344
2356,2126,857,0,344
2357,2126,858,0,347
2358,2126,857,0,352
2359,2125,858,0,352
2360,2123,860,0,343
2361,2123,860,0,346
2362,2124,859,0,351
2363,2124,859,0,352
2364,2124,859,0,351
2365,2124,859,0,352
2366,2126,860,0,341
2367,2128,852,0,356
2368,2127,852,0,356
2369,2127,852,0,353
2370,2129,852,0,353
2371,2130,852,0,352
2372,2132,853,0,352
2373,2132,852,0,350
2374,2131,851,0,350
2375,2131,851,0,352
2376,2132,850,0,357
2377,2132,850,0,355
2378,2132,851,0,354
2379,2133,850,0,358
2380,2134,847,0,357
2381,2133,847,0,356
2382,2132,849,0,355
2383,2132,850,0,355
2384,2133,849,0,359
2385,2132,849,0,358
2386,2131,849,0,1
2387,2131,850,0,0
2388,2131,850,0,0
2389,2131,850,0,0
2390,2132,849,0,3
2391,2132,850,0,0
2392,2134,851,0,3
2393,2133,850,0,6
2394,2130,852,0,2
2395,2130,855,0,350
2396,2130,855,0,350
2397,2131,852,0,351
2398,2132,852,0,352
2399,2132,851,0,356
2400,2132,850,0,357
2401,2131,850,0,355
2402,2131,850,0,359
2403,2129,851,0,1
2404,2128,850,0,4
2405,2127,850,0,1
2406,2126,855,0,357
2407,2125,856,0,357
2408,2126,854,0,2
2409,2127,853,0,7
2410,2127,854,0,6
2411,2126,854,0,8
2412,2126,854,0,9
2413,2126,854,0,5
2414,2127,852,0,9
2415,2127,851,0,7
2416,2129,851,0,9
2417,2129,850,0,13
2418,2129,851,0,22
2419,2129,852,0,26
2420,2128,849,0,27
2421,2130,850,0,15
2422,2131,846,0,14
2423,2131,847,0,16
2424,2129,847,0,15
2425,2129,845,0,17
2426,2128,845,0,15
2427,2126,844,0,15
2428,2127,844,0,11
2429,2127,845,0,1
2430,2127,843,0,7
2431,2127,844,0,6
2432,2127,846,0,358
2433,2129,845,0,6
2434,2130,847,0,8
2435,2129,847,0,7
2436,2129,848,0,7
2437,2129,849,0,6
2438,2129,849,0,4
2439,2128,848,0,7
2440,2128,849,0,1
2441,2130,849,0,1
2442,2131,850,0,359
2443,2130,851,0,2
2444,2131,851,0,3
2445,2132,852,0,1
2446,2133,852,0,3
2447,2133,852,0,358
2448,2133,851,0,356
2449,2131,853,0,352
2450,2134,851,0,358
2451,2133,850,0,358
2452,2134,850,0,358
2453,2135,852,0,356
2454,2136,853,0,355
2455,2136,852,0,357
2456,2135,851,0,359
2457,2135,850,0,357
2458,2135,850,0,357
2459,2135,850,0,357
2460,2134,850,0,357
2461,2135,850,0,356
2462,2136,848,0,357
2463,2136,849,0,356
2464,2136,848,0,0
2465,2136,847,0,359
2466,2134,849,0,0
2467,2134,849,0,0
2468,2134,849,0,1
2469,2134,849,0,3
2470,2133,850,0,2
2471,2132,850,0,3
2472,2132,850,0,2
2473,2131,850,0,359
2474,2131,851,0,0
2475,2130,851,0,359
2476,2129,852,0,357
2477,2128,852,0,356
2478,2129,853,0,358
2479,2128,852,0,356
2480,2128,853,0,356
2481,2128,853,0,354
2482,2129,854,0,353
2483,2128,854,0,352
2484,2127,856,0,350
2485,2126,856,0,352
2486,2126,857,0,356
2487,2126,858,0,359
2488,2125,855,0,3
2489,2127,854,0,5
2490,2127,854,0,5
2491,2125,855,0,6
2492,2126,854,0,6
2493,2125,854,0,4
2494,2124,856,0,2
2495,2124,857,0,359
2496,2123,859,0,359
2497,2122,860,0,355
2498,2122,860,0,352
2499,2120,859,0,353
2500,2120,860,0,357
2501,2121,861,0,356
2502,2118,862,0,352
2503,2119,863,0,358
2504,2118,863,0,358
2505,2117,863,0,355
2506,2116,865,0,4
2507,2116,873,0,8
2508,2118,873,0,10
2509,2121,878,0,5
2510,2121,881,0,355
2511,2122,884,0,351
2512,2119,884,0,331
2513,2117,885,0,313
2514,2115,886,0,303
2515,2115,885,0,311
2516,2111,885,0,303
2517,2109,885,0,289
2518,2110,884,0,291
2520,2111,884,0,291
2521,2111,883,0,296
2522,2108,880,0,302
2523,2102,880,0,297
2524,2100,878,0,309
2525,2098,872,0,313
2526,2097,870,0,319
2527,2094,871,0,303
2528,2095,871,0,316
2529,2096,872,0,329
2530,2096,875,0,337
2531,2098,875,0,343
2532,2097,872,0,350
2533,2097,872,0,357
2534,2097,874,0,0
2535,2098,878,0,3
2536,2099,878,0,11
2537,2099,881,0,13
2538,2098,882,0,12
2539,2100,884,0,7
2540,2100,884,0,11
2541,2100,887,0,10
2542,2100,889,0,15
2543,2098,891,0,15
2544,2096,891,0,14
2545,2096,890,0,9
2546,2096,886,0,12
2547,2096,885,0,7
2548,2095,885,0,5
2549,2094,886,0,3
2550,2095,887,0,4
2551,2098,892,0,3
2552,2099,893,0,0
2553,2098,891,0,5
2554,2098,891,0,5
2555,2098,889,0,4
2556,2097,888,0,3
2557,2098,888,0,2
2558,2097,888,0,2
2559,2097,887,0,1
2560,2099,887,0,0
2561,2099,888,0,1
2562,2100,889,0,5
2563,2102,889,0,5
2564,2102,890,0,6
2565,2103,890,0,9
2566,2104,890,0,8
2567,2104,892,0,7
2568,2104,894,0,12
2569,2103,895,0,8
2570,2104,900,0,357
2571,2105,905,0,0
2572,2108,917,0,349
2573,2112,915,0,345
2574,2115,914,0,346
2575,2114,914,0,354
2576,2112,912,0,341
2577,2111,911,0,325
2578,2111,910,0,318
2579,2114,911,0,323
2580,2118,906,0,331
2581,2120,907,0,333
2582,2121,908,0,334
2583,2120,909,0,342
2584,2118,910,0,339
2585,2118,911,0,351
2586,2118,911,0,356
2587,2119,911,0,359
2588,2121,913,0,353
2589,2118,915,0,355
2590,2118,916,0,348
2591,2117,916,0,350
2592,2120,918,0,354
2593,2121,919,0,7
2594,2120,920,0,0
2595,2121,920,0,355
2596,2121,921,0,351
2597,2120,919,0,352
2598,2120,919,0,350
2599,2119,919,0,346
2600,2117,918,0,334
2601,2118,916,0,333
2602,2118,916,0,337
2603,2120,915,0,337
2604,2119,915,0,343
2605,2118,917,0,349
2606,2117,916,0,352
2607,2116,917,0,355
2608,2116,917,0,358
2609,2114,918,0,0
2610,2112,919,0,359
2611,2113,919,0,1
2612,2117,920,0,359
2613,2119,920,0,359
2614,2119,919,0,358
2615,2119,919,0,359
2616,2118,918,0,0
2617,2120,917,0,354
2618,2122,915,0,354
2619,2121,916,0,356
2620,2122,917,0,359
2621,2121,919,0,0
2622,2120,921,0,359
2623,2119,920,0,359
2624,2119,919,0,358
2625,2118,919,0,357
2626,2118,919,0,357
2627,2117,919,0,356
2628,2115,923,0,357
2629,2116,926,0,356
2630,2115,923,0,356
2631,2114,924,0,356
2632,2112,923,0,359
2633,2111,922,0,357
2634,2111,922,0,359
2635,2110,924,0,354
2636,2111,922,0,358
2637,2111,921,0,357
2638,2111,921,0,0
2639,2111,922,0,357
2640,2111,923,0,353
2641,2111,923,0,354
2642,2110,924,0,347
2643,2109,923,0,349
2645,2109,926,0,352
2648,2108,924,0,356
2649,2107,924,0,358
2650,2107,923,0,8
2651,2107,925,0,0
2652,2106,925,0,359
2653,2108,922,0,359
2656,2109,917,0,1
2664,2127,1072,0,329
2667,2113,1147,1,30
2681,2023,1307,1,66
2686,2091,1400,0,342
2687,2091,1399,0,345
2688,2086,1398,0,338
2689,2086,1398,0,336
2690,2081,1396,0,328
2691,2080,1395,0,339
2692,2079,1396,0,336
2693,2078,1397,0,336
2694,2080,1396,0,340
2695,2076,1395,0,344
2696,2074,1398,0,337
2697,2075,1398,0,339
2698,2071,1399,0,341
2699,2069,1401,0,348
2700,2066,1405,0,349
2701,2065,1407,0,354
2702,2061,1410,0,2
2703,2056,1413,0,12
2704,2055,1415,0,19
2705,2050,1418,0,25
2706,2047,1419,0,31
2707,2044,1418,0,32
2708,2042,1416,0,35
2709,2039,1414,0,42
2710,2037,1411,0,52
2711,2038,1414,0,53
2712,2040,1414,0,59
2713,2049,1418,0,75
2714,2052,1419,0,58
2715,2053,1420,0,57
2716,2049,1423,0,59
2717,2047,1425,0,58
2718,2045,1424,0,51
2719,2045,1423,0,50
2720,2039,1424,0,47
2721,2038,1427,0,50
2722,2040,1423,0,46
2723,2040,1422,0,46
2724,2042,1416,0,32
2725,2041,1414,0,42
2726,2042,1413,0,51
2727,2039,1416,0,48
2728,2041,1418,0,60
2729,2045,1420,0,71
2730,2047,1425,0,79
2731,2047,1422,0,71
2732,2050,1422,0,70
2733,2050,1423,0,85
2734,2049,1426,0,89
2735,2048,1424,0,91
2736,2051,1427,0,106
2737,2051,1429,0,114
2738,2057,1435,0,117
2739,2061,1438,0,128
2740,2064,1439,0,134
2741,2066,1440,0,145
2742,2065,1437,0,145
2743,2065,1437,0,142
2744,2072,1442,0,155
2745,2076,1442,0,165
2746,2079,1441,0,175
2747,2082,1441,0,189
2748,2086,1438,0,198
2749,2087,1435,0,209
2750,2087,1432,0,224
2751,2090,1425,0,236
2752,2092,1416,0,251
2753,2094,1414,0,252
2754,2096,1412,0,258
2755,2097,1410,0,261
2756,2098,1407,0,264
2757,2098,1405,0,259
2758,2099,1407,0,263
2759,2097,1405,0,277
2760,2097,1403,0,285
2761,2096,1403,0,292
2762,2095,1402,0,294
2763,2095,1401,0,291
2764,2094,1397,0,283
2765,2095,1394,0,278
2766,2094,1390,0,273
2767,2095,1391,0,273
2768,2093,1393,0,273
2769,2092,1392,0,280
2770,2089,1388,0,284
2771,2083,1387,0,303
2775,2086,1372,0,319
2776,2085,1371,0,323
2777,2084,1373,0,326
2778,2084,1377,0,332
2786,2090,1395,0,351
2787,2090,1393,0,354
2788,2091,1393,0,347
2789,2089,1391,0,336
2790,2093,1390,0,335
2791,2089,1393,0,330
2799,2084,1404,0,351
2800,2082,1404,0,352
2801,2078,1400,0,356
2802,2067,1392,0,325
2803,2060,1388,0,329
2804,2053,1386,0,335
2805,2049,1382,0,337
2806,2042,1378,0,342
2807,2038,1380,0,346
2808,2036,1382,0,339
2809,2036,1385,0,331
2810,2034,1388,0,326
2811,2032,1388,0,330
2812,2028,1386,0,340
2813,2026,1384,0,330
2814,2019,1378,0,320
2815,2011,1377,0,316
2816,2001,1374,0,310
2817,2000,1377,0,299
2818,1997,1385,0,291
2819,2000,1389,0,277
2820,2006,1393,0,274
2821,2004,1394,0,277
2822,2004,1401,0,280
2823,2005,1398,0,285
2824,2005,1390,0,276
2825,2003,1387,0,269
2826,2004,1392,0,271
2827,2007,1397,0,281
2828,2006,1398,0,291
2829,2004,1396,0,292
2830,2003,1395,0,293
2831,2001,1393,0,294
2832,2006,1397,0,301
2833,2001,1396,0,306
2834,2004,1402,0,326
2835,1997,1402,0,336
2836,1997,1402,0,349
2837,1993,1399,0,355
2838,1988,1397,0,3
2839,1984,1397,0,6
2840,1983,1398,0,3
2841,1976,1395,0,10
2842,1974,1397,0,15
2843,1971,1397,0,13
2844,1963,1399,0,18
2845,1956,1403,0,21
2846,1946,1404,0,23
2847,1942,1407,0,24
2848,1939,1414,0,33
2849,1940,1419,0,31
2850,1943,1421,0,31
2851,1948,1428,0,36
2852,1946,1429,0,39
2853,1947,1424,0,53
2854,1944,1424,0,38
2855,1942,1421,0,27
2856,1945,1425,0,23
2857,1945,1434,0,30
2858,1948,1433,0,23
2859,1950,1437,0,27
2860,1950,1447,0,50
2861,1945,1453,0,53
2864,1986,1421,0,339
2865,1985,1420,0,342
2866,1985,1419,0,334
2867,1983,1420,0,337
2868,1990,1423,0,336
2869,1988,1424,0,334
2870,1983,1422,0,330
2871,1983,1422,0,328
2872,1985,1423,0,333
2873,1985,1424,0,329
2874,1985,1424,0,329
2875,1985,1423,0,328
2876,1985,1422,0,329
2877,1984,1421,0,341
2878,1984,1421,0,340
2879,1985,1422,0,338
2880,1984,1423,0,333
2881,1984,1422,0,330
2882,1984,1422,0,326
2883,1985,1423,0,326
2884,1987,1424,0,329
2885,1986,1425,0,329
2886,1987,1423,0,323
2887,1989,1425,0,332
2888,1988,1424,0,330
2889,1988,1423,0,330
2890,1987,1423,0,331
2891,1987,1423,0,331
2892,1987,1423,0,328
2893,1987,1423,0,326
2894,1988,1423,0,334
2895,1990,1425,0,335
2896,1988,1425,0,337
2897,1990,1425,0,339
2898,1992,1426,0,340
2899,1993,1426,0,343
2900,1995,1428,0,332
2901,1994,1428,0,327
2902,1995,1428,0,327
2903,1997,1430,0,334
2904,1996,1429,0,337
2905,1996,1429,0,336
2906,1993,1427,0,340
2907,1994,1426,0,345
2908,1996,1427,0,345
2909,1997,1427,0,337
2910,1994,1427,0,323
2911,1994,1428,0,318
2912,1996,1424,0,330
2913,1998,1423,0,335
2914,1996,1424,0,345
2915,1996,1424,0,344
2916,1999,1426,0,332
2917,1999,1425,0,337
2918,1995,1423,0,347
2919,1994,1425,0,352
2920,1993,1427,0,355
2921,1992,1429,0,357
2922,1990,1429,0,3
2923,1988,1431,0,358
2924,1989,1431,0,356
2925,1990,1430,0,354
2926,1988,1424,0,347
2927,1984,1427,0,335
2928,1981,1422,0,328
2929,1982,1419,0,328
2930,1984,1419,0,317
2931,1981,1423,0,327
2932,1984,1423,0,336
2933,1983,1424,0,337
2934,1984,1426,0,337
2935,1985,1424,0,349
2936,1983,1426,0,345
2937,1983,1427,0,347
2938,1982,1426,0,342
2939,1983,1427,0,343
2940,1984,1429,0,348
2941,1989,1429,0,355
2942,1989,1432,0,357
2943,1987,1434,0,353
2944,1988,1430,0,2
2945,1976,1437,0,354
2946,1971,1438,0,357
2947,1967,1437,0,354
2948,1965,1436,0,359
2949,1967,1431,0,6
2950,1970,1433,0,358
2951,1969,1437,0,4
2952,1964,1439,0,2
2953,1953,1441,0,349
2954,1950,1442,0,345
2955,1952,1445,0,340
2956,1949,1453,0,335
2957,1946,1457,0,324
2958,1946,1460,0,341
2959,1941,1460,0,353
2960,1936,1455,0,358
2961,1928,1451,0,2
2962,1929,1448,0,0
2963,1922,1455,0,2
2964,1916,1459,0,351
2965,1914,1458,0,353
2966,1902,1454,0,354
2967,1894,1455,0,353
2968,1889,1462,0,351
2969,1889,1470,0,350
2970,1889,1465,0,6
2971,1887,1469,0,12
2972,1885,1470,0,21
2973,1887,1469,0,2
2974,1882,1470,0,359
2975,1892,1468,0,8
2976,1889,1473,0,2
2977,1885,1477,0,11
2978,1882,1482,0,5
2979,1879,1485,0,355
2980,1879,1475,0,348
2981,1879,1479,0,334
2982,1879,1481,0,331
2983,1881,1482,0,329
2984,1881,1485,0,323
2985,1884,1476,0,316
2986,1888,1474,0,302
2987,1889,1477,0,293
2988,1894,1484,0,281
2989,1893,1483,0,273
2990,1896,1479,0,274
2991,1891,1475,0,275
2992,1888,1468,0,272
2993,1887,1466,0,263
2994,1889,1466,0,261
2995,1888,1467,0,263
2996,1888,1467,0,270
2997,1889,1467,0,277
2998,1891,1466,0,273
2999,1889,1462,0,269
