69,1868,1382,0,208
70,1875,1369,0,192
71,1878,1370,0,187
72,1872,1367,0,196
73,1876,1368,0,224
74,1872,1362,0,238
75,1869,1362,0,239
76,1869,1364,0,239
77,1870,1364,0,235
78,1871,1365,0,242
79,1872,1364,0,240
80,1868,1357,0,248
81,1871,1353,0,260
82,1864,1351,0,259
83,1858,1340,0,251
84,1855,1334,0,237
85,1856,1326,0,230
86,1858,1322,0,224
87,1861,1317,0,211
88,1859,1317,0,209
89,1860,1318,0,212
90,1870,1315,0,217
91,1875,1311,0,229
92,1877,1306,0,232
93,1879,1299,0,244
94,1879,1297,0,247
95,1886,1280,0,269
96,1886,1263,0,280
97,1887,1257,0,276
98,1887,1253,0,273
99,1884,1250,0,280
100,1883,1243,0,283
101,1882,1240,0,286
102,1880,1237,0,288
103,1876,1234,0,287
104,1877,1227,0,286
105,1876,1222,0,280
106,1876,1225,0,273
107,1874,1228,0,269
108,1873,1221,0,266
109,1872,1219,0,266
110,1875,1218,0,263
111,1873,1217,0,260
112,1873,1216,0,262
113,1873,1218,0,260
114,1874,1217,0,264
115,1873,1215,0,261
116,1874,1217,0,256
117,1869,1214,0,248
118,1867,1220,0,246
119,1871,1225,0,237
120,1866,1216,0,227
121,1865,1215,0,217
122,1865,1214,0,211
123,1870,1211,0,206
124,1869,1206,0,204
125,1875,1203,0,199
126,1880,1195,0,199
127,1880,1195,0,198
128,1876,1195,0,193
129,1877,1197,0,193
130,1875,1197,0,197
131,1875,1194,0,196
132,1874,1193,0,194
133,1879,1193,0,209
134,1878,1184,0,206
135,1881,1173,0,225
136,1885,1163,0,240
137,1891,1157,0,249
138,1897,1148,0,240
139,1899,1151,0,235
140,1900,1153,0,228
141,1905,1155,0,228
142,1905,1150,0,220
143,1907,1141,0,214
144,1914,1137,0,210
145,1921,1132,0,205
146,1929,1136,0,217
147,1949,1141,0,235
148,1955,1144,0,252
149,1960,1141,0,275
150,1959,1134,0,290
151,1955,1130,0,294
152,1954,1131,0,287
153,1954,1131,0,284
154,1954,1132,0,277
155,1953,1132,0,271
156,1953,1132,0,261
157,1953,1129,0,257
158,1955,1128,0,251
159,1963,1126,0,248
160,1963,1121,0,242
161,1964,1115,0,242
162,1963,1115,0,232
163,1963,1118,0,211
164,1964,1119,0,205
165,1960,1122,0,205
166,1958,1125,0,205
167,1960,1126,0,208
168,1964,1124,0,208
169,1969,1120,0,200
170,1973,1118,0,194
171,1978,1118,0,181
172,1979,1121,0,184
173,1977,1122,0,190
174,1976,1121,0,184
175,1977,1113,0,183
176,1977,1112,0,177
177,1976,1109,0,171
178,1977,1106,0,174
179,1979,1101,0,161
180,1982,1096,0,147
181,1987,1094,0,143
182,1984,1093,0,158
183,1988,1081,0,153
184,1987,1081,0,154
185,1986,1088,0,168
186,1985,1089,0,174
187,1984,1086,0,170
188,1983,1084,0,169
189,1983,1082,0,169
190,1982,1081,0,172
191,1986,1079,0,168
192,1988,1079,0,189
193,1992,1076,0,204
194,1997,1071,0,219
195,1994,1069,0,218
196,2001,1067,0,202
197,2014,1067,0,202
198,2018,1066,0,204
199,2009,1053,0,173
200,2010,1050,0,177
201,2012,1046,0,180
202,2016,1043,0,195
203,2017,1039,0,197
204,2018,1037,0,209
205,2019,1037,0,218
206,2020,1040,0,226
207,2019,1037,0,218
208,2018,1032,0,216
209,2020,1036,0,213
210,2019,1037,0,219
211,2018,1037,0,214
212,2017,1036,0,207
213,2020,1036,0,209
214,2021,1037,0,212
215,2020,1038,0,216
216,2021,1037,0,220
217,2020,1037,0,216
218,2020,1037,0,219
219,2020,1038,0,220
220,2020,1038,0,217
221,2020,1039,0,222
222,2019,1039,0,219
223,2020,1038,0,219
224,2020,1039,0,215
225,2019,1038,0,214
226,2019,1038,0,210
227,2019,1039,0,212
228,2019,1039,0,208
229,2018,1037,0,206
230,2018,1038,0,209
231,2017,1038,0,206
232,2017,1038,0,212
233,2017,1037,0,213
234,2017,1037,0,214
235,2017,1036,0,211
236,2016,1035,0,207
237,2015,1033,0,202
238,2014,1034,0,201
239,2013,1034,0,188
240,2010,1035,0,168
241,2010,1038,0,144
242,2013,1043,0,126
243,2015,1046,0,118
244,2011,1046,0,136
245,2010,1042,0,148
246,2009,1040,0,162
247,2008,1042,0,159
248,2009,1042,0,155
249,2009,1039,0,157
250,2010,1037,0,165
251,2011,1031,0,175
252,2012,1028,0,175
253,2016,1025,0,151
254,2015,1026,0,147
255,2009,1028,0,151
256,2009,1028,0,139
257,2008,1037,0,123
258,2011,1039,0,113
259,2010,1045,0,87
260,2003,1047,0,76
261,1995,1053,0,60
262,1993,1060,0,63
263,1986,1057,0,65
264,1984,1055,0,75
265,1977,1057,0,84
266,1971,1052,0,99
267,1975,1048,0,112
268,1980,1048,0,120
269,1979,1046,0,134
270,1980,1044,0,134
271,1980,1045,0,157
272,1981,1042,0,157
273,1988,1037,0,153
274,1993,1030,0,170
275,1993,1030,0,169
276,1992,1031,0,170
277,1992,1032,0,168
278,1993,1033,0,167
279,1993,1033,0,164
280,1994,1032,0,167
281,1994,1032,0,168
282,1994,1032,0,167
283,1995,1030,0,167
284,1996,1030,0,167
285,1997,1029,0,170
286,1997,1029,0,170
287,1997,1028,0,171
288,1997,1027,0,171
289,1996,1024,0,174
290,1994,1020,0,185
291,1996,1012,0,197
292,1998,1010,0,203
293,1999,1012,0,208
294,1999,1010,0,210
295,1999,1011,0,219
296,2000,1014,0,223
297,1997,1012,0,211
298,1995,1005,0,208
299,1994,1005,0,209
300,1992,1005,0,221
301,1992,1007,0,226
302,1989,1011,0,247
303,1984,1007,0,287
304,1979,1005,0,298
305,1970,1001,0,308
306,1966,998,0,310
307,1963,998,0,303
308,1959,1005,0,293
309,1965,1008,0,282
310,1967,1005,0,256
311,1972,1000,0,238
313,1986,997,0,225
314,1982,994,0,216
315,1984,993,0,223
316,1992,990,0,218
317,1997,977,0,214
318,2000,975,0,210
319,2010,978,0,200
320,2012,977,0,182
321,2016,978,0,167
322,2024,982,0,158
323,2028,984,0,168
324,2028,982,0,160
325,2027,983,0,147
326,2034,986,0,136
327,2041,993,0,141
328,2040,1000,0,151
329,2045,1004,0,141
330,2048,1006,0,140
331,2053,1013,0,135
332,2054,1022,0,129
333,2060,1023,0,141
334,2068,1030,0,154
335,2075,1037,0,158
336,2082,1039,0,164
337,2094,1037,0,152
338,2097,1038,0,148
339,2101,1041,0,141
340,2103,1044,0,137
341,2105,1047,0,128
342,2111,1052,0,133
343,2118,1053,0,133
344,2118,1056,0,136
345,2125,1055,0,150
346,2128,1056,0,149
347,2130,1057,0,145
348,2125,1060,0,129
349,2124,1064,0,122
350,2124,1064,0,134
351,2121,1065,0,128
352,2120,1058,0,147
353,2123,1059,0,157
354,2124,1056,0,159
355,2129,1062,0,149
356,2131,1068,0,162
357,2131,1064,0,165
358,2138,1067,0,158
359,2143,1068,0,157
360,2146,1068,0,153
361,2147,1070,0,153
362,2146,1070,0,166
363,2146,1065,0,184
364,2151,1064,0,198
365,2154,1063,0,187
366,2177,1068,0,189
367,2183,1055,0,184
368,2198,1055,0,181
369,2200,1056,0,176
370,2197,1056,0,177
371,2196,1056,0,165
372,2197,1057,0,146
373,2206,1061,0,129
374,2215,1065,0,116
375,2222,1076,0,111
376,2227,1088,0,102
377,2233,1100,0,116
378,2239,1105,0,129
379,2241,1108,0,126
380,2241,1108,0,127
381,2248,1114,0,120
382,2253,1114,0,135
383,2258,1111,0,127
384,2275,1113,0,146
385,2280,1119,0,144
386,2291,1125,0,156
387,2300,1126,0,159
388,2310,1132,0,156
389,2315,1132,0,166
390,2322,1128,0,184
391,2336,1124,0,189
392,2342,1126,0,183
393,2347,1123,0,169
394,2348,1122,0,153
395,2343,1121,0,114
396,2341,1125,0,100
397,2337,1131,0,80
398,2343,1136,0,77
399,2344,1139,0,89
400,2348,1150,0,109
401,2360,1159,0,112
402,2359,1164,0,96
403,2361,1171,0,89
404,2360,1180,0,74
405,2359,1196,0,83
406,2357,1199,0,80
407,2355,1198,0,84
408,2355,1197,0,74
409,2353,1199,0,44
410,2350,1202,0,57
411,2348,1203,0,62
412,2347,1200,0,67
413,2344,1205,0,66
414,2347,1213,0,83
415,2343,1219,0,88
416,2344,1226,0,91
417,2343,1238,0,80
418,2339,1250,0,77
419,2335,1254,0,78
420,2334,1262,0,80
421,2332,1267,0,65
422,2328,1269,0,76
423,2325,1279,0,77
424,2323,1282,0,74
425,2320,1287,0,85
426,2321,1290,0,91
427,2325,1290,0,100
428,2326,1287,0,126
429,2323,1280,0,133
430,2319,1275,0,135
431,2320,1271,0,159
432,2318,1272,0,176
433,2320,1269,0,170
434,2321,1263,0,178
435,2322,1259,0,190
436,2325,1253,0,197
437,2336,1242,0,215
438,2337,1244,0,218
439,2351,1238,0,216
440,2359,1238,0,204
441,2367,1239,0,196
442,2376,1240,0,173
443,2380,1241,0,170
444,2383,1241,0,167
445,2392,1240,0,173
446,2396,1239,0,190
447,2398,1240,0,193
448,2404,1242,0,200
449,2405,1245,0,196
450,2406,1244,0,189
451,2414,1243,0,184
452,2413,1248,0,191
453,2418,1246,0,182
454,2418,1244,0,186
455,2417,1235,0,208
456,2421,1242,0,182
457,2420,1242,0,201
458,2420,1244,0,195
459,2414,1243,0,186
460,2410,1240,0,176
461,2403,1241,0,165
462,2401,1246,0,169
463,2403,1243,0,189
464,2412,1245,0,183
465,2421,1239,0,196
467,2444,1230,0,208
468,2458,1224,0,212
469,2464,1220,0,198
470,2462,1220,0,190
471,2461,1222,0,197
472,2463,1223,0,190
473,2470,1224,0,194
500,2336,909,0,207
516,2342,913,0,189
536,2429,1060,0,314
537,2429,1054,0,305
538,2423,1042,0,291
539,2415,1030,0,306
540,2404,1018,0,309
541,2404,1018,0,312
542,2397,1015,0,331
543,2388,1009,0,331
544,2381,1004,0,329
545,2384,1007,0,330
546,2393,1012,0,358
547,2396,1017,0,354
548,2396,1016,0,349
549,2400,1014,0,352
550,2408,1011,0,355
551,2401,1003,0,15
552,2395,1005,0,18
553,2389,1002,0,30
554,2379,999,0,26
555,2375,999,0,28
556,2371,1001,0,22
557,2367,1002,0,14
558,2362,996,0,8
559,2358,998,0,8
560,2355,999,0,14
561,2356,1000,0,12
562,2358,1000,0,11
563,2358,1003,0,8
564,2358,1007,0,2
565,2358,1010,0,5
566,2357,1014,0,358
567,2354,1010,0,2
568,2351,1010,0,0
569,2351,1010,0,1
570,2350,1010,0,4
571,2351,1011,0,358
572,2352,1012,0,0
573,2353,1012,0,4
574,2352,1013,0,9
575,2351,1013,0,4
576,2350,1013,0,8
577,2351,1014,0,6
578,2352,1013,0,14
579,2355,1014,0,10
580,2353,1011,0,11
581,2352,1011,0,12
582,2353,1013,0,15
583,2353,1012,0,17
584,2350,1011,0,18
585,2344,1012,0,14
586,2344,1009,0,10
587,2349,1010,0,16
588,2347,1010,0,19
589,2346,1011,0,20
590,2344,1012,0,24
591,2342,1013,0,27
592,2338,1009,0,22
593,2336,1005,0,18
594,2336,1005,0,17
595,2334,1003,0,19
596,2334,1003,0,17
597,2332,1004,0,14
598,2330,1006,0,15
599,2329,1009,0,12
600,2324,1011,0,18
601,2322,1007,0,21
602,2318,1007,0,23
603,2313,1008,0,27
604,2312,1009,0,23
605,2311,1010,0,23
606,2302,1016,0,28
607,2297,1018,0,32
608,2296,1018,0,26
609,2294,1021,0,20
610,2295,1023,0,8
611,2291,1024,0,6
612,2284,1023,0,358
613,2279,1020,0,8
614,2271,1019,0,6
615,2271,1022,0,3
616,2280,1019,0,2
617,2280,1018,0,4
618,2281,1020,0,4
619,2280,1018,0,3
620,2281,1018,0,4
621,2282,1018,0,2
622,2283,1019,0,0
623,2284,1019,0,2
624,2284,1020,0,3
625,2284,1021,0,6
626,2284,1023,0,4
627,2283,1026,0,358
628,2282,1026,0,359
629,2282,1024,0,1
630,2281,1024,0,2
631,2283,1025,0,5
632,2282,1027,0,0
633,2281,1028,0,355
634,2282,1026,0,358
635,2284,1030,0,346
636,2283,1030,0,351
637,2282,1029,0,348
638,2283,1027,0,348
639,2284,1028,0,349
640,2284,1025,0,347
641,2284,1024,0,349
642,2284,1023,0,347
643,2285,1021,0,350
644,2285,1022,0,348
645,2284,1021,0,346
646,2282,1020,0,350
647,2281,1023,0,343
648,2281,1025,0,344
649,2281,1025,0,348
650,2285,1025,0,349
651,2283,1027,0,349
652,2282,1028,0,353
653,2284,1030,0,355
654,2283,1030,0,359
655,2283,1035,0,349
656,2282,1036,0,346
657,2281,1036,0,345
658,2281,1034,0,349
659,2283,1033,0,353
660,2283,1033,0,356
661,2281,1034,0,350
662,2280,1030,0,358
663,2277,1032,0,351
664,2275,1031,0,349
665,2274,1029,0,343
666,2269,1024,0,344
667,2267,1020,0,340
668,2260,1017,0,332
669,2259,1017,0,314
670,2255,1017,0,313
671,2254,1018,0,314
672,2257,1016,0,315
673,2257,1016,0,322
674,2254,1023,0,328
675,2247,1022,0,332
676,2242,1022,0,335
677,2239,1024,0,330
678,2237,1025,0,330
679,2237,1025,0,342
680,2230,1021,0,338
681,2230,1020,0,344
682,2226,1018,0,358
683,2225,1023,0,5
684,2221,1025,0,11
685,2221,1028,0,10
686,2218,1030,0,4
687,2225,1035,0,354
688,2229,1036,0,350
689,2231,1039,0,348
690,2231,1040,0,345
691,2228,1042,0,345
692,2227,1039,0,348
693,2227,1038,0,348
694,2226,1040,0,343
695,2227,1039,0,345
696,2226,1039,0,328
697,2221,1034,0,326
698,2219,1027,0,325
699,2217,1028,0,333
700,2209,1027,0,337
701,2200,1026,0,342
702,2198,1023,0,336
703,2194,1018,0,333
704,2193,1013,0,319
705,2187,1013,0,303
706,2183,1003,0,309
707,2181,1002,0,315
708,2176,998,0,311
709,2176,997,0,306
710,2172,996,0,303
711,2169,991,0,312
712,2162,987,0,311
713,2158,987,0,307
714,2160,986,0,306
715,2164,986,0,305
716,2163,985,0,305
717,2162,984,0,306
718,2161,984,0,307
719,2161,984,0,313
720,2161,984,0,320
721,2162,985,0,321
722,2162,984,0,321
723,2162,981,0,313
724,2161,981,0,313
725,2160,982,0,315
726,2163,985,0,301
727,2161,988,0,301
728,2160,987,0,293
729,2159,987,0,300
730,2158,988,0,291
731,2159,987,0,289
732,2158,984,0,288
733,2155,982,0,275
734,2155,984,0,280
735,2157,982,0,281
736,2157,984,0,276
737,2161,985,0,273
738,2162,983,0,272
739,2163,979,0,275
740,2164,982,0,276
741,2163,984,0,275
742,2168,986,0,268
743,2173,985,0,267
744,2174,983,0,267
745,2172,982,0,270
746,2173,983,0,260
747,2172,982,0,260
748,2173,979,0,268
749,2175,977,0,252
750,2177,974,0,261
751,2182,971,0,247
752,2183,971,0,242
753,2188,968,0,235
754,2194,963,0,241
755,2200,962,0,255
756,2207,965,0,238
757,2209,967,0,225
758,2215,962,0,215
759,2219,961,0,215
760,2225,962,0,205
761,2234,963,0,203
762,2235,962,0,205
763,2247,958,0,206
764,2255,961,0,221
765,2256,960,0,222
766,2258,962,0,221
767,2262,964,0,216
768,2270,964,0,222
769,2271,963,0,207
770,2274,963,0,185
771,2277,963,0,179
772,2281,962,0,178
773,2286,964,0,174
774,2291,967,0,178
775,2293,970,0,169
776,2292,975,0,141
777,2298,978,0,129
778,2305,982,0,150
779,2307,988,0,166
780,2318,993,0,170
781,2321,989,0,173
782,2322,989,0,177
783,2323,999,0,170
784,2326,996,0,170
785,2327,998,0,171
786,2330,996,0,199
787,2332,995,0,203
788,2334,993,0,192
789,2343,994,0,187
790,2344,996,0,187
791,2347,995,0,197
792,2359,996,0,225
793,2359,995,0,223
794,2357,997,0,228
795,2357,996,0,224
796,2357,996,0,222
797,2360,996,0,229
798,2363,994,0,243
799,2364,998,0,240
800,2364,999,0,238
801,2364,1000,0,242
802,2365,999,0,246
803,2368,997,0,252
804,2370,1001,0,257
805,2373,1003,0,263
806,2376,1000,0,264
807,2376,1000,0,263
808,2377,998,0,265
809,2377,994,0,270
810,2375,993,0,263
811,2377,991,0,266
812,2388,977,0,290
813,2386,977,0,284
814,2384,974,0,288
815,2386,973,0,311
816,2384,972,0,310
817,2381,961,0,291
818,2379,956,0,298
819,2372,952,0,308
820,2367,947,0,318
821,2364,940,0,321
822,2359,938,0,322
823,2354,934,0,323
824,2352,929,0,334
825,2351,928,0,326
826,2353,926,0,320
827,2353,925,0,321
828,2350,922,0,314
829,2347,916,0,308
830,2345,909,0,307
831,2339,903,0,312
832,2338,895,0,311
833,2334,892,0,305
834,2334,893,0,312
835,2335,894,0,330
836,2331,894,0,335
837,2327,894,0,329
838,2325,893,0,326
839,2319,888,0,334
840,2313,880,0,341
841,2314,876,0,344
842,2313,876,0,345
843,2309,874,0,349
844,2305,875,0,352
845,2301,878,0,2
846,2295,880,0,5
847,2291,883,0,7
848,2285,881,0,3
849,2283,879,0,3
850,2285,878,0,0
851,2286,877,0,0
852,2291,879,0,357
853,2292,882,0,356
854,2290,881,0,359
855,2290,880,0,0
856,2290,881,0,1
857,2290,883,0,3
858,2290,882,0,2
859,2290,882,0,2
860,2291,883,0,2
861,2290,883,0,2
862,2291,882,0,359
863,2291,881,0,359
864,2290,882,0,1
865,2288,883,0,2
866,2289,882,0,0
867,2289,882,0,358
868,2289,884,0,0
869,2289,883,0,1
870,2289,883,0,1
871,2288,884,0,5
872,2288,884,0,6
873,2290,885,0,0
874,2290,885,0,0
875,2289,884,0,356
876,2287,882,0,359
877,2286,882,0,358
878,2288,883,0,355
879,2288,882,0,353
880,2289,885,0,356
881,2289,886,0,1
882,2290,889,0,8
883,2291,889,0,7
884,2292,890,0,6
885,2291,890,0,4
886,2290,889,0,2
887,2289,887,0,5
888,2288,887,0,6
889,2289,885,0,0
890,2293,881,0,10
891,2293,878,0,16
892,2292,880,0,355
893,2292,877,0,353
894,2293,878,0,351
895,2292,877,0,352
896,2291,877,0,351
897,2291,877,0,351
898,2291,878,0,350
899,2291,879,0,352
900,2291,879,0,353
901,2291,877,0,351
902,2291,878,0,346
903,2291,882,0,347
904,2293,883,0,350
905,2292,882,0,348
906,2292,883,0,347
907,2291,883,0,345
908,2292,882,0,348
909,2292,884,0,348
910,2292,884,0,347
911,2293,884,0,346
912,2292,884,0,346
913,2293,886,0,337
914,2291,887,0,340
915,2292,882,0,344
916,2293,882,0,343
917,2295,885,0,342
918,2296,891,0,343
919,2298,887,0,340
920,2297,890,0,344
921,2297,891,0,347
922,2298,891,0,350
923,2296,892,0,351
924,2297,891,0,352
925,2297,892,0,354
926,2296,891,0,354
927,2296,891,0,353
928,2295,888,0,357
929,2293,890,0,349
930,2294,888,0,347
931,2294,889,0,349
932,2294,887,0,349
933,2296,886,0,349
934,2295,886,0,350
935,2293,887,0,347
936,2293,888,0,347
937,2294,889,0,347
938,2295,887,0,351
939,2294,889,0,353
940,2292,891,0,350
941,2291,892,0,347
942,2293,894,0,345
943,2292,891,0,348
944,2292,890,0,352
945,2292,891,0,353
946,2292,891,0,352
947,2293,892,0,346
948,2293,891,0,349
949,2292,891,0,348
950,2292,890,0,349
951,2292,889,0,351
952,2292,889,0,350
953,2292,889,0,352
954,2292,889,0,351
955,2292,890,0,343
956,2292,890,0,342
957,2293,887,0,345
958,2292,886,0,346
959,2292,885,0,345
960,2291,890,0,347
961,2291,890,0,341
962,2292,889,0,339
963,2291,889,0,339
964,2291,887,0,340
965,2291,887,0,338
966,2291,886,0,340
967,2292,884,0,346
968,2294,884,0,349
969,2293,885,0,347
970,2294,885,0,349
971,2294,887,0,348
972,2293,887,0,349
973,2292,888,0,350
974,2292,888,0,349
975,2292,889,0,346
976,2292,890,0,347
977,2291,890,0,344
978,2291,890,0,342
979,2291,891,0,344
980,2293,888,0,351
981,2294,888,0,349
982,2293,890,0,347
983,2293,891,0,348
984,2292,891,0,347
985,2292,890,0,344
986,2292,889,0,348
987,2293,890,0,347
988,2292,890,0,345
989,2291,890,0,342
990,2293,888,0,348
991,2294,890,0,348
992,2293,892,0,342
993,2295,890,0,344
994,2295,890,0,343
995,2295,890,0,343
996,2294,889,0,343
997,2293,892,0,337
998,2294,895,0,338
999,2294,896,0,337
1000,2294,896,0,339
1001,2293,897,0,336
1002,2294,893,0,352
1003,2295,890,0,353
1004,2294,890,0,348
1005,2293,890,0,347
1006,2293,890,0,348
1007,2292,891,0,346
1008,2292,888,0,345
1009,2292,886,0,350
1010,2293,888,0,352
1011,2293,890,0,357
1012,2293,890,0,352
1013,2293,893,0,348
1014,2294,895,0,347
1015,2294,893,0,346
1016,2294,893,0,346
1017,2293,894,0,343
1018,2294,895,0,348
1019,2294,893,0,349
1020,2293,892,0,347
1021,2294,890,0,349
1022,2293,891,0,349
1023,2295,894,0,350
1024,2294,894,0,350
1025,2294,896,0,350
1026,2294,896,0,351
1027,2295,897,0,351
1028,2294,897,0,349
1029,2294,896,0,349
1030,2293,898,0,350
1031,2293,898,0,350
1032,2293,897,0,357
1033,2293,901,0,353
1034,2294,900,0,354
1035,2295,903,0,354
1036,2293,905,0,353
1037,2293,904,0,355
1038,2296,904,0,359
1039,2295,903,0,359
1040,2295,901,0,1
1041,2295,899,0,0
1042,2296,897,0,1
1043,2296,894,0,2
1044,2295,890,0,357
1045,2295,887,0,357
1046,2294,885,0,355
1047,2296,886,0,356
1048,2296,884,0,357
1049,2296,882,0,354
1050,2296,882,0,352
1051,2295,880,0,348
1052,2294,879,0,354
1053,2295,877,0,350
1054,2295,877,0,350
1055,2293,879,0,344
1056,2292,879,0,345
1057,2293,879,0,349
1058,2293,880,0,346
1059,2292,878,0,348
1060,2292,878,0,347
1061,2294,880,0,348
1062,2297,876,0,353
1063,2293,876,0,355
1064,2292,877,0,351
1065,2294,879,0,350
1066,2295,879,0,350
1067,2295,879,0,351
1068,2297,878,0,342
1069,2293,875,0,326
1070,2295,874,0,328
1073,2304,873,0,334
1074,2304,876,0,328
1075,2303,875,0,339
1076,2303,874,0,341
1077,2305,873,0,343
1078,2307,874,0,337
1079,2306,877,0,332
1080,2306,875,0,339
1081,2307,873,0,350
1082,2306,876,0,344
1083,2304,877,0,338
1084,2305,874,0,339
1085,2306,874,0,345
1086,2306,875,0,344
1087,2305,881,0,330
1088,2306,880,0,337
1089,2307,881,0,330
1090,2307,882,0,337
1091,2307,883,0,331
1092,2307,882,0,336
1093,2305,883,0,336
1094,2302,883,0,342
1095,2303,884,0,339
1096,2304,883,0,337
1097,2304,883,0,336
1098,2302,883,0,338
1099,2301,884,0,340
1100,2302,886,0,336
1101,2301,886,0,334
1102,2301,886,0,340
1103,2301,887,0,336
1104,2301,887,0,331
1105,2304,888,0,333
1106,2302,887,0,337
1107,2302,887,0,339
1108,2301,887,0,338
1109,2300,887,0,336
1110,2299,887,0,334
1111,2301,887,0,336
1112,2302,887,0,333
1113,2302,886,0,338
1114,2300,886,0,340
1115,2297,888,0,336
1116,2307,888,0,344
1117,2307,887,0,331
1118,2307,881,0,332
1119,2307,876,0,328
1121,2308,873,0,332
1125,2315,866,0,320
1128,2315,887,0,330
1130,2315,888,0,331
1131,2315,888,0,332
1132,2292,879,1,339
1134,2313,891,0,335
1135,2312,891,0,330
1136,2314,890,0,339
1137,2316,887,0,358
1139,2317,888,0,355
1140,2315,888,0,352
1156,2290,878,1,8
1157,2289,879,1,3
1187,2295,880,1,7
1188,2315,885,0,342
1189,2301,880,1,5
1192,2315,892,0,344
1193,2313,893,0,337
1194,2314,892,0,344
1195,2311,893,0,336
1196,2312,893,0,343
1197,2311,894,0,344
1198,2312,892,0,345
1199,2310,894,0,342
1201,2313,888,0,345
1203,2315,880,0,346
1212,2110,834,1,22
1226,2315,882,0,353
1227,2315,882,0,353
1251,2291,878,1,332
1257,2295,879,1,356
1258,2294,879,1,346
1259,2292,878,1,357
1260,2292,879,1,8
1296,2295,879,1,26
1308,2294,878,1,45
1309,2293,878,1,40
1318,2241,844,1,347
1323,2242,847,1,341
1327,2312,892,0,344
1328,2312,893,0,342
1329,2312,893,0,341
1341,2261,792,1,111
1353,2092,689,1,80
1354,2093,689,1,90
1355,2093,690,1,280
1383,2046,575,1,318
1391,1902,543,1,30
1392,1901,542,1,23
1393,1902,542,1,13
1439,2007,711,1,0
1442,2009,706,1,343
1443,2008,706,1,339
1478,1853,450,0,6
1507,1855,456,0,351
1510,1857,456,0,357
1511,1858,456,0,354
1512,1857,455,0,357
1513,1856,456,0,357
1514,1855,456,0,355
1515,1856,455,0,1
1516,1856,456,0,359
1518,1826,418,1,292
1519,1826,417,1,301
1520,1826,418,1,305
1542,1925,603,1,5
1553,1984,716,0,177
1559,1986,717,0,182
1560,1986,717,0,178
1565,1984,718,0,170
1566,1985,719,0,173
1567,1986,721,0,175
1578,1878,637,1,93
1604,1850,448,0,76
1632,1932,666,1,331
1635,1933,664,1,319
1647,1985,712,0,193
1649,1984,715,0,180
1650,1985,715,0,180
1653,1983,715,0,171
1663,2098,796,0,160
1664,2097,798,0,170
1685,2109,804,1,354
1686,2110,806,1,13
1689,2109,805,1,340
1708,2391,937,0,180
1710,2390,936,0,141
1717,2395,941,0,102
1724,2375,970,1,0
1769,2185,955,1,7
1777,2244,1103,1,350
1855,2190,1056,0,15
1856,2190,1058,1,29
1880,2185,962,0,185
1894,2239,846,0,175
1903,2216,840,0,45
1904,2216,839,0,48
1905,2216,840,0,19
1906,2216,839,0,36
1926,2317,882,0,321
1928,2321,884,0,332
1929,2312,881,0,339
1930,2303,875,0,342
1931,2298,873,0,337
1932,2290,873,0,348
1933,2283,875,0,354
1934,2278,872,0,353
1935,2271,874,0,359
1936,2258,872,0,3
1937,2250,872,0,352
1938,2235,869,0,338
1939,2220,864,0,336
1940,2212,854,0,329
1941,2203,852,0,328
1942,2198,850,0,334
1943,2185,845,0,350
1944,2178,846,0,353
1945,2172,854,0,2
1946,2162,847,0,359
1947,2153,849,0,2
1948,2150,853,0,4
1949,2143,851,0,353
1950,2139,843,0,321
1951,2138,841,0,329
1952,2133,843,0,331
1953,2126,846,0,326
1954,2118,838,0,333
1955,2112,835,0,337
1956,2099,828,0,337
1957,2091,825,0,344
1958,2078,820,0,334
1959,2073,819,0,335
1960,2066,811,0,337
1961,2058,810,0,339
1962,2051,806,0,335
1963,2045,804,0,340
1964,2038,804,0,339
1965,2035,801,0,336
1966,2034,797,0,337
1967,2027,800,0,338
1968,2028,803,0,346
1969,2030,803,0,345
1970,2031,801,0,345
1971,2031,802,0,342
1972,2031,800,0,334
1973,2031,800,0,331
1974,2028,799,0,334
1975,2021,795,0,340
1976,2020,790,0,341
1977,2015,789,0,342
1978,2011,785,0,338
1979,2003,782,0,337
1980,2002,778,0,328
1981,2000,779,0,328
1982,1997,783,0,327
1983,1996,784,0,332
1984,1996,783,0,341
1985,1997,783,0,343
1986,1996,780,0,341
1987,1996,780,0,341
1988,1999,781,0,338
1989,2002,789,0,345
1990,2003,788,0,338
1991,2006,788,0,344
1992,2006,785,0,352
1993,2002,785,0,358
1994,1997,788,0,359
1995,1998,783,0,0
1996,2000,787,0,344
1997,2004,779,0,345
1998,2001,784,0,339
1999,2001,788,0,347
2000,2001,791,0,344
2001,2004,786,0,328
2002,2002,785,0,329
2003,2000,781,0,331
2004,1996,780,0,321
2005,1991,786,0,319
2006,1989,778,0,332
2007,1984,777,0,340
2008,1983,775,0,347
2009,1985,776,0,345
2010,1987,777,0,349
2011,1984,778,0,354
2012,1984,779,0,352
2013,1988,777,0,347
2014,1990,774,0,322
2015,1990,773,0,332
2016,1989,773,0,325
2017,1986,769,0,327
2018,1984,766,0,330
2019,1982,758,0,323
2020,1983,750,0,308
2021,1985,741,0,290
2022,1984,738,0,285
2023,1981,732,0,275
2024,1975,728,0,282
2025,1974,720,0,288
2026,1974,711,0,288
2027,1975,712,0,271
2028,1974,708,0,271
2029,1974,705,0,269
2030,1975,708,0,278
2031,1967,704,0,293
2032,1964,707,0,303
2033,1957,704,0,315
2034,1955,696,0,313
2035,1954,689,0,306
2036,1950,688,0,309
2037,1944,686,0,307
2038,1943,680,0,310
2039,1940,674,0,299
2040,1937,671,0,309
2041,1932,667,0,311
2042,1930,664,0,314
2043,1926,658,0,310
2044,1923,651,0,302
2045,1920,649,0,307
2046,1921,650,0,310
2047,1920,649,0,310
2048,1917,644,0,315
2049,1911,635,0,316
2050,1909,632,0,313
2051,1902,632,0,314
2052,1897,631,0,328
2053,1892,629,0,338
2054,1887,625,0,341
2055,1878,620,0,325
2056,1874,619,0,341
2057,1868,619,0,337
2058,1863,616,0,338
2059,1860,612,0,336
2060,1856,611,0,344
2061,1848,614,0,350
2062,1849,611,0,340
2063,1848,610,0,343
2064,1847,610,0,343
2065,1845,610,0,338
2066,1842,609,0,332
2067,1843,605,0,329
2068,1842,606,0,334
2069,1843,606,0,335
2070,1843,604,0,333
2071,1842,604,0,333
2072,1842,605,0,335
2073,1844,605,0,339
2074,1843,604,0,338
2075,1839,604,0,325
2076,1835,602,0,325
2077,1834,597,0,332
2078,1834,594,0,331
2079,1832,592,0,320
2080,1826,593,0,311
2081,1827,591,0,310
2082,1826,590,0,317
2083,1829,588,0,288
2084,1831,589,0,320
2085,1828,589,0,326
2086,1827,591,0,346
2087,1825,587,0,326
2088,1815,589,0,308
2089,1814,592,0,315
2090,1813,590,0,304
2091,1821,590,0,313
2092,1823,593,0,310
2093,1827,598,0,309
2094,1830,599,0,313
2095,1833,599,0,312
2096,1837,601,0,318
2097,1837,603,0,317
2098,1835,606,0,326
2099,1831,606,0,324
2100,1835,607,0,325
2101,1836,607,0,328
2102,1834,608,0,340
2103,1832,609,0,331
2104,1828,610,0,331
2105,1819,607,0,337
2106,1815,605,0,332
2107,1810,604,0,325
2108,1801,596,0,336
2109,1788,592,0,341
2110,1778,589,0,345
2111,1771,586,0,339
2112,1767,585,0,337
2113,1760,584,0,337
2114,1756,580,0,339
2115,1753,581,0,333
2116,1754,582,0,327
2117,1749,578,0,325
2118,1746,570,0,319
2119,1741,568,0,325
2120,1736,567,0,323
2121,1735,567,0,329
2122,1734,566,0,325
2123,1734,567,0,318
2124,1734,566,0,329
2125,1736,567,0,337
2126,1731,567,0,341
2127,1719,567,0,342
2128,1712,565,0,353
2129,1709,566,0,357
2130,1705,568,0,358
2131,1699,568,0,4
2132,1691,569,0,6
2133,1687,567,0,9
2134,1687,571,0,1
2135,1689,569,0,3
2136,1685,571,0,9
2137,1684,573,0,10
2138,1679,581,0,353
2139,1677,577,0,357
2140,1676,577,0,6
2141,1677,572,0,13
2142,1680,569,0,5
2143,1680,571,0,1
2144,1677,572,0,12
2145,1674,575,0,12
2146,1673,582,0,2
2147,1676,575,0,12
2148,1674,575,0,23
2149,1669,580,0,29
2150,1665,582,0,23
2151,1657,583,0,18
2152,1656,586,0,28
2153,1653,586,0,33
2154,1650,588,0,26
2155,1647,590,0,24
2156,1651,590,0,26
2157,1651,587,0,25
2158,1651,588,0,22
2159,1650,590,0,22
2160,1650,590,0,23
2161,1648,590,0,15
2162,1647,592,0,12
2163,1647,593,0,3
2164,1645,594,0,0
2165,1641,595,0,1
2166,1636,597,0,357
2167,1636,594,0,358
2168,1634,595,0,353
2169,1636,596,0,352
2170,1638,598,0,350
2171,1639,596,0,348
2172,1640,596,0,343
2173,1638,595,0,342
2174,1638,595,0,344
2175,1634,596,0,340
2176,1635,597,0,344
2177,1636,595,0,346
2178,1640,596,0,348
2179,1641,596,0,352
2180,1645,599,0,350
2181,1644,602,0,347
2182,1645,604,0,348
2183,1647,605,0,352
2184,1648,605,0,353
2185,1648,606,0,350
2186,1649,606,0,354
2187,1648,606,0,358
2188,1646,607,0,357
2189,1646,606,0,352
2190,1649,599,0,0
2191,1648,601,0,358
2192,1645,601,0,358
2193,1643,600,0,356
2194,1641,599,0,357
2195,1639,597,0,359
2196,1634,596,0,358
2197,1631,605,0,359
2198,1632,601,0,4
2199,1631,602,0,6
2200,1631,602,0,15
2201,1627,606,0,19
2202,1623,612,0,24
2203,1616,614,0,35
2204,1612,617,0,45
2205,1610,620,0,56
2206,1612,622,0,64
2207,1615,620,0,66
2208,1614,619,0,58
2209,1613,622,0,60
2210,1612,622,0,58
2211,1608,627,0,53
2212,1605,630,0,51
2213,1600,629,0,60
2214,1601,631,0,48
2215,1601,632,0,46
2216,1596,632,0,54
2217,1595,630,0,61
2218,1594,631,0,57
2219,1595,632,0,55
2220,1590,634,0,56
2221,1590,636,0,58
2222,1590,640,0,52
2223,1587,643,0,54
2224,1586,643,0,58
2225,1587,642,0,61
2226,1588,642,0,58
2227,1587,643,0,56
2228,1587,643,0,54
2229,1586,648,0,57
2230,1587,656,0,49
2231,1586,657,0,48
2232,1584,659,0,51
2233,1582,659,0,53
2234,1581,661,0,60
2235,1580,661,0,62
2236,1580,661,0,61
2237,1579,660,0,63
2238,1577,659,0,68
2239,1576,663,0,64
2240,1575,664,0,61
2241,1575,667,0,62
2242,1578,664,0,65
2243,1582,664,0,65
2244,1586,666,0,61
2245,1585,669,0,63
2246,1584,668,0,65
2247,1584,669,0,69
2248,1584,672,0,70
2249,1584,672,0,59
2250,1585,666,0,51
2251,1583,666,0,57
2252,1583,666,0,58
2253,1583,665,0,56
2254,1583,666,0,55
2255,1582,666,0,55
2256,1582,664,0,57
2257,1581,662,0,58
2258,1582,663,0,54
2259,1583,663,0,57
2260,1582,663,0,59
2261,1583,661,0,58
2262,1583,660,0,58
2263,1582,661,0,56
2264,1583,662,0,56
2265,1585,662,0,57
2266,1584,661,0,58
2267,1583,660,0,54
2268,1583,662,0,60
2269,1581,663,0,58
2270,1582,663,0,61
2271,1581,663,0,62
2272,1580,663,0,62
2273,1581,664,0,58
2274,1580,663,0,58
2275,1581,663,0,62
2276,1580,662,0,61
2277,1581,663,0,61
2278,1581,662,0,58
2279,1581,662,0,60
2280,1581,663,0,58
2281,1581,663,0,60
2282,1582,664,0,59
2283,1581,663,0,59
2284,1582,664,0,59
2285,1582,664,0,57
2286,1581,661,0,61
2287,1580,661,0,63
2288,1581,662,0,63
2289,1581,662,0,62
2290,1581,661,0,59
2291,1582,661,0,63
2292,1582,659,0,66
2293,1582,659,0,66
2294,1583,661,0,65
2295,1584,661,0,61
2296,1585,661,0,56
2297,1584,663,0,59
2298,1584,664,0,59
2299,1582,664,0,60
2300,1583,663,0,59
2301,1582,663,0,58
2302,1583,663,0,60
2303,1584,664,0,58
2304,1583,664,0,59
2305,1584,661,0,57
2306,1585,658,0,62
2307,1585,659,0,62
2308,1584,661,0,61
2309,1584,661,0,61
2310,1584,661,0,59
2311,1585,661,0,58
2312,1584,661,0,59
2313,1584,662,0,59
2314,1582,664,0,60
2315,1582,664,0,61
2316,1581,664,0,59
2317,1581,664,0,62
2318,1580,664,0,64
2319,1579,664,0,62
2320,1578,663,0,64
2321,1578,663,0,64
2322,1578,663,0,63
2323,1578,663,0,63
2324,1578,663,0,64
2325,1578,662,0,66
2326,1578,662,0,65
2327,1580,662,0,61
2328,1578,662,0,65
2329,1577,662,0,66
2330,1577,663,0,64
2331,1577,664,0,65
2332,1576,666,0,68
2333,1576,665,0,67
2334,1575,665,0,68
2335,1574,667,0,69
2337,1574,667,0,69
2338,1575,667,0,69
2339,1575,667,0,68
2341,1577,665,0,70
2342,1578,662,0,69
2343,1580,662,0,65
2344,1581,662,0,64
2345,1582,662,0,64
2346,1582,663,0,64
2347,1582,664,0,65
2348,1581,664,0,61
2349,1582,664,0,64
2350,1582,665,0,62
2351,1583,666,0,61
2352,1586,664,0,59
2353,1585,666,0,56
2354,1585,666,0,60
2355,1582,667,0,63
2356,1583,667,0,63
2357,1581,667,0,64
2358,1582,667,0,66
2359,1583,666,0,59
2360,1581,666,0,63
2361,1580,667,0,63
2362,1580,665,0,60
2363,1581,665,0,57
2364,1580,664,0,59
2365,1578,665,0,60
2366,1579,664,0,61
2367,1578,665,0,62
2368,1582,665,0,57
2369,1582,666,0,61
2370,1583,668,0,64
2371,1584,665,0,62
2372,1584,666,0,62
2373,1584,665,0,68
2374,1586,664,0,72
2375,1589,664,0,77
2376,1591,664,0,81
2377,1590,663,0,84
2378,1589,661,0,77
2379,1589,661,0,69
2380,1589,660,0,59
2381,1590,661,0,56
2382,1590,659,0,60
2383,1590,657,0,60
2384,1592,659,0,57
2385,1592,661,0,61
2386,1589,662,0,63
2387,1591,664,0,56
2388,1590,665,0,56
2389,1590,667,0,56
2390,1589,667,0,53
2391,1590,669,0,54
2392,1590,669,0,54
2393,1589,669,0,56
2394,1587,668,0,49
2395,1587,670,0,49
2396,1586,669,0,50
2397,1586,670,0,46
2398,1587,669,0,47
2399,1587,670,0,47
2400,1587,671,0,50
2401,1587,671,0,51
2402,1587,669,0,49
2403,1586,669,0,51
2404,1586,670,0,50
2405,1586,670,0,50
2406,1585,669,0,52
2407,1585,670,0,50
2408,1583,669,0,54
2409,1582,670,0,53
2410,1582,670,0,55
2411,1582,670,0,53
2412,1582,669,0,53
2413,1581,669,0,53
2414,1582,669,0,50
2415,1583,670,0,48
2416,1582,670,0,53
2417,1583,669,0,50
2418,1584,666,0,52
2419,1585,665,0,50
2420,1585,664,0,50
2421,1587,661,0,57
2422,1585,662,0,53
2423,1584,666,0,53
2424,1583,665,0,52
2425,1581,664,0,59
2426,1576,660,0,75
2427,1572,666,0,80
2428,1572,666,0,90
2429,1576,661,0,68
2430,1577,660,0,45
2431,1579,657,0,28
2432,1577,660,0,26
2433,1575,661,0,17
2434,1577,658,0,6
2435,1575,656,0,358
2436,1575,654,0,351
2437,1571,652,0,333
2438,1569,653,0,326
2439,1570,651,0,333
2440,1565,655,0,335
2441,1567,656,0,343
2442,1566,656,0,339
2443,1563,655,0,333
2444,1564,655,0,328
2445,1564,656,0,331
2446,1564,656,0,330
2447,1563,656,0,330
2448,1563,656,0,332
2449,1563,656,0,330
2450,1563,656,0,333
2451,1564,657,0,333
2452,1563,657,0,333
2453,1563,657,0,332
2454,1563,657,0,334
2455,1564,658,0,332
2456,1564,659,0,332
2457,1564,659,0,333
2458,1564,659,0,331
2459,1564,660,0,330
2460,1566,660,0,329
2461,1566,660,0,331
2462,1567,659,0,334
2463,1567,660,0,333
2464,1568,659,0,336
2465,1568,657,0,336
2466,1569,656,0,337
2467,1572,655,0,331
2468,1571,655,0,331
2469,1570,655,0,332
2470,1569,655,0,336
2471,1569,656,0,331
2472,1568,649,0,337
2473,1572,641,0,344
2474,1584,630,0,352
2475,1582,620,0,2
2476,1580,619,0,9
2477,1584,615,0,1
2478,1589,613,0,1
2479,1596,609,0,13
2480,1599,609,0,12
2481,1600,612,0,24
2482,1598,614,0,31
2483,1597,615,0,50
2484,1594,620,0,50
2485,1597,621,0,46
2486,1589,628,0,39
2487,1588,630,0,34
2488,1587,632,0,44
2489,1587,633,0,44
2490,1582,629,0,25
2491,1579,626,0,17
2492,1575,626,0,12
2493,1572,627,0,5
2494,1575,627,0,10
2495,1574,627,0,16
2496,1573,629,0,29
2497,1577,629,0,46
2498,1580,632,0,61
2499,1583,633,0,63
2500,1582,637,0,68
2501,1581,639,0,68
2502,1577,640,0,60
2503,1576,643,0,43
2504,1574,643,0,38
2505,1571,648,0,29
2506,1576,649,0,7
2507,1574,647,0,354
2508,1566,645,0,344
2509,1558,638,0,330
2510,1551,635,0,327
2511,1543,631,0,329
2512,1538,618,0,321
2513,1531,619,0,316
2514,1523,619,0,324
2515,1515,615,0,329
2516,1516,614,0,316
2517,1518,612,0,306
2518,1523,611,0,290
2519,1529,593,0,294
2520,1527,586,0,276
2521,1528,576,0,261
2522,1532,566,0,267
2523,1529,559,0,283
2524,1529,561,0,284
2525,1531,562,0,265
2526,1535,551,0,262
2527,1535,555,0,264
2528,1534,556,0,265
2529,1534,558,0,261
2530,1533,559,0,261
2531,1534,560,0,261
2532,1533,563,0,258
2533,1531,566,0,259
2534,1531,567,0,258
2535,1530,566,0,261
2536,1529,567,0,258
2537,1529,567,0,253
2538,1529,567,0,256
2539,1529,569,0,254
2540,1529,570,0,261
2541,1527,567,0,268
2542,1526,567,0,269
2543,1525,569,0,263
2544,1522,573,0,260
2545,1519,579,0,256
2546,1517,585,0,260
2547,1519,581,0,286
2548,1516,581,0,300
2549,1514,578,0,303
2550,1512,584,0,315
2551,1510,589,0,321
2552,1508,587,0,326
2553,1510,572,0,326
2554,1511,567,0,326
2555,1510,560,0,332
2556,1507,566,0,340
2557,1497,576,0,338
2558,1496,582,0,337
2559,1493,581,0,345
2560,1490,578,0,353
2561,1488,577,0,351
2562,1488,579,0,347
2563,1488,581,0,340
2565,1490,582,0,332
2566,1486,582,0,336
2567,1483,579,0,323
2568,1482,573,0,311
2569,1487,566,0,309
2570,1487,562,0,290
2571,1489,552,0,275
2572,1497,536,0,251
2573,1503,525,0,266
2574,1502,514,0,270
2575,1501,514,0,282
2576,1501,515,0,282
2577,1503,515,0,273
2578,1508,504,0,265
2579,1509,502,0,277
2580,1499,494,0,293
2581,1489,490,0,310
2582,1478,481,0,321
2583,1473,479,0,308
2584,1481,468,0,297
2585,1484,456,0,280
2586,1485,444,0,277
2587,1482,433,0,275
2589,1464,395,0,298
2590,1455,382,0,315
2591,1450,373,0,316
2592,1442,367,0,314
2593,1430,348,0,305
2594,1421,330,0,297
2595,1412,319,0,300
2596,1396,306,0,307
2597,1393,287,0,304
2598,1385,272,0,298
2599,1379,258,0,295
2600,1383,234,0,277
2601,1380,218,0,281
2602,1379,205,0,293
2603,1371,190,0,302
2606,1326,171,0,350
2607,1306,177,0,354
2608,1289,180,0,1
2609,1270,188,0,18
2610,1254,201,0,23
2611,1248,204,0,16
2612,1239,205,0,10
2613,1231,207,0,358
2614,1218,200,0,352
2616,1191,190,0,335
2619,1127,189,0,1
2621,1099,181,0,338
2622,1081,175,0,335
2623,1064,171,0,340
2624,1048,165,0,340
2625,1033,161,0,351
2630,950,170,0,1
2631,936,176,0,8
2632,933,176,0,8
2633,932,169,0,349
2634,921,166,0,347
2635,904,164,0,333
2636,897,159,0,346
2637,884,164,0,2
2638,876,167,0,7
2639,864,170,0,15
2640,854,169,0,3
2641,830,173,0,3
2642,819,175,0,7
2643,809,178,0,7
2644,798,180,0,357
2645,788,185,0,5
2646,784,193,0,15
2647,774,198,0,11
2648,769,201,0,17
2649,751,213,0,36
2650,741,223,0,34
2651,737,222,0,27
2652,739,221,0,22
2653,740,218,0,25
2654,741,217,0,17
2655,739,219,0,16
2656,739,219,0,18
2657,734,216,0,25
2658,731,220,0,16
2659,727,222,0,10
2660,723,224,0,7
2661,723,225,0,15
2662,721,226,0,23
2663,720,227,0,28
2664,718,229,0,33
2665,714,230,0,29
2666,707,232,0,25
2667,708,234,0,29
2668,706,240,0,41
2669,709,248,0,53
2670,706,246,0,50
2671,704,247,0,50
2672,701,248,0,48
2673,695,247,0,44
2674,691,250,0,43
2675,691,244,0,30
2676,692,243,0,30
2677,694,243,0,25
2678,694,243,0,26
2679,695,244,0,26
2680,693,246,0,27
2681,693,247,0,26
2682,692,251,0,25
2683,689,259,0,26
2684,683,259,0,23
2685,684,263,0,31
2686,678,262,0,30
2687,677,262,0,29
2688,680,258,0,30
2689,679,257,0,28
2690,674,259,0,16
2691,669,258,0,13
2692,661,260,0,4
2693,659,259,0,358
2694,659,260,0,356
2695,656,262,0,357
2696,654,263,0,358
2697,652,263,0,354
2698,653,263,0,357
2699,655,261,0,0
2700,655,260,0,5
2701,651,260,0,6
2702,645,257,0,352
2703,637,254,0,346
2704,630,255,0,349
2705,623,256,0,353
2706,616,258,0,5
2707,607,259,0,6
2708,601,262,0,13
2709,591,262,0,16
2710,580,268,0,27
2711,577,272,0,23
2712,569,275,0,28
2713,559,277,0,25
2714,545,279,0,24
2715,549,273,0,16
2716,543,274,0,15
2717,545,273,0,23
2718,539,279,0,19
2719,537,281,0,16
2720,537,283,0,15
2721,537,283,0,16
2722,536,283,0,17
2723,536,283,0,18
2724,537,282,0,19
2725,537,283,0,19
2726,540,282,0,18
2727,545,277,0,25
2728,548,270,0,29
2729,544,272,0,34
2730,541,276,0,31
2731,538,279,0,25
2732,532,282,0,22
2733,530,283,0,18
2734,517,285,0,16
2735,513,286,0,13
2736,505,287,0,14
2737,498,290,0,18
2738,495,295,0,27
2739,494,296,0,34
2740,496,298,0,36
2741,493,299,0,36
2742,493,297,0,28
2743,494,293,0,18
2744,489,295,0,13
2745,488,294,0,6
2746,486,292,0,357
2747,479,290,0,354
2748,474,287,0,352
2749,475,284,0,342
2750,471,284,0,343
2751,468,284,0,341
2752,466,283,0,339
2753,464,280,0,341
2756,459,280,0,170
2759,462,279,0,343
2760,465,282,0,337
2761,466,283,0,341
2762,464,282,0,336
2763,463,282,0,334
2764,465,284,0,337
2765,466,285,0,339
2766,467,285,0,345
2767,468,287,0,349
2768,469,289,0,356
2769,466,289,0,359
2770,462,292,0,11
2771,457,296,0,11
2772,455,296,0,10
2773,451,300,0,17
2774,444,302,0,26
2775,446,303,0,31
2776,443,302,0,26
2777,438,305,0,27
2778,436,311,0,37
2779,429,317,0,51
2780,424,320,0,67
2781,417,325,0,72
2782,421,328,0,71
2783,423,326,0,66
2784,419,323,0,76
2785,417,333,0,73
2786,414,335,0,77
2787,413,336,0,72
2788,413,338,0,62
2789,415,333,0,54
2790,412,340,0,60
2791,413,336,0,51
2792,411,335,0,38
2793,408,340,0,45
2794,404,342,0,40
2795,401,344,0,43
2796,396,348,0,44
2797,395,352,0,37
2798,389,356,0,47
2799,387,362,0,54
2800,384,364,0,51
2801,383,367,0,43
2802,380,370,0,42
2803,379,366,0,44
2804,380,362,0,46
2805,378,358,0,59
2806,377,359,0,47
2807,374,360,0,41
2808,371,362,0,45
2809,374,365,0,13
2810,377,368,0,15
2811,374,369,0,14
2812,373,376,0,16
2813,374,372,0,18
2814,375,374,0,19
2815,375,378,0,18
2816,380,383,0,17
2817,377,372,0,10
2818,374,370,0,13
2819,369,369,0,21
2820,371,373,0,14
2821,374,374,0,17
2822,378,375,0,23
2823,379,379,0,19
2824,378,379,0,22
2825,379,380,0,19
2826,379,381,0,23
2827,381,381,0,21
2828,382,380,0,20
2829,381,381,0,24
2830,377,377,0,20
2831,372,377,0,20
2832,369,379,0,17
2833,366,384,0,28
2834,365,384,0,27
2835,357,387,0,29
2836,355,386,0,27
2837,355,388,0,26
2838,356,389,0,22
2839,357,388,0,24
2840,359,387,0,23
2841,356,387,0,15
2842,352,388,0,10
2843,346,389,0,13
2844,341,393,0,23
2845,336,397,0,27
2846,337,398,0,22
2847,340,398,0,17
2848,338,401,0,24
2849,336,402,0,24
2850,335,401,0,24
2851,333,401,0,25
2852,324,402,0,12
2853,327,405,0,13
2854,326,406,0,14
2855,335,403,0,19
2856,334,401,0,16
2857,336,401,0,23
2858,333,401,0,13
2859,327,400,0,2
2860,322,398,0,351
2861,316,396,0,350
2862,311,390,0,344
2863,312,391,0,338
2864,312,388,0,333
2865,312,385,0,332
2866,315,379,0,330
2867,314,379,0,331
2868,314,375,0,335
2869,312,377,0,331
2870,308,375,0,331
2871,310,377,0,331
2872,309,376,0,327
2873,310,377,0,332
2874,311,380,0,347
2875,306,384,0,359
2876,303,389,0,7
2877,303,392,0,17
2878,303,392,0,18
2879,301,393,0,21
2880,300,392,0,17
2881,297,394,0,14
2882,296,395,0,17
2883,293,399,0,16
2884,293,409,0,15
2885,289,404,0,18
2886,277,404,0,5
2887,266,405,0,6
2888,264,404,0,355
2889,259,407,0,352
2891,254,406,0,168
2892,256,405,0,355
2894,250,409,0,9
2896,246,411,0,16
2897,239,418,0,27
2898,231,423,0,44
2899,230,427,0,55
2900,230,433,0,76
2901,231,441,0,80
2902,227,455,0,83
2903,227,462,0,79
2904,232,466,0,83
2905,231,467,0,77
2950,262,757,0,15
2951,259,752,0,23
2952,256,749,0,23
2954,256,750,0,16
2955,255,750,0,15
2956,258,749,0,6
2957,259,746,0,8
2958,257,743,0,8
2959,255,744,0,359
2960,255,744,0,357
2961,258,741,0,7
2963,255,750,0,0
2968,253,752,0,0
2970,256,750,0,356
2971,256,749,0,355
2972,257,747,0,358
2973,255,746,0,6
2974,260,748,0,355
2975,263,745,0,355
2976,263,744,0,355
2977,265,746,0,351
2978,260,742,0,354
2979,260,743,0,1
2980,259,743,0,3
2981,258,743,0,5
2982,253,746,0,5
2983,250,749,0,0
2984,257,740,0,348
2985,258,738,0,348
2986,258,739,0,347
2987,258,740,0,348
2988,258,741,0,346
2989,257,740,0,341
2990,254,735,0,341
2991,248,737,0,331
2992,244,732,0,324
2993,241,732,0,321
2994,238,735,0,322
2995,235,735,0,327
2996,237,735,0,324
2997,237,736,0,323
2998,235,734,0,328
2999,235,734,0,327
