171,1579,667,0,220
172,1579,666,0,218
173,1580,664,0,207
174,1584,662,0,191
175,1587,665,0,184
177,1576,674,0,181
178,1572,678,0,186
179,1572,678,0,185
180,1570,679,0,185
181,1569,679,0,172
182,1567,679,0,173
183,1563,677,0,162
184,1564,675,0,152
185,1570,683,0,141
186,1569,688,0,135
187,1568,695,0,120
188,1569,702,0,112
189,1574,705,0,113
190,1575,710,0,114
191,1576,709,0,120
192,1577,715,0,119
193,1577,722,0,119
194,1581,729,0,121
195,1583,729,0,118
196,1580,731,0,113
197,1578,735,0,117
198,1578,742,0,117
199,1581,748,0,117
200,1586,750,0,108
201,1588,755,0,98
202,1590,758,0,92
203,1589,760,0,92
204,1587,761,0,89
205,1588,764,0,87
206,1591,771,0,73
207,1591,773,0,77
208,1594,779,0,72
209,1589,780,0,69
210,1585,785,0,69
211,1581,790,0,65
212,1578,798,0,62
213,1576,799,0,58
214,1573,799,0,52
215,1570,800,0,55
216,1570,806,0,64
217,1568,808,0,67
218,1567,808,0,69
219,1562,804,0,71
220,1561,806,0,78
221,1553,810,0,90
222,1551,810,0,97
223,1551,811,0,102
224,1553,815,0,105
225,1554,816,0,114
226,1558,821,0,118
227,1564,827,0,123
228,1568,830,0,130
229,1568,827,0,122
230,1570,828,0,123
231,1568,833,0,123
232,1571,839,0,132
233,1573,840,0,128
234,1573,837,0,122
235,1570,836,0,120
236,1569,834,0,122
237,1573,836,0,136
238,1573,837,0,126
239,1575,836,0,122
240,1575,837,0,121
241,1575,836,0,119
242,1577,840,0,124
243,1575,844,0,120
244,1579,849,0,120
245,1581,853,0,118
246,1590,855,0,122
247,1595,863,0,120
248,1597,867,0,118
249,1601,869,0,125
250,1601,872,0,126
254,1601,875,0,105
255,1600,873,0,95
256,1599,872,0,86
257,1594,876,0,72
258,1591,879,0,63
259,1586,879,0,51
260,1579,886,0,41
261,1574,891,0,36
262,1569,892,0,31
263,1564,890,0,32
264,1561,892,0,27
265,1557,895,0,33
266,1553,900,0,42
267,1548,902,0,45
268,1546,906,0,49
269,1545,908,0,53
270,1544,908,0,58
271,1544,907,0,57
272,1543,906,0,56
273,1542,906,0,56
274,1540,909,0,50
275,1537,911,0,49
276,1535,915,0,51
277,1536,918,0,51
278,1536,921,0,59
279,1539,920,0,58
280,1539,921,0,56
281,1538,922,0,56
282,1537,921,0,56
283,1534,923,0,54
284,1533,926,0,56
285,1533,929,0,61
286,1532,931,0,59
287,1531,932,0,61
288,1529,936,0,60
289,1528,936,0,63
290,1530,936,0,59
291,1528,935,0,63
292,1528,936,0,62
293,1528,938,0,59
294,1526,939,0,59
295,1526,940,0,58
296,1526,940,0,61
297,1526,940,0,66
298,1526,940,0,64
299,1526,940,0,66
300,1529,939,0,63
301,1528,938,0,64
302,1527,938,0,62
303,1528,938,0,56
304,1527,940,0,54
305,1526,942,0,60
306,1526,941,0,59
307,1526,940,0,57
308,1525,940,0,60
309,1526,938,0,59
310,1528,938,0,55
311,1530,937,0,54
312,1528,937,0,55
313,1526,937,0,65
314,1526,938,0,55
315,1530,943,0,52
316,1530,943,0,44
317,1530,941,0,45
318,1531,939,0,50
319,1532,939,0,59
320,1531,941,0,55
321,1532,941,0,45
322,1533,939,0,47
323,1535,936,0,51
324,1543,929,0,36
325,1539,929,0,43
326,1541,927,0,43
327,1544,925,0,40
328,1543,925,0,40
329,1543,925,0,42
330,1542,926,0,39
331,1540,927,0,35
332,1542,925,0,22
333,1542,922,0,9
334,1538,921,0,3
335,1538,921,0,2
336,1540,920,0,1
337,1541,920,0,1
338,1542,921,0,6
339,1542,920,0,9
340,1541,921,0,19
341,1541,921,0,26
342,1537,922,0,28
343,1537,922,0,27
344,1539,922,0,34
345,1540,922,0,38
346,1539,920,0,41
347,1538,919,0,43
348,1534,919,0,54
349,1532,919,0,61
350,1530,920,0,64
351,1529,921,0,69
352,1528,921,0,59
353,1526,920,0,71
354,1523,920,0,70
355,1523,921,0,70
356,1522,923,0,73
357,1522,928,0,77
358,1521,932,0,75
359,1521,933,0,81
360,1521,933,0,80
361,1522,933,0,84
362,1520,933,0,86
363,1521,934,0,86
364,1520,930,0,88
365,1518,927,0,91
366,1516,923,0,93
367,1517,923,0,103
368,1516,921,0,111
369,1515,920,0,123
370,1516,918,0,118
371,1518,916,0,126
372,1515,914,0,153
373,1524,914,0,141
374,1523,917,0,149
375,1529,918,0,140
376,1534,918,0,145
377,1535,919,0,151
378,1537,921,0,154
379,1543,922,0,157
380,1544,924,0,152
381,1549,925,0,152
382,1554,927,0,150
383,1554,928,0,148
384,1556,928,0,151
385,1556,929,0,151
386,1558,933,0,147
387,1560,935,0,147
388,1559,936,0,133
389,1557,938,0,124
390,1557,938,0,124
391,1555,939,0,121
392,1554,940,0,116
393,1554,941,0,120
394,1554,941,0,124
395,1557,943,0,109
396,1557,944,0,110
397,1558,944,0,106
398,1558,945,0,105
399,1558,944,0,105
400,1558,945,0,104
401,1559,945,0,105
402,1560,945,0,103
403,1561,946,0,105
404,1560,945,0,106
405,1560,946,0,106
406,1559,946,0,115
407,1560,947,0,105
408,1559,946,0,107
409,1560,947,0,105
410,1561,947,0,102
411,1562,948,0,102
412,1563,948,0,101
413,1563,949,0,102
414,1563,949,0,102
415,1564,949,0,100
416,1564,949,0,94
417,1564,949,0,94
418,1565,949,0,92
419,1564,949,0,91
420,1565,949,0,88
421,1565,949,0,91
422,1564,949,0,90
423,1564,949,0,91
424,1564,949,0,90
425,1565,948,0,96
426,1565,948,0,93
427,1565,950,0,97
428,1565,950,0,99
429,1566,950,0,95
430,1565,950,0,91
431,1565,951,0,92
432,1565,950,0,89
433,1566,950,0,91
434,1565,950,0,91
435,1565,950,0,91
436,1565,950,0,91
437,1566,950,0,89
438,1566,950,0,90
439,1566,950,0,92
440,1566,949,0,93
441,1566,949,0,92
442,1567,948,0,91
443,1566,949,0,92
444,1568,945,0,87
445,1568,945,0,86
446,1568,944,0,89
447,1568,944,0,89
448,1568,943,0,94
449,1568,940,0,86
450,1571,939,0,76
451,1569,939,0,87
452,1568,938,0,93
453,1570,937,0,97
454,1568,937,0,93
455,1570,935,0,86
456,1571,932,0,82
457,1572,928,0,82
458,1571,927,0,87
459,1571,928,0,87
460,1570,927,0,90
461,1570,927,0,89
462,1570,927,0,91
463,1569,928,0,96
464,1569,928,0,94
465,1569,929,0,89
466,1570,931,0,88
467,1571,932,0,86
468,1571,930,0,81
469,1572,929,0,70
470,1573,928,0,66
471,1572,929,0,61
472,1575,930,0,64
473,1576,931,0,67
474,1574,934,0,68
475,1573,935,0,68
476,1573,934,0,63
477,1575,932,0,56
478,1575,930,0,55
479,1576,929,0,51
480,1576,929,0,54
481,1579,927,0,51
482,1579,926,0,51
483,1582,923,0,44
484,1582,920,0,33
485,1581,913,0,18
486,1582,907,0,5
487,1580,902,0,358
488,1581,897,0,354
489,1582,899,0,358
490,1584,900,0,358
491,1585,901,0,357
492,1585,899,0,359
493,1583,900,0,0
494,1583,899,0,1
495,1583,899,0,1
496,1582,899,0,1
497,1581,898,0,359
498,1581,897,0,2
499,1581,897,0,5
500,1580,898,0,5
501,1579,899,0,5
502,1578,899,0,7
503,1575,901,0,3
504,1575,901,0,3
505,1574,900,0,5
506,1573,899,0,6
507,1570,900,0,4
508,1572,899,0,10
509,1572,901,0,6
510,1571,901,0,9
511,1571,901,0,11
512,1573,900,0,11
513,1573,898,0,11
514,1577,896,0,20
515,1577,898,0,10
516,1578,898,0,11
517,1584,898,0,12
518,1584,897,0,17
519,1590,886,0,20
520,1586,890,0,23
521,1580,895,0,15
522,1573,898,0,27
523,1567,902,0,30
524,1563,903,0,35
525,1563,903,0,36
526,1563,902,0,30
527,1560,901,0,24
528,1558,901,0,15
529,1556,901,0,6
530,1553,893,0,9
531,1553,891,0,4
532,1551,888,0,6
533,1549,884,0,7
534,1544,884,0,22
535,1541,885,0,36
536,1541,884,0,28
537,1534,885,0,30
538,1530,885,0,39
539,1527,887,0,39
540,1527,888,0,32
541,1528,889,0,30
542,1526,892,0,31
543,1523,895,0,32
544,1524,893,0,41
545,1528,896,0,35
546,1524,897,0,35
547,1519,898,0,35
548,1518,895,0,30
549,1518,890,0,18
550,1515,886,0,6
551,1508,888,0,1
552,1502,887,0,356
553,1500,891,0,348
554,1499,881,0,349
555,1495,878,0,351
556,1486,877,0,341
557,1480,877,0,337
558,1478,872,0,330
559,1474,866,0,313
560,1472,867,0,310
561,1470,868,0,305
562,1467,869,0,303
563,1467,869,0,305
564,1469,869,0,310
565,1470,869,0,311
566,1469,869,0,314
567,1470,869,0,319
568,1469,871,0,319
569,1471,870,0,320
570,1472,871,0,320
571,1473,872,0,309
572,1469,872,0,307
573,1470,873,0,305
574,1470,871,0,306
575,1467,867,0,310
576,1466,865,0,308
577,1463,865,0,306
578,1463,866,0,312
579,1460,863,0,306
580,1455,861,0,302
581,1451,861,0,296
582,1447,860,0,295
583,1444,857,0,294
584,1441,852,0,290
585,1439,848,0,289
586,1436,847,0,284
587,1435,847,0,282
588,1435,845,0,280
589,1438,840,0,291
590,1436,841,0,286
591,1435,842,0,281
592,1436,841,0,281
593,1436,842,0,277
594,1435,843,0,272
595,1435,845,0,273
596,1434,847,0,272
597,1430,847,0,257
598,1427,847,0,252
599,1425,850,0,241
600,1423,849,0,243
601,1424,846,0,245
602,1423,845,0,238
603,1424,843,0,240
604,1426,841,0,245
605,1425,838,0,243
606,1423,840,0,245
607,1422,837,0,240
608,1420,835,0,246
609,1419,833,0,237
610,1416,828,0,245
611,1416,830,0,243
612,1415,832,0,242
613,1412,834,0,229
614,1410,836,0,233
615,1409,845,0,237
616,1406,849,0,233
617,1403,848,0,223
618,1404,848,0,219
619,1411,848,0,203
620,1417,846,0,187
621,1426,841,0,166
622,1430,842,0,169
623,1433,845,0,177
624,1434,846,0,178
625,1436,845,0,179
626,1434,844,0,177
627,1432,845,0,180
628,1430,844,0,182
629,1430,846,0,186
630,1433,846,0,188
631,1436,844,0,181
632,1437,844,0,187
633,1438,842,0,185
634,1439,842,0,186
635,1439,842,0,189
636,1439,843,0,190
637,1440,843,0,190
638,1442,842,0,185
639,1442,841,0,185
640,1442,841,0,183
641,1442,841,0,184
642,1443,841,0,184
643,1443,842,0,186
644,1443,842,0,183
645,1444,842,0,183
646,1444,842,0,180
647,1445,842,0,181
648,1445,842,0,181
649,1445,842,0,181
650,1445,842,0,181
651,1444,842,0,184
652,1444,842,0,184
653,1444,842,0,183
654,1444,842,0,182
655,1444,842,0,180
656,1444,842,0,180
657,1443,842,0,180
658,1443,841,0,181
659,1443,840,0,178
660,1443,840,0,180
661,1443,840,0,181
662,1443,840,0,180
663,1443,840,0,179
664,1444,838,0,175
665,1440,838,0,172
666,1439,837,0,173
667,1441,837,0,163
668,1442,837,0,159
669,1442,839,0,161
670,1442,840,0,164
671,1441,840,0,162
672,1439,842,0,168
673,1438,842,0,170
674,1436,843,0,173
675,1437,842,0,176
676,1438,841,0,179
677,1439,842,0,186
678,1443,841,0,176
679,1442,844,0,182
680,1442,845,0,179
681,1444,842,0,159
682,1442,845,0,159
683,1445,849,0,155
684,1444,849,0,157
685,1441,847,0,157
686,1446,848,0,171
687,1445,848,0,187
688,1455,850,0,211
689,1458,851,0,213
690,1459,846,0,213
691,1461,845,0,213
692,1463,843,0,221
693,1464,838,0,229
694,1471,838,0,244
695,1470,835,0,250
696,1468,833,0,248
697,1464,833,0,255
698,1465,829,0,258
699,1462,821,0,258
700,1463,818,0,261
701,1467,810,0,250
702,1466,808,0,242
703,1465,804,0,234
704,1468,800,0,229
705,1471,794,0,224
706,1473,795,0,216
707,1477,796,0,216
708,1479,797,0,216
709,1481,795,0,217
710,1483,795,0,220
711,1485,797,0,216
712,1483,799,0,209
713,1481,800,0,211
714,1477,803,0,207
715,1477,803,0,215
716,1477,802,0,215
717,1475,802,0,206
718,1473,801,0,201
719,1470,801,0,202
722,1464,798,0,137
723,1464,799,0,132
724,1469,799,0,123
725,1470,802,0,119
726,1469,805,0,115
727,1469,807,0,110
728,1469,809,0,111
729,1470,810,0,110
730,1468,807,0,110
731,1468,805,0,109
732,1468,805,0,99
733,1467,808,0,92
734,1466,807,0,89
735,1464,810,0,87
736,1459,815,0,85
737,1460,819,0,84
738,1461,819,0,87
739,1460,819,0,88
740,1460,820,0,86
741,1460,818,0,88
742,1462,815,0,88
743,1460,816,0,94
744,1460,816,0,90
745,1460,818,0,96
746,1460,819,0,97
747,1460,820,0,94
748,1460,820,0,91
749,1460,821,0,91
750,1460,821,0,88
751,1460,816,0,88
752,1461,815,0,86
753,1460,815,0,83
754,1459,816,0,87
755,1461,818,0,89
756,1460,819,0,91
757,1458,819,0,93
758,1459,815,0,84
759,1457,815,0,87
760,1457,817,0,88
761,1457,817,0,96
762,1456,816,0,99
763,1457,814,0,104
764,1458,812,0,107
765,1459,812,0,109
766,1461,815,0,108
767,1461,814,0,109
768,1462,816,0,104
769,1462,816,0,100
770,1461,817,0,86
771,1459,816,0,82
772,1460,815,0,74
773,1461,818,0,70
774,1459,817,0,60
775,1457,819,0,58
776,1455,825,0,56
777,1457,823,0,55
778,1457,826,0,63
779,1458,824,0,74
780,1460,820,0,85
781,1459,822,0,86
782,1458,823,0,82
783,1458,827,0,82
784,1457,827,0,80
785,1456,829,0,81
786,1454,833,0,80
787,1457,833,0,88
788,1459,833,0,87
789,1459,833,0,90
790,1460,828,0,91
791,1459,828,0,90
792,1459,830,0,88
793,1458,833,0,89
794,1458,834,0,89
795,1457,836,0,86
796,1457,839,0,82
797,1460,844,0,74
798,1459,844,0,76
799,1456,845,0,82
800,1457,845,0,78
801,1455,847,0,78
802,1456,847,0,79
803,1455,847,0,76
804,1455,849,0,70
805,1456,849,0,74
806,1455,848,0,78
807,1456,848,0,82
808,1456,849,0,82
809,1455,848,0,85
810,1455,848,0,83
811,1456,847,0,85
812,1455,848,0,89
813,1454,850,0,112
814,1455,853,0,94
815,1455,854,0,98
816,1456,854,0,97
817,1456,853,0,94
818,1456,853,0,96
819,1458,854,0,89
820,1457,855,0,86
821,1457,855,0,90
822,1456,856,0,90
823,1457,856,0,90
824,1459,855,0,85
825,1460,856,0,85
826,1459,857,0,83
827,1460,854,0,85
828,1460,853,0,87
829,1461,853,0,96
830,1460,854,0,93
831,1458,854,0,90
832,1458,855,0,89
833,1457,855,0,96
834,1457,856,0,89
835,1456,855,0,87
836,1458,855,0,85
837,1457,855,0,81
838,1457,854,0,93
839,1455,854,0,99
840,1456,854,0,95
841,1456,853,0,93
842,1455,853,0,93
843,1456,856,0,96
844,1455,855,0,96
845,1455,855,0,97
846,1455,855,0,96
847,1455,856,0,92
848,1455,855,0,98
849,1455,855,0,97
850,1455,855,0,97
851,1455,854,0,91
852,1457,854,0,89
853,1458,853,0,86
854,1457,851,0,93
855,1458,851,0,88
856,1457,850,0,89
857,1457,855,0,87
858,1457,854,0,88
859,1455,855,0,88
860,1453,854,0,92
861,1453,852,0,90
862,1453,850,0,90
863,1453,849,0,91
864,1453,848,0,99
865,1453,850,0,97
866,1453,850,0,94
867,1455,852,0,94
868,1455,853,0,94
869,1455,853,0,92
870,1454,854,0,88
871,1455,855,0,88
872,1456,856,0,85
873,1458,856,0,81
874,1459,855,0,81
875,1460,853,0,82
876,1460,853,0,85
877,1459,854,0,80
878,1459,853,0,78
879,1460,854,0,78
880,1461,854,0,78
881,1462,859,0,89
882,1462,860,0,96
883,1463,859,0,90
884,1463,856,0,82
885,1465,857,0,75
886,1465,858,0,76
887,1466,851,0,74
888,1469,851,0,84
889,1468,848,0,80
890,1469,847,0,89
891,1471,851,0,100
892,1471,851,0,104
893,1471,854,0,106
894,1477,855,0,105
895,1474,859,0,116
896,1474,859,0,121
897,1475,859,0,128
898,1476,859,0,129
899,1474,856,0,124
900,1472,856,0,128
901,1471,854,0,134
902,1470,853,0,136
903,1470,851,0,137
904,1469,850,0,140
905,1470,850,0,136
906,1470,849,0,136
907,1470,848,0,141
908,1470,848,0,136
909,1470,848,0,135
910,1470,847,0,132
911,1470,847,0,133
912,1469,847,0,130
913,1473,848,0,123
914,1471,849,0,128
915,1473,849,0,122
916,1474,850,0,117
917,1474,850,0,106
918,1476,850,0,102
919,1482,849,0,88
920,1480,850,0,90
921,1479,851,0,85
922,1479,853,0,82
923,1477,854,0,83
924,1474,860,0,86
925,1471,863,0,81
926,1469,868,0,70
927,1467,869,0,70
928,1466,868,0,75
929,1464,868,0,72
930,1462,869,0,66
931,1461,866,0,59
932,1460,866,0,53
933,1460,866,0,53
934,1463,865,0,53
935,1463,863,0,52
936,1469,857,0,51
937,1477,852,0,39
938,1477,850,0,40
939,1478,850,0,37
940,1478,849,0,35
941,1479,848,0,37
942,1481,848,0,34
943,1478,849,0,34
944,1476,848,0,36
945,1475,847,0,31
946,1475,848,0,33
947,1475,845,0,33
948,1474,847,0,31
949,1474,845,0,36
950,1473,844,0,34
951,1473,846,0,35
952,1473,845,0,37
953,1472,846,0,42
954,1473,850,0,41
955,1468,845,0,47
956,1465,845,0,47
957,1462,846,0,50
958,1459,847,0,60
959,1457,846,0,57
960,1456,846,0,59
961,1458,851,0,44
962,1457,850,0,36
963,1455,846,0,20
964,1451,846,0,17
965,1448,847,0,15
966,1447,847,0,12
967,1446,849,0,19
968,1444,850,0,21
969,1443,848,0,21
970,1448,849,0,22
971,1448,850,0,25
972,1451,850,0,18
973,1452,849,0,18
974,1456,849,0,29
975,1460,853,0,35
976,1463,855,0,23
977,1457,861,0,25
978,1452,862,0,14
979,1447,864,0,2
980,1444,864,0,358
981,1438,863,0,357
982,1436,860,0,355
983,1433,862,0,348
984,1432,855,0,346
985,1430,857,0,349
986,1432,856,0,354
987,1430,855,0,352
988,1428,853,0,352
989,1428,852,0,349
990,1428,852,0,348
991,1428,853,0,350
992,1428,854,0,351
993,1428,854,0,347
994,1430,855,0,351
995,1432,858,0,350
996,1428,857,0,348
997,1426,856,0,350
998,1419,856,0,354
999,1414,855,0,358
1000,1413,855,0,358
1001,1415,852,0,357
1002,1413,851,0,349
1003,1409,849,0,346
1004,1408,846,0,346
1005,1401,842,0,347
1006,1395,837,0,353
1007,1395,838,0,350
1011,1398,837,0,353
1012,1396,836,0,355
1013,1394,836,0,344
1014,1393,836,0,348
1015,1394,836,0,346
1016,1396,839,0,334
1017,1398,838,0,344
1018,1397,835,0,345
1019,1397,834,0,343
1020,1397,834,0,347
1021,1399,836,0,348
1022,1400,839,0,344
1023,1403,838,0,341
1024,1412,838,0,346
1025,1416,841,0,333
1026,1417,841,0,325
1027,1421,842,0,320
1028,1423,842,0,318
1029,1424,843,0,314
1030,1424,844,0,315
1031,1426,846,0,320
1032,1426,846,0,323
1033,1426,845,0,318
1034,1425,845,0,317
1035,1425,845,0,316
1036,1427,847,0,318
1037,1427,846,0,319
1038,1428,846,0,320
1039,1428,847,0,311
1040,1428,849,0,311
1041,1429,848,0,305
1042,1430,847,0,302
1043,1430,848,0,296
1044,1431,846,0,297
1045,1431,846,0,312
1046,1432,846,0,308
1047,1431,843,0,306
1048,1433,844,0,312
1049,1434,842,0,328
1050,1433,840,0,333
1051,1433,841,0,333
1052,1432,842,0,333
1053,1433,843,0,335
1054,1436,838,0,349
1055,1437,839,0,348
1056,1440,839,0,347
1057,1444,834,0,356
1058,1443,835,0,353
1059,1443,834,0,352
1060,1443,836,0,353
1061,1444,837,0,352
1062,1443,837,0,352
1063,1442,834,0,350
1064,1442,834,0,350
1065,1442,837,0,354
1066,1442,838,0,352
1067,1441,836,0,352
1068,1441,834,0,348
1069,1441,833,0,349
1070,1440,830,0,353
1071,1440,829,0,354
1072,1439,829,0,354
1073,1439,830,0,355
1074,1436,831,0,353
1075,1436,832,0,348
1076,1439,835,0,349
1077,1439,834,0,352
1078,1436,833,0,358
1079,1437,837,0,354
1080,1438,841,0,345
1081,1440,838,0,350
1082,1443,839,0,353
1083,1447,838,0,350
1084,1450,836,0,351
1085,1452,836,0,353
1086,1451,837,0,356
1087,1457,838,0,354
1088,1467,835,0,350
1089,1470,831,0,329
1090,1470,828,0,327
1091,1469,827,0,333
1092,1467,824,0,340
1093,1467,821,0,339
1094,1465,821,0,342
1095,1468,821,0,345
1096,1471,818,0,328
1097,1476,812,0,312
1098,1477,812,0,296
1099,1477,811,0,284
1100,1476,807,0,276
1101,1476,802,0,267
1102,1473,800,0,284
1103,1465,795,0,261
1106,1463,769,0,198
1107,1468,768,0,189
1108,1473,769,0,189
1109,1483,766,0,185
1110,1494,762,0,187
1111,1497,759,0,196
1112,1496,759,0,202
1113,1498,759,0,208
1114,1496,760,0,201
1115,1499,758,0,198
1116,1498,757,0,209
1117,1496,754,0,201
1118,1496,755,0,201
1119,1496,758,0,183
1120,1498,759,0,180
1121,1497,752,0,176
1122,1493,743,0,168
1123,1486,737,0,172
1124,1486,729,0,154
1125,1483,717,0,156
1126,1483,712,0,156
1127,1484,713,0,147
1128,1485,714,0,141
1129,1488,715,0,132
1130,1491,719,0,126
1131,1496,718,0,120
1132,1506,715,0,94
1133,1510,716,0,85
1134,1510,723,0,85
1135,1508,726,0,92
1136,1509,727,0,99
1137,1507,729,0,88
1138,1509,725,0,70
1139,1506,726,0,58
1140,1505,725,0,55
1141,1506,724,0,57
1142,1507,722,0,54
1143,1506,721,0,46
1144,1507,719,0,40
1145,1508,715,0,43
1146,1507,715,0,47
1147,1510,714,0,41
1148,1512,711,0,34
1149,1511,713,0,35
1150,1512,711,0,32
1151,1511,716,0,30
1152,1508,717,0,25
1153,1504,722,0,24
1154,1504,725,0,29
1155,1507,718,0,36
1156,1508,715,0,30
1157,1510,713,0,29
1158,1510,712,0,35
1159,1511,712,0,32
1160,1511,711,0,33
1161,1511,711,0,34
1162,1511,711,0,31
1163,1511,710,0,29
1164,1510,710,0,28
1165,1511,709,0,21
1166,1511,707,0,14
1167,1509,706,0,6
1168,1509,705,0,7
1169,1509,703,0,4
1170,1508,702,0,0
1171,1508,702,0,355
1172,1508,701,0,356
1173,1508,700,0,355
1174,1507,699,0,354
1175,1507,698,0,356
1176,1507,700,0,359
1177,1509,698,0,357
1178,1508,695,0,354
1179,1509,694,0,348
1180,1512,697,0,342
1181,1513,699,0,340
1182,1513,700,0,339
1183,1513,700,0,339
1184,1516,700,0,337
1185,1517,700,0,332
1186,1518,700,0,335
1187,1516,700,0,330
1188,1515,696,0,328
1189,1515,696,0,329
1190,1515,697,0,334
1191,1516,698,0,342
1192,1515,699,0,346
1193,1513,696,0,344
1194,1512,695,0,351
1195,1507,696,0,8
1196,1505,694,0,15
1197,1502,697,0,21
1198,1503,695,0,24
1199,1506,694,0,18
1200,1503,688,0,12
1201,1497,685,0,7
1202,1496,687,0,9
1203,1494,690,0,11
1204,1493,688,0,10
1205,1488,688,0,12
1206,1485,689,0,18
1207,1482,689,0,22
1208,1485,690,0,25
1209,1484,688,0,27
1210,1483,689,0,29
1211,1483,688,0,24
1212,1485,688,0,27
1213,1485,687,0,32
1214,1487,683,0,29
1215,1486,682,0,29
1216,1486,682,0,26
1217,1481,687,0,45
1218,1481,690,0,47
1219,1483,690,0,51
1220,1485,693,0,62
1221,1487,694,0,75
1222,1486,694,0,70
1223,1488,692,0,71
1224,1487,692,0,65
1225,1493,690,0,68
1226,1491,687,0,63
1227,1488,688,0,59
1228,1486,684,0,58
1229,1485,681,0,46
1230,1486,674,0,22
1231,1480,670,0,9
1232,1478,671,0,0
1233,1470,674,0,350
1234,1463,670,0,341
1235,1457,666,0,334
1236,1454,664,0,328
1237,1451,662,0,326
1238,1447,659,0,326
1239,1443,657,0,335
1240,1437,657,0,334
1241,1434,656,0,335
1242,1434,656,0,328
1243,1440,656,0,320
1244,1440,656,0,315
1245,1439,654,0,307
1246,1441,654,0,300
1247,1444,651,0,300
1248,1448,647,0,299
1249,1454,648,0,295
1250,1456,650,0,292
1251,1453,649,0,293
1252,1453,648,0,298
1253,1454,644,0,308
1254,1451,643,0,310
1255,1451,642,0,313
1256,1451,644,0,297
1257,1452,648,0,286
1258,1450,652,0,279
1259,1454,647,0,274
1260,1452,648,0,274
1261,1447,649,0,272
1262,1446,650,0,281
1263,1445,647,0,295
1264,1443,645,0,303
1265,1442,644,0,303
1266,1442,650,0,311
1267,1441,653,0,325
1268,1440,655,0,331
1269,1438,654,0,339
1270,1440,657,0,349
1271,1443,658,0,356
1272,1451,660,0,351
1273,1448,659,0,350
1274,1447,658,0,346
1275,1446,658,0,350
1276,1446,657,0,354
1277,1447,655,0,359
1278,1448,656,0,356
1279,1446,657,0,1
1280,1446,659,0,1
1281,1449,659,0,0
1282,1449,659,0,359
1283,1449,658,0,359
1284,1449,657,0,1
1285,1449,657,0,2
1286,1450,657,0,3
1287,1449,656,0,3
1288,1449,657,0,2
1289,1449,658,0,1
1290,1450,658,0,0
1291,1449,659,0,357
1292,1450,658,0,358
1293,1451,658,0,358
1294,1451,659,0,359
1295,1453,660,0,356
1296,1453,660,0,358
1297,1454,660,0,359
1298,1454,661,0,0
1299,1454,661,0,358
1300,1452,661,0,358
1301,1451,662,0,356
1302,1451,662,0,355
1303,1451,661,0,358
1304,1451,662,0,0
1305,1451,662,0,1
1306,1449,662,0,1
1307,1449,661,0,2
1308,1449,661,0,3
1309,1450,662,0,2
1310,1448,662,0,3
1311,1448,661,0,4
1312,1449,663,0,5
1313,1450,663,0,6
1314,1447,660,0,9
1315,1443,662,0,7
1316,1444,664,0,3
1317,1446,664,0,1
1318,1447,664,0,0
1319,1444,663,0,1
1320,1445,662,0,2
1321,1446,660,0,2
1322,1446,660,0,5
1323,1445,661,0,5
1324,1445,662,0,2
1325,1445,659,0,4
1326,1444,658,0,6
1327,1444,657,0,7
1328,1446,658,0,6
1329,1447,659,0,7
1330,1447,660,0,6
1331,1445,660,0,8
1332,1445,660,0,10
1333,1445,661,0,11
1334,1444,662,0,10
1335,1442,661,0,12
1336,1443,664,0,16
1337,1442,664,0,19
1338,1437,667,0,24
1339,1435,670,0,28
1340,1433,671,0,32
1341,1430,672,0,31
1342,1428,672,0,31
1343,1425,673,0,31
1344,1424,674,0,29
1345,1419,675,0,32
1346,1418,675,0,30
1347,1415,677,0,19
1348,1412,679,0,12
1349,1409,680,0,4
1350,1407,678,0,4
1351,1407,676,0,4
1352,1407,678,0,358
1353,1411,683,0,352
1354,1413,685,0,353
1355,1414,686,0,347
1356,1411,685,0,345
1357,1410,684,0,341
1358,1408,682,0,337
1359,1405,674,0,339
1360,1402,676,0,336
1361,1395,674,0,335
1362,1391,672,0,332
1363,1388,671,0,328
1364,1388,673,0,335
1365,1383,674,0,338
1366,1379,673,0,337
1367,1378,671,0,336
1368,1377,668,0,332
1369,1373,664,0,342
1370,1375,666,0,336
1371,1369,665,0,347
1372,1366,665,0,343
1373,1363,665,0,345
1374,1363,665,0,344
1375,1362,665,0,348
1376,1360,661,0,356
1377,1360,660,0,359
1378,1358,661,0,0
1379,1360,662,0,354
1380,1366,665,0,345
1381,1371,666,0,328
1382,1369,661,0,348
1383,1374,666,0,348
1384,1377,671,0,342
1385,1382,673,0,334
1386,1384,673,0,343
1387,1383,676,0,354
1388,1383,677,0,6
1389,1380,675,0,20
1390,1377,676,0,30
1391,1379,681,0,36
1392,1380,688,0,46
1393,1379,691,0,52
1394,1377,692,0,54
1395,1379,694,0,48
1396,1376,691,0,44
1397,1375,695,0,42
1398,1371,700,0,43
1399,1368,703,0,40
1400,1368,708,0,31
1401,1365,714,0,25
1402,1360,714,0,21
1403,1355,718,0,25
1404,1352,719,0,20
1405,1347,721,0,15
1406,1342,726,0,15
1407,1339,723,0,3
1408,1336,721,0,4
1409,1335,728,0,358
1410,1335,733,0,356
1411,1337,735,0,352
1412,1339,735,0,354
1413,1340,737,0,346
1414,1342,739,0,342
1415,1343,738,0,340
1416,1340,740,0,336
1417,1339,740,0,332
1418,1337,738,0,327
1419,1336,735,0,327
1420,1334,737,0,329
1421,1333,738,0,338
1422,1331,737,0,344
1423,1330,737,0,346
1424,1326,734,0,347
1425,1322,731,0,351
1426,1320,727,0,353
1427,1318,726,0,0
1428,1315,723,0,2
1429,1312,727,0,10
1430,1313,730,0,8
1431,1322,725,0,3
1432,1323,726,0,354
1433,1319,727,0,347
1434,1317,716,0,333
1435,1310,716,0,334
1436,1307,718,0,339
1437,1301,717,0,345
1438,1296,713,0,348
1439,1290,711,0,354
1440,1288,711,0,358
1441,1282,716,0,14
1442,1279,720,0,18
1443,1280,719,0,13
1444,1275,721,0,21
1445,1271,723,0,17
1446,1267,729,0,21
1447,1258,731,0,19
1448,1255,734,0,20
1449,1250,737,0,18
1450,1246,741,0,23
1451,1242,744,0,23
1452,1240,744,0,23
1453,1238,744,0,18
1454,1237,744,0,15
1455,1236,744,0,15
1456,1237,743,0,15
1457,1237,743,0,17
1458,1236,742,0,17
1459,1236,742,0,17
1460,1234,744,0,21
1461,1232,744,0,22
1462,1234,744,0,17
1463,1232,745,0,11
1464,1230,745,0,12
1465,1232,746,0,8
1466,1231,746,0,8
1467,1232,746,0,12
1468,1231,747,0,8
1469,1230,748,0,2
1470,1229,747,0,5
1471,1229,747,0,7
1472,1229,746,0,7
1473,1228,746,0,4
1474,1228,746,0,1
1475,1228,744,0,0
1476,1228,743,0,2
1477,1228,743,0,3
1478,1228,743,0,7
1479,1228,743,0,10
1480,1229,743,0,10
1481,1228,744,0,2
1482,1228,743,0,5
1483,1230,742,0,7
1484,1231,742,0,7
1485,1234,742,0,9
1486,1234,743,0,15
1487,1234,743,0,13
1488,1230,739,0,15
1489,1230,738,0,15
1490,1232,740,0,16
1491,1231,738,0,20
1492,1230,738,0,21
1493,1232,740,0,18
1494,1232,741,0,17
1495,1233,741,0,17
1496,1233,742,0,19
1497,1232,742,0,20
1498,1235,743,0,17
1499,1235,743,0,24
1500,1237,745,0,18
1501,1236,746,0,12
1502,1236,745,0,10
1503,1236,747,0,14
1504,1237,746,0,14
1505,1235,742,0,16
1506,1238,745,0,11
1507,1237,743,0,13
1508,1236,743,0,12
1509,1236,744,0,10
1510,1237,745,0,9
1511,1237,745,0,8
1512,1237,748,0,9
1513,1236,749,0,8
1514,1236,751,0,8
1515,1237,750,0,7
1516,1237,750,0,7
1517,1236,749,0,7
1518,1236,748,0,11
1519,1236,746,0,18
1520,1236,747,0,16
1521,1237,748,0,15
1522,1237,748,0,13
1523,1236,749,0,10
1524,1236,751,0,6
1525,1237,750,0,3
1526,1236,749,0,2
1527,1237,748,0,4
1528,1236,747,0,7
1529,1236,747,0,8
1530,1236,748,0,7
1531,1236,749,0,5
1532,1236,749,0,7
1533,1235,749,0,4
1534,1235,749,0,5
1535,1235,749,0,5
1536,1235,749,0,6
1537,1236,749,0,6
1538,1235,748,0,13
1539,1236,749,0,11
1540,1236,751,0,3
1541,1235,750,0,5
1542,1234,751,0,5
1543,1235,750,0,5
1544,1234,750,0,3
1545,1233,750,0,3
1546,1230,749,0,5
1547,1229,751,0,6
1548,1229,752,0,5
1549,1227,754,0,4
1550,1227,754,0,3
1551,1226,754,0,358
1552,1227,754,0,353
1553,1227,753,0,352
1554,1227,752,0,355
1555,1226,755,0,351
1556,1226,755,0,355
1557,1225,757,0,358
1558,1227,759,0,357
1559,1225,764,0,359
1560,1226,765,0,359
1561,1231,766,0,355
1562,1231,763,0,355
1563,1230,761,0,4
1564,1230,761,0,352
1565,1228,762,0,354
1566,1227,760,0,359
1567,1222,757,0,358
1568,1220,763,0,353
1569,1222,757,0,356
1570,1221,757,0,356
1571,1219,757,0,354
1572,1217,760,0,359
1573,1215,757,0,0
1574,1214,757,0,358
1575,1214,757,0,355
1576,1214,756,0,351
1577,1215,757,0,351
1578,1221,758,0,354
1579,1221,755,0,357
1580,1223,756,0,356
1581,1225,757,0,355
1582,1226,757,0,358
1583,1227,760,0,0
1584,1230,758,0,0
1585,1227,752,0,359
1586,1224,752,0,359
1587,1226,754,0,348
1588,1229,754,0,348
1589,1230,756,0,348
1590,1230,755,0,348
1591,1233,755,0,346
1592,1231,755,0,356
1593,1228,755,0,0
1594,1229,753,0,358
1595,1229,752,0,359
1596,1227,749,0,0
1597,1227,751,0,354
1598,1227,751,0,357
1599,1226,751,0,359
1600,1228,745,0,11
1601,1226,747,0,8
1602,1227,749,0,4
1603,1228,751,0,359
1604,1227,750,0,3
1605,1227,751,0,2
1606,1226,749,0,0
1607,1226,748,0,2
1608,1225,748,0,1
1609,1227,751,0,357
1610,1226,750,0,0
1611,1225,749,0,1
1612,1225,749,0,0
1613,1226,751,0,2
1614,1227,752,0,359
1615,1229,754,0,0
1616,1229,759,0,8
1617,1230,758,0,8
1618,1229,754,0,6
1619,1227,753,0,7
1620,1227,753,0,5
1621,1228,754,0,358
1622,1230,759,0,359
1623,1228,753,0,7
1624,1226,753,0,7
1625,1226,754,0,3
1626,1226,754,0,353
1627,1227,752,0,356
1628,1229,754,0,355
1629,1229,751,0,356
1630,1231,751,0,0
1631,1232,750,0,357
1632,1231,752,0,358
1633,1228,749,0,10
1634,1228,750,0,10
1635,1227,751,0,5
1636,1229,751,0,0
1637,1230,750,0,7
1638,1235,750,0,6
1639,1236,745,0,11
1640,1237,746,0,9
1641,1237,744,0,7
1642,1238,743,0,6
1643,1236,743,0,7
1644,1236,741,0,8
1645,1234,742,0,8
1646,1234,741,0,4
1647,1234,740,0,1
1648,1234,741,0,3
1649,1233,739,0,5
1650,1231,740,0,11
1651,1232,741,0,7
1652,1232,744,0,8
1653,1232,742,0,12
1654,1232,743,0,17
1655,1232,751,0,0
1656,1229,756,0,3
1657,1228,755,0,1
1658,1228,753,0,0
1659,1226,753,0,353
1660,1225,753,0,352
1661,1225,752,0,353
1662,1229,752,0,358
1663,1231,755,0,358
1664,1230,756,0,0
1665,1230,759,0,357
1666,1231,760,0,358
1667,1232,763,0,358
1668,1230,767,0,359
1669,1228,770,0,1
1670,1228,771,0,3
1671,1227,771,0,6
1672,1226,774,0,10
1673,1228,776,0,11
1674,1227,777,0,13
1675,1225,778,0,17
1676,1224,783,0,14
1677,1228,786,0,5
1678,1225,787,0,5
1679,1223,783,0,11
1680,1224,785,0,7
1681,1223,786,0,8
1682,1223,787,0,13
1683,1226,786,0,14
1684,1228,782,0,18
1685,1229,783,0,15
1686,1229,785,0,15
1687,1229,784,0,18
1688,1229,784,0,15
1689,1230,787,0,12
1690,1233,791,0,12
1691,1237,793,0,18
1692,1240,795,0,18
1693,1237,794,0,14
1694,1236,793,0,17
1695,1238,792,0,24
1696,1239,791,0,31
1697,1238,791,0,23
1698,1236,791,0,19
1699,1233,790,0,31
1700,1233,792,0,38
1701,1235,791,0,38
1702,1236,790,0,34
1703,1238,789,0,27
1704,1238,790,0,18
1705,1237,790,0,15
1706,1236,790,0,10
1707,1236,789,0,10
1708,1235,790,0,5
1709,1233,788,0,3
1710,1231,786,0,0
1711,1230,786,0,356
1712,1227,787,0,351
1713,1225,785,0,355
1714,1223,781,0,1
1715,1222,781,0,0
1716,1222,783,0,3
1717,1222,782,0,2
1718,1221,781,0,2
1719,1221,781,0,1
1720,1221,781,0,4
1721,1221,782,0,6
1722,1220,783,0,5
1723,1222,785,0,0
1724,1222,784,0,3
1725,1221,782,0,8
1726,1220,782,0,3
1727,1220,782,0,3
1728,1220,783,0,3
1729,1221,783,0,359
1730,1220,783,0,4
1731,1221,782,0,5
1732,1220,783,0,2
1733,1220,784,0,3
1734,1221,784,0,2
1735,1220,783,0,6
1736,1220,782,0,12
1737,1221,784,0,4
1738,1221,784,0,7
1739,1219,785,0,14
1740,1219,783,0,16
1741,1219,784,0,9
1742,1219,783,0,10
1743,1219,784,0,10
1744,1219,782,0,11
1745,1221,787,0,3
1746,1220,783,0,11
1747,1221,783,0,6
1748,1223,782,0,5
1749,1224,782,0,4
1750,1225,782,0,2
1751,1225,782,0,1
1752,1224,783,0,2
1753,1225,784,0,3
1754,1225,781,0,17
1755,1224,784,0,8
1756,1223,783,0,10
1757,1224,783,0,10
1758,1225,782,0,9
1759,1224,782,0,14
1760,1223,782,0,14
1761,1222,780,0,19
1762,1222,779,0,17
1763,1221,780,0,15
1764,1222,781,0,13
1765,1221,780,0,11
1766,1221,781,0,7
1767,1221,781,0,5
1768,1221,781,0,1
1769,1221,783,0,1
1770,1220,781,0,9
1771,1221,783,0,6
1772,1221,783,0,6
1773,1221,781,0,4
1774,1220,781,0,9
1775,1220,783,0,5
1776,1220,783,0,0
1777,1219,784,0,356
1778,1221,780,0,7
1779,1221,782,0,3
1780,1220,784,0,4
1781,1219,784,0,3
1782,1219,783,0,3
1783,1219,783,0,6
1784,1220,782,0,9
1785,1221,782,0,12
1786,1221,784,0,8
1787,1222,784,0,5
1788,1222,784,0,6
1789,1221,786,0,9
1790,1222,784,0,11
1791,1224,785,0,13
1792,1226,787,0,10
1793,1227,785,0,9
1794,1228,785,0,8
1795,1231,784,0,13
1796,1233,781,0,16
1797,1234,780,0,24
1798,1236,781,0,18
1799,1238,782,0,17
1800,1239,783,0,13
1801,1240,784,0,13
1802,1240,783,0,15
1803,1239,785,0,18
1804,1240,782,0,22
1805,1241,781,0,27
1806,1244,782,0,22
1807,1248,787,0,19
1808,1248,785,0,19
1809,1250,786,0,18
1810,1249,786,0,19
1811,1248,786,0,20
1812,1246,786,0,20
1813,1246,786,0,18
1814,1246,785,0,18
1815,1244,784,0,19
1816,1245,785,0,15
1817,1245,785,0,12
1818,1248,785,0,7
1819,1245,784,0,8
1820,1244,781,0,7
1821,1243,777,0,7
1822,1242,780,0,5
1823,1241,779,0,3
1824,1242,778,0,1
1825,1242,778,0,1
1826,1241,777,0,359
1827,1241,778,0,354
1828,1242,780,0,355
1829,1243,778,0,351
1830,1243,783,0,344
1831,1241,791,0,350
1832,1241,783,0,348
1833,1245,790,0,345
1834,1245,785,0,343
1835,1244,786,0,339
1836,1243,787,0,347
1837,1243,787,0,351
1838,1242,790,0,353
1839,1241,787,0,350
1840,1241,788,0,351
1841,1241,788,0,352
1842,1241,789,0,354
1843,1242,788,0,349
1844,1242,787,0,351
1845,1243,788,0,353
1846,1241,787,0,355
1847,1244,787,0,352
1848,1242,788,0,356
1849,1240,788,0,15
1850,1241,789,0,2
1851,1243,787,0,351
1852,1244,788,0,354
1853,1243,788,0,355
1854,1243,788,0,355
1855,1242,787,0,351
1856,1241,787,0,351
1857,1240,787,0,352
1858,1241,787,0,351
1859,1241,787,0,350
1860,1241,788,0,351
1861,1241,787,0,350
1862,1241,787,0,352
1863,1242,788,0,355
1864,1242,789,0,357
1865,1241,789,0,359
1866,1241,789,0,359
1867,1241,789,0,358
1868,1240,789,0,1
1869,1241,789,0,2
1870,1240,789,0,0
1871,1238,789,0,1
1872,1238,788,0,2
1873,1239,787,0,357
1874,1239,788,0,355
1875,1239,787,0,356
1876,1240,789,0,355
1877,1241,788,0,355
1878,1240,787,0,358
1879,1240,789,0,357
1880,1240,789,0,356
1881,1240,787,0,359
1882,1240,787,0,0
1883,1240,788,0,357
1884,1240,787,0,355
1885,1241,788,0,354
1886,1241,789,0,354
1887,1243,788,0,354
1888,1241,787,0,354
1889,1242,787,0,358
1890,1240,787,0,4
1891,1240,788,0,2
1892,1240,787,0,8
1893,1240,784,0,359
1894,1239,772,0,359
1895,1236,774,0,357
1896,1237,769,0,353
1897,1236,766,0,353
1898,1234,763,0,358
1899,1233,763,0,357
1900,1235,761,0,357
1901,1234,759,0,7
1902,1234,754,0,16
1903,1232,751,0,20
1904,1231,745,0,31
1905,1232,739,0,24
1906,1235,735,0,21
1907,1239,734,0,18
1908,1239,733,0,20
1909,1240,733,0,22
1910,1238,730,0,43
1911,1239,733,0,57
1912,1238,737,0,67
1913,1237,739,0,68
1914,1238,741,0,67
1915,1238,743,0,78
1916,1239,745,0,76
1917,1237,751,0,65
1918,1236,754,0,57
1919,1233,757,0,50
1920,1231,758,0,50
1921,1228,760,0,49
1922,1226,763,0,42
1923,1223,763,0,45
1924,1220,764,0,43
1925,1219,766,0,38
1926,1218,767,0,39
1927,1217,770,0,42
1928,1216,772,0,44
1929,1215,773,0,51
1930,1214,775,0,48
1931,1215,775,0,53
1932,1219,774,0,67
1933,1220,774,0,71
1934,1220,774,0,65
1935,1220,775,0,56
1936,1218,773,0,50
1937,1218,773,0,46
1938,1217,773,0,49
1939,1216,773,0,44
1940,1215,774,0,34
1941,1214,772,0,28
1942,1212,770,0,26
1943,1213,767,0,24
1944,1212,765,0,25
1945,1210,763,0,27
1946,1211,763,0,22
1947,1211,763,0,22
1948,1211,762,0,18
1949,1211,761,0,18
1950,1210,761,0,20
1951,1210,763,0,19
1952,1209,762,0,17
1953,1209,762,0,17
1954,1209,761,0,20
1955,1208,762,0,20
1956,1209,762,0,20
1957,1208,762,0,24
1958,1206,761,0,33
1959,1205,763,0,35
1960,1206,764,0,26
1961,1209,763,0,29
1962,1209,763,0,32
1963,1205,759,0,28
1964,1204,755,0,35
1965,1203,755,0,37
1966,1202,757,0,35
1967,1202,760,0,31
1968,1199,759,0,39
1969,1199,762,0,38
1970,1199,765,0,32
1971,1197,764,0,40
1972,1194,763,0,45
1973,1196,764,0,38
1974,1195,762,0,39
1975,1194,762,0,37
1976,1193,762,0,35
1977,1193,759,0,39
1978,1193,760,0,43
1979,1191,760,0,44
1980,1189,761,0,43
1981,1190,761,0,31
1982,1188,762,0,26
1983,1188,762,0,27
1984,1186,763,0,31
1985,1187,763,0,32
1986,1187,765,0,32
1987,1185,764,0,34
1988,1185,769,0,36
1989,1185,772,0,35
1990,1185,775,0,36
1991,1184,778,0,37
1992,1186,785,0,37
1993,1191,781,0,48
1994,1208,780,0,74
1995,1212,778,0,91
1997,1220,780,0,92
1998,1218,779,0,82
1999,1220,780,0,90
2000,1223,781,0,85
2001,1225,782,0,86
2002,1225,783,0,85
2003,1226,784,0,82
2004,1226,785,0,84
2005,1226,785,0,85
2006,1225,785,0,84
2007,1224,781,0,102
2008,1225,778,0,108
2009,1222,783,0,90
2010,1222,783,0,93
2011,1216,780,0,72
2012,1212,775,0,54
2013,1212,775,0,51
2014,1213,775,0,45
2015,1214,775,0,35
2016,1212,777,0,16
2017,1209,778,0,5
2018,1210,778,0,359
2019,1214,779,0,0
2020,1213,779,0,3
2021,1214,780,0,2
2022,1212,779,0,4
2023,1214,779,0,0
2024,1214,778,0,9
2025,1214,778,0,8
2026,1214,778,0,9
2027,1215,779,0,7
2028,1216,779,0,9
2029,1216,779,0,13
2030,1216,779,0,11
2031,1217,779,0,10
2032,1218,779,0,12
2033,1218,779,0,14
2034,1219,780,0,12
2035,1219,780,0,17
2036,1220,780,0,23
2037,1220,779,0,26
2038,1220,780,0,21
2039,1221,780,0,24
2040,1220,780,0,22
2041,1220,780,0,21
2042,1221,780,0,23
2043,1222,781,0,10
2044,1221,781,0,6
2045,1222,779,0,13
2046,1222,773,0,12
2047,1223,770,0,10
2048,1224,769,0,9
2049,1225,770,0,20
2050,1227,772,0,23
2051,1228,771,0,19
2052,1228,771,0,17
2053,1231,770,0,19
2054,1235,776,0,22
2055,1234,783,0,13
2056,1233,785,0,4
2057,1232,786,0,1
2058,1231,787,0,0
2059,1230,787,0,359
2060,1230,787,0,1
2061,1230,787,0,359
2062,1231,787,0,358
2063,1232,787,0,358
2064,1232,785,0,359
2065,1232,787,0,355
2066,1232,787,0,348
2067,1235,788,0,345
2068,1236,788,0,340
2069,1236,789,0,338
2070,1235,788,0,340
2071,1235,782,0,338
2072,1232,782,0,336
2073,1229,777,0,329
2074,1228,775,0,331
2075,1224,776,0,324
2076,1222,778,0,317
2077,1220,778,0,320
2078,1220,779,0,323
2079,1218,780,0,328
2080,1215,779,0,335
2081,1211,780,0,338
2082,1207,781,0,344
2083,1209,785,0,338
2084,1212,782,0,343
2085,1213,782,0,346
2086,1214,781,0,347
2087,1214,782,0,347
2088,1211,780,0,350
2089,1211,780,0,352
2090,1211,780,0,352
2091,1211,780,0,352
2092,1213,783,0,345
2093,1211,782,0,346
2094,1211,782,0,344
2095,1211,781,0,344
2096,1210,782,0,344
2097,1211,783,0,341
2098,1212,782,0,346
2099,1214,782,0,351
2100,1214,780,0,356
2101,1213,780,0,351
2102,1214,780,0,353
2103,1214,779,0,354
2104,1214,779,0,356
2105,1214,779,0,356
2106,1213,779,0,355
2107,1213,778,0,357
2108,1212,778,0,358
2109,1213,777,0,0
2110,1213,780,0,355
2111,1214,783,0,347
2112,1213,783,0,350
2113,1214,783,0,349
2114,1213,784,0,347
2115,1213,783,0,348
2116,1213,782,0,350
2117,1213,782,0,351
2118,1214,783,0,349
2119,1215,783,0,346
2120,1214,783,0,346
2121,1214,784,0,340
2122,1215,783,0,344
2123,1214,784,0,340
2124,1215,784,0,342
2125,1216,781,0,349
2126,1215,782,0,344
2127,1215,782,0,342
2128,1214,781,0,345
2129,1214,781,0,343
2130,1215,781,0,343
2131,1215,781,0,346
2132,1215,781,0,344
2133,1214,782,0,338
2134,1215,782,0,338
2135,1214,781,0,336
2136,1215,781,0,337
2137,1214,781,0,337
2138,1215,782,0,337
2139,1214,781,0,338
2140,1214,780,0,342
2141,1215,781,0,343
2142,1216,781,0,341
2143,1215,781,0,339
2144,1215,781,0,341
2145,1215,782,0,338
2146,1214,782,0,335
2147,1214,782,0,337
2148,1216,780,0,343
2149,1215,779,0,346
2150,1215,780,0,346
2151,1216,779,0,348
2152,1216,781,0,347
2153,1217,781,0,347
2154,1216,781,0,345
2155,1216,782,0,337
2156,1216,782,0,337
2157,1216,782,0,339
2158,1216,779,0,349
2159,1217,780,0,350
2160,1217,783,0,346
2161,1217,785,0,343
2162,1216,784,0,342
2163,1216,783,0,343
2164,1216,782,0,347
2165,1217,783,0,345
2166,1216,782,0,347
2167,1217,782,0,344
2168,1216,782,0,346
2169,1217,783,0,345
2170,1216,783,0,346
2171,1216,783,0,344
2172,1215,782,0,344
2173,1216,781,0,346
2174,1217,783,0,346
2175,1216,784,0,346
2176,1216,784,0,344
2177,1216,782,0,351
2178,1214,781,0,352
2179,1215,782,0,351
2180,1215,783,0,349
2181,1215,781,0,351
2182,1215,783,0,343
2183,1214,784,0,338
2184,1216,784,0,338
2185,1218,783,0,342
2186,1218,781,0,345
2187,1217,780,0,348
2188,1217,780,0,348
2189,1217,781,0,347
2190,1217,781,0,347
2191,1217,780,0,349
2192,1217,780,0,351
2193,1217,780,0,354
2194,1218,781,0,352
2195,1218,782,0,348
2196,1217,781,0,349
2197,1217,781,0,349
2198,1217,781,0,349
2199,1216,781,0,349
2200,1215,780,0,347
2201,1214,780,0,343
2202,1214,780,0,342
2203,1214,780,0,342
2204,1213,780,0,342
2205,1216,782,0,344
2206,1220,777,0,342
2207,1228,772,0,348
2208,1233,770,0,336
2209,1232,767,0,334
2210,1234,765,0,334
2211,1231,764,0,341
2212,1227,764,0,0
2213,1224,765,0,6
2214,1222,766,0,11
2215,1219,770,0,10
2216,1215,773,0,5
2217,1216,775,0,2
2218,1214,778,0,7
2219,1213,780,0,3
2220,1213,776,0,0
2221,1215,776,0,356
2222,1216,776,0,350
2223,1215,776,0,354
2224,1216,776,0,349
2225,1214,775,0,352
2226,1213,775,0,350
2227,1211,778,0,350
2228,1210,778,0,349
2229,1211,777,0,351
2230,1211,776,0,348
2231,1213,773,0,347
2232,1215,769,0,349
2233,1216,769,0,348
2234,1216,768,0,346
2235,1215,766,0,346
2236,1214,763,0,340
2237,1213,760,0,334
2238,1213,761,0,337
2239,1212,763,0,335
2240,1212,765,0,334
2241,1213,766,0,337
2242,1212,766,0,338
2243,1213,766,0,346
2244,1213,765,0,346
2245,1212,765,0,344
2246,1212,766,0,339
2247,1214,764,0,340
2248,1214,764,0,340
2249,1214,763,0,343
2250,1213,762,0,342
2251,1213,764,0,349
2252,1213,765,0,349
2253,1213,766,0,348
2254,1215,765,0,355
2255,1214,764,0,0
2256,1212,763,0,3
2257,1212,764,0,3
2258,1212,765,0,5
2259,1212,765,0,7
2260,1224,760,0,0
2261,1228,760,0,356
2262,1227,761,0,357
2263,1228,762,0,353
2264,1230,763,0,1
2265,1232,765,0,5
2266,1233,765,0,6
2267,1234,764,0,6
2268,1234,763,0,8
2269,1233,763,0,7
2270,1241,760,0,347
2271,1239,760,0,348
2272,1239,760,0,350
2273,1232,759,0,342
2274,1231,758,0,341
2275,1232,759,0,349
2276,1226,757,0,350
2277,1225,756,0,349
2278,1227,755,0,351
2279,1226,756,0,349
2280,1218,754,0,340
2281,1217,755,0,332
2282,1218,755,0,322
2283,1218,757,0,315
2284,1217,757,0,313
2285,1217,756,0,310
2286,1216,756,0,314
2287,1214,754,0,322
2288,1213,753,0,322
2289,1212,751,0,324
2290,1212,751,0,328
2291,1211,749,0,332
2292,1211,749,0,334
2293,1211,750,0,333
2294,1214,752,0,326
2295,1216,753,0,323
2296,1216,753,0,323
2297,1216,752,0,325
2298,1214,754,0,333
2299,1212,756,0,347
2300,1210,756,0,352
2301,1210,757,0,359
2302,1209,759,0,1
2303,1209,764,0,4
2304,1208,767,0,10
2305,1209,771,0,15
2306,1209,771,0,16
2307,1207,771,0,13
2308,1204,772,0,14
2309,1203,773,0,10
2310,1201,771,0,13
2311,1199,772,0,13
2312,1200,774,0,10
2313,1202,773,0,10
2314,1199,772,0,6
2315,1197,775,0,8
2316,1196,776,0,6
2317,1197,775,0,8
2318,1196,776,0,5
2319,1196,778,0,2
2320,1194,778,0,2
2321,1194,777,0,4
2322,1192,775,0,9
2323,1188,773,0,15
2324,1186,774,0,10
2325,1184,773,0,6
2326,1183,775,0,8
2327,1180,778,0,8
2328,1177,781,0,13
2329,1174,785,0,15
2330,1168,785,0,22
2331,1164,785,0,26
2332,1160,787,0,16
2333,1156,788,0,15
2334,1152,790,0,14
2335,1149,793,0,15
2336,1146,794,0,20
2337,1145,796,0,21
2338,1142,799,0,13
2339,1141,800,0,8
2340,1140,798,0,1
2341,1147,797,0,358
2342,1146,796,0,358
2343,1144,795,0,357
2344,1145,794,0,355
2345,1146,795,0,359
2346,1148,794,0,0
2347,1150,794,0,6
2348,1150,794,0,8
2349,1150,793,0,11
2350,1148,794,0,12
2351,1146,796,0,13
2352,1146,798,0,11
2353,1145,799,0,10
2354,1145,801,0,8
2355,1144,800,0,8
2356,1144,800,0,8
2357,1144,800,0,9
2358,1145,801,0,6
2359,1146,802,0,6
2360,1149,802,0,3
2361,1149,802,0,5
2362,1148,802,0,5
2363,1148,798,0,6
2364,1146,797,0,359
2365,1144,798,0,355
2366,1141,797,0,352
2367,1136,797,0,351
2368,1132,796,0,344
2369,1130,796,0,349
2370,1128,795,0,347
2371,1126,795,0,345
2372,1123,795,0,355
2373,1121,796,0,355
2374,1121,798,0,357
2375,1120,798,0,0
2376,1120,800,0,4
2377,1119,800,0,5
2378,1115,801,0,8
2379,1111,800,0,8
2380,1107,802,0,9
2381,1104,802,0,4
2382,1104,802,0,4
2383,1104,802,0,4
2384,1103,804,0,4
2385,1102,804,0,4
2386,1102,804,0,7
2387,1103,805,0,8
2388,1103,805,0,8
2389,1105,806,0,7
2390,1105,805,0,5
2391,1106,805,0,4
2392,1106,805,0,4
2393,1104,804,0,3
2394,1104,804,0,0
2395,1103,803,0,0
2396,1102,803,0,3
2397,1101,803,0,4
2398,1100,803,0,5
2399,1100,803,0,5
2400,1100,803,0,5
2401,1098,803,0,2
2402,1098,804,0,5
2403,1097,804,0,6
2404,1097,804,0,5
2405,1096,804,0,6
2406,1095,805,0,8
2407,1094,806,0,8
2408,1093,805,0,6
2409,1093,805,0,5
2410,1093,805,0,5
2411,1093,806,0,6
2412,1092,806,0,6
2413,1093,806,0,6
2414,1092,806,0,8
2415,1092,806,0,7
2416,1091,806,0,9
2417,1092,806,0,7
2418,1091,806,0,6
2419,1091,806,0,5
2420,1091,805,0,3
2421,1091,805,0,3
2422,1091,805,0,4
2423,1091,806,0,3
2424,1091,806,0,5
2425,1092,807,0,6
2426,1092,807,0,6
2427,1093,808,0,5
2428,1093,808,0,7
2429,1093,809,0,5
2430,1094,811,0,1
2431,1093,813,0,358
2432,1093,813,0,0
2433,1091,813,0,358
2434,1089,813,0,354
2435,1088,813,0,353
2436,1087,813,0,350
2437,1084,813,0,346
2438,1084,811,0,336
2439,1082,808,0,329
2440,1076,805,0,319
2441,1075,804,0,323
2442,1075,802,0,326
2443,1074,801,0,328
2444,1073,801,0,328
2445,1071,802,0,329
2446,1070,803,0,322
2447,1069,801,0,322
2448,1068,799,0,331
2449,1066,796,0,335
2450,1065,794,0,331
2451,1066,794,0,333
2452,1067,798,0,328
2453,1067,799,0,330
2454,1068,799,0,331
2455,1068,799,0,331
2456,1069,799,0,331
2457,1069,799,0,329
2458,1069,799,0,328
2459,1069,797,0,326
2460,1069,796,0,330
2461,1069,797,0,327
2462,1069,796,0,330
2463,1070,796,0,330
2464,1069,796,0,331
2465,1070,797,0,331
2466,1069,796,0,330
2467,1068,795,0,330
2468,1068,795,0,334
2469,1068,795,0,336
2470,1068,795,0,335
2471,1068,792,0,340
2472,1069,791,0,344
2473,1072,790,0,346
2474,1072,790,0,350
2475,1072,790,0,345
2476,1072,787,0,338
2477,1070,785,0,336
2478,1065,780,0,343
2479,1062,780,0,342
2480,1058,782,0,341
2481,1054,782,0,344
2482,1052,782,0,346
2483,1049,783,0,355
2484,1047,784,0,2
2485,1042,787,0,4
2486,1037,790,0,8
2487,1032,794,0,13
2488,1028,797,0,21
2489,1026,800,0,22
2490,1024,801,0,26
2491,1025,802,0,26
2492,1026,803,0,27
2493,1026,804,0,29
2494,1024,803,0,24
2495,1024,801,0,12
2496,1022,799,0,3
2497,1018,797,0,359
2498,1013,796,0,353
2499,1010,795,0,355
2500,1008,797,0,357
2501,1009,798,0,349
2502,1007,798,0,349
2503,1006,796,0,351
2504,1004,795,0,356
2505,1003,796,0,2
2506,999,795,0,5
2507,994,797,0,10
2508,991,797,0,8
2509,992,796,0,7
2510,995,797,0,3
2511,995,798,0,359
2512,993,799,0,359
2513,991,798,0,355
2514,987,795,0,355
2515,984,790,0,3
2516,984,793,0,2
2517,982,795,0,2
2518,979,795,0,3
2519,975,795,0,2
2520,973,794,0,0
2521,972,793,0,358
2522,972,794,0,357
2523,971,793,0,355
2524,970,793,0,356
2525,967,793,0,357
2526,965,793,0,359
2527,962,791,0,359
2528,960,790,0,354
2529,956,790,0,351
2530,953,789,0,345
2531,950,787,0,347
2532,949,786,0,341
2533,946,786,0,337
2534,945,782,0,336
2535,946,779,0,334
2536,945,779,0,335
2537,945,780,0,332
2538,945,781,0,334
2539,944,782,0,336
2540,944,781,0,335
2541,942,780,0,333
2542,941,780,0,333
2543,941,780,0,332
2544,941,779,0,334
2545,939,779,0,339
2546,937,777,0,337
2547,936,776,0,334
2548,937,777,0,342
2549,937,777,0,340
2550,938,776,0,339
2551,937,778,0,337
2552,938,779,0,343
2553,935,776,0,343
2554,932,773,0,330
2555,928,772,0,349
2556,928,772,0,346
2557,930,773,0,343
2558,935,773,0,343
2559,936,774,0,350
2560,935,774,0,347
2561,935,772,0,337
2562,936,771,0,349
2563,950,761,0,358
2564,952,762,0,352
2565,947,766,0,359
2566,946,775,0,17
2567,945,781,0,27
2568,943,785,0,39
2569,945,799,0,42
2570,950,805,0,35
2571,950,806,0,25
2572,950,809,0,10
2573,947,811,0,5
2574,945,811,0,2
2575,948,813,0,358
2576,947,813,0,359
2577,947,816,0,359
2578,946,817,0,348
2579,946,815,0,345
2580,943,814,0,348
2581,942,814,0,346
2582,940,815,0,342
2583,940,814,0,340
2584,939,813,0,339
2585,942,812,0,333
2586,949,807,0,323
2587,949,809,0,317
2588,947,809,0,308
2589,951,806,0,300
2590,954,802,0,298
2591,955,800,0,299
2592,955,799,0,299
2593,957,797,0,298
2594,956,794,0,303
2595,954,789,0,312
2596,951,786,0,310
2597,949,785,0,315
2598,948,784,0,318
2599,948,779,0,324
2600,943,779,0,336
2601,942,779,0,325
2602,940,779,0,332
2603,940,777,0,328
2604,939,776,0,329
2605,938,776,0,330
2606,937,773,0,328
2607,937,774,0,333
2608,937,775,0,329
2609,937,776,0,324
2610,929,773,0,344
2611,933,773,0,333
2612,931,772,0,335
2613,931,774,0,330
2614,930,773,0,335
2615,932,772,0,334
2616,931,772,0,330
2617,931,773,0,333
2618,934,773,0,330
2619,931,771,0,339
2620,932,771,0,339
2621,934,770,0,334
2622,934,769,0,340
2623,933,768,0,349
2624,935,770,0,343
2625,935,770,0,341
2626,940,765,0,355
2627,946,759,0,358
2628,951,764,0,353
2629,953,766,0,348
2630,954,771,0,330
2631,952,771,0,327
2632,954,772,0,313
2633,951,774,0,311
2634,948,777,0,304
2635,948,771,0,301
2636,949,764,0,303
2637,949,760,0,303
2638,951,755,0,299
2639,951,751,0,290
2640,949,748,0,288
2641,949,746,0,281
2642,949,746,0,279
2643,952,747,0,290
2644,951,741,0,302
2645,946,738,0,300
2646,943,735,0,303
2647,939,731,0,305
2648,943,729,0,308
2649,943,730,0,312
2650,944,730,0,314
2651,942,730,0,312
2652,940,730,0,309
2653,940,732,0,316
2654,940,733,0,315
2655,940,736,0,319
2656,937,740,0,321
2657,940,744,0,322
2658,941,738,0,320
2659,940,733,0,312
2660,939,732,0,308
2661,940,733,0,313
2662,938,732,0,318
2663,932,733,0,323
2664,927,733,0,329
2665,925,733,0,332
2666,919,734,0,339
2667,917,736,0,344
2668,912,732,0,348
2669,911,728,0,344
2670,907,725,0,334
2671,900,726,0,333
2672,895,724,0,335
2673,895,724,0,335
2674,895,718,0,347
2675,899,715,0,359
2676,901,712,0,349
2677,906,707,0,344
2678,910,704,0,357
2679,907,701,0,3
2680,907,696,0,12
2681,910,690,0,16
2682,920,684,0,13
2683,921,686,0,15
2684,919,692,0,23
2685,916,700,0,36
2686,910,705,0,50
2687,907,716,0,56
2688,905,723,0,58
2689,901,730,0,66
2690,901,735,0,56
2691,899,738,0,57
2692,896,739,0,58
2693,892,742,0,54
2694,888,751,0,49
2695,886,756,0,48
2696,885,758,0,45
2697,880,762,0,43
2698,879,764,0,45
2699,877,768,0,49
2700,880,764,0,59
2701,881,769,0,76
2702,886,775,0,83
2703,889,780,0,92
2704,893,779,0,96
2705,897,777,0,105
2706,903,775,0,110
2707,906,774,0,110
2708,906,774,0,108
2709,907,779,0,106
2710,909,779,0,104
2711,911,781,0,103
2712,915,772,0,94
2713,916,776,0,93
2714,915,785,0,89
2715,917,789,0,90
2716,917,794,0,86
2717,916,796,0,90
2718,917,800,0,88
2719,917,803,0,91
2720,918,805,0,90
2721,918,807,0,88
2722,916,810,0,94
2723,915,813,0,99
2724,917,814,0,93
2725,917,814,0,93
2726,919,813,0,89
2727,920,810,0,87
2728,920,805,0,86
2729,918,803,0,84
2730,920,811,0,79
2731,920,817,0,86
2732,921,825,0,84
2733,921,835,0,78
2734,924,836,0,72
2735,923,837,0,73
2736,922,837,0,73
2737,925,836,0,74
2738,924,837,0,73
2739,923,839,0,72
2740,922,840,0,74
2741,921,841,0,72
2742,925,838,0,66
2743,924,834,0,67
2744,914,841,0,79
2745,915,842,0,68
2746,911,839,0,81
2747,904,841,0,87
2748,905,839,0,88
2749,908,838,0,92
2750,910,839,0,93
2751,912,836,0,92
2752,912,834,0,82
2753,911,838,0,85
2754,910,839,0,66
2755,905,849,0,62
2756,904,857,0,62
2757,902,866,0,54
2758,897,871,0,44
2759,892,874,0,44
2760,891,876,0,47
2761,889,880,0,49
2762,893,882,0,54
2763,895,881,0,59
2764,904,883,0,61
2765,904,883,0,60
2766,906,878,0,49
2767,907,873,0,38
2768,907,869,0,23
2769,902,869,0,21
2770,900,870,0,20
2771,896,872,0,23
2772,893,870,0,18
2773,893,873,0,17
2774,889,875,0,21
2775,881,882,0,30
2776,878,883,0,28
2777,872,885,0,25
2778,870,885,0,23
2779,872,889,0,19
2780,870,890,0,10
2781,866,893,0,6
2782,859,893,0,5
2783,860,899,0,1
2784,860,903,0,351
2785,859,907,0,345
2786,858,910,0,343
2787,860,911,0,353
2788,863,913,0,0
2789,867,917,0,19
2790,867,922,0,27
2791,871,928,0,35
2792,870,930,0,29
2793,868,933,0,33
2794,867,931,0,40
2795,869,936,0,44
2796,871,940,0,51
2797,871,946,0,57
2798,872,951,0,66
2799,866,955,0,70
2800,869,955,0,74
2801,869,957,0,79
2802,871,965,0,81
2803,867,974,0,83
2804,872,984,0,65
2805,874,987,0,62
2806,873,995,0,57
2807,870,997,0,57
2808,869,999,0,57
2809,868,1000,0,59
2810,868,1001,0,63
2811,874,992,0,61
2812,871,991,0,66
2813,872,990,0,71
2814,874,988,0,73
2815,873,988,0,77
2816,876,988,0,76
2817,878,988,0,83
2818,881,987,0,93
2819,884,985,0,91
2820,884,984,0,90
2821,885,983,0,98
2822,897,980,0,114
2823,895,986,0,112
2824,904,988,0,122
2825,907,988,0,132
2826,911,991,0,140
2827,917,994,0,154
2828,918,997,0,163
2829,920,999,0,167
2830,924,996,0,167
2831,920,994,0,160
2832,919,992,0,151
2833,928,999,0,133
2834,933,1006,0,117
2835,932,1011,0,115
2836,933,1017,0,107
2837,936,1019,0,105
2838,937,1018,0,112
2839,939,1016,0,118
2840,944,1014,0,124
2841,943,1014,0,126
2842,944,1016,0,129
2843,945,1021,0,129
2844,946,1024,0,130
2845,949,1027,0,133
2846,949,1029,0,137
2847,951,1030,0,132
2848,951,1032,0,135
2849,951,1034,0,136
2850,952,1035,0,139
2851,954,1035,0,141
2852,954,1035,0,134
2853,954,1036,0,138
2854,953,1035,0,138
2855,956,1036,0,140
2856,960,1036,0,133
2857,961,1037,0,129
2858,958,1035,0,133
2859,956,1036,0,135
2860,956,1033,0,132
2861,958,1031,0,119
2862,961,1031,0,111
2863,963,1031,0,106
2864,965,1030,0,99
2865,966,1030,0,94
2866,967,1030,0,88
2867,967,1027,0,88
2868,968,1027,0,87
2869,985,1027,0,59
2870,993,1029,0,49
2871,994,1028,0,48
2872,991,1029,0,49
2873,986,1025,0,56
2874,982,1022,0,63
2875,979,1019,0,68
2876,978,1018,0,67
2877,977,1019,0,74
2878,976,1020,0,78
2879,975,1019,0,77
2880,975,1018,0,78
2881,976,1018,0,72
2882,974,1013,0,67
2883,971,1012,0,51
2884,968,1013,0,49
2885,965,1014,0,50
2886,963,1018,0,41
2887,960,1019,0,36
2888,962,1017,0,30
2889,963,1016,0,27
2890,963,1018,0,32
2891,961,1018,0,33
2892,959,1019,0,28
2893,959,1020,0,27
2894,957,1021,0,28
2895,958,1021,0,27
2896,958,1020,0,29
2897,959,1020,0,29
2898,959,1021,0,23
2899,960,1020,0,26
2900,959,1019,0,30
2901,959,1020,0,30
2902,958,1020,0,30
2903,958,1020,0,31
2904,958,1020,0,30
2905,958,1020,0,29
2906,958,1019,0,29
2907,959,1019,0,27
2908,962,1020,0,25
2909,962,1020,0,28
2910,953,1023,0,25
2911,961,1019,0,26
2912,960,1020,0,26
2913,960,1020,0,25
2914,959,1020,0,23
2915,959,1020,0,23
2916,959,1020,0,23
2917,960,1020,0,23
2918,960,1020,0,25
2919,959,1021,0,24
2920,959,1021,0,26
2921,958,1022,0,25
2922,958,1022,0,24
2923,958,1022,0,24
2924,957,1022,0,24
2925,957,1022,0,24
2926,958,1021,0,23
2927,958,1021,0,25
2928,958,1021,0,25
2929,959,1020,0,26
2930,958,1019,0,31
2931,959,1018,0,31
2932,959,1016,0,28
2933,963,1018,0,20
2934,962,1015,0,26
2935,964,1013,0,22
2936,968,1011,0,15
2937,969,1010,0,2
2938,969,1006,0,349
2939,972,1005,0,348
2940,970,1003,0,355
2941,968,1004,0,357
2942,966,1003,0,356
2943,964,1002,0,357
2944,964,1004,0,353
2945,963,1003,0,351
2946,962,1004,0,349
2947,961,1004,0,348
2948,962,1004,0,352
2949,962,1004,0,351
2950,965,1005,0,347
2951,964,1005,0,351
2952,963,1005,0,352
2953,962,1005,0,353
2954,962,1005,0,352
2955,963,1006,0,354
2956,962,1007,0,355
2957,961,1007,0,356
2958,961,1007,0,356
2959,960,1008,0,356
2960,960,1008,0,357
2961,961,1008,0,356
2962,961,1008,0,358
2963,962,1006,0,359
2964,962,1006,0,358
2965,961,1006,0,356
2966,961,1005,0,356
2967,961,1005,0,356
2968,960,1005,0,355
2969,960,1005,0,358
2970,961,1005,0,355
2971,961,1005,0,355
2972,960,1005,0,355
2973,961,1005,0,358
2974,961,1005,0,358
2975,962,1005,0,0
2976,962,1005,0,2
2977,962,1005,0,0
2978,962,1004,0,1
2979,963,1004,0,1
2980,963,1004,0,359
2981,963,1004,0,0
2982,963,1004,0,0
2983,963,1004,0,0
2984,963,1004,0,359
2985,963,1003,0,359
2986,962,1003,0,357
2987,961,1003,0,358
2988,962,1003,0,359
2989,962,1003,0,358
2990,961,1002,0,359
2991,962,1002,0,358
2992,962,1002,0,357
2993,961,1002,0,355
2994,960,1003,0,357
2995,960,1003,0,356
2996,959,1002,0,354
2997,958,1002,0,355
2998,958,1002,0,354
2999,959,1002,0,353
