0,147,1830,0,87
1,145,1836,0,89
2,147,1836,0,85
3,146,1836,0,84
4,145,1835,0,82
5,147,1839,0,77
6,150,1844,0,83
7,149,1845,0,81
8,145,1855,0,92
9,145,1858,0,92
10,145,1861,0,93
11,147,1866,0,101
12,147,1873,0,96
13,148,1868,0,91
14,148,1868,0,94
15,148,1874,0,112
16,151,1880,0,114
17,154,1887,0,106
18,159,1893,0,125
19,162,1902,0,135
20,169,1908,0,130
21,177,1913,0,137
22,186,1915,0,137
23,185,1922,0,125
24,187,1927,0,112
25,191,1927,0,130
26,196,1929,0,137
27,205,1930,0,147
28,209,1929,0,161
29,210,1927,0,154
30,209,1926,0,149
31,207,1926,0,150
32,206,1929,0,145
33,206,1929,0,157
34,210,1928,0,170
35,215,1928,0,176
36,224,1929,0,176
37,232,1930,0,181
38,235,1930,0,180
39,241,1928,0,180
40,247,1927,0,191
41,253,1927,0,197
42,264,1929,0,184
43,268,1930,0,181
44,272,1929,0,181
45,277,1928,0,181
46,275,1927,0,183
47,277,1925,0,186
48,277,1923,0,188
49,276,1922,0,198
50,275,1921,0,198
51,279,1920,0,202
52,284,1919,0,200
53,287,1919,0,199
54,290,1917,0,198
55,290,1914,0,204
56,296,1912,0,212
57,302,1907,0,226
58,298,1906,0,228
59,296,1904,0,234
60,296,1905,0,236
61,294,1905,0,232
62,295,1901,0,231
63,296,1903,0,241
64,297,1901,0,239
65,299,1903,0,232
66,300,1906,0,224
67,303,1909,0,217
68,305,1908,0,205
69,307,1909,0,205
70,308,1910,0,206
71,311,1907,0,204
72,313,1905,0,204
73,315,1904,0,211
74,319,1903,0,212
75,324,1902,0,209
76,325,1898,0,207
77,328,1898,0,211
78,331,1891,0,208
79,334,1889,0,203
80,339,1888,0,202
81,341,1885,0,193
82,344,1884,0,201
83,350,1882,0,199
84,354,1882,0,194
85,358,1878,0,194
86,362,1878,0,193
87,366,1877,0,192
88,371,1877,0,190
89,377,1876,0,193
90,378,1877,0,186
91,384,1877,0,172
92,388,1877,0,169
93,390,1877,0,178
94,390,1877,0,186
95,391,1878,0,191
96,390,1880,0,197
97,389,1878,0,190
98,390,1877,0,192
99,390,1875,0,198
100,393,1874,0,188
101,394,1877,0,178
102,400,1879,0,173
103,404,1883,0,172
104,411,1885,0,160
105,419,1889,0,156
106,431,1895,0,154
107,437,1896,0,146
108,442,1896,0,145
109,446,1900,0,146
110,457,1893,0,154
111,465,1895,0,155
112,468,1899,0,176
113,470,1902,0,180
114,474,1910,0,168
115,477,1912,0,169
116,479,1914,0,154
117,478,1919,0,138
118,480,1922,0,129
119,482,1923,0,137
120,486,1923,0,141
121,492,1924,0,147
122,495,1926,0,155
123,500,1927,0,156
124,508,1925,0,168
125,509,1926,0,171
126,510,1926,0,174
127,512,1925,0,184
128,514,1925,0,191
129,514,1924,0,193
130,514,1923,0,193
131,517,1922,0,184
132,518,1921,0,182
133,519,1922,0,178
134,518,1922,0,173
135,524,1926,0,163
136,526,1931,0,158
137,528,1933,0,154
138,530,1937,0,147
139,530,1941,0,142
140,530,1944,0,128
141,530,1950,0,109
142,530,1952,0,101
143,527,1953,0,117
144,526,1956,0,111
145,526,1960,0,95
146,525,1963,0,91
147,523,1966,0,87
148,517,1971,0,97
149,516,1972,0,97
150,515,1976,0,95
151,512,1979,0,98
152,516,1983,0,95
153,517,1987,0,102
154,515,1989,0,106
155,512,1995,0,106
156,509,2001,0,102
157,511,2006,0,104
158,510,2007,0,106
159,509,2005,0,106
160,508,2005,0,106
161,508,2007,0,109
162,510,2010,0,118
163,513,2010,0,122
164,515,2013,0,123
165,517,2014,0,135
166,523,2016,0,143
167,529,2019,0,153
168,536,2018,0,168
169,541,2016,0,171
170,543,2017,0,173
171,548,2018,0,181
172,549,2016,0,180
173,550,2015,0,190
174,551,2015,0,191
175,552,2014,0,192
176,554,2014,0,193
177,552,2013,0,197
178,550,2013,0,195
179,549,2013,0,196
180,549,2013,0,194
181,549,2013,0,193
182,550,2015,0,187
183,551,2017,0,183
184,552,2018,0,180
185,556,2017,0,178
186,559,2018,0,176
187,562,2020,0,174
188,564,2022,0,171
189,566,2025,0,162
190,568,2029,0,153
191,572,2033,0,141
192,575,2037,0,139
193,582,2039,0,143
194,585,2040,0,155
195,588,2043,0,156
196,591,2045,0,150
197,588,2046,0,139
198,587,2047,0,123
199,586,2052,0,119
200,587,2058,0,114
201,589,2059,0,93
202,586,2063,0,88
203,587,2069,0,97
204,584,2074,0,104
205,582,2077,0,104
206,580,2079,0,103
207,581,2079,0,104
208,579,2077,0,100
209,582,2084,0,104
210,582,2081,0,109
211,586,2081,0,126
212,589,2082,0,136
213,598,2083,0,149
214,608,2086,0,157
215,610,2088,0,154
216,615,2091,0,150
217,618,2094,0,152
218,621,2094,0,149
219,623,2096,0,157
220,624,2096,0,157
221,624,2095,0,157
222,624,2095,0,156
223,624,2095,0,155
224,624,2095,0,154
225,624,2096,0,156
226,625,2096,0,155
227,624,2095,0,153
228,624,2095,0,151
229,625,2096,0,150
230,624,2095,0,149
231,624,2096,0,149
232,624,2096,0,151
233,625,2096,0,152
234,625,2095,0,152
235,624,2095,0,150
236,623,2094,0,154
237,623,2094,0,153
238,621,2093,0,156
239,620,2093,0,158
240,619,2094,0,157
241,619,2093,0,167
242,616,2092,0,189
243,612,2089,0,195
244,610,2087,0,218
245,610,2084,0,229
246,614,2080,0,232
247,618,2073,0,236
248,621,2065,0,251
249,621,2059,0,254
250,621,2056,0,258
251,622,2052,0,255
252,622,2047,0,255
253,622,2043,0,254
254,622,2039,0,249
255,624,2032,0,258
256,626,2028,0,253
257,626,2026,0,248
258,626,2026,0,251
259,625,2026,0,256
260,624,2027,0,257
261,623,2026,0,258
262,622,2026,0,265
263,621,2025,0,269
264,621,2023,0,271
265,621,2021,0,275
266,620,2019,0,277
267,621,2018,0,280
268,621,2013,0,283
269,621,2011,0,286
270,619,2009,0,278
271,612,2005,0,281
272,611,2002,0,282
273,610,2001,0,279
274,608,1997,0,281
275,608,1998,0,285
276,609,1994,0,280
277,612,1993,0,273
278,616,1992,0,269
279,619,1992,0,264
280,624,1994,0,257
281,626,1994,0,258
282,626,1992,0,258
283,631,1994,0,247
284,634,1995,0,240
285,634,1993,0,234
286,635,1992,0,232
287,636,1992,0,234
288,638,1992,0,234
289,639,1989,0,239
290,642,1982,0,237
291,647,1978,0,233
292,654,1975,0,222
293,664,1977,0,220
294,670,1981,0,219
295,673,1973,0,218
296,674,1970,0,216
297,676,1971,0,211
298,675,1974,0,201
299,677,1970,0,204
300,679,1967,0,208
301,683,1958,0,213
302,686,1954,0,214
303,689,1954,0,220
304,689,1951,0,227
305,691,1946,0,232
306,692,1943,0,235
307,691,1940,0,238
308,688,1939,0,240
309,688,1934,0,241
310,688,1931,0,239
311,687,1931,0,239
312,687,1930,0,233
313,688,1927,0,222
314,690,1928,0,228
315,689,1927,0,225
316,689,1927,0,222
317,688,1928,0,221
318,689,1926,0,218
319,691,1926,0,215
320,690,1926,0,216
321,691,1926,0,217
322,692,1926,0,220
323,694,1925,0,220
324,693,1925,0,220
325,694,1924,0,217
326,694,1925,0,214
327,695,1926,0,212
328,695,1926,0,213
329,695,1926,0,211
330,694,1926,0,211
331,696,1925,0,213
332,696,1925,0,214
333,695,1925,0,212
334,695,1926,0,211
335,695,1925,0,213
336,694,1926,0,214
337,694,1927,0,215
338,692,1929,0,215
339,690,1929,0,220
340,688,1925,0,219
341,686,1924,0,213
342,686,1920,0,211
343,686,1918,0,205
344,686,1919,0,203
345,686,1918,0,208
346,688,1920,0,208
347,687,1919,0,209
348,689,1918,0,207
349,689,1918,0,203
350,691,1918,0,206
351,692,1918,0,206
352,693,1919,0,210
353,695,1918,0,208
354,697,1917,0,212
355,699,1916,0,212
356,703,1913,0,214
357,708,1913,0,217
358,711,1909,0,223
359,716,1907,0,225
360,716,1905,0,228
361,722,1902,0,235
362,727,1898,0,248
363,728,1893,0,250
364,732,1892,0,256
365,728,1891,0,259
366,724,1891,0,265
367,722,1891,0,269
368,720,1890,0,268
369,720,1892,0,272
370,722,1896,0,268
371,724,1898,0,267
372,725,1898,0,261
373,725,1895,0,255
374,727,1891,0,253
375,726,1892,0,249
376,727,1891,0,248
377,730,1895,0,243
378,735,1890,0,228
379,740,1889,0,226
380,748,1892,0,222
381,747,1893,0,214
382,749,1891,0,216
383,753,1890,0,219
384,758,1887,0,215
385,761,1887,0,216
386,761,1887,0,216
387,762,1887,0,206
388,762,1887,0,211
389,765,1886,0,203
390,768,1887,0,203
391,769,1886,0,205
392,771,1887,0,202
393,773,1891,0,201
394,775,1891,0,199
395,776,1891,0,199
396,779,1892,0,196
397,782,1895,0,193
398,782,1893,0,197
399,784,1888,0,199
400,789,1890,0,203
401,789,1887,0,208
402,788,1880,0,205
403,795,1886,0,203
404,801,1883,0,202
405,805,1881,0,205
406,807,1879,0,205
407,809,1878,0,200
408,812,1877,0,200
409,812,1876,0,192
410,811,1876,0,194
411,810,1876,0,199
412,811,1873,0,211
413,812,1874,0,217
414,812,1876,0,210
415,810,1881,0,199
416,808,1886,0,186
417,805,1887,0,184
418,802,1890,0,176
419,804,1889,0,163
420,806,1890,0,161
421,807,1889,0,157
422,807,1889,0,152
423,810,1891,0,158
424,811,1893,0,164
425,813,1894,0,162
426,814,1897,0,165
427,814,1904,0,175
428,818,1908,0,186
429,825,1908,0,192
430,833,1907,0,199
431,838,1903,0,208
432,843,1900,0,226
433,844,1895,0,237
434,845,1892,0,248
435,847,1891,0,257
436,848,1887,0,274
437,846,1883,0,279
438,846,1884,0,273
439,842,1879,0,275
440,843,1877,0,267
441,844,1870,0,261
442,847,1863,0,265
443,848,1860,0,260
444,849,1855,0,257
445,851,1851,0,254
446,853,1844,0,246
447,856,1840,0,239
448,857,1838,0,242
449,860,1835,0,249
450,859,1831,0,254
451,860,1829,0,251
452,863,1829,0,247
453,863,1830,0,239
454,864,1829,0,235
455,865,1827,0,234
456,870,1828,0,227
457,871,1828,0,225
458,873,1828,0,228
460,873,1828,0,229
464,872,1830,0,226
465,872,1829,0,231
466,872,1827,0,234
467,873,1824,0,237
468,874,1821,0,245
469,875,1819,0,249
470,874,1816,0,252
471,874,1815,0,251
472,872,1816,0,252
473,870,1815,0,249
474,871,1814,0,246
475,871,1813,0,247
476,871,1813,0,248
477,869,1814,0,249
478,868,1813,0,251
479,869,1812,0,253
480,871,1812,0,255
481,874,1811,0,253
482,875,1810,0,256
483,871,1809,0,253
484,869,1806,0,256
485,870,1806,0,262
486,869,1808,0,263
487,872,1808,0,263
488,879,1810,0,258
489,875,1808,0,262
490,873,1805,0,264
491,871,1805,0,266
492,870,1803,0,264
493,869,1799,0,266
494,868,1795,0,265
495,865,1791,0,254
496,865,1791,0,251
497,865,1788,0,250
498,867,1787,0,246
499,869,1788,0,251
500,870,1788,0,257
501,874,1785,0,256
502,880,1786,0,258
503,883,1784,0,261
504,883,1785,0,258
505,884,1789,0,253
506,884,1791,0,255
507,883,1791,0,254
508,883,1792,0,253
509,882,1794,0,251
510,880,1791,0,253
511,878,1789,0,257
512,877,1788,0,261
513,876,1787,0,264
514,878,1786,0,266
515,878,1786,0,269
516,877,1785,0,268
517,875,1787,0,269
518,873,1786,0,269
520,874,1788,0,273
521,876,1791,0,271
522,877,1792,0,264
523,875,1792,0,265
524,872,1791,0,269
525,869,1792,0,270
526,866,1791,0,275
527,865,1792,0,275
528,866,1793,0,285
529,866,1798,0,288
530,865,1797,0,292
531,865,1796,0,301
532,863,1796,0,301
533,868,1794,0,301
534,869,1793,0,300
535,868,1794,0,298
536,869,1793,0,297
537,869,1797,0,291
538,866,1797,0,283
539,865,1797,0,283
540,865,1796,0,282
541,867,1794,0,286
542,871,1794,0,297
543,870,1794,0,296
544,871,1794,0,300
545,870,1794,0,297
546,870,1791,0,291
547,868,1791,0,280
548,866,1790,0,270
549,867,1789,0,265
550,868,1789,0,259
551,874,1787,0,251
552,876,1781,0,245
553,879,1776,0,242
554,894,1773,0,237
555,892,1770,0,234
556,894,1769,0,230
557,894,1769,0,221
558,896,1768,0,219
559,898,1768,0,213
560,899,1769,0,209
561,899,1771,0,207
562,904,1772,0,202
563,908,1773,0,199
564,910,1773,0,203
565,914,1774,0,195
566,918,1773,0,196
567,921,1773,0,196
568,923,1774,0,191
569,925,1774,0,193
570,928,1774,0,187
571,931,1775,0,181
572,933,1775,0,182
573,933,1776,0,182
574,932,1777,0,178
575,934,1778,0,186
576,935,1776,0,188
577,936,1775,0,193
578,937,1774,0,198
579,937,1773,0,202
580,938,1769,0,212
581,939,1767,0,211
582,942,1769,0,209
583,946,1768,0,203
584,948,1769,0,204
585,950,1766,0,206
586,951,1765,0,207
587,951,1764,0,210
588,950,1760,0,220
589,950,1759,0,223
590,949,1758,0,230
591,952,1758,0,243
592,954,1755,0,244
593,958,1754,0,251
594,959,1749,0,257
595,959,1746,0,259
596,959,1743,0,259
597,958,1741,0,262
598,958,1742,0,261
599,961,1745,0,262
600,960,1743,0,262
601,958,1737,0,270
602,957,1735,0,273
603,957,1731,0,273
604,958,1726,0,276
605,956,1722,0,281
606,954,1714,0,288
607,954,1709,0,285
608,954,1705,0,286
609,951,1704,0,280
610,950,1700,0,280
611,948,1693,0,281
612,947,1689,0,278
613,946,1687,0,273
614,947,1687,0,269
615,950,1686,0,276
616,951,1685,0,277
617,950,1685,0,274
618,950,1686,0,274
619,949,1688,0,275
620,951,1692,0,279
621,952,1695,0,276
622,952,1695,0,273
623,954,1700,0,280
624,953,1702,0,280
625,953,1701,0,279
626,953,1702,0,275
627,954,1705,0,277
628,956,1705,0,273
629,955,1709,0,276
630,956,1709,0,279
631,956,1708,0,281
632,957,1709,0,282
633,957,1709,0,282
634,957,1710,0,283
635,957,1710,0,283
636,957,1710,0,285
637,956,1710,0,284
638,957,1710,0,280
639,957,1710,0,279
640,957,1711,0,278
641,957,1710,0,277
642,957,1710,0,278
643,957,1710,0,277
644,958,1711,0,277
645,958,1710,0,276
646,958,1711,0,277
647,957,1712,0,275
648,957,1712,0,277
649,957,1712,0,276
650,957,1712,0,274
651,958,1710,0,267
652,959,1708,0,257
653,959,1710,0,260
654,959,1710,0,256
655,959,1710,0,259
656,959,1711,0,263
657,959,1710,0,260
658,959,1710,0,261
659,959,1712,0,263
660,959,1712,0,263
661,960,1712,0,264
662,960,1712,0,263
663,960,1713,0,266
664,960,1713,0,265
665,960,1713,0,263
666,960,1713,0,264
667,960,1713,0,263
668,962,1713,0,263
669,963,1715,0,263
670,963,1716,0,266
671,963,1715,0,267
672,964,1715,0,268
673,963,1716,0,268
674,963,1716,0,268
675,963,1716,0,267
676,963,1717,0,266
677,964,1716,0,270
678,964,1716,0,269
679,964,1717,0,270
680,964,1717,0,270
681,964,1717,0,270
682,964,1717,0,270
683,965,1717,0,270
684,965,1719,0,268
685,964,1719,0,268
686,965,1719,0,270
687,965,1717,0,271
688,965,1718,0,273
689,965,1718,0,276
690,965,1718,0,274
691,964,1720,0,273
692,965,1721,0,273
693,964,1719,0,272
694,964,1720,0,272
695,965,1718,0,272
696,965,1715,0,270
697,964,1710,0,267
698,964,1706,0,266
699,963,1702,0,265
700,964,1700,0,263
701,963,1699,0,260
702,962,1699,0,261
703,962,1699,0,266
704,959,1698,0,268
705,956,1698,0,275
707,951,1698,0,291
710,947,1698,0,299
711,946,1698,0,300
712,946,1697,0,301
713,945,1694,0,305
714,945,1694,0,307
715,942,1696,0,310
716,941,1696,0,308
717,942,1697,0,305
718,942,1695,0,304
719,943,1694,0,299
720,945,1695,0,301
721,946,1695,0,302
722,950,1696,0,300
724,949,1696,0,299
725,948,1696,0,298
726,947,1695,0,298
727,947,1693,0,296
728,947,1694,0,292
729,948,1691,0,290
730,949,1689,0,290
731,948,1686,0,290
732,949,1680,0,289
733,946,1675,0,290
734,944,1673,0,285
735,941,1669,0,285
736,940,1661,0,277
737,940,1662,0,271
738,940,1660,0,268
739,940,1659,0,262
740,939,1661,0,259
741,938,1660,0,255
742,939,1660,0,254
743,938,1660,0,252
744,941,1657,0,242
745,942,1656,0,238
746,942,1651,0,244
747,941,1647,0,238
748,941,1648,0,238
749,939,1648,0,232
750,939,1647,0,229
751,938,1647,0,230
752,940,1644,0,225
753,945,1640,0,210
754,947,1639,0,204
755,947,1632,0,192
756,950,1631,0,180
757,954,1632,0,182
758,957,1632,0,181
759,961,1630,0,183
760,960,1625,0,187
761,962,1624,0,183
762,968,1627,0,180
763,973,1628,0,192
764,974,1629,0,196
765,974,1628,0,201
766,970,1629,0,205
767,967,1627,0,198
768,972,1624,0,185
769,974,1628,0,181
770,979,1632,0,180
771,984,1637,0,180
772,988,1638,0,189
773,985,1638,0,195
774,981,1637,0,196
775,980,1635,0,202
776,980,1634,0,205
777,979,1634,0,203
778,980,1634,0,207
779,982,1631,0,212
780,984,1624,0,223
781,987,1623,0,235
782,986,1621,0,234
783,986,1625,0,243
784,986,1626,0,248
785,987,1626,0,245
786,991,1626,0,241
787,996,1622,0,250
788,996,1618,0,248
789,998,1611,0,244
790,1003,1609,0,257
791,1006,1600,0,264
792,1008,1595,0,264
793,1009,1589,0,265
794,1009,1589,0,257
795,1013,1582,0,259
796,1017,1576,0,254
797,1016,1574,0,255
798,1012,1569,0,259
799,1013,1569,0,260
800,1013,1566,0,256
801,1016,1564,0,261
802,1016,1564,0,266
803,1015,1565,0,272
804,1013,1562,0,282
805,1012,1560,0,296
806,1007,1561,0,300
807,1004,1560,0,307
808,1004,1561,0,311
809,1003,1563,0,316
810,1001,1563,0,326
811,998,1561,0,331
812,997,1562,0,336
813,996,1565,0,342
814,993,1575,0,353
815,993,1575,0,350
816,991,1570,0,353
817,991,1572,0,358
818,991,1570,0,2
819,991,1569,0,2
820,989,1569,0,4
821,985,1568,0,5
822,983,1567,0,9
823,985,1566,0,4
824,986,1567,0,5
825,984,1568,0,8
826,983,1569,0,10
827,979,1570,0,14
828,978,1569,0,18
829,976,1571,0,14
830,975,1576,0,10
831,974,1579,0,13
832,971,1580,0,13
833,974,1579,0,12
834,977,1578,0,12
835,975,1580,0,13
836,970,1581,0,13
837,968,1579,0,15
838,972,1576,0,9
839,972,1572,0,22
840,977,1574,0,20
841,977,1573,0,21
842,977,1573,0,22
843,978,1570,0,28
844,980,1569,0,39
845,982,1569,0,40
846,979,1569,0,45
847,974,1568,0,74
848,971,1571,0,74
849,973,1571,0,70
850,973,1572,0,72
851,971,1575,0,75
852,973,1572,0,75
853,973,1573,0,94
854,973,1577,0,109
855,975,1583,0,127
856,974,1580,0,128
857,981,1582,0,140
858,985,1583,0,138
859,988,1584,0,153
860,990,1585,0,149
861,995,1586,0,150
862,1002,1589,0,152
863,1010,1592,0,158
864,1012,1593,0,161
865,1017,1594,0,167
866,1022,1593,0,169
867,1033,1589,0,183
868,1038,1592,0,181
869,1043,1593,0,177
870,1053,1596,0,171
871,1063,1597,0,169
872,1065,1600,0,159
873,1066,1600,0,159
874,1066,1599,0,160
875,1066,1600,0,151
876,1067,1601,0,151
877,1067,1603,0,145
878,1069,1605,0,148
879,1070,1607,0,151
880,1071,1610,0,151
881,1072,1609,0,150
882,1071,1610,0,148
883,1069,1611,0,155
884,1072,1611,0,151
885,1072,1615,0,150
886,1075,1616,0,149
887,1075,1616,0,154
888,1075,1617,0,150
889,1068,1616,0,155
890,1067,1616,0,155
891,1066,1613,0,163
892,1066,1612,0,153
893,1068,1611,0,152
894,1071,1614,0,152
895,1073,1615,0,154
896,1072,1615,0,157
897,1070,1615,0,158
898,1066,1614,0,174
899,1066,1609,0,187
900,1065,1610,0,183
901,1069,1610,0,156
902,1070,1614,0,151
903,1074,1614,0,147
904,1078,1616,0,148
905,1082,1620,0,137
906,1084,1624,0,142
907,1087,1629,0,140
908,1094,1637,0,144
909,1103,1639,0,148
910,1106,1643,0,151
911,1110,1648,0,154
912,1113,1648,0,153
913,1122,1654,0,144
914,1132,1656,0,145
915,1142,1656,0,153
916,1147,1661,0,150
917,1149,1663,0,162
918,1151,1655,0,171
919,1158,1654,0,181
920,1170,1655,0,183
921,1175,1653,0,183
922,1181,1654,0,187
923,1187,1651,0,207
924,1194,1647,0,213
925,1198,1642,0,220
926,1201,1641,0,223
927,1202,1641,0,224
928,1201,1639,0,227
929,1202,1637,0,227
930,1204,1636,0,223
931,1207,1636,0,219
932,1212,1634,0,224
933,1217,1633,0,214
934,1219,1631,0,210
935,1217,1631,0,208
936,1219,1632,0,207
937,1223,1631,0,210
938,1225,1631,0,204
939,1226,1634,0,197
940,1228,1635,0,195
941,1234,1635,0,194
942,1236,1636,0,194
943,1241,1641,0,186
944,1244,1642,0,167
945,1254,1643,0,177
946,1258,1641,0,164
947,1264,1644,0,172
948,1269,1645,0,175
949,1271,1646,0,182
950,1272,1644,0,190
951,1275,1640,0,197
952,1275,1637,0,205
953,1273,1637,0,206
954,1274,1638,0,203
955,1278,1638,0,195
956,1281,1637,0,199
957,1284,1637,0,203
958,1283,1637,0,208
959,1287,1630,0,215
960,1286,1628,0,218
961,1285,1628,0,222
962,1288,1625,0,216
963,1291,1623,0,204
964,1294,1622,0,205
965,1301,1628,0,201
966,1303,1627,0,216
967,1304,1627,0,214
968,1308,1623,0,210
969,1309,1623,0,201
970,1313,1623,0,198
971,1317,1622,0,196
972,1319,1621,0,196
973,1320,1622,0,196
974,1317,1623,0,206
975,1317,1623,0,210
976,1320,1621,0,211
977,1321,1619,0,214
978,1322,1620,0,211
979,1322,1621,0,207
980,1323,1619,0,196
981,1321,1620,0,199
982,1320,1623,0,203
983,1317,1622,0,205
984,1316,1621,0,201
985,1318,1624,0,192
986,1318,1624,0,196
987,1317,1623,0,209
988,1319,1621,0,215
989,1322,1618,0,220
990,1325,1617,0,218
991,1326,1617,0,217
992,1326,1616,0,217
993,1326,1613,0,233
994,1324,1614,0,233
995,1325,1614,0,229
996,1325,1615,0,223
997,1325,1617,0,218
998,1327,1617,0,210
999,1327,1618,0,215
1000,1326,1618,0,214
1001,1326,1616,0,220
1002,1324,1614,0,238
1003,1323,1611,0,254
1004,1321,1609,0,251
1005,1323,1611,0,255
1006,1326,1621,0,273
1007,1326,1625,0,284
1008,1324,1627,0,294
1009,1320,1625,0,293
1010,1318,1625,0,288
1011,1320,1624,0,277
1012,1325,1624,0,271
1013,1327,1616,0,262
1014,1328,1612,0,263
1015,1327,1611,0,272
1016,1327,1608,0,269
1017,1325,1599,0,264
1018,1329,1596,0,268
1019,1331,1593,0,275
1020,1331,1593,0,276
1021,1332,1590,0,267
1022,1332,1584,0,270
1023,1331,1581,0,272
1024,1328,1573,0,276
1025,1330,1570,0,273
1026,1328,1570,0,275
1027,1327,1565,0,276
1028,1330,1561,0,279
1029,1330,1554,0,279
1030,1332,1550,0,279
1031,1333,1546,0,272
1032,1332,1542,0,271
1033,1335,1540,0,260
1034,1337,1533,0,256
1035,1336,1529,0,256
1036,1335,1523,0,249
1037,1333,1524,0,250
1038,1338,1518,0,257
1039,1346,1509,0,255
1040,1344,1506,0,256
1041,1353,1500,0,256
1042,1362,1498,0,254
1043,1359,1493,0,236
1044,1360,1485,0,227
1045,1364,1482,0,225
1046,1366,1480,0,226
1047,1368,1479,0,227
1048,1372,1473,0,225
1049,1377,1469,0,223
1050,1383,1470,0,219
1051,1388,1468,0,214
1052,1385,1467,0,212
1053,1384,1470,0,213
1054,1385,1470,0,224
1055,1393,1460,0,243
1056,1395,1455,0,243
1057,1394,1451,0,255
1058,1394,1449,0,261
1059,1394,1445,0,267
1060,1393,1441,0,271
1061,1391,1439,0,273
1062,1388,1439,0,280
1063,1387,1434,0,278
1064,1388,1429,0,285
1065,1387,1428,0,286
1066,1384,1423,0,282
1067,1381,1417,0,278
1068,1382,1411,0,276
1069,1382,1403,0,269
1070,1384,1400,0,268
1071,1384,1390,0,260
1072,1384,1385,0,256
1073,1382,1381,0,250
1074,1383,1375,0,247
1075,1381,1370,0,246
1076,1381,1364,0,245
1077,1380,1355,0,248
1078,1380,1349,0,246
1079,1382,1342,0,237
1080,1379,1338,0,221
1081,1380,1337,0,226
1082,1372,1339,0,218
1083,1369,1340,0,222
1084,1370,1340,0,225
1085,1373,1339,0,226
1086,1374,1338,0,225
1087,1376,1335,0,230
1088,1381,1332,0,237
1089,1386,1330,0,236
1090,1386,1327,0,241
1091,1388,1325,0,230
1092,1391,1325,0,228
1093,1393,1324,0,229
1094,1390,1326,0,234
1095,1395,1319,0,241
1096,1396,1315,0,236
1097,1399,1315,0,235
1098,1401,1314,0,240
1099,1403,1310,0,245
1100,1406,1310,0,259
1101,1405,1311,0,268
1102,1405,1308,0,270
1103,1404,1306,0,269
1104,1403,1303,0,267
1105,1404,1301,0,263
1106,1418,1296,0,269
1107,1413,1294,0,266
1108,1418,1288,0,276
1109,1416,1279,0,274
1110,1418,1277,0,271
1111,1417,1278,0,276
1112,1413,1277,0,275
1113,1413,1276,0,267
1114,1416,1274,0,266
1115,1418,1275,0,256
1116,1423,1275,0,253
1117,1429,1270,0,250
1118,1431,1266,0,247
1119,1427,1270,0,252
1120,1430,1270,0,257
1121,1432,1267,0,253
1122,1430,1271,0,255
1123,1430,1276,0,250
1124,1433,1274,0,241
1125,1434,1273,0,238
1126,1437,1270,0,244
1127,1440,1262,0,246
1128,1449,1251,0,249
1129,1450,1244,0,249
1130,1452,1238,0,250
1131,1455,1230,0,253
1132,1459,1227,0,253
1133,1460,1227,0,259
1134,1462,1222,0,258
1135,1461,1215,0,271
1136,1461,1204,0,273
1137,1458,1194,0,274
1138,1459,1190,0,278
1139,1459,1184,0,278
1140,1460,1180,0,280
1141,1458,1177,0,278
1142,1461,1173,0,279
1143,1461,1169,0,277
1144,1460,1169,0,275
1145,1462,1168,0,270
1146,1460,1165,0,267
1147,1467,1159,0,263
1148,1466,1157,0,262
1149,1466,1157,0,258
1150,1468,1157,0,254
1151,1467,1152,0,251
1152,1468,1152,0,244
1153,1469,1154,0,245
1154,1471,1151,0,246
1155,1472,1150,0,244
1156,1476,1149,0,241
1157,1474,1149,0,234
1158,1475,1147,0,229
1159,1480,1148,0,235
1160,1476,1151,0,241
1161,1477,1150,0,237
1162,1474,1149,0,241
1163,1472,1150,0,248
1164,1472,1150,0,259
1165,1472,1152,0,260
1166,1468,1152,0,249
1167,1467,1149,0,245
1168,1472,1147,0,234
1169,1477,1146,0,226
1170,1482,1143,0,223
1171,1491,1139,0,221
1172,1497,1136,0,205
1173,1497,1133,0,207
1174,1505,1132,0,209
1175,1513,1131,0,208
1176,1520,1129,0,210
1177,1519,1127,0,215
1178,1521,1124,0,219
1179,1524,1121,0,216
1180,1527,1113,0,200
1181,1527,1109,0,203
1182,1534,1110,0,212
1183,1534,1107,0,214
1184,1530,1099,0,205
1185,1535,1095,0,205
1186,1536,1095,0,208
1187,1537,1094,0,214
1188,1535,1092,0,218
1189,1539,1089,0,208
1190,1541,1086,0,200
1191,1544,1082,0,197
1192,1545,1082,0,196
1193,1544,1080,0,189
1194,1548,1075,0,176
1195,1552,1074,0,160
1196,1558,1082,0,148
1197,1562,1080,0,146
1198,1567,1082,0,140
1199,1577,1092,0,124
1200,1579,1095,0,121
1201,1583,1098,0,120
1202,1582,1100,0,126
1203,1585,1100,0,134
1204,1588,1098,0,135
1205,1591,1101,0,140
1206,1596,1103,0,148
1207,1604,1104,0,162
1208,1614,1099,0,166
1209,1621,1098,0,159
1210,1625,1103,0,152
1211,1634,1110,0,146
1212,1640,1112,0,148
1213,1645,1113,0,147
1214,1652,1115,0,145
1215,1661,1113,0,157
1216,1670,1117,0,139
1217,1677,1123,0,123
1218,1682,1128,0,121
1219,1688,1135,0,111
1220,1685,1138,0,124
1221,1687,1143,0,126
1222,1690,1147,0,140
1223,1696,1148,0,150
1224,1703,1150,0,147
1225,1706,1154,0,145
1226,1712,1156,0,152
1227,1718,1163,0,157
1228,1724,1163,0,151
1229,1729,1158,0,160
1230,1728,1158,0,160
1231,1729,1160,0,156
1232,1730,1160,0,152
1233,1729,1161,0,154
1234,1728,1163,0,158
1235,1729,1163,0,160
1236,1731,1163,0,153
1237,1732,1164,0,140
1238,1732,1167,0,131
1239,1732,1169,0,129
1240,1733,1171,0,127
1241,1733,1173,0,129
1242,1734,1175,0,134
1243,1735,1172,0,141
1244,1736,1169,0,140
1245,1735,1167,0,140
1246,1735,1168,0,129
1247,1735,1169,0,126
1248,1735,1174,0,125
1249,1735,1172,0,128
1250,1738,1171,0,140
1251,1737,1171,0,136
1252,1737,1172,0,128
1253,1737,1174,0,130
1254,1738,1176,0,129
1255,1739,1180,0,128
1256,1740,1181,0,128
1257,1743,1183,0,122
1258,1745,1185,0,118
1259,1746,1185,0,119
1260,1748,1188,0,120
1261,1751,1188,0,127
1262,1750,1187,0,133
1263,1749,1186,0,139
1264,1751,1187,0,138
1265,1752,1190,0,139
1266,1755,1193,0,140
1267,1755,1198,0,143
1268,1757,1198,0,145
1269,1758,1198,0,144
1270,1759,1198,0,146
1271,1759,1197,0,143
1272,1761,1195,0,143
1273,1761,1195,0,143
1274,1760,1197,0,145
1275,1761,1196,0,144
1276,1761,1194,0,141
1277,1760,1195,0,146
1278,1763,1190,0,142
1279,1763,1188,0,134
1280,1763,1188,0,135
1281,1761,1191,0,138
1282,1761,1191,0,138
1283,1761,1192,0,136
1284,1762,1196,0,136
1285,1765,1198,0,126
1286,1767,1205,0,136
1287,1771,1206,0,139
1288,1771,1207,0,140
1289,1773,1208,0,139
1290,1776,1208,0,141
1291,1775,1211,0,148
1292,1777,1211,0,146
1293,1776,1212,0,144
1294,1776,1214,0,145
1295,1778,1215,0,141
1296,1779,1215,0,146
1297,1781,1217,0,152
1298,1783,1215,0,154
1299,1790,1220,0,161
1300,1793,1219,0,170
1301,1793,1220,0,166
1302,1796,1220,0,167
1303,1796,1220,0,163
1304,1796,1219,0,167
1305,1801,1221,0,170
1306,1807,1220,0,175
1307,1811,1223,0,169
1308,1812,1224,0,170
1309,1806,1221,0,178
1310,1802,1219,0,177
1311,1799,1220,0,174
1312,1795,1219,0,174
1313,1794,1219,0,173
1314,1794,1219,0,174
1315,1794,1216,0,171
1316,1794,1211,0,167
1317,1802,1213,0,164
1318,1803,1215,0,164
1319,1813,1215,0,161
1320,1821,1222,0,152
1321,1832,1226,0,142
1322,1838,1224,0,146
1323,1841,1226,0,150
1324,1841,1228,0,152
1325,1840,1228,0,148
1326,1846,1231,0,135
1327,1847,1229,0,135
1328,1846,1231,0,128
1329,1844,1230,0,114
1330,1842,1226,0,113
1331,1841,1222,0,116
1332,1838,1217,0,130
1333,1838,1214,0,135
1334,1837,1212,0,140
1335,1837,1214,0,137
1336,1835,1216,0,135
1337,1837,1220,0,136
1338,1840,1221,0,118
1339,1839,1225,0,118
1340,1838,1232,0,98
1341,1836,1241,0,99
1342,1835,1247,0,101
1343,1834,1254,0,99
1344,1834,1259,0,94
1345,1832,1261,0,100
1346,1831,1262,0,99
1347,1831,1264,0,93
1348,1831,1264,0,88
1349,1830,1267,0,87
1350,1826,1274,0,79
1351,1820,1275,0,77
1352,1821,1276,0,73
1353,1820,1276,0,68
1354,1822,1275,0,66
1355,1821,1276,0,71
1356,1817,1278,0,64
1357,1814,1280,0,73
1358,1811,1283,0,73
1359,1807,1285,0,79
1360,1803,1285,0,79
1361,1801,1285,0,93
1362,1802,1281,0,96
1363,1802,1279,0,104
1364,1803,1280,0,110
1365,1801,1281,0,115
1366,1795,1277,0,111
1367,1790,1281,0,111
1368,1788,1282,0,106
1369,1786,1280,0,108
1370,1785,1282,0,105
1371,1786,1286,0,107
1372,1786,1289,0,131
1373,1784,1294,0,137
1374,1784,1297,0,145
1375,1782,1300,0,142
1376,1783,1305,0,136
1377,1783,1317,0,125
1378,1786,1319,0,123
1379,1784,1324,0,114
1380,1785,1324,0,115
1381,1781,1331,0,105
1382,1782,1340,0,102
1383,1785,1345,0,100
1384,1785,1346,0,100
1385,1785,1347,0,99
1386,1784,1341,0,97
1387,1784,1343,0,90
1388,1786,1343,0,91
1389,1784,1347,0,95
1390,1781,1355,0,95
1391,1784,1364,0,107
1392,1781,1375,0,106
1393,1780,1383,0,107
1394,1775,1392,0,106
1395,1772,1394,0,107
1396,1770,1395,0,108
1397,1771,1398,0,104
1398,1770,1405,0,111
1399,1772,1411,0,117
1400,1774,1422,0,118
1401,1772,1425,0,119
1402,1769,1425,0,115
1403,1766,1424,0,113
1404,1766,1426,0,109
1405,1766,1425,0,109
1406,1766,1427,0,104
1407,1766,1429,0,104
1408,1762,1430,0,110
1409,1760,1429,0,112
1410,1756,1424,0,113
1411,1757,1423,0,111
1412,1758,1417,0,97
1413,1756,1415,0,79
1414,1751,1419,0,75
1415,1748,1425,0,75
1416,1747,1436,0,64
1417,1741,1440,0,59
1418,1734,1443,0,47
1419,1732,1453,0,33
1420,1722,1447,0,39
1421,1717,1450,0,33
1422,1710,1450,0,25
1423,1706,1452,0,24
1424,1699,1457,0,26
1425,1690,1457,0,26
1426,1680,1458,0,23
1427,1670,1460,0,23
1428,1668,1455,0,14
1429,1658,1453,0,4
1430,1652,1451,0,358
1431,1646,1450,0,354
1432,1640,1452,0,355
1433,1637,1446,0,353
1434,1629,1442,0,353
1435,1625,1438,0,350
1436,1621,1436,0,347
1437,1618,1434,0,351
1438,1618,1434,0,353
1439,1617,1433,0,355
1440,1617,1433,0,356
1441,1617,1435,0,354
1442,1614,1438,0,2
1443,1612,1440,0,6
1444,1609,1438,0,7
1445,1603,1439,0,18
1446,1593,1441,0,19
1447,1586,1448,0,22
1448,1580,1450,0,28
1449,1574,1454,0,28
1450,1561,1460,0,24
1451,1552,1462,0,23
1452,1540,1465,0,18
1453,1532,1471,0,22
1454,1525,1469,0,18
1455,1519,1468,0,22
1456,1515,1468,0,23
1457,1512,1463,0,32
1458,1507,1461,0,29
1459,1501,1463,0,25
1460,1496,1464,0,23
1461,1495,1467,0,25
1462,1494,1467,0,31
1463,1485,1469,0,30
1464,1483,1469,0,27
1465,1481,1467,0,19
1466,1482,1464,0,15
1467,1483,1462,0,12
1468,1484,1461,0,8
1469,1483,1461,0,14
1470,1482,1464,0,14
1471,1480,1468,0,20
1472,1475,1474,0,21
1473,1472,1475,0,16
1474,1463,1473,0,15
1475,1457,1474,0,12
1476,1452,1476,0,13
1477,1448,1478,0,20
1478,1443,1476,0,17
1479,1443,1473,0,21
1480,1440,1474,0,18
1481,1435,1478,0,21
1482,1432,1478,0,23
1483,1434,1481,0,18
1484,1434,1481,0,23
1485,1428,1483,0,28
1486,1422,1485,0,28
1487,1417,1487,0,35
1488,1415,1487,0,28
1489,1413,1492,0,33
1490,1413,1498,0,39
1491,1409,1498,0,43
1492,1409,1498,0,43
1493,1409,1497,0,46
1494,1409,1497,0,44
1495,1410,1495,0,40
1496,1409,1496,0,39
1497,1409,1493,0,30
1498,1406,1492,0,23
1499,1399,1490,0,11
1500,1396,1489,0,7
1501,1394,1490,0,1
1502,1389,1488,0,349
1503,1385,1486,0,342
1504,1383,1483,0,340
1505,1379,1481,0,331
1506,1378,1480,0,323
1507,1375,1479,0,344
1508,1373,1479,0,340
1509,1367,1472,0,333
1510,1363,1468,0,325
1511,1354,1471,0,321
1512,1349,1467,0,329
1513,1342,1462,0,328
1514,1341,1457,0,329
1515,1335,1454,0,335
1516,1330,1455,0,338
1517,1327,1455,0,340
1518,1324,1455,0,351
1519,1321,1453,0,352
1520,1318,1453,0,357
1521,1313,1459,0,353
1522,1312,1457,0,0
1523,1311,1455,0,6
1524,1307,1455,0,10
1525,1304,1460,0,9
1526,1298,1464,0,12
1527,1296,1465,0,14
1528,1293,1470,0,21
1529,1289,1473,0,29
1530,1285,1473,0,37
1531,1285,1473,0,41
1532,1284,1473,0,40
1533,1283,1473,0,42
1534,1282,1477,0,48
1535,1281,1480,0,42
1536,1277,1484,0,45
1537,1276,1487,0,53
1538,1271,1487,0,48
1539,1271,1490,0,53
1540,1270,1500,0,52
1541,1265,1501,0,52
1542,1258,1506,0,51
1543,1255,1518,0,27
1544,1250,1518,0,24
1545,1245,1520,0,29
1546,1243,1521,0,20
1547,1238,1521,0,8
1548,1237,1519,0,4
1549,1233,1518,0,359
1550,1227,1517,0,355
1551,1225,1517,0,355
1552,1221,1517,0,354
1553,1221,1519,0,356
1554,1223,1517,0,357
1555,1225,1516,0,5
1556,1228,1514,0,5
1557,1229,1514,0,3
1558,1225,1513,0,5
1559,1222,1513,0,8
1560,1221,1514,0,8
1561,1227,1516,0,11
1562,1230,1519,0,8
1563,1232,1524,0,9
1564,1235,1524,0,16
1565,1235,1524,0,20
1566,1234,1526,0,23
1567,1230,1530,0,27
1568,1236,1532,0,28
1569,1235,1538,0,25
1570,1236,1540,0,20
1571,1233,1537,0,25
1572,1235,1538,0,24
1573,1235,1538,0,20
1574,1235,1542,0,10
1575,1229,1545,0,9
1576,1222,1546,0,4
1577,1218,1543,0,359
1578,1213,1544,0,2
1579,1208,1544,0,4
1580,1203,1547,0,0
1581,1200,1541,0,0
1582,1195,1542,0,1
1583,1187,1539,0,358
1584,1190,1539,0,2
1585,1190,1539,0,3
1586,1188,1544,0,2
1587,1188,1535,0,7
1588,1186,1533,0,13
1589,1187,1533,0,10
1590,1187,1533,0,9
1591,1189,1535,0,9
1592,1188,1535,0,12
1593,1190,1536,0,9
1594,1189,1536,0,8
1595,1189,1534,0,18
1596,1189,1535,0,14
1597,1190,1536,0,7
1598,1188,1537,0,6
1599,1188,1538,0,4
1600,1188,1536,0,2
1601,1189,1531,0,6
1602,1189,1532,0,5
1603,1190,1530,0,17
1604,1195,1528,0,11
1605,1197,1529,0,5
1606,1197,1527,0,6
1607,1195,1527,0,5
1608,1193,1528,0,6
1609,1193,1532,0,1
1610,1193,1533,0,0
1611,1192,1534,0,1
1612,1191,1533,0,1
1613,1189,1532,0,2
1614,1187,1530,0,6
1615,1187,1527,0,12
1616,1187,1526,0,18
1617,1192,1530,0,9
1618,1191,1531,0,7
1619,1188,1534,0,6
1620,1193,1534,0,359
1621,1192,1532,0,6
1622,1189,1532,0,12
1623,1189,1533,0,12
1624,1189,1533,0,9
1625,1188,1534,0,8
1626,1186,1535,0,8
1627,1185,1536,0,3
1628,1184,1536,0,355
1629,1184,1531,0,0
1630,1183,1528,0,3
1631,1181,1527,0,357
1632,1175,1527,0,352
1633,1174,1526,0,350
1634,1169,1524,0,350
1635,1165,1521,0,346
1636,1164,1514,0,345
1637,1162,1513,0,343
1638,1159,1509,0,337
1639,1160,1509,0,337
1640,1160,1509,0,345
1641,1157,1512,0,2
1642,1156,1515,0,6
1643,1155,1520,0,3
1644,1155,1520,0,1
1645,1156,1520,0,1
1646,1156,1519,0,5
1647,1157,1518,0,8
1648,1158,1520,0,2
1649,1165,1520,0,4
1650,1167,1516,0,8
1651,1164,1515,0,15
1652,1161,1516,0,11
1653,1160,1516,0,12
1654,1159,1516,0,18
1655,1158,1518,0,13
1656,1161,1518,0,13
1657,1159,1519,0,13
1658,1158,1520,0,7
1659,1158,1519,0,11
1660,1159,1517,0,15
1661,1162,1518,0,17
1662,1163,1520,0,19
1663,1162,1521,0,19
1664,1160,1522,0,22
1665,1159,1523,0,23
1666,1158,1524,0,23
1667,1158,1524,0,21
1668,1162,1524,0,24
1669,1164,1524,0,27
1670,1165,1523,0,23
1671,1164,1523,0,22
1672,1163,1523,0,24
1673,1163,1524,0,24
1674,1163,1524,0,22
1675,1165,1525,0,18
1676,1166,1524,0,22
1677,1163,1523,0,11
1678,1156,1526,0,17
1679,1151,1526,0,9
1680,1150,1525,0,12
1681,1149,1524,0,16
1682,1152,1525,0,12
1683,1153,1526,0,12
1684,1155,1524,0,25
1685,1154,1523,0,23
1686,1153,1523,0,24
1687,1153,1523,0,26
1688,1153,1522,0,23
1689,1153,1522,0,20
1690,1151,1521,0,25
1691,1153,1520,0,23
1692,1154,1521,0,25
1693,1155,1524,0,25
1694,1154,1524,0,26
1695,1153,1523,0,27
1696,1154,1533,0,19
1697,1155,1530,0,17
1698,1154,1531,0,16
1699,1152,1530,0,17
1700,1150,1527,0,10
1701,1149,1525,0,11
1702,1144,1521,0,19
1703,1144,1519,0,23
1704,1145,1519,0,22
1705,1146,1517,0,22
1706,1147,1518,0,19
1707,1146,1518,0,16
1708,1147,1518,0,17
1709,1148,1518,0,18
1710,1149,1520,0,19
1711,1150,1520,0,22
1712,1152,1522,0,22
1713,1152,1521,0,23
1714,1154,1519,0,25
1715,1155,1521,0,22
1716,1154,1523,0,21
1717,1154,1523,0,20
1718,1154,1523,0,19
1719,1153,1524,0,19
1720,1152,1522,0,25
1721,1153,1522,0,25
1722,1152,1521,0,26
1723,1152,1519,0,26
1724,1152,1519,0,26
1725,1154,1521,0,25
1726,1154,1520,0,25
1727,1154,1521,0,28
1728,1154,1520,0,28
1729,1154,1520,0,28
1730,1154,1519,0,27
1731,1153,1518,0,26
1732,1153,1520,0,29
1733,1152,1525,0,24
1734,1152,1525,0,23
1735,1152,1525,0,24
1736,1152,1525,0,24
1737,1152,1525,0,24
1738,1153,1524,0,25
1739,1154,1525,0,24
1740,1153,1524,0,24
1741,1153,1523,0,24
1742,1154,1523,0,23
1743,1153,1523,0,21
1744,1154,1524,0,22
1745,1153,1524,0,22
1746,1153,1524,0,22
1747,1153,1523,0,24
1748,1153,1524,0,26
1749,1154,1523,0,24
1750,1154,1522,0,22
1751,1154,1522,0,23
1752,1154,1522,0,23
1753,1153,1522,0,23
1754,1153,1523,0,22
1755,1154,1523,0,22
1756,1153,1522,0,23
1757,1153,1522,0,23
1758,1154,1523,0,24
1759,1154,1523,0,24
1760,1154,1523,0,24
1761,1154,1522,0,24
1762,1154,1522,0,23
1763,1154,1523,0,22
1764,1154,1522,0,26
1765,1154,1523,0,26
1766,1153,1524,0,24
1767,1153,1524,0,23
1768,1153,1525,0,22
1769,1153,1524,0,24
1770,1154,1523,0,25
1771,1154,1523,0,26
1772,1154,1522,0,24
1773,1154,1522,0,26
1774,1154,1522,0,26
1775,1154,1522,0,25
1776,1154,1522,0,25
1777,1154,1523,0,25
1778,1153,1523,0,27
1779,1153,1523,0,28
1780,1154,1522,0,27
1781,1154,1522,0,26
1782,1154,1522,0,26
1783,1153,1525,0,27
1784,1155,1521,0,34
1785,1155,1522,0,33
1786,1155,1523,0,35
1787,1155,1522,0,34
1788,1156,1523,0,31
1789,1157,1524,0,34
1790,1157,1524,0,34
1791,1157,1524,0,32
1792,1156,1525,0,32
1793,1157,1522,0,36
1794,1157,1522,0,34
1795,1157,1521,0,36
1796,1156,1524,0,30
1797,1156,1523,0,35
1798,1156,1522,0,41
1799,1157,1524,0,41
1800,1157,1524,0,34
1801,1157,1524,0,36
1802,1156,1521,0,38
1803,1156,1519,0,38
1804,1155,1519,0,36
1805,1155,1517,0,32
1806,1151,1520,0,35
1807,1152,1521,0,40
1808,1151,1521,0,40
1809,1152,1520,0,37
1810,1152,1521,0,36
1811,1152,1522,0,36
1812,1152,1522,0,35
1813,1152,1521,0,38
1814,1151,1520,0,38
1815,1151,1520,0,37
1816,1150,1520,0,38
1817,1149,1521,0,41
1818,1149,1520,0,39
1819,1150,1519,0,38
1820,1150,1520,0,38
1821,1151,1519,0,41
1822,1153,1518,0,39
1823,1154,1518,0,38
1824,1156,1516,0,41
1825,1152,1515,0,41
1826,1150,1516,0,41
1827,1148,1516,0,39
1828,1146,1518,0,44
1829,1149,1523,0,50
1830,1148,1525,0,47
1831,1147,1524,0,49
1832,1146,1522,0,49
1833,1145,1525,0,49
1834,1145,1524,0,51
1835,1145,1524,0,49
1836,1145,1525,0,49
1837,1146,1524,0,48
1838,1145,1524,0,50
1839,1144,1526,0,49
1840,1146,1526,0,50
1841,1145,1525,0,49
1842,1145,1524,0,48
1843,1145,1525,0,46
1844,1145,1523,0,48
1845,1146,1523,0,49
1846,1147,1522,0,49
1847,1154,1520,0,32
1848,1155,1520,0,33
1849,1153,1520,0,35
1850,1151,1522,0,36
1851,1151,1522,0,36
1852,1149,1522,0,38
1853,1150,1522,0,37
1854,1150,1523,0,37
1855,1150,1523,0,36
1856,1150,1523,0,35
1857,1150,1523,0,34
1858,1150,1523,0,33
1859,1150,1523,0,33
1860,1150,1523,0,33
1861,1150,1523,0,33
1862,1150,1523,0,35
1863,1150,1523,0,34
1864,1147,1525,0,33
1865,1147,1525,0,33
1866,1148,1524,0,32
1867,1148,1525,0,31
1868,1148,1525,0,31
1869,1148,1526,0,30
1870,1151,1524,0,32
1871,1154,1527,0,24
1872,1156,1529,0,24
1873,1156,1529,0,28
1874,1152,1529,0,36
1875,1150,1530,0,40
1876,1146,1531,0,43
1877,1143,1532,0,51
1878,1140,1533,0,53
1879,1140,1535,0,54
1880,1139,1538,0,54
1881,1136,1540,0,54
1882,1134,1550,0,59
1883,1128,1554,0,58
1884,1123,1560,0,60
1885,1127,1558,0,63
1886,1125,1557,0,74
1887,1124,1558,0,78
1888,1119,1565,0,80
1889,1115,1570,0,79
1890,1114,1576,0,81
1891,1119,1582,0,89
1892,1126,1588,0,89
1893,1122,1593,0,92
1894,1120,1596,0,93
1895,1121,1599,0,94
1896,1120,1603,0,91
1897,1117,1608,0,81
1898,1116,1613,0,85
1899,1118,1618,0,87
1900,1116,1621,0,84
1901,1117,1625,0,89
1902,1114,1629,0,84
1903,1113,1633,0,90
1904,1114,1635,0,91
1905,1117,1641,0,88
1906,1120,1650,0,82
1907,1123,1658,0,78
1908,1126,1664,0,70
1909,1123,1665,0,68
1910,1122,1670,0,70
1911,1118,1678,0,69
1912,1114,1681,0,67
1913,1113,1685,0,57
1914,1111,1691,0,55
1915,1109,1695,0,53
1916,1106,1696,0,58
1917,1108,1693,0,46
1918,1108,1691,0,50
1919,1106,1693,0,48
1920,1107,1697,0,56
1921,1105,1701,0,71
1922,1105,1703,0,70
1923,1103,1708,0,71
1924,1101,1716,0,84
1925,1101,1724,0,82
1926,1101,1730,0,80
1927,1098,1733,0,81
1928,1097,1742,0,78
1929,1095,1746,0,79
1930,1094,1750,0,83
1931,1096,1752,0,80
1932,1097,1755,0,76
1933,1096,1755,0,70
1934,1092,1752,0,61
1935,1089,1751,0,56
1936,1088,1753,0,57
1937,1086,1755,0,59
1938,1085,1755,0,59
1939,1084,1753,0,62
1940,1080,1757,0,48
1941,1078,1759,0,39
1942,1077,1759,0,33
1943,1074,1759,0,28
1944,1072,1760,0,27
1945,1068,1756,0,19
1946,1061,1754,0,16
1947,1054,1756,0,14
1948,1048,1755,0,13
1949,1042,1755,0,8
1950,1035,1752,0,7
1951,1029,1751,0,6
1952,1025,1748,0,5
1953,1022,1749,0,7
1954,1016,1751,0,10
1955,1009,1751,0,8
1956,1002,1757,0,10
1957,994,1757,0,7
1958,987,1756,0,9
1959,981,1757,0,8
1960,969,1753,0,13
1961,966,1754,0,10
1962,962,1756,0,11
1963,956,1758,0,12
1964,950,1759,0,15
1965,942,1767,0,19
1966,938,1771,0,17
1967,933,1773,0,7
1968,922,1775,0,12
1969,913,1775,0,13
1970,910,1776,0,20
1971,900,1782,0,8
1972,892,1780,0,2
1973,885,1780,0,1
1974,879,1778,0,350
1975,880,1769,0,349
1976,869,1767,0,343
1977,866,1764,0,335
1978,864,1762,0,334
1979,859,1762,0,337
1980,850,1761,0,339
1981,844,1759,0,343
1982,840,1760,0,346
1983,836,1758,0,348
1984,834,1754,0,343
1985,835,1745,0,343
1986,829,1748,0,341
1987,824,1745,0,334
1988,817,1744,0,333
1989,814,1744,0,334
1990,812,1742,0,336
1991,809,1740,0,340
1992,807,1738,0,333
1993,803,1733,0,330
1994,799,1730,0,326
1995,795,1729,0,327
1996,788,1728,0,326
1997,785,1724,0,327
1998,784,1723,0,332
1999,784,1724,0,336
2000,784,1725,0,326
2001,784,1726,0,329
2002,784,1725,0,327
2003,784,1725,0,338
2004,783,1724,0,340
2005,783,1724,0,338
2006,783,1725,0,342
2007,784,1726,0,348
2008,786,1725,0,350
2009,785,1725,0,345
2010,786,1724,0,343
2011,784,1725,0,340
2012,783,1724,0,343
2013,782,1723,0,339
2014,780,1723,0,337
2015,781,1723,0,340
2016,783,1723,0,342
2017,783,1724,0,345
2018,781,1724,0,348
2019,780,1723,0,348
2020,780,1724,0,344
2021,780,1724,0,343
2022,783,1723,0,341
2023,784,1721,0,340
2024,784,1720,0,338
2025,784,1719,0,341
2026,786,1722,0,346
2027,793,1734,0,0
2028,793,1734,0,3
2029,790,1737,0,6
2030,790,1738,0,4
2031,789,1738,0,7
2032,786,1740,0,8
2033,783,1742,0,8
2034,778,1745,0,17
2035,775,1748,0,20
2036,776,1759,0,25
2037,769,1755,0,29
2038,763,1756,0,22
2039,756,1762,0,27
2040,754,1764,0,30
2041,752,1765,0,32
2042,750,1768,0,34
2043,747,1769,0,33
2044,746,1772,0,36
2045,744,1778,0,38
2046,742,1783,0,38
2047,740,1785,0,43
2048,738,1785,0,46
2049,737,1786,0,48
2050,737,1788,0,43
2051,737,1788,0,45
2052,737,1789,0,50
2053,738,1791,0,52
2054,735,1791,0,50
2055,734,1792,0,60
2056,732,1795,0,57
2057,733,1798,0,62
2058,732,1803,0,59
2059,734,1804,0,73
2060,736,1806,0,73
2061,738,1807,0,69
2062,737,1810,0,71
2063,737,1816,0,67
2064,736,1817,0,59
2065,737,1817,0,41
2066,739,1818,0,38
2067,740,1818,0,33
2068,739,1818,0,28
2069,738,1817,0,21
2070,737,1816,0,16
2071,737,1815,0,13
2072,736,1817,0,15
2073,736,1818,0,12
2074,736,1818,0,11
2075,735,1820,0,7
2076,735,1820,0,9
2077,737,1815,0,10
2078,736,1813,0,17
2079,736,1814,0,17
2080,735,1813,0,14
2081,736,1811,0,11
2082,731,1813,0,16
2083,724,1820,0,20
2084,720,1823,0,14
2085,717,1825,0,14
2086,715,1824,0,15
2087,714,1819,0,19
2088,712,1817,0,22
2089,711,1818,0,25
2090,711,1818,0,25
2091,709,1817,0,22
2092,707,1817,0,17
2093,704,1820,0,15
2094,701,1822,0,9
2095,698,1821,0,8
2096,692,1823,0,6
2097,685,1824,0,7
2098,681,1825,0,10
2099,679,1824,0,359
2100,677,1822,0,355
2101,673,1818,0,345
2102,662,1817,0,343
2103,659,1811,0,346
2104,656,1810,0,346
2105,651,1810,0,343
2106,650,1807,0,341
2107,648,1807,0,337
2108,647,1807,0,336
2109,643,1806,0,343
2110,639,1805,0,342
2111,635,1805,0,345
2112,633,1806,0,350
2113,633,1803,0,347
2114,633,1800,0,342
2115,628,1796,0,336
2116,622,1791,0,321
2117,620,1788,0,317
2118,621,1786,0,312
2119,625,1781,0,309
2120,627,1780,0,301
2121,627,1778,0,299
2122,626,1775,0,295
2123,626,1772,0,294
2124,628,1769,0,291
2125,628,1765,0,299
2126,629,1765,0,301
2127,629,1765,0,302
2128,628,1763,0,305
2129,628,1759,0,307
2130,625,1759,0,311
2131,631,1765,0,318
2132,633,1766,0,319
2133,633,1768,0,316
2134,635,1768,0,325
2135,636,1767,0,317
2136,633,1768,0,313
2137,631,1769,0,315
2138,626,1767,0,308
2139,626,1764,0,309
2140,629,1762,0,314
2141,632,1762,0,321
2142,635,1764,0,321
2143,634,1767,0,324
2144,635,1768,0,325
2145,636,1771,0,326
2146,636,1769,0,326
2147,642,1769,0,324
2148,642,1768,0,326
2149,641,1768,0,329
2150,637,1768,0,330
2151,634,1768,0,330
2152,633,1766,0,335
2153,628,1762,0,338
2154,625,1763,0,344
2155,622,1763,0,345
2156,621,1763,0,348
2157,621,1762,0,352
2158,619,1761,0,352
2159,615,1761,0,358
2160,614,1763,0,356
2161,613,1763,0,355
2162,612,1763,0,351
2163,614,1759,0,354
2164,618,1757,0,352
2165,619,1759,0,349
2166,618,1758,0,346
2167,614,1756,0,349
2168,613,1755,0,356
2169,610,1759,0,357
2170,607,1760,0,356
2171,602,1759,0,0
2172,597,1762,0,1
2173,592,1761,0,4
2174,588,1762,0,9
2175,585,1763,0,7
2176,581,1765,0,10
2177,579,1767,0,6
2178,577,1766,0,9
2179,573,1769,0,4
2180,572,1770,0,2
2181,569,1769,0,1
2182,565,1768,0,6
2183,561,1772,0,6
2184,559,1773,0,6
2185,559,1773,0,14
2186,560,1775,0,23
2187,561,1782,0,29
2188,558,1784,0,28
2189,558,1785,0,34
2190,554,1785,0,36
2191,552,1787,0,37
2192,551,1788,0,35
2193,550,1789,0,34
2194,549,1789,0,27
2195,550,1785,0,34
2196,550,1786,0,22
2197,550,1784,0,22
2198,551,1783,0,18
2199,551,1783,0,18
2200,550,1783,0,20
2201,550,1783,0,22
2202,550,1783,0,19
2203,549,1783,0,15
2204,549,1783,0,10
2205,550,1785,0,4
2206,548,1787,0,1
2207,549,1785,0,359
2208,548,1785,0,355
2209,549,1783,0,349
2210,551,1784,0,355
2211,550,1784,0,355
2212,549,1784,0,354
2213,549,1783,0,354
2214,548,1783,0,355
2215,548,1783,0,349
2216,547,1780,0,347
2217,548,1777,0,354
2218,547,1777,0,354
2219,547,1779,0,354
2220,548,1779,0,352
2221,549,1781,0,353
2222,551,1782,0,357
2223,551,1785,0,356
2224,549,1786,0,359
2225,549,1785,0,3
2226,548,1785,0,4
2227,546,1786,0,5
2228,541,1788,0,11
2229,540,1793,0,18
2230,536,1794,0,21
2231,531,1795,0,18
2232,529,1797,0,16
2233,528,1798,0,15
2234,528,1798,0,14
2235,527,1799,0,15
2236,525,1800,0,12
2237,522,1804,0,10
2238,519,1802,0,12
2239,516,1803,0,19
2240,516,1805,0,19
2241,517,1806,0,17
2242,517,1812,0,8
2243,517,1811,0,9
2244,516,1811,0,9
2245,514,1813,0,10
2246,509,1817,0,17
2247,510,1824,0,4
2248,509,1817,0,357
2249,509,1817,0,2
2250,509,1820,0,7
2251,506,1821,0,6
2252,505,1822,0,6
2253,499,1819,0,359
2254,496,1819,0,357
2255,494,1822,0,358
2256,495,1823,0,1
2257,493,1821,0,1
2258,493,1821,0,4
2259,496,1822,0,3
2260,499,1824,0,6
2261,502,1823,0,4
2262,500,1824,0,2
2263,503,1823,0,6
2264,507,1819,0,15
2265,507,1820,0,19
2266,512,1827,0,28
2267,514,1824,0,31
2268,514,1824,0,31
2269,513,1822,0,35
2270,512,1821,0,37
2271,513,1821,0,37
2272,514,1820,0,36
2273,513,1822,0,34
2274,512,1824,0,34
2275,511,1825,0,36
2276,510,1824,0,34
2277,509,1825,0,33
2278,507,1826,0,28
2279,505,1826,0,30
2280,504,1830,0,29
2281,503,1829,0,32
2282,502,1832,0,36
2283,501,1831,0,38
2284,501,1833,0,34
2285,500,1834,0,36
2286,500,1834,0,39
2287,500,1834,0,36
2288,499,1834,0,37
2289,498,1836,0,37
2290,498,1837,0,30
2291,496,1836,0,23
2292,491,1839,0,29
2293,486,1845,0,21
2294,482,1844,0,25
2295,478,1847,0,32
2296,475,1849,0,31
2297,471,1853,0,37
2298,466,1857,0,41
2299,462,1861,0,47
2300,457,1868,0,40
2301,452,1872,0,34
2302,451,1876,0,34
2303,444,1879,0,36
2304,444,1883,0,34
2305,442,1886,0,31
2306,441,1888,0,29
2307,439,1887,0,31
2308,438,1887,0,33
2309,436,1890,0,30
2310,435,1892,0,34
2311,434,1893,0,36
2312,434,1894,0,37
2313,436,1897,0,38
2314,434,1905,0,41
2315,435,1908,0,40
2316,431,1908,0,51
2317,430,1908,0,56
2318,432,1907,0,55
2319,432,1908,0,45
2320,433,1907,0,48
2321,433,1907,0,55
2322,430,1909,0,55
2323,425,1911,0,53
2324,423,1911,0,48
2325,421,1912,0,52
2326,423,1911,0,56
2327,425,1916,0,67
2328,425,1919,0,70
2329,429,1921,0,78
2330,427,1927,0,80
2331,430,1929,0,77
2332,434,1937,0,65
2333,434,1938,0,65
2334,435,1943,0,70
2335,434,1947,0,71
2336,432,1953,0,70
2337,430,1962,0,59
2338,428,1962,0,55
2339,424,1963,0,50
2340,422,1966,0,46
2341,418,1966,0,34
2342,413,1966,0,29
2343,409,1969,0,24
2344,407,1969,0,19
2345,405,1970,0,14
2346,402,1970,0,12
2347,398,1969,0,10
2348,396,1971,0,13
2349,397,1973,0,14
2350,392,1971,0,10
2351,390,1975,0,23
2352,389,1976,0,22
2353,389,1976,0,22
2354,387,1976,0,20
2355,388,1977,0,18
2356,386,1977,0,21
2357,384,1976,0,12
2358,380,1975,0,10
2359,377,1978,0,8
2360,377,1981,0,7
2361,375,1982,0,6
2362,375,1983,0,2
2363,378,1982,0,7
2364,383,1979,0,7
2365,386,1977,0,15
2366,391,1981,0,21
2367,391,1980,0,24
2368,390,1981,0,31
2369,393,1982,0,17
2370,390,1983,0,15
2371,390,1983,0,19
2372,391,1983,0,16
2373,390,1984,0,18
2374,391,1986,0,14
2375,394,1986,0,14
2376,394,1986,0,12
2377,396,1985,0,10
2378,397,1985,0,9
2379,397,1985,0,9
2380,396,1986,0,13
2381,394,1987,0,14
2382,391,1988,0,15
2383,390,1988,0,21
2384,389,1987,0,24
2385,388,1987,0,22
2386,387,1987,0,23
2387,386,1987,0,22
2388,386,1987,0,24
2389,386,1988,0,28
2390,383,1987,0,33
2391,383,1992,0,40
2392,383,1994,0,44
2393,380,1994,0,48
2394,379,1998,0,55
2395,381,1998,0,59
2396,380,1999,0,62
2397,376,2000,0,62
2398,376,2008,0,58
2399,377,2008,0,62
2400,381,2008,0,62
2401,380,2008,0,67
2402,376,2009,0,67
2403,372,2013,0,71
2404,371,2019,0,69
2405,371,2021,0,72
2406,373,2023,0,76
2407,371,2027,0,80
2408,374,2040,0,87
2409,374,2035,0,87
2410,378,2044,0,90
2411,377,2045,0,88
2412,379,2044,0,87
2413,377,2048,0,95
2414,378,2050,0,101
2415,379,2054,0,100
2416,381,2057,0,87
2417,380,2061,0,80
2418,379,2064,0,77
2419,380,2067,0,80
2420,376,2068,0,60
2421,371,2072,0,48
2422,369,2078,0,48
2423,366,2079,0,44
2424,366,2081,0,49
2425,369,2084,0,65
2426,367,2087,0,67
2427,363,2090,0,72
2428,361,2093,0,74
2429,359,2093,0,76
2430,357,2095,0,77
2431,366,2099,0,82
2432,365,2100,0,93
2433,368,2101,0,110
2434,372,2101,0,107
2435,370,2102,0,109
2436,367,2103,0,114
2437,367,2104,0,117
2438,366,2104,0,117
2439,365,2104,0,120
2440,366,2105,0,122
2441,371,2106,0,125
2442,371,2105,0,121
2443,371,2103,0,114
2444,371,2104,0,114
2445,370,2102,0,113
2446,368,2101,0,111
2447,366,2101,0,101
2448,368,2106,0,80
2449,368,2105,0,78
2450,367,2108,0,76
2451,366,2115,0,71
2452,366,2117,0,73
2453,365,2118,0,71
2454,364,2118,0,70
2455,364,2117,0,76
2456,364,2117,0,74
2457,364,2115,0,75
2458,364,2113,0,73
2459,365,2113,0,77
2460,363,2110,0,80
2461,361,2105,0,82
2462,359,2102,0,92
2463,363,2107,0,84
2464,365,2107,0,93
2465,368,2113,0,101
2466,373,2115,0,107
2467,377,2119,0,109
2468,382,2119,0,109
2469,381,2119,0,106
2470,384,2120,0,89
2471,383,2123,0,88
2472,383,2123,0,89
2473,383,2124,0,87
2474,382,2125,0,86
2475,382,2124,0,86
2476,382,2128,0,73
2477,385,2127,0,58
2478,383,2126,0,52
2479,382,2124,0,47
2480,382,2125,0,28
2481,375,2128,0,14
2482,368,2127,0,356
2483,364,2123,0,353
2484,358,2120,0,348
2485,354,2119,0,348
2486,353,2118,0,344
2487,352,2117,0,338
2488,350,2116,0,335
2489,349,2118,0,337
2490,348,2118,0,337
2491,350,2121,0,340
2492,348,2121,0,341
2493,346,2117,0,332
2494,345,2113,0,327
2495,343,2110,0,330
2496,340,2110,0,342
2497,335,2107,0,339
2498,334,2099,0,330
2499,328,2098,0,329
2500,324,2097,0,333
2501,315,2089,0,309
2502,313,2084,0,300
2503,311,2081,0,292
2504,310,2076,0,286
2505,309,2070,0,279
2506,306,2061,0,264
2507,307,2059,0,265
2508,304,2058,0,269
2509,305,2059,0,279
2510,306,2059,0,284
2511,304,2056,0,274
2512,304,2054,0,274
2513,304,2054,0,278
2514,305,2053,0,274
2515,305,2051,0,274
2516,303,2053,0,281
2517,300,2054,0,271
2518,303,2056,0,284
2519,304,2059,0,288
2520,305,2061,0,289
2521,304,2060,0,288
2522,309,2063,0,298
2523,309,2062,0,302
2524,310,2062,0,295
2525,310,2061,0,287
2526,310,2054,0,269
2527,311,2051,0,263
2528,313,2049,0,257
2529,317,2045,0,246
2530,322,2041,0,231
2531,325,2034,0,215
2532,325,2034,0,208
2533,327,2033,0,204
2534,333,2030,0,208
2535,333,2029,0,208
2536,333,2031,0,209
2537,334,2032,0,205
2538,339,2036,0,192
2539,342,2034,0,181
2540,346,2035,0,178
2541,349,2036,0,155
2542,352,2040,0,150
2543,357,2041,0,131
2544,367,2048,0,135
2545,371,2053,0,139
2546,369,2055,0,137
2547,368,2054,0,131
2548,369,2054,0,125
2549,371,2057,0,116
2550,372,2059,0,108
2551,373,2057,0,104
2552,375,2064,0,106
2553,375,2068,0,109
2554,374,2070,0,113
2555,373,2069,0,115
2556,374,2070,0,114
2557,376,2073,0,112
2558,383,2079,0,113
2559,386,2080,0,111
2560,385,2083,0,112
2561,387,2089,0,113
2562,387,2092,0,109
2563,385,2094,0,105
2564,386,2098,0,92
2565,384,2100,0,85
2566,384,2105,0,89
2567,385,2107,0,86
2568,381,2112,0,89
2569,381,2121,0,98
2570,383,2124,0,90
2571,382,2121,0,94
2572,382,2123,0,98
2573,382,2125,0,107
2574,388,2130,0,114
2575,393,2137,0,117
2576,395,2145,0,112
2577,396,2147,0,112
2578,392,2149,0,114
2579,395,2150,0,113
2580,395,2149,0,110
2581,395,2149,0,110
2582,395,2150,0,111
2583,395,2150,0,111
2584,394,2149,0,111
2585,392,2149,0,115
2586,393,2149,0,119
2587,395,2149,0,124
2588,398,2150,0,136
2589,404,2152,0,153
2590,410,2149,0,161
2591,414,2149,0,171
2592,420,2146,0,188
2593,425,2140,0,192
2594,428,2136,0,199
2595,434,2132,0,216
2596,440,2128,0,224
2597,441,2126,0,219
2598,441,2124,0,215
2599,441,2124,0,210
2600,443,2124,0,214
2601,441,2126,0,212
2602,437,2127,0,213
2603,437,2128,0,217
2604,435,2129,0,226
2605,435,2128,0,221
2606,435,2127,0,226
2607,433,2127,0,249
2608,430,2129,0,264
2609,429,2130,0,283
2610,428,2130,0,293
2611,426,2131,0,302
2612,421,2123,0,327
2613,419,2116,0,331
2614,415,2116,0,334
2615,411,2114,0,334
2616,408,2109,0,333
2617,403,2109,0,333
2618,396,2106,0,328
2619,389,2101,0,325
2620,386,2097,0,326
2621,382,2096,0,324
2622,385,2095,0,321
2623,386,2095,0,324
2624,388,2095,0,324
2625,388,2095,0,324
2626,390,2095,0,325
2627,389,2094,0,326
2628,387,2093,0,326
2629,383,2092,0,329
2630,380,2094,0,335
2631,380,2094,0,334
2632,379,2094,0,333
2633,378,2095,0,336
2634,375,2096,0,339
2635,375,2094,0,334
2636,374,2093,0,330
2637,376,2091,0,320
2638,375,2089,0,318
2639,375,2088,0,323
2640,378,2093,0,328
2641,376,2095,0,332
2642,376,2095,0,334
2643,370,2097,0,324
2644,369,2098,0,320
2645,367,2101,0,318
2646,362,2104,0,326
2647,360,2104,0,324
2648,360,2103,0,323
2649,357,2105,0,326
2650,355,2106,0,339
2651,353,2103,0,347
2652,353,2103,0,350
2653,351,2100,0,354
2654,349,2100,0,2
2655,348,2101,0,6
2656,349,2099,0,5
2657,350,2098,0,3
2658,346,2099,0,0
2659,345,2097,0,357
2660,342,2098,0,352
2661,336,2102,0,346
2662,333,2102,0,344
2663,335,2102,0,345
2664,334,2102,0,344
2665,334,2101,0,342
2666,334,2095,0,337
2667,325,2092,0,326
2668,316,2088,0,303
2669,311,2080,0,290
2670,310,2079,0,289
2671,308,2073,0,288
2672,306,2066,0,279
2673,306,2059,0,277
2674,307,2054,0,271
2675,304,2053,0,270
2676,303,2053,0,265
2677,304,2049,0,265
2678,305,2045,0,262
2679,306,2043,0,267
2680,305,2039,0,271
2681,307,2036,0,271
2682,309,2034,0,270
2683,309,2032,0,279
2684,309,2027,0,272
2685,310,2024,0,270
2686,310,2023,0,265
2687,314,2028,0,264
2688,313,2029,0,263
2689,312,2029,0,268
2690,309,2023,0,273
2691,311,2020,0,274
2692,310,2020,0,274
2693,313,2023,0,275
2694,314,2025,0,272
2695,311,2023,0,272
2696,310,2020,0,274
2697,310,2022,0,271
2698,307,2017,0,272
2699,305,2013,0,267
2700,307,2016,0,269
2701,306,2015,0,268
2702,306,2016,0,266
2703,306,2016,0,271
2704,305,2014,0,270
2705,305,2013,0,268
2706,305,2012,0,268
2707,304,2012,0,273
2708,304,2012,0,277
2709,304,2011,0,279
2710,305,2013,0,284
2711,305,2014,0,282
2712,307,2013,0,278
2713,308,2015,0,276
2714,310,2016,0,274
2715,311,2017,0,270
2716,314,2021,0,272
2717,316,2022,0,273
2718,317,2021,0,271
2719,318,2020,0,273
2720,318,2020,0,275
2721,320,2020,0,272
2722,322,2020,0,270
2723,323,2019,0,271
2724,322,2020,0,272
2725,324,2023,0,272
2726,324,2023,0,278
2727,324,2022,0,280
2728,326,2020,0,284
2729,326,2014,0,294
2730,324,2008,0,301
2731,319,2006,0,293
2732,322,1999,0,300
2733,322,1995,0,302
2734,328,1992,0,315
2735,324,1986,0,314
2736,325,1987,0,316
2737,326,1989,0,311
2738,327,1989,0,305
2739,327,1988,0,305
2740,325,1986,0,305
2741,324,1983,0,296
2742,327,1979,0,291
2743,337,1975,0,280
2744,337,1974,0,290
2745,336,1972,0,289
2746,337,1972,0,276
2747,338,1968,0,261
2748,330,1962,0,271
2749,325,1953,0,278
2750,327,1948,0,280
2751,328,1942,0,276
2752,325,1938,0,277
2753,325,1939,0,280
2754,324,1936,0,276
2755,325,1931,0,270
2756,325,1927,0,264
2757,326,1923,0,261
2758,324,1922,0,262
2759,323,1922,0,265
2760,321,1922,0,273
2761,321,1922,0,284
2762,320,1918,0,286
2763,320,1911,0,289
2764,322,1909,0,294
2765,324,1908,0,300
2766,323,1908,0,297
2767,322,1907,0,298
2768,322,1909,0,299
2769,325,1911,0,300
2770,323,1909,0,306
2771,321,1907,0,320
2772,317,1906,0,332
2773,313,1900,0,343
2774,312,1900,0,349
2775,306,1901,0,349
2776,305,1901,0,332
2777,303,1900,0,359
2778,299,1899,0,3
2779,297,1899,0,6
2780,294,1898,0,13
2781,295,1900,0,7
2784,300,1900,0,358
2785,303,1899,0,348
2786,303,1900,0,349
2787,304,1900,0,345
2788,302,1900,0,347
2789,302,1899,0,347
2790,304,1903,0,341
2791,303,1902,0,338
2792,300,1900,0,333
2793,296,1897,0,332
2794,294,1895,0,330
2795,292,1892,0,334
2796,288,1890,0,328
2797,287,1890,0,329
2798,285,1890,0,330
2799,282,1891,0,326
2800,281,1890,0,328
2801,278,1888,0,324
2802,279,1885,0,324
2803,279,1884,0,326
2804,278,1884,0,323
2805,270,1882,0,314
2806,270,1879,0,312
2807,269,1874,0,312
2808,268,1872,0,310
2809,264,1868,0,306
2810,257,1860,0,300
2811,255,1857,0,305
2812,252,1852,0,305
2813,249,1846,0,311
2814,246,1844,0,312
2815,244,1839,0,311
2816,242,1836,0,307
2817,240,1834,0,310
2818,238,1833,0,312
2819,236,1829,0,310
2820,235,1826,0,310
2821,234,1823,0,311
2822,232,1822,0,313
2823,231,1821,0,308
2824,233,1816,0,301
2825,235,1815,0,298
2826,233,1811,0,299
2827,234,1809,0,297
2828,235,1810,0,303
2829,234,1809,0,312
2830,231,1811,0,315
2831,228,1813,0,306
2832,225,1815,0,309
2833,222,1815,0,308
2834,221,1815,0,305
2835,220,1812,0,306
2836,219,1809,0,304
2837,219,1806,0,304
2838,217,1805,0,302
2839,217,1802,0,297
2840,219,1793,0,298
2841,216,1791,0,296
2842,214,1787,0,294
2843,214,1785,0,293
2844,212,1784,0,293
2845,214,1780,0,290
2846,212,1774,0,293
2847,211,1773,0,294
2848,211,1773,0,290
2849,210,1768,0,288
2850,211,1767,0,287
2851,210,1765,0,289
2852,211,1766,0,295
2853,207,1764,0,283
2854,209,1762,0,293
2855,209,1760,0,293
2856,210,1760,0,298
2857,210,1761,0,301
2858,209,1765,0,301
2859,208,1764,0,303
2860,207,1763,0,307
2861,204,1761,0,308
2862,201,1760,0,317
2863,196,1758,0,319
2864,194,1758,0,324
2865,191,1755,0,338
2866,187,1750,0,349
2867,183,1747,0,341
2868,179,1748,0,337
2869,179,1747,0,340
2870,175,1746,0,334
2871,170,1744,0,333
2872,163,1738,0,333
2873,159,1736,0,326
2874,150,1727,0,323
2875,143,1723,0,318
2876,138,1719,0,318
2877,133,1719,0,306
2878,135,1713,0,298
2879,134,1710,0,296
2880,130,1708,0,292
2881,128,1708,0,290
2882,127,1707,0,293
2883,126,1706,0,296
2884,124,1702,0,295
2885,123,1696,0,293
2886,125,1692,0,290
2887,126,1686,0,277
2888,126,1681,0,269
2889,127,1679,0,255
2890,129,1677,0,246
2891,130,1679,0,233
2892,133,1679,0,233
2893,131,1676,0,238
2894,135,1668,0,241
2895,138,1662,0,247
2896,141,1661,0,244
2897,138,1660,0,244
2898,135,1661,0,235
2899,137,1661,0,231
2900,136,1664,0,236
2901,135,1665,0,229
2902,136,1666,0,234
2903,137,1665,0,245
2904,138,1660,0,254
2905,139,1656,0,255
2906,144,1653,0,251
2907,147,1652,0,246
2908,146,1650,0,246
2909,146,1647,0,249
2910,152,1641,0,242
2911,154,1641,0,237
2912,157,1639,0,241
2913,157,1638,0,246
2914,157,1631,0,265
2915,154,1629,0,273
2916,152,1624,0,279
2917,155,1618,0,281
2918,154,1615,0,283
2919,153,1609,0,285
2920,151,1602,0,279
2921,152,1601,0,275
2922,150,1597,0,272
2923,149,1594,0,275
2924,150,1594,0,275
2925,150,1595,0,275
2926,150,1598,0,278
2927,147,1596,0,278
2928,147,1595,0,274
2929,146,1597,0,279
2930,148,1599,0,278
2931,150,1600,0,272
2932,151,1600,0,275
2933,153,1600,0,272
2934,154,1601,0,273
2935,153,1601,0,284
2936,151,1597,0,286
2937,151,1599,0,284
2938,149,1598,0,303
2939,146,1595,0,313
2940,143,1599,0,319
2941,140,1600,0,320
2942,139,1600,0,326
2943,136,1600,0,333
2944,132,1599,0,332
2945,130,1599,0,336
2946,129,1599,0,337
2947,128,1600,0,349
2948,122,1598,0,349
2949,123,1598,0,347
2950,125,1595,0,347
2951,127,1597,0,349
2952,124,1596,0,336
2953,121,1596,0,329
2954,120,1592,0,313
2955,124,1588,0,308
2956,125,1585,0,304
2957,127,1583,0,307
2958,131,1581,0,296
2959,132,1580,0,292
2960,132,1578,0,290
2961,130,1570,0,290
2962,126,1569,0,296
2963,123,1568,0,287
2964,123,1566,0,292
2965,127,1564,0,292
2966,130,1565,0,285
2967,132,1563,0,281
2968,134,1558,0,269
2969,134,1556,0,259
2970,132,1555,0,255
2971,133,1553,0,245
2972,134,1550,0,251
2973,139,1544,0,252
2974,143,1536,0,258
2975,142,1531,0,262
2976,143,1530,0,274
2977,142,1524,0,270
2978,143,1518,0,268
2979,146,1512,0,270
2980,143,1507,0,270
2981,145,1504,0,268
2982,146,1504,0,269
2983,146,1503,0,269
2984,147,1499,0,265
2985,146,1497,0,263
2986,147,1497,0,264
2987,145,1498,0,263
2988,146,1497,0,262
2989,146,1498,0,263
2990,146,1498,0,263
2991,146,1498,0,264
2992,147,1498,0,267
2993,145,1497,0,262
2994,145,1498,0,265
2995,146,1501,0,265
2996,143,1506,0,260
2997,144,1504,0,251
2998,144,1504,0,246
2999,146,1505,0,239
