0,1064,1601,0,209
1,1064,1602,0,209
2,1066,1611,0,218
3,1071,1624,0,205
4,1071,1621,0,206
5,1071,1620,0,206
6,1071,1620,0,202
7,1072,1615,0,191
8,1076,1618,0,193
9,1083,1620,0,195
10,1086,1623,0,208
11,1086,1621,0,209
12,1088,1617,0,212
13,1093,1617,0,211
14,1097,1615,0,218
15,1100,1613,0,215
16,1102,1612,0,218
17,1102,1616,0,221
18,1102,1618,0,220
19,1100,1617,0,216
20,1100,1616,0,208
21,1102,1615,0,203
22,1103,1616,0,199
23,1106,1618,0,197
24,1104,1618,0,195
25,1104,1619,0,189
26,1105,1619,0,192
27,1112,1621,0,201
28,1117,1620,0,196
29,1124,1620,0,201
30,1125,1619,0,203
31,1126,1614,0,201
32,1127,1612,0,185
33,1132,1613,0,181
34,1134,1615,0,175
35,1137,1615,0,176
36,1143,1616,0,171
37,1149,1614,0,157
38,1153,1614,0,161
39,1154,1615,0,157
40,1154,1615,0,158
41,1153,1619,0,157
42,1154,1621,0,153
43,1156,1622,0,152
44,1154,1622,0,159
45,1152,1620,0,162
46,1153,1620,0,162
47,1157,1621,0,160
48,1163,1624,0,156
49,1174,1626,0,149
50,1179,1632,0,144
51,1181,1633,0,146
52,1180,1633,0,150
53,1180,1633,0,148
54,1183,1636,0,147
55,1186,1640,0,145
56,1186,1642,0,141
57,1187,1640,0,138
58,1187,1641,0,138
59,1186,1643,0,139
60,1187,1646,0,140
61,1190,1648,0,138
62,1188,1648,0,132
63,1187,1648,0,120
64,1185,1649,0,113
65,1184,1651,0,112
66,1185,1654,0,108
67,1185,1656,0,103
68,1185,1657,0,101
69,1183,1658,0,94
70,1182,1659,0,92
71,1181,1659,0,91
72,1181,1659,0,94
73,1181,1658,0,97
74,1182,1658,0,95
75,1183,1656,0,95
76,1183,1656,0,101
77,1184,1656,0,109
78,1183,1654,0,111
79,1183,1653,0,105
80,1183,1654,0,102
81,1182,1654,0,92
82,1181,1658,0,88
83,1178,1659,0,84
84,1179,1660,0,89
85,1180,1661,0,86
86,1179,1662,0,85
87,1178,1663,0,80
88,1176,1663,0,83
89,1174,1662,0,89
90,1175,1660,0,89
91,1175,1657,0,88
92,1176,1656,0,91
93,1176,1653,0,96
94,1175,1653,0,96
95,1175,1651,0,94
96,1176,1650,0,97
97,1176,1650,0,98
98,1176,1651,0,98
99,1176,1650,0,101
100,1175,1650,0,102
101,1175,1650,0,101
102,1176,1650,0,101
103,1175,1649,0,103
104,1174,1650,0,101
105,1173,1651,0,96
106,1172,1651,0,96
107,1171,1652,0,95
108,1171,1652,0,96
109,1171,1652,0,96
110,1171,1652,0,96
111,1171,1651,0,95
112,1171,1652,0,96
113,1171,1652,0,97
114,1171,1652,0,99
115,1171,1652,0,98
116,1171,1652,0,98
117,1171,1652,0,97
118,1171,1652,0,94
119,1171,1652,0,95
120,1171,1653,0,94
121,1171,1652,0,93
122,1171,1652,0,93
123,1171,1653,0,94
124,1171,1653,0,95
125,1171,1652,0,94
126,1171,1652,0,95
127,1171,1652,0,95
128,1171,1651,0,95
129,1172,1650,0,94
130,1173,1650,0,94
131,1173,1650,0,95
132,1173,1650,0,95
133,1172,1650,0,95
134,1172,1649,0,95
135,1172,1650,0,94
136,1172,1649,0,94
137,1173,1650,0,93
138,1172,1650,0,92
139,1173,1650,0,91
140,1173,1651,0,91
141,1173,1650,0,92
142,1173,1651,0,92
143,1172,1650,0,93
144,1172,1651,0,93
145,1172,1651,0,91
146,1173,1651,0,90
147,1173,1651,0,91
148,1173,1651,0,90
149,1173,1651,0,90
150,1173,1652,0,91
151,1173,1652,0,90
152,1173,1651,0,91
153,1173,1651,0,91
154,1173,1651,0,90
155,1173,1651,0,90
156,1173,1652,0,90
157,1173,1652,0,90
158,1173,1652,0,90
159,1173,1652,0,91
160,1173,1652,0,90
161,1173,1652,0,89
162,1173,1650,0,89
163,1172,1648,0,87
164,1172,1649,0,83
165,1171,1647,0,77
166,1172,1645,0,78
167,1172,1643,0,73
168,1173,1640,0,74
169,1175,1640,0,89
170,1178,1640,0,87
171,1177,1641,0,90
172,1175,1641,0,89
173,1174,1640,0,91
174,1173,1641,0,92
175,1173,1642,0,90
176,1172,1643,0,93
177,1172,1642,0,94
178,1172,1642,0,95
179,1172,1643,0,93
180,1172,1642,0,94
181,1173,1643,0,91
182,1173,1643,0,89
183,1172,1644,0,84
184,1172,1644,0,78
185,1172,1644,0,74
186,1172,1644,0,66
187,1171,1643,0,59
188,1171,1642,0,43
189,1171,1640,0,31
190,1171,1639,0,23
191,1171,1638,0,19
192,1169,1640,0,17
193,1165,1641,0,16
194,1163,1639,0,16
195,1161,1644,0,14
196,1160,1646,0,12
197,1161,1645,0,8
198,1160,1645,0,6
199,1160,1646,0,1
200,1158,1647,0,3
201,1155,1650,0,358
202,1156,1651,0,359
203,1158,1655,0,2
204,1165,1661,0,9
205,1165,1663,0,13
206,1166,1667,0,18
207,1167,1676,0,15
208,1166,1678,0,10
209,1165,1681,0,4
210,1164,1680,0,5
211,1161,1675,0,0
212,1153,1676,0,352
213,1150,1676,0,351
214,1148,1675,0,343
215,1152,1673,0,330
216,1151,1675,0,321
217,1150,1674,0,318
218,1150,1672,0,320
219,1154,1671,0,316
220,1156,1670,0,309
221,1155,1668,0,304
222,1152,1664,0,301
223,1156,1662,0,304
224,1154,1661,0,299
225,1154,1658,0,297
226,1155,1658,0,293
227,1155,1657,0,288
228,1156,1657,0,283
229,1157,1655,0,286
230,1158,1655,0,282
231,1157,1656,0,281
232,1158,1657,0,285
233,1160,1658,0,285
234,1162,1660,0,292
235,1163,1660,0,296
236,1163,1659,0,297
237,1162,1657,0,296
238,1160,1656,0,292
239,1159,1654,0,288
240,1163,1653,0,284
241,1164,1650,0,280
242,1168,1644,0,280
243,1167,1640,0,278
244,1167,1638,0,274
245,1168,1633,0,273
246,1171,1633,0,269
247,1173,1630,0,273
248,1176,1626,0,280
249,1178,1620,0,285
250,1176,1610,0,287
251,1176,1601,0,289
252,1178,1595,0,294
253,1182,1597,0,298
254,1189,1596,0,287
255,1189,1594,0,274
256,1193,1594,0,266
257,1196,1592,0,255
258,1204,1586,0,246
259,1206,1583,0,236
260,1212,1580,0,227
261,1215,1578,0,224
262,1217,1571,0,224
263,1225,1570,0,220
264,1228,1567,0,232
265,1236,1561,0,221
266,1238,1557,0,232
267,1243,1556,0,225
268,1247,1560,0,217
269,1253,1559,0,215
270,1253,1558,0,218
271,1251,1557,0,220
272,1250,1559,0,225
273,1250,1560,0,229
274,1249,1558,0,232
275,1244,1557,0,234
276,1242,1556,0,229
277,1245,1556,0,223
278,1246,1557,0,223
279,1245,1559,0,223
280,1246,1560,0,226
281,1248,1560,0,228
282,1247,1559,0,228
283,1248,1558,0,226
284,1248,1555,0,228
285,1246,1554,0,243
286,1242,1550,0,252
287,1240,1551,0,254
288,1238,1554,0,253
289,1235,1554,0,268
290,1235,1555,0,272
291,1232,1553,0,277
292,1231,1549,0,286
293,1230,1547,0,289
294,1226,1543,0,297
295,1225,1541,0,299
296,1226,1540,0,301
297,1226,1541,0,301
298,1225,1539,0,302
299,1225,1537,0,301
300,1225,1536,0,307
301,1224,1536,0,311
302,1224,1536,0,311
303,1225,1535,0,310
304,1222,1533,0,312
305,1222,1532,0,312
306,1225,1534,0,315
307,1226,1535,0,311
308,1227,1536,0,310
309,1228,1538,0,301
310,1228,1537,0,301
311,1229,1534,0,297
312,1228,1532,0,299
313,1226,1528,0,298
314,1225,1526,0,295
315,1227,1527,0,287
316,1226,1524,0,281
317,1227,1522,0,279
318,1227,1520,0,281
319,1227,1520,0,280
320,1223,1520,0,276
321,1221,1519,0,272
322,1219,1518,0,263
323,1218,1517,0,259
324,1218,1514,0,260
325,1217,1510,0,254
326,1219,1506,0,252
327,1220,1500,0,253
328,1221,1499,0,254
329,1219,1498,0,259
330,1218,1496,0,259
331,1218,1489,0,273
332,1219,1480,0,281
333,1218,1472,0,281
334,1218,1459,0,283
335,1212,1450,0,278
336,1214,1449,0,272
337,1213,1442,0,275
338,1209,1433,0,272
339,1211,1418,0,281
340,1211,1413,0,287
341,1209,1405,0,276
342,1207,1396,0,282
343,1205,1392,0,278
344,1205,1379,0,281
345,1205,1376,0,274
346,1203,1373,0,271
347,1202,1367,0,269
348,1203,1359,0,273
349,1203,1354,0,268
350,1207,1347,0,266
351,1209,1338,0,276
352,1207,1332,0,274
353,1205,1326,0,268
354,1209,1324,0,264
355,1211,1316,0,261
356,1212,1312,0,271
357,1212,1310,0,274
358,1211,1310,0,269
359,1209,1305,0,268
360,1208,1299,0,273
361,1208,1299,0,269
362,1205,1294,0,275
363,1206,1290,0,269
364,1205,1280,0,274
365,1206,1275,0,275
366,1205,1273,0,271
367,1205,1271,0,273
368,1205,1266,0,291
369,1200,1256,0,304
370,1199,1253,0,295
371,1198,1251,0,291
372,1199,1251,0,294
373,1200,1252,0,285
374,1199,1252,0,289
375,1198,1250,0,291
376,1196,1249,0,292
377,1194,1248,0,294
378,1196,1247,0,294
379,1194,1245,0,293
380,1192,1245,0,298
381,1189,1245,0,302
382,1187,1244,0,297
383,1186,1242,0,296
384,1185,1242,0,292
385,1184,1238,0,278
386,1185,1233,0,272
387,1186,1229,0,271
388,1186,1224,0,271
389,1189,1213,0,273
390,1189,1208,0,277
391,1188,1201,0,282
392,1188,1199,0,280
393,1187,1196,0,278
394,1189,1194,0,277
395,1189,1195,0,279
396,1189,1192,0,275
397,1190,1181,0,277
398,1189,1173,0,282
399,1185,1172,0,285
400,1186,1169,0,282
401,1188,1166,0,283
402,1187,1164,0,280
403,1184,1162,0,282
404,1182,1155,0,287
405,1181,1153,0,293
406,1182,1150,0,294
407,1179,1146,0,296
408,1175,1143,0,296
409,1171,1141,0,292
410,1170,1138,0,288
411,1167,1131,0,287
412,1165,1122,0,296
413,1164,1119,0,299
414,1163,1119,0,297
415,1161,1118,0,298
416,1160,1119,0,292
417,1158,1118,0,293
418,1157,1117,0,299
419,1158,1117,0,298
420,1158,1116,0,302
421,1157,1115,0,301
422,1157,1114,0,301
423,1157,1112,0,301
424,1155,1110,0,302
425,1153,1107,0,302
426,1151,1106,0,303
427,1149,1105,0,303
428,1150,1106,0,301
429,1150,1107,0,302
430,1149,1104,0,305
431,1147,1101,0,308
432,1144,1095,0,309
433,1141,1095,0,299
434,1138,1092,0,293
435,1137,1089,0,291
436,1134,1083,0,292
437,1132,1077,0,292
438,1130,1075,0,291
439,1128,1075,0,294
440,1126,1068,0,293
441,1119,1061,0,290
442,1115,1057,0,296
443,1111,1050,0,290
444,1107,1045,0,289
445,1107,1040,0,288
446,1105,1032,0,289
447,1106,1031,0,287
448,1102,1027,0,288
449,1099,1026,0,285
450,1098,1023,0,279
451,1099,1018,0,278
452,1098,1008,0,276
453,1093,1006,0,273
454,1093,1002,0,273
455,1091,999,0,283
456,1085,995,0,285
457,1083,991,0,289
458,1080,987,0,284
459,1077,984,0,279
460,1077,981,0,282
461,1076,981,0,284
462,1076,982,0,286
463,1075,981,0,284
464,1074,980,0,282
465,1073,981,0,285
466,1072,982,0,286
467,1073,983,0,287
468,1073,984,0,283
469,1075,985,0,280
470,1075,988,0,274
471,1077,989,0,269
472,1077,988,0,267
473,1077,987,0,269
474,1076,984,0,265
475,1077,982,0,263
476,1078,982,0,257
477,1079,981,0,253
478,1081,979,0,256
479,1084,977,0,249
480,1084,975,0,252
481,1086,975,0,251
482,1087,979,0,249
483,1087,982,0,246
484,1088,982,0,242
485,1090,981,0,241
486,1091,980,0,241
487,1092,975,0,246
488,1091,972,0,249
489,1094,970,0,252
490,1094,968,0,254
491,1095,966,0,258
492,1095,965,0,261
493,1094,964,0,264
494,1094,963,0,267
495,1095,964,0,269
496,1094,960,0,274
497,1093,954,0,281
498,1087,951,0,285
499,1084,949,0,291
500,1082,945,0,293
501,1078,940,0,293
502,1077,938,0,293
503,1072,936,0,286
504,1067,931,0,289
505,1065,926,0,291
506,1056,922,0,287
507,1053,918,0,287
508,1049,913,0,287
509,1047,906,0,283
510,1045,899,0,283
511,1041,892,0,277
512,1034,888,0,281
513,1029,881,0,271
514,1027,875,0,266
515,1024,869,0,264
516,1024,864,0,263
517,1021,861,0,256
518,1021,858,0,259
519,1022,860,0,262
520,1020,860,0,263
521,1019,858,0,267
522,1021,858,0,268
523,1018,856,0,272
524,1014,853,0,268
525,1016,853,0,260
526,1015,851,0,257
527,1015,851,0,262
528,1015,851,0,259
529,1015,852,0,259
530,1014,851,0,257
531,1013,851,0,256
532,1015,850,0,256
533,1014,849,0,254
534,1014,848,0,258
535,1014,848,0,262
536,1014,846,0,263
537,1014,845,0,262
538,1015,845,0,264
539,1015,843,0,264
540,1015,843,0,266
541,1016,838,0,266
542,1017,835,0,269
543,1017,835,0,265
544,1017,835,0,264
545,1017,836,0,265
546,1016,838,0,270
547,1015,839,0,277
548,1014,839,0,280
549,1012,839,0,279
550,1013,840,0,285
551,1011,842,0,294
552,1010,842,0,296
553,1010,843,0,299
554,1005,842,0,309
555,1002,842,0,308
556,999,842,0,311
557,997,841,0,311
558,996,840,0,311
559,995,840,0,312
560,996,841,0,315
561,995,841,0,317
562,993,841,0,318
563,991,842,0,317
564,989,842,0,313
565,987,841,0,314
566,986,838,0,320
567,986,838,0,319
568,986,839,0,314
569,985,839,0,308
570,984,839,0,309
571,983,839,0,306
572,982,839,0,309
573,981,840,0,310
574,979,840,0,310
575,978,839,0,309
576,974,837,0,309
577,975,836,0,310
578,974,837,0,308
579,972,837,0,303
580,970,836,0,307
581,969,834,0,310
582,966,832,0,316
583,963,831,0,314
584,961,831,0,313
585,960,830,0,315
586,957,831,0,313
587,956,830,0,311
588,956,830,0,312
589,955,828,0,314
590,953,828,0,314
591,949,826,0,319
592,948,823,0,311
593,948,820,0,312
594,947,817,0,308
595,947,816,0,308
596,947,814,0,307
597,947,814,0,305
598,946,813,0,309
599,945,813,0,316
600,944,815,0,322
601,944,816,0,321
602,943,815,0,316
603,942,815,0,318
604,940,815,0,322
605,940,814,0,322
606,941,814,0,320
607,941,814,0,321
608,940,814,0,321
609,938,813,0,321
610,940,812,0,323
611,938,810,0,323
612,932,808,0,322
613,929,805,0,323
614,926,802,0,325
615,925,801,0,324
616,922,799,0,327
617,921,798,0,332
618,921,800,0,330
619,919,798,0,331
620,922,799,0,332
621,923,799,0,332
622,925,800,0,329
623,927,799,0,328
624,925,795,0,322
625,926,794,0,325
626,922,795,0,326
627,919,795,0,327
628,917,794,0,327
629,915,792,0,331
630,912,794,0,329
631,908,793,0,329
632,903,789,0,334
633,898,788,0,334
634,896,787,0,334
635,894,786,0,327
636,892,785,0,333
637,887,782,0,336
638,883,780,0,340
639,879,778,0,343
640,871,775,0,346
641,868,778,0,338
642,864,781,0,335
643,862,779,0,338
644,857,776,0,333
645,856,777,0,334
646,854,777,0,331
647,855,776,0,327
648,855,772,0,325
649,854,770,0,323
650,853,769,0,320
651,851,767,0,320
652,850,767,0,319
653,850,767,0,314
654,850,766,0,314
655,849,764,0,312
656,850,765,0,313
657,848,768,0,317
658,846,768,0,315
659,845,766,0,311
660,845,766,0,314
661,842,767,0,308
662,842,767,0,306
663,839,767,0,300
664,838,768,0,299
665,839,767,0,299
666,841,767,0,305
667,841,766,0,313
668,839,766,0,313
669,837,765,0,313
670,833,763,0,319
671,828,761,0,326
672,825,761,0,327
673,820,759,0,327
674,817,760,0,332
675,812,760,0,330
676,809,759,0,334
677,807,758,0,334
678,804,757,0,334
679,799,756,0,334
680,794,755,0,334
681,794,754,0,330
682,787,754,0,329
683,785,750,0,330
684,781,745,0,332
685,776,742,0,336
686,769,743,0,332
687,763,744,0,325
688,761,742,0,325
689,759,740,0,323
690,755,739,0,328
691,750,738,0,321
692,749,735,0,321
693,747,733,0,318
694,743,730,0,325
695,739,727,0,317
696,738,725,0,320
697,738,725,0,319
698,738,725,0,320
699,737,724,0,320
700,734,723,0,321
701,732,722,0,326
702,729,720,0,330
703,725,719,0,328
704,724,717,0,331
705,725,715,0,329
706,724,716,0,330
707,722,716,0,332
708,719,717,0,331
709,718,718,0,333
710,719,719,0,333
711,718,719,0,330
712,715,718,0,331
713,714,719,0,334
714,713,719,0,338
715,711,719,0,338
716,709,717,0,338
717,709,717,0,337
718,707,714,0,328
719,705,713,0,325
720,705,713,0,320
721,705,713,0,317
722,704,711,0,310
723,700,709,0,306
724,700,708,0,309
725,699,708,0,307
726,697,708,0,308
727,698,708,0,309
728,694,707,0,303
729,692,708,0,296
730,691,709,0,291
731,688,713,0,286
732,689,713,0,285
733,687,707,0,281
734,682,699,0,279
735,679,696,0,277
736,680,693,0,278
737,680,690,0,277
738,681,686,0,279
739,682,682,0,273
740,682,683,0,269
741,682,682,0,278
742,681,681,0,283
743,680,680,0,292
744,678,679,0,296
745,677,678,0,298
746,676,677,0,301
747,678,677,0,305
748,679,674,0,305
749,680,673,0,307
750,682,670,0,316
751,679,674,0,303
752,676,672,0,298
753,676,670,0,295
754,673,666,0,291
755,673,661,0,292
756,672,661,0,285
757,673,660,0,288
758,671,660,0,295
759,664,659,0,284
760,660,657,0,275
761,654,657,0,270
762,652,655,0,270
763,653,657,0,266
764,653,655,0,267
765,654,652,0,260
766,655,652,0,254
767,656,648,0,253
768,656,644,0,251
769,655,642,0,257
770,656,638,0,255
771,654,635,0,253
772,656,629,0,250
773,666,626,0,248
774,667,623,0,242
775,671,621,0,237
776,672,620,0,241
777,674,621,0,251
778,673,620,0,253
779,678,616,0,260
780,683,619,0,264
781,690,615,0,264
782,692,614,0,267
783,692,612,0,277
784,693,606,0,277
785,697,603,0,274
786,703,597,0,275
787,709,586,0,295
788,711,580,0,303
789,708,579,0,321
790,708,580,0,324
791,711,580,0,325
792,715,582,0,320
793,721,582,0,319
794,724,583,0,322
795,721,581,0,326
796,721,579,0,328
797,722,579,0,327
798,724,579,0,332
799,725,579,0,333
800,724,582,0,330
801,724,582,0,320
802,725,578,0,321
803,725,579,0,320
804,729,577,0,317
805,730,575,0,323
806,729,577,0,317
807,727,581,0,320
808,724,582,0,310
809,724,582,0,310
810,725,580,0,312
811,726,577,0,312
812,724,576,0,314
813,720,575,0,309
814,720,569,0,306
815,717,568,0,300
816,714,565,0,301
817,711,564,0,299
818,708,563,0,298
819,704,560,0,290
820,703,557,0,288
821,704,554,0,284
822,704,554,0,281
823,703,550,0,278
824,703,548,0,276
825,707,550,0,268
826,708,549,0,262
827,709,548,0,257
828,712,546,0,254
829,713,544,0,251
830,715,543,0,248
831,720,540,0,247
832,725,536,0,252
833,729,533,0,254
834,729,531,0,248
835,730,530,0,247
836,732,532,0,238
837,731,531,0,235
838,732,529,0,236
839,736,526,0,237
840,739,523,0,237
841,739,520,0,236
842,738,518,0,234
843,739,515,0,232
844,740,514,0,233
845,740,512,0,234
846,743,510,0,240
847,743,507,0,241
848,742,506,0,243
849,743,506,0,242
850,742,505,0,241
851,744,505,0,247
852,743,505,0,247
853,745,502,0,247
854,743,503,0,242
855,745,504,0,239
856,748,504,0,232
857,749,500,0,234
858,751,501,0,226
859,752,499,0,220
860,757,498,0,208
861,759,498,0,205
862,759,496,0,197
863,762,495,0,196
864,763,496,0,195
865,767,497,0,193
866,769,497,0,193
867,773,497,0,187
868,777,500,0,191
869,782,497,0,185
870,785,497,0,190
871,787,497,0,193
872,787,497,0,192
873,790,498,0,197
874,792,502,0,204
875,795,503,0,212
876,794,499,0,215
877,795,496,0,214
878,796,493,0,203
879,797,490,0,204
880,796,493,0,193
881,797,496,0,190
882,800,496,0,186
883,803,495,0,184
884,807,492,0,193
885,808,490,0,195
886,810,484,0,207
887,816,484,0,202
888,822,487,0,202
889,832,487,0,197
890,837,487,0,203
891,841,484,0,206
892,840,482,0,206
893,841,484,0,204
894,842,486,0,200
895,844,487,0,200
896,845,486,0,204
897,849,485,0,200
898,850,485,0,200
899,850,485,0,203
900,847,483,0,202
901,847,484,0,205
902,846,485,0,207
903,844,484,0,210
904,844,482,0,208
905,845,483,0,200
906,848,482,0,195
907,851,480,0,185
908,852,481,0,187
909,855,481,0,186
910,856,481,0,185
911,860,481,0,184
912,865,479,0,183
913,869,479,0,181
914,877,481,0,181
915,886,480,0,179
916,891,479,0,181
917,898,479,0,181
918,904,479,0,187
919,907,478,0,185
920,910,479,0,183
921,916,478,0,186
922,918,478,0,187
923,918,477,0,184
924,922,479,0,191
925,923,481,0,187
926,925,478,0,174
927,933,482,0,174
928,941,485,0,173
929,944,486,0,169
930,947,487,0,171
931,948,484,0,162
932,951,483,0,160
933,954,482,0,148
934,955,484,0,149
935,955,485,0,153
936,954,485,0,154
937,954,484,0,156
938,953,481,0,154
939,952,481,0,157
940,953,483,0,160
941,955,484,0,158
942,958,487,0,163
943,962,489,0,165
944,966,489,0,163
945,968,491,0,162
946,970,493,0,163
947,972,494,0,164
948,973,494,0,164
949,973,493,0,164
950,974,493,0,163
951,974,493,0,163
952,975,495,0,161
953,976,496,0,167
954,976,497,0,165
955,976,498,0,166
956,976,499,0,165
957,978,498,0,164
958,979,499,0,168
959,979,499,0,170
960,979,500,0,171
961,979,500,0,171
962,979,500,0,170
963,979,500,0,170
964,979,501,0,173
965,979,501,0,171
966,979,501,0,169
967,980,501,0,169
968,980,501,0,169
969,979,501,0,171
970,979,501,0,170
971,979,502,0,171
972,979,502,0,170
973,980,501,0,169
974,980,502,0,168
975,980,502,0,168
976,981,501,0,168
977,981,502,0,169
978,981,502,0,170
979,981,502,0,170
980,980,502,0,169
981,980,502,0,168
982,980,502,0,169
983,981,502,0,168
984,981,501,0,165
985,980,501,0,165
986,980,501,0,167
987,980,502,0,172
988,978,503,0,171
989,977,504,0,173
990,976,504,0,174
991,976,505,0,172
992,976,505,0,170
993,975,505,0,167
994,974,505,0,157
995,973,505,0,157
996,973,507,0,151
997,974,511,0,144
998,975,514,0,142
999,977,517,0,142
1000,977,518,0,144
1001,977,518,0,142
1002,976,519,0,143
1003,976,518,0,146
1004,976,518,0,143
1005,975,518,0,142
1006,976,519,0,141
1007,979,519,0,143
1008,984,517,0,132
1009,988,517,0,128
1010,988,520,0,127
1011,989,521,0,126
1012,989,519,0,122
1013,989,519,0,123
1014,990,516,0,130
1015,989,515,0,131
1016,990,514,0,132
1017,993,515,0,129
1018,994,513,0,132
1019,995,512,0,140
1020,998,513,0,140
1021,1001,513,0,142
1022,1002,515,0,145
1023,1001,516,0,149
1024,1002,516,0,150
1025,1003,516,0,148
1026,1002,515,0,148
1027,1004,514,0,147
1028,1006,511,0,140
1029,1005,510,0,145
1030,1005,510,0,146
1031,1004,509,0,145
1032,1003,507,0,143
1033,1003,507,0,140
1034,1003,508,0,138
1035,1001,507,0,137
1036,1000,508,0,137
1037,999,510,0,137
1038,1002,507,0,135
1039,1004,501,0,129
1040,1003,492,0,131
1041,1004,486,0,128
1042,1004,488,0,122
1043,1003,488,0,110
1044,1003,487,0,103
1045,1004,486,0,96
1046,1004,487,0,102
1047,1006,490,0,101
1048,1005,493,0,100
1049,1007,495,0,107
1050,1006,496,0,110
1051,1006,495,0,116
1052,1005,493,0,114
1053,1003,491,0,127
1054,1003,490,0,130
1055,1003,490,0,133
1056,1002,490,0,133
1057,1003,491,0,131
1058,1003,491,0,129
1059,1002,491,0,116
1060,1001,492,0,111
1061,1000,492,0,112
1062,998,492,0,113
1063,996,492,0,104
1064,994,492,0,100
1065,992,492,0,95
1066,991,493,0,95
1067,990,494,0,92
1068,989,495,0,91
1069,988,495,0,93
1070,989,499,0,89
1071,991,504,0,80
1072,990,504,0,79
1073,989,503,0,85
1074,989,503,0,87
1075,988,504,0,87
1076,989,503,0,86
1077,988,503,0,86
1078,987,503,0,84
1079,987,503,0,85
1080,987,504,0,86
1081,988,504,0,92
1082,988,507,0,90
1083,987,507,0,93
1084,983,511,0,91
1085,983,512,0,89
1086,982,510,0,87
1087,981,509,0,85
1088,978,508,0,85
1089,973,509,0,90
1090,974,511,0,88
1091,973,511,0,82
1092,970,512,0,89
1093,971,513,0,85
1094,970,512,0,78
1095,974,509,0,67
1096,973,511,0,63
1097,966,508,0,80
1098,961,508,0,91
1099,959,512,0,95
1100,959,511,0,93
1101,952,508,0,90
1102,944,508,0,96
1103,945,506,0,93
1104,944,508,0,96
1105,942,512,0,101
1106,939,518,0,108
1107,942,523,0,126
1108,947,535,0,138
1109,953,541,0,156
1110,959,536,0,168
1111,958,542,0,189
1112,958,535,0,170
1113,958,538,0,169
1114,959,539,0,170
1115,961,541,0,179
1116,964,538,0,176
1117,968,537,0,184
1118,974,534,0,186
1119,977,535,0,187
1120,980,533,0,195
1121,983,531,0,202
1122,985,529,0,197
1123,988,530,0,193
1124,990,528,0,190
1125,992,529,0,191
1126,994,529,0,191
1127,995,531,0,191
1128,996,531,0,190
1129,996,531,0,189
1130,994,533,0,190
1131,994,534,0,193
1132,995,532,0,194
1133,997,530,0,196
1134,999,529,0,194
1135,1000,530,0,202
1136,1000,528,0,202
1137,1000,526,0,201
1138,999,524,0,204
1139,999,523,0,198
1140,999,523,0,201
1141,998,523,0,204
1142,998,523,0,211
1143,998,522,0,213
1144,999,519,0,220
1145,997,518,0,221
1146,997,517,0,222
1147,997,517,0,220
1148,997,518,0,222
1149,997,518,0,221
1150,997,518,0,222
1151,997,518,0,219
1152,997,518,0,221
1153,997,519,0,219
1154,997,519,0,218
1155,998,518,0,221
1156,998,518,0,219
1157,999,517,0,221
1158,999,517,0,220
1159,998,517,0,220
1160,997,518,0,222
1161,997,519,0,223
1162,997,519,0,224
1163,998,518,0,225
1164,998,518,0,225
1165,999,517,0,225
1166,999,516,0,223
1167,1000,516,0,224
1168,1000,516,0,226
1169,1001,516,0,226
1170,1001,516,0,231
1171,1001,516,0,233
1172,999,516,0,233
1173,1001,517,0,233
1174,1000,516,0,238
1175,998,514,0,238
1176,997,514,0,240
1177,997,514,0,245
1178,996,514,0,247
1179,995,513,0,246
1180,995,509,0,247
1181,995,507,0,249
1182,994,506,0,252
1183,994,506,0,252
1184,995,504,0,252
1185,993,503,0,250
1186,992,503,0,247
1187,991,503,0,249
1188,991,505,0,247
1189,992,505,0,248
1190,991,506,0,245
1191,990,507,0,245
1192,988,510,0,238
1193,990,514,0,233
1194,992,516,0,222
1195,993,517,0,218
1196,995,518,0,217
1197,997,515,0,219
1198,998,515,0,217
1199,999,515,0,219
1200,999,513,0,213
1201,1000,513,0,216
1202,1001,511,0,212
1203,1001,509,0,208
1204,1001,508,0,208
1205,1002,509,0,209
1206,1001,509,0,209
1207,1002,508,0,208
1208,1005,506,0,207
1209,1004,507,0,200
1210,1002,508,0,181
1211,1002,511,0,179
1212,1002,513,0,173
1213,1002,515,0,164
1214,1003,518,0,160
1215,1004,518,0,162
1216,1005,518,0,165
1217,1005,518,0,164
1218,1005,518,0,164
1219,1005,519,0,166
1220,1005,520,0,166
1221,1005,520,0,168
1222,1006,520,0,167
1223,1005,519,0,166
1224,1006,519,0,165
1225,1006,519,0,164
1226,1006,519,0,168
1227,1005,520,0,168
1228,1005,520,0,168
1229,1006,520,0,169
1230,1005,522,0,170
1231,1005,522,0,170
1232,1004,522,0,169
1233,1003,522,0,171
1234,1004,523,0,175
1235,1003,522,0,176
1236,1007,522,0,178
1237,1007,523,0,182
1238,1007,522,0,178
1239,1008,522,0,178
1240,1009,522,0,177
1241,1010,523,0,176
1242,1011,522,0,180
1243,1012,521,0,182
1244,1012,521,0,184
1245,1014,522,0,181
1246,1014,522,0,178
1247,1014,523,0,183
1248,1014,523,0,184
1249,1013,523,0,180
1250,1013,523,0,181
1251,1015,523,0,185
1252,1016,523,0,181
1253,1016,524,0,177
1254,1017,525,0,175
1255,1019,528,0,171
1256,1019,528,0,173
1257,1015,528,0,173
1258,1015,528,0,173
1259,1015,529,0,165
1260,1018,529,0,167
1261,1019,530,0,171
1262,1019,529,0,174
1263,1020,529,0,168
1264,1021,530,0,164
1265,1022,532,0,166
1266,1021,536,0,167
1267,1020,539,0,163
1268,1019,538,0,164
1269,1019,538,0,167
1270,1017,539,0,159
1271,1014,540,0,155
1272,1015,541,0,151
1273,1014,542,0,144
1274,1014,541,0,142
1275,1014,541,0,136
1276,1012,540,0,132
1277,1011,540,0,133
1278,1010,542,0,130
1279,1010,541,0,131
1280,1010,541,0,128
1281,1010,545,0,122
1282,1008,545,0,123
1283,1010,544,0,135
1284,1009,543,0,126
1285,1010,544,0,123
1286,1011,546,0,133
1287,1010,547,0,117
1288,1009,548,0,113
1289,1009,548,0,114
1290,1010,549,0,113
1291,1009,546,0,110
1292,1007,545,0,92
1293,1006,546,0,91
1294,1006,542,0,86
1295,1006,544,0,84
1296,1005,547,0,83
1297,1004,551,0,79
1298,1003,552,0,83
1299,1002,552,0,84
1300,1003,549,0,80
1301,1005,548,0,71
1302,1004,549,0,68
1303,1003,552,0,69
1304,1003,554,0,67
1305,1003,555,0,68
1306,1003,556,0,67
1307,1003,557,0,67
1308,1001,558,0,70
1309,999,561,0,77
1310,999,560,0,74
1311,997,560,0,66
1312,996,559,0,61
1313,998,560,0,68
1314,995,561,0,68
1315,995,560,0,58
1316,995,561,0,56
1317,993,563,0,55
1318,992,566,0,58
1319,991,568,0,57
1320,991,569,0,56
1321,992,576,0,50
1322,990,577,0,53
1323,989,580,0,55
1324,990,584,0,60
1325,983,588,0,57
1326,979,590,0,59
1327,976,593,0,57
1328,974,597,0,55
1329,972,599,0,50
1330,969,599,0,55
1331,968,599,0,57
1332,965,602,0,57
1333,965,604,0,58
1334,965,608,0,60
1335,965,612,0,65
1336,964,613,0,68
1337,962,614,0,66
1338,962,616,0,57
1339,958,619,0,53
1340,957,622,0,43
1341,952,625,0,43
1342,949,626,0,40
1343,948,625,0,42
1344,948,625,0,41
1345,947,625,0,43
1346,945,630,0,48
1347,942,633,0,50
1348,942,634,0,51
1349,941,633,0,53
1350,940,633,0,51
1351,941,634,0,52
1352,940,635,0,52
1353,942,638,0,59
1354,944,640,0,70
1355,944,641,0,79
1356,943,640,0,83
1357,941,642,0,88
1358,942,645,0,92
1359,942,645,0,94
1360,941,646,0,99
1361,939,648,0,101
1362,941,651,0,102
1363,941,654,0,107
1364,942,658,0,107
1365,942,660,0,103
1366,943,661,0,102
1367,946,660,0,95
1368,948,664,0,94
1369,947,669,0,91
1370,946,670,0,92
1371,946,671,0,93
1372,946,672,0,94
1373,947,674,0,91
1374,947,674,0,92
1375,947,676,0,90
1376,948,675,0,90
1377,948,675,0,84
1378,948,676,0,84
1379,948,677,0,85
1380,948,680,0,86
1381,948,677,0,89
1382,948,680,0,90
1383,949,680,0,86
1389,947,684,0,96
1390,947,682,0,94
1391,947,681,0,96
1392,947,680,0,94
1393,947,682,0,85
1394,947,681,0,84
1395,947,682,0,82
1396,947,682,0,83
1397,946,682,0,86
1398,948,677,0,89
1399,955,673,0,76
1400,954,672,0,80
1401,954,672,0,77
1402,954,672,0,80
1403,953,670,0,82
1404,954,669,0,80
1405,952,670,0,83
1406,951,669,0,90
1407,951,669,0,85
1408,950,669,0,87
1409,950,669,0,91
1410,950,666,0,84
1411,949,666,0,78
1412,948,666,0,74
1413,947,667,0,71
1414,945,670,0,65
1415,945,671,0,62
1416,943,671,0,54
1417,943,671,0,51
1418,943,673,0,55
1419,941,674,0,57
1420,940,675,0,56
1421,940,676,0,49
1422,938,676,0,43
1423,936,676,0,27
1424,933,680,0,25
1425,929,683,0,24
1426,930,688,0,9
1427,929,691,0,355
1428,924,690,0,351
1429,925,691,0,337
1430,924,692,0,328
1431,922,692,0,333
1432,921,692,0,346
1433,922,691,0,353
1434,919,691,0,352
1435,919,692,0,352
1436,918,693,0,349
1437,914,695,0,349
1438,911,698,0,342
1439,910,699,0,345
1440,907,701,0,332
1441,904,701,0,327
1442,902,700,0,321
1443,900,702,0,313
1444,899,699,0,310
1445,900,697,0,308
1446,902,692,0,331
1447,900,687,0,348
1448,894,686,0,352
1449,892,686,0,357
1450,890,685,0,357
1451,891,685,0,354
1452,891,688,0,343
1453,891,689,0,333
1454,889,689,0,330
1455,889,687,0,336
1456,889,687,0,337
1457,889,687,0,333
1458,888,687,0,333
1459,888,687,0,334
1460,886,687,0,329
1461,887,688,0,329
1462,888,688,0,336
1463,887,687,0,335
1464,887,687,0,334
1465,885,688,0,333
1466,885,689,0,336
1467,885,689,0,332
1468,885,690,0,327
1469,883,691,0,325
1470,882,692,0,322
1471,882,692,0,323
1472,881,692,0,325
1473,880,692,0,326
1474,880,692,0,325
1475,880,693,0,325
1476,879,695,0,326
1477,880,695,0,327
1478,880,694,0,323
1479,879,693,0,325
1480,880,694,0,327
1481,885,696,0,323
1482,887,697,0,319
1483,893,701,0,331
1484,899,700,0,317
1485,902,698,0,321
1486,903,700,0,318
1487,905,702,0,323
1488,904,703,0,317
1489,904,704,0,308
1490,904,706,0,304
1491,903,706,0,295
1492,902,708,0,287
1493,901,709,0,286
1494,903,707,0,276
1495,900,708,0,268
1496,901,707,0,260
1497,903,703,0,254
1498,902,702,0,251
1499,900,704,0,245
1500,899,704,0,241
1501,901,700,0,228
1502,898,698,0,219
1503,895,699,0,209
1504,894,701,0,199
1505,896,703,0,198
1506,896,703,0,192
1507,896,704,0,190
1508,896,705,0,195
1509,896,705,0,196
1510,895,704,0,194
1511,894,705,0,195
1512,894,705,0,198
1513,894,703,0,185
1514,898,699,0,168
1515,900,695,0,155
1516,899,697,0,157
1517,901,699,0,156
1518,901,699,0,154
1519,901,699,0,151
1520,901,700,0,148
1521,900,700,0,145
1522,901,698,0,144
1523,901,698,0,137
1524,902,697,0,133
1525,903,696,0,121
1526,902,697,0,120
1527,899,699,0,134
1528,898,699,0,132
1529,897,698,0,132
1530,897,700,0,130
1531,896,700,0,125
1532,894,701,0,125
1533,896,700,0,123
1534,897,701,0,122
1535,896,701,0,120
1536,895,703,0,114
1537,892,704,0,113
1538,889,704,0,117
1539,891,704,0,116
1540,893,708,0,119
1541,895,709,0,120
1542,897,710,0,123
1543,898,712,0,116
1544,899,713,0,119
1545,900,716,0,117
1546,901,719,0,124
1547,899,720,0,131
1548,900,722,0,136
1549,900,724,0,138
1550,901,725,0,137
1551,903,724,0,135
1552,904,722,0,130
1553,903,722,0,131
1554,904,722,0,135
1555,903,721,0,133
1556,903,721,0,133
1557,904,721,0,135
1558,904,721,0,136
1559,904,721,0,133
1560,903,722,0,129
1561,903,722,0,125
1562,905,720,0,128
1563,907,719,0,124
1564,906,719,0,126
1565,906,719,0,120
1566,907,718,0,116
1567,908,717,0,113
1568,906,713,0,117
1569,908,713,0,117
1570,907,717,0,109
1571,906,719,0,104
1572,907,722,0,101
1573,906,723,0,102
1574,906,725,0,108
1575,905,731,0,109
1576,907,738,0,105
1577,908,739,0,106
1578,909,741,0,106
1579,909,743,0,104
1580,908,743,0,105
1581,909,744,0,105
1582,910,743,0,105
1583,909,737,0,108
1584,906,733,0,112
1585,906,732,0,110
1586,905,731,0,108
1587,904,729,0,106
1588,903,732,0,105
1589,902,734,0,107
1590,903,734,0,104
1591,902,735,0,105
1592,902,734,0,112
1593,902,732,0,114
1594,903,731,0,115
1595,902,732,0,114
1596,901,731,0,115
1597,901,731,0,111
1598,899,731,0,105
1599,899,730,0,99
1600,898,731,0,93
1601,898,731,0,92
1602,898,733,0,95
1603,898,733,0,94
1604,898,733,0,96
1605,898,734,0,96
1606,898,734,0,95
1607,898,735,0,95
1608,897,735,0,94
1609,896,737,0,88
1610,897,737,0,85
1611,897,737,0,88
1612,897,737,0,86
1613,898,736,0,89
1614,899,738,0,93
1615,899,739,0,92
1616,897,739,0,84
1617,894,741,0,77
1618,895,749,0,76
1619,895,752,0,71
1620,895,753,0,70
1621,895,756,0,57
1622,894,757,0,51
1623,893,758,0,47
1624,894,759,0,46
1625,896,758,0,46
1626,898,760,0,42
1627,900,760,0,37
1628,901,759,0,28
1629,901,759,0,29
1630,900,762,0,34
1631,900,766,0,40
1632,899,771,0,36
1633,896,774,0,40
1634,895,780,0,40
1635,891,783,0,47
1636,889,786,0,44
1637,887,790,0,44
1638,883,795,0,47
1639,881,800,0,53
1640,878,801,0,56
1641,873,806,0,57
1642,869,809,0,68
1643,870,804,0,73
1644,869,804,0,73
1645,867,803,0,76
1646,865,804,0,79
1647,865,802,0,78
1648,866,801,0,79
1649,866,802,0,86
1650,866,802,0,88
1651,865,801,0,80
1652,865,802,0,78
1653,865,802,0,78
1654,865,803,0,79
1655,859,804,0,83
1656,852,804,0,79
1657,850,803,0,79
1658,847,804,0,80
1659,844,808,0,97
1660,841,810,0,98
1661,841,811,0,101
1662,841,814,0,103
1663,841,815,0,106
1664,839,817,0,108
1665,836,821,0,127
1666,836,823,0,136
1667,837,826,0,145
1668,840,830,0,147
1669,841,831,0,158
1670,841,829,0,162
1671,841,829,0,163
1672,842,830,0,163
1673,842,830,0,163
1674,842,829,0,162
1675,842,830,0,163
1676,842,829,0,163
1677,842,829,0,163
1678,842,829,0,162
1679,841,829,0,167
1680,840,829,0,174
1681,840,828,0,181
1682,841,827,0,170
1683,838,829,0,172
1684,835,829,0,170
1685,833,830,0,170
1686,834,830,0,170
1687,834,830,0,171
1688,833,830,0,171
1689,833,830,0,171
1690,832,830,0,169
1691,831,830,0,165
1692,831,830,0,164
1693,831,830,0,162
1694,830,830,0,161
1695,831,830,0,161
1696,831,830,0,161
1697,830,830,0,158
1698,829,830,0,156
1699,829,830,0,158
1700,829,831,0,166
1701,829,830,0,164
1702,829,830,0,167
1703,829,830,0,169
1704,829,830,0,171
1705,830,830,0,171
1706,830,830,0,170
1707,830,830,0,172
1708,830,830,0,173
1709,830,830,0,172
1710,830,830,0,168
1711,829,830,0,169
1712,830,830,0,173
1713,830,830,0,173
1714,832,829,0,176
1715,833,828,0,178
1716,835,828,0,176
1717,836,827,0,176
1718,837,825,0,171
1719,836,825,0,181
1720,837,823,0,187
1721,840,821,0,190
1722,845,818,0,194
1723,848,816,0,196
1724,850,813,0,201
1725,852,812,0,202
1726,851,809,0,203
1727,851,808,0,210
1728,850,808,0,212
1729,850,807,0,211
1730,851,805,0,213
1731,851,801,0,216
1732,850,799,0,217
1733,852,798,0,223
1734,853,796,0,238
1735,854,791,0,256
1736,856,792,0,236
1737,859,791,0,232
1738,860,791,0,225
1739,861,791,0,224
1740,863,791,0,222
1741,865,792,0,218
1742,870,791,0,218
1743,875,789,0,215
1744,876,788,0,218
1745,877,785,0,222
1746,877,782,0,224
1747,876,780,0,230
1748,875,778,0,230
1749,876,777,0,227
1750,875,775,0,234
1751,876,773,0,237
1752,875,771,0,231
1753,875,771,0,228
1754,874,771,0,227
1755,873,771,0,226
1756,875,770,0,224
1757,876,770,0,225
1758,878,767,0,229
1759,881,764,0,232
1760,881,765,0,235
1761,881,766,0,235
1762,881,767,0,234
1763,882,766,0,230
1764,886,764,0,230
1765,889,764,0,224
1766,891,762,0,225
1767,893,761,0,226
1768,895,762,0,229
1769,903,761,0,235
1770,903,759,0,238
1771,904,756,0,242
1772,905,753,0,245
1773,904,749,0,244
1774,908,744,0,242
1775,908,742,0,250
1776,909,741,0,246
1777,910,739,0,245
1778,910,740,0,242
1779,908,743,0,254
1780,905,746,0,262
1781,904,748,0,265
1782,905,748,0,268
1783,906,747,0,275
1784,905,747,0,283
1785,904,747,0,281
1786,903,745,0,284
1787,901,744,0,289
1788,899,743,0,291
1789,898,742,0,292
1790,895,742,0,294
1791,892,740,0,301
1792,889,736,0,301
1793,885,734,0,301
1794,885,734,0,298
1795,886,735,0,296
1796,885,736,0,297
1797,884,736,0,301
1798,882,735,0,295
1799,882,735,0,304
1800,880,734,0,307
1801,878,736,0,306
1802,877,736,0,309
1803,877,737,0,314
1804,876,736,0,315
1805,875,738,0,315
1806,876,736,0,320
1807,880,729,0,330
1808,880,727,0,333
1809,882,727,0,331
1810,881,728,0,332
1811,880,730,0,339
1812,879,732,0,339
1813,879,732,0,337
1814,877,731,0,340
1815,873,730,0,339
1816,873,729,0,335
1817,872,726,0,337
1818,872,726,0,342
1819,869,727,0,338
1820,870,728,0,341
1821,868,727,0,343
1822,867,726,0,340
1823,868,726,0,342
1824,867,727,0,345
1825,868,728,0,346
1826,866,726,0,344
1827,866,726,0,347
1828,866,725,0,351
1829,866,723,0,350
1830,867,724,0,349
1831,866,726,0,350
1832,865,727,0,354
1833,864,727,0,358
1834,863,734,0,357
1835,859,739,0,354
1836,856,740,0,351
1837,854,740,0,344
1838,851,738,0,336
1839,851,740,0,331
1840,851,741,0,332
1841,852,741,0,334
1842,851,741,0,335
1843,853,741,0,337
1844,854,742,0,340
1845,854,742,0,334
1846,853,742,0,330
1847,853,742,0,328
1848,858,743,0,328
1849,859,742,0,334
1850,859,743,0,335
1851,856,745,0,337
1852,854,747,0,338
1853,851,747,0,332
1854,849,750,0,323
1855,849,752,0,330
1856,851,753,0,331
1857,850,752,0,334
1858,849,753,0,332
1859,847,752,0,335
1860,845,751,0,335
1861,845,751,0,335
1862,845,752,0,337
1863,846,752,0,332
1864,846,753,0,330
1865,847,752,0,326
1866,848,753,0,329
1867,848,753,0,327
1868,849,753,0,328
1869,848,751,0,329
1870,848,751,0,328
1871,848,751,0,327
1872,846,749,0,331
1873,845,749,0,330
1874,844,749,0,334
1875,844,748,0,333
1876,844,749,0,337
1877,843,749,0,335
1878,842,748,0,330
1879,841,748,0,328
1880,840,744,0,328
1881,839,746,0,325
1882,839,747,0,325
1883,838,746,0,325
1884,838,747,0,327
1885,837,747,0,333
1886,835,748,0,332
1887,833,748,0,333
1888,832,748,0,337
1889,832,747,0,337
1890,829,749,0,337
1891,826,750,0,338
1892,824,751,0,340
1893,823,751,0,339
1894,822,753,0,335
1895,820,754,0,334
1896,818,754,0,338
1897,816,754,0,340
1898,815,756,0,343
1899,813,757,0,343
1900,809,755,0,346
1901,808,755,0,349
1902,805,756,0,351
1903,804,756,0,350
1904,805,756,0,354
1905,804,754,0,356
1906,803,753,0,356
1907,802,753,0,357
1908,800,754,0,357
1909,798,754,0,358
1910,798,756,0,358
1911,796,756,0,355
1912,796,757,0,351
1913,798,757,0,354
1914,795,758,0,352
1915,794,759,0,350
1916,793,757,0,346
1917,794,757,0,353
1918,791,756,0,351
1919,789,755,0,346
1920,785,754,0,345
1921,783,755,0,341
1922,782,755,0,338
1923,779,756,0,345
1924,778,756,0,338
1925,778,756,0,341
1926,778,756,0,347
1927,780,757,0,347
1928,785,757,0,348
1929,784,757,0,346
1930,787,757,0,341
1931,788,756,0,334
1932,788,756,0,335
1933,790,756,0,332
1934,789,756,0,331
1935,789,755,0,326
1936,790,754,0,324
1937,790,754,0,324
1938,790,754,0,321
1939,789,755,0,324
1940,787,753,0,322
1941,786,753,0,319
1942,784,753,0,316
1943,785,753,0,319
1944,785,753,0,316
1945,784,752,0,316
1946,783,752,0,313
1947,780,753,0,308
1948,779,754,0,305
1949,779,754,0,305
1950,779,757,0,303
1951,778,759,0,304
1952,776,760,0,302
1953,776,759,0,302
1954,774,756,0,301
1955,774,755,0,300
1956,774,754,0,300
1957,773,754,0,299
1958,774,754,0,297
1959,773,754,0,298
1960,771,753,0,296
1961,774,756,0,301
1962,774,756,0,305
1963,772,755,0,305
1964,768,756,0,313
1965,766,754,0,315
1966,766,754,0,324
1967,766,753,0,335
1968,766,754,0,341
1969,765,754,0,342
1970,762,754,0,344
1971,760,753,0,343
1972,758,751,0,349
1973,758,750,0,356
1974,758,748,0,1
1975,759,749,0,3
1976,757,751,0,11
1977,756,754,0,12
1978,755,757,0,17
1979,754,759,0,21
1980,752,760,0,29
1981,750,761,0,35
1982,749,762,0,34
1983,748,765,0,36
1984,747,766,0,35
1985,746,768,0,35
1986,745,768,0,39
1987,744,769,0,38
1988,747,768,0,45
1989,748,769,0,47
1990,749,770,0,43
1991,750,771,0,40
1992,749,772,0,44
1993,749,772,0,44
1994,748,773,0,44
1995,747,773,0,41
1996,746,774,0,36
1997,746,775,0,37
1998,745,777,0,32
1999,743,778,0,32
2000,742,778,0,31
2001,741,779,0,26
2002,740,779,0,26
2003,738,782,0,22
2004,737,781,0,23
2005,736,780,0,26
2006,735,784,0,26
2007,731,784,0,21
2008,731,783,0,21
2009,726,784,0,24
2010,725,786,0,26
2011,722,788,0,25
2012,721,789,0,22
2013,721,790,0,24
2014,721,790,0,23
2015,720,791,0,26
2016,723,792,0,14
2017,725,791,0,14
2018,729,792,0,11
2019,736,790,0,11
2020,735,789,0,10
2021,733,791,0,10
2022,726,793,0,15
2023,720,795,0,22
2024,717,796,0,28
2025,715,797,0,32
2026,712,801,0,33
2027,711,801,0,37
2028,712,801,0,37
2029,712,802,0,40
2030,713,802,0,43
2031,715,803,0,48
2032,717,803,0,59
2033,718,801,0,65
2034,719,804,0,64
2035,718,805,0,65
2036,718,806,0,62
2037,718,806,0,63
2038,718,805,0,62
2039,719,802,0,59
2040,720,802,0,64
2041,719,804,0,64
2042,718,804,0,62
2043,718,804,0,62
2044,718,804,0,64
2045,718,805,0,64
2046,719,805,0,67
2047,718,806,0,61
2048,717,806,0,61
2049,717,806,0,69
2050,717,805,0,64
2051,717,805,0,65
2052,717,805,0,64
2053,716,805,0,66
2054,717,805,0,64
2055,717,806,0,64
2056,718,806,0,64
2057,718,806,0,64
2058,718,806,0,62
2059,718,806,0,61
2060,718,806,0,61
2061,718,807,0,64
2062,718,808,0,68
2063,719,809,0,68
2064,719,809,0,66
2065,719,809,0,65
2066,720,808,0,65
2067,719,806,0,61
2068,721,806,0,62
2069,721,806,0,57
2070,722,807,0,58
2071,724,805,0,57
2072,723,805,0,59
2073,723,804,0,54
2074,724,803,0,54
2075,726,800,0,48
2076,725,800,0,51
2077,724,801,0,56
2078,726,800,0,53
2079,725,800,0,50
2080,726,798,0,38
2081,727,797,0,29
2082,727,794,0,20
2083,727,794,0,24
2084,727,797,0,17
2085,729,798,0,15
2086,728,797,0,14
2087,731,796,0,7
2088,734,799,0,2
2089,733,796,0,5
2090,734,799,0,4
2091,734,799,0,8
2092,732,799,0,14
2093,731,800,0,15
2094,728,803,0,20
2095,727,803,0,20
2096,726,804,0,18
2097,725,804,0,20
2098,725,804,0,19
2099,724,806,0,19
2100,720,809,0,16
2101,715,813,0,6
2102,713,812,0,3
2103,710,813,0,3
2104,709,813,0,8
2105,710,814,0,13
2106,709,815,0,12
2107,709,815,0,9
2108,708,815,0,357
2109,708,814,0,353
2110,707,812,0,357
2111,703,811,0,2
2112,701,808,0,348
2113,694,809,0,332
2114,689,808,0,325
2115,684,806,0,322
2116,680,804,0,317
2117,679,801,0,315
2118,678,800,0,303
2119,675,798,0,294
2120,674,797,0,289
2121,672,795,0,290
2122,670,795,0,293
2123,670,796,0,291
2124,674,795,0,290
2125,674,793,0,285
2126,671,789,0,275
2127,676,785,0,277
2128,673,784,0,278
2129,671,781,0,275
2130,669,778,0,276
2131,668,773,0,282
2132,665,766,0,291
2133,663,763,0,294
2134,658,761,0,297
2135,657,757,0,308
2136,652,753,0,302
2137,649,747,0,307
2138,647,745,0,313
2139,646,743,0,314
2140,645,743,0,306
2141,644,742,0,302
2142,645,740,0,305
2143,644,741,0,312
2144,643,742,0,307
2145,642,742,0,304
2146,641,742,0,301
2147,641,742,0,302
2148,641,743,0,306
2149,641,742,0,313
2150,640,743,0,309
2151,640,744,0,313
2152,639,743,0,314
2153,640,744,0,315
2154,643,746,0,310
2155,644,746,0,310
2156,644,746,0,307
2157,644,744,0,299
2158,644,744,0,290
2159,643,744,0,288
2160,644,743,0,289
2161,645,743,0,285
2162,645,740,0,274
2163,645,736,0,274
2164,646,734,0,271
2165,647,730,0,266
2166,644,730,0,268
2167,644,731,0,270
2168,643,731,0,270
2169,643,733,0,271
2170,643,733,0,267
2171,642,733,0,264
2172,643,732,0,258
2173,643,730,0,253
2174,643,726,0,244
2175,647,726,0,253
2176,650,724,0,259
2177,654,722,0,253
2178,658,717,0,246
2179,659,714,0,241
2180,665,708,0,239
2181,668,708,0,245
2182,666,709,0,240
2183,665,707,0,235
2184,665,707,0,235
2185,662,706,0,236
2186,663,705,0,234
2187,664,705,0,240
2188,665,705,0,238
2189,665,704,0,237
2190,667,702,0,238
2191,669,702,0,238
2192,668,703,0,241
2193,669,703,0,242
2194,669,703,0,242
2195,669,703,0,243
2196,669,703,0,244
2197,669,703,0,244
2198,669,703,0,243
2199,668,703,0,241
2200,668,703,0,241
2201,669,703,0,244
2202,669,704,0,244
2203,669,704,0,244
2204,669,704,0,244
2205,669,704,0,243
2206,669,703,0,239
2207,666,703,0,236
2208,667,702,0,237
2218,667,704,0,240
2219,668,705,0,243
2220,668,706,0,243
2221,670,706,0,244
2222,671,707,0,241
2223,677,707,0,237
2224,677,707,0,231
2225,680,709,0,221
2226,682,710,0,206
2227,683,711,0,200
2228,684,713,0,201
2229,686,715,0,201
2230,686,716,0,203
2231,689,719,0,210
2232,689,719,0,213
2233,688,719,0,213
2234,687,718,0,211
2235,688,719,0,210
2236,688,719,0,211
2237,687,719,0,206
2238,686,718,0,203
2239,685,720,0,195
2240,685,719,0,189
2241,687,719,0,181
2242,686,720,0,174
2243,689,722,0,167
2244,689,725,0,159
2245,688,727,0,157
2246,689,728,0,154
2247,687,725,0,150
2248,686,722,0,149
2249,684,721,0,155
2250,683,721,0,153
2251,685,721,0,153
2252,686,722,0,151
2253,685,723,0,151
2254,686,723,0,150
2255,685,724,0,150
2256,685,725,0,151
2257,685,725,0,152
2258,686,725,0,151
2259,686,725,0,150
2260,686,725,0,152
2261,688,726,0,151
2262,687,726,0,152
2263,688,727,0,155
2264,686,728,0,159
2265,686,728,0,160
2266,687,729,0,162
2267,688,728,0,156
2268,687,728,0,154
2269,688,728,0,155
2270,688,727,0,154
2271,688,727,0,152
2272,687,726,0,154
2273,688,726,0,153
2274,689,726,0,152
2275,689,726,0,152
2276,689,726,0,153
2277,689,726,0,153
2278,688,725,0,153
2279,688,725,0,153
2280,688,725,0,153
2281,688,725,0,153
2282,687,726,0,155
2283,688,725,0,153
2284,689,725,0,153
2285,689,724,0,151
2286,689,725,0,151
2287,689,725,0,152
2288,689,725,0,151
2289,689,726,0,150
2290,689,727,0,152
2291,689,727,0,152
2292,689,726,0,151
2293,688,726,0,152
2294,688,727,0,150
2295,688,727,0,148
2296,687,724,0,153
2297,687,722,0,144
2298,688,725,0,127
2299,689,725,0,113
2300,689,726,0,105
2301,690,728,0,98
2302,691,728,0,93
2303,691,730,0,88
2304,692,729,0,77
2305,694,728,0,75
2306,693,728,0,69
2307,691,725,0,74
2308,687,725,0,73
2309,684,728,0,66
2310,683,734,0,66
2311,681,739,0,67
2312,677,744,0,66
2313,674,746,0,72
2314,672,747,0,70
2315,672,750,0,63
2316,671,751,0,62
2317,670,753,0,59
2318,669,755,0,59
2319,667,757,0,59
2320,668,757,0,60
2321,668,758,0,59
2322,667,758,0,58
2323,667,758,0,53
2324,666,758,0,48
2325,665,758,0,44
2326,669,756,0,34
2327,672,752,0,34
2328,672,753,0,30
2329,672,753,0,29
2330,672,753,0,27
2331,672,753,0,29
2332,672,753,0,28
2333,671,751,0,29
2334,671,751,0,28
2335,671,751,0,27
2336,671,751,0,26
2337,671,751,0,25
2338,671,751,0,28
2339,671,751,0,26
2340,671,752,0,27
2341,670,753,0,28
2342,670,752,0,30
2343,670,753,0,28
2344,670,754,0,32
2345,667,757,0,27
2346,662,762,0,30
2347,660,764,0,26
2348,655,765,0,18
2349,652,765,0,15
2350,650,767,0,13
2351,648,771,0,19
2352,644,773,0,17
2353,640,775,0,19
2354,636,774,0,19
2355,636,778,0,20
2356,641,776,0,15
2357,643,778,0,9
2358,650,779,0,359
2359,650,781,0,346
2360,652,781,0,335
2361,657,783,0,328
2362,659,781,0,314
2363,661,775,0,295
2364,658,774,0,292
2365,659,773,0,283
2366,659,769,0,281
2367,658,767,0,282
2368,661,765,0,281
2369,678,752,0,291
2370,674,744,0,293
2371,674,743,0,278
2372,674,741,0,273
2373,675,737,0,266
2374,676,733,0,265
2375,678,729,0,265
2376,678,724,0,264
2377,679,719,0,264
2378,682,718,0,269
2379,681,717,0,268
2380,680,716,0,267
2381,679,716,0,266
2382,680,715,0,269
2383,679,714,0,276
2384,677,713,0,281
2385,674,711,0,285
2386,673,708,0,286
2387,671,707,0,290
2388,672,703,0,289
2389,671,702,0,291
2390,669,700,0,297
2391,665,696,0,294
2392,664,691,0,296
2393,664,690,0,294
2394,661,687,0,295
2395,662,685,0,300
2396,664,685,0,297
2397,664,686,0,299
2398,666,686,0,302
2399,666,685,0,302
2400,665,682,0,305
2401,665,681,0,307
2402,664,680,0,310
2403,662,677,0,309
2404,664,681,0,314
2405,665,682,0,310
2406,665,684,0,303
2407,665,686,0,300
2408,666,683,0,306
2409,668,685,0,308
2410,668,688,0,301
2411,667,693,0,298
2412,667,698,0,299
2413,666,700,0,303
2414,663,698,0,310
2415,658,694,0,314
2416,655,689,0,316
2417,651,686,0,315
2418,646,684,0,318
2419,643,683,0,320
2420,639,682,0,323
2421,633,680,0,327
2422,633,680,0,330
2423,633,679,0,330
2424,631,679,0,322
2425,632,677,0,315
2426,630,675,0,314
2427,628,677,0,311
2428,627,674,0,315
2429,626,673,0,309
2430,625,671,0,308
2431,625,669,0,304
2432,624,669,0,305
2433,622,666,0,307
2434,622,662,0,308
2435,619,659,0,309
2436,616,655,0,309
2437,613,651,0,305
2438,610,649,0,305
2439,606,649,0,301
2440,603,647,0,304
2441,602,642,0,307
2442,603,640,0,306
2443,601,634,0,304
2444,593,630,0,288
2445,591,622,0,300
2446,592,618,0,296
2447,595,612,0,295
2448,596,610,0,290
2449,595,606,0,288
2450,597,602,0,285
2451,598,601,0,287
2452,600,600,0,293
2453,599,600,0,286
2454,601,596,0,289
2455,600,591,0,286
2456,599,589,0,280
2457,601,589,0,270
2458,602,585,0,267
2459,605,583,0,269
2460,604,581,0,266
2461,603,577,0,265
2462,605,573,0,265
2463,606,569,0,261
2464,607,566,0,265
2465,608,565,0,263
2466,609,565,0,263
2467,610,564,0,261
2468,611,560,0,262
2469,614,556,0,256
2470,615,547,0,252
2471,614,541,0,250
2472,614,542,0,250
2473,616,538,0,253
2474,619,536,0,266
2475,623,531,0,260
2476,623,529,0,266
2477,625,526,0,263
2478,625,527,0,267
2479,626,529,0,266
2480,628,530,0,263
2481,628,528,0,248
2482,628,525,0,247
2483,633,521,0,243
2484,636,518,0,242
2485,635,518,0,242
2486,635,517,0,241
2487,636,517,0,243
2488,637,518,0,241
2489,635,521,0,251
2490,633,521,0,258
2491,630,524,0,253
2492,630,525,0,254
2493,631,524,0,256
2494,631,524,0,259
2495,630,525,0,261
2496,630,525,0,263
2497,631,524,0,261
2498,632,520,0,263
2499,632,517,0,264
2500,632,514,0,265
2501,631,511,0,270
2502,630,509,0,272
2503,629,510,0,273
2504,629,509,0,276
2505,628,510,0,280
2506,627,509,0,288
2507,630,513,0,293
2508,629,514,0,296
2509,628,512,0,306
2510,625,508,0,311
2511,617,503,0,310
2512,615,503,0,308
2513,613,503,0,308
2514,613,504,0,306
2515,614,505,0,305
2516,613,506,0,300
2517,614,507,0,300
2518,614,508,0,299
2519,611,508,0,300
2520,610,508,0,304
2521,608,508,0,308
2522,607,503,0,315
2523,605,500,0,317
2524,606,501,0,311
2525,606,500,0,308
2526,606,499,0,306
2527,606,499,0,307
2528,602,494,0,313
2529,601,493,0,309
2530,601,491,0,310
2531,601,490,0,316
2532,604,493,0,328
2533,600,493,0,335
2534,596,491,0,339
2535,594,493,0,349
2536,593,493,0,353
2537,592,493,0,359
2538,591,494,0,2
2539,589,493,0,0
2540,587,494,0,0
2541,584,495,0,356
2542,583,489,0,350
2543,582,490,0,343
2544,578,491,0,344
2545,574,489,0,340
2546,571,487,0,335
2547,569,483,0,327
2548,568,485,0,323
2549,566,486,0,326
2550,562,481,0,342
2551,555,476,0,359
2552,551,479,0,3
2553,544,478,0,8
2554,543,478,0,17
2555,542,484,0,32
2556,538,488,0,37
2557,534,489,0,49
2558,534,492,0,55
2559,528,494,0,64
2560,530,495,0,61
2561,529,494,0,49
2562,528,493,0,37
2563,529,492,0,19
2564,522,496,0,21
2565,521,498,0,16
2566,521,502,0,35
2567,518,504,0,33
2568,515,504,0,34
2569,515,501,0,42
2570,516,497,0,39
2571,513,500,0,37
2572,510,503,0,36
2573,507,504,0,35
2574,505,508,0,42
2575,501,508,0,40
2576,496,508,0,39
2577,495,512,0,41
2578,492,512,0,42
2579,490,511,0,34
2580,488,510,0,30
2581,489,509,0,25
2582,490,506,0,13
2583,491,504,0,8
2584,486,500,0,2
2585,480,499,0,2
2586,477,499,0,2
2587,476,499,0,0
2588,475,501,0,358
2589,475,501,0,358
2590,475,502,0,357
2591,476,504,0,0
2592,476,505,0,1
2593,473,504,0,356
2594,474,504,0,351
2595,473,504,0,350
2596,475,504,0,356
2597,475,504,0,1
2598,475,506,0,1
2599,475,506,0,2
2600,473,507,0,3
2601,471,509,0,8
2602,470,510,0,14
2603,466,511,0,20
2604,466,513,0,21
2605,470,511,0,10
2606,472,511,0,2
2607,473,511,0,358
2608,471,507,0,352
2609,481,508,0,338
2610,480,503,0,329
2611,478,502,0,325
2612,476,501,0,324
2613,474,499,0,323
2614,473,498,0,319
2615,471,496,0,318
2616,469,494,0,315
2617,467,492,0,311
2618,462,489,0,310
2619,463,484,0,312
2620,462,481,0,314
2621,462,481,0,312
2622,463,481,0,313
2623,463,480,0,321
2624,459,477,0,319
2625,457,473,0,316
2626,452,469,0,314
2627,449,465,0,312
2628,447,463,0,317
2629,446,463,0,323
2630,446,463,0,332
2631,443,463,0,327
2632,440,463,0,328
2633,437,461,0,324
2634,436,459,0,322
2635,435,458,0,322
2636,437,459,0,322
2637,436,459,0,320
2638,435,459,0,322
2639,436,458,0,316
2640,436,456,0,315
2641,436,457,0,316
2642,436,459,0,318
2643,438,461,0,320
2644,443,464,0,320
2645,444,463,0,323
2646,445,461,0,330
2647,448,463,0,336
2648,446,463,0,335
2649,447,465,0,333
2650,447,465,0,336
2651,447,466,0,333
2652,446,465,0,327
2653,445,462,0,327
2654,443,460,0,322
2655,442,460,0,321
2656,440,460,0,320
2657,440,460,0,324
2658,439,460,0,324
2659,439,460,0,325
2660,440,458,0,322
2661,439,457,0,324
2662,439,458,0,326
2663,435,457,0,324
2664,433,456,0,325
2665,428,454,0,327
2666,424,451,0,325
2667,421,450,0,326
2668,422,448,0,327
2669,421,447,0,327
2670,419,446,0,324
2671,420,446,0,325
2672,419,445,0,324
2673,419,444,0,324
2674,417,443,0,325
2675,415,441,0,326
2676,413,440,0,325
2677,413,441,0,325
2678,414,441,0,327
2679,414,440,0,329
2680,412,439,0,330
2681,412,438,0,333
2682,413,435,0,341
2683,420,434,0,336
2684,424,433,0,332
2685,425,432,0,332
2686,424,433,0,333
2687,422,434,0,339
2688,419,434,0,344
2689,417,434,0,345
2690,418,435,0,343
2691,417,436,0,344
2692,415,436,0,343
2693,417,436,0,344
2694,415,437,0,343
2695,415,436,0,340
2696,416,436,0,335
2697,414,435,0,328
2698,412,432,0,328
2699,410,429,0,327
2700,408,428,0,329
2701,405,426,0,330
2702,401,424,0,337
2703,398,424,0,336
2704,393,423,0,339
2705,391,423,0,335
2706,384,421,0,339
2707,384,420,0,341
2708,384,421,0,340
2709,389,422,0,343
2710,392,424,0,334
2711,390,422,0,331
2712,386,419,0,328
2713,382,417,0,327
2714,382,417,0,333
2715,388,418,0,335
2716,391,422,0,340
2717,391,422,0,336
2718,392,425,0,335
2719,398,428,0,317
2720,400,429,0,310
2721,401,430,0,298
2722,403,428,0,295
2723,401,427,0,289
2724,400,429,0,290
2725,401,427,0,291
2726,402,427,0,293
2727,402,427,0,294
2728,403,427,0,289
2729,403,426,0,291
2730,403,423,0,288
2731,402,424,0,282
2732,402,422,0,291
2733,403,418,0,289
2734,401,416,0,290
2735,400,410,0,288
2736,399,407,0,278
2737,396,400,0,274
2738,394,396,0,271
2739,395,394,0,269
2740,394,392,0,272
2741,393,390,0,271
2742,393,390,0,271
2743,393,391,0,273
2744,393,391,0,274
2745,393,393,0,273
2746,393,396,0,268
2747,393,400,0,258
2748,395,401,0,247
2749,398,401,0,238
2750,402,402,0,240
2751,406,408,0,275
2752,404,405,0,241
2753,405,404,0,225
2754,405,404,0,207
2755,406,405,0,202
2756,407,406,0,208
2757,408,405,0,201
2758,410,404,0,197
2759,414,407,0,192
2760,416,408,0,190
2761,417,408,0,195
2762,419,408,0,193
2763,417,409,0,187
2764,416,409,0,190
2765,417,409,0,190
2766,418,409,0,191
2767,419,409,0,190
2768,418,408,0,192
2769,419,409,0,193
2770,420,409,0,188
2771,422,407,0,179
2772,423,405,0,166
2773,429,408,0,163
2774,430,410,0,157
2775,429,413,0,152
2776,430,414,0,150
2777,430,413,0,151
2778,431,413,0,154
2779,436,414,0,152
2780,439,413,0,151
2781,441,416,0,156
2782,444,416,0,162
2783,446,416,0,163
2784,448,417,0,160
2785,450,417,0,163
2786,450,418,0,164
2787,451,419,0,164
2788,451,418,0,162
2789,452,419,0,167
2790,451,416,0,162
2791,452,418,0,164
2792,455,419,0,166
2793,455,419,0,164
2794,458,418,0,171
2795,459,417,0,173
2796,459,415,0,175
2797,462,412,0,180
2798,464,411,0,186
2799,469,409,0,186
2800,476,407,0,188
2801,478,405,0,188
2802,481,406,0,189
2803,482,405,0,186
2804,483,404,0,180
2805,487,405,0,179
2806,489,407,0,178
2807,495,410,0,171
2808,497,412,0,166
2809,503,414,0,164
2810,510,418,0,165
2811,514,419,0,164
2812,514,420,0,165
2813,509,418,0,150
2814,509,419,0,149
2815,508,422,0,150
2816,510,422,0,155
2817,508,423,0,153
2818,511,424,0,147
2819,516,423,0,143
2820,515,424,0,144
2821,516,422,0,131
2822,516,421,0,133
2823,516,424,0,129
2824,518,427,0,129
2825,519,429,0,117
2826,521,432,0,111
2827,523,434,0,103
2828,523,436,0,91
2829,523,441,0,92
2830,522,443,0,90
2831,519,446,0,98
2832,519,451,0,102
2833,517,457,0,103
2834,515,463,0,110
2835,517,464,0,107
2836,519,465,0,113
2837,521,466,0,116
2838,520,466,0,118
2839,523,474,0,113
2840,527,476,0,104
2841,528,482,0,112
2842,526,485,0,109
2843,525,488,0,112
2844,524,490,0,106
2845,524,491,0,109
2846,525,492,0,107
2847,527,494,0,102
2848,528,493,0,103
2849,530,493,0,102
2850,533,494,0,102
2851,536,500,0,103
2852,538,503,0,111
2853,539,505,0,111
2854,540,506,0,115
2855,540,507,0,118
2856,540,509,0,115
2857,543,513,0,125
2858,549,515,0,138
2859,550,518,0,142
2860,554,523,0,143
2861,558,523,0,144
2862,556,525,0,150
2863,556,525,0,152
2864,559,528,0,157
2865,561,529,0,156
2866,563,530,0,154
2867,565,531,0,150
2868,568,530,0,149
2869,569,529,0,148
2870,567,530,0,156
2871,571,530,0,150
2872,571,529,0,144
2873,572,529,0,140
2874,571,530,0,142
2875,574,534,0,144
2876,574,534,0,149
2877,575,535,1,149
2878,575,535,0,149
2879,575,535,1,143
2880,576,536,1,145
2881,576,535,1,150
2882,575,535,0,150
2883,575,535,1,157
2884,574,535,1,164
2885,572,533,0,149
2886,571,531,0,147
2887,569,529,0,144
2888,570,530,0,145
2889,571,531,0,143
2890,569,530,0,151
2891,569,528,0,143
2892,570,529,0,144
2893,570,529,0,144
2894,571,530,0,148
2895,569,530,0,146
2896,566,528,0,148
2897,567,525,0,147
2898,565,527,0,152
2899,563,526,0,155
2900,562,526,0,155
2901,562,526,0,154
2902,561,525,0,153
2903,560,526,0,157
2904,561,524,0,158
2905,560,523,0,149
2906,555,523,0,148
2907,552,524,0,150
2908,549,528,0,162
2909,549,528,0,168
2910,550,525,0,178
2911,550,524,0,184
2912,551,523,0,190
2913,550,522,0,194
2914,551,521,0,194
2915,550,520,0,193
2916,551,518,0,203
2917,551,518,0,204
2918,551,519,0,203
2919,551,518,0,204
2920,555,516,0,203
2921,557,514,0,199
2922,554,515,0,202
2923,554,515,0,200
2924,554,515,0,200
2925,553,513,0,199
2926,556,511,0,199
2927,557,510,0,196
2928,558,510,0,191
2929,558,510,0,191
2930,559,510,0,191
2931,558,510,0,189
2932,558,510,0,192
2933,558,511,0,193
2934,558,510,0,194
2935,558,510,0,193
2936,558,510,0,192
2937,558,511,0,192
2938,557,510,0,193
2939,557,510,0,190
2940,556,509,0,192
2941,556,509,0,191
2942,555,509,0,193
2943,555,510,0,193
2944,554,509,0,193
2945,552,509,0,199
2946,552,508,0,204
2947,552,509,0,205
2948,552,509,0,206
2949,552,508,0,204
2950,550,508,0,209
2951,549,507,0,208
2952,550,506,0,213
2953,549,505,0,213
2954,549,504,0,213
2955,550,504,0,213
2956,549,504,0,213
2957,548,504,0,219
2958,549,502,0,218
2959,550,500,0,221
2960,551,499,0,220
2961,551,498,0,221
2962,550,497,0,218
2963,550,494,0,220
2964,551,494,0,220
2965,550,492,0,221
2966,549,490,0,214
2967,554,487,0,217
2968,560,485,0,217
2969,561,485,0,213
2970,565,484,0,207
2971,566,484,0,210
2972,563,487,0,218
2973,563,487,0,223
2974,563,487,0,224
2975,562,486,0,218
2976,561,485,0,221
2977,562,485,0,219
2978,564,485,0,214
2979,563,488,0,213
2980,561,490,0,209
2981,560,490,0,200
2982,562,487,0,196
2983,563,487,0,183
2984,562,488,0,177
2985,564,487,0,161
2986,566,491,0,160
2987,573,496,0,162
2988,574,497,0,162
2989,576,499,0,158
2990,580,501,0,154
2991,580,502,0,153
2992,581,503,0,153
2993,583,503,0,150
2994,585,506,0,150
2995,588,508,0,143
2996,588,507,0,141
2997,584,505,0,144
2998,583,503,0,146
2999,581,504,0,141
