0,882,1680,0,351
1,881,1680,0,354
2,881,1681,0,357
3,880,1680,0,358
4,871,1688,0,341
5,872,1690,0,342
6,872,1691,0,342
7,872,1691,0,344
8,871,1691,0,346
9,871,1691,0,345
10,871,1690,0,348
11,871,1690,0,347
12,871,1690,0,345
13,872,1689,0,343
14,876,1688,0,347
15,879,1688,0,350
16,879,1685,0,356
17,881,1685,0,354
18,883,1685,0,354
19,882,1685,0,352
20,882,1685,0,350
21,882,1685,0,350
22,881,1684,0,351
23,879,1684,0,347
24,878,1683,0,347
25,876,1675,0,358
26,876,1677,0,357
27,876,1674,0,349
28,878,1667,0,345
29,878,1662,0,334
30,876,1659,0,324
31,871,1658,0,322
32,868,1655,0,323
33,861,1652,0,321
34,859,1650,0,316
35,857,1648,0,318
36,853,1642,0,314
37,852,1632,0,310
38,847,1627,0,309
39,840,1621,0,307
40,834,1616,0,304
41,832,1611,0,307
42,832,1610,0,310
43,834,1604,0,305
44,832,1599,0,301
45,831,1597,0,294
46,835,1592,0,279
47,834,1590,0,279
48,833,1585,0,277
49,831,1581,0,281
50,831,1574,0,284
51,829,1567,0,289
52,825,1559,0,298
53,820,1556,0,299
54,819,1554,0,301
55,819,1551,0,296
56,821,1545,0,284
57,823,1543,0,272
58,825,1539,0,273
59,831,1531,0,266
60,835,1523,0,260
61,839,1522,0,256
62,841,1521,0,246
63,844,1522,0,243
64,849,1521,0,239
65,853,1519,0,231
66,849,1519,0,243
67,846,1519,0,241
68,844,1521,0,237
69,845,1519,0,240
70,849,1512,0,240
71,856,1503,0,241
72,865,1494,0,246
73,868,1482,0,251
74,869,1478,0,247
75,867,1476,0,255
76,865,1462,0,275
77,864,1453,0,277
78,860,1452,0,277
79,858,1452,0,279
80,858,1449,0,278
81,857,1442,0,279
82,856,1440,0,283
83,855,1441,0,285
84,855,1440,0,285
85,853,1436,0,285
86,852,1429,0,291
87,857,1431,0,291
88,861,1436,0,302
89,861,1438,0,315
90,858,1432,0,326
91,855,1430,0,331
92,847,1426,0,333
93,838,1421,0,336
94,832,1427,0,347
95,825,1428,0,353
96,826,1425,0,356
97,829,1423,0,359
98,836,1418,0,0
99,848,1414,0,359
100,848,1413,0,351
101,852,1413,0,346
102,858,1415,0,344
103,861,1416,0,345
104,861,1417,0,347
105,861,1419,0,350
106,860,1421,0,349
107,860,1424,0,345
108,860,1429,0,356
109,855,1432,0,352
110,853,1436,0,354
111,850,1437,0,342
112,848,1438,0,333
113,846,1438,0,328
114,839,1439,0,316
115,837,1437,0,307
116,839,1433,0,302
117,839,1435,0,300
118,836,1437,0,298
119,836,1439,0,300
120,837,1441,0,302
121,838,1440,0,302
122,836,1436,0,303
123,836,1433,0,296
124,836,1429,0,292
125,834,1427,0,300
126,830,1427,0,310
127,828,1431,0,325
128,826,1433,0,324
129,825,1430,0,317
130,820,1419,0,310
131,815,1407,0,309
132,804,1405,0,317
133,795,1400,0,323
134,790,1397,0,325
135,788,1395,0,314
136,782,1392,0,317
137,778,1386,0,313
138,779,1382,0,314
139,776,1377,0,314
140,770,1369,0,314
141,768,1371,0,307
142,771,1375,0,301
143,776,1381,0,280
144,780,1380,0,272
145,782,1371,0,261
146,790,1363,0,257
147,792,1356,0,261
148,797,1337,0,253
149,798,1334,0,250
150,800,1330,0,247
151,802,1322,0,254
152,802,1312,0,265
153,799,1312,0,270
154,800,1317,0,271
155,799,1322,0,264
156,797,1328,0,262
157,797,1315,0,283
158,799,1319,0,254
159,795,1315,0,276
160,793,1317,0,258
161,795,1314,0,258
162,799,1308,0,265
163,803,1305,0,257
164,806,1299,0,256
165,810,1293,0,257
166,814,1288,0,256
167,818,1281,0,246
168,823,1272,0,251
169,825,1264,0,248
170,825,1264,0,250
171,827,1269,0,253
172,826,1266,0,259
173,827,1257,0,264
174,829,1253,0,258
175,836,1249,0,251
176,845,1246,0,245
177,841,1245,0,239
178,841,1243,0,239
179,844,1238,0,241
180,846,1230,0,253
181,846,1227,0,260
182,844,1225,0,262
183,843,1226,0,264
184,842,1225,0,274
185,841,1226,0,277
186,839,1222,0,277
187,839,1212,0,262
188,846,1204,0,258
189,845,1202,0,260
190,846,1199,0,262
191,849,1191,0,273
192,846,1187,0,274
193,840,1175,0,280
194,834,1175,0,288
195,829,1182,0,277
196,829,1183,0,265
197,828,1186,0,267
198,829,1189,0,275
199,830,1193,0,284
200,830,1193,0,291
201,830,1190,0,295
202,830,1182,0,306
203,824,1176,0,314
204,821,1172,0,323
205,815,1166,0,329
206,814,1163,0,328
207,810,1159,0,325
208,807,1157,0,317
209,805,1154,0,309
210,799,1149,0,301
211,798,1139,0,305
212,794,1138,0,300
213,793,1131,0,293
214,788,1122,0,292
215,785,1110,0,288
216,779,1105,0,290
217,773,1096,0,290
218,766,1089,0,289
219,762,1085,0,280
220,758,1073,0,281
221,752,1063,0,272
222,752,1056,0,272
223,752,1048,0,271
224,753,1044,0,266
225,754,1038,0,260
226,757,1034,0,260
227,761,1028,0,249
228,767,1016,0,244
229,774,1008,0,230
230,778,1004,0,231
231,781,1000,0,234
232,782,999,0,227
233,786,1001,0,218
234,788,1000,0,226
235,789,999,0,234
236,791,997,0,241
237,793,1002,0,251
238,793,1003,0,251
239,792,1008,0,256
240,790,1007,0,248
241,790,1002,0,230
242,788,1004,0,218
243,792,999,0,202
244,795,1004,0,187
245,802,1004,0,175
246,809,1008,0,164
247,814,1011,0,152
248,816,1008,0,145
249,816,1010,0,143
250,823,1014,0,142
251,824,1016,0,143
252,824,1016,0,138
253,828,1023,0,141
254,836,1034,0,134
255,842,1039,0,137
256,851,1047,0,143
257,858,1050,0,155
258,865,1049,0,164
259,879,1050,0,185
260,886,1051,0,191
261,890,1051,0,193
262,889,1051,0,196
263,890,1051,0,188
264,890,1050,0,195
265,896,1049,0,199
266,896,1051,0,205
267,898,1051,0,209
268,900,1052,0,210
269,905,1051,0,214
270,904,1052,0,211
271,903,1050,0,204
272,904,1050,0,205
273,904,1048,0,204
274,905,1048,0,205
275,906,1049,0,205
276,905,1050,0,206
277,902,1055,0,212
278,895,1057,0,216
279,894,1061,0,217
280,900,1055,0,209
281,909,1050,0,203
282,916,1049,0,186
283,920,1055,0,185
284,923,1056,0,164
285,934,1057,0,167
286,940,1062,0,157
287,945,1066,0,171
288,951,1065,0,170
289,961,1068,0,173
290,966,1070,0,175
291,970,1073,0,156
292,971,1074,0,144
293,972,1074,0,142
294,974,1076,0,150
295,978,1080,0,148
296,982,1082,0,147
297,980,1079,0,152
298,976,1075,0,169
299,977,1075,0,170
300,983,1073,0,178
301,987,1071,0,185
302,991,1073,0,190
303,993,1074,0,197
304,990,1074,0,200
305,986,1073,0,203
306,986,1072,0,203
307,985,1073,0,201
308,983,1075,0,204
309,979,1079,0,217
310,976,1080,0,228
311,973,1082,0,246
312,971,1087,0,261
313,969,1087,0,274
314,966,1078,0,301
315,965,1073,0,310
316,961,1073,0,315
317,957,1072,0,324
318,956,1072,0,330
319,949,1073,0,334
320,938,1073,0,341
321,930,1073,0,345
322,925,1072,0,354
323,923,1078,0,1
324,920,1083,0,9
325,922,1085,0,7
326,919,1081,0,8
327,913,1074,0,20
328,909,1075,0,28
329,902,1078,0,40
330,897,1079,0,49
331,889,1083,0,51
332,886,1084,0,42
333,883,1092,0,32
334,880,1093,0,31
335,881,1093,0,31
336,879,1095,0,30
337,879,1095,0,31
338,880,1095,0,29
339,879,1096,0,29
340,880,1095,0,33
341,882,1092,0,29
342,873,1096,0,26
343,867,1098,0,28
344,863,1102,0,29
345,860,1106,0,33
346,856,1110,0,31
347,852,1112,0,28
348,849,1112,0,26
349,848,1110,0,15
350,845,1110,0,7
351,840,1103,0,355
352,835,1097,0,348
353,826,1092,0,344
354,818,1089,0,343
355,815,1085,0,346
356,810,1077,0,339
357,806,1075,0,343
358,805,1069,0,347
359,809,1067,0,351
360,809,1062,0,346
361,813,1051,0,346
362,805,1052,0,348
363,799,1052,0,344
364,798,1051,0,339
365,801,1050,0,330
366,810,1049,0,328
367,811,1049,0,331
368,811,1048,0,328
369,809,1048,0,321
370,807,1045,0,316
371,808,1043,0,312
372,810,1035,0,295
373,809,1028,0,278
374,815,1014,0,281
375,812,1012,0,279
376,810,1011,0,287
377,805,1006,0,303
378,802,1000,0,300
379,801,994,0,299
380,799,992,0,301
381,796,989,0,297
382,793,989,0,291
383,792,986,0,290
384,792,985,0,290
385,792,985,0,293
386,792,985,0,293
387,793,986,0,295
388,794,988,0,295
389,790,987,0,297
390,787,981,0,304
391,783,972,0,312
392,780,967,0,307
393,778,961,0,301
394,771,953,0,299
395,762,948,0,296
396,763,945,0,287
397,758,935,0,292
398,754,927,0,289
399,751,919,0,283
400,752,916,0,276
401,753,913,0,270
402,753,907,0,257
403,752,906,0,255
404,752,905,0,254
405,752,905,0,250
406,752,907,0,257
407,752,908,0,255
408,750,913,0,257
409,748,909,0,270
410,748,906,0,280
411,747,903,0,287
412,745,904,0,297
413,739,903,0,315
414,731,899,0,327
415,728,897,0,325
416,719,890,0,335
417,714,886,0,335
418,707,884,0,335
419,702,883,0,324
420,694,878,0,323
421,687,868,0,320
422,680,870,0,323
423,678,866,0,336
424,679,863,0,333
425,678,860,0,336
426,675,860,0,336
427,675,861,0,338
428,674,861,0,339
429,679,861,0,337
430,677,863,0,343
431,670,863,0,333
432,660,858,0,333
433,651,857,0,329
434,648,855,0,334
435,645,855,0,330
436,648,852,0,320
437,650,848,0,308
438,650,843,0,297
439,654,832,0,289
440,652,827,0,286
441,651,822,0,273
442,650,818,0,269
443,650,817,0,268
444,651,822,0,281
445,649,814,0,282
446,651,809,0,273
447,653,804,0,266
448,656,800,0,265
449,654,795,0,267
450,657,789,0,274
451,651,779,0,274
452,648,770,0,276
453,649,765,0,278
454,652,762,0,287
455,647,761,0,277
456,651,759,0,274
457,653,754,0,257
458,661,745,0,251
459,665,740,0,242
460,666,736,0,235
461,667,734,0,232
462,668,733,0,227
463,670,731,0,234
464,670,732,0,231
465,668,734,0,236
466,667,737,0,239
467,667,736,0,242
468,672,726,0,257
469,673,721,0,261
470,673,715,0,262
471,673,710,0,262
472,675,701,0,268
473,674,692,0,272
474,674,683,0,275
475,675,676,0,282
476,668,672,0,281
477,667,658,0,288
478,664,650,0,288
479,663,649,0,286
480,664,644,0,290
481,663,640,0,291
482,662,637,0,290
483,663,634,0,292
484,664,624,0,293
485,663,619,0,290
486,663,622,0,273
487,668,619,0,262
488,672,618,0,251
489,677,621,0,234
490,680,624,0,214
491,690,622,0,208
492,703,621,0,202
493,708,620,0,194
494,712,614,0,208
495,715,613,0,213
496,716,609,0,221
497,721,604,0,232
498,718,601,0,255
499,717,596,0,257
500,718,595,0,258
501,719,592,0,261
502,723,588,0,255
503,728,584,0,255
504,731,573,0,245
505,735,566,0,251
506,738,561,0,258
507,739,558,0,257
508,741,547,0,258
509,743,541,0,263
510,745,536,0,262
511,750,525,0,253
512,751,518,0,251
513,751,510,0,254
514,753,504,0,256
515,758,497,0,264
516,756,498,0,269
517,753,494,0,276
518,754,489,0,272
519,755,481,0,277
520,754,475,0,292
521,751,472,0,297
522,754,471,0,292
523,752,467,0,301
524,751,464,0,304
525,750,463,0,301
526,748,467,0,297
527,745,465,0,301
528,747,474,0,290
529,749,483,0,274
530,755,484,0,269
531,752,486,0,252
532,751,488,0,229
533,755,490,0,213
534,757,490,0,191
535,765,490,0,173
536,772,495,0,165
537,778,497,0,155
538,786,500,0,153
539,792,505,0,149
540,794,507,0,143
541,801,506,0,148
542,805,508,0,149
543,812,516,0,146
544,814,517,0,145
545,815,521,0,143
546,817,523,0,140
547,819,525,0,135
548,819,523,0,135
549,819,524,0,137
550,819,525,0,143
551,817,524,0,147
552,816,522,0,152
553,817,520,0,165
554,817,517,0,175
555,817,514,0,180
556,814,514,0,185
557,812,515,0,197
558,812,511,0,212
559,806,509,0,241
560,807,507,0,238
561,807,504,0,252
562,807,500,0,240
563,804,497,0,240
564,805,500,0,247
565,803,501,0,251
566,806,507,0,261
567,804,507,0,243
568,803,506,0,238
569,803,503,0,220
570,810,503,0,205
571,816,503,0,186
572,818,504,0,186
573,821,507,0,166
574,830,504,0,137
575,830,507,0,134
576,829,509,0,138
577,828,509,0,131
578,829,516,0,121
579,832,524,0,117
580,834,527,0,112
581,835,527,0,110
582,832,531,0,105
583,837,535,0,104
584,838,541,0,107
585,841,546,0,101
586,839,548,0,97
587,838,553,0,96
588,838,553,0,93
589,835,555,0,87
590,831,559,0,72
591,829,567,0,66
592,830,578,0,61
593,819,584,0,66
594,814,588,0,77
595,813,593,0,84
596,813,590,0,79
597,815,598,0,62
598,811,606,0,60
599,809,612,0,60
600,800,618,0,64
601,795,630,0,56
602,785,632,0,47
603,775,640,0,38
604,768,645,0,40
605,761,649,0,38
606,757,650,0,40
607,754,653,0,47
608,749,656,0,52
609,749,664,0,59
610,743,666,0,64
611,739,668,0,63
612,739,672,0,69
613,739,671,0,63
614,740,673,0,67
615,740,673,0,68
616,741,672,0,66
617,741,673,0,65
618,741,672,0,65
619,741,672,0,58
620,743,674,0,61
621,743,673,0,59
622,744,669,0,64
623,745,664,0,54
624,737,667,0,40
625,735,666,0,31
626,735,663,0,15
627,730,659,0,2
628,724,653,0,356
629,718,647,0,348
630,713,642,0,347
631,707,641,0,344
632,696,637,0,348
633,687,635,0,346
634,682,630,0,335
635,675,624,0,337
636,668,617,0,334
637,670,609,0,336
638,671,607,0,327
639,671,607,0,323
640,672,603,0,327
641,666,599,0,345
642,664,598,0,346
643,664,600,0,341
644,665,600,0,333
645,662,596,0,328
646,656,595,0,335
647,655,595,0,328
648,654,593,0,330
649,655,591,0,335
650,654,590,0,340
651,655,591,0,348
652,658,594,0,356
653,659,600,0,8
654,654,601,0,18
655,649,604,0,36
656,647,611,0,34
657,645,618,0,35
658,641,622,0,35
659,639,625,0,35
660,636,630,0,32
661,632,629,0,29
662,629,631,0,23
663,630,631,0,26
664,624,632,0,25
665,620,636,0,20
666,612,636,0,12
667,607,633,0,5
668,604,630,0,5
669,595,629,0,359
670,588,626,0,351
671,585,629,0,353
672,585,631,0,354
673,579,631,0,343
674,579,631,0,336
675,571,631,0,339
676,564,629,0,343
677,558,630,0,352
678,558,630,0,356
679,557,627,0,354
680,555,627,0,354
681,553,629,0,356
682,549,627,0,352
683,540,631,0,354
684,537,634,0,354
685,533,632,0,351
686,528,634,0,357
687,523,634,0,357
688,521,637,0,359
689,521,642,0,4
690,522,645,0,7
691,521,646,0,18
692,522,651,0,26
693,520,653,0,33
694,519,654,0,34
695,518,655,0,38
696,520,657,0,40
697,518,660,0,43
698,519,663,0,42
699,518,667,0,46
700,517,666,0,49
701,513,670,0,64
702,512,675,0,63
703,511,679,0,62
704,509,684,0,67
705,509,688,0,72
706,510,688,0,73
707,508,691,0,67
708,509,695,0,70
709,507,696,0,74
710,504,699,0,70
711,503,703,0,83
712,505,704,0,81
713,507,698,0,81
714,506,691,0,60
715,500,696,0,41
716,502,695,0,29
717,503,690,0,16
718,500,688,0,7
719,499,687,0,0
720,500,684,0,355
721,499,683,0,353
722,495,676,0,349
723,493,673,0,346
724,489,670,0,344
725,491,667,0,345
726,491,665,0,344
727,493,663,0,337
728,487,665,0,335
729,481,664,0,345
730,473,660,0,347
731,468,658,0,359
732,464,654,0,7
733,461,647,0,6
734,459,645,0,9
735,456,648,0,8
736,454,646,0,10
737,447,648,0,25
738,443,642,0,26
739,437,642,0,32
740,430,641,0,43
741,425,642,0,42
742,421,641,0,45
743,422,641,0,40
744,420,642,0,50
745,416,645,0,52
746,414,648,0,51
747,414,650,0,42
748,411,650,0,36
749,409,650,0,25
750,410,653,0,18
751,407,652,0,14
752,405,655,0,12
753,410,648,0,28
754,411,648,0,38
755,410,646,0,53
756,407,647,0,53
757,404,647,0,39
758,403,646,0,30
759,401,647,0,28
760,403,649,0,21
761,409,651,0,35
762,409,654,0,54
763,410,653,0,57
764,411,650,0,65
765,412,645,0,75
766,414,642,0,88
767,416,641,0,95
768,419,641,0,98
769,420,644,0,102
770,424,651,0,93
771,426,652,0,105
772,424,648,0,118
773,429,645,0,125
774,431,647,0,131
775,429,644,0,134
776,438,639,0,133
777,440,641,0,125
778,438,648,0,122
779,436,651,0,103
780,439,655,0,105
781,438,652,0,102
782,442,652,0,99
783,446,646,0,82
784,447,648,0,85
785,450,649,0,84
786,455,647,0,85
787,460,647,0,84
788,462,645,0,84
789,463,645,0,70
790,463,644,0,70
791,463,643,0,63
792,464,645,0,66
793,463,642,0,59
794,462,639,0,62
795,462,640,0,62
796,463,640,0,68
797,464,636,0,84
798,464,634,0,102
799,465,634,0,113
800,471,635,0,131
801,476,636,0,136
802,483,637,0,140
803,494,636,0,130
804,506,637,0,111
805,508,642,0,128
806,509,642,0,137
807,511,641,0,130
808,512,639,0,121
809,516,645,0,118
810,522,647,0,136
811,527,647,0,139
812,534,643,0,139
813,535,643,0,143
814,537,643,0,134
815,537,645,0,130
816,540,644,0,118
817,550,639,0,105
818,551,641,0,105
819,549,644,0,110
820,551,650,0,108
821,559,658,0,108
822,556,660,0,115
823,555,659,0,125
824,552,656,0,135
825,553,658,0,136
826,552,658,0,140
827,552,659,0,142
828,553,660,0,146
829,558,663,0,143
830,561,664,0,140
831,562,670,0,135
832,563,672,0,119
833,565,679,0,109
834,564,687,0,102
835,571,696,0,84
836,565,702,0,79
837,563,706,0,70
838,563,709,0,64
839,563,715,0,65
840,563,715,0,64
841,564,716,0,64
842,562,721,0,71
843,558,729,0,65
844,556,732,0,72
845,554,737,0,77
846,552,746,0,79
847,550,750,0,87
848,553,749,0,93
849,554,752,0,100
850,556,759,0,112
851,553,765,0,138
852,555,768,0,147
853,554,768,0,149
854,554,766,0,141
855,560,773,0,126
856,559,777,0,120
857,559,779,0,109
858,559,782,0,107
859,560,787,0,95
860,559,792,0,83
861,561,794,0,77
862,565,796,0,84
863,570,801,0,88
864,569,806,0,91
865,570,812,0,91
866,572,822,0,96
867,573,827,0,103
868,572,833,0,104
869,574,838,0,113
870,583,846,0,114
871,582,855,0,123
872,582,857,0,117
873,583,859,0,115
874,580,857,0,114
875,579,857,0,112
876,579,858,0,113
877,577,856,0,111
878,577,856,0,109
879,578,857,0,107
880,578,858,0,103
881,577,855,0,97
882,575,852,0,98
883,574,853,0,102
884,573,851,0,100
885,573,851,0,100
886,573,851,0,102
887,573,850,0,109
888,575,851,0,109
889,575,852,0,111
890,576,853,0,113
891,577,851,0,111
892,578,852,0,107
893,577,855,0,109
894,582,855,0,119
895,583,856,0,126
896,583,855,0,131
897,584,855,0,131
898,586,855,0,134
899,587,859,0,131
900,589,862,0,131
901,589,862,0,136
902,588,861,0,132
903,588,859,0,119
904,588,860,0,128
905,587,860,0,135
906,589,856,0,148
907,597,854,0,158
908,606,857,0,162
909,612,864,0,164
910,619,863,0,177
911,622,860,0,181
912,621,857,0,181
913,616,859,0,187
914,615,857,0,187
915,614,857,0,189
916,610,856,0,181
917,609,855,0,178
918,608,856,0,173
919,606,857,0,160
920,605,857,0,155
921,604,856,0,152
922,604,857,0,151
923,602,857,0,153
924,601,857,0,156
925,597,856,0,161
926,593,852,0,151
927,589,853,0,152
928,588,853,0,149
929,588,852,0,148
930,588,851,0,146
931,588,851,0,143
932,588,851,0,143
933,597,851,0,157
934,597,853,0,168
935,598,854,0,166
936,600,857,0,160
937,603,858,0,177
938,601,855,0,192
939,599,856,0,194
940,598,856,0,193
941,599,855,0,191
942,600,855,0,187
943,603,858,0,200
944,602,859,0,202
945,604,856,0,191
946,607,855,0,186
947,604,860,0,186
948,601,861,0,184
949,602,861,0,190
950,602,862,0,192
951,603,862,0,187
952,607,861,0,182
953,609,860,0,186
954,607,864,0,201
955,607,865,0,211
956,607,865,0,214
957,607,865,0,216
958,610,865,0,212
959,614,865,0,213
960,618,864,0,200
961,627,859,0,185
962,630,855,0,177
963,631,857,0,166
964,632,860,0,158
965,633,863,0,161
966,633,865,0,146
967,631,868,0,136
968,633,872,0,143
969,633,875,0,141
970,637,877,0,137
971,636,883,0,124
972,637,886,0,110
973,638,889,0,110
974,639,891,0,104
975,641,895,0,104
976,643,899,0,111
977,643,899,0,109
978,643,896,0,111
979,644,892,0,112
980,647,896,0,122
981,653,899,0,123
982,658,905,0,130
983,663,910,0,131
984,663,906,0,137
985,662,910,0,146
986,664,911,0,151
987,671,907,0,172
988,679,911,0,174
989,682,911,0,177
990,683,908,0,181
991,695,905,0,197
992,703,904,0,214
993,705,898,0,222
994,706,893,0,226
995,709,895,0,225
996,709,896,0,216
997,708,898,0,204
998,708,903,0,192
999,709,908,0,171
1000,715,915,0,151
1001,718,919,0,140
1002,717,925,0,125
1003,718,930,0,99
1004,719,935,0,98
1005,723,937,0,107
1006,723,943,0,100
1007,725,946,0,100
1008,726,945,0,103
1009,726,942,0,105
1010,720,933,0,107
1011,720,937,0,113
1012,724,943,0,112
1013,727,945,0,116
1014,727,944,0,125
1015,724,939,0,122
1016,722,937,0,132
1017,718,937,0,132
1018,718,936,0,121
1019,717,936,0,131
1020,717,939,0,123
1021,719,944,0,98
1022,718,944,0,95
1023,723,949,0,108
1024,731,957,0,113
1025,733,957,0,110
1026,735,960,0,110
1027,738,968,0,108
1028,740,980,0,107
1029,744,990,0,109
1030,747,994,0,116
1031,753,999,0,126
1032,751,998,0,124
1033,750,1002,0,117
1034,750,1004,0,116
1035,748,996,0,109
1036,747,997,0,95
1037,748,997,0,76
1038,743,999,0,66
1039,740,999,0,60
1040,735,1000,0,53
1041,728,1008,0,43
1042,724,1014,0,44
1043,721,1016,0,51
1044,720,1018,0,60
1045,719,1018,0,60
1046,717,1019,0,55
1047,713,1020,0,49
1048,704,1026,0,37
1049,700,1027,0,26
1050,696,1028,0,22
1051,690,1033,0,13
1052,682,1032,0,10
1053,676,1031,0,4
1054,675,1029,0,1
1055,676,1028,0,356
1056,677,1026,0,354
1057,673,1024,0,346
1058,675,1024,0,344
1059,674,1022,0,343
1060,671,1018,0,351
1061,664,1021,0,352
1062,658,1020,0,351
1063,651,1018,0,353
1064,644,1014,0,0
1065,640,1015,0,8
1066,635,1014,0,10
1067,626,1015,0,7
1068,620,1013,0,357
1069,615,1012,0,348
1070,606,1008,0,344
1071,598,1006,0,345
1072,594,1008,0,357
1073,586,1006,0,0
1074,582,1006,0,1
1075,578,1007,0,6
1076,576,1007,0,9
1077,573,1009,0,16
1078,570,1010,0,17
1079,569,1007,0,10
1080,565,1004,0,1
1081,563,1003,0,1
1082,563,1002,0,2
1083,564,1000,0,357
1084,561,998,0,355
1085,559,996,0,351
1086,561,992,0,340
1087,561,989,0,332
1088,564,985,0,332
1089,565,982,0,335
1090,565,982,0,326
1091,564,983,0,319
1092,564,980,0,307
1093,562,979,0,303
1094,561,978,0,299
1095,558,976,0,292
1096,556,971,0,300
1097,549,967,0,308
1098,542,960,0,315
1099,537,959,0,321
1100,532,956,0,333
1101,527,954,0,336
1102,524,954,0,340
1103,522,953,0,337
1104,519,951,0,328
1105,512,950,0,323
1106,510,949,0,324
1107,510,953,0,338
1108,507,950,0,336
1109,503,948,0,335
1110,495,945,0,332
1111,497,945,0,349
1112,497,945,0,345
1113,496,946,0,327
1114,492,944,0,329
1115,490,942,0,332
1116,493,943,0,337
1117,498,944,0,336
1118,496,943,0,335
1119,498,944,0,333
1120,502,946,0,332
1121,505,945,0,337
1122,514,948,0,350
1123,520,949,0,350
1124,518,949,0,1
1125,521,948,0,24
1126,516,951,0,34
1127,517,955,0,47
1128,515,958,0,42
1129,512,961,0,40
1130,513,963,0,37
1131,508,967,0,36
1132,505,971,0,39
1133,504,968,0,39
1134,506,969,0,60
1135,506,972,0,69
1136,506,976,0,72
1137,502,983,0,66
1138,504,989,0,64
1139,503,988,0,66
1140,502,989,0,66
1141,503,986,0,66
1142,501,986,0,61
1143,501,987,0,66
1144,502,986,0,61
1145,502,984,0,72
1146,503,983,0,88
1147,504,984,0,99
1148,503,986,0,120
1149,506,986,0,133
1150,508,988,0,131
1151,504,985,0,133
1152,502,981,0,136
1153,502,983,0,125
1154,505,987,0,133
1155,510,989,0,147
1156,517,989,0,146
1157,526,991,0,150
1158,531,991,0,153
1159,535,995,0,152
1160,536,996,0,156
1161,538,997,0,157
1162,540,997,0,164
1163,542,996,0,172
1164,541,996,0,167
1165,541,995,0,166
1166,539,995,0,167
1167,541,995,0,170
1168,544,994,0,164
1169,551,996,0,164
1170,552,1000,0,162
1171,559,1002,0,151
1172,566,1003,0,146
1173,570,1004,0,139
1174,573,1004,0,131
1175,576,1005,0,126
1176,579,1008,0,118
1177,598,1010,0,105
1178,600,1016,0,95
1179,598,1020,0,97
1180,599,1024,0,99
1181,602,1028,0,98
1182,603,1030,0,97
1183,606,1029,0,104
1184,608,1027,0,118
1185,611,1027,0,124
1186,615,1032,0,126
1187,619,1034,0,132
1188,620,1037,0,137
1189,620,1038,0,144
1190,622,1038,0,144
1191,622,1040,0,149
1192,625,1041,0,153
1193,632,1041,0,147
1194,638,1044,0,156
1195,644,1046,0,145
1196,645,1044,0,150
1197,651,1046,0,156
1198,652,1049,0,159
1199,649,1052,0,159
1200,652,1054,0,145
1201,651,1056,0,131
1202,653,1060,0,126
1203,660,1061,0,123
1204,659,1065,0,118
1205,657,1068,0,117
1206,657,1067,0,124
1207,655,1065,0,134
1208,653,1065,0,136
1209,654,1066,0,135
1210,654,1065,0,133
1211,654,1066,0,133
1212,653,1064,0,131
1213,653,1065,0,130
1214,653,1064,0,133
1215,655,1066,0,133
1216,655,1066,0,133
1217,659,1069,0,133
1218,663,1072,0,115
1219,662,1065,0,113
1220,662,1062,0,108
1221,660,1059,0,107
1222,660,1060,0,92
1223,659,1062,0,88
1224,660,1059,0,85
1225,657,1057,0,74
1226,657,1054,0,71
1227,657,1049,0,79
1228,656,1046,0,77
1229,658,1044,0,66
1230,659,1043,0,51
1231,659,1043,0,41
1232,658,1045,0,31
1233,656,1048,0,30
1234,648,1054,0,21
1235,643,1055,0,9
1236,641,1055,0,9
1237,642,1054,0,357
1238,639,1049,0,347
1239,632,1047,0,339
1240,620,1042,0,336
1241,618,1029,0,332
1242,614,1024,0,331
1243,606,1017,0,327
1244,598,1012,0,331
1245,597,1011,0,338
1246,596,1009,0,336
1247,589,1006,0,337
1248,587,1005,0,338
1249,581,1003,0,348
1250,586,1005,0,351
1251,588,1006,0,348
1252,585,1002,0,342
1253,592,1007,0,345
1254,593,1006,0,344
1255,585,1002,0,342
1256,579,999,0,335
1257,578,997,0,329
1258,578,995,0,319
1259,579,995,0,309
1260,577,993,0,302
1261,577,992,0,296
1262,573,993,0,288
1263,571,992,0,287
1264,570,988,0,299
1265,566,983,0,298
1266,561,976,0,306
1267,556,967,0,311
1268,550,961,0,301
1269,547,959,0,297
1270,546,959,0,294
1271,545,959,0,296
1272,546,959,0,295
1273,548,957,0,293
1274,544,952,0,287
1275,536,946,0,278
1276,531,944,0,274
1277,526,942,0,275
1278,521,940,0,282
1279,520,938,0,287
1280,520,936,0,300
1281,513,937,0,314
1282,512,939,0,311
1283,512,939,0,308
1284,512,940,0,306
1285,512,940,0,308
1286,512,940,0,309
1287,512,939,0,309
1288,512,940,0,309
1289,512,940,0,311
1290,512,940,0,313
1291,512,939,0,315
1292,512,938,0,318
1293,513,938,0,318
1294,513,939,0,317
1295,514,939,0,317
1296,515,941,0,315
1297,518,943,0,317
1298,518,945,0,321
1299,520,945,0,323
1300,520,950,0,326
1301,519,953,0,334
1302,520,955,0,334
1303,520,955,0,334
1304,520,954,0,334
1305,522,955,0,333
1306,523,955,0,334
1307,523,955,0,338
1308,523,955,0,338
1309,524,955,0,340
1310,525,956,0,338
1311,527,955,0,338
1312,528,958,0,331
1313,529,958,0,336
1314,530,958,0,339
1315,531,960,0,340
1316,531,962,0,348
1317,532,962,0,351
1318,533,963,0,355
1319,531,961,0,358
1320,532,961,0,11
1321,532,961,0,10
1322,532,960,0,11
1323,534,960,0,9
1324,534,960,0,11
1325,534,960,0,13
1326,534,960,0,8
1327,536,960,0,9
1328,536,960,0,10
1329,537,959,0,12
1330,537,960,0,10
1331,536,959,0,9
1332,534,954,0,11
1333,537,954,0,11
1334,533,957,0,5
1335,535,957,0,8
1336,536,956,0,11
1337,536,958,0,9
1338,535,961,0,5
1339,533,962,0,8
1340,531,963,0,10
1341,528,963,0,12
1342,527,965,0,13
1343,523,967,0,15
1344,522,966,0,17
1345,522,960,0,15
1346,519,957,0,9
1347,518,955,0,6
1348,518,954,0,10
1349,515,955,0,13
1350,514,957,0,9
1351,508,964,0,9
1352,501,965,0,18
1353,496,968,0,23
1354,493,970,0,12
1355,493,971,0,12
1356,489,974,0,11
1357,487,974,0,10
1358,486,974,0,12
1359,480,972,0,19
1360,480,972,0,22
1361,478,972,0,22
1362,473,974,0,17
1363,465,971,0,16
1364,456,971,0,20
1365,445,975,0,18
1366,440,977,0,11
1367,441,973,0,0
1368,430,979,0,4
1369,418,979,0,3
1370,407,979,0,1
1371,402,977,0,2
1372,401,977,0,0
1373,405,973,0,353
1374,411,972,0,346
1375,416,972,0,347
1376,417,970,0,353
1377,410,970,0,11
1378,402,967,0,21
1379,396,972,0,5
1380,378,973,0,6
1381,371,974,0,17
1382,370,975,0,26
1383,363,980,0,18
1384,353,985,0,25
1385,349,989,0,21
1386,336,997,0,38
1387,318,1010,0,45
1388,306,1021,0,40
1394,264,1032,0,23
1395,267,1028,0,14
1396,267,1029,0,19
1397,268,1025,0,6
1398,263,1026,0,3
1399,261,1025,0,359
1400,260,1025,0,353
1401,257,1025,0,348
1402,252,1022,0,336
1403,248,1022,0,326
1404,246,1020,0,320
1405,239,1011,0,318
1406,231,1005,0,317
1407,224,994,0,321
1408,215,988,0,331
1409,212,984,0,338
1410,210,983,0,345
1411,195,980,0,348
1412,189,978,0,347
1413,185,978,0,351
1414,188,982,0,348
1415,191,983,0,344
1416,189,982,0,354
1417,185,982,0,0
1418,178,983,0,1
1419,171,983,0,354
1420,167,981,0,347
1421,163,982,0,342
1422,163,983,0,345
1423,169,985,0,354
1424,171,984,0,353
1425,168,985,0,355
1426,169,986,0,356
1427,174,986,0,0
1428,177,990,0,337
1429,179,985,0,354
1430,180,984,0,355
1431,185,985,0,358
1432,186,985,0,343
1433,189,983,0,323
1434,193,982,0,326
1435,195,984,0,324
1436,197,985,0,327
1437,198,988,0,326
1438,206,992,0,321
1439,206,991,0,322
1440,195,986,0,336
1441,185,986,0,345
1442,180,986,0,343
1443,177,984,0,349
1444,176,984,0,355
1445,175,986,0,3
1446,175,987,0,5
1447,175,987,0,6
1448,176,987,0,5
1449,177,987,0,7
1450,177,987,0,7
1451,177,987,0,6
1452,177,986,0,7
1453,177,986,0,2
1454,178,986,0,6
1455,178,987,0,6
1456,180,988,0,5
1457,180,988,0,7
1458,180,987,0,3
1459,179,987,0,358
1460,180,988,0,357
1461,183,987,0,7
1462,184,987,0,6
1463,185,987,0,3
1464,188,988,0,4
1465,192,987,0,6
1466,197,987,0,3
1467,198,986,0,2
1468,199,986,0,357
1469,199,985,0,356
1470,201,982,0,356
1471,201,981,0,356
1472,201,979,0,351
1473,200,978,0,350
1474,201,979,0,350
1475,202,979,0,352
1476,202,980,0,354
1477,202,980,0,353
1478,202,980,0,352
1479,202,981,0,351
1480,201,982,0,348
1481,200,980,0,354
1482,198,980,0,355
1483,197,980,0,352
1484,198,982,0,353
1485,200,983,0,357
1486,201,985,0,358
1487,200,987,0,1
1488,200,987,0,1
1489,200,987,0,4
1490,200,987,0,3
1491,199,988,0,2
1492,199,989,0,8
1493,200,989,0,12
1494,199,989,0,17
1495,200,988,0,15
1496,199,989,0,11
1497,200,988,0,10
1498,194,988,0,4
1499,192,987,0,7
1500,192,986,0,7
1501,195,987,0,3
1502,196,986,0,1
1503,195,986,0,2
1504,195,985,0,3
1505,195,985,0,3
1506,194,985,0,3
1507,194,986,0,4
1508,194,987,0,6
1509,194,988,0,7
1510,194,988,0,9
1511,194,988,0,8
1512,194,989,0,7
1513,194,990,0,7
1514,193,990,0,6
1515,192,990,0,3
1516,194,988,0,8
1517,192,989,0,7
1518,191,989,0,8
1519,193,990,0,9
1520,195,991,0,15
1521,193,990,0,14
1522,194,990,0,17
1523,196,994,0,13
1524,195,992,0,16
1525,195,992,0,16
1526,195,993,0,16
1527,196,991,0,17
1528,197,990,0,15
1529,195,992,0,16
1530,193,994,0,18
1531,195,995,0,13
1532,194,996,0,9
1533,187,996,0,357
1534,185,994,0,359
1535,180,995,0,359
1536,179,994,0,359
1537,178,994,0,2
1538,178,995,0,2
1539,177,996,0,0
1540,175,997,0,352
1541,170,996,0,352
1542,166,994,0,351
1543,162,992,0,344
1544,155,990,0,334
1545,152,987,0,329
1546,149,987,0,332
1547,144,987,0,326
1548,139,984,0,310
1549,132,976,0,307
1550,133,973,0,299
1551,130,971,0,295
1552,129,970,0,288
1553,128,966,0,285
1554,127,966,0,281
1555,127,965,0,283
1556,125,964,0,286
1557,125,961,0,282
1558,122,959,0,273
1559,125,957,0,270
1560,127,960,0,270
1561,124,961,0,265
1562,125,963,0,259
1563,125,962,0,256
1564,125,961,0,253
1565,124,961,0,255
1566,125,962,0,249
1567,124,959,0,247
1568,124,959,0,245
1569,124,960,0,237
1570,125,959,0,238
1571,131,954,0,223
1572,131,955,0,219
1573,129,955,0,218
1574,131,954,0,216
1575,133,952,0,209
1576,133,953,0,212
1577,134,952,0,210
1578,133,954,0,210
1579,128,958,0,202
1580,128,958,0,200
1581,131,958,0,208
1582,135,956,0,205
1583,135,958,0,207
1584,137,956,0,205
1585,141,955,0,210
1586,143,953,0,207
1587,146,950,0,201
1588,148,947,0,187
1589,150,944,0,181
1590,151,946,0,177
1591,151,946,0,184
1592,152,945,0,184
1593,153,945,0,181
1594,156,947,0,173
1595,160,949,0,164
1596,166,949,0,163
1597,171,950,0,162
1598,173,949,0,161
1599,171,951,0,161
1600,165,949,0,171
1601,164,949,0,169
1602,172,956,0,163
1603,183,954,0,152
1604,191,958,0,152
1605,194,962,0,160
1606,199,965,0,156
1607,206,966,0,154
1608,213,968,0,163
1609,209,970,0,175
1610,207,968,0,167
1611,207,968,0,165
1612,211,970,0,166
1613,223,972,0,174
1614,224,972,0,180
1615,227,969,0,179
1616,232,967,0,185
1617,241,968,0,212
1618,244,964,0,218
1619,247,960,0,227
1620,248,957,0,239
1621,246,958,0,235
1622,244,959,0,227
1623,242,959,0,218
1624,240,963,0,222
1625,239,964,0,207
1626,239,965,0,201
1627,239,964,0,202
1628,239,965,0,206
1629,243,963,0,214
1630,245,960,0,226
1631,250,957,0,226
1632,250,958,0,221
1633,249,959,0,226
1634,246,959,0,239
1635,246,955,0,244
1636,244,954,0,252
1637,242,958,0,242
1638,246,957,0,221
1639,251,958,0,211
1640,255,958,0,205
1641,255,959,0,209
1642,255,958,0,216
1643,253,960,0,218
1644,250,960,0,217
1645,250,967,0,205
1646,246,970,0,199
1647,244,972,0,190
1648,250,974,0,167
1649,258,975,0,145
1650,262,974,0,119
1651,259,976,0,108
1652,259,977,0,101
1653,258,981,0,100
1654,257,985,0,103
1655,259,992,0,104
1656,259,991,0,98
1657,257,988,0,99
1658,258,987,0,91
1659,258,987,0,88
1660,258,989,0,89
1661,259,990,0,98
1662,259,990,0,97
1663,260,991,0,105
1664,258,992,0,104
1665,259,988,0,91
1666,263,988,0,72
1667,264,995,0,67
1668,266,1002,0,63
1669,265,1006,0,71
1670,267,1012,0,67
1671,263,1018,0,80
1672,263,1024,0,81
1673,263,1027,0,85
1674,264,1028,0,94
1675,261,1029,0,95
1676,261,1031,0,93
1677,264,1039,0,93
1678,259,1040,0,102
1679,258,1040,0,103
1680,259,1039,0,98
1681,258,1041,0,100
1682,255,1040,0,95
1683,254,1039,0,86
1684,255,1039,0,85
1685,260,1042,0,62
1686,261,1049,0,62
1687,259,1050,0,61
1688,255,1052,0,57
1689,252,1056,0,51
1690,253,1061,0,52
1691,248,1064,0,52
1692,245,1068,0,53
1693,244,1072,0,49
1694,244,1076,0,51
1695,244,1078,0,56
1696,241,1082,0,51
1697,239,1082,0,52
1698,239,1082,0,49
1699,238,1083,0,45
1700,240,1082,0,52
1701,243,1081,0,48
1702,240,1081,0,41
1703,239,1082,0,39
1704,237,1082,0,28
1705,236,1086,0,33
1706,234,1090,0,40
1707,231,1092,0,42
1708,230,1092,0,41
1709,230,1092,0,40
1710,231,1093,0,39
1711,227,1096,0,41
1712,222,1101,0,45
1713,218,1108,0,42
1714,216,1109,0,34
1715,212,1112,0,28
1716,207,1117,0,23
1717,204,1120,0,18
1718,203,1121,0,12
1719,203,1120,0,12
1720,203,1120,0,16
1721,199,1120,0,13
1722,198,1118,0,8
1723,193,1118,0,2
1724,187,1119,0,356
1725,185,1120,0,353
1726,186,1121,0,351
1727,178,1121,0,348
1728,177,1119,0,347
1729,176,1120,0,348
1730,174,1119,0,346
1731,170,1119,0,342
1732,169,1120,0,335
1733,168,1119,0,340
1734,167,1119,0,350
1735,166,1119,0,343
1736,166,1119,0,340
1737,166,1119,0,338
1738,166,1120,0,331
1739,166,1120,0,335
1740,169,1119,0,348
1741,174,1122,0,343
1742,172,1120,0,341
1743,172,1117,0,335
1744,171,1116,0,337
1745,166,1117,0,335
1746,160,1116,0,330
1747,164,1118,0,323
1748,170,1119,0,320
1749,173,1118,0,324
1750,172,1118,0,328
1751,173,1121,0,319
1752,175,1122,0,316
1753,176,1121,0,317
1754,177,1122,0,313
1755,176,1120,0,310
1756,175,1115,0,309
1757,175,1114,0,306
1758,175,1115,0,303
1759,175,1116,0,299
1760,174,1115,0,302
1761,172,1113,0,303
1762,172,1112,0,303
1763,175,1115,0,312
1764,179,1114,0,319
1765,182,1117,0,327
1766,184,1118,0,328
1767,187,1121,0,342
1768,188,1130,0,357
1769,188,1123,0,4
1770,188,1123,0,10
1771,189,1126,0,22
1772,190,1129,0,28
1773,193,1132,0,30
1774,189,1134,0,41
1775,189,1135,0,53
1776,186,1135,0,70
1777,188,1141,0,69
1778,187,1137,0,72
1779,187,1134,0,67
1780,188,1138,0,67
1781,189,1144,0,63
1782,196,1146,0,61
1783,197,1142,0,83
1784,196,1146,0,91
1785,195,1148,0,99
1786,193,1153,0,96
1787,194,1152,0,95
1788,195,1154,0,99
1789,195,1150,0,110
1790,197,1151,0,130
1791,204,1152,0,144
1792,208,1153,0,150
1793,213,1153,0,166
1794,215,1154,0,186
1795,219,1154,0,185
1796,221,1153,0,186
1797,223,1153,0,189
1798,226,1152,0,183
1799,226,1150,0,178
1800,224,1149,0,186
1801,220,1153,0,184
1802,220,1153,0,184
1803,221,1153,0,178
1804,218,1153,0,179
1805,213,1154,0,185
1806,211,1154,0,192
1807,208,1157,0,195
1808,208,1159,0,194
1809,207,1159,0,187
1810,207,1160,0,181
1811,209,1159,0,179
1812,207,1161,0,185
1813,207,1161,0,194
1814,207,1159,0,196
1815,203,1162,0,210
1816,201,1162,0,220
1817,202,1158,0,232
1818,203,1155,0,246
1819,205,1148,0,263
1820,205,1146,0,272
1821,206,1143,0,283
1822,206,1140,0,279
1823,206,1136,0,275
1824,205,1132,0,277
1825,206,1131,0,281
1826,207,1129,0,283
1827,207,1128,0,281
1828,206,1126,0,285
1829,210,1132,0,287
1830,207,1139,0,276
1831,207,1142,0,278
1832,203,1142,0,295
1833,199,1141,0,311
1834,197,1135,0,315
1835,191,1136,0,317
1836,188,1132,0,324
1837,184,1126,0,333
1838,178,1123,0,337
1839,178,1123,0,342
1840,174,1125,0,353
1841,171,1127,0,0
1842,164,1127,0,9
1843,162,1126,0,3
1844,157,1125,0,358
1845,155,1123,0,354
1846,154,1124,0,352
1847,153,1122,0,346
1848,151,1119,0,335
1849,150,1117,0,329
1850,150,1113,0,325
1851,148,1111,0,324
1852,146,1109,0,325
1853,147,1108,0,327
1854,149,1109,0,330
1855,148,1110,0,339
1856,146,1111,0,341
1857,141,1113,0,355
1858,138,1121,0,355
1859,137,1121,0,355
1860,140,1125,0,357
1861,141,1125,0,4
1862,141,1126,0,7
1863,143,1125,0,7
1864,143,1125,0,10
1865,142,1124,0,10
1866,143,1122,0,10
1867,143,1122,0,10
1868,142,1121,0,12
1869,144,1121,0,15
1870,146,1120,0,13
1871,149,1124,0,6
1872,147,1124,0,8
1873,145,1125,0,10
1874,144,1124,0,11
1875,143,1124,0,11
1876,143,1124,0,12
1877,142,1124,0,15
1878,142,1124,0,15
1879,141,1123,0,7
1880,138,1122,0,12
1881,137,1124,0,10
1882,138,1125,0,9
1883,137,1125,0,7
1884,137,1123,0,9
1885,135,1126,0,5
1886,134,1126,0,6
1887,134,1126,0,7
1888,131,1125,0,15
1889,133,1130,0,16
1890,131,1129,0,16
1891,127,1129,0,21
1892,125,1130,0,22
1893,125,1128,0,18
1894,124,1128,0,15
1895,122,1130,0,12
1896,119,1134,0,21
1897,116,1135,0,17
1898,116,1135,0,17
1899,115,1134,0,17
1900,116,1135,0,12
1901,115,1135,0,13
1902,117,1135,0,13
1903,117,1136,0,8
1904,117,1135,0,7
1905,112,1136,0,21
1906,109,1138,0,36
1907,105,1141,0,50
1908,104,1142,0,58
1909,101,1146,0,64
1910,99,1147,0,71
1911,98,1147,0,72
1912,98,1148,0,79
1913,97,1149,0,79
1914,95,1151,0,81
1915,92,1153,0,91
1916,90,1153,0,89
1917,90,1153,0,91
1918,91,1153,0,87
1919,91,1153,0,89
1920,91,1153,0,92
1921,90,1150,0,91
1922,90,1151,0,96
1923,91,1151,0,96
1924,94,1155,0,95
1925,93,1160,0,97
1926,96,1167,0,102
1927,95,1168,0,117
1928,98,1173,0,118
1929,100,1179,0,122
1930,96,1182,0,137
1931,98,1181,0,140
1932,99,1181,0,141
1933,97,1180,0,137
1934,98,1182,0,141
1935,100,1181,0,147
1936,98,1179,0,136
1937,98,1179,0,118
1938,101,1188,0,116
1939,105,1195,0,120
1940,106,1200,0,121
1941,106,1203,0,114
1942,110,1206,0,110
1943,113,1210,0,106
1944,116,1214,0,102
1945,119,1221,0,92
1946,121,1224,0,86
1947,119,1228,0,78
1948,119,1233,0,86
1949,118,1240,0,85
1950,120,1245,0,86
1951,122,1249,0,86
1952,123,1257,0,82
1953,123,1258,0,82
1954,122,1261,0,92
1955,121,1262,0,98
1956,120,1260,0,90
1957,120,1259,0,86
1958,121,1267,0,94
1959,122,1270,0,99
1960,122,1270,0,94
1961,122,1273,0,97
1962,122,1276,0,96
1963,122,1277,0,98
1964,122,1276,0,96
1965,122,1272,0,95
1966,124,1272,0,79
1967,128,1267,0,74
1968,133,1260,0,60
1969,131,1260,0,58
1970,137,1257,0,59
1971,134,1256,0,63
1972,130,1258,0,48
1973,126,1260,0,39
1974,124,1259,0,28
1975,123,1258,0,27
1976,121,1258,0,24
1977,119,1258,0,21
1978,119,1257,0,31
1979,116,1261,0,42
1980,114,1267,0,53
1981,113,1269,0,55
1982,113,1267,0,48
1983,112,1267,0,50
1984,113,1269,0,56
1985,116,1265,0,54
1986,117,1263,0,53
1987,118,1264,0,42
1988,116,1263,0,30
1989,110,1264,0,21
1990,103,1264,0,12
1991,102,1259,0,2
1992,101,1258,0,1
1993,100,1258,0,358
1994,98,1258,0,0
1995,99,1257,0,354
1996,102,1258,0,337
1997,106,1259,0,324
1998,108,1258,0,326
1999,108,1253,0,310
2000,106,1253,0,294
2001,108,1253,0,283
2002,109,1251,0,271
2003,110,1245,0,252
2004,109,1245,0,241
2005,112,1241,0,240
2006,120,1233,0,236
2007,128,1227,0,245
2008,129,1228,0,233
2009,132,1224,0,240
2010,129,1223,0,234
2011,130,1221,0,230
2012,130,1220,0,226
2013,129,1220,0,222
2014,130,1219,0,228
2015,133,1218,0,224
2016,133,1219,0,218
2017,133,1218,0,219
2018,132,1218,0,219
2019,132,1218,0,219
2020,130,1217,0,211
2021,130,1218,0,212
2022,131,1218,0,213
2023,130,1218,0,213
2024,130,1219,0,212
2025,130,1219,0,215
2026,128,1220,0,215
2027,127,1221,0,207
2028,129,1221,0,196
2029,130,1220,0,182
2030,130,1220,0,176
2031,131,1219,0,162
2032,132,1216,0,152
2033,133,1215,0,156
2034,133,1216,0,164
2035,131,1217,0,171
2036,131,1218,0,173
2037,135,1220,0,161
2038,134,1221,0,154
2039,134,1221,0,150
2040,138,1226,0,139
2041,138,1228,0,136
2042,137,1230,0,117
2043,135,1232,0,113
2044,133,1231,0,110
2045,133,1230,0,125
2046,134,1229,0,152
2047,137,1233,0,162
2048,138,1234,0,170
2049,138,1235,0,172
2050,136,1234,0,167
2051,138,1233,0,161
2052,137,1233,0,170
2053,133,1232,0,166
2054,133,1232,0,172
2055,133,1231,0,181
2056,137,1227,0,183
2057,137,1224,0,181
2058,138,1223,0,181
2059,148,1220,0,195
2060,152,1219,0,195
2061,156,1217,0,199
2062,159,1218,0,196
2063,170,1219,0,193
2064,173,1219,0,195
2065,175,1217,0,192
2066,176,1219,0,194
2067,182,1213,0,198
2068,190,1211,0,206
2069,190,1213,0,193
2070,193,1215,0,182
2071,195,1216,0,185
2072,197,1216,0,186
2073,198,1215,0,185
2074,199,1215,0,184
2075,199,1215,0,185
2076,197,1212,0,192
2077,197,1212,0,198
2078,199,1215,0,207
2079,206,1211,0,220
2080,206,1208,0,220
2081,212,1203,0,238
2082,214,1195,0,244
2083,220,1188,0,254
2084,222,1186,0,253
2085,223,1182,0,253
2086,221,1176,0,247
2087,227,1176,0,228
2088,230,1176,0,222
2089,232,1173,0,222
2090,235,1166,0,223
2091,236,1162,0,219
2092,236,1161,0,223
2093,234,1168,0,218
2094,237,1170,0,210
2095,239,1167,0,205
2096,241,1166,0,194
2097,244,1166,0,192
2098,251,1167,0,193
2099,259,1165,0,196
2100,260,1164,0,199
2101,258,1166,0,195
2102,259,1167,0,193
2103,260,1165,0,196
2104,261,1166,0,197
2105,260,1166,0,200
2106,260,1166,0,200
2107,262,1163,0,199
2108,265,1162,0,196
2109,266,1162,0,191
2110,266,1162,0,187
2111,265,1161,0,185
2112,264,1162,0,187
2113,261,1162,0,190
2114,261,1161,0,194
2115,266,1159,0,206
2116,270,1154,0,212
2117,271,1153,0,213
2118,273,1151,0,209
2119,274,1152,0,206
2120,271,1151,0,219
2121,268,1147,0,230
2122,266,1142,0,241
2123,266,1139,0,242
2124,265,1140,0,251
2125,267,1138,0,246
2126,266,1137,0,233
2127,268,1133,0,224
2128,266,1132,0,216
2129,265,1133,0,201
2130,267,1133,0,202
2131,266,1131,0,210
2132,269,1131,0,213
2133,271,1128,0,210
2134,273,1126,0,209
2135,274,1126,0,209
2136,275,1129,0,195
2137,279,1128,0,195
2138,281,1125,0,177
2139,282,1127,0,174
2140,279,1129,0,185
2141,276,1131,0,180
2142,277,1130,0,177
2143,273,1129,0,169
2144,268,1131,0,164
2145,266,1133,0,157
2146,266,1134,0,154
2147,267,1137,0,158
2148,272,1139,0,170
2149,278,1138,0,177
2150,286,1140,0,182
2151,291,1136,0,182
2152,297,1142,0,200
2153,304,1142,0,201
2154,311,1136,0,206
2155,313,1136,0,203
2156,320,1133,0,204
2157,326,1131,0,202
2158,329,1131,0,197
2159,333,1130,0,201
2160,331,1127,0,209
2161,330,1127,0,206
2162,332,1126,0,204
2163,333,1125,0,210
2164,334,1121,0,215
2165,340,1117,0,213
2166,344,1116,0,207
2167,346,1113,0,199
2168,346,1117,0,196
2169,346,1121,0,209
2170,344,1122,0,209
2171,350,1119,0,200
2172,357,1120,0,195
2173,355,1123,0,178
2174,361,1123,0,175
2175,364,1122,0,164
2176,364,1122,0,161
2177,364,1122,0,164
2178,368,1125,0,160
2179,370,1122,0,172
2180,377,1120,0,189
2181,387,1122,0,187
2182,388,1121,0,190
2183,391,1120,0,193
2184,396,1118,0,188
2185,400,1118,0,180
2186,400,1116,0,178
2187,394,1116,0,171
2188,394,1114,0,170
2189,398,1114,0,172
2190,400,1113,0,173
2191,401,1115,0,173
2192,393,1117,0,166
2193,386,1118,0,169
2194,379,1116,0,167
2195,378,1118,0,162
2196,379,1120,0,162
2197,378,1120,0,163
2198,377,1121,0,164
2199,377,1123,0,168
2200,381,1123,0,181
2201,380,1124,0,178
2202,380,1125,0,177
2203,381,1125,0,174
2204,384,1125,0,176
2205,383,1127,0,181
2206,385,1127,0,177
2207,386,1126,0,185
2208,388,1128,0,187
2209,389,1128,0,187
2210,391,1127,0,186
2211,392,1127,0,187
2212,395,1124,0,188
2213,396,1122,0,186
2214,400,1121,0,184
2215,401,1121,0,183
2216,399,1125,0,188
2217,394,1124,0,181
2218,395,1127,0,182
2219,396,1127,0,188
2220,396,1126,0,188
2221,395,1123,0,172
2222,395,1123,0,175
2223,388,1128,0,183
2224,385,1131,0,186
2225,382,1133,0,186
2226,377,1131,0,198
2227,373,1126,0,225
2228,368,1127,0,234
2229,367,1128,0,238
2230,368,1126,0,251
2231,368,1124,0,262
2232,365,1125,0,270
2233,360,1126,0,282
2234,359,1127,0,281
2235,357,1128,0,280
2236,359,1130,0,283
2237,357,1132,0,283
2238,355,1135,0,287
2239,354,1137,0,287
2240,353,1138,0,295
2241,352,1139,0,293
2242,355,1142,0,300
2243,355,1142,0,305
2244,353,1144,0,305
2245,354,1151,0,316
2246,354,1155,0,323
2247,356,1161,0,324
2248,356,1166,0,342
2249,357,1172,0,350
2250,357,1172,0,348
2251,354,1171,0,354
2252,349,1170,0,7
2253,347,1171,0,9
2254,343,1171,0,16
2255,340,1173,0,34
2256,341,1173,0,37
2257,345,1163,0,44
2258,345,1161,0,63
2259,340,1165,0,71
2260,340,1168,0,74
2261,338,1174,0,83
2262,334,1177,0,99
2263,335,1178,0,96
2264,332,1180,0,95
2265,335,1180,0,92
2266,339,1180,0,85
2267,338,1182,0,80
2268,337,1184,0,79
2269,334,1187,0,83
2270,334,1190,0,82
2271,335,1193,0,75
2272,336,1193,0,76
2273,336,1194,0,86
2274,338,1197,0,86
2275,335,1199,0,91
2276,339,1200,0,101
2277,342,1201,0,111
2278,347,1201,0,127
2279,355,1200,0,139
2280,360,1206,0,140
2281,367,1209,0,133
2282,369,1213,0,134
2283,374,1213,0,133
2284,378,1219,0,136
2285,380,1219,0,133
2286,383,1221,0,127
2287,388,1225,0,110
2288,388,1228,0,110
2289,389,1231,0,106
2290,391,1234,0,107
2291,392,1241,0,106
2292,393,1245,0,114
2293,394,1248,0,117
2294,398,1251,0,119
2295,398,1252,0,119
2296,397,1252,0,114
2297,398,1252,0,123
2298,396,1251,0,122
2299,397,1251,0,122
2300,398,1252,0,117
2301,400,1253,0,121
2302,399,1252,0,119
2303,399,1252,0,117
2304,400,1250,0,114
2305,400,1249,0,111
2306,403,1248,0,112
2307,405,1248,0,104
2308,406,1248,0,101
2309,406,1250,0,98
2310,407,1250,0,94
2311,407,1249,0,89
2312,407,1249,0,86
2313,409,1248,0,89
2314,415,1249,0,70
2315,415,1250,0,63
2316,415,1250,0,64
2317,415,1251,0,67
2318,415,1252,0,66
2319,416,1251,0,61
2320,418,1248,0,62
2321,424,1247,0,62
2322,422,1249,0,57
2323,422,1248,0,58
2324,421,1251,0,60
2325,422,1252,0,62
2326,422,1253,0,59
2327,423,1252,0,59
2328,424,1253,0,57
2329,424,1253,0,58
2330,424,1250,0,54
2331,425,1249,0,52
2332,423,1250,0,54
2333,423,1250,0,54
2334,424,1248,0,54
2335,421,1249,0,55
2336,421,1249,0,55
2337,422,1247,0,49
2338,422,1245,0,42
2339,416,1249,0,30
2340,411,1254,0,27
2341,407,1257,0,36
2342,403,1261,0,37
2343,404,1261,0,41
2344,402,1263,0,47
2345,402,1263,0,44
2346,405,1260,0,43
2347,404,1261,0,45
2348,405,1261,0,45
2349,405,1262,0,45
2350,403,1263,0,48
2351,404,1264,0,48
2352,407,1265,0,55
2353,407,1266,0,69
2354,413,1262,0,73
2355,410,1265,0,76
2356,411,1269,0,77
2357,411,1271,0,82
2358,410,1280,0,97
2359,409,1283,0,97
2360,412,1282,0,96
2361,414,1284,0,98
2362,412,1285,0,101
2363,410,1294,0,101
2364,409,1297,0,108
2365,412,1301,0,105
2366,417,1303,0,102
2367,423,1304,0,96
2368,423,1308,0,86
2369,421,1306,0,82
2370,413,1308,0,77
2371,412,1307,0,82
2372,405,1310,0,87
2373,404,1312,0,88
2374,397,1320,0,105
2375,397,1323,0,102
2376,399,1322,0,97
2377,398,1324,0,100
2378,397,1323,0,97
2379,397,1329,0,97
2380,399,1334,0,106
2381,402,1337,0,115
2382,407,1335,0,126
2383,411,1341,0,138
2384,419,1344,0,150
2385,425,1348,0,151
2386,429,1348,0,153
2387,434,1353,0,164
2388,439,1352,0,165
2389,445,1349,0,171
2390,452,1352,0,186
2391,460,1351,0,195
2392,460,1351,0,200
2394,460,1345,0,200
2395,457,1347,0,191
2396,453,1346,0,182
2397,454,1346,0,186
2398,456,1346,0,178
2399,456,1346,0,176
2400,460,1346,0,179
2409,461,1337,0,23
2411,459,1341,0,218
2416,458,1351,0,180
2425,450,1358,0,123
2434,665,1374,0,196
2435,664,1375,0,189
2436,663,1376,0,182
2447,529,1384,0,170
2454,483,1351,0,24
2455,484,1349,0,20
2460,508,1313,0,190
2461,505,1311,0,204
2462,505,1311,0,211
2464,503,1310,0,219
2465,504,1310,0,216
2466,505,1309,0,219
2467,505,1311,0,212
2474,442,1222,1,287
2478,485,1352,0,13
2479,484,1350,0,46
2486,503,1310,0,225
2487,502,1310,0,200
2488,503,1307,0,222
2489,503,1310,0,221
2490,502,1310,0,215
2491,502,1310,0,215
2492,503,1310,0,215
2493,503,1309,0,217
2494,502,1310,0,218
2495,501,1310,0,219
2496,501,1311,0,213
2497,501,1310,0,226
2498,502,1308,0,225
2503,481,1367,0,137
2505,530,1355,0,209
2507,508,1307,0,207
2516,484,1417,0,176
2519,483,1349,0,10
2520,482,1350,0,26
2521,482,1350,0,30
2525,524,1455,0,180
2529,648,1520,0,59
2530,645,1524,0,59
2531,644,1529,0,61
2532,641,1528,0,59
2533,636,1537,0,50
2534,633,1545,0,46
2535,629,1548,0,44
2536,621,1551,0,48
2537,618,1557,0,49
2538,617,1559,0,43
2539,616,1565,0,35
2540,610,1566,0,34
2541,604,1566,0,29
2542,602,1567,0,27
2543,600,1566,0,24
2544,597,1568,0,22
2545,591,1571,0,27
2546,586,1574,0,36
2547,580,1582,0,45
2548,576,1589,0,57
2549,572,1598,0,72
2550,571,1603,0,77
2551,566,1608,0,81
2552,566,1609,0,91
2553,566,1612,0,92
2554,565,1612,0,97
2555,564,1611,0,91
2556,565,1621,0,92
2557,566,1626,0,95
2558,566,1631,0,95
2559,566,1640,0,90
2560,569,1646,0,93
2561,572,1653,0,93
2562,566,1664,0,107
2563,566,1669,0,111
2564,566,1674,0,111
2565,566,1677,0,108
2566,566,1676,0,109
2567,566,1676,0,111
2568,567,1676,0,107
2569,564,1675,0,107
2570,564,1675,0,107
2571,564,1675,0,108
2572,563,1675,0,108
2573,563,1675,0,105
2574,562,1677,0,103
2575,562,1678,0,101
2576,560,1679,0,100
2577,560,1678,0,109
2578,559,1676,0,113
2579,565,1673,0,92
2580,560,1674,0,95
2581,555,1676,0,103
2582,556,1677,0,103
2583,557,1677,0,102
2584,554,1677,0,101
2585,553,1677,0,103
2586,557,1677,0,92
2587,557,1676,0,90
2588,557,1675,0,89
2589,555,1676,0,91
2590,556,1676,0,91
2591,557,1675,0,91
2592,557,1675,0,88
2593,557,1676,0,91
2594,558,1677,0,89
2595,558,1677,0,86
2596,557,1678,0,88
2597,555,1677,0,95
2598,557,1676,0,92
2599,558,1676,0,85
2600,556,1679,0,89
2601,558,1679,0,91
2602,559,1678,0,78
2603,557,1679,0,74
2604,556,1681,0,76
2605,554,1682,0,78
2606,557,1685,0,79
2607,555,1688,0,82
2608,553,1699,0,77
2609,552,1708,0,72
2610,547,1711,0,75
2611,545,1712,0,71
2612,541,1717,0,75
2613,540,1716,0,75
2614,538,1719,0,78
2615,538,1717,0,78
2616,536,1728,0,92
2617,538,1736,0,92
2618,538,1741,0,91
2619,537,1746,0,96
2620,540,1753,0,101
2621,547,1762,0,111
2622,548,1764,0,107
2623,547,1765,0,108
2624,546,1764,0,120
2625,550,1764,0,130
2626,548,1761,0,126
2627,550,1762,0,138
2628,558,1760,0,146
2629,563,1758,0,146
2630,569,1760,0,150
2631,580,1764,0,149
2632,582,1764,0,152
2633,586,1765,0,147
2634,591,1767,0,159
2635,597,1768,0,156
2636,600,1766,0,163
2637,605,1769,0,178
2638,610,1769,0,187
2639,612,1767,0,190
2640,615,1765,0,190
2641,621,1763,0,193
2642,622,1763,0,185
2643,625,1762,0,182
2644,633,1763,0,176
2645,644,1762,0,169
2646,647,1760,0,167
2647,652,1760,0,193
2648,659,1758,0,207
2649,667,1752,0,200
2650,674,1751,0,189
2651,683,1752,0,167
2652,683,1755,0,139
2653,685,1761,0,134
2654,682,1764,0,129
2655,681,1764,0,132
2656,680,1765,0,105
2657,678,1770,0,86
2658,677,1771,0,76
2659,676,1777,0,73
2660,674,1781,0,86
2661,671,1784,0,85
2662,667,1786,0,83
2663,662,1795,0,80
2664,661,1795,0,91
2665,658,1793,0,87
2666,658,1792,0,85
2667,657,1793,0,88
2668,655,1794,0,85
2669,655,1793,0,79
2670,654,1798,0,81
2671,655,1798,0,73
2672,655,1796,0,61
2673,655,1794,0,62
2674,655,1794,0,60
2675,654,1794,0,57
2676,654,1797,0,54
2677,654,1795,0,60
2678,654,1792,0,52
2679,654,1791,0,46
2680,654,1790,0,46
2681,655,1789,0,44
2682,655,1789,0,38
2683,655,1788,0,39
2684,657,1788,0,30
2685,656,1788,0,30
2686,650,1789,0,27
2687,645,1789,0,25
2688,642,1789,0,27
2689,642,1790,0,33
2690,642,1790,0,27
2691,642,1791,0,31
2692,642,1789,0,38
2693,642,1785,0,41
2694,641,1779,0,35
2695,639,1778,0,35
2696,638,1779,0,38
2697,638,1781,0,35
2698,639,1781,0,36
2699,639,1782,0,35
2700,639,1782,0,37
2701,639,1782,0,37
2702,639,1782,0,37
2703,638,1783,0,36
2704,638,1788,0,40
2705,640,1790,0,41
2706,641,1792,0,43
2707,641,1791,0,41
2708,643,1792,0,37
2709,641,1792,0,41
2710,643,1793,0,41
2711,644,1793,0,39
2712,644,1794,0,38
2713,642,1794,0,37
2714,643,1794,0,39
2715,644,1794,0,39
2716,643,1794,0,38
2717,644,1794,0,37
2718,640,1794,0,38
2719,638,1794,0,37
2720,633,1795,0,41
2721,631,1801,0,39
2722,630,1805,0,39
2723,626,1807,0,50
2724,624,1816,0,53
2725,622,1820,0,57
2726,621,1826,0,61
2727,619,1829,0,74
2728,620,1830,0,78
2729,622,1831,0,73
2730,621,1829,0,71
2731,622,1828,0,69
2732,620,1826,0,76
2733,619,1830,0,79
2734,619,1833,0,78
2735,619,1834,0,79
2736,621,1835,0,80
2737,624,1837,0,82
2738,623,1837,0,78
2739,621,1837,0,76
2740,621,1836,0,76
2741,619,1837,0,77
2742,618,1839,0,76
2743,615,1840,0,78
2744,618,1847,0,80
2745,618,1849,0,77
2746,618,1850,0,74
2747,618,1851,0,78
2748,621,1852,0,85
2749,624,1862,0,81
2750,624,1875,0,78
2751,626,1881,0,79
2752,626,1884,0,80
2753,628,1890,0,83
2754,629,1896,0,85
2755,632,1891,0,77
2756,634,1890,0,82
2757,636,1897,0,87
2758,636,1906,0,91
2759,640,1909,0,93
2760,641,1915,0,94
2761,641,1915,0,82
2762,645,1921,0,87
2763,645,1925,0,82
2764,645,1927,0,80
2765,646,1927,0,81
2766,645,1927,0,82
2767,645,1927,0,86
2768,646,1925,0,81
2769,646,1929,0,91
2770,647,1932,0,93
2771,649,1940,0,94
2772,649,1946,0,100
2773,650,1952,0,95
2774,651,1956,0,93
2775,651,1957,0,92
2776,651,1962,0,84
2777,648,1964,0,76
2778,642,1970,0,57
2779,635,1973,0,55
2780,632,1976,0,51
2781,628,1981,0,50
2782,628,1981,0,50
2783,632,1979,0,48
2784,631,1981,0,49
2785,629,1984,0,49
2786,622,1985,0,44
2787,622,1990,0,47
2788,618,1990,0,42
2789,609,1997,0,36
2790,607,2002,0,35
2791,599,2001,0,40
2792,599,2002,0,45
2793,599,2003,0,47
2794,598,2004,0,44
2795,594,2005,0,44
2796,589,2006,0,44
2797,582,2009,0,44
2798,575,2020,0,39
2799,566,2022,0,31
2800,564,2029,0,38
2801,562,2029,0,40
2802,560,2027,0,47
2803,559,2028,0,48
2804,556,2029,0,42
2805,551,2030,0,32
2806,546,2035,0,26
2807,539,2038,0,22
2808,532,2041,0,22
2809,529,2041,0,22
2810,523,2040,0,10
2811,518,2040,0,4
2812,516,2037,0,0
2813,515,2033,0,341
2814,511,2028,0,324
2815,508,2025,0,320
2816,507,2025,0,320
2817,507,2027,0,320
2818,507,2027,0,320
2819,508,2026,0,322
2820,508,2027,0,320
2821,508,2028,0,317
2822,508,2027,0,317
2823,508,2027,0,314
2824,509,2026,0,320
2825,511,2022,0,321
2826,512,2020,0,324
2827,513,2023,0,337
2828,514,2023,0,329
2829,512,2023,0,328
2830,507,2021,0,329
2831,507,2021,0,328
2832,505,2020,0,327
2833,504,2019,0,324
2834,510,2021,0,326
2835,511,2023,0,329
2836,509,2024,0,337
2837,501,2024,0,350
2838,495,2022,0,351
2839,487,2021,0,353
2840,486,2020,0,0
2841,484,2021,0,5
2842,481,2018,0,13
2843,481,2017,0,17
2844,478,2016,0,24
2845,473,2015,0,30
2846,474,2016,0,28
2847,479,2016,0,33
2848,483,2017,0,44
2849,487,2017,0,56
2850,488,2015,0,68
2851,486,2012,0,70
2852,487,2013,0,82
2853,482,2016,0,94
2854,481,2019,0,107
2855,487,2020,0,114
2856,489,2023,0,116
2857,493,2022,0,116
2858,494,2021,0,116
2859,499,2026,0,111
2860,502,2032,0,110
2861,509,2043,0,106
2862,512,2050,0,102
2863,515,2057,0,88
2864,518,2060,0,81
2865,517,2061,0,79
2866,517,2060,0,75
2867,516,2063,0,76
2868,516,2072,0,82
2869,511,2078,0,76
2870,511,2080,0,87
2871,507,2082,0,87
2872,505,2085,0,86
2873,502,2087,0,87
2874,500,2086,0,82
2875,502,2085,0,70
2876,502,2084,0,55
2877,500,2087,0,53
2878,496,2090,0,49
2879,490,2097,0,41
2880,486,2100,0,36
2881,487,2103,0,33
2882,485,2103,0,29
2883,483,2103,0,35
2884,482,2102,0,37
2885,482,2100,0,37
2886,479,2100,0,37
2887,478,2099,0,40
2888,475,2101,0,43
2889,474,2102,0,41
2890,474,2102,0,40
2891,474,2102,0,40
2892,473,2104,0,39
2893,474,2103,0,38
2894,472,2104,0,36
2895,472,2104,0,36
2896,472,2104,0,36
2897,474,2104,0,40
2898,474,2103,0,37
2899,479,2101,0,38
2900,486,2101,0,33
2901,482,2101,0,34
2902,475,2102,0,25
2903,469,2104,0,16
2904,465,2106,0,7
2905,458,2111,0,4
2906,455,2111,0,12
2907,451,2115,0,25
2908,451,2119,0,31
2909,449,2121,0,37
2910,447,2122,0,37
2911,446,2123,0,41
2912,448,2126,0,44
2913,450,2126,0,54
2914,450,2125,0,53
2915,450,2124,0,40
2916,449,2123,0,26
2917,448,2120,0,9
2918,447,2117,0,359
2919,445,2117,0,355
2920,444,2118,0,351
2921,441,2117,0,351
2922,439,2116,0,347
2923,437,2115,0,346
2924,439,2115,0,349
2925,436,2114,0,347
2926,439,2115,0,351
2927,439,2116,0,350
2928,440,2116,0,349
2929,441,2116,0,349
2930,442,2116,0,350
2931,442,2116,0,351
2932,441,2116,0,349
2933,441,2115,0,350
2934,440,2115,0,351
2935,440,2115,0,350
2936,442,2115,0,351
2937,442,2116,0,348
2938,443,2118,0,348
2939,444,2118,0,352
2940,450,2120,0,340
2941,451,2121,0,344
2942,452,2121,0,350
2943,451,2120,0,348
2944,450,2119,0,342
2945,449,2119,0,345
2946,449,2118,0,339
2947,451,2118,0,354
2948,451,2118,0,0
2949,452,2117,0,10
2950,453,2116,0,23
2951,455,2122,0,31
2952,453,2128,0,40
2953,451,2130,0,48
2954,451,2135,0,58
2955,449,2140,0,64
2956,445,2148,0,64
2957,441,2153,0,54
2958,437,2157,0,42
2959,435,2160,0,42
2960,432,2159,0,39
2961,428,2159,0,39
2962,429,2158,0,39
2963,429,2157,0,40
2964,427,2157,0,40
2965,427,2157,0,40
2966,426,2157,0,40
2967,425,2157,0,39
2968,425,2158,0,40
2969,423,2159,0,41
2970,422,2159,0,43
2971,421,2159,0,46
2972,418,2159,0,51
2973,416,2159,0,55
2974,414,2154,0,64
2975,411,2153,0,67
2976,407,2153,0,79
2977,406,2153,0,85
2978,407,2153,0,85
2979,407,2151,0,86
2980,407,2150,0,91
2981,408,2149,0,90
2982,408,2149,0,92
2983,409,2152,0,88
2984,409,2154,0,84
2985,406,2164,0,71
2986,407,2167,0,78
2987,408,2168,0,80
2988,408,2168,0,79
2989,404,2164,0,84
2990,401,2166,0,90
2991,399,2170,0,83
2992,399,2180,0,75
2993,397,2187,0,67
2994,397,2191,0,67
2995,396,2197,0,70
2996,395,2199,0,69
2997,391,2203,0,71
2998,386,2208,0,83
2999,383,2214,0,87
