0,847,1967,0,6
1,846,1967,0,6
2,846,1966,0,5
3,843,1966,0,2
4,840,1966,0,3
5,841,1965,0,7
6,841,1966,0,6
7,842,1967,0,5
8,839,1966,0,5
9,838,1966,0,7
10,838,1966,0,5
11,838,1966,0,4
12,837,1966,0,7
13,838,1966,0,7
14,840,1967,0,8
15,840,1967,0,8
16,841,1967,0,8
17,841,1966,0,6
18,842,1966,0,5
19,842,1966,0,3
20,841,1966,0,1
21,840,1966,0,359
22,839,1966,0,2
23,838,1966,0,5
24,839,1966,0,9
25,836,1963,0,8
26,840,1960,0,22
27,841,1960,0,16
28,840,1962,0,27
29,843,1959,0,30
30,851,1951,0,28
31,854,1948,0,23
32,851,1947,0,5
33,853,1947,0,357
34,853,1945,0,355
35,850,1944,0,353
36,843,1940,0,337
37,844,1941,0,335
38,845,1944,0,335
39,841,1941,0,333
40,832,1938,0,322
41,829,1937,0,319
42,827,1937,0,316
43,827,1936,0,314
44,823,1936,0,308
45,823,1935,0,309
46,823,1935,0,307
47,822,1935,0,303
48,822,1933,0,299
49,820,1935,0,289
50,819,1935,0,285
51,818,1935,0,282
52,816,1935,0,278
53,813,1936,0,271
54,812,1935,0,272
55,812,1935,0,270
56,811,1934,0,270
57,810,1934,0,266
58,808,1933,0,269
59,808,1932,0,271
60,807,1931,0,271
61,806,1929,0,272
62,806,1928,0,276
63,806,1927,0,278
64,806,1928,0,278
65,805,1928,0,272
66,806,1928,0,267
67,805,1929,0,268
68,806,1929,0,269
69,805,1929,0,274
70,806,1928,0,280
71,808,1927,0,283
72,811,1926,0,292
73,814,1924,0,297
74,815,1930,0,299
75,813,1933,0,294
76,814,1933,0,297
77,813,1934,0,297
78,812,1933,0,293
79,812,1934,0,292
80,811,1933,0,292
81,814,1932,0,295
82,814,1930,0,296
83,812,1931,0,289
84,812,1932,0,290
85,815,1932,0,291
86,814,1934,0,297
87,814,1934,0,299
88,816,1935,0,298
89,817,1934,0,296
90,817,1934,0,302
91,818,1932,0,296
92,818,1932,0,294
93,819,1931,0,301
94,820,1932,0,303
95,817,1936,0,317
96,818,1934,0,334
97,819,1933,0,335
98,819,1934,0,334
99,820,1934,0,337
100,825,1936,0,347
101,821,1935,0,342
102,814,1936,0,351
103,809,1936,0,0
104,807,1936,0,5
105,805,1938,0,9
106,801,1939,0,13
107,798,1937,0,20
108,798,1936,0,18
109,797,1934,0,8
110,793,1935,0,10
111,791,1935,0,9
112,790,1935,0,9
113,789,1935,0,8
114,789,1935,0,9
115,793,1934,0,14
116,799,1933,0,16
117,791,1934,0,25
118,785,1934,0,28
119,784,1933,0,31
120,790,1931,0,25
121,788,1931,0,26
122,782,1933,0,28
123,778,1933,0,25
124,774,1934,0,30
125,774,1937,0,32
126,772,1937,0,35
127,771,1936,0,35
128,772,1937,0,38
129,774,1935,0,44
130,774,1938,0,67
131,773,1937,0,70
132,773,1938,0,72
133,777,1940,0,80
134,778,1937,0,82
135,778,1937,0,80
136,774,1941,0,73
137,774,1942,0,68
138,773,1941,0,69
139,773,1941,0,72
140,771,1941,0,73
141,769,1942,0,73
142,768,1942,0,74
143,767,1942,0,73
144,767,1942,0,73
145,766,1943,0,70
146,767,1942,0,68
147,766,1942,0,68
148,765,1942,0,69
149,765,1942,0,71
150,766,1944,0,73
151,766,1944,0,72
152,766,1944,0,72
153,766,1945,0,69
154,768,1947,0,68
155,769,1948,0,67
156,770,1949,0,67
157,769,1949,0,68
158,768,1949,0,67
159,768,1949,0,66
160,769,1949,0,63
161,771,1948,0,63
162,770,1948,0,68
163,768,1948,0,71
164,768,1947,0,75
165,769,1948,0,76
166,767,1947,0,84
167,766,1948,0,76
168,762,1951,0,65
169,761,1953,0,68
170,760,1953,0,65
171,761,1957,0,65
172,762,1958,0,64
173,760,1959,0,57
174,759,1959,0,57
175,762,1959,0,60
176,761,1960,0,69
177,761,1963,0,85
178,759,1969,0,104
179,761,1973,0,108
180,761,1974,0,115
181,760,1975,0,114
182,761,1976,0,116
183,761,1977,0,115
184,763,1979,0,116
185,763,1981,0,125
186,760,1981,0,134
187,764,1983,0,139
188,771,1984,0,146
189,772,1981,0,151
190,772,1979,0,149
191,771,1976,0,145
192,770,1971,0,136
193,768,1970,0,140
194,771,1970,0,151
195,774,1971,0,171
196,774,1974,0,188
197,776,1975,0,207
198,776,1973,0,218
199,778,1972,0,227
200,780,1970,0,244
201,781,1965,0,248
202,782,1958,0,247
203,784,1952,0,242
204,784,1948,0,240
205,787,1942,0,246
206,787,1940,0,250
207,790,1934,0,254
208,791,1930,0,248
209,793,1929,0,249
210,794,1928,0,249
211,794,1926,0,248
212,796,1923,0,251
213,798,1921,0,248
214,803,1927,0,238
215,801,1925,0,236
216,801,1920,0,240
217,799,1921,0,253
218,799,1916,0,268
219,801,1910,0,275
220,800,1906,0,266
221,803,1909,0,254
222,804,1911,0,245
223,807,1906,0,240
224,806,1902,0,241
225,804,1899,0,226
226,808,1898,0,227
227,808,1898,0,224
228,805,1899,0,221
229,804,1900,0,225
230,805,1899,0,228
231,807,1897,0,226
232,812,1890,0,242
233,814,1883,0,238
234,818,1879,0,224
235,822,1878,0,211
236,827,1874,0,209
237,828,1872,0,209
238,830,1870,0,202
239,833,1869,0,200
240,837,1862,0,197
241,833,1866,0,191
242,834,1867,0,190
243,838,1865,0,188
244,837,1863,0,184
245,837,1862,0,184
246,837,1863,0,183
247,838,1863,0,182
248,836,1863,0,180
249,835,1863,0,181
250,835,1863,0,186
251,835,1864,0,184
252,836,1864,0,180
253,836,1864,0,180
254,837,1864,0,180
255,836,1863,0,177
256,835,1862,0,179
257,835,1862,0,181
258,835,1863,0,185
259,835,1865,0,185
260,832,1864,0,184
261,833,1863,0,190
262,837,1861,0,201
263,839,1859,0,209
264,841,1856,0,208
265,844,1857,0,208
266,841,1855,0,194
267,842,1856,0,188
268,844,1856,0,193
269,847,1855,0,198
270,845,1857,0,201
271,845,1859,0,211
272,853,1859,0,207
273,858,1859,0,207
274,865,1859,0,202
275,867,1854,0,193
276,872,1856,0,192
277,871,1856,0,188
278,868,1856,0,188
279,867,1856,0,185
280,866,1854,0,202
281,870,1850,0,221
282,881,1846,0,224
283,890,1838,0,221
284,895,1836,0,226
285,899,1831,0,231
286,902,1830,0,238
287,905,1822,0,250
288,908,1822,0,243
289,908,1824,0,237
290,907,1825,0,251
291,906,1822,0,250
292,906,1819,0,254
293,905,1814,0,261
294,906,1813,0,259
295,906,1815,0,252
296,905,1815,0,242
297,904,1812,0,236
298,902,1809,0,228
299,903,1804,0,228
300,903,1801,0,234
301,906,1800,0,229
302,907,1797,0,232
303,909,1793,0,234
304,908,1791,0,236
305,908,1789,0,249
306,908,1787,0,252
307,906,1788,0,251
308,906,1787,0,254
309,906,1784,0,252
310,907,1784,0,260
311,907,1786,0,259
312,909,1781,0,263
313,910,1776,0,266
314,914,1775,0,270
315,915,1771,0,272
316,914,1770,0,270
317,913,1765,0,276
318,917,1765,0,284
319,919,1762,0,290
320,921,1760,0,299
321,920,1760,0,299
322,920,1757,0,300
323,921,1759,0,299
324,927,1762,0,304
325,923,1763,0,309
326,917,1758,0,316
327,915,1748,0,311
328,914,1745,0,312
329,910,1741,0,318
330,909,1740,0,316
331,911,1736,0,305
332,908,1734,0,303
333,907,1728,0,305
334,908,1722,0,302
335,910,1713,0,287
336,910,1707,0,277
337,906,1703,0,271
338,905,1697,0,263
339,908,1687,0,266
340,906,1686,0,275
341,908,1685,0,273
342,909,1683,0,272
343,908,1678,0,267
344,908,1676,0,265
345,907,1675,0,267
346,906,1675,0,265
347,906,1676,0,263
348,905,1676,0,264
349,906,1675,0,263
350,906,1674,0,262
351,905,1674,0,264
352,904,1674,0,262
353,903,1673,0,262
354,903,1672,0,255
355,903,1675,0,261
356,902,1680,0,251
357,908,1671,0,251
358,917,1663,0,244
359,921,1658,0,243
360,925,1652,0,245
361,922,1650,0,230
362,919,1650,0,226
363,919,1652,0,218
364,917,1650,0,218
365,917,1651,0,218
366,917,1651,0,218
367,918,1651,0,221
368,918,1652,0,221
369,920,1653,0,227
370,919,1655,0,229
371,923,1649,0,239
372,925,1641,0,242
373,926,1637,0,248
374,927,1636,0,256
375,927,1635,0,249
376,927,1632,0,254
377,927,1632,0,249
378,925,1632,0,252
379,925,1627,0,257
380,927,1619,0,260
381,927,1623,0,252
382,927,1627,0,247
383,926,1622,0,249
384,926,1617,0,248
385,925,1614,0,256
386,922,1611,0,262
387,924,1611,0,270
388,922,1612,0,261
389,925,1618,0,251
390,927,1620,0,232
391,931,1621,0,224
392,935,1618,0,214
393,943,1613,0,217
394,949,1613,0,208
395,958,1605,0,197
396,967,1597,0,194
397,973,1594,0,206
398,987,1585,0,216
399,993,1579,0,224
400,996,1572,0,229
401,1000,1565,0,227
402,1003,1562,0,229
403,1006,1564,0,230
404,1006,1565,0,226
405,1006,1562,0,225
406,1005,1562,0,226
407,1006,1564,0,226
408,1005,1564,0,225
409,1008,1565,0,229
410,1013,1564,0,230
411,1017,1563,0,215
412,1018,1561,0,216
413,1017,1561,0,222
414,1018,1556,0,247
415,1022,1551,0,254
416,1023,1547,0,251
417,1026,1542,0,254
418,1028,1539,0,257
419,1028,1536,0,262
420,1029,1533,0,265
421,1032,1532,0,259
422,1040,1524,0,261
423,1045,1519,0,268
424,1042,1515,0,266
425,1043,1510,0,267
426,1041,1508,0,267
427,1044,1506,0,271
428,1045,1504,0,268
429,1045,1503,0,269
430,1043,1501,0,271
431,1044,1498,0,270
432,1046,1494,0,271
433,1047,1487,0,281
434,1048,1487,0,278
435,1045,1488,0,278
436,1045,1485,0,280
437,1045,1486,0,277
438,1045,1487,0,280
439,1046,1485,0,279
440,1046,1490,0,282
441,1047,1496,0,277
442,1045,1496,0,280
443,1046,1490,0,289
444,1048,1489,0,295
445,1051,1489,0,305
446,1058,1495,0,311
447,1060,1501,0,342
448,1056,1507,0,2
449,1052,1507,0,2
450,1049,1511,0,3
451,1045,1513,0,7
452,1041,1514,0,9
453,1036,1514,0,3
454,1026,1515,0,356
455,1019,1514,0,345
456,1012,1511,0,336
457,1008,1510,0,322
458,1002,1507,0,307
459,1001,1508,0,305
460,1002,1508,0,307
461,1005,1510,0,314
462,998,1504,0,319
463,990,1501,0,328
464,984,1496,0,327
465,983,1497,0,328
466,987,1496,0,330
467,991,1497,0,333
468,989,1494,0,323
469,989,1489,0,317
470,984,1481,0,317
471,977,1473,0,314
472,973,1471,0,308
473,972,1465,0,303
474,965,1456,0,302
475,960,1448,0,296
476,960,1439,0,303
477,952,1431,0,302
478,947,1421,0,299
479,943,1415,0,300
480,939,1412,0,300
481,934,1402,0,298
482,934,1393,0,301
483,931,1383,0,297
484,929,1376,0,294
485,925,1376,0,293
486,923,1378,0,302
487,923,1377,0,308
488,932,1381,0,311
489,930,1378,0,309
490,928,1374,0,311
491,922,1371,0,312
492,920,1366,0,302
493,914,1362,0,309
494,912,1360,0,319
495,909,1358,0,327
496,906,1356,0,331
497,905,1354,0,335
498,905,1353,0,332
499,906,1353,0,337
500,907,1352,0,343
501,912,1347,0,326
502,914,1345,0,317
503,915,1344,0,318
504,908,1342,0,322
505,901,1341,0,322
506,894,1335,0,323
507,892,1332,0,321
508,891,1331,0,326
509,882,1326,0,328
510,873,1319,0,325
511,868,1315,0,326
512,863,1310,0,324
513,855,1305,0,319
514,851,1303,0,320
515,849,1303,0,327
516,845,1300,0,329
517,842,1296,0,334
518,838,1295,0,340
519,837,1292,0,345
521,831,1289,0,347
522,832,1289,0,346
523,837,1290,0,347
524,836,1289,0,348
525,831,1286,0,341
526,824,1282,0,340
527,816,1280,0,344
528,812,1278,0,345
529,811,1277,0,350
530,813,1277,0,351
531,823,1272,0,1
532,832,1271,0,9
533,838,1272,0,13
534,840,1275,0,13
535,844,1275,0,26
536,847,1274,0,21
537,849,1274,0,36
538,851,1276,0,51
539,850,1280,0,69
540,851,1287,0,76
541,850,1290,0,80
542,848,1292,0,77
543,851,1305,0,74
544,852,1307,0,66
545,852,1311,0,58
546,851,1314,0,56
547,852,1314,0,52
548,854,1312,0,54
549,852,1316,0,67
550,847,1325,0,69
551,849,1331,0,78
552,849,1338,0,81
553,845,1344,0,83
554,847,1354,0,83
555,846,1362,0,80
556,850,1370,0,67
557,847,1370,0,64
558,846,1373,0,65
559,849,1371,0,66
560,848,1371,0,70
561,850,1377,0,80
562,847,1385,0,81
563,847,1394,0,77
564,847,1406,0,68
565,846,1414,0,70
566,844,1418,0,73
567,841,1427,0,73
568,837,1430,0,68
569,837,1430,0,74
570,835,1438,0,68
571,830,1445,0,66
572,827,1449,0,64
573,828,1457,0,54
574,826,1464,0,58
575,824,1471,0,61
576,825,1476,0,64
577,823,1475,0,62
578,820,1476,0,60
579,819,1477,0,59
580,822,1480,0,53
581,821,1481,0,49
582,822,1487,0,52
583,821,1493,0,67
584,819,1493,0,76
585,824,1497,0,87
586,820,1499,0,87
587,820,1503,0,88
588,828,1508,0,92
589,829,1516,0,95
590,827,1524,0,95
591,826,1531,0,97
592,825,1539,0,99
593,827,1541,0,90
594,826,1546,0,92
595,827,1553,0,94
596,826,1554,0,92
597,826,1554,0,90
598,826,1554,0,91
599,826,1554,0,93
600,826,1555,0,90
601,826,1555,0,88
602,826,1554,0,90
603,827,1554,0,88
604,827,1555,0,89
605,827,1555,0,88
606,827,1555,0,86
607,828,1555,0,86
608,828,1555,0,85
609,828,1556,0,86
610,829,1555,0,84
611,829,1555,0,80
612,831,1555,0,79
613,831,1555,0,78
614,832,1555,0,76
615,832,1555,0,75
616,833,1555,0,72
617,833,1556,0,69
618,833,1556,0,69
619,832,1556,0,68
620,832,1557,0,71
621,832,1557,0,69
622,833,1556,0,69
623,832,1556,0,71
624,832,1555,0,73
625,832,1555,0,75
626,831,1556,0,79
627,830,1557,0,81
628,831,1556,0,78
629,831,1556,0,81
630,832,1555,0,78
631,831,1554,0,78
632,830,1555,0,74
633,831,1555,0,76
634,831,1555,0,77
635,831,1555,0,76
636,831,1555,0,77
637,831,1556,0,77
638,832,1556,0,76
639,833,1556,0,74
640,833,1556,0,74
641,834,1556,0,73
642,834,1556,0,70
643,835,1556,0,67
644,835,1557,0,68
645,836,1558,0,67
646,835,1558,0,65
647,836,1558,0,59
648,837,1558,0,60
649,838,1558,0,59
650,838,1558,0,58
651,839,1557,0,60
652,839,1556,0,62
653,839,1557,0,63
654,839,1557,0,63
655,839,1557,0,63
656,839,1557,0,61
657,840,1557,0,62
658,840,1557,0,63
659,840,1557,0,64
660,840,1556,0,66
661,841,1556,0,65
662,841,1555,0,65
663,840,1554,0,71
664,839,1554,0,68
665,840,1554,0,69
666,839,1555,0,66
667,840,1555,0,67
668,839,1556,0,66
669,839,1556,0,65
670,840,1556,0,65
671,840,1556,0,67
672,841,1555,0,67
673,840,1555,0,66
674,840,1555,0,69
675,840,1556,0,68
676,840,1555,0,70
677,841,1556,0,64
678,840,1557,0,62
679,841,1557,0,63
680,840,1556,0,62
681,840,1557,0,63
682,840,1557,0,62
683,840,1557,0,61
684,840,1557,0,61
685,840,1558,0,61
686,839,1558,0,62
687,839,1558,0,62
688,839,1558,0,63
689,839,1558,0,61
690,839,1558,0,63
691,840,1557,0,65
692,840,1557,0,66
693,839,1557,0,67
694,839,1557,0,64
695,840,1557,0,62
696,840,1557,0,62
697,840,1556,0,65
698,840,1556,0,66
699,840,1555,0,72
700,840,1556,0,68
701,842,1556,0,68
702,843,1557,0,68
703,845,1557,0,62
704,845,1557,0,61
705,845,1558,0,59
706,843,1558,0,62
707,843,1557,0,63
708,843,1556,0,62
709,845,1557,0,59
710,844,1558,0,56
711,844,1558,0,53
712,844,1559,0,52
713,843,1559,0,49
714,844,1560,0,48
715,844,1561,0,47
716,843,1561,0,46
717,843,1561,0,47
718,842,1561,0,50
719,841,1562,0,48
720,841,1562,0,51
721,841,1562,0,50
722,840,1562,0,54
723,841,1562,0,53
724,841,1562,0,53
725,841,1561,0,53
726,842,1561,0,52
727,843,1559,0,52
728,843,1561,0,51
729,844,1561,0,48
730,846,1562,0,47
731,846,1562,0,50
732,845,1561,0,53
733,843,1561,0,50
734,844,1561,0,50
735,845,1562,0,43
736,845,1558,0,36
737,844,1558,0,25
738,841,1558,0,20
739,838,1557,0,13
740,836,1558,0,20
741,833,1556,0,17
742,829,1555,0,18
743,828,1556,0,20
744,827,1555,0,20
745,830,1554,0,28
746,830,1552,0,53
747,831,1553,0,74
748,830,1556,0,89
749,829,1559,0,98
750,832,1555,0,115
751,830,1557,0,108
752,826,1557,0,110
753,826,1561,0,121
754,829,1565,0,135
755,828,1568,0,145
756,827,1567,0,146
757,826,1569,0,156
758,825,1571,0,165
759,825,1573,0,178
760,824,1574,0,184
761,826,1575,0,200
762,826,1576,0,210
763,829,1578,0,233
764,829,1576,0,246
765,829,1578,0,258
766,827,1577,0,268
767,826,1576,0,284
768,829,1573,0,312
769,832,1565,0,323
770,830,1565,0,325
771,830,1565,0,340
772,830,1566,0,350
773,830,1568,0,349
774,829,1567,0,345
775,828,1568,0,343
776,826,1567,0,346
777,825,1565,0,349
778,825,1564,0,352
779,831,1565,0,355
780,833,1565,0,1
781,829,1565,0,14
782,825,1566,0,23
783,821,1570,0,27
784,818,1572,0,32
785,813,1575,0,46
786,809,1576,0,45
787,808,1584,0,47
788,807,1582,0,53
789,808,1583,0,69
790,808,1584,0,79
791,808,1586,0,85
792,809,1593,0,93
793,809,1595,0,96
794,810,1593,0,86
795,810,1593,0,80
796,807,1592,0,79
797,808,1595,0,80
798,806,1596,0,81
799,804,1599,0,79
800,805,1600,0,87
801,805,1595,0,92
802,803,1595,0,101
803,807,1601,0,100
804,809,1605,0,113
805,808,1607,0,132
806,809,1604,0,145
807,809,1601,0,151
808,809,1601,0,155
809,810,1603,0,156
810,810,1604,0,160
811,813,1605,0,162
812,812,1602,0,159
813,814,1604,0,157
814,818,1604,0,162
815,822,1604,0,167
816,826,1600,0,178
817,827,1598,0,186
818,833,1593,0,196
819,834,1592,0,199
820,838,1590,0,200
821,842,1590,0,204
822,843,1587,0,215
823,843,1583,0,221
824,844,1581,0,224
825,845,1575,0,241
826,846,1572,0,250
827,846,1568,0,263
828,846,1564,0,285
829,845,1559,0,292
830,843,1555,0,294
831,842,1552,0,291
832,840,1550,0,281
833,837,1548,0,275
834,837,1546,0,277
835,838,1541,0,280
836,839,1541,0,280
837,838,1539,0,283
838,837,1540,0,276
839,836,1536,0,269
840,836,1532,0,259
841,839,1530,0,252
842,840,1531,0,246
843,840,1531,0,232
844,840,1532,0,216
845,844,1530,0,205
846,846,1529,0,203
847,846,1531,0,198
848,844,1532,0,191
849,847,1530,0,185
850,842,1527,0,176
851,840,1526,0,165
852,840,1524,0,154
853,841,1522,0,160
854,842,1521,0,155
855,841,1521,0,158
856,840,1522,0,158
857,839,1522,0,157
858,841,1522,0,169
859,842,1524,0,167
860,843,1523,0,169
861,843,1523,0,175
862,847,1522,0,179
863,848,1522,0,184
864,850,1523,0,183
865,854,1525,0,179
866,853,1525,0,171
867,853,1526,0,152
868,854,1530,0,152
869,856,1532,0,147
870,860,1531,0,135
871,864,1532,0,141
872,865,1532,0,142
873,865,1531,0,139
874,863,1530,0,143
875,863,1535,0,139
876,865,1540,0,130
877,865,1538,0,127
878,865,1538,0,121
879,867,1541,0,118
880,867,1543,0,117
881,866,1550,0,119
882,865,1552,0,124
883,855,1562,0,141
884,853,1563,0,146
885,853,1564,0,148
886,851,1566,0,152
887,852,1566,0,151
888,857,1562,0,156
889,859,1564,0,162
890,865,1566,0,167
891,868,1568,0,157
892,873,1570,0,156
893,881,1575,0,147
894,884,1579,0,147
895,887,1580,0,149
896,889,1581,0,151
897,893,1581,0,158
898,892,1584,0,158
899,890,1585,0,157
900,890,1583,0,146
901,893,1588,0,139
902,893,1593,0,129
903,892,1592,0,130
904,895,1597,0,133
905,904,1603,0,128
906,904,1605,0,126
907,905,1610,0,119
908,905,1613,0,122
909,905,1611,0,116
910,907,1606,0,102
911,906,1601,0,89
912,902,1604,0,79
913,901,1605,0,76
914,896,1609,0,75
915,895,1609,0,72
916,892,1612,0,58
917,890,1614,0,55
918,888,1618,0,54
919,885,1622,0,61
920,884,1623,0,68
921,883,1622,0,58
922,882,1621,0,48
923,882,1623,0,51
924,877,1627,0,58
925,875,1630,0,53
926,876,1627,0,47
927,876,1623,0,46
928,877,1622,0,50
929,878,1624,0,50
930,874,1627,0,47
931,872,1628,0,45
932,869,1627,0,38
933,867,1629,0,30
934,865,1630,0,23
935,861,1631,0,14
936,853,1632,0,6
937,847,1633,0,5
938,840,1632,0,6
939,835,1635,0,12
940,831,1642,0,19
941,825,1644,0,19
942,823,1643,0,23
943,819,1643,0,23
944,817,1643,0,27
945,813,1643,0,21
946,813,1641,0,4
947,809,1637,0,355
948,808,1638,0,352
949,805,1640,0,350
950,804,1641,0,349
951,809,1647,0,344
952,810,1647,0,339
953,810,1647,0,342
954,813,1648,0,345
955,809,1641,0,349
956,807,1639,0,346
957,804,1637,0,348
958,804,1636,0,344
959,804,1636,0,343
960,806,1634,0,336
961,807,1631,0,325
962,807,1631,0,323
963,808,1632,0,329
964,809,1632,0,331
965,809,1633,0,335
966,808,1634,0,349
967,805,1637,0,357
968,802,1639,0,3
969,797,1641,0,9
970,793,1639,0,12
971,787,1644,0,16
972,781,1644,0,12
973,776,1645,0,8
974,771,1648,0,11
975,771,1649,0,10
976,772,1650,0,9
977,780,1647,0,10
978,777,1649,0,18
979,770,1653,0,23
980,767,1657,0,29
981,761,1662,0,41
982,753,1666,0,34
983,749,1668,0,35
984,743,1672,0,43
985,740,1676,0,44
986,735,1677,0,46
987,733,1677,0,43
988,739,1680,0,50
989,740,1684,0,59
990,740,1688,0,67
991,738,1691,0,73
992,739,1693,0,70
993,737,1690,0,84
994,737,1691,0,90
995,737,1691,0,88
996,739,1690,0,89
997,740,1693,0,92
998,739,1701,0,91
999,739,1703,0,92
1000,739,1705,0,93
1001,738,1705,0,84
1002,734,1706,0,75
1003,731,1709,0,73
1004,728,1716,0,65
1005,726,1723,0,57
1006,725,1729,0,53
1007,725,1732,0,53
1008,722,1737,0,65
1009,722,1741,0,76
1010,723,1750,0,67
1011,718,1752,0,65
1012,716,1754,0,52
1013,716,1753,0,51
1014,724,1748,0,41
1015,725,1750,0,51
1016,728,1754,0,58
1017,730,1762,0,51
1018,733,1766,0,54
1019,729,1769,0,56
1020,727,1773,0,65
1021,725,1776,0,72
1022,727,1780,0,79
1023,726,1783,0,83
1024,723,1786,0,85
1025,719,1786,0,75
1026,723,1784,0,78
1027,725,1785,0,77
1028,725,1790,0,75
1029,724,1796,0,70
1030,722,1797,0,65
1031,721,1799,0,55
1032,720,1801,0,57
1033,721,1804,0,51
1034,719,1808,0,49
1035,719,1812,0,47
1036,714,1820,0,41
1037,713,1823,0,40
1038,705,1826,0,42
1039,700,1831,0,41
1040,698,1831,0,36
1041,695,1831,0,29
1042,689,1829,0,17
1043,682,1835,0,13
1044,680,1838,0,18
1045,677,1840,0,21
1046,675,1837,0,23
1047,672,1835,0,21
1048,665,1835,0,23
1049,663,1837,0,23
1050,663,1837,0,22
1051,659,1836,0,17
1052,659,1833,0,18
1053,655,1830,0,19
1054,653,1828,0,14
1055,649,1827,0,10
1056,646,1829,0,0
1057,648,1825,0,358
1058,640,1828,0,346
1059,634,1827,0,347
1060,630,1826,0,346
1061,626,1825,0,352
1062,622,1825,0,356
1063,619,1821,0,345
1064,618,1820,0,343
1065,619,1819,0,343
1066,617,1819,0,351
1067,615,1819,0,355
1068,617,1817,0,351
1069,616,1813,0,340
1070,614,1811,0,342
1071,610,1808,0,344
1072,604,1807,0,342
1073,596,1802,0,335
1074,592,1801,0,326
1075,594,1801,0,335
1076,593,1802,0,337
1077,592,1799,0,333
1078,588,1795,0,325
1079,580,1787,0,322
1080,577,1782,0,318
1081,575,1782,0,311
1082,573,1782,0,305
1083,575,1785,0,313
1084,578,1785,0,309
1085,576,1781,0,298
1086,575,1778,0,304
1087,571,1776,0,307
1088,569,1774,0,304
1089,571,1775,0,307
1090,571,1777,0,315
1091,576,1779,0,321
1092,577,1780,0,322
1093,583,1784,0,334
1094,582,1790,0,355
1095,577,1789,0,357
1096,570,1793,0,7
1097,568,1793,0,12
1098,564,1792,0,25
1099,565,1791,0,26
1100,565,1791,0,19
1101,564,1792,0,21
1102,566,1790,0,28
1103,567,1789,0,34
1104,564,1793,0,44
1105,557,1796,0,47
1106,552,1802,0,57
1107,551,1808,0,56
1108,548,1815,0,65
1109,548,1821,0,75
1110,546,1824,0,67
1111,543,1822,0,71
1112,542,1823,0,66
1113,541,1823,0,66
1114,538,1825,0,68
1115,540,1825,0,61
1116,539,1823,0,82
1117,542,1824,0,78
1118,542,1824,0,88
1119,541,1824,0,109
1120,544,1829,0,111
1121,545,1832,0,107
1122,545,1830,0,113
1123,548,1829,0,126
1124,550,1831,0,133
1125,557,1839,0,142
1126,563,1839,0,147
1127,567,1844,0,158
1128,567,1842,0,159
1129,577,1844,0,155
1130,577,1845,0,144
1131,577,1844,0,144
1132,577,1848,0,142
1133,585,1854,0,130
1134,587,1860,0,123
1135,589,1862,0,127
1136,589,1864,0,127
1137,593,1868,0,116
1138,596,1872,0,116
1139,593,1872,0,110
1140,589,1870,0,110
1141,590,1868,0,105
1142,594,1870,0,119
1143,596,1869,0,118
1144,598,1867,0,136
1145,604,1864,0,150
1146,610,1863,0,156
1147,615,1866,0,151
1148,615,1870,0,149
1149,619,1872,0,150
1150,621,1872,0,152
1151,619,1874,0,147
1152,621,1875,0,146
1153,626,1877,0,153
1154,627,1878,0,151
1155,632,1876,0,168
1156,635,1875,0,169
1157,632,1873,0,148
1158,627,1878,0,148
1159,623,1878,0,147
1160,626,1878,0,146
1161,637,1887,0,150
1162,637,1887,0,143
1163,633,1888,0,133
1164,628,1887,0,118
1165,628,1888,0,108
1166,629,1891,0,108
1167,628,1893,0,105
1168,626,1898,0,103
1169,626,1902,0,98
1170,627,1908,0,95
1171,626,1915,0,93
1172,626,1926,0,98
1173,628,1931,0,102
1174,627,1935,0,105
1175,628,1938,0,100
1176,631,1944,0,107
1177,634,1954,0,108
1178,635,1955,0,103
1179,635,1956,0,126
1180,636,1958,0,135
1181,640,1961,0,140
1182,645,1963,0,145
1183,647,1966,0,141
1184,649,1972,0,130
1185,648,1974,0,123
1186,648,1975,0,123
1187,647,1976,0,124
1188,647,1977,0,127
1189,646,1982,0,115
1190,647,1988,0,102
1191,649,1996,0,100
1192,651,2003,0,108
1193,650,2006,0,121
1194,653,2006,0,127
1195,655,2009,0,129
1196,653,2009,0,128
1197,654,2010,0,126
1198,659,2019,0,113
1199,663,2024,0,106
1200,661,2026,0,101
1201,661,2031,0,95
1202,660,2034,0,99
1203,659,2036,0,105
1204,664,2040,0,104
1205,664,2040,0,98
1206,664,2044,0,92
1207,663,2048,0,86
1208,664,2051,0,85
1209,667,2056,0,100
1210,665,2063,0,107
1211,666,2064,0,104
1212,669,2064,0,98
1213,668,2065,0,101
1214,668,2065,0,100
1215,668,2065,0,100
1216,666,2065,0,98
1217,665,2069,0,98
1218,665,2074,0,91
1219,664,2075,0,87
1220,663,2077,0,75
1221,661,2078,0,70
1222,662,2079,0,63
1223,663,2080,0,52
1224,661,2077,0,57
1225,658,2081,0,60
1226,657,2083,0,57
1227,658,2083,0,60
1228,658,2083,0,57
1229,658,2083,0,56
1230,658,2083,0,57
1231,658,2082,0,62
1232,660,2079,0,60
1233,658,2082,0,64
1234,656,2087,0,71
1235,654,2091,0,73
1236,653,2097,0,72
1237,653,2098,0,83
1238,655,2098,0,100
1239,659,2100,0,106
1240,663,2104,0,113
1241,662,2104,0,114
1242,664,2102,0,131
1243,673,2104,0,147
1244,677,2103,0,153
1245,686,2101,0,161
1246,692,2101,0,162
1247,697,2098,0,171
1248,703,2097,0,168
1249,709,2098,0,185
1250,711,2094,0,195
1251,715,2092,0,192
1252,720,2088,0,200
1253,724,2086,0,208
1254,728,2084,0,200
1255,731,2085,0,198
1256,732,2084,0,200
1257,730,2083,0,199
1258,729,2083,0,181
1259,730,2086,0,155
1260,733,2090,0,147
1261,735,2092,0,145
1262,735,2091,0,139
1263,733,2091,0,134
1264,732,2091,0,134
1265,731,2092,0,133
1266,731,2093,0,124
1267,729,2091,0,106
1268,730,2094,0,98
1269,733,2100,0,88
1270,736,2105,0,78
1271,736,2112,0,77
1272,733,2116,0,72
1273,731,2117,0,76
1274,730,2121,0,81
1275,727,2123,0,87
1276,727,2121,0,79
1277,727,2124,0,82
1278,726,2123,0,81
1279,724,2121,0,88
1280,725,2131,0,90
1281,729,2138,0,91
1282,729,2141,0,94
1283,726,2144,0,99
1284,727,2148,0,101
1285,731,2148,0,113
1286,733,2150,0,122
1287,735,2150,0,136
1288,732,2149,0,127
1289,732,2150,0,128
1290,733,2153,0,129
1291,741,2160,0,132
1292,748,2164,0,128
1293,751,2168,0,124
1294,754,2171,0,114
1295,756,2175,0,107
1296,759,2182,0,112
1297,762,2186,0,121
1298,770,2193,0,118
1299,777,2193,0,131
1300,782,2198,0,138
1301,788,2203,0,130
1302,788,2204,0,118
1303,787,2203,0,114
1304,792,2203,0,109
1305,792,2202,0,112
1306,790,2202,0,110
1307,789,2202,0,110
1308,788,2201,0,136
1309,795,2203,0,145
1310,803,2201,0,152
1311,808,2200,0,162
1312,812,2200,0,161
1313,815,2203,0,166
1314,816,2204,0,173
1315,817,2204,0,178
1316,821,2204,0,180
1317,824,2206,0,169
1318,825,2209,0,148
1319,827,2210,0,149
1320,834,2212,0,159
1321,837,2214,0,158
1322,837,2213,0,156
1323,837,2213,0,154
1324,835,2214,0,153
1325,835,2215,0,154
1326,834,2215,0,156
1327,834,2216,0,157
1328,834,2216,0,153
1329,834,2215,0,151
1330,833,2215,0,154
1331,838,2215,0,164
1332,839,2216,0,166
1333,840,2216,0,168
1334,840,2215,0,171
1335,841,2215,0,170
1336,843,2215,0,170
1337,844,2215,0,171
1338,844,2215,0,169
1339,841,2213,0,163
1340,842,2214,0,164
1341,844,2213,0,168
1342,847,2212,0,178
1343,848,2208,0,181
1344,850,2213,0,175
1345,854,2210,0,184
1346,856,2211,0,179
1347,855,2211,0,176
1348,852,2211,0,171
1349,851,2210,0,172
1350,851,2210,0,172
1351,850,2210,0,173
1352,851,2210,0,171
1353,851,2210,0,170
1354,850,2210,0,170
1355,850,2210,0,171
1356,851,2210,0,169
1357,851,2210,0,171
1358,851,2210,0,171
1359,850,2210,0,172
1360,849,2210,0,171
1361,849,2210,0,173
1362,849,2210,0,174
1363,848,2210,0,175
1364,849,2210,0,173
1365,849,2210,0,172
1366,848,2210,0,172
1367,849,2211,0,172
1368,849,2210,0,173
1369,849,2210,0,174
1370,849,2210,0,174
1371,849,2211,0,172
1372,848,2211,0,171
1373,849,2211,0,173
1374,849,2211,0,172
1375,848,2211,0,172
1376,847,2211,0,172
1377,847,2211,0,172
1378,847,2211,0,171
1379,844,2210,0,169
1380,843,2210,0,171
1381,840,2209,0,171
1382,838,2209,0,174
1383,837,2210,0,173
1384,836,2211,0,169
1385,834,2210,0,163
1386,836,2210,0,159
1387,833,2210,0,156
1388,832,2209,0,157
1389,834,2209,0,157
1390,839,2212,0,155
1391,837,2209,0,156
1392,838,2210,0,158
1393,838,2210,0,156
1394,840,2213,0,154
1395,842,2216,0,163
1396,842,2215,0,161
1397,839,2214,0,159
1398,838,2214,0,159
1399,841,2213,0,159
1400,841,2213,0,164
1401,840,2213,0,168
1402,843,2212,0,169
1403,849,2211,0,170
1404,850,2211,0,172
1405,854,2209,0,179
1406,851,2209,0,180
1407,851,2206,0,189
1408,851,2201,0,199
1409,850,2199,0,199
1410,845,2199,0,201
1411,844,2197,0,193
1412,848,2196,0,194
1413,852,2197,0,193
1414,853,2200,0,191
1415,849,2201,0,182
1416,841,2205,0,167
1417,840,2207,0,156
1418,836,2206,0,145
1419,838,2204,0,141
1420,841,2203,0,138
1421,843,2203,0,120
1422,845,2203,0,118
1423,844,2200,0,117
1424,842,2200,0,109
1425,844,2203,0,115
1426,849,2204,0,124
1427,849,2204,0,128
1428,851,2205,0,135
1429,853,2205,0,140
1430,854,2206,0,142
1431,860,2208,0,146
1432,868,2204,0,151
1433,871,2207,0,156
1434,875,2211,0,156
1435,885,2215,0,161
1436,888,2217,0,156
1437,892,2217,0,153
1438,893,2219,0,145
1439,897,2220,0,144
1440,898,2219,0,142
1441,901,2220,0,140
1442,903,2222,0,139
1443,904,2222,0,156
1444,908,2225,0,151
1445,907,2225,0,153
1446,907,2225,0,152
1447,908,2225,0,153
1448,906,2225,0,153
1449,902,2222,0,143
1450,899,2219,0,143
1451,896,2216,0,144
1452,892,2214,0,152
1453,890,2212,0,150
1454,888,2214,0,143
1455,889,2216,0,146
1456,896,2217,0,153
1457,902,2217,0,157
1458,904,2216,0,169
1459,906,2214,0,175
1460,908,2209,0,184
1461,906,2206,0,190
1462,904,2207,0,200
1463,907,2206,0,210
1464,912,2204,0,215
1465,917,2200,0,222
1466,918,2200,0,218
1467,919,2199,0,218
1468,920,2199,0,219
1469,922,2197,0,220
1470,923,2197,0,223
1471,923,2195,0,219
1472,923,2195,0,223
1473,925,2196,0,227
1474,925,2196,0,231
1475,924,2196,0,230
1476,923,2197,0,227
1477,921,2197,0,219
1478,924,2193,0,223
1479,928,2190,0,219
1480,930,2192,0,203
1481,936,2195,0,187
1482,935,2195,0,172
1483,937,2195,0,170
1484,941,2197,0,171
1485,946,2196,0,165
1486,945,2195,0,162
1487,945,2196,0,152
1488,950,2199,0,141
1489,952,2203,0,135
1490,950,2203,0,116
1491,949,2203,0,115
1492,952,2206,0,117
1493,955,2209,0,107
1494,957,2209,0,105
1495,959,2208,0,107
1496,954,2205,0,110
1497,954,2210,0,114
1498,958,2218,0,120
1499,963,2219,0,129
1500,976,2216,0,138
1501,978,2217,0,148
1502,986,2216,0,159
1503,989,2216,0,161
1504,998,2216,0,145
1505,1001,2216,0,146
1506,1001,2219,0,145
1507,996,2217,0,157
1508,996,2217,0,159
1509,1000,2217,0,170
1510,1008,2212,0,178
1511,1014,2210,0,181
1512,1018,2204,0,181
1513,1025,2205,0,196
1514,1035,2204,0,198
1515,1043,2202,0,199
1516,1046,2206,0,191
1517,1049,2202,0,189
1518,1050,2200,0,194
1519,1052,2199,0,193
1520,1057,2198,0,189
1521,1059,2200,0,188
1522,1064,2199,0,191
1523,1063,2201,0,189
1524,1063,2201,0,189
1525,1063,2201,0,189
1526,1063,2201,0,187
1527,1063,2200,0,187
1528,1064,2199,0,188
1529,1063,2199,0,189
1530,1061,2199,0,188
1531,1058,2199,0,184
1532,1051,2200,0,187
1533,1046,2201,0,189
1534,1046,2200,0,194
1535,1053,2195,0,212
1536,1056,2188,0,226
1537,1057,2183,0,229
1538,1060,2180,0,242
1539,1062,2174,0,241
1540,1062,2171,0,249
1541,1062,2168,0,237
1542,1061,2166,0,237
1543,1059,2164,0,230
1544,1059,2161,0,229
1545,1060,2159,0,234
1546,1065,2158,0,236
1547,1065,2155,0,235
1548,1064,2153,0,239
1549,1065,2150,0,239
1550,1065,2152,0,232
1551,1065,2154,0,224
1552,1063,2152,0,224
1553,1064,2149,0,216
1554,1066,2149,0,221
1555,1070,2146,0,225
1556,1073,2143,0,226
1557,1073,2138,0,221
1558,1077,2136,0,212
1559,1083,2137,0,206
1560,1085,2139,0,198
1561,1092,2136,0,192
1562,1098,2137,0,184
1563,1104,2136,0,178
1564,1111,2134,0,183
1565,1121,2131,0,194
1566,1130,2129,0,190
1567,1132,2131,0,193
1568,1137,2128,0,183
1569,1149,2130,0,175
1570,1155,2129,0,183
1571,1164,2128,0,186
1572,1168,2123,0,192
1573,1173,2120,0,196
1574,1175,2122,0,192
1575,1177,2123,0,195
1576,1178,2125,0,195
1577,1180,2123,0,199
1578,1181,2123,0,197
1579,1175,2123,0,194
1580,1172,2122,0,183
1581,1173,2124,0,179
1582,1183,2123,0,178
1583,1193,2120,0,172
1584,1199,2119,0,168
1585,1203,2117,0,184
1586,1208,2115,0,198
1587,1211,2112,0,207
1588,1222,2109,0,217
1589,1227,2104,0,219
1590,1233,2102,0,209
1591,1238,2099,0,193
1592,1242,2098,0,188
1593,1244,2100,0,183
1594,1241,2104,0,164
1595,1242,2111,0,153
1596,1241,2117,0,145
1597,1240,2124,0,120
1598,1241,2129,0,106
1599,1239,2135,0,102
1600,1236,2140,0,91
1601,1236,2148,0,84
1602,1234,2159,0,72
1603,1230,2165,0,63
1604,1224,2170,0,53
1605,1219,2170,0,45
1606,1217,2175,0,51
1607,1217,2182,0,60
1608,1210,2191,0,55
1609,1211,2196,0,76
1610,1213,2199,0,84
1611,1214,2202,0,99
1612,1219,2207,0,118
1613,1227,2207,0,124
1614,1230,2210,0,126
1615,1231,2210,0,132
1616,1233,2212,0,141
1617,1235,2212,0,144
1618,1236,2214,0,140
1619,1238,2216,0,148
1620,1243,2218,0,148
1621,1249,2219,0,144
1622,1253,2222,0,133
1623,1253,2226,0,131
1624,1251,2226,0,126
1625,1251,2228,0,137
1626,1254,2226,0,147
1627,1257,2224,0,152
1628,1266,2222,0,163
1629,1269,2222,0,165
1630,1276,2218,0,177
1631,1279,2217,0,194
1632,1284,2215,0,205
1633,1290,2207,0,225
1634,1295,2203,0,239
1635,1297,2193,0,244
1636,1305,2185,0,252
1637,1305,2179,0,246
1638,1308,2174,0,242
1639,1311,2170,0,244
1640,1313,2165,0,248
1641,1316,2162,0,248
1642,1322,2156,0,249
1643,1324,2150,0,237
1644,1330,2147,0,225
1645,1331,2145,0,223
1646,1332,2141,0,218
1647,1335,2142,0,207
1648,1342,2142,0,204
1649,1345,2139,0,203
1650,1351,2135,0,214
1651,1353,2130,0,211
1652,1353,2128,0,209
1653,1354,2128,0,211
1654,1354,2128,0,210
1655,1355,2125,0,208
1656,1357,2122,0,209
1657,1357,2121,0,207
1658,1357,2121,0,208
1659,1358,2122,0,207
1660,1360,2122,0,204
1661,1359,2122,0,204
1662,1359,2122,0,204
1663,1361,2121,0,206
1664,1362,2122,0,209
1665,1364,2123,0,209
1666,1364,2123,0,208
1667,1358,2126,0,208
1668,1358,2124,0,210
1669,1355,2127,0,209
1670,1351,2131,0,203
1671,1354,2131,0,195
1672,1363,2131,0,190
1673,1371,2131,0,189
1674,1375,2128,0,183
1675,1379,2125,0,180
1676,1378,2123,0,191
1677,1380,2118,0,206
1678,1383,2114,0,213
1679,1389,2106,0,223
1680,1392,2098,0,235
1681,1392,2092,0,253
1682,1394,2088,0,257
1683,1394,2082,0,257
1684,1394,2077,0,255
1685,1395,2075,0,258
1686,1399,2070,0,262
1687,1399,2067,0,267
1688,1400,2067,0,267
1689,1400,2065,0,267
1690,1398,2065,0,265
1691,1401,2056,0,266
1692,1403,2053,0,256
1693,1406,2050,0,250
1694,1413,2047,0,244
1695,1414,2042,0,245
1696,1416,2037,0,244
1697,1418,2032,0,242
1698,1421,2031,0,230
1699,1425,2031,0,222
1700,1433,2033,0,210
1701,1436,2032,0,205
1702,1442,2032,0,202
1703,1448,2033,0,203
1704,1456,2029,0,205
1705,1460,2028,0,193
1706,1463,2026,0,191
1707,1464,2023,0,199
1708,1468,2023,0,195
1709,1474,2023,0,194
1710,1476,2022,0,193
1711,1479,2020,0,191
1712,1480,2021,0,196
1713,1481,2022,0,197
1714,1484,2022,0,200
1715,1485,2022,0,198
1716,1483,2023,0,198
1717,1482,2024,0,200
1718,1482,2023,0,197
1719,1490,2019,0,200
1720,1498,2017,0,218
1721,1503,2011,0,225
1722,1506,2009,0,218
1723,1508,2012,0,215
1724,1507,2012,0,212
1725,1506,2012,0,211
1726,1504,2008,0,225
1727,1501,2005,0,238
1728,1499,2001,0,247
1729,1498,1997,0,252
1730,1499,1992,0,258
1731,1501,1986,0,262
1732,1501,1984,0,263
1733,1501,1979,0,262
1734,1501,1977,0,262
1735,1503,1978,0,268
1736,1503,1979,0,264
1737,1502,1974,0,264
1738,1504,1968,0,260
1739,1506,1962,0,256
1740,1510,1955,0,250
1741,1512,1950,0,253
1742,1516,1941,0,253
1743,1519,1938,0,244
1744,1518,1935,0,243
1745,1520,1934,0,252
1746,1522,1933,0,250
1747,1521,1933,0,245
1748,1522,1934,0,236
1749,1525,1934,0,230
1750,1528,1934,0,226
1751,1528,1936,0,221
1752,1528,1941,0,212
1753,1535,1944,0,199
1754,1539,1944,0,198
1755,1541,1942,0,196
1756,1544,1942,0,188
1757,1549,1945,0,179
1758,1553,1947,0,174
1759,1556,1947,0,184
1760,1561,1947,0,184
1761,1563,1946,0,186
1762,1567,1945,0,186
1763,1571,1944,0,200
1764,1573,1942,0,196
1765,1577,1938,0,199
1766,1578,1937,0,202
1767,1579,1937,0,200
1768,1581,1934,0,203
1769,1584,1931,0,216
1770,1587,1927,0,223
1771,1587,1923,0,226
1772,1586,1921,0,230
1773,1586,1916,0,233
1774,1586,1912,0,234
1775,1589,1909,0,232
1776,1591,1906,0,226
1777,1595,1902,0,218
1778,1602,1904,0,209
1779,1612,1908,0,212
1780,1614,1902,0,200
1781,1618,1898,0,200
1782,1620,1897,0,196
1783,1622,1898,0,188
1784,1625,1899,0,186
1785,1626,1897,0,194
1786,1630,1896,0,198
1787,1631,1893,0,212
1788,1632,1890,0,213
1789,1637,1888,0,216
1790,1640,1886,0,218
1791,1644,1884,0,219
1792,1644,1884,0,221
1793,1644,1882,0,219
1794,1645,1881,0,222
1795,1645,1881,0,220
1796,1643,1880,0,216
1797,1643,1880,0,217
1798,1643,1880,0,217
1799,1643,1881,0,216
1800,1645,1879,0,216
1801,1647,1877,0,218
1802,1648,1872,0,221
1803,1653,1867,0,229
1804,1653,1862,0,234
1805,1653,1859,0,237
1806,1653,1858,0,243
1807,1653,1856,0,243
1808,1653,1856,0,239
1809,1655,1854,0,243
1810,1655,1854,0,244
1811,1655,1854,0,241
1812,1653,1856,0,239
1813,1651,1858,0,233
1814,1654,1855,0,228
1815,1657,1852,0,228
1816,1660,1849,0,225
1817,1662,1847,0,224
1818,1666,1846,0,227
1819,1671,1845,0,234
1820,1673,1843,0,228
1821,1673,1841,0,227
1822,1671,1843,0,224
1823,1671,1841,0,222
1824,1671,1839,0,226
1825,1673,1839,0,229
1826,1674,1838,0,230
1827,1674,1835,0,224
1828,1674,1834,0,221
1829,1674,1834,0,222
1830,1673,1834,0,220
1831,1674,1834,0,219
1832,1673,1833,0,220
1833,1673,1833,0,219
1834,1673,1833,0,218
1835,1674,1833,0,217
1836,1673,1833,0,219
1837,1674,1833,0,218
1838,1674,1833,0,218
1839,1673,1833,0,216
1840,1674,1833,0,215
1841,1676,1832,0,213
1842,1676,1832,0,217
1843,1676,1832,0,215
1844,1676,1833,0,214
1845,1676,1833,0,216
1846,1677,1833,0,213
1847,1676,1834,0,215
1848,1676,1834,0,219
1849,1676,1834,0,218
1850,1676,1834,0,217
1851,1675,1834,0,217
1852,1674,1835,0,220
1853,1674,1835,0,221
1854,1674,1835,0,226
1855,1675,1834,0,230
1856,1677,1833,0,232
1857,1679,1831,0,231
1858,1683,1833,0,225
1859,1683,1839,0,221
1860,1682,1839,0,220
1861,1682,1838,0,219
1862,1684,1837,0,221
1863,1682,1834,0,224
1864,1682,1833,0,228
1865,1680,1831,0,238
1866,1682,1829,0,235
1867,1683,1828,0,236
1868,1684,1834,0,234
1869,1688,1833,0,225
1870,1692,1827,0,231
1871,1693,1824,0,230
1872,1697,1821,0,237
1873,1699,1819,0,232
1874,1699,1816,0,238
1875,1701,1813,0,242
1876,1701,1813,0,253
1877,1700,1812,0,259
1878,1699,1810,0,261
1879,1699,1809,0,258
1880,1700,1807,0,260
1881,1700,1804,0,260
1882,1701,1802,0,265
1883,1702,1798,0,263
1884,1703,1792,0,263
1885,1704,1786,0,264
1886,1710,1785,0,265
1887,1713,1784,0,256
1888,1716,1784,0,259
1889,1719,1783,0,255
1890,1724,1782,0,254
1891,1729,1781,0,246
1892,1736,1779,0,245
1893,1735,1776,0,232
1894,1739,1775,0,224
1895,1748,1772,0,223
1896,1749,1767,0,223
1897,1750,1766,0,226
1898,1750,1767,0,224
1899,1750,1765,0,219
1900,1751,1764,0,221
1901,1752,1764,0,224
1902,1752,1764,0,225
1903,1752,1764,0,217
1904,1755,1762,0,214
1905,1762,1762,0,226
1906,1762,1758,0,224
1907,1767,1754,0,234
1908,1767,1751,0,240
1909,1765,1750,0,244
1910,1764,1748,0,247
1911,1761,1746,0,250
1912,1762,1743,0,253
1913,1762,1743,0,253
1914,1763,1745,0,253
1915,1763,1746,0,249
1916,1764,1748,0,248
1917,1762,1751,0,251
1918,1759,1750,0,246
1919,1760,1751,0,243
1920,1760,1750,0,243
1921,1759,1749,0,242
1922,1759,1747,0,246
1923,1764,1752,0,245
1924,1763,1753,0,246
1925,1762,1753,0,250
1926,1760,1754,0,247
1927,1760,1757,0,243
1928,1760,1757,0,242
1929,1760,1756,0,239
1930,1762,1755,0,245
1931,1761,1755,0,245
1932,1761,1755,0,245
1933,1761,1755,0,246
1934,1760,1756,0,248
1935,1760,1756,0,248
1936,1759,1756,0,252
1937,1759,1755,0,250
1938,1757,1755,0,250
1939,1757,1756,0,251
1940,1757,1757,0,249
1941,1758,1758,0,248
1942,1758,1757,0,250
1943,1757,1757,0,249
1944,1757,1756,0,248
1945,1757,1755,0,248
1946,1757,1754,0,250
1947,1757,1754,0,251
1948,1756,1755,0,252
1949,1755,1755,0,255
1950,1756,1754,0,247
1951,1757,1757,0,245
1952,1757,1758,0,242
1953,1757,1758,0,243
1954,1757,1757,0,246
1955,1757,1757,0,243
1956,1757,1756,0,242
1957,1756,1757,0,243
1958,1756,1758,0,241
1959,1758,1758,0,245
1960,1759,1757,0,244
1961,1762,1756,0,245
1962,1764,1755,0,251
1963,1766,1755,0,258
1964,1766,1754,0,262
1965,1766,1754,0,262
1966,1768,1752,0,266
1967,1769,1749,0,269
1968,1770,1747,0,272
1969,1771,1747,0,275
1970,1774,1747,0,277
1971,1774,1747,0,280
1972,1776,1749,0,283
1973,1778,1751,0,292
1974,1778,1751,0,295
1975,1779,1754,0,294
1976,1778,1755,0,299
1977,1781,1756,0,287
1978,1780,1756,0,288
1979,1781,1754,0,298
1980,1780,1754,0,297
1981,1781,1752,0,295
1982,1780,1751,0,291
1983,1780,1750,0,290
1984,1779,1750,0,284
1985,1778,1751,0,277
1986,1776,1752,0,276
1987,1775,1752,0,273
1988,1774,1752,0,271
1989,1773,1749,0,273
1990,1774,1746,0,275
1991,1776,1747,0,281
1992,1777,1746,0,281
1993,1776,1745,0,279
1994,1776,1748,0,278
1995,1776,1749,0,277
1996,1776,1753,0,284
1997,1777,1751,0,287
1998,1776,1747,0,279
1999,1775,1746,0,278
2000,1777,1748,0,272
2001,1777,1749,0,267
2002,1778,1748,0,266
2003,1777,1744,0,268
2004,1777,1742,0,272
2005,1776,1739,0,275
2006,1775,1737,0,277
2007,1774,1736,0,281
2008,1775,1735,0,287
2009,1776,1735,0,291
2010,1780,1731,0,298
2011,1784,1728,0,303
2012,1787,1729,0,307
2013,1790,1731,0,310
2014,1790,1730,0,315
2015,1792,1728,0,316
2016,1789,1727,0,325
2017,1784,1726,0,329
2018,1782,1726,0,332
2019,1778,1725,0,343
2020,1773,1722,0,345
2021,1767,1722,0,345
2022,1766,1723,0,334
2023,1765,1725,0,327
2024,1761,1728,0,312
2025,1758,1728,0,304
2026,1755,1724,0,293
2027,1755,1724,0,279
2028,1756,1724,0,264
2029,1757,1725,0,264
2030,1753,1727,0,253
2031,1755,1728,0,254
2032,1759,1731,0,265
2033,1758,1733,0,257
2034,1761,1735,0,263
2035,1763,1738,0,253
2036,1770,1745,0,247
2037,1771,1744,0,243
2038,1771,1746,0,225
2039,1769,1745,0,212
2040,1772,1748,0,219
2041,1774,1747,0,228
2042,1773,1751,0,229
2043,1773,1754,0,223
2044,1775,1757,0,205
2045,1775,1758,0,201
2046,1772,1759,0,204
2047,1772,1760,0,207
2048,1772,1760,0,205
2049,1773,1759,0,203
2050,1774,1759,0,198
2051,1774,1759,0,198
2052,1773,1760,0,198
2053,1774,1761,0,198
2054,1775,1764,0,203
2055,1775,1762,0,195
2056,1774,1762,0,193
2057,1772,1762,0,192
2058,1770,1764,0,187
2059,1771,1765,0,182
2060,1772,1766,0,183
2061,1775,1767,0,184
2062,1776,1767,0,182
2063,1776,1765,0,180
2064,1776,1765,0,180
2065,1777,1765,0,181
2066,1778,1766,0,184
2067,1776,1766,0,188
2068,1776,1768,0,187
2069,1776,1767,0,184
2070,1776,1768,0,183
2071,1778,1769,0,177
2072,1779,1769,0,179
2073,1779,1769,0,178
2074,1779,1769,0,177
2075,1779,1769,0,176
2076,1779,1768,0,176
2077,1779,1768,0,176
2078,1780,1767,0,181
2079,1778,1767,0,184
2080,1777,1767,0,191
2081,1776,1767,0,192
2082,1776,1767,0,194
2083,1776,1767,0,197
2084,1777,1767,0,197
2085,1776,1766,0,193
2086,1776,1766,0,193
2087,1777,1767,0,194
2088,1777,1767,0,194
2089,1778,1767,0,194
2090,1778,1767,0,193
2091,1778,1766,0,194
2092,1778,1766,0,189
2093,1778,1766,0,189
2094,1778,1766,0,188
2095,1779,1767,0,193
2096,1779,1767,0,195
2097,1779,1767,0,195
2098,1779,1768,0,191
2099,1779,1767,0,191
2100,1778,1767,0,191
2101,1779,1767,0,192
2102,1779,1767,0,191
2103,1778,1767,0,193
2104,1778,1767,0,191
2105,1778,1767,0,192
2106,1778,1767,0,192
2107,1778,1768,0,189
2108,1778,1768,0,191
2109,1777,1767,0,191
2110,1778,1767,0,192
2111,1777,1766,0,191
2112,1775,1766,0,187
2113,1774,1766,0,186
2114,1774,1766,0,185
2115,1774,1766,0,185
2116,1773,1766,0,187
2117,1772,1766,0,184
2118,1770,1767,0,182
2119,1769,1768,0,185
2120,1768,1769,0,187
2121,1766,1770,0,188
2122,1766,1770,0,190
2123,1764,1771,0,191
2124,1763,1772,0,190
2125,1760,1770,0,177
2126,1761,1771,0,171
2127,1760,1772,0,160
2128,1759,1771,0,151
2129,1759,1771,0,153
2130,1763,1772,0,156
2131,1761,1772,0,162
2132,1762,1773,0,169
2133,1765,1773,0,175
2134,1769,1773,0,195
2135,1771,1773,0,198
2136,1771,1774,0,195
2137,1766,1773,0,172
2138,1763,1772,0,161
2139,1765,1776,0,164
2140,1765,1776,0,160
2141,1769,1775,0,153
2142,1768,1781,0,159
2143,1768,1782,0,162
2144,1769,1782,0,158
2145,1768,1783,0,153
2146,1767,1784,0,161
2147,1761,1785,0,159
2148,1760,1785,0,147
2149,1762,1786,0,138
2150,1763,1786,0,138
2151,1761,1790,0,142
2152,1763,1793,0,147
2153,1766,1794,0,147
2154,1766,1796,0,142
2155,1768,1801,0,145
2156,1768,1803,0,140
2157,1769,1806,0,143
2158,1769,1807,0,168
2159,1769,1806,0,167
2160,1770,1807,0,184
2161,1771,1807,0,198
2162,1773,1805,0,198
2163,1772,1801,0,196
2164,1771,1800,0,190
2165,1772,1799,0,196
2166,1778,1790,0,201
2167,1778,1790,0,210
2168,1780,1787,0,219
2169,1781,1784,0,216
2170,1782,1781,0,216
2171,1782,1778,0,221
2172,1779,1776,0,209
2173,1776,1775,0,207
2174,1777,1773,0,206
2175,1777,1772,0,202
2176,1778,1768,0,199
2177,1777,1766,0,197
2178,1777,1762,0,198
2179,1776,1760,0,187
2180,1775,1762,0,189
2181,1773,1766,0,191
2182,1775,1767,0,196
2183,1772,1764,0,195
2184,1776,1766,0,199
2185,1779,1766,0,194
2186,1780,1766,0,197
2187,1783,1765,0,199
2188,1782,1766,0,196
2189,1783,1766,0,203
2190,1777,1772,0,226
2191,1774,1775,0,224
2192,1770,1776,0,223
2193,1768,1778,0,226
2194,1769,1777,0,221
2195,1768,1780,0,236
2196,1768,1786,0,260
2197,1767,1786,0,272
2198,1765,1786,0,283
2199,1764,1786,0,289
2200,1764,1784,0,286
2201,1762,1783,0,282
2202,1759,1781,0,275
2203,1759,1779,0,271
2204,1758,1779,0,265
2205,1757,1779,0,264
2206,1757,1777,0,266
2207,1756,1775,0,259
2208,1754,1772,0,255
2209,1754,1773,0,250
2210,1753,1772,0,247
2211,1756,1769,0,255
2212,1758,1770,0,260
2213,1758,1770,0,259
2214,1759,1770,0,261
2215,1759,1769,0,264
2216,1759,1768,0,266
2217,1760,1768,0,268
2218,1761,1766,0,276
2219,1760,1766,0,273
2220,1760,1768,0,272
2221,1761,1768,0,270
2222,1761,1767,0,270
2223,1761,1766,0,271
2224,1762,1765,0,269
2225,1762,1766,0,268
2226,1762,1766,0,264
2227,1762,1765,0,266
2228,1762,1765,0,265
2229,1763,1765,0,261
2230,1763,1765,0,263
2231,1762,1764,0,258
2232,1764,1765,0,263
2233,1765,1765,0,263
2234,1763,1766,0,265
2235,1760,1763,0,271
2236,1760,1765,0,264
2237,1758,1768,0,262
2238,1757,1772,0,259
2239,1757,1774,0,259
2240,1756,1774,0,256
2241,1755,1777,0,251
2242,1754,1775,0,240
2243,1755,1774,0,244
2244,1757,1773,0,243
2245,1756,1770,0,240
2246,1755,1769,0,241
2247,1755,1773,0,238
2248,1754,1775,0,232
2249,1755,1775,0,225
2250,1756,1777,0,214
2251,1760,1777,0,207
2252,1761,1777,0,203
2253,1761,1776,0,193
2254,1762,1777,0,191
2255,1762,1777,0,190
2256,1762,1776,0,186
2257,1764,1775,0,191
2258,1764,1776,0,196
2259,1764,1778,0,187
2260,1764,1777,0,181
2261,1763,1776,0,176
2262,1762,1775,0,174
2263,1760,1774,0,164
2264,1762,1774,0,164
2265,1763,1775,0,167
2266,1764,1775,0,164
2267,1764,1774,0,157
2268,1766,1774,0,159
2269,1767,1775,0,161
2270,1768,1774,0,144
2271,1768,1771,0,140
2272,1772,1771,0,134
2273,1777,1768,0,126
2274,1782,1765,0,122
2275,1784,1762,0,119
2276,1786,1757,0,126
2277,1790,1758,0,122
2278,1789,1761,0,129
2279,1791,1763,0,133
2280,1790,1765,0,131
2281,1789,1763,0,139
2282,1793,1764,0,132
2283,1790,1759,0,144
2284,1787,1762,0,136
2285,1789,1768,0,124
2286,1786,1770,0,100
2287,1780,1776,0,93
2288,1777,1779,0,94
2289,1776,1777,0,84
2290,1779,1779,0,78
2291,1777,1783,0,81
2292,1777,1785,0,77
2293,1778,1785,0,74
2294,1780,1784,0,71
2295,1785,1782,0,59
2296,1782,1783,0,44
2297,1778,1786,0,32
2298,1773,1788,0,16
2299,1771,1788,0,6
2300,1768,1789,0,2
2301,1766,1788,0,346
2302,1762,1786,0,344
2303,1761,1787,0,340
2304,1758,1784,0,345
2305,1755,1785,0,350
2306,1750,1784,0,349
2307,1750,1783,0,342
2308,1750,1783,0,341
2309,1748,1783,0,342
2310,1745,1781,0,341
2311,1744,1782,0,345
2312,1744,1782,0,345
2313,1744,1782,0,346
2314,1743,1782,0,344
2315,1742,1782,0,341
2316,1739,1783,0,343
2317,1737,1782,0,346
2318,1735,1782,0,344
2319,1734,1779,0,343
2320,1733,1779,0,345
2321,1732,1777,0,348
2322,1731,1779,0,352
2323,1730,1782,0,3
2324,1727,1784,0,6
2325,1730,1784,0,0
2326,1729,1785,0,3
2327,1731,1784,0,352
2328,1732,1781,0,347
2329,1732,1776,0,337
2330,1732,1773,0,330
2331,1731,1772,0,327
2332,1728,1772,0,325
2333,1726,1773,0,327
2334,1723,1773,0,330
2335,1721,1773,0,338
2336,1718,1771,0,339
2337,1714,1768,0,342
2338,1709,1766,0,342
2339,1707,1766,0,342
2340,1707,1765,0,342
2341,1708,1766,0,344
2342,1718,1768,0,348
2343,1718,1766,0,348
2344,1720,1767,0,353
2345,1722,1764,0,355
2346,1721,1762,0,353
2347,1718,1764,0,345
2348,1723,1769,0,343
2349,1723,1771,0,338
2350,1723,1781,0,319
2351,1727,1779,0,307
2352,1728,1777,0,296
2353,1725,1776,0,293
2354,1723,1779,0,280
2355,1724,1779,0,272
2356,1725,1775,0,260
2357,1727,1773,0,248
2358,1729,1768,0,247
2359,1726,1767,0,247
2360,1725,1768,0,247
2361,1725,1768,0,248
2362,1724,1770,0,252
2363,1724,1771,0,248
2364,1726,1774,0,241
2365,1729,1776,0,232
2366,1729,1778,0,226
2367,1735,1786,0,241
2368,1740,1792,0,241
2369,1743,1791,0,233
2370,1745,1789,0,227
2371,1749,1787,0,225
2372,1751,1784,0,227
2373,1756,1784,0,237
2374,1757,1781,0,239
2375,1758,1779,0,239
2376,1761,1776,0,248
2377,1764,1775,0,248
2378,1763,1774,0,256
2379,1764,1772,0,256
2380,1765,1771,0,254
2381,1765,1771,0,253
2382,1764,1771,0,252
2383,1764,1772,0,252
2384,1767,1770,0,240
2385,1768,1768,0,229
2386,1770,1770,0,219
2387,1773,1771,0,214
2388,1772,1773,0,218
2389,1772,1773,0,221
2390,1773,1774,0,220
2391,1774,1771,0,210
2392,1773,1772,0,206
2393,1775,1773,0,199
2394,1776,1773,0,192
2395,1778,1772,0,170
2396,1778,1773,0,157
2397,1778,1774,0,153
2398,1781,1771,0,149
2399,1784,1770,0,137
2400,1782,1771,0,137
2401,1781,1774,0,138
2402,1779,1774,0,138
2403,1779,1774,0,148
2404,1784,1783,0,164
2405,1787,1784,0,180
2406,1789,1782,0,190
2407,1788,1782,0,192
2408,1789,1780,0,195
2409,1789,1781,0,194
2410,1789,1780,0,196
2411,1786,1781,0,204
2412,1784,1782,0,226
2413,1784,1781,0,243
2414,1784,1779,0,248
2415,1784,1778,0,246
2416,1784,1777,0,237
2417,1783,1773,0,234
2418,1783,1769,0,228
2419,1782,1768,0,229
2420,1782,1768,0,228
2421,1783,1768,0,230
2422,1784,1765,0,226
2423,1785,1764,0,223
2424,1785,1762,0,222
2425,1785,1761,0,221
2426,1785,1760,0,221
2427,1787,1759,0,221
2428,1788,1758,0,215
2429,1789,1757,0,210
2430,1791,1757,0,209
2431,1797,1756,0,202
2432,1803,1753,0,202
2433,1803,1752,0,201
2434,1804,1750,0,196
2435,1804,1750,0,194
2436,1805,1750,0,191
2437,1804,1749,0,187
2438,1804,1749,0,188
2439,1804,1750,0,189
2440,1802,1750,0,189
2441,1802,1751,0,189
2442,1802,1751,0,193
2443,1801,1752,0,193
2444,1802,1752,0,191
2445,1803,1752,0,188
2446,1803,1751,0,187
2447,1803,1751,0,184
2448,1803,1751,0,184
2449,1803,1750,0,188
2450,1803,1751,0,189
2451,1803,1750,0,186
2452,1803,1751,0,184
2453,1802,1750,0,184
2454,1803,1750,0,185
2455,1802,1752,0,187
2456,1802,1752,0,191
2457,1800,1752,0,189
2458,1802,1754,0,196
2459,1801,1756,0,206
2460,1802,1757,0,210
2461,1804,1755,0,221
2462,1806,1752,0,221
2463,1806,1753,0,229
2464,1806,1752,0,244
2465,1805,1750,0,255
2466,1806,1747,0,266
2467,1806,1746,0,263
2468,1805,1744,0,265
2469,1806,1745,0,261
2470,1807,1745,0,267
2471,1807,1746,0,270
2472,1808,1746,0,273
2473,1808,1746,0,273
2474,1809,1746,0,269
2475,1808,1745,0,267
2476,1808,1743,0,269
2477,1807,1744,0,267
2478,1806,1745,0,264
2479,1806,1745,0,263
2480,1806,1746,0,265
2481,1804,1745,0,267
2482,1803,1742,0,265
2483,1805,1740,0,261
2484,1804,1739,0,261
2485,1803,1739,0,266
2486,1804,1741,0,269
2487,1805,1743,0,271
2488,1805,1743,0,278
2489,1805,1745,0,283
2490,1804,1745,0,293
2491,1806,1748,0,305
2492,1812,1756,0,303
2493,1806,1757,0,296
2494,1805,1753,0,295
2495,1805,1752,0,296
2496,1804,1750,0,294
2497,1804,1750,0,292
2498,1804,1749,0,292
2499,1803,1748,0,293
2500,1803,1746,0,294
2501,1801,1744,0,293
2502,1800,1742,0,291
2503,1801,1744,0,296
2504,1801,1744,0,298
2505,1800,1743,0,295
2506,1800,1743,0,293
2507,1801,1743,0,295
2508,1802,1746,0,296
2509,1803,1748,0,294
2510,1804,1749,0,287
2511,1802,1753,0,283
2512,1802,1759,0,291
2513,1801,1761,0,294
2514,1801,1759,0,305
2515,1801,1758,0,316
2516,1800,1759,0,320
2517,1801,1761,0,321
2518,1799,1761,0,314
2519,1798,1759,0,311
2520,1796,1758,0,308
2521,1794,1756,0,304
2522,1793,1753,0,301
2523,1791,1751,0,300
2524,1788,1748,0,298
2525,1784,1745,0,301
2526,1782,1742,0,298
2527,1782,1739,0,299
2528,1781,1736,0,296
2529,1782,1735,0,302
2530,1781,1734,0,304
2531,1782,1731,0,307
2532,1781,1730,0,309
2533,1782,1728,0,306
2534,1780,1725,0,307
2535,1779,1724,0,300
2536,1780,1724,0,302
2537,1779,1722,0,305
2538,1779,1721,0,302
2539,1780,1720,0,305
2540,1779,1720,0,308
2541,1779,1721,0,300
2542,1778,1721,0,298
2543,1778,1722,0,300
2544,1778,1722,0,301
2545,1779,1723,0,303
2546,1783,1723,0,306
2547,1784,1725,0,304
2548,1784,1728,0,306
2549,1783,1729,0,310
2550,1782,1729,0,308
2551,1782,1730,0,306
2552,1782,1734,0,306
2553,1780,1734,0,304
2554,1782,1733,0,304
2555,1783,1735,0,300
2556,1784,1736,0,299
2557,1784,1736,0,299
2558,1784,1736,0,300
2559,1784,1736,0,300
2560,1784,1736,0,298
2561,1783,1737,0,299
2562,1783,1737,0,303
2563,1783,1736,0,306
2564,1783,1736,0,306
2565,1784,1736,0,304
2566,1783,1736,0,303
2567,1783,1736,0,304
2568,1784,1736,0,308
2569,1784,1735,0,308
2570,1784,1735,0,310
2571,1785,1735,0,311
2572,1785,1734,0,315
2573,1786,1731,0,320
2574,1786,1730,0,324
2575,1787,1730,0,326
2576,1787,1729,0,328
2577,1787,1730,0,327
2578,1789,1729,0,322
2579,1793,1728,0,326
2580,1789,1727,0,333
2581,1791,1727,0,335
2582,1788,1726,0,343
2583,1787,1726,0,347
2584,1785,1725,0,346
2585,1785,1723,0,357
2586,1785,1722,0,0
2587,1784,1723,0,5
2588,1782,1724,0,3
2589,1780,1727,0,4
2590,1777,1729,0,359
2591,1775,1730,0,353
2592,1780,1728,0,354
2593,1783,1728,0,2
2594,1783,1723,0,8
2595,1785,1723,0,356
2596,1784,1727,0,353
2597,1784,1729,0,1
2598,1786,1728,0,3
2599,1784,1726,0,7
2600,1785,1726,0,5
2601,1784,1726,0,11
2602,1784,1725,0,11
2603,1781,1725,0,9
2604,1782,1722,0,14
2605,1783,1723,0,13
2606,1784,1724,0,9
2607,1783,1724,0,11
2608,1782,1726,0,7
2609,1782,1727,0,8
2610,1782,1727,0,7
2611,1781,1726,0,10
2612,1781,1725,0,10
2613,1781,1727,0,10
2614,1784,1727,0,4
2615,1786,1726,0,3
2616,1788,1722,0,359
2617,1787,1719,0,3
2618,1785,1722,0,2
2619,1784,1726,0,359
2620,1784,1728,0,357
2621,1782,1729,0,355
2622,1780,1730,0,349
2623,1781,1728,0,345
2624,1780,1721,0,341
2625,1777,1718,0,339
2626,1776,1715,0,339
2627,1773,1715,0,336
2628,1772,1711,0,337
2629,1769,1712,0,339
2630,1768,1710,0,342
2631,1768,1709,0,341
2632,1767,1709,0,339
2633,1767,1708,0,344
2634,1767,1708,0,341
2635,1768,1709,0,339
2636,1766,1707,0,344
2637,1765,1707,0,349
2638,1765,1706,0,353
2639,1765,1706,0,355
2640,1764,1706,0,351
2641,1765,1706,0,350
2642,1766,1707,0,346
2643,1768,1707,0,345
2644,1771,1703,0,350
2645,1770,1699,0,348
2646,1768,1694,0,335
2647,1764,1692,0,328
2648,1764,1688,0,324
2649,1758,1684,0,324
2650,1753,1683,0,327
2651,1748,1678,0,326
2652,1746,1676,0,329
2653,1741,1675,0,338
2654,1737,1676,0,343
2655,1733,1675,0,349
2656,1726,1680,0,346
2657,1720,1679,0,345
2658,1715,1678,0,347
2659,1710,1680,0,339
2660,1709,1681,0,338
2661,1714,1686,0,339
2662,1718,1689,0,345
2663,1715,1691,0,357
2664,1712,1691,0,8
2665,1712,1695,0,5
2666,1708,1692,0,6
2667,1702,1700,0,356
2668,1703,1701,0,5
2669,1700,1702,0,6
2670,1695,1704,0,10
2671,1696,1704,0,8
2672,1695,1708,0,16
2673,1695,1706,0,22
2674,1700,1706,0,30
2675,1705,1707,0,23
2676,1706,1707,0,21
2677,1707,1707,0,17
2678,1709,1705,0,18
2679,1709,1703,0,18
2680,1711,1703,0,14
2681,1711,1701,0,14
2682,1711,1699,0,10
2683,1714,1699,0,8
2684,1718,1698,0,7
2685,1722,1700,0,6
2686,1726,1703,0,8
2687,1725,1708,0,9
2688,1722,1704,0,8
2689,1722,1705,0,12
2690,1725,1704,0,9
2691,1730,1707,0,8
2692,1734,1706,0,12
2693,1741,1703,0,12
2694,1746,1701,0,12
2695,1750,1695,0,13
2696,1751,1691,0,27
2697,1751,1693,0,29
2698,1750,1692,0,38
2699,1742,1695,0,41
2700,1738,1696,0,41
2701,1732,1697,0,30
2702,1723,1701,0,24
2703,1717,1705,0,32
2704,1714,1708,0,43
2705,1710,1710,0,51
2706,1709,1708,0,63
2707,1711,1705,0,58
2708,1714,1702,0,50
2709,1718,1701,0,47
2710,1720,1701,0,50
2711,1730,1703,0,44
2712,1732,1702,0,36
2713,1731,1703,0,29
2714,1728,1704,0,30
2715,1723,1704,0,36
2716,1721,1706,0,42
2717,1714,1709,0,46
2718,1711,1710,0,51
2719,1714,1708,0,56
2720,1711,1709,0,57
2721,1715,1713,0,50
2722,1717,1713,0,43
2723,1712,1713,0,46
2724,1704,1716,0,39
2725,1705,1717,0,37
2726,1707,1719,0,37
2727,1705,1719,0,30
2728,1704,1720,0,39
2729,1704,1724,0,37
2730,1704,1721,0,33
2731,1707,1716,0,21
2732,1708,1712,0,20
2733,1707,1709,0,16
2734,1709,1703,0,13
2735,1713,1707,0,8
2736,1718,1709,0,9
2737,1719,1707,0,6
2738,1718,1713,0,358
2739,1715,1721,0,357
2740,1711,1724,0,5
2741,1706,1726,0,11
2742,1702,1732,0,15
2743,1697,1732,0,0
2744,1692,1732,0,358
2745,1688,1730,0,352
2746,1684,1725,0,341
2747,1677,1722,0,334
2748,1670,1720,0,327
2749,1668,1716,0,321
2750,1668,1713,0,318
2751,1668,1711,0,317
2752,1664,1711,0,317
2753,1662,1705,0,324
2754,1657,1699,0,328
2755,1654,1697,0,326
2756,1649,1697,0,330
2757,1644,1698,0,339
2758,1639,1695,0,337
2759,1638,1693,0,341
2760,1635,1691,0,350
2761,1631,1690,0,349
2762,1626,1688,0,348
2763,1625,1687,0,350
2764,1624,1688,0,348
2765,1623,1688,0,346
2766,1624,1688,0,350
2767,1623,1688,0,349
2768,1622,1688,0,352
2769,1621,1688,0,353
2770,1621,1688,0,353
2771,1620,1688,0,355
2772,1622,1687,0,352
2773,1625,1690,0,346
2774,1628,1690,0,344
2775,1624,1687,0,347
2776,1627,1689,0,345
2777,1633,1694,0,344
2778,1627,1690,0,348
2779,1625,1692,0,344
2780,1625,1699,0,356
2781,1628,1702,0,353
2782,1633,1705,0,349
2783,1636,1707,0,344
2784,1636,1706,0,342
2785,1640,1706,0,338
2786,1641,1706,0,339
2787,1642,1706,0,344
2788,1641,1706,0,348
2789,1641,1707,0,346
2790,1643,1707,0,345
2791,1643,1707,0,346
2792,1643,1706,0,347
2793,1642,1705,0,345
2794,1641,1707,0,339
2795,1644,1709,0,337
2796,1646,1709,0,338
2797,1650,1708,0,346
2798,1653,1706,0,348
2799,1652,1706,0,350
2800,1651,1706,0,344
2801,1650,1705,0,340
2802,1652,1705,0,347
2803,1652,1704,0,359
2804,1655,1703,0,1
2805,1656,1699,0,358
2806,1655,1700,0,353
2807,1654,1699,0,351
2808,1653,1698,0,351
2809,1651,1696,0,349
2810,1649,1699,0,353
2811,1646,1700,0,351
2812,1646,1700,0,353
2813,1644,1703,0,2
2814,1644,1706,0,5
2815,1644,1709,0,6
2816,1643,1708,0,4
2817,1642,1709,0,0
2818,1643,1709,0,358
2819,1644,1711,0,1
2820,1644,1711,0,355
2821,1643,1708,0,346
2822,1643,1704,0,337
2823,1645,1701,0,327
2824,1649,1701,0,321
2825,1650,1699,0,307
2826,1650,1699,0,303
2827,1646,1698,0,308
2828,1649,1700,0,306
2829,1652,1702,0,296
2830,1652,1699,0,295
2831,1652,1698,0,294
2833,1649,1697,0,294
2834,1647,1696,0,296
2835,1649,1694,0,299
2836,1649,1690,0,298
2837,1648,1688,0,299
2838,1645,1689,0,311
2839,1642,1685,0,312
2840,1641,1685,0,308
2841,1642,1686,0,303
2842,1642,1688,0,314
2843,1641,1693,0,323
2844,1643,1695,0,324
2845,1644,1697,0,327
2846,1648,1702,0,344
2847,1647,1702,0,356
2848,1646,1703,0,1
2849,1647,1704,0,2
2850,1647,1704,0,2
2851,1651,1702,0,1
2852,1651,1703,0,4
2853,1651,1702,0,6
2854,1654,1701,0,9
2855,1653,1700,0,11
2856,1654,1699,0,12
2857,1655,1698,0,13
2858,1655,1698,0,13
2859,1657,1697,0,12
2860,1657,1699,0,12
2861,1658,1698,0,13
2862,1658,1699,0,11
2863,1659,1698,0,12
2864,1659,1698,0,13
2865,1658,1698,0,13
2866,1658,1698,0,16
2867,1658,1698,0,18
2868,1657,1699,0,20
2869,1658,1699,0,19
2870,1657,1700,0,18
2871,1657,1700,0,19
2872,1657,1700,0,18
2873,1656,1701,0,13
2874,1656,1699,0,16
2875,1653,1695,0,10
2876,1651,1694,0,16
2877,1653,1696,0,18
2878,1647,1696,0,21
2879,1640,1701,0,23
2880,1636,1706,0,24
2881,1633,1710,0,29
2882,1628,1711,0,32
2883,1624,1711,0,32
2884,1623,1709,0,30
2885,1625,1709,0,31
2886,1628,1708,0,26
2887,1626,1711,0,36
2888,1622,1716,0,39
2889,1620,1718,0,44
2890,1619,1718,0,40
2891,1618,1718,0,25
2892,1620,1717,0,17
2893,1623,1715,0,9
2894,1625,1712,0,0
2895,1623,1712,0,347
2896,1616,1714,0,338
2897,1619,1712,0,314
2898,1620,1711,0,305
2899,1616,1710,0,300
2900,1615,1711,0,301
2901,1616,1712,0,305
2902,1615,1711,0,305
2903,1616,1712,0,303
2904,1616,1711,0,302
2905,1615,1709,0,299
2906,1616,1706,0,293
2907,1616,1702,0,288
2908,1620,1694,0,298
2909,1622,1693,0,293
2910,1622,1687,0,287
2911,1617,1679,0,281
2912,1619,1672,0,285
2913,1632,1662,0,300
2914,1634,1657,0,304
2915,1631,1656,0,303
2916,1626,1651,0,302
2917,1622,1645,0,301
2918,1617,1642,0,295
2919,1612,1637,0,303
2920,1608,1636,0,310
2921,1604,1631,0,310
2922,1604,1630,0,319
2923,1601,1627,0,320
2924,1601,1626,0,319
2925,1600,1625,0,316
2926,1602,1625,0,318
2927,1607,1626,0,318
2928,1603,1628,0,330
2929,1596,1628,0,334
2930,1601,1618,0,347
2931,1605,1614,0,359
2932,1609,1613,0,2
2933,1613,1610,0,10
2934,1614,1610,0,10
2935,1614,1609,0,11
2936,1613,1609,0,9
2937,1608,1606,0,8
2938,1603,1607,0,16
2939,1597,1605,0,31
2940,1594,1604,0,31
2941,1585,1594,0,58
2942,1581,1597,0,66
2943,1583,1598,0,76
2944,1584,1604,0,85
2945,1592,1612,0,86
2946,1592,1613,0,87
2947,1595,1615,0,90
2948,1595,1618,0,89
2949,1596,1624,0,73
2950,1595,1631,0,62
2951,1595,1637,0,55
2952,1596,1642,0,49
2953,1597,1641,0,51
2954,1595,1645,0,59
2955,1593,1651,0,64
2956,1588,1657,0,65
2957,1581,1666,0,59
2958,1576,1671,0,60
2959,1574,1675,0,72
2960,1574,1671,0,71
2961,1574,1672,0,76
2962,1574,1673,0,80
2963,1575,1677,0,76
2964,1574,1678,0,75
2965,1574,1676,0,79
2966,1575,1672,0,75
2967,1574,1671,0,60
2968,1574,1670,0,56
2969,1573,1672,0,52
2970,1570,1672,0,46
2971,1563,1673,0,37
2972,1558,1676,0,26
2973,1554,1676,0,25
2974,1547,1680,0,31
2975,1546,1677,0,19
2976,1544,1675,0,11
2977,1542,1675,0,10
2978,1537,1676,0,5
2979,1534,1679,0,5
2980,1530,1677,0,359
2981,1526,1675,0,353
2982,1524,1670,0,351
2983,1524,1671,0,356
2984,1520,1668,0,4
2985,1518,1664,0,13
2986,1515,1667,0,15
2987,1511,1666,0,11
2988,1510,1665,0,16
2989,1510,1665,0,20
2990,1510,1668,0,28
2991,1507,1671,0,32
2992,1510,1678,0,35
2993,1517,1680,0,30
2994,1517,1684,0,12
2995,1524,1685,0,23
2996,1525,1688,0,17
2997,1527,1688,0,32
2998,1523,1683,0,36
2999,1517,1679,0,28
