0,577,1338,0,91
1,577,1340,0,96
2,577,1344,0,96
3,579,1346,0,96
4,574,1344,0,92
5,574,1346,0,91
6,574,1346,0,93
7,578,1349,0,92
8,579,1350,0,90
9,580,1350,0,88
10,581,1351,0,87
11,580,1350,0,88
12,578,1350,0,86
13,578,1351,0,85
14,579,1351,0,82
15,579,1353,0,80
16,581,1354,0,78
17,576,1354,0,74
18,577,1353,0,75
19,581,1354,0,62
20,581,1357,0,52
21,581,1358,0,52
22,581,1360,0,41
23,580,1360,0,44
24,579,1361,0,44
25,579,1362,0,50
26,581,1363,0,50
27,583,1363,0,38
28,582,1364,0,46
29,580,1364,0,50
30,581,1364,0,47
31,578,1365,0,53
32,578,1364,0,58
33,576,1364,0,52
34,576,1368,0,48
35,574,1369,0,38
36,573,1372,0,26
37,573,1371,0,28
38,575,1374,0,21
39,575,1374,0,20
40,574,1374,0,18
41,570,1374,0,19
42,567,1374,0,24
43,564,1376,0,32
44,561,1377,0,49
45,562,1378,0,54
46,563,1382,0,55
47,562,1385,0,61
48,566,1386,0,79
49,570,1391,0,78
50,569,1393,0,82
51,566,1397,0,60
52,570,1394,0,84
53,570,1403,0,83
54,567,1406,0,89
55,568,1406,0,96
56,566,1412,0,107
57,565,1417,0,108
58,566,1417,0,101
59,568,1418,0,92
60,571,1417,0,87
61,574,1420,0,86
62,579,1421,0,95
63,580,1423,0,102
64,581,1428,0,127
65,583,1430,0,133
66,586,1431,0,135
67,589,1432,0,139
68,590,1431,0,138
69,589,1428,0,139
70,588,1429,0,149
71,587,1427,0,152
72,587,1427,0,163
73,587,1428,0,159
74,583,1427,0,155
75,579,1425,0,170
76,576,1422,0,175
77,574,1422,0,174
78,575,1424,0,179
79,575,1425,0,182
80,577,1426,0,186
81,577,1426,0,194
82,580,1425,0,190
83,580,1425,0,181
84,588,1424,0,175
85,590,1426,0,176
86,592,1426,0,178
87,594,1428,0,182
88,596,1428,0,185
89,603,1431,0,187
90,605,1431,0,187
91,608,1431,0,187
92,609,1431,0,195
93,612,1431,0,200
94,613,1433,0,199
95,613,1436,0,191
96,616,1437,0,176
97,615,1440,0,173
98,615,1442,0,170
99,615,1441,0,171
100,619,1440,0,175
101,624,1438,0,175
102,633,1436,0,192
103,635,1436,0,194
104,635,1438,0,187
105,637,1438,0,181
106,638,1435,0,177
107,638,1435,0,188
108,639,1434,0,187
109,639,1434,0,192
110,640,1433,0,180
111,639,1431,0,173
112,640,1432,0,177
113,647,1436,0,179
114,648,1436,0,184
115,648,1436,0,180
116,645,1437,0,179
117,644,1437,0,172
118,642,1438,0,177
119,638,1436,0,175
120,636,1437,0,176
121,634,1438,0,171
122,635,1436,0,156
123,636,1437,0,147
124,636,1438,0,149
125,636,1439,0,146
126,637,1443,0,145
127,643,1445,0,144
128,646,1448,0,135
129,650,1454,0,122
130,652,1458,0,121
131,652,1458,0,119
132,653,1461,0,121
133,652,1463,0,125
134,653,1462,0,122
135,653,1464,0,139
136,653,1463,0,144
137,651,1460,0,146
138,648,1459,0,157
139,644,1454,0,155
140,645,1452,0,159
141,643,1452,0,173
142,643,1450,0,185
143,642,1447,0,180
144,642,1447,0,187
145,641,1448,0,193
146,637,1444,0,176
147,636,1446,0,176
148,636,1445,0,173
149,637,1446,0,175
150,639,1446,0,176
151,639,1447,0,175
152,637,1448,0,175
153,637,1447,0,171
154,636,1447,0,161
155,639,1447,0,147
156,638,1448,0,137
157,642,1449,0,123
158,642,1451,0,120
159,645,1452,0,127
160,648,1456,0,128
161,652,1460,0,128
162,652,1462,0,124
163,649,1456,0,117
164,649,1455,0,115
165,649,1454,0,110
166,650,1462,0,123
167,653,1468,0,128
168,658,1472,0,134
169,660,1476,0,138
170,660,1480,0,129
171,660,1484,0,119
172,660,1487,0,116
173,663,1491,0,103
178,664,1493,0,75
179,666,1489,0,79
180,666,1489,0,87
181,668,1493,0,99
182,667,1495,0,104
183,665,1493,0,112
184,663,1493,0,110
185,661,1492,0,111
186,660,1491,0,110
187,660,1490,0,117
188,660,1493,0,120
189,661,1497,0,117
190,662,1499,0,119
191,662,1497,0,128
192,659,1497,0,135
193,657,1500,0,143
194,655,1502,0,144
195,655,1500,0,142
196,655,1500,0,142
197,655,1503,0,142
198,658,1505,0,146
199,661,1508,0,142
200,663,1513,0,142
201,664,1515,0,142
202,665,1516,0,140
203,666,1517,0,138
204,669,1520,0,138
205,670,1520,0,144
206,671,1520,0,144
207,674,1522,0,142
208,676,1523,0,145
209,677,1525,0,149
210,680,1527,0,152
211,684,1530,0,154
212,686,1530,0,157
213,687,1530,0,158
214,688,1531,0,156
215,689,1531,0,152
216,691,1533,0,147
217,696,1537,0,140
218,699,1539,0,142
219,700,1542,0,139
220,706,1545,0,140
221,708,1548,0,142
222,711,1552,0,139
223,712,1555,0,136
224,714,1557,0,137
225,716,1559,0,139
226,717,1559,0,141
227,715,1560,0,141
228,714,1560,0,140
229,713,1559,0,137
230,715,1561,0,129
231,717,1563,0,123
232,717,1565,0,121
233,721,1568,0,115
234,720,1568,0,118
235,720,1568,0,137
236,723,1568,0,143
237,727,1569,0,149
238,730,1572,0,151
239,732,1577,0,152
240,734,1576,0,156
241,735,1576,0,159
242,739,1578,0,165
243,745,1577,0,164
244,750,1577,0,164
245,751,1579,0,171
246,750,1582,0,177
247,756,1583,0,183
248,760,1583,0,183
249,764,1582,0,186
250,771,1580,0,191
251,780,1587,0,186
252,780,1582,0,199
253,784,1580,0,210
254,788,1579,0,216
255,797,1575,0,214
256,804,1570,0,216
257,810,1565,0,216
258,816,1559,0,229
259,819,1556,0,233
260,820,1556,0,238
261,822,1556,0,245
262,826,1553,0,252
263,827,1547,0,249
264,827,1546,0,257
265,827,1544,0,260
266,826,1542,0,260
267,825,1543,0,253
268,825,1539,0,253
269,828,1539,0,254
270,833,1532,0,247
271,840,1525,0,246
272,840,1522,0,250
273,838,1517,0,258
274,838,1511,0,263
275,837,1506,0,263
276,837,1504,0,260
277,837,1504,0,260
278,839,1501,0,258
279,836,1497,0,261
280,834,1493,0,268
281,835,1486,0,270
282,834,1484,0,265
283,832,1483,0,249
284,834,1481,0,243
285,838,1476,0,240
286,840,1476,0,244
287,840,1477,0,240
288,838,1476,0,235
289,840,1476,0,220
290,841,1474,0,216
291,843,1472,0,208
292,845,1471,0,210
293,847,1471,0,201
294,848,1473,0,199
295,847,1472,0,206
296,844,1467,0,219
297,842,1463,0,226
298,840,1459,0,236
299,838,1455,0,238
300,842,1451,0,248
301,844,1451,0,249
302,844,1452,0,248
303,844,1452,0,253
304,841,1451,0,250
305,841,1452,0,250
306,841,1452,0,256
307,841,1452,0,255
308,844,1453,0,257
309,847,1455,0,264
310,847,1455,0,264
311,847,1455,0,263
312,847,1455,0,263
313,848,1456,0,264
314,848,1456,0,261
315,849,1456,0,263
316,850,1455,0,262
317,851,1452,0,263
318,851,1448,0,261
319,853,1447,0,249
320,856,1447,0,232
321,864,1447,0,229
322,865,1444,0,226
323,866,1443,0,227
324,867,1443,0,223
325,868,1445,0,228
326,872,1444,0,233
327,881,1435,0,237
328,885,1431,0,244
329,886,1425,0,251
330,894,1419,0,258
331,895,1415,0,255
332,897,1409,0,240
333,896,1407,0,244
334,897,1407,0,246
335,897,1408,0,245
336,896,1407,0,247
337,898,1403,0,252
338,900,1402,0,253
339,903,1399,0,247
340,902,1396,0,255
341,900,1398,0,252
342,899,1400,0,247
343,899,1401,0,246
344,898,1401,0,251
345,897,1402,0,253
346,891,1400,0,250
347,889,1397,0,242
348,888,1392,0,239
349,891,1379,0,234
350,894,1379,0,223
351,897,1377,0,211
352,907,1374,0,207
353,914,1370,0,209
354,921,1369,0,214
355,922,1363,0,212
356,929,1350,0,199
357,936,1349,0,185
358,939,1346,0,179
359,941,1346,0,181
360,945,1349,0,166
361,949,1353,0,173
362,956,1355,0,177
363,957,1353,0,187
364,966,1353,0,199
365,967,1352,0,197
366,971,1349,0,199
367,975,1349,0,202
368,982,1347,0,204
369,984,1343,0,206
370,995,1338,0,219
371,997,1337,0,206
372,998,1336,0,208
373,999,1333,0,209
374,999,1334,0,208
375,998,1334,0,210
376,997,1333,0,206
377,998,1331,0,199
378,997,1331,0,199
379,995,1334,0,207
380,994,1336,0,207
381,994,1336,0,209
382,994,1337,0,210
383,994,1337,0,207
384,996,1335,0,207
385,997,1336,0,211
386,998,1334,0,210
387,1000,1332,0,210
388,1000,1330,0,213
389,1003,1327,0,218
390,1002,1322,0,227
391,1006,1323,0,233
392,1007,1322,0,234
393,1006,1323,0,227
394,1006,1325,0,221
395,1008,1325,0,216
396,1012,1322,0,221
397,1016,1322,0,217
398,1019,1321,0,215
399,1021,1320,0,214
400,1024,1320,0,213
401,1027,1320,0,212
402,1027,1319,0,206
403,1026,1319,0,202
404,1030,1319,0,197
405,1032,1320,0,194
406,1040,1321,0,192
407,1043,1321,0,194
408,1044,1322,0,199
409,1047,1319,0,210
410,1050,1316,0,216
411,1049,1314,0,229
412,1048,1312,0,239
413,1048,1311,0,241
414,1048,1308,0,245
415,1048,1309,0,247
416,1048,1308,0,243
417,1047,1305,0,241
418,1044,1303,0,257
419,1043,1298,0,264
420,1043,1294,0,261
421,1043,1289,0,257
422,1043,1285,0,259
423,1042,1281,0,266
424,1046,1279,0,272
425,1046,1279,0,270
426,1046,1279,0,255
427,1045,1277,0,241
428,1048,1276,0,233
429,1051,1276,0,226
430,1054,1275,0,220
431,1055,1272,0,225
432,1055,1270,0,228
433,1055,1268,0,235
434,1056,1264,0,239
435,1056,1261,0,242
436,1056,1261,0,247
437,1056,1261,0,243
438,1054,1262,0,230
439,1052,1262,0,222
440,1053,1261,0,212
441,1058,1260,0,212
442,1059,1259,0,206
443,1060,1261,0,206
444,1059,1264,0,202
445,1055,1266,0,194
446,1055,1268,0,195
447,1054,1271,0,193
448,1054,1273,0,181
449,1056,1277,0,170
450,1056,1280,0,163
451,1058,1283,0,164
452,1056,1285,0,159
453,1056,1287,0,166
454,1056,1287,0,167
455,1056,1287,0,167
457,1052,1286,0,154
458,1050,1286,0,148
459,1050,1287,0,144
460,1047,1287,0,142
461,1046,1287,0,137
462,1046,1287,0,126
463,1046,1291,0,122
464,1045,1298,0,108
465,1044,1302,0,102
466,1042,1306,0,100
467,1041,1309,0,103
468,1043,1311,0,104
469,1045,1315,0,108
470,1043,1320,0,111
471,1038,1322,0,116
472,1037,1324,0,129
473,1044,1325,0,136
474,1049,1329,0,145
475,1052,1330,0,153
476,1055,1329,0,155
477,1058,1329,0,157
478,1063,1328,0,162
479,1068,1327,0,162
480,1072,1326,0,165
481,1075,1324,0,170
482,1075,1328,0,186
483,1079,1328,0,197
484,1085,1324,0,195
485,1092,1325,0,189
486,1096,1318,0,198
487,1102,1316,0,199
488,1102,1315,0,203
489,1101,1312,0,205
490,1104,1311,0,203
491,1107,1307,0,212
492,1107,1303,0,216
493,1106,1298,0,223
494,1106,1296,0,226
495,1104,1295,0,228
496,1105,1294,0,225
497,1108,1293,0,223
498,1107,1292,0,222
499,1106,1290,0,217
500,1107,1288,0,214
501,1108,1287,0,216
502,1108,1287,0,202
503,1115,1283,0,203
504,1116,1277,0,195
505,1114,1275,0,192
506,1113,1276,0,193
507,1112,1277,0,193
508,1112,1277,0,187
509,1112,1277,0,185
510,1112,1277,0,184
511,1112,1277,0,186
512,1111,1278,0,187
513,1112,1278,0,188
514,1113,1279,0,191
515,1113,1279,0,190
516,1116,1278,0,196
517,1116,1277,0,192
518,1117,1275,0,192
519,1114,1273,0,198
520,1105,1269,0,206
521,1103,1267,0,206
522,1102,1269,0,210
523,1100,1270,0,207
524,1101,1269,0,206
525,1101,1267,0,211
526,1102,1265,0,207
527,1103,1266,0,212
528,1100,1267,0,208
529,1097,1267,0,195
530,1096,1267,0,188
531,1095,1268,0,172
532,1095,1269,0,160
533,1097,1270,0,157
534,1097,1271,0,155
535,1098,1273,0,156
536,1098,1273,0,149
537,1100,1273,0,151
538,1102,1272,0,149
539,1104,1270,0,144
540,1105,1272,0,147
541,1110,1276,0,151
542,1115,1280,0,153
543,1115,1281,0,152
544,1112,1281,0,154
545,1109,1282,0,157
546,1107,1280,0,151
547,1104,1281,0,152
548,1102,1281,0,152
549,1102,1283,0,152
550,1102,1285,0,152
551,1101,1285,0,156
552,1101,1285,0,155
553,1101,1287,0,153
554,1101,1287,0,154
555,1101,1288,0,153
556,1101,1288,0,149
557,1101,1289,0,149
558,1099,1289,0,150
559,1099,1290,0,150
560,1098,1290,0,150
561,1098,1291,0,146
562,1098,1292,0,153
563,1098,1293,0,153
564,1098,1295,0,152
565,1099,1296,0,154
566,1098,1296,0,155
567,1098,1296,0,155
568,1098,1296,0,155
569,1098,1296,0,153
570,1098,1297,0,153
571,1099,1297,0,153
572,1099,1298,0,154
573,1098,1296,0,157
574,1099,1296,0,159
575,1101,1295,0,159
576,1108,1298,0,169
577,1112,1300,0,186
578,1118,1299,0,211
579,1123,1293,0,224
580,1126,1283,0,241
581,1126,1282,0,244
582,1123,1279,0,263
583,1125,1282,0,265
584,1126,1284,0,272
585,1126,1282,0,271
586,1130,1281,0,277
587,1132,1281,0,277
588,1132,1282,0,279
589,1131,1283,0,277
590,1131,1282,0,285
591,1131,1281,0,281
592,1130,1280,0,282
593,1130,1280,0,284
594,1129,1280,0,280
595,1129,1279,0,280
596,1129,1279,0,282
597,1129,1280,0,286
598,1130,1279,0,285
599,1129,1278,0,288
600,1130,1278,0,285
601,1130,1278,0,285
602,1130,1278,0,285
603,1129,1279,0,261
604,1130,1279,0,251
605,1129,1282,0,243
606,1131,1279,0,259
610,1134,1274,0,304
611,1136,1274,0,311
612,1136,1274,0,316
613,1135,1273,0,315
614,1135,1272,0,316
615,1135,1272,0,311
616,1135,1272,0,313
617,1134,1272,0,311
618,1134,1273,0,313
619,1133,1270,0,313
620,1135,1271,0,315
621,1135,1271,0,316
622,1135,1272,0,315
623,1135,1272,0,315
624,1136,1271,0,314
625,1136,1271,0,314
626,1137,1271,0,315
627,1137,1271,0,314
628,1137,1271,0,315
629,1137,1269,0,323
630,1138,1267,0,328
631,1137,1266,0,334
632,1138,1265,0,330
633,1138,1265,0,334
634,1138,1265,0,336
635,1138,1265,0,336
636,1138,1265,0,335
637,1138,1264,0,333
638,1137,1264,0,331
639,1141,1266,0,324
640,1142,1266,0,326
641,1145,1268,0,334
642,1147,1268,0,335
643,1150,1270,0,338
644,1154,1274,0,332
645,1160,1276,0,319
646,1159,1274,0,310
647,1155,1273,0,313
648,1153,1271,0,308
649,1153,1268,0,296
650,1151,1262,0,283
651,1150,1255,0,275
652,1148,1256,0,275
653,1149,1253,0,271
654,1148,1252,0,270
655,1147,1251,0,265
656,1149,1251,0,273
657,1147,1253,0,275
658,1148,1248,0,277
659,1152,1244,0,276
660,1150,1238,0,276
661,1151,1237,0,277
662,1149,1234,0,282
663,1150,1231,0,284
664,1150,1229,0,287
665,1151,1226,0,291
666,1148,1218,0,295
667,1142,1219,0,281
668,1133,1219,0,253
669,1132,1220,0,248
670,1132,1217,0,234
671,1134,1215,0,218
672,1134,1211,0,201
673,1138,1206,0,212
674,1142,1203,0,214
675,1145,1204,0,205
676,1148,1202,0,204
677,1145,1195,0,204
678,1136,1192,0,204
679,1134,1190,0,202
680,1140,1185,0,198
681,1144,1174,0,186
682,1150,1171,0,189
683,1153,1169,0,187
684,1163,1167,0,188
685,1164,1164,0,192
686,1171,1162,0,196
687,1175,1162,0,191
688,1175,1163,0,189
689,1173,1163,0,187
690,1169,1164,0,195
691,1161,1162,0,178
692,1159,1162,0,167
693,1157,1159,0,158
694,1155,1156,0,161
695,1157,1157,0,160
696,1162,1157,0,175
697,1168,1159,0,176
698,1173,1160,0,180
699,1175,1155,0,165
700,1178,1155,0,166
701,1182,1155,0,176
702,1188,1153,0,184
703,1193,1152,0,200
704,1196,1148,0,205
705,1200,1146,0,213
706,1201,1144,0,217
707,1200,1143,0,229
708,1201,1145,0,215
709,1211,1141,0,215
710,1216,1137,0,210
711,1224,1136,0,208
712,1230,1130,0,214
713,1237,1125,0,215
714,1240,1124,0,210
715,1245,1119,0,212
716,1248,1117,0,213
717,1254,1117,0,215
718,1258,1116,0,219
719,1264,1117,0,218
720,1267,1118,0,210
721,1270,1120,0,213
722,1280,1118,0,214
723,1279,1112,0,204
724,1279,1114,0,212
725,1281,1111,0,217
726,1288,1108,0,227
727,1292,1104,0,225
728,1296,1103,0,227
729,1300,1102,0,231
730,1305,1099,0,230
731,1307,1095,0,230
732,1309,1094,0,236
733,1308,1093,0,241
734,1310,1092,0,248
735,1312,1089,0,253
736,1312,1085,0,255
737,1312,1081,0,259
738,1312,1072,0,273
740,1304,1065,0,264
741,1308,1056,0,284
742,1310,1056,0,269
743,1311,1054,0,263
744,1314,1053,0,260
745,1321,1049,0,252
746,1328,1044,0,237
747,1332,1045,0,235
748,1334,1037,0,235
749,1337,1030,0,232
750,1340,1025,0,229
751,1338,1022,0,232
752,1340,1018,0,241
753,1341,1015,0,245
754,1344,1013,0,247
755,1346,1011,0,247
756,1346,1010,0,241
757,1347,1013,0,234
758,1347,1015,0,233
759,1347,1016,0,231
760,1348,1016,0,226
761,1350,1014,0,222
762,1354,1012,0,222
763,1355,1006,0,226
764,1357,1004,0,243
765,1353,1004,0,243
766,1352,1003,0,239
767,1352,1003,0,236
768,1352,1004,0,236
769,1350,1006,0,231
770,1348,1008,0,232
771,1347,1010,0,232
772,1345,1012,0,232
773,1345,1013,0,231
774,1344,1013,0,231
775,1344,1013,0,230
776,1344,1013,0,230
777,1344,1013,0,233
778,1344,1014,0,235
779,1344,1014,0,236
780,1344,1015,0,238
781,1344,1015,0,242
782,1342,1018,0,246
783,1341,1018,0,247
784,1341,1019,0,247
785,1344,1014,0,250
786,1340,1017,0,254
787,1337,1018,0,251
788,1336,1020,0,252
789,1343,1020,0,245
790,1338,1021,0,248
791,1337,1021,0,249
792,1337,1022,0,249
793,1332,1025,0,251
794,1327,1021,0,255
795,1327,1016,0,255
796,1327,1012,0,254
797,1327,1013,0,258
798,1328,1013,0,259
799,1327,1013,0,259
800,1329,1014,0,255
801,1329,1014,0,253
802,1329,1015,0,256
803,1328,1014,0,254
804,1327,1013,0,252
805,1326,1011,0,253
806,1325,1010,0,255
807,1327,1009,0,259
808,1329,1004,0,257
809,1329,1001,0,257
810,1328,1002,0,262
811,1329,1002,0,262
812,1331,1001,0,258
813,1335,998,0,259
814,1337,998,0,258
815,1340,995,0,265
816,1345,993,0,262
817,1346,988,0,257
818,1346,983,0,246
819,1351,979,0,244
820,1358,981,0,229
821,1360,974,0,225
822,1366,978,0,210
823,1367,980,0,199
824,1369,979,0,202
825,1372,980,0,206
826,1375,979,0,203
827,1375,982,0,211
828,1376,984,0,212
829,1376,981,0,213
830,1379,981,0,222
831,1379,977,0,222
832,1379,976,0,214
833,1380,975,0,218
834,1382,972,0,216
835,1382,972,0,213
836,1381,971,0,207
837,1382,969,0,197
838,1384,970,0,198
839,1386,972,0,191
840,1389,972,0,185
841,1391,972,0,184
842,1394,973,0,180
843,1397,971,0,176
844,1404,968,0,173
845,1403,972,0,186
846,1402,974,0,192
847,1400,972,0,187
848,1401,971,0,190
849,1400,971,0,188
850,1401,979,0,199
851,1400,973,0,195
852,1397,975,0,197
853,1398,979,0,205
854,1399,980,0,209
855,1400,976,0,209
856,1402,973,0,205
857,1402,974,0,202
858,1409,970,0,203
859,1413,969,0,201
860,1417,970,0,203
861,1419,971,0,207
862,1422,971,0,208
863,1423,972,0,209
864,1423,972,0,208
865,1424,973,0,211
866,1424,979,0,232
867,1420,977,0,235
868,1419,974,0,236
869,1417,973,0,237
870,1417,974,0,248
871,1419,975,0,257
872,1418,975,0,275
873,1417,975,0,290
874,1409,970,0,304
875,1405,967,0,302
876,1402,967,0,297
877,1400,972,0,301
878,1400,974,0,306
879,1400,977,0,305
880,1404,980,0,305
881,1405,983,0,306
882,1406,983,0,322
883,1402,982,0,325
884,1396,986,0,324
885,1391,984,0,320
886,1389,983,0,328
887,1387,984,0,336
888,1385,986,0,341
889,1382,987,0,337
890,1384,987,0,335
891,1386,985,0,345
892,1382,985,0,344
893,1380,984,0,346
894,1382,985,0,346
895,1384,984,0,347
896,1378,985,0,353
897,1379,982,0,0
898,1384,972,0,4
899,1380,977,0,358
900,1375,979,0,346
901,1370,979,0,334
902,1369,979,0,335
903,1368,979,0,337
904,1366,979,0,340
905,1360,979,0,342
906,1355,982,0,345
907,1354,978,0,352
908,1351,977,0,355
909,1347,976,0,355
910,1347,971,0,346
911,1341,979,0,343
912,1340,976,0,333
913,1338,976,0,331
914,1338,975,0,327
915,1339,973,0,332
916,1338,974,0,331
917,1339,971,0,336
918,1338,974,0,332
919,1335,972,0,335
920,1334,970,0,338
921,1334,969,0,335
922,1332,964,0,336
923,1333,961,0,339
924,1333,961,0,328
925,1333,962,0,327
926,1329,962,0,330
927,1325,962,0,334
928,1318,960,0,326
929,1315,958,0,331
930,1307,956,0,337
931,1303,953,0,336
932,1295,953,0,343
933,1290,953,0,346
934,1283,947,0,356
935,1277,944,0,341
936,1268,943,0,336
937,1262,939,0,338
938,1257,934,0,339
939,1254,930,0,340
940,1250,928,0,341
941,1245,925,0,338
942,1239,921,0,326
943,1236,916,0,323
944,1230,915,0,325
945,1224,913,0,329
946,1218,908,0,332
947,1215,901,0,327
948,1211,894,0,325
949,1203,889,0,318
950,1202,883,0,317
951,1201,883,0,310
952,1199,883,0,304
953,1198,881,0,303
954,1196,880,0,304
955,1194,880,0,306
956,1193,878,0,304
957,1191,875,0,304
958,1195,878,0,305
959,1201,879,0,314
960,1199,877,0,327
961,1193,874,0,336
962,1190,876,0,335
963,1184,877,0,343
964,1176,878,0,354
965,1170,879,0,353
966,1167,879,0,353
967,1168,878,0,355
968,1172,882,0,2
969,1172,881,0,355
970,1174,878,0,358
971,1174,879,0,2
972,1176,878,0,3
973,1176,877,0,4
974,1174,879,0,4
975,1174,880,0,5
976,1173,882,0,5
977,1174,882,0,5
978,1173,881,0,4
979,1174,880,0,4
980,1175,881,0,8
981,1175,882,0,6
982,1175,883,0,4
983,1174,882,0,2
984,1176,878,0,356
985,1176,876,0,351
986,1177,875,0,350
987,1176,875,0,350
988,1176,874,0,348
989,1176,874,0,342
990,1177,873,0,343
991,1178,873,0,344
993,1178,871,0,350
994,1176,872,0,350
995,1176,871,0,349
996,1176,872,0,345
997,1177,871,0,348
998,1178,871,0,344
999,1178,873,0,350
1000,1176,874,0,357
1001,1176,873,0,357
1002,1175,874,0,3
1003,1174,875,0,2
1004,1173,875,0,359
1005,1171,877,0,0
1006,1170,876,0,359
1007,1170,876,0,359
1008,1168,875,0,7
1009,1165,876,0,10
1010,1162,879,0,12
1011,1152,887,0,10
1012,1151,882,0,18
1013,1147,884,0,21
1014,1146,883,0,25
1015,1144,883,0,35
1016,1141,884,0,37
1017,1142,882,0,36
1018,1144,882,0,33
1019,1145,884,0,28
1020,1145,884,0,30
1021,1147,885,0,23
1022,1146,887,0,27
1023,1145,891,0,30
1024,1147,889,0,26
1025,1147,887,0,19
1026,1148,883,0,17
1027,1147,880,0,26
1028,1147,881,0,25
1029,1148,882,0,25
1030,1148,883,0,26
1031,1148,882,0,28
1032,1148,882,0,28
1033,1148,882,0,30
1034,1150,884,0,17
1035,1150,883,0,17
1036,1150,883,0,17
1037,1150,883,0,16
1038,1150,884,0,15
1039,1150,884,0,13
1040,1149,884,0,12
1041,1149,885,0,11
1042,1149,885,0,11
1043,1150,885,0,12
1044,1150,885,0,10
1045,1150,885,0,10
1046,1150,884,0,14
1047,1150,885,0,12
1048,1150,884,0,15
1049,1150,884,0,15
1050,1150,883,0,16
1051,1150,884,0,16
1052,1150,884,0,15
1053,1150,884,0,16
1054,1150,884,0,14
1055,1149,884,0,13
1056,1150,884,0,14
1057,1150,884,0,14
1058,1151,885,0,12
1059,1150,885,0,11
1060,1150,884,0,12
1061,1151,885,0,10
1062,1151,885,0,11
1063,1151,884,0,16
1064,1151,884,0,16
1065,1151,884,0,15
1066,1150,884,0,14
1067,1151,885,0,16
1068,1151,886,0,18
1069,1151,889,0,21
1070,1150,889,0,28
1071,1151,891,0,32
1072,1152,893,0,34
1073,1153,894,0,40
1074,1153,894,0,47
1075,1153,898,0,58
1076,1153,899,0,59
1077,1151,899,0,66
1078,1151,902,0,70
1079,1152,903,0,64
1080,1151,905,0,60
1081,1150,905,0,59
1082,1147,903,0,58
1083,1146,903,0,57
1084,1146,903,0,56
1085,1148,903,0,52
1086,1150,905,0,49
1087,1146,907,0,47
1088,1140,910,0,45
1089,1141,913,0,38
1090,1139,915,0,27
1091,1139,915,0,26
1092,1139,916,0,15
1093,1141,919,0,25
1094,1143,920,0,24
1095,1145,922,0,29
1096,1143,919,0,35
1097,1143,916,0,31
1098,1141,914,0,36
1099,1142,914,0,32
1100,1144,914,0,32
1101,1146,913,0,30
1102,1145,914,0,29
1103,1145,916,0,26
1104,1146,915,0,27
1105,1147,915,0,33
1106,1147,915,0,34
1107,1147,914,0,33
1108,1147,914,0,34
1109,1147,913,0,35
1110,1148,913,0,35
1111,1150,917,0,19
1112,1149,918,0,16
1113,1149,918,0,14
1114,1150,919,0,13
1115,1150,920,0,16
1116,1150,920,0,16
1117,1150,919,0,14
1118,1150,918,0,18
1119,1149,917,0,16
1120,1150,918,0,12
1121,1152,918,0,12
1122,1152,921,0,13
1123,1153,924,0,9
1124,1152,924,0,15
1125,1151,924,0,13
1126,1150,924,0,12
1127,1149,923,0,11
1128,1147,923,0,8
1129,1145,926,0,9
1130,1146,929,0,6
1131,1141,931,0,2
1132,1138,934,0,5
1133,1137,933,0,8
1134,1134,938,0,10
1135,1133,944,0,18
1136,1131,947,0,18
1137,1131,947,0,23
1138,1133,948,0,26
1139,1134,949,0,29
1140,1134,949,0,29
1141,1138,952,0,43
1142,1137,954,0,43
1143,1139,960,0,44
1144,1139,963,0,52
1145,1141,966,0,48
1146,1144,968,0,48
1147,1150,968,0,50
1148,1153,970,0,44
1149,1155,971,0,43
1150,1151,973,0,48
1151,1147,979,0,53
1152,1142,982,0,55
1153,1142,989,0,59
1154,1142,994,0,54
1155,1142,992,0,59
1156,1138,993,0,63
1157,1139,996,0,59
1158,1138,996,0,61
1159,1137,994,0,48
1160,1136,993,0,42
1161,1133,993,0,36
1162,1131,990,0,22
1163,1128,987,0,20
1164,1124,988,0,17
1165,1121,987,0,10
1166,1115,988,0,6
1167,1109,984,0,1
1168,1107,982,0,351
1169,1108,979,0,346
1170,1103,978,0,342
1171,1101,975,0,342
1172,1097,975,0,326
1173,1096,972,0,323
1174,1091,969,0,316
1175,1089,969,0,314
1176,1087,965,0,314
1177,1086,963,0,313
1178,1083,959,0,315
1179,1075,957,0,320
1180,1073,953,0,323
1181,1073,952,0,320
1182,1074,949,0,311
1183,1074,946,0,301
1184,1068,941,0,297
1185,1062,932,0,297
1186,1056,930,0,288
1187,1054,928,0,296
1188,1052,926,0,300
1189,1048,924,0,307
1190,1045,919,0,317
1191,1045,918,0,326
1192,1044,917,0,337
1193,1042,912,0,338
1194,1034,913,0,345
1195,1030,907,0,354
1196,1024,908,0,2
1197,1023,909,0,355
1198,1018,907,0,359
1199,1013,908,0,1
1200,1008,904,0,358
1201,1003,908,0,3
1202,1004,912,0,11
1203,1000,912,0,13
1204,997,914,0,9
1205,994,914,0,19
1206,994,915,0,19
1207,993,916,0,18
1208,994,908,0,15
1209,987,910,0,359
1210,979,905,0,346
1211,973,902,0,335
1212,966,898,0,327
1213,961,901,0,327
1214,956,901,0,326
1215,951,897,0,332
1216,948,896,0,327
1217,942,894,0,316
1218,936,888,0,308
1219,930,888,0,303
1220,927,887,0,294
1221,924,887,0,290
1222,922,887,0,289
1223,917,881,0,283
1224,912,875,0,272
1225,909,876,0,267
1226,903,873,0,256
1227,904,873,0,248
1228,907,873,0,252
1229,908,872,0,249
1230,913,871,0,250
1231,914,866,0,241
1232,916,863,0,241
1233,922,852,0,228
1234,922,853,0,224
1235,922,849,0,223
1236,925,845,0,227
1237,929,841,0,233
1238,932,838,0,231
1239,931,838,0,236
1240,930,836,0,240
1241,930,839,0,237
1242,928,840,0,236
1243,930,845,0,239
1244,929,845,0,242
1245,929,845,0,242
1246,927,845,0,242
1247,925,844,0,243
1248,925,844,0,242
1249,925,842,0,241
1250,927,840,0,237
1251,930,836,0,245
1252,932,828,0,260
1253,936,825,0,258
1254,937,819,0,255
1255,941,811,0,250
1256,946,804,0,253
1257,949,800,0,262
1258,953,797,0,259
1259,952,797,0,262
1260,952,799,0,270
1261,952,798,0,272
1262,952,797,0,274
1263,951,796,0,275
1264,950,795,0,280
1265,948,794,0,278
1266,947,796,0,281
1267,944,799,0,284
1268,940,796,0,289
1269,938,793,0,295
1270,936,791,0,298
1271,938,789,0,304
1272,935,785,0,320
1273,933,783,0,332
1274,930,780,0,336
1275,933,781,0,338
1276,932,780,0,339
1277,934,779,0,321
1278,937,777,0,313
1279,940,775,0,305
1280,938,774,0,299
1281,940,773,0,302
1282,940,773,0,301
1283,938,769,0,300
1284,939,764,0,307
1285,939,762,0,308
1286,940,761,0,308
1287,940,757,0,306
1288,939,753,0,306
1289,938,749,0,306
1290,936,747,0,309
1291,935,742,0,306
1292,934,740,0,308
1293,935,736,0,309
1294,934,736,0,308
1295,932,735,0,308
1296,931,738,0,295
1297,929,738,0,288
1298,930,734,0,293
1299,928,732,0,291
1300,926,727,0,285
1301,925,726,0,286
1302,923,724,0,283
1303,920,718,0,294
1304,920,718,0,295
1305,922,721,0,287
1306,923,722,0,282
1307,923,722,0,284
1308,923,721,0,288
1309,923,721,0,291
1310,926,721,0,290
1311,929,724,0,290
1312,930,730,0,295
1313,929,732,0,299
1314,925,729,0,310
1315,921,724,0,317
1316,920,721,0,325
1317,916,721,0,327
1318,909,721,0,337
1319,904,722,0,344
1320,902,721,0,349
1321,900,723,0,355
1322,899,726,0,0
1323,897,725,0,359
1324,896,724,0,356
1325,894,721,0,347
1326,891,718,0,333
1327,893,715,0,332
1328,895,711,0,328
1329,895,710,0,325
1330,895,710,0,323
1331,895,709,0,322
1332,895,709,0,319
1333,895,709,0,315
1334,896,710,0,315
1335,896,709,0,315
1336,897,710,0,315
1337,898,711,0,315
1338,898,712,0,318
1339,898,712,0,319
1340,900,711,0,315
1341,900,712,0,316
1342,900,713,0,321
1343,900,715,0,321
1344,900,715,0,317
1345,900,716,0,318
1346,900,717,0,323
1347,902,717,0,325
1348,904,716,0,329
1349,903,716,0,329
1350,904,716,0,329
1351,906,716,0,329
1352,905,716,0,323
1353,904,715,0,320
1354,904,716,0,319
1355,903,716,0,319
1356,903,717,0,320
1357,904,717,0,322
1358,904,717,0,320
1359,905,717,0,318
1360,903,716,0,318
1361,901,716,0,317
1362,902,717,0,318
1363,902,717,0,318
1364,904,718,0,320
1365,904,718,0,321
1366,905,718,0,320
1367,905,718,0,317
1368,905,718,0,316
1369,904,718,0,317
1370,904,718,0,316
1371,904,718,0,317
1372,903,718,0,319
1373,903,718,0,318
1374,902,719,0,322
1375,903,719,0,327
1376,904,718,0,325
1377,905,718,0,324
1378,905,717,0,323
1379,906,717,0,319
1380,905,717,0,319
1381,905,717,0,319
1382,905,716,0,320
1383,906,717,0,323
1384,906,717,0,324
1385,906,717,0,323
1386,906,718,0,325
1387,905,718,0,322
1388,903,719,0,323
1389,900,720,0,325
1390,900,719,0,326
1391,900,719,0,326
1392,902,719,0,327
1393,902,718,0,327
1394,902,718,0,325
1395,903,717,0,324
1396,904,716,0,324
1397,903,716,0,326
1398,903,716,0,322
1399,903,717,0,322
1400,903,718,0,325
1401,903,718,0,330
1402,904,717,0,329
1403,905,717,0,328
1404,906,717,0,329
1405,907,717,0,328
1406,907,717,0,330
1407,906,716,0,329
1408,905,716,0,325
1409,907,713,0,323
1410,907,714,0,323
1411,906,714,0,324
1412,907,713,0,322
1413,906,714,0,320
1414,906,714,0,320
1415,904,715,0,318
1416,903,715,0,318
1417,903,716,0,316
1418,903,717,0,315
1419,902,717,0,313
1420,902,718,0,317
1421,901,718,0,318
1422,900,718,0,317
1423,898,720,0,314
1424,897,721,0,312
1425,895,720,0,309
1426,893,719,0,310
1427,891,718,0,313
1428,892,718,0,317
1429,894,720,0,322
1430,893,721,0,329
1431,890,722,0,328
1432,887,723,0,325
1433,887,719,0,328
1434,885,722,0,326
1435,884,725,0,322
1436,884,726,0,323
1437,882,728,0,318
1438,878,728,0,319
1439,876,727,0,322
1440,875,729,0,323
1441,873,728,0,322
1442,872,727,0,323
1443,870,727,0,319
1444,867,726,0,325
1445,869,722,0,345
1446,867,724,0,347
1447,870,736,0,350
1448,868,738,0,352
1449,869,743,0,346
1450,870,749,0,345
1451,871,749,0,342
1452,873,753,0,347
1453,874,756,0,354
1454,873,755,0,349
1455,873,754,0,347
1456,872,756,0,347
1457,869,752,0,343
1458,866,752,0,339
1459,867,750,0,338
1460,867,749,0,338
1461,867,749,0,337
1462,870,749,0,332
1463,871,748,0,331
1464,873,749,0,336
1465,872,750,0,335
1466,871,751,0,335
1467,870,751,0,334
1468,872,750,0,334
1469,872,749,0,333
1470,870,747,0,331
1471,870,745,0,324
1472,871,745,0,333
1473,871,744,0,333
1474,872,746,0,335
1475,872,747,0,335
1476,872,747,0,336
1477,873,745,0,330
1478,872,744,0,330
1479,872,745,0,331
1480,872,745,0,330
1481,872,746,0,326
1485,871,742,0,333
1486,867,742,0,333
1487,870,742,0,331
1488,868,742,0,334
1489,869,742,0,334
1490,870,742,0,342
1491,867,743,0,334
1492,868,742,0,337
1493,866,743,0,339
1494,867,743,0,337
1495,866,743,0,336
1496,862,747,0,328
1497,865,742,0,330
1498,866,742,0,337
1499,864,746,0,342
1500,860,743,0,336
1501,862,745,0,339
1502,860,744,0,339
1503,859,744,0,338
1504,859,744,0,337
1505,859,744,0,338
1506,858,743,0,337
1507,857,743,0,333
1508,856,742,0,332
1509,856,741,0,335
1510,856,741,0,335
1511,855,739,0,331
1512,855,737,0,331
1513,861,730,0,344
1514,861,732,0,345
1515,855,732,0,352
1516,852,733,0,355
1517,848,734,0,358
1518,847,737,0,0
1519,844,736,0,5
1520,844,736,0,1
1521,847,734,0,356
1522,846,735,0,352
1523,847,739,0,353
1524,851,740,0,355
1525,854,741,0,355
1526,853,743,0,354
1527,850,741,0,354
1528,850,739,0,2
1529,850,737,0,357
1530,848,734,0,8
1531,851,737,0,2
1532,850,738,0,7
1533,850,738,0,11
1534,849,738,0,11
1535,847,741,0,12
1536,845,743,0,7
1537,843,745,0,5
1538,845,743,0,8
1539,845,744,0,5
1540,843,744,0,4
1541,842,744,0,7
1542,836,745,0,11
1543,834,744,0,7
1544,833,744,0,7
1545,831,743,0,6
1546,832,743,0,4
1547,831,743,0,359
1548,827,743,0,357
1549,824,743,0,357
1550,822,740,0,359
1551,821,743,0,355
1552,820,745,0,357
1553,820,747,0,0
1554,820,748,0,0
1555,823,752,0,6
1556,822,755,0,18
1557,821,757,0,31
1558,822,762,0,33
1559,827,762,0,46
1560,829,762,0,49
1561,829,759,0,55
1562,828,758,0,61
1563,829,756,0,55
1564,830,756,0,56
1565,831,756,0,49
1566,831,759,0,42
1567,828,756,0,47
1568,828,756,0,44
1569,830,757,0,41
1570,829,758,0,29
1571,829,758,0,35
1572,831,757,0,34
1573,830,755,0,36
1574,829,755,0,35
1575,826,755,0,36
1576,822,760,0,36
1577,821,762,0,34
1578,823,762,0,32
1579,821,759,0,33
1580,820,759,0,28
1581,825,760,0,22
1582,829,758,0,12
1583,832,757,0,2
1584,832,757,0,356
1585,833,756,0,354
1586,833,753,0,2
1587,833,751,0,5
1588,834,751,0,2
1589,833,752,0,4
1590,833,754,0,2
1591,833,755,0,357
1592,832,753,0,3
1593,832,751,0,12
1594,833,751,0,6
1595,832,751,0,5
1596,831,753,0,1
1597,831,750,0,9
1598,832,750,0,7
1599,832,752,0,359
1600,833,752,0,4
1601,833,749,0,11
1602,834,750,0,10
1603,835,751,0,7
1604,833,752,0,3
1605,832,752,0,3
1606,832,752,0,0
1607,832,751,0,3
1608,832,749,0,0
1609,833,748,0,7
1610,831,750,0,3
1611,832,750,0,4
1612,832,751,0,357
1613,833,751,0,353
1614,833,749,0,1
1615,832,748,0,3
1616,832,748,0,4
1617,831,749,0,4
1618,830,749,0,3
1619,828,749,0,356
1620,827,751,0,350
1621,828,752,0,350
1622,826,751,0,354
1623,826,751,0,358
1624,826,750,0,355
1625,826,750,0,355
1626,826,750,0,354
1627,826,749,0,355
1628,828,750,0,354
1629,829,751,0,354
1630,830,752,0,357
1631,832,757,0,351
1632,831,756,0,346
1633,832,755,0,341
1634,832,755,0,344
1635,831,751,0,356
1636,826,749,0,357
1637,820,748,0,358
1638,817,746,0,1
1639,817,745,0,1
1640,817,744,0,359
1641,817,744,0,356
1642,817,745,0,351
1643,825,743,0,355
1644,829,743,0,356
1645,829,743,0,358
1646,829,742,0,2
1647,829,742,0,4
1648,828,741,0,7
1649,828,742,0,6
1650,826,741,0,8
1651,827,741,0,6
1652,829,740,0,6
1653,829,740,0,9
1654,828,739,0,11
1655,827,737,0,13
1656,824,735,0,13
1657,824,734,0,15
1658,824,735,0,17
1659,822,735,0,19
1660,824,738,0,17
1661,828,740,0,14
1662,828,740,0,19
1663,827,741,0,18
1664,825,740,0,20
1665,823,741,0,21
1666,823,741,0,21
1667,823,740,0,20
1668,826,732,0,12
1669,826,719,0,11
1670,828,716,0,25
1671,828,715,0,38
1672,834,714,0,41
1673,845,709,0,61
1674,859,709,0,65
1675,859,712,0,66
1676,861,713,0,68
1677,861,716,0,68
1678,864,713,0,75
1679,866,712,0,63
1680,866,713,0,55
1681,869,715,0,36
1682,868,714,0,25
1683,864,714,0,16
1684,862,711,0,20
1685,860,713,0,18
1686,856,714,0,15
1687,853,713,0,14
1688,847,714,0,18
1689,846,715,0,12
1690,846,715,0,16
1691,847,714,0,16
1692,850,713,0,31
1693,856,717,0,54
1694,860,725,0,54
1695,859,729,0,50
1696,860,734,0,62
1697,863,734,0,83
1698,863,731,0,80
1699,862,729,0,80
1700,861,728,0,83
1701,860,727,0,72
1702,858,727,0,58
1703,857,727,0,47
1704,855,724,0,32
1705,853,722,0,18
1706,854,719,0,11
1707,853,717,0,1
1708,850,720,0,349
1709,845,717,0,348
1710,843,719,0,344
1711,842,720,0,342
1712,842,720,0,342
1713,841,719,0,349
1714,837,719,0,352
1715,832,718,0,350
1716,832,713,0,350
1717,828,711,0,347
1718,822,713,0,338
1719,818,710,0,336
1720,817,709,0,331
1721,815,707,0,323
1722,811,699,0,313
1723,807,691,0,304
1724,800,687,0,301
1725,796,683,0,310
1726,793,679,0,311
1727,790,679,0,306
1728,788,678,0,291
1729,787,675,0,288
1730,788,673,0,286
1731,787,673,0,281
1732,789,673,0,283
1733,792,673,0,297
1734,792,674,0,306
1735,792,675,0,312
1736,792,679,0,323
1737,791,680,0,331
1738,791,680,0,343
1739,788,679,0,347
1740,785,681,0,352
1741,781,680,0,349
1742,779,678,0,354
1743,777,679,0,353
1744,773,679,0,358
1745,768,678,0,6
1746,762,677,0,16
1747,756,682,0,21
1748,754,681,0,22
1749,751,681,0,24
1750,748,683,0,21
1751,747,683,0,16
1752,746,683,0,19
1753,746,683,0,21
1754,745,682,0,17
1755,746,682,0,20
1756,747,681,0,28
1757,748,682,0,30
1758,747,680,0,32
1759,751,676,0,38
1760,756,675,0,37
1761,755,671,0,34
1762,757,668,0,30
1763,762,665,0,35
1764,769,663,0,42
1765,775,667,0,46
1766,773,664,0,44
1767,770,665,0,47
1768,769,665,0,48
1769,769,665,0,45
1770,766,663,0,43
1771,765,663,0,39
1772,763,664,0,36
1773,758,666,0,26
1774,750,668,0,19
1775,747,669,0,14
1776,743,670,0,11
1777,737,671,0,9
1778,733,672,0,10
1779,727,672,0,16
1780,719,675,0,27
1781,717,677,0,20
1782,716,677,0,17
1783,714,679,0,4
1784,713,676,0,0
1785,710,673,0,356
1786,708,670,0,353
1787,710,668,0,346
1788,711,668,0,336
1789,710,667,0,335
1790,714,661,0,328
1791,721,662,0,321
1792,721,666,0,314
1793,722,665,0,314
1794,723,664,0,316
1795,723,664,0,312
1796,724,666,0,314
1797,723,667,0,331
1798,719,666,0,349
1799,714,667,0,358
1800,711,668,0,5
1801,705,670,0,16
1802,701,674,0,24
1803,698,679,0,25
1804,695,688,0,31
1805,691,690,0,40
1806,686,695,0,35
1807,678,697,0,36
1808,672,702,0,40
1809,671,708,0,40
1810,663,713,0,48
1811,660,715,0,49
1812,659,714,0,40
1813,659,715,0,35
1814,657,716,0,37
1815,656,716,0,37
1816,656,715,0,36
1817,657,715,0,43
1818,656,714,0,38
1819,656,714,0,38
1820,655,714,0,37
1821,654,713,0,40
1822,654,713,0,40
1823,652,714,0,41
1824,651,714,0,45
1825,650,716,0,51
1826,651,717,0,40
1827,649,721,0,38
1828,653,725,0,25
1829,653,729,0,32
1830,653,734,0,23
1831,651,735,0,14
1832,643,736,0,6
1833,641,737,0,359
1834,640,742,0,357
1835,637,741,0,357
1836,634,744,0,355
1837,633,750,0,352
1838,631,749,0,353
1839,630,750,0,347
1840,626,752,0,348
1841,622,751,0,348
1842,620,749,0,345
1843,619,745,0,346
1844,612,742,0,334
1845,613,743,0,328
1846,613,744,0,325
1847,611,744,0,332
1848,606,739,0,333
1849,602,737,0,331
1850,601,737,0,332
1851,602,730,0,319
1852,604,730,0,327
1853,604,732,0,339
1854,602,733,0,347
1855,603,734,0,335
1856,603,734,0,318
1857,604,735,0,293
1858,602,732,0,274
1859,601,732,0,261
1860,610,726,0,261
1861,604,725,0,251
1862,605,729,0,230
1863,607,730,0,222
1864,604,728,0,210
1865,605,729,0,204
1866,608,729,0,200
1867,614,729,0,196
1868,616,728,0,196
1869,620,725,0,193
1870,625,717,0,187
1871,629,719,0,172
1872,626,719,0,166
1873,626,720,0,162
1874,626,720,0,163
1875,623,719,0,155
1876,621,720,0,161
1877,619,720,0,157
1878,617,722,0,157
1879,615,726,0,163
1880,615,729,0,167
1881,615,729,0,167
1882,615,730,0,171
1883,614,729,0,168
1884,615,728,0,166
1885,615,728,0,168
1886,616,728,0,172
1887,618,729,0,177
1888,618,728,0,179
1889,618,727,0,178
1890,619,727,0,179
1891,619,727,0,180
1892,618,727,0,178
1893,618,727,0,178
1894,619,727,0,178
1895,618,726,0,178
1896,619,726,0,177
1897,619,726,0,177
1898,619,725,0,174
1899,620,724,0,173
1900,619,724,0,173
1901,620,724,0,174
1902,619,723,0,173
1903,620,722,0,169
1904,620,722,0,170
1905,620,722,0,169
1906,620,722,0,171
1907,620,721,0,169
1908,621,721,0,167
1909,621,720,0,165
1910,622,720,0,168
1911,622,720,0,166
1912,621,720,0,167
1913,621,720,0,167
1914,621,720,0,167
1915,621,720,0,166
1916,621,720,0,167
1917,621,720,0,167
1918,621,720,0,167
1919,621,720,0,166
1920,621,720,0,166
1921,621,720,0,167
1922,622,720,0,166
1923,622,720,0,165
1924,622,720,0,167
1925,622,719,0,166
1926,621,718,0,165
1927,622,718,0,163
1928,622,718,0,166
1929,622,718,0,163
1930,622,719,0,166
1931,621,719,0,165
1932,621,719,0,168
1933,621,719,0,167
1934,621,719,0,166
1935,621,719,0,168
1936,622,718,0,160
1937,621,717,0,157
1938,622,717,0,158
1939,621,716,0,156
1940,622,716,0,157
1941,622,716,0,157
1942,621,716,0,157
1943,621,716,0,158
1944,621,716,0,158
1945,621,716,0,160
1946,622,716,0,161
1947,622,716,0,158
1948,622,716,0,157
1949,622,716,0,158
1950,622,716,0,159
1951,621,716,0,159
1952,621,716,0,160
1953,621,716,0,159
1954,621,716,0,159
1955,621,716,0,159
1956,621,716,0,160
1957,622,716,0,160
1958,622,716,0,159
1959,622,716,0,159
1960,622,717,0,158
1961,621,717,0,161
1962,621,718,0,162
1963,621,717,0,162
1964,621,717,0,161
1965,621,717,0,162
1966,620,718,0,164
1967,619,719,0,167
1968,620,719,0,168
1969,619,719,0,168
1970,619,718,0,169
1971,621,718,0,169
1972,620,718,0,169
1973,620,718,0,167
1974,620,718,0,169
1975,620,718,0,169
1976,621,718,0,169
1977,620,718,0,170
1978,621,718,0,168
1979,621,718,0,167
1980,622,719,0,167
1981,622,719,0,166
1982,621,720,0,164
1983,622,722,0,166
1984,623,724,0,172
1985,626,724,0,174
1986,626,724,0,173
1987,625,724,0,176
1988,623,725,0,166
1989,625,722,0,152
1990,627,725,0,146
1991,628,727,0,143
1992,626,730,0,149
1993,625,733,0,153
1994,628,734,0,137
1995,633,739,0,131
1996,638,740,0,137
1997,642,743,0,143
1998,651,753,0,178
1999,652,756,0,194
2000,652,756,0,197
2001,651,757,0,205
2002,653,754,0,227
2003,657,749,0,243
2004,657,742,0,264
2005,656,740,0,270
2006,656,732,0,291
2007,657,730,0,285
2008,658,728,0,275
2009,653,724,0,269
2010,652,724,0,274
2011,649,724,0,275
2012,644,724,0,271
2013,644,722,0,258
2014,645,718,0,249
2015,646,714,0,246
2016,646,712,0,244
2017,642,709,0,228
2018,638,714,0,234
2019,642,711,0,225
2020,647,708,0,219
2021,645,707,0,216
2022,645,706,0,211
2023,651,706,0,203
2024,658,700,0,203
2025,661,703,0,206
2026,661,704,0,199
2027,659,703,0,193
2028,659,703,0,190
2029,659,703,0,189
2030,660,703,0,190
2031,662,703,0,195
2032,662,704,0,205
2033,662,701,0,208
2034,663,699,0,218
2035,663,696,0,222
2036,667,692,0,224
2037,676,690,0,225
2038,679,691,0,233
2039,681,693,0,223
2040,684,694,0,222
2041,686,689,0,229
2042,687,686,0,243
2043,686,689,0,267
2044,684,687,0,279
2045,685,688,0,281
2046,686,688,0,279
2047,686,689,0,278
2048,685,689,0,284
2049,686,688,0,292
2050,686,686,0,304
2051,687,685,0,315
2052,689,687,0,319
2053,691,685,0,332
2054,690,683,0,331
2055,690,682,0,334
2056,691,684,0,342
2057,694,687,0,354
2058,692,688,0,8
2059,694,688,0,36
2060,696,695,0,37
2061,692,695,0,48
2062,690,700,0,60
2063,685,708,0,66
2064,680,716,0,72
2065,682,724,0,75
2066,678,728,0,71
2067,675,728,0,80
2068,679,726,0,87
2069,685,729,0,103
2070,693,726,0,133
2071,697,729,0,144
2072,701,731,0,153
2073,705,733,0,152
2074,708,735,0,148
2075,709,737,0,147
2076,711,740,0,147
2077,711,741,0,149
2078,711,741,0,154
2079,712,742,0,166
2080,716,734,0,182
2081,717,731,0,178
2082,715,729,0,187
2083,717,727,0,207
2084,718,722,0,217
2085,716,719,0,224
2086,714,719,0,223
2087,713,719,0,226
2088,712,717,0,230
2089,712,713,0,225
2090,722,709,0,240
2091,720,706,0,230
2092,719,709,0,237
2093,718,705,0,238
2094,720,699,0,227
2095,724,698,0,223
2096,735,698,0,201
2097,734,695,0,196
2098,732,696,0,189
2099,733,696,0,185
2100,731,699,0,183
2101,733,700,0,188
2102,734,698,0,194
2103,737,696,0,202
2104,736,695,0,212
2105,735,696,0,215
2106,735,696,0,215
2107,735,695,0,218
2108,738,695,0,219
2109,735,695,0,213
2110,734,692,0,197
2111,733,690,0,189
2112,730,689,0,168
2113,727,692,0,150
2114,729,694,0,129
2115,726,694,0,111
2116,723,698,0,101
2117,721,701,0,101
2118,719,702,0,88
2119,720,704,0,82
2120,722,708,0,63
2121,718,713,0,59
2122,716,718,0,57
2123,713,721,0,57
2124,716,725,0,52
2125,715,725,0,49
2126,711,726,0,46
2127,712,725,0,33
2128,711,721,0,17
2129,709,719,0,359
2130,706,709,0,352
2131,701,710,0,348
2132,696,706,0,342
2133,691,705,0,344
2134,687,702,0,349
2135,684,697,0,347
2136,677,697,0,343
2137,670,694,0,337
2138,662,692,0,347
2139,664,691,0,339
2140,663,686,0,339
2141,660,687,0,335
2142,656,685,0,335
2143,653,685,0,336
2144,651,680,0,342
2145,648,684,0,343
2146,649,683,0,341
2147,649,682,0,341
2148,646,678,0,345
2149,642,676,0,346
2150,639,672,0,346
2151,636,673,0,343
2152,631,672,0,347
2153,627,673,0,351
2154,625,674,0,352
2155,622,676,0,351
2156,620,677,0,348
2157,622,674,0,349
2158,621,674,0,351
2159,618,676,0,4
2160,614,677,0,8
2161,610,678,0,13
2162,612,677,0,13
2163,615,672,0,0
2164,613,672,0,357
2165,607,671,0,347
2166,605,670,0,342
2167,604,668,0,342
2168,606,667,0,337
2169,608,666,0,333
2170,610,666,0,333
2171,609,667,0,332
2172,607,667,0,331
2173,609,665,0,327
2174,613,658,0,321
2175,609,655,0,314
2176,603,651,0,317
2177,599,648,0,321
2178,596,645,0,326
2179,594,641,0,322
2180,590,636,0,316
2181,588,633,0,311
2182,588,629,0,303
2183,587,626,0,311
2184,586,626,0,318
2185,586,625,0,318
2186,587,626,0,321
2187,587,626,0,317
2188,592,625,0,309
2189,597,624,0,308
2190,594,626,0,306
2191,590,625,0,306
2192,588,625,0,316
2193,588,621,0,326
2194,587,621,0,326
2195,585,621,0,325
2196,583,618,0,325
2197,583,619,0,331
2198,583,621,0,340
2199,584,625,0,358
2200,583,627,0,9
2201,583,623,0,25
2202,582,632,0,42
2203,580,636,0,37
2204,584,648,0,29
2205,581,648,0,23
2206,573,645,0,31
2207,564,645,0,29
2208,556,642,0,34
2209,554,643,0,29
2210,553,644,0,32
2211,550,642,0,32
2212,547,643,0,30
2213,550,640,0,36
2214,555,643,0,55
2215,559,642,0,62
2216,561,640,0,88
2217,565,645,0,91
2218,568,645,0,113
2219,572,645,0,119
2220,572,651,0,111
2221,571,658,0,97
2222,570,665,0,98
2223,569,672,0,96
2224,566,676,0,100
2225,568,681,0,85
2226,566,682,0,75
2227,565,683,0,74
2228,564,683,0,74
2229,565,682,0,83
2230,567,682,0,102
2231,572,686,0,110
2232,575,690,0,106
2233,576,694,0,106
2234,578,700,0,119
2235,587,707,0,126
2236,587,712,0,119
2237,589,715,0,120
2238,588,715,0,117
2239,588,716,0,114
2240,586,718,0,120
2241,594,724,0,123
2242,598,728,0,118
2243,603,733,0,118
2244,605,736,0,121
2245,605,738,0,122
2246,606,740,0,123
2247,606,744,0,112
2248,606,749,0,110
2249,604,753,0,108
2250,601,755,0,106
2251,601,754,0,105
2252,601,755,0,104
2253,601,756,0,110
2254,602,756,0,105
2255,605,759,0,101
2256,607,761,0,100
2257,608,765,0,101
2258,612,771,0,110
2259,619,772,0,116
2260,625,769,0,111
2261,630,771,0,127
2262,635,770,0,150
2263,645,771,0,156
2264,652,770,0,155
2265,654,771,0,151
2266,655,768,0,160
2267,659,765,0,174
2268,660,765,0,175
2271,662,776,0,151
2272,662,773,0,167
2273,671,774,0,185
2274,679,771,0,183
2275,682,769,0,188
2276,691,772,0,181
2277,701,772,0,178
2278,707,780,0,171
2279,707,776,0,173
2280,710,773,0,182
2281,723,772,0,194
2282,728,769,0,204
2283,737,762,0,211
2284,742,758,0,213
2285,746,754,0,210
2286,748,755,0,240
2287,749,754,0,239
2288,750,752,0,242
2289,752,750,0,239
2290,752,751,0,241
2291,753,751,0,242
2292,753,754,0,246
2293,753,755,0,248
2294,753,754,0,246
2295,753,753,0,247
2296,753,752,0,240
2297,752,752,0,238
2298,752,752,0,239
2299,753,752,0,239
2300,752,755,0,242
2301,748,755,0,238
2302,745,756,0,228
2303,756,754,0,218
2304,759,755,0,211
2305,761,759,0,205
2306,762,760,0,204
2307,768,763,0,205
2308,773,763,0,195
2309,778,764,0,184
2310,781,765,0,174
2311,782,766,0,175
2312,780,765,0,182
2313,780,764,0,187
2314,784,762,0,195
2315,788,757,0,207
2316,788,756,0,210
2317,792,752,0,216
2318,791,747,0,221
2319,790,743,0,231
2320,791,739,0,238
2321,791,736,0,241
2322,790,733,0,250
2323,790,730,0,254
2324,790,730,0,252
2325,788,730,0,248
2326,789,727,0,246
2327,793,722,0,241
2328,790,719,0,249
2329,789,715,0,245
2330,790,712,0,243
2331,791,709,0,244
2332,792,708,0,238
2333,792,710,0,234
2334,792,712,0,231
2335,792,709,0,243
2336,792,706,0,262
2337,788,701,0,274
2338,786,696,0,275
2339,789,694,0,279
2340,788,689,0,277
2341,786,688,0,275
2342,785,688,0,261
2343,788,678,0,249
2344,797,672,0,225
2345,806,672,0,216
2346,811,673,0,205
2347,813,668,0,206
2348,818,667,0,194
2349,821,664,0,175
2350,833,667,0,160
2351,838,662,0,164
2352,840,660,0,159
2353,838,660,0,154
2354,839,664,0,150
2355,840,663,0,163
2356,848,665,0,172
2357,855,662,0,186
2358,863,657,0,196
2359,872,653,0,200
2360,882,648,0,201
2361,885,646,0,194
2362,889,645,0,187
2363,893,644,0,184
2364,895,643,0,174
2365,896,644,0,177
2366,904,646,0,178
2367,902,645,0,184
2368,899,644,0,180
2369,900,646,0,180
2370,903,645,0,187
2371,905,642,0,196
2372,910,641,0,206
2373,914,636,0,214
2374,918,634,0,211
2375,921,632,0,206
2376,921,631,0,207
2377,921,631,0,207
2378,921,630,0,206
2379,924,628,0,205
2380,921,626,0,201
2381,919,627,0,200
2382,922,626,0,200
2383,923,625,0,191
2384,934,625,0,197
2385,944,623,0,193
2386,946,623,0,202
2387,946,625,0,205
2388,946,625,0,202
2389,947,622,0,199
2390,948,622,0,200
2391,950,625,0,198
2392,950,624,0,200
2393,950,625,0,209
2394,951,626,0,209
2395,950,625,0,208
2396,950,623,0,201
2397,966,621,0,199
2398,966,617,0,193
2399,971,618,0,187
2400,973,620,0,160
2401,974,625,0,152
2402,979,634,0,150
2403,982,636,0,152
2404,980,637,0,153
2405,984,638,0,154
2406,984,638,0,152
2407,985,639,0,149
2408,987,639,0,146
2409,989,643,0,130
2410,984,641,0,124
2411,979,640,0,118
2412,977,640,0,118
2413,978,643,0,115
2414,980,651,0,107
2415,983,655,0,107
2416,986,656,0,108
2417,987,661,0,109
2418,993,670,0,98
2419,993,671,0,97
2420,994,673,0,98
2421,997,677,0,95
2422,997,680,0,97
2423,998,688,0,101
2424,1000,694,0,103
2425,1000,698,0,111
2426,1002,702,0,124
2427,1002,703,0,125
2428,1000,701,0,120
2429,997,700,0,116
2430,996,702,0,121
2431,996,701,0,121
2432,995,698,0,126
2433,995,697,0,131
2434,994,697,0,141
2435,999,697,0,145
2436,999,697,0,146
2437,1009,704,0,140
2438,1017,702,0,145
2439,1026,701,0,146
2440,1032,706,0,154
2441,1036,706,0,165
2442,1044,695,0,170
2443,1049,693,0,166
2444,1052,696,0,177
2445,1059,695,0,179
2446,1065,697,0,173
2447,1069,702,0,167
2448,1076,705,0,165
2449,1079,707,0,157
2450,1078,711,0,158
2451,1082,711,0,154
2452,1085,711,0,156
2453,1087,713,0,148
2454,1084,711,0,156
2455,1078,712,0,155
2456,1085,712,0,161
2457,1101,719,0,163
2458,1104,720,0,167
2459,1105,721,0,162
2460,1108,722,0,160
2461,1109,725,0,157
2462,1110,725,0,159
2463,1111,725,0,158
2464,1111,728,0,152
2465,1118,735,0,146
2466,1121,739,0,145
2467,1124,744,0,147
2468,1125,748,0,138
2469,1129,753,0,131
2470,1132,754,0,128
2471,1133,761,0,114
2472,1130,764,0,105
2473,1129,768,0,97
2474,1130,770,0,102
2475,1130,773,0,113
2476,1129,775,0,108
2477,1127,778,0,100
2478,1125,779,0,105
2479,1126,780,0,107
2480,1124,781,0,108
2481,1122,778,0,124
2482,1129,782,0,135
2483,1133,782,0,147
2484,1141,782,0,163
2485,1142,784,0,162
2486,1146,784,0,174
2487,1146,785,0,182
2488,1145,784,0,180
2489,1143,784,0,182
2490,1142,781,0,196
2491,1142,780,0,187
2492,1146,783,0,172
2493,1161,782,0,164
2494,1159,787,0,152
2495,1162,789,0,155
2496,1166,790,0,149
2497,1167,791,0,147
2498,1168,792,0,150
2499,1172,793,0,148
2500,1172,793,0,147
2501,1172,792,0,147
2502,1170,792,0,152
2503,1167,793,0,162
2504,1165,794,0,169
2505,1172,792,0,184
2506,1174,788,0,197
2507,1176,782,0,203
2508,1177,778,0,207
2509,1180,777,0,203
2510,1185,779,0,201
2511,1188,780,0,197
2512,1191,779,0,194
2513,1196,779,0,191
2514,1200,778,0,201
2515,1204,777,0,200
2516,1213,772,0,204
2517,1220,771,0,205
2518,1227,771,0,203
2519,1228,770,0,191
2520,1229,769,0,191
2521,1229,770,0,194
2522,1228,768,0,195
2523,1231,768,0,191
2524,1234,769,0,186
2525,1237,769,0,183
2526,1245,773,0,180
2527,1253,772,0,162
2528,1261,779,0,154
2529,1265,781,0,152
2530,1268,782,0,150
2531,1274,784,0,160
2532,1287,786,0,177
2533,1298,793,0,176
2534,1304,792,0,175
2536,1317,796,0,189
2537,1321,796,0,191
2538,1332,796,0,205
2539,1338,792,0,213
2540,1348,788,0,227
2541,1346,787,0,226
2542,1345,786,0,234
2546,1346,788,0,203
2549,1362,783,0,188
2550,1367,783,0,182
2551,1370,788,0,358
2552,1374,788,0,178
2553,1379,788,0,359
2554,1384,789,0,176
2555,1390,790,0,356
2556,1399,792,0,179
2557,1410,792,0,175
2558,1419,792,0,177
2600,1125,875,0,112
2634,1007,663,0,175
2657,995,928,0,344
2661,1096,1000,0,187
2662,1097,999,0,196
2663,1098,994,0,208
2664,1096,995,0,209
2665,1097,995,0,202
2666,1099,993,0,200
2667,1102,989,0,203
2668,1108,984,0,201
2669,1114,983,0,201
2670,1124,975,0,204
2671,1127,972,0,187
2672,1131,969,0,174
2673,1132,966,0,186
2674,1134,965,0,191
2675,1138,967,0,187
2676,1145,970,0,177
2677,1147,971,0,169
2678,1146,971,0,157
2679,1146,972,0,157
2680,1146,973,0,148
2681,1144,974,0,137
2682,1140,976,0,118
2683,1140,976,0,113
2684,1143,975,0,112
2685,1140,976,0,114
2686,1141,980,0,108
2687,1142,983,0,105
2688,1138,985,0,100
2689,1141,993,0,112
2690,1142,997,0,115
2691,1142,1001,0,116
2692,1144,1000,0,121
2693,1147,1001,0,124
2694,1147,1003,0,127
2695,1155,1010,0,129
2696,1162,1014,0,132
2697,1164,1019,0,135
2698,1167,1019,0,140
2699,1169,1018,0,141
2700,1163,1015,0,149
2701,1157,1010,0,147
2702,1153,1005,0,143
2703,1151,1003,0,132
2704,1152,1008,0,130
2705,1153,1012,0,116
2706,1154,1019,0,117
2707,1154,1019,0,122
2708,1163,1021,0,133
2709,1169,1023,0,130
2710,1177,1029,0,114
2711,1176,1030,0,105
2712,1177,1037,0,102
2713,1171,1035,0,82
2714,1165,1039,0,76
2715,1164,1037,0,65
2716,1161,1037,0,62
2717,1161,1037,0,59
2718,1162,1037,0,61
2719,1160,1039,0,58
2720,1161,1038,0,55
2721,1164,1033,0,63
2722,1164,1035,0,62
2723,1163,1038,0,66
2724,1163,1041,0,71
2725,1162,1045,0,68
2726,1159,1051,0,69
2727,1158,1054,0,72
2728,1157,1061,0,69
2729,1153,1062,0,58
2730,1151,1065,0,52
2731,1146,1070,0,51
2732,1139,1076,0,52
2733,1132,1082,0,38
2734,1128,1086,0,39
2735,1124,1093,0,42
2736,1119,1094,0,48
2737,1118,1095,0,56
2738,1122,1088,0,56
2739,1122,1089,0,52
2740,1126,1085,0,52
2741,1124,1081,0,36
2742,1123,1078,0,36
2743,1122,1078,0,40
2744,1123,1077,0,46
2745,1123,1079,0,54
2746,1120,1087,0,59
2747,1114,1092,0,69
2748,1112,1096,0,66
2749,1110,1100,0,68
2750,1110,1103,0,80
2751,1111,1106,0,87
2752,1115,1107,0,79
2753,1113,1111,0,76
2754,1110,1116,0,84
2755,1110,1119,0,87
2756,1116,1128,0,98
2757,1121,1136,0,100
2758,1122,1137,0,100
2759,1122,1139,0,102
2760,1119,1142,0,98
2761,1117,1140,0,103
2762,1119,1147,0,103
2763,1127,1152,0,104
2764,1133,1161,0,98
2765,1134,1165,0,101
2766,1134,1175,0,99
2767,1136,1178,0,107
2768,1134,1173,0,128
2769,1131,1170,0,126
2770,1132,1168,0,124
2771,1131,1167,0,125
2772,1130,1164,0,123
2773,1130,1165,0,123
2774,1130,1165,0,124
2775,1130,1165,0,128
2776,1131,1165,0,129
2777,1132,1167,0,133
2778,1132,1167,0,133
2779,1132,1167,0,134
2780,1132,1167,0,134
2781,1132,1166,0,131
2782,1131,1167,0,133
2783,1132,1167,0,135
2784,1131,1166,0,135
2785,1131,1164,0,135
2786,1131,1164,0,136
2787,1131,1164,0,136
2788,1130,1164,0,137
2789,1130,1164,0,137
2790,1130,1164,0,137
2791,1130,1164,0,138
2792,1130,1164,0,138
2793,1130,1164,0,138
2794,1130,1164,0,137
2795,1130,1164,0,138
2796,1130,1164,0,138
2797,1131,1164,0,138
2798,1131,1163,0,137
2799,1131,1163,0,135
2800,1131,1163,0,136
2801,1131,1163,0,136
2802,1131,1164,0,137
2803,1131,1164,0,140
2804,1131,1165,0,139
2805,1131,1165,0,138
2806,1131,1165,0,139
2807,1130,1164,0,139
2808,1129,1163,0,139
2809,1130,1163,0,138
2810,1130,1164,0,135
2811,1133,1163,0,135
2812,1131,1163,0,136
2813,1131,1163,0,137
2814,1132,1163,0,139
2815,1133,1163,0,142
2816,1133,1162,0,142
2817,1132,1162,0,138
2818,1131,1163,0,144
2819,1130,1165,0,150
2820,1132,1167,0,154
2821,1139,1167,0,160
2822,1142,1167,0,158
2823,1145,1170,0,155
2824,1148,1174,0,159
2825,1147,1175,0,158
2826,1152,1176,0,153
2827,1156,1181,0,148
2828,1149,1185,0,140
2829,1144,1184,0,147
2830,1143,1184,0,143
2831,1144,1184,0,143
2832,1145,1184,0,140
2833,1146,1184,0,137
2834,1146,1185,0,136
2835,1145,1184,0,134
2836,1143,1183,0,137
2837,1143,1184,0,138
2838,1143,1185,0,141
2839,1144,1185,0,144
2840,1144,1185,0,142
2841,1143,1185,0,142
2842,1142,1186,0,136
2843,1141,1185,0,137
2844,1142,1186,0,140
2845,1142,1185,0,141
2846,1143,1186,0,142
2847,1143,1185,0,143
2848,1143,1185,0,143
2849,1139,1182,0,147
2850,1138,1181,0,151
2851,1138,1180,0,152
2852,1138,1178,0,152
2853,1133,1177,0,154
2854,1133,1178,0,154
2855,1134,1179,0,157
2856,1135,1179,0,157
2857,1134,1177,0,160
2858,1134,1179,0,163
2859,1135,1179,0,163
2860,1136,1180,0,161
2861,1136,1179,0,157
2862,1136,1179,0,158
2863,1136,1179,0,158
2864,1135,1179,0,160
2865,1135,1179,0,161
2866,1135,1179,0,163
2867,1135,1180,0,162
2868,1137,1180,0,158
2869,1137,1180,0,156
2870,1137,1180,0,157
2871,1137,1180,0,155
2872,1137,1180,0,156
2873,1137,1180,0,156
2874,1137,1179,0,156
2875,1139,1178,0,155
2876,1142,1177,0,152
2877,1143,1173,0,139
2878,1146,1173,0,134
2879,1147,1171,0,129
2880,1148,1170,0,129
2881,1147,1168,0,131
2882,1149,1166,0,133
2883,1148,1165,0,139
2884,1148,1163,0,141
2885,1148,1165,0,146
2886,1148,1165,0,146
2887,1148,1166,0,149
2888,1149,1167,0,151
2889,1149,1169,0,155
2890,1147,1168,0,153
2891,1146,1168,0,154
2892,1147,1169,0,155
2893,1147,1170,0,159
2894,1148,1170,0,158
2895,1150,1171,0,157
2896,1148,1170,0,152
2897,1146,1168,0,147
2898,1147,1169,0,136
2899,1147,1170,0,133
2900,1148,1171,0,136
2901,1150,1174,0,134
2902,1148,1175,0,136
2903,1148,1174,0,136
2904,1146,1173,0,145
2905,1148,1173,0,153
2906,1150,1174,0,149
2907,1152,1174,0,152
2908,1153,1175,0,151
2909,1155,1178,0,144
2910,1156,1183,0,140
2911,1153,1184,0,133
2912,1145,1184,0,110
2913,1144,1185,0,118
2914,1145,1185,0,121
2915,1145,1184,0,133
2916,1150,1185,0,143
2917,1156,1188,0,154
2918,1160,1188,0,156
2919,1160,1189,0,157
2920,1156,1189,0,157
2921,1157,1190,0,156
2922,1158,1190,0,158
2923,1164,1195,0,152
2924,1169,1203,0,147
2925,1175,1208,0,145
2926,1176,1209,0,150
2927,1180,1208,0,158
2928,1182,1206,0,181
2929,1181,1210,0,174
2930,1183,1213,0,177
2931,1184,1212,0,172
2932,1186,1213,0,166
2933,1194,1214,0,172
2934,1206,1214,0,174
2935,1208,1211,0,177
2936,1210,1209,0,185
2937,1208,1209,0,201
2938,1203,1205,0,187
2939,1204,1205,0,193
2940,1209,1200,0,201
2941,1218,1197,0,201
2942,1223,1192,0,208
2943,1227,1189,0,204
2944,1226,1187,0,226
2945,1225,1185,0,237
2946,1219,1190,0,236
2947,1216,1189,0,237
2948,1215,1187,0,231
2949,1218,1184,0,214
2950,1224,1183,0,208
2951,1227,1181,0,208
2952,1232,1173,0,217
2953,1237,1172,0,221
2954,1242,1171,0,219
2955,1238,1173,0,216
2956,1231,1180,0,209
2957,1227,1180,0,198
2958,1226,1180,0,212
2959,1230,1181,0,225
2960,1226,1185,0,228
2961,1226,1185,0,232
2962,1226,1183,0,238
2963,1226,1182,0,235
2964,1225,1182,0,233
2965,1225,1182,0,230
2966,1225,1181,0,229
2967,1224,1183,0,212
2968,1227,1182,0,202
2969,1231,1182,0,198
2970,1231,1179,0,198
2971,1235,1179,0,203
2972,1238,1180,0,200
2973,1237,1182,0,188
2974,1241,1183,0,188
2975,1243,1185,0,181
2976,1245,1182,0,187
2977,1246,1182,0,195
2978,1242,1183,0,188
2979,1242,1182,0,193
2980,1243,1182,0,194
2981,1247,1181,0,193
2982,1248,1181,0,194
2983,1250,1179,0,198
2984,1254,1181,0,191
2985,1256,1182,0,185
2986,1255,1182,0,190
2987,1256,1173,0,212
2988,1257,1172,0,229
2989,1257,1169,0,230
2990,1258,1168,0,224
2991,1255,1168,0,223
2992,1258,1164,0,216
2993,1258,1160,0,207
2994,1261,1156,0,218
2995,1263,1151,0,211
2996,1263,1146,0,196
2997,1266,1150,0,211
2998,1266,1149,0,215
2999,1266,1145,0,213
