163,874,1756,0,104
164,876,1759,0,99
165,877,1762,0,100
166,880,1765,0,102
167,879,1764,0,88
169,875,1770,0,74
170,872,1772,0,74
171,866,1774,0,73
172,866,1773,0,76
173,864,1776,0,74
174,862,1785,0,63
175,861,1790,0,64
176,861,1800,0,73
177,856,1799,0,77
178,856,1806,0,83
179,854,1806,0,74
180,852,1804,0,68
181,853,1800,0,69
182,856,1800,0,61
183,859,1798,0,55
184,860,1796,0,49
185,856,1795,0,69
186,856,1795,0,76
187,859,1798,0,86
188,860,1800,0,94
189,862,1803,0,100
190,861,1806,0,103
191,863,1810,0,98
192,863,1817,0,95
193,865,1820,0,97
194,863,1825,0,96
195,863,1829,0,87
196,864,1828,0,82
197,863,1829,0,76
198,864,1829,0,73
199,864,1828,0,79
200,863,1829,0,87
201,861,1832,0,89
202,860,1833,0,89
203,859,1831,0,90
204,859,1831,0,102
205,860,1834,0,110
206,865,1835,0,118
207,868,1838,0,125
208,870,1843,0,137
209,875,1844,0,145
210,879,1847,0,137
211,880,1851,0,129
212,885,1857,0,117
213,891,1864,0,107
214,893,1866,0,109
215,892,1865,0,115
216,893,1866,0,115
217,894,1866,0,117
218,895,1866,0,116
219,898,1866,0,115
220,899,1867,0,114
221,898,1874,0,110
222,905,1883,0,100
223,905,1885,0,98
224,906,1892,0,96
225,907,1899,0,88
226,909,1894,0,86
227,909,1896,0,87
228,911,1895,0,96
229,916,1909,0,101
230,918,1919,0,107
231,920,1922,0,110
232,918,1928,0,113
233,919,1937,0,107
234,919,1945,0,109
235,922,1948,0,104
236,922,1948,0,106
237,922,1950,0,125
238,925,1949,0,136
239,931,1948,0,148
240,936,1949,0,148
241,942,1948,0,168
242,954,1944,0,179
243,958,1943,0,184
244,956,1945,0,178
245,963,1945,0,178
246,966,1945,0,164
247,972,1948,0,163
248,981,1950,0,171
249,981,1951,0,158
250,984,1955,0,159
251,999,1962,0,146
252,1004,1968,0,132
253,1006,1968,0,127
254,1020,1975,0,118
255,1015,1983,0,122
256,1020,1990,0,133
257,1026,1997,0,143
258,1036,2002,0,156
259,1044,2005,0,143
260,1047,2006,0,143
261,1058,2015,0,152
262,1065,2022,0,142
263,1072,2026,0,138
264,1082,2031,0,147
265,1091,2042,0,136
266,1096,2050,0,121
267,1101,2061,0,111
268,1107,2063,0,108
269,1112,2075,0,119
270,1118,2085,0,117
271,1119,2088,0,125
272,1124,2098,0,114
273,1127,2107,0,105
274,1137,2107,0,128
275,1146,2117,0,143
276,1157,2126,0,134
277,1163,2136,0,117
278,1168,2146,0,130
279,1170,2154,0,108
280,1164,2158,0,89
281,1158,2159,0,66
282,1147,2165,0,52
283,1139,2176,0,50
284,1141,2184,0,67
285,1144,2185,0,77
286,1153,2186,0,83
287,1161,2190,0,111
288,1168,2194,0,126
289,1175,2204,0,134
290,1183,2212,0,126
291,1188,2229,0,110
292,1186,2234,0,101
293,1189,2242,0,92
294,1188,2254,0,84
295,1193,2256,0,99
296,1192,2250,0,125
297,1206,2250,0,145
298,1212,2247,0,166
299,1223,2238,0,189
300,1237,2233,0,207
301,1248,2226,0,206
302,1259,2221,0,208
303,1270,2220,0,195
304,1277,2220,0,201
305,1282,2211,0,220
306,1287,2202,0,242
307,1289,2195,0,238
308,1298,2185,0,247
309,1304,2168,0,261
310,1307,2155,0,256
311,1319,2143,0,266
312,1322,2131,0,256
313,1327,2119,0,255
314,1327,2106,0,238
315,1339,2089,0,243
316,1343,2078,0,252
317,1347,2066,0,259
318,1353,2059,0,241
319,1363,2059,0,254
320,1368,2055,0,245
321,1370,2047,0,227
322,1380,2042,0,238
323,1387,2040,0,251
324,1383,2033,0,262
325,1388,2024,0,270
326,1385,2018,0,288
327,1386,2013,0,298
328,1379,2006,0,299
329,1378,2007,0,294
330,1377,2003,0,287
331,1378,2000,0,273
332,1386,2001,0,266
333,1388,1998,0,260
334,1390,1990,0,255
335,1394,1980,0,253
336,1397,1975,0,253
337,1401,1976,0,248
338,1408,1964,0,237
339,1408,1954,0,248
340,1413,1948,0,253
341,1415,1943,0,251
342,1418,1944,0,249
343,1418,1941,0,248
344,1419,1939,0,248
345,1421,1937,0,238
346,1425,1935,0,235
347,1428,1935,0,234
348,1429,1939,0,238
349,1428,1945,0,244
350,1428,1944,0,248
351,1428,1942,0,246
352,1431,1941,0,239
353,1434,1937,0,219
354,1440,1934,0,207
355,1449,1930,0,200
356,1458,1925,0,204
357,1466,1920,0,214
358,1472,1912,0,224
359,1478,1908,0,219
360,1484,1906,0,225
361,1486,1901,0,230
362,1486,1902,0,220
363,1486,1901,0,217
364,1488,1901,0,220
365,1488,1899,0,223
366,1488,1897,0,229
367,1488,1892,0,241
368,1486,1888,0,248
369,1490,1883,0,250
370,1495,1874,0,243
371,1498,1868,0,251
372,1504,1864,0,259
373,1507,1853,0,258
374,1505,1846,0,263
375,1504,1845,0,261
376,1506,1840,0,267
377,1506,1835,0,258
378,1507,1832,0,245
379,1512,1830,0,242
380,1512,1824,0,245
381,1513,1821,0,243
382,1514,1818,0,239
383,1517,1816,0,239
384,1520,1817,0,229
385,1521,1814,0,226
386,1524,1812,0,223
387,1524,1812,0,222
388,1524,1811,0,226
389,1524,1811,0,225
390,1525,1811,0,225
391,1525,1809,0,221
392,1527,1809,0,215
393,1529,1808,0,217
394,1534,1808,0,214
395,1538,1805,0,208
396,1552,1800,0,213
397,1560,1796,0,217
398,1563,1791,0,228
399,1570,1784,0,224
400,1572,1784,0,232
401,1576,1779,0,238
402,1579,1770,0,244
403,1580,1768,0,236
404,1582,1770,0,231
405,1587,1766,0,233
406,1594,1761,0,236
407,1592,1759,0,236
408,1592,1752,0,245
409,1593,1746,0,258
410,1591,1741,0,261
411,1587,1741,0,258
412,1585,1742,0,264
413,1583,1740,0,271
414,1583,1743,0,274
415,1581,1743,0,273
416,1582,1744,0,274
417,1584,1741,0,274
418,1584,1740,0,270
419,1584,1739,0,265
420,1587,1733,0,269
421,1590,1732,0,271
422,1594,1726,0,271
423,1597,1723,0,262
424,1594,1718,0,268
425,1595,1709,0,266
426,1598,1704,0,281
427,1595,1702,0,279
428,1595,1699,0,285
429,1595,1699,0,283
430,1595,1691,0,280
431,1596,1688,0,275
432,1595,1688,0,274
433,1596,1689,0,280
434,1595,1689,0,280
435,1593,1685,0,288
436,1594,1678,0,289
437,1593,1672,0,291
438,1589,1666,0,291
439,1587,1655,0,287
440,1584,1649,0,292
441,1588,1654,0,298
442,1588,1657,0,296
443,1589,1656,0,293
444,1589,1655,0,289
445,1590,1657,0,292
446,1589,1657,0,292
447,1589,1657,0,291
448,1588,1656,0,285
449,1587,1655,0,279
450,1586,1655,0,280
451,1585,1655,0,286
452,1587,1654,0,292
453,1588,1652,0,287
454,1587,1652,0,285
455,1587,1652,0,283
456,1588,1655,0,282
457,1588,1655,0,280
458,1588,1655,0,284
459,1587,1656,0,281
460,1587,1658,0,276
461,1587,1660,0,277
462,1587,1660,0,280
463,1587,1660,0,279
464,1587,1660,0,278
465,1586,1660,0,277
466,1587,1661,0,279
467,1586,1661,0,280
468,1586,1660,0,277
469,1586,1661,0,278
470,1586,1661,0,277
471,1586,1661,0,278
472,1588,1663,0,281
473,1587,1663,0,281
474,1588,1662,0,283
475,1588,1662,0,282
476,1587,1662,0,280
477,1587,1662,0,280
478,1587,1661,0,278
479,1587,1661,0,279
480,1587,1662,0,278
481,1587,1662,0,277
482,1586,1661,0,277
483,1587,1661,0,277
484,1586,1661,0,277
485,1586,1661,0,278
486,1586,1661,0,278
487,1586,1661,0,277
488,1586,1661,0,277
489,1587,1661,0,278
490,1586,1661,0,276
491,1586,1661,0,276
492,1587,1661,0,278
493,1587,1661,0,277
494,1586,1661,0,277
495,1587,1662,0,278
496,1586,1662,0,277
497,1586,1662,0,276
498,1586,1662,0,276
499,1586,1661,0,277
500,1586,1661,0,277
501,1586,1661,0,277
502,1586,1661,0,276
503,1586,1661,0,276
504,1586,1661,0,275
505,1586,1661,0,276
506,1586,1661,0,276
507,1586,1661,0,276
508,1586,1661,0,277
509,1586,1661,0,275
510,1586,1661,0,276
511,1586,1660,0,276
512,1586,1661,0,276
513,1586,1660,0,276
514,1586,1660,0,275
515,1586,1660,0,276
516,1586,1661,0,275
517,1586,1660,0,276
518,1586,1660,0,276
519,1586,1660,0,276
520,1586,1660,0,276
521,1586,1661,0,277
522,1586,1660,0,277
523,1586,1661,0,277
524,1585,1661,0,276
525,1586,1661,0,275
526,1586,1661,0,275
527,1586,1661,0,275
528,1586,1661,0,275
529,1586,1661,0,275
530,1586,1660,0,274
531,1586,1660,0,275
532,1586,1660,0,275
533,1586,1661,0,275
534,1586,1660,0,275
535,1586,1660,0,275
536,1586,1660,0,275
537,1586,1661,0,276
538,1586,1661,0,276
539,1586,1661,0,275
540,1586,1661,0,276
541,1586,1661,0,276
542,1586,1660,0,275
543,1586,1661,0,276
544,1586,1661,0,276
545,1586,1661,0,275
546,1586,1661,0,277
547,1586,1661,0,274
548,1586,1661,0,274
549,1586,1661,0,274
550,1586,1661,0,274
551,1586,1661,0,275
552,1586,1661,0,276
553,1586,1661,0,274
554,1586,1661,0,274
555,1586,1661,0,274
556,1586,1661,0,275
557,1586,1661,0,274
558,1586,1662,0,273
559,1586,1661,0,273
560,1586,1661,0,271
561,1586,1660,0,273
562,1587,1661,0,272
563,1586,1661,0,272
564,1586,1661,0,273
565,1586,1662,0,274
566,1586,1661,0,274
567,1586,1662,0,273
568,1585,1662,0,273
569,1586,1662,0,272
570,1586,1662,0,272
571,1586,1661,0,273
572,1586,1662,0,273
573,1585,1662,0,272
574,1585,1662,0,271
575,1586,1662,0,272
576,1586,1662,0,272
577,1586,1662,0,273
578,1585,1662,0,269
579,1585,1661,0,269
580,1585,1661,0,268
581,1585,1662,0,271
582,1585,1661,0,273
583,1586,1661,0,272
584,1585,1661,0,271
585,1586,1662,0,272
586,1586,1662,0,269
587,1586,1662,0,271
588,1586,1662,0,270
589,1586,1662,0,271
590,1586,1662,0,272
591,1586,1662,0,272
592,1586,1662,0,272
593,1586,1662,0,273
594,1586,1661,0,273
595,1586,1661,0,273
596,1586,1662,0,274
597,1586,1661,0,274
598,1586,1661,0,273
599,1586,1662,0,273
600,1586,1662,0,274
601,1586,1661,0,275
602,1586,1661,0,274
603,1586,1661,0,274
604,1586,1661,0,274
605,1586,1661,0,273
606,1586,1661,0,272
607,1586,1662,0,275
608,1586,1662,0,272
609,1586,1662,0,272
610,1586,1662,0,271
611,1586,1662,0,270
612,1586,1661,0,270
613,1585,1662,0,273
614,1585,1662,0,273
615,1586,1662,0,273
616,1586,1662,0,273
617,1586,1661,0,273
618,1586,1662,0,273
619,1586,1662,0,274
620,1586,1662,0,272
621,1586,1662,0,272
622,1586,1661,0,274
623,1586,1661,0,273
624,1586,1661,0,275
625,1586,1661,0,275
626,1586,1661,0,274
627,1586,1661,0,274
628,1586,1661,0,276
629,1586,1660,0,277
630,1586,1661,0,277
631,1586,1661,0,277
632,1586,1660,0,276
633,1586,1660,0,276
634,1586,1659,0,274
635,1586,1660,0,277
636,1586,1659,0,280
637,1586,1660,0,277
638,1587,1661,0,277
639,1587,1661,0,270
640,1587,1661,0,265
641,1587,1660,0,265
642,1588,1659,0,257
643,1590,1656,0,254
644,1590,1656,0,251
645,1590,1657,0,247
646,1591,1657,0,247
647,1590,1657,0,254
648,1588,1654,0,258
649,1588,1651,0,270
650,1586,1648,0,272
651,1586,1642,0,273
652,1587,1640,0,276
653,1587,1639,0,276
654,1587,1639,0,277
655,1588,1639,0,279
656,1589,1639,0,278
657,1589,1638,0,275
658,1589,1638,0,274
659,1588,1634,0,275
660,1587,1631,0,273
661,1587,1629,0,274
662,1589,1630,0,279
663,1590,1631,0,286
664,1590,1633,0,288
665,1589,1633,0,290
666,1587,1634,0,294
667,1587,1634,0,297
668,1585,1633,0,304
669,1584,1631,0,303
670,1582,1630,0,307
671,1578,1627,0,312
672,1578,1622,0,315
673,1578,1623,0,309
674,1577,1623,0,303
675,1574,1623,0,299
676,1575,1624,0,300
677,1574,1622,0,320
678,1571,1624,0,316
679,1571,1625,0,320
680,1571,1625,0,325
681,1571,1626,0,330
682,1570,1628,0,333
683,1568,1629,0,332
684,1568,1629,0,333
685,1568,1628,0,336
686,1569,1628,0,333
687,1568,1628,0,333
688,1569,1629,0,335
689,1570,1628,0,342
690,1569,1629,0,340
691,1569,1629,0,341
692,1568,1630,0,341
693,1568,1630,0,337
694,1567,1631,0,328
695,1569,1631,0,314
696,1569,1632,0,304
697,1569,1629,0,292
698,1569,1626,0,290
699,1574,1622,0,294
700,1572,1618,0,302
701,1572,1616,0,307
702,1575,1616,0,305
703,1573,1615,0,309
704,1567,1611,0,315
705,1562,1607,0,319
706,1558,1604,0,313
707,1556,1602,0,319
708,1556,1599,0,327
709,1553,1597,0,326
710,1555,1594,0,322
711,1555,1596,0,312
712,1559,1598,0,307
713,1559,1599,0,300
714,1560,1598,0,288
715,1560,1594,0,280
716,1559,1590,0,278
717,1560,1590,0,274
718,1561,1590,0,268
719,1565,1588,0,255
720,1567,1588,0,252
721,1568,1588,0,255
722,1571,1588,0,252
723,1573,1586,0,245
724,1574,1583,0,234
725,1579,1579,0,240
726,1585,1567,0,246
727,1584,1562,0,249
728,1586,1561,0,249
729,1591,1557,0,250
730,1591,1559,0,248
731,1590,1558,0,239
732,1592,1554,0,236
733,1596,1553,0,228
734,1598,1551,0,226
735,1602,1555,0,224
736,1600,1555,0,226
737,1602,1552,0,227
738,1604,1551,0,226
739,1603,1554,0,217
740,1605,1556,0,217
741,1612,1554,0,231
742,1620,1552,0,247
743,1625,1549,0,246
744,1628,1542,0,248
745,1630,1539,0,245
746,1630,1536,0,250
747,1633,1534,0,254
748,1633,1531,0,253
749,1633,1530,0,248
750,1635,1528,0,244
751,1637,1525,0,233
752,1637,1526,0,230
753,1638,1527,0,224
754,1641,1526,0,218
755,1644,1525,0,216
756,1642,1524,0,220
757,1643,1525,0,219
758,1639,1531,0,221
759,1638,1537,0,222
760,1637,1537,0,216
761,1635,1539,0,211
762,1636,1537,0,223
763,1639,1536,0,227
764,1639,1533,0,230
765,1638,1535,0,219
766,1637,1535,0,218
767,1636,1537,0,205
768,1636,1538,0,193
769,1634,1540,0,195
775,1651,1526,0,257
776,1647,1524,0,246
777,1645,1521,0,243
778,1645,1518,0,236
779,1645,1518,0,233
780,1652,1514,0,220
781,1651,1513,0,214
782,1650,1511,0,206
783,1652,1508,0,195
784,1652,1506,0,194
785,1653,1504,0,198
786,1657,1506,0,195
787,1656,1505,0,194
788,1651,1508,0,199
789,1650,1511,0,206
790,1651,1513,0,212
791,1645,1515,0,214
792,1645,1514,0,215
793,1646,1515,0,218
794,1645,1516,0,205
795,1648,1512,0,212
796,1656,1506,0,212
797,1663,1503,0,207
798,1666,1503,0,206
799,1661,1505,0,208
800,1656,1506,0,217
801,1653,1507,0,219
802,1650,1507,0,221
803,1644,1507,0,222
804,1641,1510,0,224
805,1640,1510,0,225
806,1640,1510,0,218
807,1636,1515,0,214
808,1637,1518,0,211
809,1636,1519,0,205
810,1634,1521,0,204
811,1634,1522,0,195
812,1635,1522,0,193
813,1637,1522,0,191
814,1641,1519,0,195
815,1641,1520,0,197
816,1640,1522,0,191
817,1640,1523,0,192
818,1638,1524,0,192
819,1639,1524,0,195
820,1640,1526,0,203
821,1637,1527,0,205
822,1637,1526,0,215
823,1643,1524,0,208
824,1650,1519,0,204
825,1660,1515,0,207
826,1665,1505,0,206
827,1669,1504,0,216
828,1675,1502,0,219
829,1677,1499,0,224
830,1676,1501,0,227
831,1676,1500,0,223
832,1672,1502,0,215
833,1670,1501,0,207
834,1671,1500,0,203
835,1675,1499,0,210
836,1675,1497,0,208
837,1671,1499,0,204
838,1668,1501,0,220
839,1670,1499,0,223
840,1672,1499,0,226
841,1673,1492,0,228
842,1677,1489,0,230
843,1682,1487,0,243
844,1683,1484,0,249
845,1681,1485,0,251
846,1680,1487,0,251
847,1678,1488,0,243
848,1677,1492,0,235
849,1674,1495,0,227
850,1671,1498,0,227
851,1670,1500,0,227
852,1665,1502,0,217
853,1663,1507,0,194
854,1662,1510,0,196
855,1661,1510,0,204
856,1661,1513,0,204
857,1660,1514,0,198
858,1660,1518,0,203
859,1660,1519,0,207
860,1658,1519,0,202
863,1655,1524,0,281
864,1654,1523,0,258
865,1649,1524,0,220
869,1629,1538,0,236
870,1626,1536,0,216
871,1627,1538,0,235
872,1624,1538,0,229
873,1618,1538,0,219
874,1616,1541,0,207
875,1613,1538,0,184
876,1609,1541,0,173
877,1607,1542,0,173
878,1604,1545,0,175
879,1605,1546,0,188
880,1605,1543,0,172
881,1606,1543,0,165
882,1601,1545,0,151
883,1598,1546,0,147
884,1595,1547,0,147
885,1593,1548,0,153
886,1592,1551,0,147
887,1594,1555,0,139
888,1597,1555,0,137
889,1597,1557,0,137
890,1599,1560,0,130
891,1603,1560,0,128
892,1610,1563,0,130
893,1609,1569,0,146
894,1606,1569,0,139
895,1601,1566,0,148
896,1605,1574,0,176
897,1607,1574,0,197
898,1607,1574,0,201
899,1605,1571,0,208
900,1605,1572,0,210
901,1608,1572,0,211
902,1607,1572,0,225
903,1608,1571,0,223
904,1608,1576,0,232
905,1610,1581,0,233
906,1613,1583,0,236
907,1613,1582,0,235
908,1613,1577,0,230
909,1614,1575,0,243
910,1619,1572,0,236
911,1621,1569,0,256
912,1624,1563,0,260
913,1626,1557,0,265
914,1625,1552,0,266
915,1627,1539,0,263
916,1627,1535,0,262
917,1624,1539,0,260
918,1620,1542,0,259
919,1621,1542,0,260
920,1623,1540,0,266
921,1623,1537,0,257
922,1626,1531,0,243
923,1630,1527,0,247
924,1630,1525,0,254
925,1629,1523,0,247
926,1632,1519,0,249
927,1634,1516,0,248
928,1637,1511,0,249
929,1639,1507,0,252
930,1640,1506,0,247
931,1641,1507,0,251
932,1640,1508,0,256
933,1642,1510,0,250
934,1642,1508,0,249
935,1644,1501,0,254
936,1645,1497,0,255
937,1648,1498,0,256
938,1651,1499,0,245
939,1654,1495,0,245
940,1660,1490,0,243
941,1663,1484,0,239
942,1666,1481,0,249
943,1669,1478,0,244
944,1672,1473,0,248
945,1675,1472,0,246
946,1677,1465,0,238
947,1679,1463,0,240
948,1679,1460,0,250
949,1678,1458,0,244
950,1680,1458,0,245
951,1680,1457,0,242
952,1679,1456,0,239
953,1680,1456,0,234
954,1681,1455,0,228
955,1678,1456,0,222
956,1678,1455,0,216
957,1677,1454,0,208
958,1681,1456,0,214
959,1682,1461,0,214
960,1683,1463,0,213
961,1678,1456,0,223
962,1678,1454,0,218
963,1680,1450,0,206
964,1684,1448,0,187
965,1682,1449,0,192
966,1680,1448,0,191
967,1678,1451,0,193
968,1675,1455,0,193
969,1674,1456,0,185
970,1673,1456,0,178
971,1672,1457,0,171
972,1671,1459,0,162
973,1670,1460,0,165
974,1670,1461,0,158
975,1670,1465,0,152
976,1671,1466,0,150
977,1676,1468,0,151
978,1681,1473,0,150
979,1685,1480,0,141
980,1693,1483,0,151
981,1697,1486,0,162
982,1699,1493,0,159
983,1705,1491,0,147
984,1706,1492,0,149
985,1707,1492,0,143
986,1710,1493,0,134
987,1711,1493,0,134
988,1710,1492,0,133
989,1709,1492,0,132
990,1709,1492,0,131
991,1708,1492,0,142
992,1708,1492,0,142
994,1709,1494,0,143
995,1709,1494,0,145
996,1709,1494,0,147
997,1710,1495,0,145
998,1710,1495,0,147
999,1710,1494,0,148
1000,1707,1492,0,142
1001,1706,1491,0,144
1002,1702,1487,0,149
1003,1702,1487,0,149
1004,1702,1488,0,149
1005,1702,1488,0,145
1006,1700,1488,0,148
1007,1698,1489,0,148
1008,1693,1490,0,146
1009,1688,1493,0,169
1010,1684,1493,0,173
1011,1686,1492,0,160
1012,1686,1494,0,172
1013,1687,1493,0,176
1014,1686,1491,0,180
1015,1684,1491,0,170
1016,1684,1493,0,181
1017,1682,1492,0,176
1018,1686,1490,0,162
1019,1697,1488,0,163
1020,1702,1492,0,154
1021,1707,1493,0,157
1022,1705,1495,0,155
1023,1707,1495,0,158
1024,1708,1492,0,149
1026,1702,1492,0,151
1027,1702,1493,0,159
1028,1702,1494,0,158
1029,1703,1498,0,164
1030,1707,1503,0,170
1031,1711,1503,0,156
1032,1719,1508,0,158
1033,1725,1510,0,150
1034,1724,1509,0,153
1035,1729,1513,0,139
1036,1732,1520,0,135
1037,1737,1527,0,112
1038,1737,1531,0,111
1039,1735,1536,0,109
1040,1737,1540,0,94
1041,1734,1540,0,96
1042,1734,1546,0,95
1043,1737,1547,0,96
1044,1741,1551,0,95
1045,1742,1552,0,102
1046,1742,1554,0,106
1047,1742,1557,0,118
1048,1741,1557,0,117
1049,1740,1555,0,121
1050,1739,1556,0,131
1051,1739,1556,0,126
1052,1739,1558,0,138
1053,1744,1557,0,128
1054,1743,1558,0,131
1055,1746,1559,0,107
1056,1743,1563,0,103
1057,1741,1562,0,110
1058,1739,1560,0,113
1059,1740,1562,0,118
1060,1741,1561,0,124
1061,1740,1564,0,116
1062,1740,1571,0,109
1063,1741,1581,0,98
1064,1743,1583,0,103
1065,1745,1582,0,96
1066,1745,1581,0,95
1067,1746,1590,0,89
1068,1743,1594,0,85
1069,1742,1600,0,85
1070,1741,1602,0,88
1071,1740,1599,0,90
1072,1742,1611,0,76
1073,1741,1613,0,80
1074,1741,1619,0,91
1075,1742,1621,0,90
1076,1744,1622,0,93
1077,1744,1623,0,88
1078,1741,1625,0,87
1079,1741,1628,0,102
1080,1742,1626,0,97
1081,1742,1627,0,106
1082,1742,1628,0,102
1083,1742,1629,0,105
1084,1742,1628,0,105
1085,1740,1629,0,110
1086,1736,1630,0,116
1087,1737,1632,0,115
1088,1732,1638,0,143
1089,1736,1637,0,138
1090,1730,1635,0,152
1091,1731,1636,0,175
1092,1731,1636,0,175
1093,1731,1635,0,177
1094,1730,1637,0,178
1095,1735,1637,0,195
1096,1732,1640,0,187
1097,1729,1639,0,163
1098,1729,1641,0,166
1099,1729,1640,0,163
1100,1729,1641,0,162
1101,1729,1642,0,169
1102,1728,1641,0,163
1103,1729,1641,0,163
1104,1729,1640,0,152
1105,1731,1644,0,151
1106,1733,1647,0,156
1107,1734,1646,0,152
1108,1735,1647,0,152
1109,1738,1645,0,146
1110,1739,1647,0,144
1111,1740,1650,0,142
1112,1744,1654,0,146
1113,1745,1658,0,157
1114,1753,1665,0,159
1115,1755,1667,0,172
1116,1751,1665,0,166
1117,1758,1666,0,161
1118,1771,1668,0,171
1119,1773,1668,0,163
1120,1774,1668,0,166
1121,1779,1670,0,169
1122,1778,1673,0,174
1123,1777,1675,0,187
1124,1779,1673,0,204
1125,1780,1674,0,199
1126,1785,1673,0,203
1127,1789,1673,0,213
1128,1795,1674,0,238
1129,1798,1671,0,243
1130,1802,1673,0,254
1131,1802,1672,0,259
1132,1802,1670,0,268
1133,1804,1667,0,266
1134,1805,1666,0,277
1135,1809,1665,0,281
1136,1810,1663,0,290
1137,1811,1659,0,294
1138,1811,1657,0,296
1139,1809,1656,0,292
1140,1808,1656,0,297
1141,1807,1654,0,300
1142,1809,1654,0,297
1143,1809,1654,0,306
1144,1809,1654,0,303
1145,1807,1655,0,310
1146,1807,1655,0,312
1147,1808,1656,0,308
1148,1809,1658,0,308
1149,1810,1656,0,309
1150,1810,1654,0,313
1151,1809,1653,0,304
1152,1806,1653,0,316
1153,1805,1653,0,317
1154,1805,1652,0,316
1155,1805,1652,0,311
1156,1805,1652,0,310
1157,1804,1653,0,311
1158,1805,1652,0,316
1159,1805,1650,0,324
1160,1807,1650,0,328
1161,1809,1648,0,332
1162,1811,1649,0,330
1163,1809,1648,0,334
1164,1808,1649,0,326
1165,1808,1649,0,328
1166,1808,1651,0,327
1167,1809,1652,0,327
1168,1809,1649,0,334
1169,1808,1649,0,336
1170,1808,1650,0,334
1171,1808,1648,0,334
1172,1807,1648,0,331
1173,1808,1649,0,332
1174,1808,1648,0,331
1175,1807,1648,0,339
1177,1809,1643,0,356
1178,1810,1642,0,356
1179,1811,1638,0,4
1180,1811,1637,0,13
1181,1811,1636,0,10
1182,1811,1636,0,15
1183,1810,1636,0,21
1184,1809,1636,0,18
1185,1808,1637,0,16
1186,1808,1637,0,18
1187,1808,1638,0,13
1188,1809,1639,0,6
1189,1810,1639,0,5
1190,1810,1640,0,5
1191,1810,1641,0,12
1192,1809,1642,0,13
1193,1810,1641,0,7
1194,1810,1640,0,13
1195,1808,1641,0,13
1196,1807,1641,0,15
1197,1807,1641,0,14
1198,1805,1641,0,16
1199,1805,1641,0,16
1200,1805,1641,0,17
1201,1803,1642,0,15
1202,1803,1643,0,23
1203,1805,1642,0,19
1204,1805,1642,0,21
1205,1805,1642,0,23
1206,1806,1642,0,23
1207,1805,1642,0,23
1208,1805,1642,0,23
1209,1805,1642,0,23
1210,1805,1641,0,23
1211,1806,1641,0,22
1212,1807,1641,0,21
1213,1806,1641,0,23
1214,1807,1641,0,24
1215,1807,1641,0,22
1216,1805,1642,0,20
1217,1807,1642,0,19
1218,1806,1643,0,18
1219,1805,1643,0,13
1220,1804,1644,0,11
1221,1806,1644,0,12
1222,1807,1644,0,12
1223,1808,1644,0,12
1224,1809,1645,0,5
1225,1810,1648,0,4
1226,1813,1647,0,7
1227,1810,1646,0,5
1228,1811,1646,0,7
1229,1809,1646,0,7
1230,1808,1647,0,11
1231,1807,1647,0,358
1232,1808,1647,0,357
1237,1811,1651,0,346
1238,1808,1648,0,350
1239,1805,1648,0,355
1240,1805,1648,0,352
1241,1806,1649,0,354
1242,1804,1649,0,353
1243,1807,1650,0,344
1244,1809,1652,0,347
1245,1807,1654,0,344
1246,1807,1652,0,343
1247,1807,1652,0,345
1248,1808,1649,0,358
1249,1805,1648,0,355
1250,1805,1647,0,349
1251,1805,1647,0,356
1252,1805,1644,0,3
1253,1803,1643,0,8
1254,1803,1643,0,7
1255,1804,1644,0,6
1256,1809,1644,0,2
1257,1810,1643,0,1
1258,1807,1641,0,7
1259,1803,1639,0,21
1260,1804,1638,0,25
1261,1806,1636,0,31
1262,1804,1636,0,24
1263,1808,1636,0,47
1264,1807,1636,0,46
1265,1807,1637,0,50
1266,1807,1635,0,53
1267,1807,1636,0,45
1268,1807,1635,0,44
1269,1807,1635,0,47
1270,1806,1634,0,49
1271,1807,1635,0,56
1272,1807,1635,0,60
1273,1806,1636,0,63
1274,1806,1634,0,58
1275,1806,1634,0,58
1276,1805,1635,0,60
1277,1803,1637,0,71
1278,1800,1638,0,74
1279,1800,1638,0,80
1280,1800,1638,0,88
1281,1800,1639,0,83
1282,1800,1637,0,87
1283,1802,1637,0,86
1284,1806,1639,0,87
1285,1804,1640,0,82
1286,1802,1641,0,83
1287,1801,1642,0,88
1288,1796,1639,0,109
1289,1797,1640,0,101
1290,1796,1639,0,109
1291,1794,1640,0,121
1292,1794,1642,0,117
1293,1794,1642,0,108
1294,1795,1644,0,113
1295,1795,1644,0,109
1296,1795,1643,0,107
1297,1796,1643,0,111
1298,1796,1641,0,112
1299,1796,1644,0,107
1301,1795,1643,0,108
1302,1794,1638,1,286
1303,1793,1639,0,101
1304,1794,1639,1,102
1305,1795,1641,0,108
1306,1797,1638,0,112
1307,1795,1636,1,288
1308,1798,1640,0,99
1309,1798,1638,0,97
1311,1800,1643,0,92
1312,1801,1649,0,73
1313,1801,1644,0,92
1314,1800,1642,0,86
1315,1800,1642,0,87
1316,1800,1643,0,83
1317,1800,1641,0,83
1318,1799,1642,0,85
1319,1800,1644,0,84
1320,1800,1645,0,82
1321,1800,1645,0,85
1322,1800,1644,0,87
1323,1800,1643,0,95
1324,1800,1645,0,91
1325,1799,1644,0,86
1326,1799,1644,0,88
1327,1800,1644,0,87
1328,1800,1644,0,85
1329,1800,1643,0,84
1330,1800,1643,0,85
1331,1800,1643,0,83
1332,1799,1641,0,84
1333,1799,1642,0,85
1334,1800,1643,0,89
1335,1800,1642,0,83
1336,1799,1637,1,82
1337,1800,1637,1,78
1338,1799,1642,0,82
1339,1798,1644,0,82
1340,1799,1645,0,81
1341,1799,1644,0,81
1342,1799,1644,0,81
1343,1799,1643,0,81
1344,1799,1642,0,83
1345,1799,1643,0,86
1346,1799,1642,0,84
1347,1799,1642,0,85
1348,1799,1643,0,88
1349,1799,1643,0,82
1350,1799,1643,0,84
1351,1799,1644,0,83
1352,1799,1643,0,85
1353,1799,1643,0,84
1354,1799,1643,0,82
1355,1799,1643,0,83
1356,1799,1644,0,78
1357,1799,1644,0,82
1358,1800,1643,0,75
1359,1800,1642,0,79
1360,1800,1643,0,76
1361,1799,1644,0,75
1362,1799,1645,0,74
1363,1799,1644,0,68
1364,1800,1643,0,70
1365,1800,1644,0,73
1366,1800,1644,0,74
1367,1799,1645,0,74
1368,1799,1645,0,75
1369,1799,1645,0,74
1370,1799,1645,0,76
1371,1799,1645,0,76
1372,1799,1646,0,72
1373,1798,1646,0,70
1374,1798,1646,0,70
1375,1798,1647,0,70
1376,1798,1646,0,68
1377,1798,1647,0,71
1378,1798,1647,0,69
1379,1798,1647,0,72
1380,1798,1647,0,73
1381,1798,1647,0,71
1382,1798,1646,0,71
1383,1798,1647,0,69
1384,1798,1647,0,71
1385,1798,1647,0,70
1386,1798,1647,0,71
1387,1798,1647,0,69
1388,1798,1647,0,70
1389,1798,1646,0,69
1390,1798,1646,0,69
1391,1798,1646,0,70
1392,1798,1646,0,69
1393,1798,1646,0,72
1394,1798,1645,0,71
1395,1798,1646,0,72
1396,1799,1645,0,75
1397,1799,1643,0,74
1398,1798,1643,0,75
1399,1798,1644,0,80
1400,1798,1645,0,81
1401,1798,1643,0,86
1402,1797,1641,0,86
1403,1796,1641,0,86
1404,1796,1638,1,84
1405,1797,1643,0,85
1406,1798,1644,0,87
1407,1798,1644,0,83
1408,1799,1644,0,86
1409,1799,1644,0,86
1410,1798,1644,0,87
1411,1799,1644,0,86
1412,1798,1643,0,84
1413,1798,1644,0,85
1414,1798,1643,0,88
1415,1799,1643,0,90
1416,1798,1644,0,87
1417,1799,1643,0,87
1418,1798,1643,0,85
1419,1799,1644,0,85
1420,1798,1644,0,81
1421,1799,1644,0,88
1422,1798,1645,0,88
1423,1798,1642,0,80
1424,1797,1644,0,80
1425,1798,1646,0,83
1426,1797,1644,0,77
1427,1798,1644,0,80
1428,1799,1644,0,83
1429,1798,1644,0,76
1430,1797,1646,0,75
1431,1796,1645,0,66
1432,1797,1645,0,69
1433,1797,1643,0,69
1434,1797,1643,0,75
1435,1798,1644,0,77
1436,1797,1644,0,75
1437,1796,1645,0,63
1438,1796,1645,0,65
1439,1796,1645,0,69
1440,1797,1644,0,69
1441,1798,1643,0,77
1442,1798,1642,0,72
1443,1798,1643,0,72
1444,1798,1644,0,74
1445,1796,1645,0,64
1446,1797,1646,0,70
1447,1797,1645,0,66
1448,1799,1644,0,76
1449,1798,1644,0,71
1450,1799,1644,0,77
1451,1798,1644,0,79
1452,1799,1643,0,86
1453,1799,1643,0,84
1454,1799,1642,0,86
1455,1799,1642,0,83
1456,1798,1643,0,77
1457,1798,1643,0,76
1458,1799,1642,0,71
1459,1798,1644,0,74
1460,1798,1645,0,69
1461,1798,1644,0,70
1462,1798,1644,0,70
1463,1799,1644,0,72
1464,1798,1643,0,68
1465,1798,1643,0,69
1466,1798,1642,0,72
1467,1794,1643,0,82
1468,1795,1642,0,101
1469,1792,1642,0,110
1470,1789,1643,0,120
1471,1793,1646,0,128
1472,1790,1643,0,130
1473,1787,1644,1,130
1474,1786,1645,1,127
1475,1786,1646,0,144
1476,1787,1648,0,153
1477,1786,1648,0,156
1478,1786,1648,0,160
1479,1785,1649,0,157
1480,1785,1651,0,165
1481,1782,1655,0,171
1482,1776,1655,0,178
1483,1772,1653,0,177
1484,1783,1654,0,185
1485,1782,1653,0,191
1486,1782,1649,0,200
1487,1781,1648,0,199
1488,1781,1649,0,202
1489,1781,1651,0,194
1490,1781,1649,0,201
1491,1782,1650,0,205
1492,1784,1650,0,207
1493,1778,1653,0,203
1494,1780,1650,0,208
1495,1779,1650,0,203
1496,1779,1649,0,200
1497,1782,1642,0,168
1498,1791,1643,0,174
1499,1790,1643,0,176
1500,1790,1643,0,182
1501,1790,1644,0,184
1502,1790,1644,0,180
1503,1789,1645,0,182
1504,1790,1645,0,186
1505,1789,1644,0,186
1506,1789,1645,0,181
1507,1789,1645,0,184
1508,1790,1645,0,181
1509,1791,1645,0,185
1510,1788,1646,0,177
1511,1785,1645,0,187
1512,1787,1645,0,183
1513,1783,1646,0,191
1514,1782,1646,0,196
1515,1781,1648,0,199
1516,1783,1648,0,196
1517,1782,1647,0,188
1518,1776,1647,0,191
1519,1771,1650,0,179
1520,1781,1649,0,185
1521,1780,1648,0,188
1522,1779,1648,0,189
1523,1780,1648,0,190
1524,1777,1646,0,179
1525,1780,1647,0,184
1526,1781,1647,0,186
1527,1780,1646,0,192
1528,1780,1646,0,201
1529,1781,1647,0,204
1530,1781,1648,0,201
1531,1780,1649,0,196
1532,1781,1650,0,190
1533,1780,1649,0,194
1534,1781,1648,0,193
1535,1780,1646,0,198
1536,1781,1645,0,199
1537,1785,1644,0,208
1538,1784,1645,0,191
1539,1772,1641,0,169
1540,1771,1642,0,171
1541,1784,1645,0,197
1542,1785,1645,0,196
1543,1784,1645,0,197
1544,1785,1645,0,198
1545,1785,1645,0,198
1546,1787,1643,0,191
1547,1788,1643,0,182
1548,1791,1643,0,178
1549,1788,1642,0,180
1550,1789,1643,0,179
1551,1787,1643,0,182
1552,1785,1644,0,187
1553,1788,1645,0,195
1554,1788,1645,0,197
1555,1787,1645,0,196
1556,1789,1645,0,195
1557,1787,1645,0,193
1558,1787,1645,0,195
1559,1788,1645,0,197
1560,1788,1644,0,196
1561,1789,1644,0,199
1562,1789,1645,0,200
1563,1786,1645,0,199
1564,1785,1646,0,201
1565,1784,1646,0,204
1566,1784,1645,0,205
1567,1784,1646,0,202
1568,1783,1646,0,202
1569,1784,1646,0,202
1570,1784,1646,0,203
1571,1785,1646,0,202
1572,1780,1648,0,204
1573,1781,1648,0,204
1574,1783,1648,0,206
1575,1783,1649,0,207
1576,1783,1649,0,209
1577,1783,1650,0,212
1578,1784,1649,0,212
1579,1787,1650,0,212
1580,1786,1649,0,207
1581,1784,1649,0,200
1582,1787,1648,0,200
1583,1784,1650,0,207
1584,1786,1651,0,212
1585,1793,1647,0,212
1586,1798,1645,0,208
1587,1787,1651,0,203
1588,1793,1645,0,191
1589,1795,1643,0,187
1590,1796,1641,0,160
1591,1798,1641,0,140
1592,1798,1639,0,129
1593,1798,1641,0,131
1594,1801,1643,0,117
1595,1798,1642,0,131
1596,1801,1645,0,113
1597,1801,1643,0,118
1600,1809,1634,0,36
1601,1810,1635,0,36
1602,1808,1635,0,41
1603,1808,1634,0,43
1604,1809,1634,0,38
1605,1808,1633,0,39
1606,1808,1631,0,43
1607,1809,1631,0,41
1608,1809,1630,0,41
1609,1810,1630,0,40
1610,1810,1630,0,39
1611,1810,1629,0,39
1612,1811,1629,0,39
1613,1811,1629,0,40
1614,1810,1629,0,42
1615,1808,1630,0,42
1616,1809,1633,0,45
1617,1808,1634,0,49
1618,1806,1634,0,45
1619,1805,1636,0,41
1620,1805,1636,0,42
1621,1805,1636,0,35
1622,1806,1637,0,38
1623,1805,1637,0,28
1624,1805,1637,0,24
1625,1807,1638,0,39
1626,1808,1636,0,39
1627,1805,1638,0,41
1628,1805,1639,0,54
1629,1805,1637,0,50
1630,1805,1637,0,52
1631,1806,1637,0,48
1632,1803,1639,0,50
1633,1803,1639,0,54
1634,1804,1637,0,50
1635,1803,1636,0,51
1636,1800,1639,0,58
1637,1801,1638,0,58
1638,1801,1639,0,56
1639,1801,1639,0,57
1640,1802,1639,0,53
1641,1803,1638,0,52
1642,1803,1638,0,52
1643,1804,1638,0,50
1644,1803,1639,0,55
1645,1803,1638,0,53
1646,1804,1636,0,51
1647,1806,1636,0,53
1648,1805,1636,0,45
1649,1804,1637,0,51
1650,1805,1636,0,46
1651,1805,1635,0,44
1652,1805,1635,0,51
1653,1804,1636,0,48
1654,1804,1636,0,46
1655,1803,1637,0,56
1656,1803,1638,0,56
1657,1803,1639,0,53
1658,1804,1637,0,54
1659,1804,1637,0,57
1660,1805,1636,0,54
1661,1805,1636,0,50
1662,1807,1634,0,44
1663,1808,1633,0,42
1664,1807,1634,0,49
1665,1806,1634,0,48
1666,1807,1633,0,47
1667,1808,1630,0,46
1668,1807,1632,0,44
1669,1808,1632,0,44
1670,1808,1633,0,44
1671,1808,1633,0,44
1672,1807,1634,0,47
1673,1806,1634,0,45
1674,1804,1636,0,48
1675,1803,1637,0,51
1676,1803,1637,0,56
1677,1803,1638,0,56
1678,1803,1638,0,53
1679,1803,1637,0,52
1680,1803,1637,0,52
1681,1803,1637,0,51
1682,1804,1637,0,50
1683,1804,1637,0,49
1684,1803,1638,0,53
1685,1803,1638,0,55
1686,1803,1637,0,54
1687,1803,1638,0,54
1688,1803,1638,0,54
1689,1803,1638,0,54
1690,1802,1638,0,53
1691,1802,1639,0,53
1692,1803,1638,0,52
1693,1802,1638,0,54
1694,1803,1637,0,56
1695,1802,1637,0,59
1696,1802,1637,0,57
1697,1802,1636,0,54
1698,1803,1637,0,55
1699,1803,1637,0,55
1700,1803,1637,0,53
1701,1803,1637,0,51
1702,1804,1636,0,48
1703,1804,1637,0,48
1704,1806,1636,0,42
1705,1805,1637,0,45
1706,1805,1637,0,41
1707,1806,1636,0,38
1708,1810,1632,0,39
1709,1812,1630,0,37
1710,1808,1633,0,40
1711,1810,1633,0,38
1712,1806,1636,0,39
1713,1806,1637,0,41
1714,1805,1637,0,42
1715,1805,1637,0,42
1716,1807,1635,0,39
1717,1803,1638,0,48
1718,1802,1638,0,49
1719,1803,1638,0,48
1720,1804,1637,0,42
1721,1805,1635,0,37
1722,1806,1635,0,37
1723,1807,1634,0,38
1724,1805,1637,0,45
1725,1805,1637,0,43
1726,1805,1638,0,44
1727,1806,1637,0,45
1728,1807,1635,0,39
1729,1805,1635,0,43
1730,1805,1637,0,45
1731,1806,1637,0,47
1732,1808,1635,0,39
1733,1807,1635,0,37
1734,1806,1636,0,45
1735,1808,1634,0,44
1736,1808,1635,0,44
1737,1806,1637,0,47
1738,1806,1636,0,44
1739,1806,1636,0,45
1740,1806,1636,0,42
1741,1806,1637,0,47
1742,1807,1635,0,42
1743,1807,1635,0,44
1744,1807,1635,0,45
1745,1806,1635,0,46
1746,1806,1636,0,46
1747,1805,1638,0,50
1748,1808,1635,0,41
1749,1809,1634,0,42
1750,1805,1637,0,46
1751,1812,1632,0,27
1752,1810,1633,0,34
1753,1805,1638,0,47
1754,1805,1638,0,50
1755,1806,1638,0,49
1756,1806,1638,0,48
1757,1809,1633,0,37
1758,1805,1638,0,49
1759,1805,1640,0,46
1760,1807,1639,0,45
1761,1807,1638,0,44
1762,1807,1638,0,43
1763,1809,1636,0,41
1764,1807,1637,0,44
1765,1807,1637,0,41
1766,1809,1638,0,43
1767,1810,1635,0,41
1768,1809,1636,0,40
1769,1811,1632,0,42
1770,1810,1633,0,43
1771,1810,1636,0,41
1772,1812,1634,0,43
1773,1811,1634,0,43
1774,1811,1632,0,40
1775,1809,1636,0,43
1776,1807,1637,0,42
1777,1806,1638,0,38
1778,1805,1638,0,41
1779,1805,1638,0,39
1780,1814,1635,0,29
1781,1811,1637,0,26
1782,1810,1637,0,26
1783,1807,1638,0,27
1784,1807,1638,0,30
1786,1808,1639,0,37
1787,1809,1641,0,31
1788,1811,1641,1,55
1789,1810,1641,0,49
1790,1809,1642,0,42
1791,1809,1641,0,37
1792,1808,1642,0,34
1793,1809,1640,0,41
1794,1811,1637,0,50
1795,1811,1637,0,48
1796,1811,1637,1,48
1797,1812,1637,0,42
1798,1812,1637,0,43
1799,1811,1638,0,41
1800,1811,1637,0,41
1801,1811,1638,0,40
1802,1808,1639,0,35
1803,1811,1635,0,38
1804,1811,1636,0,44
1805,1813,1634,0,42
1806,1813,1634,0,40
1807,1811,1637,0,29
1808,1810,1639,0,34
1809,1809,1638,0,32
1810,1806,1640,0,33
1811,1805,1641,0,37
1812,1804,1640,0,37
1813,1805,1640,0,34
1814,1806,1639,0,31
1815,1807,1639,0,34
1816,1808,1639,0,34
1817,1809,1639,0,28
1818,1809,1639,0,27
1819,1809,1638,0,28
1820,1809,1638,0,33
1821,1807,1639,0,30
1822,1807,1639,0,35
1823,1806,1638,0,29
1824,1806,1637,0,25
1825,1804,1639,0,34
1826,1803,1639,0,37
1827,1803,1639,0,41
1828,1806,1637,0,37
1829,1804,1639,0,39
1830,1803,1640,0,41
1831,1804,1639,0,30
1832,1803,1640,0,42
1833,1803,1641,0,45
1834,1803,1640,0,41
1835,1803,1642,0,44
1836,1804,1642,0,49
1837,1804,1640,0,46
1838,1803,1641,0,43
1839,1805,1638,0,34
1840,1806,1638,0,26
1841,1805,1639,0,32
1842,1805,1639,0,32
1843,1805,1639,0,32
1844,1805,1639,0,26
1845,1805,1639,0,31
1846,1804,1639,0,31
1847,1804,1639,0,32
1848,1804,1640,0,37
1849,1805,1640,0,33
1850,1805,1639,0,30
1851,1807,1638,0,28
1852,1806,1638,0,27
1853,1805,1639,0,32
1854,1805,1638,0,37
1855,1805,1638,0,31
1856,1805,1639,0,28
1857,1805,1639,0,28
1858,1804,1639,0,29
1859,1804,1639,0,33
1860,1805,1639,0,31
1861,1805,1639,0,22
1862,1805,1639,0,26
1863,1805,1639,0,25
1864,1805,1638,0,18
1865,1806,1638,0,27
1866,1806,1640,0,43
1867,1806,1640,0,48
1868,1807,1637,0,29
1869,1806,1640,0,41
1870,1807,1639,0,35
1871,1808,1638,0,27
1872,1807,1638,0,31
1873,1807,1639,0,38
1874,1807,1638,0,36
1875,1807,1639,0,37
1876,1807,1640,0,37
1877,1807,1641,0,43
1878,1806,1641,0,43
1879,1806,1641,0,50
1880,1806,1641,0,42
1881,1806,1641,0,44
1882,1806,1640,0,30
1883,1806,1641,0,33
1884,1806,1642,0,39
1885,1807,1641,0,42
1886,1807,1641,0,45
1887,1807,1641,0,41
1888,1807,1641,0,37
1889,1807,1641,0,35
1890,1807,1641,0,41
1891,1807,1640,0,44
1892,1806,1641,0,44
1893,1807,1640,0,48
1894,1807,1640,0,49
1895,1806,1640,0,52
1896,1806,1641,0,51
1897,1806,1641,0,41
1898,1806,1641,0,38
1899,1805,1641,0,35
1900,1807,1639,0,29
1901,1807,1639,0,29
1902,1807,1639,0,31
1903,1806,1640,0,32
1904,1806,1640,0,33
1905,1806,1640,0,39
1906,1806,1640,0,37
1907,1807,1639,0,31
1908,1807,1640,0,39
1909,1806,1640,0,36
1910,1807,1639,0,27
1911,1807,1639,0,38
1912,1806,1641,0,49
1913,1806,1641,0,42
1914,1805,1641,0,47
1915,1805,1640,0,44
1916,1806,1640,0,34
1917,1806,1640,0,46
1918,1806,1640,0,51
1919,1806,1639,0,44
1920,1804,1639,0,42
1921,1804,1639,0,47
1922,1804,1640,0,45
1923,1804,1640,0,46
1924,1804,1638,0,35
1925,1804,1638,0,45
1926,1804,1638,0,41
1927,1804,1638,0,47
1928,1804,1637,0,24
1929,1803,1639,0,40
1930,1803,1639,0,45
1931,1804,1638,0,46
1932,1803,1638,0,42
1933,1804,1637,0,39
1934,1804,1637,0,43
1935,1804,1638,0,41
1936,1803,1639,0,40
1937,1803,1641,0,40
1938,1803,1642,0,46
1939,1803,1641,0,45
1940,1802,1641,0,44
1941,1801,1644,0,50
1942,1800,1645,0,53
1943,1803,1643,0,56
1944,1802,1641,0,53
1945,1804,1639,0,47
1946,1804,1639,0,45
1947,1803,1638,0,35
1948,1802,1639,0,41
1949,1804,1638,0,38
1950,1805,1638,0,40
1951,1803,1639,0,39
1952,1803,1639,0,40
1953,1803,1639,0,45
1954,1800,1641,0,45
1955,1801,1641,0,35
1956,1800,1642,0,39
1957,1801,1641,0,41
1958,1800,1641,0,38
1959,1800,1642,0,40
1960,1799,1643,0,44
1961,1805,1640,0,52
1962,1806,1640,0,49
1963,1805,1640,0,44
1964,1804,1639,0,44
1965,1804,1638,0,44
1966,1803,1640,0,45
1967,1803,1641,0,50
1968,1804,1640,0,41
1969,1802,1639,0,40
1970,1801,1641,0,43
1971,1801,1641,0,40
1972,1802,1641,0,37
1973,1802,1641,0,34
1974,1803,1640,0,36
1975,1804,1641,0,37
1976,1804,1640,0,38
1977,1804,1641,0,35
1978,1804,1642,0,34
1979,1804,1644,0,42
1980,1804,1643,0,40
1981,1803,1645,0,52
1982,1803,1645,0,51
1983,1802,1645,0,50
1984,1802,1645,0,50
1985,1802,1645,0,53
1986,1801,1646,0,59
1987,1801,1646,0,55
1988,1800,1647,0,58
1989,1800,1647,0,60
1990,1800,1648,0,61
1991,1802,1643,0,44
1992,1801,1647,0,58
1993,1800,1649,0,60
1994,1800,1648,0,57
1995,1801,1646,0,55
1996,1803,1642,0,48
1997,1802,1644,0,47
1998,1802,1643,0,47
1999,1802,1642,0,42
2000,1803,1641,0,44
2001,1803,1641,0,46
2002,1803,1642,0,44
2003,1803,1643,0,40
2004,1802,1642,0,38
2005,1802,1642,0,41
2006,1803,1641,0,42
2007,1804,1640,0,39
2008,1803,1641,0,43
2009,1804,1640,0,36
2010,1805,1638,0,31
2011,1805,1639,0,35
2012,1803,1641,0,39
2013,1802,1642,0,41
2014,1803,1641,0,34
2015,1803,1640,0,34
2016,1803,1640,0,33
2017,1803,1641,0,34
2018,1804,1640,0,31
2019,1806,1638,0,33
2020,1808,1638,0,39
2021,1809,1635,0,30
2022,1811,1633,0,32
2023,1809,1637,0,48
2024,1805,1639,0,46
2025,1806,1638,0,45
2026,1806,1637,0,41
2027,1805,1638,0,35
2028,1805,1638,0,39
2029,1802,1640,0,47
2030,1800,1642,0,44
2031,1800,1642,0,41
2032,1803,1639,0,35
2033,1800,1642,0,42
2034,1800,1642,0,39
2035,1802,1642,0,46
2036,1801,1643,0,44
2037,1800,1643,0,42
2038,1800,1643,0,42
2039,1799,1644,0,39
2040,1801,1643,0,45
2041,1804,1641,0,44
2042,1804,1639,0,42
2043,1803,1639,0,40
2044,1804,1637,0,41
2045,1803,1638,0,42
2046,1802,1639,0,42
2047,1801,1642,0,46
2048,1802,1642,0,46
2049,1802,1642,0,48
2050,1802,1642,0,47
2051,1803,1640,0,45
2052,1803,1640,0,42
2053,1804,1639,0,41
2054,1805,1638,0,39
2055,1806,1637,0,43
2056,1805,1637,0,38
2057,1804,1639,0,29
2058,1804,1639,0,35
2059,1805,1638,0,39
2060,1805,1639,0,49
2061,1807,1637,0,48
2062,1805,1639,0,46
2063,1804,1640,0,49
2064,1805,1638,0,50
2065,1804,1638,0,51
2066,1803,1639,0,46
2067,1803,1637,0,46
2068,1803,1636,0,46
2069,1802,1637,0,44
2070,1800,1640,0,50
2071,1805,1636,0,46
2072,1805,1636,0,49
2073,1806,1634,0,48
2074,1807,1633,0,48
2075,1807,1635,0,47
2076,1807,1634,0,50
2077,1805,1638,0,55
2078,1805,1639,0,56
2079,1808,1637,0,55
2080,1810,1633,0,54
2081,1811,1631,1,58
2082,1811,1631,1,59
2083,1806,1637,0,53
2084,1805,1638,0,50
2085,1805,1638,0,50
2086,1804,1638,0,51
2087,1804,1638,0,48
2088,1804,1637,0,45
2089,1804,1637,0,45
2090,1804,1637,0,45
2091,1804,1637,0,45
2092,1803,1638,0,47
2093,1803,1638,0,46
2094,1803,1638,0,45
2095,1803,1639,0,44
2096,1802,1640,0,46
2097,1803,1640,0,43
2098,1803,1639,0,42
2099,1803,1640,0,42
2100,1804,1639,0,41
2101,1803,1639,0,39
2102,1803,1639,0,36
2103,1802,1640,0,38
2104,1802,1639,0,39
2105,1803,1639,0,38
2106,1804,1638,0,37
2107,1803,1639,0,37
2108,1803,1639,0,38
2109,1804,1638,0,38
2110,1804,1638,0,39
2111,1804,1638,0,37
2112,1804,1639,0,37
2113,1804,1639,0,33
2114,1804,1639,0,33
2115,1803,1639,0,34
2116,1804,1639,0,35
2117,1804,1638,0,41
2118,1806,1638,0,43
2119,1806,1638,0,41
2120,1804,1639,0,43
2121,1804,1639,0,42
2122,1805,1639,0,45
2123,1802,1641,0,46
2124,1802,1641,0,44
2125,1802,1640,0,43
2126,1803,1639,0,47
2127,1804,1638,0,47
2128,1804,1638,0,51
2129,1803,1638,0,47
2130,1803,1639,0,52
2131,1805,1638,0,53
2132,1805,1638,0,47
2133,1804,1638,0,45
2134,1805,1638,0,42
2135,1804,1639,0,45
2136,1806,1636,0,42
2137,1806,1636,0,45
2141,1809,1637,0,11
2142,1811,1638,0,29
2143,1813,1636,0,57
2144,1814,1635,0,52
2149,1811,1638,0,53
2150,1809,1639,0,53
2154,1807,1640,0,51
2155,1803,1647,0,13
2156,1807,1639,0,52
2157,1807,1638,0,53
2158,1807,1639,0,52
2159,1807,1639,0,52
2160,1810,1634,0,55
2161,1810,1635,0,55
2162,1813,1630,0,235
2171,1807,1638,0,53
2172,1805,1640,0,50
2173,1805,1639,0,48
2174,1806,1638,0,52
2176,1807,1639,0,56
2180,1808,1639,0,61
2181,1807,1639,0,52
2182,1807,1639,0,49
2183,1807,1639,0,49
2184,1808,1639,0,53
2185,1808,1638,0,52
2186,1807,1638,0,53
2187,1808,1638,0,54
2188,1806,1639,0,52
2189,1806,1641,0,51
2190,1805,1640,0,46
2191,1804,1641,0,49
2192,1803,1641,0,46
2193,1804,1640,0,47
2194,1805,1640,0,51
2195,1805,1640,0,51
2196,1806,1641,0,55
2197,1805,1641,0,53
2198,1805,1640,0,50
2199,1806,1640,0,48
2200,1805,1640,0,48
2201,1804,1640,0,51
2202,1804,1641,0,55
2203,1803,1642,0,55
2204,1804,1641,0,53
2205,1803,1640,0,53
2206,1803,1638,0,58
2207,1803,1639,0,55
2208,1802,1639,0,54
2209,1803,1637,0,50
2210,1803,1638,0,49
2211,1803,1639,0,50
2212,1804,1639,0,50
2213,1803,1639,0,49
2214,1803,1638,0,49
2215,1804,1637,0,49
2216,1804,1637,0,47
2217,1803,1637,0,49
2218,1802,1637,0,50
2219,1803,1637,0,51
2220,1803,1637,0,51
2221,1803,1637,0,50
2222,1803,1636,0,45
2223,1803,1638,0,47
2224,1803,1640,0,53
2225,1802,1643,0,57
2226,1802,1643,0,58
2227,1802,1640,0,80
2230,1803,1643,0,60
2231,1804,1643,0,63
2232,1805,1641,0,60
2233,1805,1640,0,58
2234,1804,1641,0,53
2235,1804,1640,0,49
2236,1804,1640,0,46
2237,1805,1639,0,50
2238,1805,1639,0,50
2239,1805,1639,0,50
2240,1805,1639,0,47
2241,1805,1639,0,47
2242,1804,1639,0,45
2243,1803,1640,0,45
2244,1802,1642,0,47
2245,1802,1642,0,44
2246,1803,1642,0,46
2247,1804,1639,0,51
2248,1803,1639,0,49
2249,1804,1638,0,47
2250,1803,1639,0,47
2251,1803,1638,0,45
2252,1804,1638,0,47
2253,1804,1639,0,50
2254,1803,1639,0,49
2255,1803,1639,0,47
2256,1803,1638,0,45
2257,1803,1638,0,44
2258,1803,1639,0,48
2259,1802,1639,0,46
2260,1803,1638,0,46
2261,1802,1640,0,48
2262,1803,1638,0,48
2263,1803,1640,0,52
2264,1802,1641,0,50
2265,1802,1640,0,49
2266,1804,1638,0,49
2267,1803,1639,0,46
2268,1804,1638,0,48
2269,1804,1638,0,51
2270,1804,1638,0,52
2271,1803,1637,0,51
2272,1804,1637,0,49
2273,1803,1637,0,48
2274,1803,1637,0,52
2275,1803,1638,0,53
2276,1803,1638,0,53
2277,1803,1638,0,50
2278,1802,1639,0,50
2279,1802,1639,0,49
2280,1802,1639,0,53
2281,1801,1640,0,53
2282,1801,1639,0,53
2283,1802,1639,0,51
2284,1801,1640,0,51
2285,1801,1641,0,52
2286,1802,1639,0,52
2287,1803,1638,0,52
2288,1803,1638,0,51
2289,1802,1640,0,50
2290,1801,1641,0,47
2291,1802,1640,0,50
2292,1802,1640,0,49
2293,1802,1642,0,48
2294,1802,1644,0,49
2295,1802,1643,0,51
2296,1808,1639,0,52
2297,1806,1639,0,45
2298,1806,1639,0,31
2299,1806,1639,0,35
2300,1804,1641,0,38
2301,1803,1641,0,38
2302,1803,1641,0,39
2303,1802,1641,0,39
2304,1803,1640,0,40
2305,1803,1640,0,39
2306,1804,1638,0,43
2307,1804,1638,0,43
2308,1802,1640,0,48
2309,1803,1640,0,47
2310,1804,1638,0,48
2311,1804,1638,0,50
2312,1803,1639,0,53
2313,1804,1638,0,54
2314,1803,1639,0,52
2315,1803,1640,0,55
2316,1802,1640,0,52
2317,1804,1638,0,53
2318,1805,1638,0,56
2319,1804,1638,0,53
2320,1804,1639,0,57
2321,1804,1639,0,53
2322,1804,1640,0,55
2323,1803,1641,0,58
2324,1802,1642,0,58
2325,1803,1641,0,55
2326,1802,1640,0,52
2327,1801,1644,0,61
2328,1801,1649,0,81
2329,1799,1651,0,72
2330,1799,1651,0,68
2331,1802,1641,0,48
2332,1801,1642,0,49
2333,1800,1643,0,50
2334,1801,1641,0,46
2335,1801,1642,0,47
2336,1800,1643,0,48
2337,1799,1643,0,48
2338,1799,1643,0,49
2339,1791,1657,0,60
2340,1798,1644,0,48
2341,1798,1643,0,41
2342,1800,1641,0,43
2343,1800,1641,0,42
2344,1800,1642,0,43
2345,1799,1642,0,42
2346,1801,1641,0,46
2347,1800,1641,0,44
2348,1801,1640,0,44
2349,1801,1641,0,44
2350,1800,1641,0,42
2351,1800,1641,0,42
2352,1799,1641,0,43
2353,1799,1641,0,42
2354,1799,1642,0,42
2355,1799,1641,0,42
2356,1799,1642,0,44
2357,1799,1641,0,44
2358,1799,1641,0,46
2359,1799,1641,0,47
2360,1798,1642,0,44
2361,1799,1642,0,43
2362,1802,1641,0,46
2363,1803,1639,0,47
2364,1803,1639,0,47
2365,1802,1640,0,47
2366,1802,1639,0,46
2367,1802,1640,0,45
2368,1801,1640,0,44
2369,1801,1640,0,44
2370,1800,1639,0,44
2371,1801,1640,0,51
2372,1803,1638,0,39
2373,1802,1639,0,43
2374,1804,1636,0,41
2375,1802,1639,0,47
2376,1802,1638,0,45
2377,1802,1638,0,42
2378,1801,1638,0,44
2379,1802,1638,0,47
2380,1802,1639,0,48
2381,1802,1639,0,45
2382,1803,1638,0,46
2383,1803,1639,0,45
2384,1802,1639,0,46
2385,1802,1639,0,47
2386,1803,1639,0,47
2387,1803,1638,0,46
2388,1802,1639,0,46
2389,1802,1639,0,47
2390,1802,1639,0,46
2391,1802,1639,0,46
2392,1800,1639,0,47
2393,1802,1639,0,47
2394,1800,1639,0,46
2395,1801,1639,0,47
2396,1801,1639,0,46
2397,1800,1640,0,48
2398,1801,1639,0,47
2399,1801,1640,0,49
2400,1801,1641,0,51
2401,1801,1641,0,50
2402,1801,1640,0,47
2403,1801,1640,0,52
2404,1800,1640,0,48
2405,1800,1640,0,48
2406,1800,1640,0,47
2407,1800,1640,0,46
2408,1800,1641,0,47
2409,1800,1641,0,46
2410,1801,1640,0,41
2411,1802,1639,0,43
2412,1802,1639,0,43
2413,1800,1640,0,45
2414,1801,1640,0,44
2415,1800,1641,0,43
2416,1801,1640,0,45
2417,1801,1640,0,44
2418,1800,1640,0,43
2419,1801,1640,0,41
2420,1800,1640,0,40
2421,1801,1641,0,40
2422,1800,1641,0,38
2423,1800,1641,0,41
2424,1802,1639,0,41
2425,1803,1639,0,43
2426,1804,1638,0,43
2427,1803,1638,0,41
2428,1802,1639,0,44
2429,1801,1640,0,46
2430,1800,1641,0,46
2431,1800,1640,0,48
2432,1800,1640,0,49
2433,1801,1640,0,51
2434,1800,1639,0,51
2435,1800,1639,0,51
2436,1800,1639,0,50
2437,1801,1639,0,50
2438,1801,1639,0,51
2439,1800,1640,0,51
2440,1800,1639,0,50
2441,1800,1639,0,50
2442,1801,1639,0,47
2443,1800,1639,0,47
2444,1800,1639,0,48
2445,1800,1640,0,48
2446,1800,1639,0,46
2447,1800,1639,0,47
2448,1800,1639,0,47
2449,1800,1640,0,49
2450,1801,1639,0,49
2451,1801,1640,0,54
2452,1801,1640,0,56
2453,1801,1640,0,51
2454,1801,1639,0,52
2455,1801,1639,0,52
2456,1801,1640,0,52
2457,1801,1640,0,53
2458,1801,1640,0,52
2459,1800,1641,0,50
2460,1801,1640,0,49
2461,1801,1640,0,49
2462,1800,1640,0,46
2463,1801,1639,0,47
2464,1801,1639,0,48
2465,1804,1637,0,44
2466,1807,1635,0,38
2467,1803,1637,0,44
2468,1805,1636,0,49
2469,1803,1638,0,48
2470,1802,1639,0,49
2471,1802,1638,0,48
2472,1802,1639,0,50
2473,1802,1639,0,52
2474,1801,1638,0,51
2475,1801,1639,0,52
2476,1802,1638,0,52
2477,1802,1639,0,52
2478,1802,1638,0,51
2479,1803,1638,0,47
2480,1803,1638,0,46
2481,1803,1638,0,48
2482,1803,1638,0,47
2483,1803,1638,0,46
2484,1803,1637,0,47
2485,1803,1637,0,45
2486,1803,1638,0,45
2487,1803,1637,0,42
2488,1803,1637,0,44
2489,1803,1636,0,42
2490,1803,1637,0,45
2491,1803,1637,0,45
2492,1802,1637,0,45
2493,1802,1637,0,45
2494,1802,1638,0,47
2495,1801,1637,0,49
2496,1801,1638,0,54
2497,1800,1638,0,55
2498,1800,1638,0,55
2499,1800,1637,0,55
2500,1800,1638,0,55
2501,1800,1638,0,55
2502,1800,1637,0,56
2503,1800,1638,0,59
2504,1800,1638,0,63
2505,1800,1638,0,63
2506,1800,1638,0,60
2507,1801,1638,0,55
2508,1801,1639,0,55
2509,1802,1638,0,55
2510,1801,1638,0,58
2511,1801,1638,0,57
2512,1800,1640,0,60
2513,1801,1639,0,59
2514,1801,1639,0,59
2515,1801,1639,0,59
2516,1801,1637,0,53
2517,1802,1637,0,53
2518,1802,1638,0,55
2519,1802,1637,0,53
2520,1800,1640,0,54
2521,1801,1640,0,52
2522,1800,1643,0,49
2523,1807,1638,0,54
2524,1808,1636,0,53
2525,1805,1639,0,52
2526,1802,1640,0,53
2527,1802,1641,0,51
2528,1802,1640,0,45
2529,1803,1640,0,43
2530,1801,1643,0,44
2531,1802,1643,0,49
2532,1804,1640,0,51
2533,1804,1640,0,45
2534,1804,1640,0,43
2535,1802,1641,0,43
2536,1802,1641,0,46
2537,1803,1640,0,51
2538,1803,1641,0,51
2539,1803,1640,0,53
2540,1802,1641,0,52
2541,1803,1641,0,56
2542,1802,1642,0,52
2543,1801,1643,0,50
2544,1801,1643,0,47
2545,1802,1643,0,50
2546,1800,1643,0,50
2547,1801,1642,0,48
2548,1801,1641,0,44
2549,1802,1641,0,48
2550,1802,1641,0,46
2551,1801,1641,0,44
2552,1800,1641,0,42
2553,1800,1641,0,43
2554,1799,1642,0,40
2555,1799,1642,0,44
2556,1800,1641,0,48
2557,1799,1643,0,54
2558,1799,1642,0,50
2559,1797,1644,0,52
2560,1797,1643,0,50
2561,1797,1644,0,52
2562,1797,1643,0,53
2563,1796,1644,0,55
2564,1796,1645,0,60
2565,1796,1644,0,56
2566,1798,1643,0,55
2567,1797,1644,0,53
2568,1798,1644,0,53
2569,1798,1644,0,52
2570,1797,1645,0,52
2571,1798,1644,0,50
2572,1797,1644,0,50
2573,1799,1642,0,47
2574,1800,1641,0,50
2575,1800,1641,0,52
2576,1800,1641,0,53
2577,1801,1640,0,53
2578,1801,1640,0,51
2579,1799,1642,0,55
2580,1799,1641,0,50
2581,1798,1640,0,49
2582,1798,1643,0,63
2583,1796,1645,0,67
2584,1796,1645,0,59
2585,1799,1642,0,59
2586,1797,1646,0,60
2587,1798,1643,0,59
2588,1799,1641,0,56
2589,1800,1641,0,58
2590,1800,1640,0,54
2591,1799,1642,0,55
2592,1799,1642,0,55
2593,1798,1643,0,52
2594,1798,1642,0,48
2595,1797,1644,0,48
2596,1798,1642,0,48
2597,1797,1644,0,51
2598,1796,1645,0,51
2599,1796,1645,0,53
2600,1796,1645,0,52
2601,1797,1643,0,50
2602,1797,1644,0,50
2603,1797,1644,0,51
2604,1797,1642,0,45
2605,1797,1643,0,47
2606,1798,1643,0,48
2607,1798,1642,0,49
2608,1798,1643,0,46
2609,1799,1642,0,47
2610,1799,1643,0,51
2611,1798,1644,0,47
2612,1798,1644,0,50
2613,1798,1643,0,47
2614,1797,1645,0,49
2615,1797,1645,0,51
2616,1799,1644,0,56
2617,1799,1642,0,56
2618,1799,1641,0,55
2619,1799,1642,0,52
2620,1798,1642,0,51
2621,1798,1642,0,48
2622,1797,1643,0,49
2623,1798,1642,0,49
2624,1798,1642,0,47
2625,1800,1640,0,47
2626,1798,1643,0,50
2627,1802,1640,0,47
2628,1802,1640,0,43
2629,1801,1640,0,39
2630,1801,1641,0,48
2631,1799,1641,0,52
2632,1799,1642,0,57
2633,1798,1644,0,56
2634,1796,1645,0,54
2635,1796,1645,0,54
2636,1796,1645,0,55
2637,1797,1643,0,53
2638,1798,1643,0,52
2639,1798,1643,0,56
2640,1796,1645,0,66
2641,1795,1645,0,60
2642,1795,1645,0,62
2643,1795,1643,0,58
2644,1795,1643,0,55
2645,1795,1643,0,58
2646,1797,1638,1,56
2647,1797,1638,1,54
2648,1797,1639,0,69
2649,1798,1637,1,40
2650,1799,1638,1,39
2651,1799,1638,1,44
2652,1800,1637,1,63
2653,1801,1637,0,60
2654,1801,1636,0,43
2655,1800,1639,0,52
2656,1797,1646,0,51
2657,1797,1647,0,57
2658,1797,1646,0,55
2659,1799,1644,0,54
2660,1797,1646,0,47
2661,1796,1646,0,52
2662,1797,1647,0,53
2663,1797,1646,0,54
2664,1796,1646,0,53
2665,1795,1645,0,49
2666,1797,1644,0,49
2667,1796,1644,0,47
2668,1797,1643,0,47
2669,1797,1644,0,45
2670,1797,1643,0,45
2671,1798,1642,0,43
2672,1797,1642,0,43
2673,1797,1642,0,43
2674,1797,1641,0,42
2675,1797,1642,0,45
2676,1798,1643,0,45
2677,1798,1642,0,42
2678,1798,1643,0,43
2679,1798,1643,0,44
2680,1798,1643,0,44
2681,1798,1643,0,50
2682,1797,1644,0,49
2683,1797,1644,0,50
2684,1797,1643,0,47
2685,1797,1644,0,52
2686,1797,1644,0,49
2687,1797,1644,0,48
2688,1797,1643,0,43
2689,1796,1643,0,45
2690,1798,1642,0,45
2691,1797,1642,0,47
2692,1798,1642,0,49
2693,1799,1641,0,50
2694,1805,1638,0,46
2695,1807,1636,0,44
2696,1805,1636,0,44
2697,1805,1637,0,41
2698,1804,1637,0,39
2699,1803,1639,0,38
2700,1802,1638,0,39
2701,1802,1638,0,43
2702,1802,1639,0,38
2703,1803,1639,0,38
2704,1803,1640,0,35
2705,1803,1640,0,45
2706,1803,1639,0,42
2707,1802,1640,0,39
2708,1801,1642,0,50
2709,1799,1645,0,58
2710,1800,1644,0,52
2711,1801,1644,0,55
2712,1802,1641,0,49
2713,1802,1640,0,48
2714,1805,1641,0,52
2715,1807,1638,0,49
2716,1805,1638,0,48
2717,1805,1638,0,50
2718,1809,1633,0,37
2719,1802,1639,0,45
2720,1802,1640,0,48
2721,1801,1641,0,47
2722,1801,1642,0,47
2723,1802,1641,0,48
2724,1802,1640,0,47
2725,1801,1640,0,43
2726,1804,1637,0,48
2727,1803,1640,0,44
2728,1804,1638,0,40
2729,1805,1637,0,44
2730,1802,1639,0,44
2731,1802,1641,0,50
2732,1803,1642,0,51
2733,1803,1643,0,56
2734,1804,1642,0,58
2735,1807,1639,0,63
2736,1808,1638,0,61
2737,1807,1638,0,54
2738,1798,1648,0,49
2739,1809,1637,0,44
2740,1806,1639,0,39
2741,1806,1638,0,32
2742,1805,1638,0,31
2743,1805,1639,0,32
2744,1803,1640,0,35
2745,1800,1641,0,35
2746,1802,1641,0,39
2747,1802,1641,0,42
2748,1802,1641,0,39
2749,1804,1638,0,46
2750,1803,1639,0,47
2751,1802,1641,0,50
2752,1802,1641,0,48
2753,1802,1640,0,40
2754,1801,1642,0,50
2755,1801,1641,0,45
2756,1802,1641,0,48
2757,1802,1640,0,42
2758,1802,1640,0,45
2759,1803,1639,0,41
2760,1803,1640,0,44
2761,1803,1639,0,45
2762,1803,1639,0,50
2763,1802,1638,0,49
2764,1802,1638,0,53
2765,1802,1637,0,52
2766,1801,1638,0,52
2767,1801,1639,0,58
2768,1801,1639,0,56
2769,1801,1639,0,55
2770,1801,1640,0,56
2771,1801,1640,0,57
2772,1801,1641,0,58
2773,1800,1641,0,55
2774,1800,1640,0,53
2775,1799,1640,0,53
2776,1800,1640,0,49
2777,1800,1640,0,49
2778,1800,1640,0,49
2779,1800,1639,0,47
2780,1801,1639,0,48
2781,1801,1639,0,47
2782,1802,1638,0,45
2783,1801,1640,0,43
2784,1802,1640,0,37
2785,1802,1641,0,33
2786,1801,1642,0,32
2787,1802,1643,0,31
2788,1801,1643,0,30
2789,1801,1642,0,32
2790,1801,1642,0,35
2791,1801,1642,0,38
2792,1802,1642,0,38
2793,1801,1642,0,42
2794,1800,1643,0,43
2795,1801,1642,0,46
2796,1800,1643,0,44
2797,1801,1643,0,40
2798,1803,1642,0,40
2799,1802,1643,0,41
2800,1802,1642,0,39
2801,1801,1642,0,37
2802,1802,1643,0,48
2803,1803,1642,0,47
2804,1803,1642,0,44
2805,1802,1643,0,37
2806,1803,1642,0,32
2807,1808,1639,0,27
2808,1807,1639,0,32
2809,1808,1639,0,27
2810,1806,1641,0,31
2811,1806,1641,0,27
2812,1804,1641,0,25
2813,1805,1640,0,29
2814,1806,1641,0,31
2815,1807,1641,0,33
2816,1807,1641,0,26
2817,1806,1641,0,22
2818,1810,1637,0,37
2819,1808,1640,0,20
2820,1810,1638,0,23
2821,1808,1639,0,21
2822,1805,1641,0,16
2823,1806,1641,0,13
2824,1806,1641,0,9
2826,1816,1637,0,31
2828,1805,1642,0,41
2829,1804,1644,0,44
2830,1805,1645,0,45
2831,1804,1643,0,33
2832,1804,1642,0,37
2833,1802,1642,0,26
2834,1804,1641,0,26
2835,1803,1643,0,37
2836,1802,1644,0,36
2837,1802,1644,0,36
2838,1802,1643,0,34
2839,1801,1644,0,37
2840,1802,1643,0,37
2841,1802,1644,0,41
2842,1800,1644,0,31
2843,1802,1644,0,38
2844,1802,1643,0,34
2845,1803,1642,0,36
2846,1803,1642,0,41
2847,1802,1644,0,48
2848,1802,1643,0,42
2849,1803,1644,0,43
2850,1801,1645,0,40
2851,1802,1645,0,40
2852,1800,1645,0,34
2853,1799,1645,0,30
2854,1799,1645,0,36
2855,1800,1645,0,39
2856,1799,1646,0,43
2857,1800,1647,0,52
2858,1799,1646,0,39
2859,1799,1645,0,33
2860,1799,1645,0,36
2861,1798,1646,0,32
2862,1801,1644,0,29
2863,1802,1642,0,27
2864,1802,1643,0,37
2865,1801,1643,0,38
2866,1802,1643,0,42
2867,1803,1643,0,50
2868,1803,1647,0,67
2869,1803,1645,0,47
2870,1803,1644,0,55
2871,1802,1643,0,56
2872,1802,1644,0,55
2873,1802,1645,0,59
2874,1803,1644,0,59
2875,1803,1643,0,60
2876,1801,1643,0,56
2877,1801,1643,0,54
2878,1801,1641,0,51
2879,1801,1642,0,49
2880,1802,1641,0,53
2881,1802,1641,0,57
2882,1802,1643,0,57
2883,1802,1643,0,48
2884,1803,1644,0,53
2885,1803,1644,0,53
2886,1803,1644,0,58
2887,1803,1643,0,55
2888,1803,1644,0,52
2889,1803,1644,0,57
2890,1802,1644,0,52
2891,1801,1643,0,48
2892,1801,1643,0,49
2893,1800,1642,0,45
2894,1800,1642,0,45
2895,1800,1642,0,47
2896,1801,1642,0,49
2897,1800,1642,0,46
2898,1801,1642,0,49
2899,1802,1641,0,52
2900,1800,1642,0,51
2901,1805,1638,1,65
2902,1805,1637,1,69
2903,1805,1638,1,66
2904,1803,1640,0,61
2905,1804,1640,0,62
2906,1804,1643,0,61
2907,1802,1647,0,64
2908,1801,1646,0,60
2909,1800,1646,0,57
2910,1801,1644,0,49
2911,1801,1644,0,43
2912,1801,1642,0,43
2915,1791,1642,0,359
2916,1800,1643,0,39
2917,1800,1643,0,41
2918,1801,1643,0,43
2919,1802,1643,0,47
2920,1802,1643,0,48
2921,1802,1643,0,46
2922,1802,1643,0,49
2923,1802,1642,0,47
2924,1802,1642,0,47
2925,1802,1642,0,48
2926,1801,1642,0,44
2927,1800,1642,0,41
2928,1799,1642,0,41
2929,1800,1642,0,39
2930,1802,1642,0,42
2931,1803,1641,0,48
2932,1803,1643,0,50
2933,1806,1641,0,59
2934,1804,1643,0,57
2935,1804,1643,0,58
2936,1805,1643,0,65
2937,1804,1645,0,62
2938,1804,1644,0,58
2939,1805,1644,0,61
2940,1804,1644,0,58
2941,1804,1644,0,61
2942,1805,1643,0,65
2943,1805,1644,0,63
2944,1806,1641,0,66
2945,1805,1641,0,62
2946,1806,1640,0,70
2947,1807,1635,1,63
2948,1804,1641,0,62
2949,1805,1641,0,66
2950,1804,1642,0,62
2951,1803,1641,0,57
2952,1803,1642,0,55
2953,1803,1643,0,58
2954,1803,1644,0,53
2955,1803,1645,0,52
2956,1803,1645,0,58
2957,1804,1644,0,61
2958,1804,1644,0,66
2959,1804,1644,0,57
2960,1803,1645,0,46
2961,1802,1645,0,42
2968,1802,1646,0,42
2969,1802,1646,0,44
2970,1803,1646,0,49
2971,1803,1645,0,49
2972,1803,1645,0,50
2973,1803,1645,0,47
2974,1802,1645,0,44
2975,1803,1645,0,45
2976,1803,1644,0,47
2977,1804,1643,0,49
2978,1804,1643,0,49
2979,1803,1645,0,46
2980,1803,1644,0,45
2981,1803,1644,0,48
2985,1805,1643,0,62
2986,1803,1644,0,50
2987,1802,1644,0,43
2988,1804,1644,0,55
2989,1804,1644,0,48
2990,1805,1643,0,56
2991,1807,1643,0,74
2992,1806,1645,0,74
2993,1807,1645,0,73
2994,1807,1645,0,67
2995,1805,1644,0,51
2996,1806,1641,0,53
2997,1806,1642,0,53
2998,1805,1643,0,51
2999,1804,1643,0,49
