0,2065,853,0,0
1,2065,853,0,0
2,2065,853,0,0
3,2065,853,0,359
4,2066,853,0,357
5,2066,853,0,354
6,2065,856,0,348
7,2067,855,0,348
8,2067,855,0,346
9,2067,855,0,346
10,2067,855,0,345
11,2067,855,0,345
12,2067,855,0,349
13,2067,855,0,348
14,2067,855,0,349
15,2067,854,0,351
16,2068,854,0,350
17,2069,854,0,355
18,2070,853,0,355
19,2069,853,0,357
20,2069,853,0,356
21,2068,854,0,357
22,2067,854,0,357
23,2067,854,0,358
24,2067,854,0,358
25,2067,854,0,358
26,2067,854,0,357
27,2067,854,0,358
28,2066,854,0,357
29,2066,854,0,358
30,2067,854,0,358
31,2067,854,0,357
32,2067,854,0,357
33,2067,854,0,359
34,2067,854,0,358
35,2067,854,0,359
36,2067,854,0,359
37,2067,854,0,358
38,2067,854,0,356
39,2068,854,0,357
40,2067,854,0,357
41,2067,853,0,357
42,2067,853,0,357
43,2067,853,0,356
44,2067,854,0,356
45,2068,853,0,356
46,2068,853,0,355
47,2067,853,0,356
48,2067,853,0,357
49,2067,853,0,357
50,2067,853,0,356
51,2067,853,0,355
52,2067,853,0,355
53,2067,853,0,354
54,2067,853,0,353
55,2066,853,0,349
56,2066,853,0,350
57,2065,853,0,352
58,2065,853,0,354
59,2065,853,0,355
60,2065,853,0,358
61,2065,853,0,358
62,2066,854,0,353
63,2066,853,0,354
64,2066,853,0,355
65,2066,853,0,357
66,2065,853,0,358
67,2065,853,0,359
68,2065,853,0,359
69,2065,854,0,359
70,2065,855,0,356
71,2064,856,0,356
72,2064,856,0,354
73,2064,855,0,357
74,2064,855,0,359
75,2064,855,0,358
76,2064,855,0,359
77,2064,855,0,358
78,2064,855,0,359
79,2064,855,0,0
80,2064,855,0,1
81,2064,855,0,1
82,2064,855,0,1
83,2064,855,0,1
84,2064,855,0,1
85,2063,855,0,1
86,2064,855,0,1
87,2064,854,0,2
88,2064,854,0,5
89,2065,854,0,4
90,2065,854,0,4
91,2066,854,0,3
92,2067,854,0,4
93,2068,854,0,0
94,2069,854,0,0
95,2069,854,0,359
96,2068,854,0,357
97,2069,854,0,353
98,2070,854,0,353
99,2070,853,0,355
100,2069,853,0,355
101,2069,853,0,354
102,2069,853,0,354
103,2069,853,0,354
104,2069,854,0,353
105,2069,855,0,349
106,2069,855,0,351
107,2070,855,0,352
108,2070,855,0,352
109,2069,855,0,352
110,2069,854,0,355
111,2069,854,0,355
112,2069,855,0,355
113,2068,854,0,356
114,2068,855,0,357
115,2068,855,0,357
116,2068,856,0,353
117,2068,857,0,348
118,2068,857,0,351
119,2068,857,0,351
120,2069,856,0,352
121,2068,856,0,352
122,2067,857,0,352
123,2066,858,0,352
124,2065,859,0,354
125,2066,859,0,355
126,2068,860,0,357
127,2067,860,0,359
128,2068,860,0,6
129,2071,859,0,5
130,2068,859,0,357
131,2067,857,0,353
132,2065,856,0,356
133,2066,855,0,354
134,2064,854,0,356
135,2063,853,0,359
136,2063,853,0,359
137,2061,853,0,356
138,2061,853,0,357
139,2064,854,0,356
140,2065,856,0,356
141,2065,856,0,358
142,2066,857,0,0
143,2067,857,0,0
144,2066,857,0,0
145,2068,857,0,0
146,2071,859,0,356
147,2072,857,0,354
148,2073,858,0,356
149,2077,857,0,350
150,2077,858,0,350
151,2078,858,0,348
152,2081,858,0,347
153,2082,859,0,344
154,2089,858,0,358
155,2086,859,0,353
156,2091,862,0,350
157,2092,864,0,356
158,2091,866,0,356
159,2089,867,0,357
160,2089,867,0,357
161,2089,868,0,359
162,2088,870,0,358
163,2088,869,0,358
164,2088,867,0,359
165,2087,868,0,2
166,2086,869,0,3
167,2085,870,0,2
168,2085,870,0,3
169,2085,870,0,2
170,2086,868,0,5
171,2087,868,0,359
172,2086,868,0,358
173,2086,867,0,359
174,2087,866,0,359
175,2085,866,0,0
176,2084,865,0,1
177,2085,866,0,1
178,2085,866,0,4
179,2085,865,0,6
180,2085,865,0,6
181,2085,865,0,4
182,2085,865,0,3
183,2086,865,0,2
184,2086,865,0,2
185,2085,864,0,0
186,2084,864,0,0
187,2084,864,0,359
188,2084,864,0,0
189,2084,865,0,1
190,2084,864,0,1
191,2084,865,0,2
192,2084,865,0,0
193,2084,864,0,359
194,2084,864,0,1
195,2084,864,0,1
196,2084,864,0,2
197,2084,865,0,1
198,2083,865,0,4
199,2084,864,0,2
200,2084,864,0,1
201,2084,864,0,2
202,2084,864,0,2
203,2085,864,0,3
204,2085,863,0,2
205,2084,864,0,2
206,2084,864,0,2
207,2084,863,0,1
208,2084,863,0,1
209,2084,864,0,1
210,2085,864,0,3
211,2085,864,0,3
212,2084,864,0,5
213,2084,865,0,6
214,2084,865,0,5
215,2085,864,0,4
216,2085,864,0,2
217,2084,864,0,1
218,2085,864,0,2
219,2085,864,0,2
220,2085,864,0,2
221,2085,864,0,1
222,2086,865,0,2
223,2086,865,0,1
224,2085,864,0,0
225,2084,864,0,358
226,2085,864,0,358
227,2085,864,0,359
228,2085,864,0,358
229,2085,864,0,358
230,2085,864,0,0
231,2085,864,0,359
232,2085,864,0,359
233,2085,864,0,359
234,2085,864,0,359
235,2086,864,0,358
236,2086,863,0,359
237,2085,862,0,1
238,2084,861,0,3
239,2082,859,0,3
240,2082,861,0,0
241,2081,862,0,359
242,2078,864,0,354
243,2078,866,0,349
244,2078,864,0,351
245,2078,864,0,353
246,2080,866,0,359
247,2081,866,0,359
248,2081,867,0,0
249,2081,868,0,358
250,2081,867,0,358
251,2081,867,0,358
252,2081,866,0,356
253,2081,866,0,355
254,2081,866,0,356
255,2081,866,0,356
256,2081,866,0,357
257,2081,866,0,359
258,2081,866,0,358
259,2082,866,0,1
260,2082,866,0,2
261,2081,866,0,6
262,2081,865,0,7
263,2082,864,0,6
264,2080,863,0,4
265,2081,862,0,6
266,2081,861,0,10
267,2081,860,0,10
268,2080,858,0,12
269,2080,859,0,11
270,2080,860,0,8
271,2080,861,0,9
272,2080,860,0,11
273,2081,860,0,15
274,2082,859,0,21
275,2081,862,0,19
276,2082,862,0,22
277,2083,862,0,20
278,2082,862,0,21
279,2080,860,0,19
280,2080,855,0,28
281,2080,854,0,40
282,2086,848,0,38
283,2086,843,0,38
284,2085,839,0,42
285,2087,837,0,42
286,2085,835,0,41
287,2085,830,0,40
288,2088,831,0,44
289,2089,830,0,38
290,2086,831,0,27
291,2083,832,0,19
292,2081,832,0,19
293,2079,835,0,14
294,2076,836,0,14
295,2075,835,0,16
296,2075,835,0,17
297,2076,835,0,19
298,2076,837,0,22
299,2072,840,0,32
300,2071,843,0,39
301,2071,844,0,43
302,2074,843,0,40
303,2076,841,0,45
304,2076,840,0,37
305,2077,839,0,37
306,2076,840,0,43
307,2077,845,0,54
308,2078,846,0,43
309,2077,847,0,43
310,2075,849,0,44
311,2074,849,0,45
312,2077,849,0,44
313,2078,850,0,48
314,2076,853,0,48
315,2076,853,0,54
316,2077,853,0,52
317,2077,853,0,57
318,2074,855,0,59
319,2072,857,0,58
320,2074,856,0,57
321,2075,856,0,51
322,2075,856,0,51
323,2076,856,0,49
324,2076,855,0,49
325,2077,855,0,47
326,2076,857,0,43
327,2077,857,0,34
328,2076,856,0,36
329,2074,858,0,39
330,2074,858,0,37
331,2074,859,0,32
332,2074,859,0,35
333,2074,859,0,34
334,2074,859,0,37
335,2074,859,0,37
336,2071,858,0,41
337,2074,859,0,36
338,2073,859,0,32
339,2072,859,0,27
340,2071,860,0,27
341,2071,861,0,32
342,2071,861,0,32
343,2072,863,0,29
344,2074,864,0,30
345,2073,865,0,31
346,2070,867,0,36
347,2070,861,0,34
348,2070,863,0,36
349,2070,867,0,40
350,2070,869,0,42
351,2071,870,0,38
352,2072,870,0,35
353,2074,868,0,31
354,2076,869,0,27
355,2078,868,0,24
356,2078,868,0,23
357,2077,868,0,27
358,2076,866,0,31
359,2077,865,0,30
360,2079,863,0,34
361,2079,863,0,35
362,2080,861,0,36
363,2080,860,0,32
364,2079,860,0,26
365,2079,860,0,25
366,2081,858,0,19
367,2079,858,0,15
368,2080,857,0,15
369,2080,857,0,10
370,2083,861,0,16
371,2083,860,0,18
372,2084,860,0,18
373,2083,861,0,19
374,2082,862,0,19
375,2082,862,0,17
376,2081,861,0,14
377,2081,861,0,9
378,2080,861,0,6
379,2080,861,0,0
380,2080,863,0,3
381,2081,863,0,7
382,2081,863,0,10
383,2082,862,0,10
384,2082,862,0,13
385,2082,863,0,9
386,2082,863,0,9
387,2082,864,0,14
388,2081,865,0,15
389,2081,865,0,15
390,2080,864,0,16
391,2082,863,0,12
392,2081,862,0,7
393,2081,862,0,3
394,2079,863,0,359
395,2077,863,0,2
396,2077,863,0,0
397,2078,863,0,2
398,2078,862,0,5
399,2077,860,0,3
400,2078,863,0,2
401,2076,864,0,7
402,2077,864,0,2
403,2076,862,0,3
404,2076,864,0,4
405,2077,864,0,9
406,2076,862,0,13
407,2079,863,0,16
408,2080,863,0,17
409,2080,863,0,24
410,2079,864,0,32
411,2078,866,0,36
412,2078,866,0,32
413,2076,867,0,29
414,2075,867,0,30
415,2075,868,0,35
416,2076,869,0,32
417,2075,869,0,27
418,2075,870,0,27
419,2076,868,0,35
420,2076,871,0,39
421,2077,872,0,40
422,2080,870,0,44
423,2081,869,0,48
424,2086,870,0,64
425,2086,868,0,62
426,2086,867,0,69
427,2087,866,0,70
428,2087,868,0,71
429,2090,866,0,79
430,2092,867,0,80
431,2095,867,0,87
432,2097,865,0,93
433,2100,864,0,102
434,2102,863,0,110
435,2104,864,0,105
436,2103,866,0,106
437,2103,867,0,104
438,2104,866,0,108
439,2105,867,0,113
440,2110,871,0,126
441,2114,877,0,146
442,2117,882,0,151
443,2123,884,0,155
444,2128,885,0,150
445,2129,885,0,150
446,2129,886,0,148
447,2130,887,0,154
448,2132,886,0,167
449,2135,886,0,163
450,2138,892,0,151
451,2141,894,0,154
452,2143,893,0,151
453,2153,895,0,166
454,2156,894,0,166
455,2160,895,0,175
456,2169,892,0,181
457,2180,890,0,181
458,2183,892,0,166
459,2188,897,0,155
460,2192,896,0,148
461,2197,898,0,142
462,2200,901,0,137
463,2207,904,0,123
464,2214,909,0,122
465,2222,915,0,128
466,2234,932,0,117
467,2237,938,0,114
468,2250,956,0,105
469,2252,960,0,110
470,2254,968,0,112
471,2261,972,0,112
472,2266,973,0,101
473,2270,977,0,89
474,2271,990,0,91
475,2268,994,0,85
476,2269,1008,0,83
477,2266,1016,0,77
478,2260,1029,0,68
479,2259,1045,0,69
480,2262,1053,0,73
481,2266,1061,0,83
482,2266,1074,0,77
483,2261,1082,0,77
484,2263,1092,0,80
485,2270,1102,0,77
486,2264,1109,0,72
487,2263,1121,0,73
488,2264,1131,0,71
489,2265,1135,0,74
490,2266,1135,0,68
491,2264,1131,0,71
492,2266,1123,0,72
493,2274,1123,0,78
494,2274,1136,0,76
495,2274,1142,0,80
496,2277,1142,0,86
497,2277,1142,0,93
498,2274,1146,0,104
499,2274,1142,0,99
500,2275,1137,0,104
501,2275,1141,0,94
502,2273,1141,0,87
503,2269,1148,0,89
504,2269,1151,0,91
505,2265,1157,0,84
506,2264,1160,0,78
507,2265,1163,0,77
508,2264,1162,0,69
509,2260,1162,0,59
510,2259,1158,0,54
511,2256,1162,0,57
512,2258,1160,0,61
513,2260,1158,0,69
514,2265,1155,0,82
515,2269,1155,0,97
516,2272,1158,0,98
517,2275,1159,0,104
518,2282,1157,0,108
519,2282,1162,0,104
520,2284,1163,0,104
521,2287,1169,0,102
522,2288,1172,0,97
523,2289,1174,0,93
524,2285,1175,0,88
525,2284,1178,0,87
526,2283,1180,0,82
527,2280,1186,0,84
528,2283,1187,0,87
529,2286,1188,0,94
530,2288,1187,0,90
531,2288,1189,0,91
532,2287,1192,0,87
533,2287,1195,0,85
534,2284,1194,0,78
535,2291,1193,0,83
536,2294,1194,0,71
537,2292,1195,0,71
538,2295,1191,0,81
539,2296,1189,0,87
540,2295,1190,0,92
541,2297,1188,0,97
542,2298,1186,0,103
543,2296,1187,0,107
544,2296,1186,0,108
545,2295,1184,0,117
546,2294,1180,0,116
547,2295,1177,0,116
548,2296,1177,0,116
549,2298,1175,0,117
550,2299,1173,0,112
551,2296,1167,0,106
552,2295,1169,0,107
553,2294,1171,0,108
554,2295,1174,0,111
555,2296,1179,0,113
556,2298,1182,0,126
557,2299,1184,0,140
558,2297,1183,0,142
559,2299,1182,0,150
560,2304,1182,0,150
561,2308,1186,0,152
562,2309,1185,0,166
563,2311,1182,0,177
564,2320,1180,0,188
565,2324,1178,0,192
566,2323,1177,0,201
567,2323,1177,0,200
568,2323,1178,0,202
569,2321,1179,0,196
570,2320,1178,0,201
571,2321,1178,0,202
572,2323,1176,0,194
573,2326,1175,0,190
574,2328,1174,0,189
575,2333,1174,0,188
576,2336,1176,0,183
577,2343,1179,0,166
578,2346,1179,0,162
579,2351,1178,0,162
580,2358,1182,0,154
581,2357,1181,0,149
582,2353,1176,0,157
583,2353,1175,0,168
584,2352,1179,0,171
585,2350,1177,0,169
586,2348,1176,0,168
587,2349,1173,0,172
588,2350,1169,0,174
589,2351,1169,0,169
590,2352,1168,0,170
591,2353,1169,0,172
592,2353,1167,0,166
593,2353,1165,0,151
594,2354,1168,0,156
595,2351,1167,0,173
596,2351,1161,0,167
597,2352,1158,0,148
598,2357,1158,0,134
599,2359,1159,0,138
600,2361,1161,0,140
601,2363,1162,0,145
602,2364,1158,0,160
603,2367,1155,0,167
604,2375,1151,0,160
605,2379,1150,0,154
606,2383,1151,0,159
607,2389,1155,0,156
608,2388,1158,0,148
609,2388,1160,0,135
610,2384,1166,0,116
611,2386,1165,0,112
612,2385,1167,0,116
613,2387,1165,0,117
614,2387,1174,0,96
615,2384,1161,0,78
616,2381,1162,0,71
617,2376,1160,0,73
618,2375,1166,0,57
619,2372,1164,0,51
620,2371,1165,0,46
621,2371,1163,0,40
622,2368,1161,0,31
623,2369,1155,0,22
624,2368,1154,0,12
625,2368,1153,0,8
626,2369,1157,0,12
627,2370,1163,0,14
628,2371,1167,0,8
629,2373,1169,0,6
630,2372,1170,0,4
631,2373,1170,0,5
632,2377,1167,0,9
633,2386,1160,0,6
634,2386,1155,0,3
635,2389,1152,0,359
636,2386,1141,0,9
637,2384,1141,0,9
638,2380,1141,0,12
639,2376,1142,0,14
640,2371,1147,0,15
641,2366,1153,0,23
642,2364,1155,0,13
643,2358,1155,0,15
644,2355,1158,0,16
645,2354,1162,0,13
646,2353,1162,0,11
647,2351,1164,0,10
648,2347,1169,0,16
649,2343,1173,0,18
650,2342,1175,0,11
651,2340,1178,0,15
652,2341,1179,0,16
653,2339,1180,0,12
654,2338,1179,0,13
655,2337,1180,0,16
656,2341,1180,0,14
657,2343,1181,0,13
658,2343,1180,0,11
659,2344,1178,0,9
660,2346,1177,0,11
661,2347,1177,0,12
662,2348,1177,0,17
663,2349,1178,0,17
664,2350,1178,0,16
665,2350,1178,0,16
666,2350,1178,0,15
667,2350,1178,0,14
668,2350,1178,0,12
669,2350,1178,0,14
670,2349,1178,0,15
671,2350,1178,0,13
672,2350,1178,0,14
673,2350,1178,0,13
674,2350,1178,0,12
675,2350,1178,0,13
676,2350,1178,0,14
677,2349,1177,0,14
678,2349,1178,0,12
679,2349,1177,0,14
680,2348,1177,0,14
681,2348,1176,0,16
682,2346,1172,0,6
683,2342,1167,0,1
684,2340,1166,0,2
685,2336,1166,0,5
686,2330,1167,0,10
687,2327,1170,0,15
688,2326,1169,0,7
689,2321,1165,0,3
690,2318,1166,0,356
691,2310,1163,0,354
692,2307,1164,0,358
693,2300,1163,0,6
694,2296,1164,0,11
695,2288,1163,0,23
696,2284,1167,0,31
697,2281,1171,0,31
698,2273,1175,0,37
699,2272,1175,0,38
700,2272,1177,0,36
701,2272,1177,0,34
702,2271,1179,0,35
703,2271,1179,0,36
704,2269,1177,0,40
705,2269,1179,0,41
706,2266,1181,0,43
707,2264,1185,0,38
708,2265,1188,0,44
709,2267,1189,0,44
710,2269,1189,0,49
711,2269,1189,0,47
712,2271,1187,0,47
713,2271,1185,0,42
714,2271,1185,0,39
715,2271,1184,0,31
716,2271,1180,0,17
717,2276,1178,0,23
718,2276,1177,0,29
719,2272,1177,0,34
720,2273,1175,0,30
721,2277,1170,0,30
722,2276,1170,0,31
723,2276,1171,0,30
724,2278,1171,0,28
725,2278,1171,0,33
726,2280,1171,0,31
727,2280,1170,0,36
728,2281,1168,0,36
729,2281,1167,0,36
730,2281,1166,0,37
731,2281,1167,0,36
732,2282,1164,0,31
733,2281,1161,0,31
734,2281,1162,0,25
735,2283,1163,0,26
736,2283,1163,0,26
737,2283,1162,0,27
738,2282,1160,0,29
739,2281,1162,0,31
740,2281,1161,0,29
741,2281,1162,0,27
742,2281,1163,0,30
743,2281,1163,0,27
744,2280,1164,0,30
745,2279,1166,0,32
746,2279,1169,0,44
747,2279,1169,0,44
748,2280,1169,0,43
749,2283,1169,0,50
750,2282,1171,0,44
751,2282,1172,0,35
752,2280,1173,0,33
753,2279,1173,0,23
754,2276,1171,0,32
755,2279,1169,0,34
756,2279,1170,0,33
757,2277,1170,0,36
758,2276,1171,0,37
759,2277,1172,0,36
760,2277,1172,0,34
761,2277,1172,0,34
762,2278,1171,0,32
763,2277,1171,0,33
764,2278,1171,0,31
765,2277,1172,0,33
766,2277,1172,0,30
767,2277,1172,0,32
768,2278,1172,0,31
769,2280,1168,0,34
770,2281,1170,0,29
771,2280,1170,0,28
772,2278,1170,0,31
773,2278,1169,0,26
774,2279,1170,0,20
775,2278,1171,0,17
776,2278,1171,0,22
777,2278,1171,0,22
778,2279,1170,0,24
779,2280,1170,0,25
780,2280,1169,0,29
781,2280,1169,0,24
782,2281,1168,0,21
783,2282,1166,0,18
784,2280,1167,0,22
785,2281,1167,0,25
786,2281,1167,0,24
787,2280,1167,0,27
788,2278,1168,0,27
789,2276,1170,0,25
790,2276,1169,0,29
791,2275,1169,0,26
792,2278,1167,0,32
793,2279,1166,0,35
794,2278,1166,0,29
795,2278,1166,0,36
796,2278,1165,0,38
797,2277,1165,0,40
798,2277,1166,0,33
799,2279,1169,0,29
800,2281,1166,0,14
801,2279,1165,0,8
802,2277,1164,0,2
803,2275,1160,0,354
804,2279,1150,0,345
805,2276,1160,0,329
806,2273,1163,0,323
807,2270,1168,0,316
808,2270,1171,0,319
809,2269,1175,0,309
810,2265,1176,0,305
811,2265,1177,0,301
812,2265,1177,0,306
813,2265,1177,0,317
814,2262,1176,0,329
815,2262,1170,0,335
816,2261,1169,0,338
817,2260,1170,0,338
818,2257,1169,0,346
819,2258,1168,0,355
820,2255,1167,0,356
821,2258,1167,0,355
822,2257,1166,0,354
823,2257,1166,0,353
824,2256,1166,0,352
825,2257,1164,0,359
826,2258,1164,0,359
827,2257,1163,0,359
828,2256,1163,0,0
829,2256,1163,0,355
830,2257,1160,0,354
831,2261,1148,0,0
832,2260,1144,0,1
833,2261,1151,0,356
834,2261,1154,0,2
835,2260,1155,0,5
836,2258,1157,0,7
837,2262,1161,0,16
838,2261,1164,0,7
839,2260,1166,0,6
840,2261,1165,0,6
841,2261,1165,0,10
842,2261,1165,0,9
843,2260,1166,0,10
844,2260,1168,0,5
845,2260,1170,0,1
846,2261,1170,0,357
847,2262,1168,0,5
848,2260,1163,0,4
849,2257,1160,0,10
850,2250,1156,0,14
851,2248,1159,0,19
852,2246,1158,0,26
853,2245,1161,0,28
854,2251,1161,0,25
855,2254,1161,0,22
856,2259,1165,0,7
857,2259,1165,0,6
858,2260,1165,0,5
859,2261,1166,0,8
860,2261,1167,0,4
861,2261,1167,0,7
862,2259,1166,0,6
863,2257,1163,0,7
864,2257,1165,0,2
865,2255,1164,0,1
866,2255,1165,0,2
867,2256,1166,0,2
868,2257,1167,0,4
869,2256,1170,0,7
870,2257,1173,0,7
871,2257,1174,0,359
872,2261,1173,0,2
873,2261,1173,0,3
874,2260,1173,0,2
875,2259,1174,0,5
876,2257,1179,0,14
877,2258,1181,0,9
878,2257,1183,0,10
879,2254,1182,0,14
880,2252,1183,0,12
881,2252,1181,0,13
882,2254,1180,0,14
883,2257,1183,0,20
884,2262,1187,0,13
885,2264,1186,0,13
886,2262,1188,0,9
887,2258,1188,0,0
888,2258,1189,0,1
889,2257,1194,0,359
890,2259,1193,0,0
891,2260,1197,0,353
892,2261,1198,0,354
893,2264,1198,0,353
894,2268,1192,0,354
895,2267,1188,0,352
896,2267,1184,0,358
897,2264,1190,0,10
898,2264,1193,0,12
899,2265,1197,0,2
900,2263,1199,0,9
901,2262,1202,0,6
902,2262,1204,0,7
903,2261,1205,0,2
904,2261,1207,0,355
905,2261,1206,0,356
906,2260,1206,0,354
907,2261,1206,0,356
908,2262,1207,0,352
909,2262,1206,0,354
910,2266,1208,0,351
911,2265,1207,0,354
912,2263,1207,0,355
913,2262,1203,0,348
914,2261,1199,0,352
915,2263,1198,0,356
916,2263,1197,0,356
917,2262,1198,0,354
918,2260,1196,0,358
919,2261,1195,0,1
920,2263,1195,0,4
921,2263,1198,0,1
922,2264,1200,0,5
923,2264,1199,0,359
924,2262,1197,0,358
925,2262,1195,0,359
926,2261,1195,0,357
927,2263,1196,0,356
928,2265,1197,0,1
929,2266,1203,0,4
930,2264,1202,0,2
931,2265,1198,0,3
932,2262,1197,0,0
933,2263,1198,0,356
934,2265,1199,0,359
935,2266,1205,0,5
936,2266,1206,0,4
937,2269,1208,0,4
938,2267,1201,0,9
939,2266,1203,0,8
940,2264,1204,0,2
941,2262,1202,0,6
942,2264,1204,0,356
943,2266,1201,0,0
944,2265,1197,0,4
945,2268,1197,0,8
946,2269,1197,0,8
947,2271,1201,0,7
948,2266,1200,0,24
949,2265,1204,0,20
950,2265,1205,0,29
951,2264,1211,0,39
952,2263,1214,0,39
953,2263,1217,0,41
954,2261,1223,0,48
955,2261,1227,0,45
956,2266,1228,0,36
957,2270,1227,0,22
958,2267,1227,0,13
959,2263,1229,0,9
960,2258,1234,0,5
961,2262,1235,0,7
962,2261,1234,0,16
963,2261,1238,0,17
964,2262,1236,0,21
965,2263,1234,0,23
966,2261,1235,0,14
967,2259,1236,0,15
968,2263,1232,0,2
969,2260,1228,0,348
970,2258,1224,0,342
971,2262,1223,0,336
972,2263,1222,0,340
973,2262,1219,0,343
974,2263,1220,0,350
975,2261,1220,0,352
976,2259,1219,0,349
977,2257,1217,0,352
978,2259,1217,0,346
979,2258,1216,0,352
980,2258,1215,0,354
981,2258,1214,0,354
982,2258,1215,0,352
983,2259,1215,0,358
984,2260,1217,0,6
985,2262,1219,0,0
986,2265,1219,0,4
987,2267,1222,0,5
988,2265,1222,0,13
989,2265,1223,0,15
990,2265,1224,0,16
991,2266,1224,0,12
992,2266,1222,0,14
993,2264,1223,0,11
994,2264,1221,0,8
995,2261,1220,0,359
996,2259,1219,0,355
997,2258,1216,0,357
998,2256,1215,0,352
999,2250,1213,0,349
1000,2249,1212,0,351
1001,2250,1212,0,354
1002,2251,1213,0,351
1003,2250,1213,0,355
1004,2249,1216,0,358
1005,2250,1222,0,2
1006,2249,1223,0,4
1007,2247,1223,0,11
1008,2245,1224,0,13
1009,2246,1226,0,4
1010,2246,1226,0,2
1011,2247,1226,0,2
1012,2248,1221,0,11
1013,2246,1223,0,1
1014,2247,1227,0,357
1015,2248,1229,0,359
1016,2249,1229,0,1
1017,2248,1232,0,1
1018,2247,1231,0,4
1019,2245,1231,0,6
1020,2246,1232,0,3
1021,2248,1233,0,2
1022,2248,1233,0,4
1023,2246,1232,0,6
1024,2247,1229,0,9
1025,2247,1232,0,3
1026,2246,1233,0,6
1027,2246,1232,0,10
1028,2246,1231,0,9
1029,2247,1231,0,5
1030,2246,1231,0,8
1031,2243,1231,0,6
1032,2246,1228,0,12
1033,2245,1227,0,14
1034,2248,1227,0,10
1035,2253,1225,0,10
1036,2254,1224,0,7
1037,2258,1227,0,9
1038,2264,1231,0,16
1039,2266,1233,0,10
1040,2269,1235,0,3
1041,2269,1229,0,8
1042,2270,1227,0,6
1043,2270,1226,0,6
1044,2270,1228,0,9
1045,2271,1231,0,13
1046,2268,1232,0,12
1047,2268,1235,0,13
1048,2266,1233,0,9
1049,2264,1234,0,8
1050,2259,1233,0,17
1051,2258,1234,0,25
1052,2254,1232,0,36
1053,2252,1233,0,31
1054,2250,1226,0,32
1055,2245,1225,0,34
1056,2244,1225,0,34
1057,2245,1225,0,34
1058,2243,1226,0,36
1059,2238,1223,0,27
1060,2234,1219,0,22
1061,2233,1217,0,17
1062,2232,1214,0,17
1063,2229,1218,0,6
1064,2223,1211,0,7
1065,2220,1207,0,1
1066,2210,1200,0,356
1067,2207,1196,0,345
1068,2206,1195,0,350
1069,2201,1192,0,3
1070,2197,1189,0,17
1071,2196,1182,0,25
1072,2196,1178,0,20
1073,2199,1172,0,26
1074,2200,1167,0,32
1075,2201,1165,0,24
1076,2209,1158,0,29
1077,2209,1158,0,28
1078,2212,1158,0,28
1079,2214,1156,0,18
1080,2219,1154,0,10
1081,2224,1154,0,10
1082,2231,1155,0,2
1083,2232,1155,0,2
1084,2233,1156,0,1
1085,2234,1152,0,2
1086,2231,1147,0,4
1087,2229,1147,0,2
1088,2230,1148,0,1
1089,2232,1148,0,357
1090,2231,1148,0,4
1091,2232,1150,0,2
1092,2233,1149,0,5
1093,2235,1147,0,1
1094,2234,1142,0,4
1095,2233,1144,0,6
1096,2234,1141,0,1
1097,2233,1138,0,8
1098,2232,1136,0,7
1099,2231,1136,0,8
1100,2231,1138,0,9
1101,2233,1140,0,3
1102,2232,1141,0,4
1103,2233,1140,0,7
1104,2232,1137,0,358
1105,2235,1138,0,351
1106,2236,1139,0,348
1107,2237,1141,0,350
1108,2242,1142,0,354
1109,2242,1141,0,1
1110,2240,1141,0,2
1111,2240,1142,0,1
1112,2240,1142,0,1
1113,2239,1143,0,0
1114,2237,1144,0,0
1115,2237,1144,0,2
1116,2238,1145,0,2
1117,2238,1146,0,1
1118,2238,1146,0,4
1119,2238,1146,0,4
1120,2239,1147,0,2
1121,2240,1148,0,5
1122,2241,1149,0,13
1123,2241,1151,0,21
1124,2241,1152,0,24
1125,2242,1156,0,28
1126,2241,1157,0,29
1127,2240,1153,0,24
1128,2242,1151,0,25
1129,2242,1151,0,25
1130,2242,1151,0,23
1131,2244,1148,0,5
1132,2244,1147,0,0
1133,2245,1146,0,358
1134,2248,1145,0,356
1135,2247,1147,0,0
1136,2245,1148,0,359
1137,2246,1149,0,357
1138,2247,1149,0,357
1139,2245,1149,0,357
1140,2245,1149,0,349
1141,2245,1149,0,342
1142,2242,1150,0,347
1143,2243,1150,0,348
1144,2242,1151,0,349
1145,2242,1150,0,351
1146,2242,1150,0,349
1147,2242,1151,0,337
1148,2247,1150,0,330
1149,2247,1150,0,328
1150,2248,1149,0,335
1151,2249,1148,0,341
1152,2251,1150,0,344
1153,2251,1151,0,352
1154,2254,1152,0,353
1155,2256,1152,0,341
1156,2256,1151,0,333
1157,2255,1150,0,333
1158,2253,1146,0,324
1159,2249,1145,0,324
1160,2240,1141,0,330
1161,2242,1145,0,345
1162,2239,1146,0,350
1163,2237,1149,0,350
1164,2241,1152,0,348
1165,2243,1153,0,355
1166,2243,1152,0,2
1167,2243,1154,0,3
1168,2247,1154,0,17
1169,2248,1157,0,30
1170,2260,1161,0,37
1171,2261,1166,0,45
1172,2262,1165,0,47
1173,2264,1168,0,56
1174,2265,1169,0,62
1175,2272,1173,0,60
1176,2274,1173,0,66
1177,2275,1172,0,65
1178,2276,1172,0,64
1179,2278,1171,0,64
1180,2281,1168,0,70
1181,2280,1166,0,70
1182,2278,1165,0,67
1183,2274,1167,0,70
1184,2271,1172,0,62
1185,2271,1176,0,55
1186,2268,1177,0,50
1187,2267,1182,0,52
1188,2262,1190,0,61
1189,2256,1192,0,61
1190,2259,1199,0,58
1191,2258,1208,0,42
1192,2261,1200,0,50
1193,2272,1200,0,59
1194,2275,1199,0,52
1195,2277,1196,0,60
1196,2280,1194,0,59
1197,2278,1192,0,56
1198,2273,1192,0,56
1199,2274,1191,0,59
1200,2276,1190,0,58
1201,2277,1187,0,60
1202,2274,1186,0,60
1203,2268,1187,0,59
1204,2269,1186,0,60
1205,2268,1185,0,49
1206,2266,1181,0,41
1207,2268,1177,0,33
1208,2268,1172,0,24
1209,2270,1169,0,14
1210,2270,1169,0,5
1211,2270,1169,0,2
1212,2272,1168,0,4
1213,2272,1170,0,7
1214,2273,1169,0,6
1215,2272,1170,0,4
1216,2266,1170,0,356
1217,2266,1171,0,348
1218,2267,1164,0,329
1219,2267,1164,0,342
1220,2266,1163,0,337
1221,2267,1164,0,330
1222,2260,1166,0,353
1223,2254,1166,0,344
1224,2252,1166,0,345
1225,2252,1166,0,348
1226,2255,1166,0,333
1227,2255,1165,0,327
1228,2252,1163,0,320
1229,2252,1163,0,324
1230,2252,1164,0,324
1231,2249,1160,0,328
1232,2247,1155,0,324
1233,2250,1155,0,330
1234,2254,1152,0,338
1235,2253,1151,0,340
1236,2254,1150,0,345
1237,2254,1150,0,350
1238,2255,1150,0,349
1239,2255,1152,0,345
1240,2252,1154,0,332
1241,2254,1154,0,342
1242,2250,1155,0,332
1243,2252,1156,0,333
1244,2253,1154,0,342
1245,2254,1155,0,336
1246,2251,1153,0,339
1247,2245,1157,0,323
1248,2248,1153,0,330
1249,2247,1153,0,338
1250,2247,1155,0,335
1251,2251,1156,0,336
1252,2251,1156,0,346
1253,2252,1155,0,358
1254,2249,1155,0,357
1255,2248,1155,0,343
1256,2249,1154,0,334
1257,2250,1154,0,338
1258,2249,1155,0,340
1259,2245,1155,0,334
1260,2247,1152,0,328
1261,2248,1154,0,314
1262,2248,1159,0,303
1263,2249,1161,0,292
1264,2257,1168,0,287
1265,2258,1167,0,280
1266,2261,1171,0,295
1267,2255,1168,0,296
1268,2255,1163,0,284
1269,2258,1164,0,280
1270,2260,1163,0,281
1271,2257,1158,0,299
1272,2249,1151,0,313
1273,2245,1148,0,306
1274,2241,1149,0,302
1275,2236,1147,0,299
1276,2241,1141,0,309
1277,2242,1138,0,318
1278,2245,1135,0,329
1279,2242,1135,0,322
1280,2240,1136,0,312
1281,2240,1135,0,310
1282,2236,1135,0,298
1283,2233,1137,0,295
1284,2226,1139,0,284
1285,2222,1142,0,285
1286,2222,1141,0,287
1287,2226,1142,0,297
1288,2230,1144,0,314
1289,2228,1145,0,312
1290,2234,1148,0,322
1291,2232,1149,0,326
1292,2232,1147,0,321
1293,2232,1148,0,321
1294,2230,1151,0,308
1295,2230,1151,0,314
1296,2229,1155,0,302
1297,2225,1154,0,302
1298,2225,1157,0,290
1299,2231,1152,0,303
1300,2231,1159,0,272
1301,2233,1154,0,258
1302,2233,1156,0,253
1303,2226,1155,0,237
1304,2226,1154,0,231
1305,2231,1153,0,228
1306,2236,1151,0,220
1307,2244,1150,0,222
1308,2245,1150,0,218
1309,2247,1149,0,216
1310,2247,1149,0,226
1311,2251,1150,0,209
1312,2248,1145,0,200
1313,2248,1145,0,205
1314,2250,1150,0,191
1315,2263,1150,0,192
1316,2268,1150,0,195
1317,2279,1145,0,207
1318,2291,1144,0,204
1319,2303,1138,0,213
1320,2307,1134,0,217
1321,2312,1135,0,230
1322,2314,1132,0,240
1323,2324,1128,0,266
1324,2326,1128,0,265
1325,2330,1129,0,236
1326,2331,1129,0,222
1327,2334,1131,0,199
1328,2336,1132,0,182
1329,2332,1137,0,174
1330,2326,1141,0,169
1331,2327,1145,0,165
1332,2323,1145,0,163
1333,2323,1148,0,159
1334,2322,1152,0,164
1337,2324,1166,0,79
1338,2322,1167,0,76
1339,2316,1167,0,77
1340,2317,1167,0,80
1341,2319,1168,0,70
1342,2316,1167,0,71
1343,2314,1167,0,71
1344,2312,1169,0,72
1345,2313,1174,0,71
1346,2315,1186,0,75
1347,2319,1194,0,70
1348,2321,1192,0,76
1349,2324,1203,0,94
1350,2323,1209,0,98
1351,2323,1216,0,99
1352,2322,1223,0,96
1353,2321,1226,0,85
1354,2322,1226,0,95
1355,2320,1226,0,99
1356,2318,1227,0,92
1357,2318,1229,0,98
1358,2318,1231,0,95
1359,2316,1230,0,100
1360,2318,1236,0,106
1361,2318,1234,0,96
1362,2322,1236,0,84
1363,2323,1237,0,90
1364,2323,1244,0,97
1365,2331,1241,0,88
1366,2336,1244,0,76
1367,2332,1244,0,69
1368,2330,1253,0,75
1369,2327,1256,0,71
1370,2322,1273,0,72
1371,2318,1278,0,74
1372,2317,1291,0,78
1373,2315,1297,0,85
1374,2318,1312,0,69
1375,2322,1314,0,70
1376,2323,1320,0,55
1377,2320,1326,0,51
1378,2318,1332,0,40
1379,2317,1331,0,39
1380,2311,1333,0,33
1381,2308,1340,0,33
1382,2308,1338,0,25
1383,2305,1340,0,32
1384,2302,1342,0,28
1385,2293,1346,0,26
1386,2287,1352,0,29
1387,2288,1358,0,26
1388,2290,1356,0,34
1389,2292,1362,0,35
1390,2290,1358,0,39
1391,2296,1365,0,27
1392,2288,1365,0,33
1393,2279,1373,0,44
1394,2278,1381,0,47
1395,2282,1391,0,51
1396,2277,1395,0,49
1397,2271,1397,0,45
1398,2261,1399,0,39
1399,2250,1406,0,27
1400,2246,1411,0,31
1401,2239,1423,0,29
1402,2231,1418,0,26
1403,2221,1426,0,19
1404,2223,1425,0,21
1405,2220,1427,0,22
1406,2220,1431,0,36
1407,2221,1433,0,28
1408,2219,1435,0,34
1409,2208,1440,0,37
1410,2200,1449,0,27
1411,2191,1453,0,29
1412,2184,1454,0,33
1413,2176,1457,0,31
1414,2171,1465,0,30
1415,2158,1468,0,22
1416,2151,1468,0,18
1417,2146,1470,0,33
1418,2149,1469,0,29
1419,2146,1472,0,31
1420,2144,1472,0,31
1421,2145,1472,0,31
1422,2145,1474,0,31
1423,2141,1478,0,36
1424,2138,1479,0,41
1425,2136,1482,0,45
1426,2140,1489,0,55
1427,2137,1490,0,53
1428,2136,1490,0,54
1429,2132,1493,0,45
1430,2129,1498,0,37
1431,2119,1502,0,27
1432,2103,1506,0,28
1433,2090,1512,0,29
1434,2080,1512,0,29
1435,2070,1531,0,36
1436,2054,1535,0,45
1437,2047,1543,0,35
1438,2040,1553,0,44
1439,2029,1553,0,30
1440,2017,1559,0,26
1441,2003,1571,0,43
1442,1990,1583,0,42
1443,1980,1589,0,37
1444,1970,1604,0,47
1445,1966,1613,0,52
1446,1957,1621,0,66
1447,1955,1632,0,65
1448,1956,1642,0,62
1449,1948,1650,0,69
1450,1950,1675,0,60
1451,1941,1678,0,59
1452,1928,1699,0,47
1453,1916,1706,0,40
1454,1912,1709,0,40
1455,1909,1712,0,33
1458,1887,1705,0,346
1459,1879,1701,0,337
1460,1869,1694,0,338
1461,1867,1696,0,344
1462,1870,1695,0,349
1463,1875,1699,0,355
1464,1869,1700,0,351
1465,1869,1697,0,350
1466,1872,1699,0,354
1467,1868,1699,0,356
1468,1867,1701,0,0
1469,1864,1704,0,356
1471,1865,1704,0,349
1472,1866,1704,0,347
1473,1867,1702,0,349
1474,1863,1702,0,347
1475,1856,1703,0,357
1476,1840,1702,0,8
1477,1820,1705,0,4
1478,1814,1723,0,16
1479,1813,1721,0,13
1480,1809,1719,0,9
1481,1795,1721,0,4
1482,1788,1718,0,359
1483,1777,1710,0,355
1484,1759,1712,0,351
1485,1749,1715,0,7
1486,1738,1712,0,5
1487,1728,1714,0,359
1488,1712,1717,0,356
1489,1706,1707,0,355
1490,1691,1702,0,354
1491,1673,1703,0,348
1492,1662,1694,0,352
1493,1662,1697,0,352
1494,1657,1695,0,350
1495,1654,1702,0,9
1496,1646,1708,0,17
1497,1637,1720,0,21
1498,1624,1727,0,38
1499,1610,1738,0,33
1500,1596,1743,0,47
1501,1589,1753,0,38
1502,1593,1753,0,32
1503,1593,1753,0,23
1504,1596,1751,0,27
1505,1597,1751,0,26
1506,1598,1750,0,26
1507,1596,1750,0,26
1508,1597,1750,0,22
1509,1597,1749,0,25
1510,1596,1749,0,27
1511,1597,1749,0,27
1512,1598,1749,0,28
1513,1597,1749,0,28
1514,1598,1749,0,29
1515,1597,1749,0,30
1516,1597,1749,0,30
1517,1597,1749,0,30
1518,1597,1749,0,28
1519,1598,1749,0,28
1520,1597,1749,0,31
1521,1597,1749,0,31
1522,1597,1749,0,31
1523,1597,1749,0,31
1524,1596,1749,0,34
1525,1596,1749,0,34
1526,1596,1749,0,35
1527,1596,1749,0,34
1528,1596,1749,0,34
1529,1596,1749,0,33
1530,1596,1750,0,34
1531,1596,1749,0,35
1532,1596,1750,0,34
1533,1596,1750,0,35
1534,1596,1750,0,35
1535,1596,1750,0,33
1536,1596,1750,0,34
1537,1596,1750,0,33
1538,1596,1750,0,34
1539,1596,1750,0,33
1540,1597,1750,0,33
1541,1597,1750,0,32
1542,1597,1750,0,32
1543,1597,1750,0,33
1544,1597,1750,0,33
1545,1597,1750,0,31
1546,1596,1751,0,32
1547,1596,1751,0,33
1548,1597,1750,0,31
1549,1597,1751,0,32
1550,1596,1751,0,31
1551,1596,1751,0,34
1552,1597,1751,0,31
1553,1597,1751,0,32
1554,1596,1751,0,34
1555,1597,1751,0,32
1556,1596,1751,0,34
1557,1597,1751,0,33
1558,1597,1751,0,34
1559,1597,1751,0,35
1560,1597,1751,0,34
1561,1597,1751,0,34
1562,1597,1751,0,33
1563,1597,1751,0,34
1564,1597,1751,0,37
1565,1596,1751,0,36
1566,1596,1751,0,37
1567,1597,1751,0,37
1568,1597,1751,0,37
1569,1597,1752,0,38
1570,1597,1752,0,37
1571,1597,1752,0,36
1572,1597,1752,0,37
1573,1597,1752,0,37
1574,1597,1752,0,38
1575,1597,1752,0,38
1576,1597,1752,0,37
1577,1597,1752,0,37
1578,1597,1752,0,37
1579,1597,1752,0,38
1580,1597,1752,0,36
1581,1597,1752,0,36
1582,1597,1752,0,36
1583,1597,1752,0,34
1584,1597,1752,0,34
1585,1597,1751,0,32
1586,1597,1752,0,34
1587,1597,1752,0,34
1588,1597,1752,0,35
1589,1597,1751,0,35
1590,1597,1751,0,36
1591,1597,1751,0,34
1592,1598,1751,0,33
1593,1598,1752,0,33
1594,1598,1752,0,30
1595,1597,1752,0,29
1596,1598,1752,0,29
1597,1598,1752,0,28
1598,1598,1752,0,27
1599,1598,1752,0,27
1600,1598,1752,0,28
1601,1597,1752,0,28
1602,1598,1752,0,29
1603,1598,1752,0,33
1604,1598,1751,0,33
1605,1598,1751,0,34
1606,1598,1751,0,34
1607,1598,1752,0,31
1608,1598,1752,0,33
1609,1598,1752,0,31
1610,1598,1752,0,32
1611,1598,1752,0,32
1612,1598,1752,0,33
1613,1598,1751,0,33
1614,1598,1751,0,34
1615,1598,1751,0,33
1616,1598,1751,0,34
1617,1598,1751,0,33
1618,1598,1751,0,34
1619,1598,1752,0,33
1620,1598,1752,0,33
1621,1598,1752,0,34
1622,1598,1752,0,34
1623,1598,1751,0,34
1624,1598,1751,0,34
1625,1598,1752,0,34
1626,1598,1752,0,34
1627,1598,1751,0,34
1628,1598,1752,0,34
1629,1598,1752,0,32
1630,1598,1752,0,32
1631,1598,1752,0,32
1632,1598,1752,0,33
1633,1597,1752,0,31
1634,1597,1752,0,31
1635,1597,1752,0,30
1636,1597,1753,0,31
1637,1598,1752,0,28
1638,1598,1752,0,31
1639,1597,1752,0,31
1640,1597,1752,0,30
1641,1598,1752,0,30
1642,1598,1752,0,31
1643,1598,1752,0,29
1644,1599,1752,0,32
1645,1599,1751,0,31
1646,1599,1751,0,31
1647,1599,1751,0,32
1648,1598,1751,0,31
1649,1598,1751,0,33
1650,1600,1750,0,30
1651,1600,1750,0,30
1652,1600,1752,0,35
1653,1601,1756,0,45
1654,1601,1760,0,45
1655,1600,1760,0,44
1656,1598,1759,0,36
1657,1600,1758,0,35
1658,1600,1759,0,38
1659,1601,1759,0,44
1660,1603,1765,0,54
1661,1597,1773,0,56
1662,1589,1783,0,63
1663,1584,1794,0,32
1664,1579,1795,0,28
1665,1581,1798,0,37
1666,1585,1804,0,46
1667,1588,1806,0,43
1668,1581,1805,0,29
1669,1580,1800,0,17
1670,1583,1803,0,10
1671,1582,1804,0,3
1672,1582,1809,0,2
1673,1585,1812,0,8
1674,1583,1816,0,25
1675,1580,1820,0,37
1676,1577,1827,0,43
1677,1569,1831,0,47
1678,1567,1831,0,38
1679,1561,1833,0,33
1680,1557,1837,0,30
1681,1553,1840,0,22
1682,1545,1849,0,15
1683,1539,1854,0,20
1684,1534,1858,0,36
1685,1524,1865,0,53
1686,1514,1867,0,55
1687,1506,1876,0,26
1688,1495,1879,0,14
1689,1489,1884,0,12
1690,1484,1889,0,14
1691,1477,1898,0,12
1693,1476,1911,0,21
1694,1465,1906,0,3
1695,1463,1906,0,7
1696,1457,1910,0,15
1697,1446,1916,0,27
1698,1426,1919,0,11
1699,1422,1921,0,5
1700,1412,1924,0,0
1701,1401,1926,0,357
1702,1398,1922,0,343
1703,1391,1922,0,340
1704,1381,1919,0,324
1705,1375,1908,0,303
1706,1374,1897,0,279
1707,1374,1885,0,279
1708,1372,1879,0,275
1709,1372,1864,0,267
1710,1373,1859,0,270
1711,1373,1854,0,270
1712,1374,1848,0,265
1713,1378,1841,0,265
1714,1378,1834,0,271
1715,1373,1837,0,277
1716,1373,1836,0,272
1717,1376,1829,0,267
1718,1378,1831,0,267
1719,1375,1831,0,276
1720,1373,1833,0,272
1721,1378,1832,0,257
1722,1380,1828,0,252
1723,1383,1820,0,250
1724,1387,1812,0,241
1725,1395,1813,0,241
1726,1399,1812,0,238
1727,1401,1806,0,237
1728,1415,1798,0,231
1729,1422,1798,0,223
1730,1424,1791,0,225
1731,1426,1792,0,228
1732,1425,1793,0,230
1733,1424,1790,0,244
1734,1424,1793,0,240
1735,1424,1794,0,239
1736,1422,1797,0,249
1737,1422,1795,0,249
1738,1421,1797,0,257
1739,1424,1795,0,279
1740,1425,1789,0,297
1741,1419,1790,0,298
1742,1412,1784,0,304
1743,1406,1776,0,314
1744,1405,1781,0,333
1745,1404,1786,0,339
1746,1406,1787,0,339
1747,1407,1787,0,335
1748,1406,1786,0,332
1749,1405,1782,0,322
1750,1403,1780,0,302
1751,1403,1780,0,299
1752,1402,1783,0,290
1753,1402,1779,0,284
1754,1400,1778,0,272
1755,1406,1774,0,269
1756,1411,1771,0,274
1757,1407,1766,0,265
1758,1405,1759,0,258
1759,1404,1750,0,245
1760,1406,1752,0,245
1761,1408,1747,0,246
1762,1406,1743,0,232
1763,1402,1739,0,228
1764,1402,1732,0,219
1765,1407,1727,0,214
1766,1408,1726,0,206
1767,1416,1722,0,213
1768,1423,1724,0,201
1769,1420,1720,0,197
1770,1419,1718,0,194
1771,1418,1718,0,198
1772,1421,1718,0,197
1773,1420,1718,0,197
1774,1417,1717,0,202
1775,1418,1716,0,202
1776,1417,1715,0,196
1777,1419,1716,0,189
1778,1419,1717,0,195
1779,1421,1718,0,188
1780,1422,1719,0,186
1781,1421,1719,0,191
1782,1422,1718,0,193
1783,1421,1718,0,192
1784,1419,1719,0,191
1785,1420,1718,0,193
1786,1421,1719,0,195
1787,1422,1718,0,194
1788,1422,1718,0,194
1789,1423,1718,0,192
1790,1423,1718,0,193
1791,1422,1718,0,191
1792,1422,1717,0,187
1793,1421,1719,0,184
1794,1422,1720,0,188
1795,1422,1721,0,189
1796,1422,1721,0,188
1797,1422,1721,0,187
1798,1422,1721,0,188
1799,1423,1721,0,189
1800,1422,1721,0,191
1801,1421,1721,0,191
1802,1421,1721,0,189
1803,1420,1721,0,186
1804,1420,1721,0,184
1805,1421,1720,0,187
1806,1420,1721,0,187
1807,1420,1720,0,186
1808,1419,1721,0,186
1809,1420,1721,0,189
1810,1420,1721,0,189
1811,1420,1722,0,189
1812,1419,1722,0,190
1813,1419,1721,0,189
1814,1419,1721,0,188
1815,1420,1721,0,187
1816,1419,1720,0,186
1817,1419,1721,0,186
1818,1419,1721,0,187
1819,1419,1721,0,187
1820,1419,1721,0,185
1821,1419,1720,0,186
1822,1420,1721,0,187
1823,1420,1720,0,185
1824,1419,1720,0,184
1825,1419,1720,0,185
1826,1419,1720,0,185
1827,1419,1720,0,185
1828,1419,1720,0,184
1829,1419,1720,0,185
1830,1419,1720,0,185
1831,1419,1720,0,185
1832,1419,1720,0,184
1833,1419,1720,0,186
1834,1419,1720,0,187
1835,1419,1720,0,186
1836,1419,1720,0,186
1837,1419,1720,0,183
1838,1418,1720,0,185
1839,1420,1720,0,184
1840,1418,1720,0,184
1841,1418,1721,0,186
1842,1418,1721,0,185
1843,1419,1720,0,186
1844,1419,1720,0,184
1845,1419,1720,0,184
1846,1419,1720,0,184
1847,1419,1720,0,185
1848,1419,1720,0,183
1849,1419,1721,0,184
1850,1419,1720,0,185
1851,1419,1721,0,186
1852,1419,1721,0,187
1853,1420,1721,0,186
1854,1419,1721,0,187
1855,1420,1721,0,187
1856,1419,1720,0,188
1857,1420,1721,0,187
1858,1419,1721,0,188
1859,1420,1721,0,185
1860,1419,1721,0,185
1861,1420,1721,0,185
1862,1419,1721,0,186
1863,1420,1721,0,184
1864,1419,1721,0,185
1865,1419,1721,0,184
1866,1419,1722,0,189
1867,1421,1723,0,198
1868,1420,1725,0,201
1869,1421,1725,0,201
1870,1422,1726,0,208
1871,1422,1726,0,205
1872,1423,1727,0,209
1873,1422,1726,0,207
1874,1422,1727,0,205
1875,1421,1726,0,199
1876,1422,1727,0,206
1877,1421,1727,0,203
1878,1421,1726,0,201
1879,1421,1726,0,202
1880,1420,1726,0,200
1881,1421,1726,0,201
1882,1420,1727,0,202
1883,1421,1727,0,205
1884,1420,1727,0,203
1885,1420,1728,0,208
1886,1419,1727,0,200
1887,1416,1725,0,190
1888,1416,1724,0,185
1889,1415,1723,0,184
1890,1416,1724,0,198
1891,1416,1725,0,220
1892,1422,1718,0,223
1893,1427,1711,0,233
1894,1428,1707,0,238
1895,1434,1704,0,245
1896,1436,1701,0,245
1897,1434,1697,0,254
1898,1433,1690,0,270
1899,1431,1687,0,263
1900,1432,1684,0,255
1901,1435,1681,0,241
1902,1434,1679,0,235
1903,1432,1678,0,238
1904,1428,1677,0,239
1905,1426,1670,0,245
1906,1428,1664,0,247
1907,1430,1651,0,250
1908,1431,1641,0,252
1909,1432,1627,0,247
1910,1435,1621,0,239
1911,1434,1617,0,210
1912,1444,1615,0,206
1913,1446,1612,0,196
1914,1453,1612,0,172
1915,1453,1614,0,165
1916,1454,1615,0,162
1917,1453,1615,0,168
1918,1453,1615,0,172
1919,1453,1613,0,176
1920,1454,1613,0,180
1921,1460,1614,0,179
1922,1465,1616,0,179
1923,1468,1614,0,177
1924,1471,1618,0,172
1925,1472,1618,0,171
1926,1469,1611,0,195
1927,1473,1607,0,200
1928,1478,1608,0,198
1929,1486,1605,0,185
1930,1491,1599,0,190
1931,1494,1598,0,197
1932,1496,1599,0,196
1933,1498,1600,0,204
1934,1497,1600,0,195
1935,1496,1597,0,187
1936,1495,1596,0,195
1937,1494,1595,0,189
1938,1486,1596,0,177
1939,1482,1597,0,166
1940,1485,1601,0,152
1941,1488,1608,0,141
1942,1488,1615,0,147
1943,1491,1618,0,141
1944,1490,1617,0,114
1945,1491,1619,0,102
1946,1490,1626,0,90
1947,1488,1633,0,89
1948,1490,1640,0,87
1949,1490,1643,0,91
1950,1494,1648,0,95
1951,1494,1646,0,99
1952,1498,1648,0,108
1953,1499,1656,0,103
1954,1497,1661,0,117
1955,1499,1664,0,109
1956,1500,1665,0,129
1957,1507,1664,0,147
1958,1514,1664,0,154
1959,1516,1665,0,157
1960,1525,1672,0,186
1961,1530,1675,0,183
1962,1530,1676,0,185
1963,1532,1679,0,209
1964,1535,1678,0,214
1965,1541,1681,0,216
1966,1550,1679,0,197
1967,1555,1677,0,191
1968,1557,1679,0,195
1969,1558,1679,0,194
1970,1556,1677,0,201
1971,1557,1676,0,212
1972,1559,1677,0,227
1973,1557,1676,0,221
1974,1555,1674,0,214
1975,1557,1674,0,194
1976,1560,1672,0,184
1977,1571,1670,0,189
1978,1583,1665,0,200
1979,1591,1664,0,190
1980,1595,1662,0,185
1981,1604,1665,0,189
1982,1608,1663,0,188
1983,1609,1665,0,192
1984,1614,1664,0,205
1985,1620,1663,0,224
1986,1624,1658,0,235
1987,1622,1657,0,245
1988,1619,1659,0,248
1989,1617,1657,0,262
1990,1615,1658,0,269
1991,1614,1662,0,296
1992,1613,1658,0,307
1993,1612,1656,0,321
1994,1605,1658,0,332
1995,1598,1656,0,347
1996,1597,1657,0,347
1997,1595,1658,0,350
1998,1593,1659,0,353
1999,1588,1659,0,349
2000,1584,1655,0,348
2001,1581,1656,0,350
2002,1580,1656,0,352
2003,1577,1655,0,352
2004,1569,1657,0,356
2005,1564,1659,0,357
2006,1562,1658,0,359
2007,1558,1658,0,351
2008,1553,1659,0,349
2009,1551,1661,0,358
2010,1549,1662,0,7
2011,1547,1667,0,20
2012,1544,1671,0,23
2013,1542,1677,0,18
2014,1546,1677,0,13
2015,1548,1679,0,4
2016,1553,1679,0,356
2017,1555,1681,0,358
2018,1559,1685,0,0
2019,1561,1684,0,3
2020,1563,1686,0,1
2021,1570,1689,0,352
2022,1569,1691,0,344
2023,1567,1694,0,337
2024,1567,1692,0,324
2025,1563,1695,0,308
2026,1562,1699,0,298
2027,1561,1702,0,289
2028,1560,1698,0,285
2029,1561,1694,0,275
2030,1564,1694,0,276
2031,1565,1693,0,277
2032,1561,1689,0,276
2033,1559,1686,0,266
2034,1562,1689,0,278
2035,1563,1686,0,280
2036,1560,1684,0,284
2037,1559,1684,0,291
2038,1561,1689,0,291
2039,1562,1689,0,293
2040,1564,1691,0,291
2041,1565,1690,0,288
2042,1566,1689,0,290
2043,1570,1691,0,286
2044,1575,1692,0,282
2045,1576,1687,0,275
2046,1576,1682,0,276
2047,1575,1677,0,280
2048,1574,1673,0,294
2049,1579,1670,0,317
2050,1578,1667,0,332
2051,1585,1661,0,344
2052,1587,1654,0,2
2053,1587,1652,0,16
2054,1587,1653,0,26
2055,1588,1654,0,39
2056,1585,1655,0,46
2057,1584,1654,0,54
2058,1586,1652,0,59
2059,1585,1652,0,51
2060,1583,1655,0,54
2061,1581,1651,0,42
2062,1580,1651,0,38
2063,1579,1651,0,38
2064,1576,1652,0,34
2065,1573,1656,0,37
2066,1566,1658,0,40
2067,1565,1651,0,55
2068,1559,1645,0,65
2069,1554,1641,0,80
2070,1553,1639,0,89
2071,1554,1638,0,95
2072,1559,1644,0,108
2073,1559,1643,0,118
2074,1560,1641,0,129
2075,1563,1638,0,136
2076,1568,1639,0,144
2077,1572,1642,0,158
2078,1575,1637,0,176
2079,1575,1635,0,182
2080,1577,1632,0,184
2081,1574,1632,0,193
2082,1569,1632,0,200
2083,1574,1628,0,227
2084,1580,1622,0,257
2085,1579,1616,0,263
2086,1574,1613,0,273
2087,1571,1608,0,288
2088,1567,1607,0,305
2089,1566,1605,0,301
2090,1565,1605,0,299
2091,1568,1608,0,294
2092,1567,1608,0,290
2093,1568,1608,0,285
2094,1569,1610,0,291
2095,1567,1607,0,292
2096,1568,1607,0,290
2097,1568,1609,0,282
2098,1568,1614,0,262
2099,1570,1612,0,246
2100,1578,1605,0,238
2101,1583,1598,0,235
2102,1589,1596,0,225
2103,1590,1593,0,222
2104,1596,1589,0,214
2105,1600,1586,0,226
2106,1600,1581,0,232
2107,1606,1579,0,229
2108,1610,1574,0,226
2109,1610,1577,0,223
2110,1608,1578,0,234
2111,1607,1570,0,248
2112,1608,1568,0,238
2113,1615,1566,0,251
2114,1616,1559,0,245
2115,1617,1548,0,256
2116,1624,1539,0,260
2117,1622,1543,0,257
2118,1621,1545,0,258
2119,1621,1545,0,248
2120,1619,1546,0,238
2121,1620,1542,0,237
2122,1626,1538,0,233
2123,1632,1529,0,227
2124,1635,1521,0,221
2125,1637,1516,0,227
2126,1641,1510,0,235
2127,1650,1510,0,233
2128,1650,1498,0,230
2129,1654,1491,0,242
2130,1652,1494,0,239
2131,1649,1494,0,244
2132,1646,1495,0,249
2133,1644,1497,0,244
2134,1641,1498,0,235
2135,1641,1499,0,244
2136,1645,1497,0,243
2137,1638,1495,0,235
2138,1642,1490,0,235
2139,1647,1488,0,227
2140,1651,1478,0,226
2141,1657,1476,0,225
2142,1655,1475,0,233
2143,1652,1474,0,231
2144,1651,1468,0,228
2145,1652,1467,0,232
2146,1652,1466,0,234
2147,1651,1464,0,232
2148,1649,1466,0,232
2149,1648,1466,0,239
2150,1650,1465,0,244
2151,1650,1465,0,241
2152,1651,1465,0,253
2153,1650,1457,0,264
2154,1649,1452,0,268
2155,1647,1449,0,265
2156,1648,1444,0,281
2157,1646,1441,0,295
2158,1641,1434,0,296
2159,1638,1430,0,300
2160,1636,1424,0,296
2161,1633,1420,0,294
2162,1634,1418,0,290
2163,1638,1415,0,277
2164,1636,1410,0,269
2165,1633,1410,0,271
2166,1634,1405,0,265
2167,1634,1403,0,255
2168,1632,1398,0,257
2169,1633,1396,0,259
2170,1634,1396,0,269
2171,1634,1396,0,254
2172,1634,1391,0,253
2173,1637,1386,0,245
2174,1639,1379,0,231
2175,1644,1370,0,230
2176,1648,1363,0,227
2177,1654,1357,0,230
2178,1661,1352,0,234
2179,1667,1352,0,236
2180,1677,1350,0,241
2181,1679,1347,0,240
2182,1682,1343,0,241
2183,1683,1336,0,246
2184,1684,1331,0,245
2185,1688,1327,0,232
2186,1696,1316,0,223
2187,1699,1307,0,222
2188,1706,1301,0,219
2189,1711,1297,0,208
2190,1716,1295,0,221
2191,1719,1288,0,231
2192,1729,1279,0,245
2193,1730,1273,0,255
2194,1733,1263,0,260
2195,1739,1254,0,255
2196,1740,1246,0,260
2197,1743,1240,0,266
2198,1746,1235,0,265
2199,1746,1232,0,254
2200,1746,1227,0,238
2201,1746,1227,0,239
2202,1747,1227,0,264
2203,1744,1220,0,267
2204,1751,1221,0,267
2205,1756,1224,0,268
2206,1756,1224,0,275
2207,1756,1226,0,272
2208,1754,1226,0,269
2209,1753,1226,0,264
2210,1748,1226,0,265
2211,1745,1221,0,261
2212,1742,1225,0,265
2213,1740,1227,0,273
2214,1740,1228,0,260
2215,1743,1233,0,260
2216,1742,1234,0,258
2217,1746,1231,0,263
2218,1747,1233,0,258
2219,1747,1234,0,252
2220,1746,1235,0,246
2221,1744,1237,0,238
2222,1745,1239,0,213
2223,1748,1239,0,201
2224,1750,1238,0,192
2225,1753,1240,0,195
2226,1760,1240,0,183
2227,1768,1240,0,181
2228,1771,1242,0,169
2229,1772,1248,0,143
2230,1777,1247,0,154
2231,1779,1247,0,151
2232,1779,1253,0,143
2233,1779,1251,0,145
2234,1778,1255,0,152
2235,1783,1258,0,161
2236,1792,1261,0,162
2237,1800,1264,0,181
2238,1800,1266,0,175
2239,1799,1267,0,162
2240,1800,1267,0,148
2241,1801,1270,0,137
2242,1806,1268,0,123
2243,1802,1272,0,127
2244,1805,1274,0,139
2245,1813,1274,0,145
2246,1823,1270,0,139
2247,1827,1270,0,145
2248,1832,1269,0,143
2249,1834,1268,0,136
2250,1833,1270,0,137
2251,1835,1276,0,125
2252,1835,1279,0,117
2253,1841,1280,0,122
2254,1843,1283,0,140
2255,1857,1288,0,131
2256,1856,1296,0,133
2257,1856,1301,0,139
2258,1851,1294,0,126
2259,1851,1294,0,121
2260,1844,1292,0,118
2261,1842,1291,0,120
2262,1838,1282,0,133
2263,1841,1282,0,136
2264,1837,1285,0,148
2265,1829,1292,0,156
2266,1826,1296,0,188
2267,1824,1291,0,197
2268,1825,1291,0,163
2269,1831,1289,0,152
2270,1845,1287,0,151
2271,1849,1288,0,156
2272,1861,1289,0,152
2273,1865,1290,0,158
2274,1881,1289,0,148
2275,1893,1293,0,130
2276,1893,1294,0,123
2277,1891,1300,0,98
2278,1897,1301,0,102
2279,1900,1295,0,103
2280,1903,1294,0,102
2281,1905,1295,0,104
2282,1903,1293,0,114
2283,1899,1298,0,131
2284,1895,1294,0,146
2285,1891,1290,0,154
2286,1887,1286,0,153
2287,1888,1285,0,149
2288,1894,1286,0,165
2289,1900,1288,0,169
2290,1914,1288,0,168
2291,1919,1286,0,171
2292,1929,1287,0,174
2293,1929,1294,0,189
2294,1930,1297,0,197
2295,1923,1301,0,179
2296,1923,1303,0,171
2297,1927,1305,0,151
2298,1922,1316,0,143
2299,1931,1323,0,120
2300,1935,1325,0,112
2301,1942,1326,0,112
2302,1949,1319,0,113
2303,1954,1311,0,113
2304,1952,1306,0,115
2305,1950,1309,0,127
2306,1955,1315,0,141
2307,1964,1317,0,165
2308,1972,1315,0,183
2309,1983,1314,0,195
2310,1987,1305,0,193
2311,1978,1294,0,187
2312,1972,1289,0,184
2313,1972,1272,0,182
2314,1973,1247,0,147
2315,1983,1246,0,159
2316,1985,1245,0,140
2317,1978,1249,0,144
2318,1975,1268,0,174
2319,1981,1273,0,175
2320,1991,1272,0,182
2321,2005,1278,0,200
2322,2009,1280,0,197
2323,1996,1283,0,214
2324,1999,1272,0,228
2325,1996,1258,0,226
2326,1991,1251,0,213
2327,1985,1241,0,219
2328,1983,1234,0,233
2329,1984,1238,0,244
2330,1987,1233,0,266
2331,1998,1226,0,267
2332,1987,1220,0,271
2333,1991,1203,0,282
2334,1994,1205,0,275
2335,1995,1212,0,281
2336,1995,1213,0,282
2337,1994,1213,0,285
2338,1995,1217,0,281
2339,1995,1219,0,280
2340,1994,1222,0,273
2341,1987,1223,0,276
2342,1984,1227,0,272
2343,1976,1229,0,276
2344,1973,1235,0,280
2345,1970,1240,0,277
2346,1972,1239,0,273
2347,1969,1232,0,256
2348,1964,1230,0,265
2349,1964,1213,0,280
2350,1963,1211,0,271
2351,1963,1211,0,265
2352,1965,1212,0,273
2353,1959,1218,0,284
2354,1955,1216,0,300
2355,1956,1207,0,316
2356,1956,1202,0,334
2357,1954,1203,0,338
2358,1947,1205,0,336
2359,1948,1205,0,348
2360,1952,1206,0,345
2361,1959,1208,0,331
2362,1960,1207,0,333
2363,1960,1210,0,332
2364,1959,1215,0,330
2365,1954,1220,0,324
2366,1952,1219,0,330
2367,1952,1215,0,324
2368,1947,1213,0,328
2369,1941,1207,0,352
2370,1932,1200,0,9
2371,1930,1198,0,19
2372,1932,1198,0,25
2373,1933,1199,0,23
2374,1936,1199,0,22
2375,1935,1197,0,16
2376,1931,1190,0,18
2377,1931,1188,0,12
2378,1931,1181,0,13
2379,1931,1172,0,13
2380,1928,1172,0,10
2381,1923,1170,0,11
2382,1920,1169,0,353
2383,1921,1165,0,336
2384,1909,1159,0,325
2385,1904,1147,0,311
2386,1904,1140,0,298
2387,1908,1142,0,298
2388,1905,1142,0,322
2389,1899,1139,0,320
2390,1900,1140,0,322
2391,1899,1138,0,327
2392,1899,1135,0,327
2393,1897,1128,0,322
2394,1898,1124,0,335
2395,1900,1119,0,335
2396,1900,1119,0,335
2397,1899,1118,0,331
2398,1899,1117,0,338
2399,1901,1117,0,336
2400,1899,1117,0,335
2401,1898,1117,0,341
2402,1895,1119,0,351
2403,1897,1114,0,357
2404,1896,1117,0,359
2405,1895,1117,0,358
2406,1892,1117,0,0
2407,1895,1118,0,18
2408,1895,1122,0,18
2409,1897,1120,0,21
2410,1900,1116,0,9
2411,1906,1112,0,357
2412,1911,1108,0,358
2413,1913,1099,0,356
2414,1912,1100,0,356
2415,1913,1099,0,339
2416,1911,1096,0,312
2417,1912,1088,0,305
2418,1922,1082,0,294
2419,1924,1078,0,281
2420,1922,1084,0,263
2421,1927,1080,0,232
2422,1931,1079,0,210
2423,1936,1080,0,194
2424,1948,1094,0,186
2425,1957,1089,0,182
2426,1978,1091,0,172
2427,1985,1090,0,181
2428,1988,1090,0,180
2429,2002,1090,0,168
2430,2013,1091,0,159
2431,2013,1097,0,168
2432,2011,1097,0,163
2433,2017,1098,0,139
2434,2023,1100,0,142
2435,2027,1108,0,138
2436,2034,1107,0,136
2437,2045,1106,0,129
2438,2050,1112,0,139
2439,2053,1114,0,149
2440,2056,1114,0,155
2441,2057,1113,0,166
2442,2057,1106,0,172
2443,2059,1108,0,193
2444,2062,1102,0,210
2445,2065,1099,0,209
2446,2070,1097,0,219
2447,2083,1089,0,210
2456,2108,1079,0,2
2473,2115,1171,0,2
2476,2136,1168,0,181
2483,2047,1149,0,143
2495,2121,972,0,351
2505,2147,1193,0,179
2515,2288,1289,0,152
2519,2304,1296,0,120
2523,2316,1327,0,111
2524,2322,1327,0,141
2525,2330,1338,0,139
2526,2348,1342,0,173
2527,2357,1348,0,167
2528,2371,1358,0,160
2529,2391,1361,0,171
2530,2387,1359,0,197
2531,2383,1359,0,212
2532,2383,1357,0,220
2533,2386,1355,0,230
2534,2401,1345,0,217
2535,2419,1342,0,201
2536,2437,1324,0,220
2539,2453,1332,0,262
2540,2453,1332,0,277
2541,2451,1325,0,284
2542,2454,1327,0,268
2543,2453,1325,0,276
2544,2451,1324,0,256
2545,2455,1327,0,258
2546,2443,1322,0,273
2547,2454,1314,0,245
2548,2453,1307,0,242
2549,2460,1294,0,257
2550,2462,1283,0,256
2552,2470,1266,0,238
2581,2246,994,0,134
2582,2271,1006,0,115
2587,2276,1086,0,87
2590,2282,1116,0,98
2591,2295,1135,0,286
2593,2329,1177,0,282
2594,2341,1197,0,114
2595,2351,1214,0,98
2596,2357,1228,0,104
2597,2364,1244,0,106
2598,2369,1247,0,119
2599,2379,1254,0,135
2601,2408,1263,0,145
2604,2444,1269,0,297
2605,2446,1270,0,294
2606,2443,1266,0,149
2607,2446,1270,0,124
2608,2453,1284,0,102
2610,2468,1307,0,105
2611,2469,1307,0,121
2612,2475,1314,0,155
2613,2478,1317,0,182
2614,2496,1316,0,194
2630,2254,1482,0,144
2632,2276,1491,0,137
2633,2284,1494,0,130
2635,2289,1494,0,140
2636,2286,1496,0,152
2637,2285,1496,0,151
2638,2286,1498,0,145
2639,2291,1500,0,150
2640,2291,1503,0,167
2641,2292,1502,0,177
2642,2295,1505,0,155
2643,2296,1509,0,133
2644,2301,1514,0,130
2645,2311,1517,0,126
2646,2315,1515,0,142
2649,2313,1512,0,89
2650,2315,1509,0,73
2651,2308,1510,0,33
2652,2303,1507,0,4
2653,2295,1507,0,351
2654,2289,1500,0,339
2655,2285,1491,0,333
2656,2284,1489,0,318
2657,2286,1488,0,310
2658,2286,1487,0,303
2659,2286,1486,0,297
2660,2282,1481,0,291
2661,2278,1477,0,294
2662,2278,1468,0,289
2663,2280,1463,0,299
2664,2275,1458,0,321
2665,2268,1456,0,326
2666,2264,1456,0,327
2667,2265,1456,0,332
2668,2260,1455,0,344
2669,2254,1453,0,341
2670,2255,1454,0,326
2671,2252,1453,0,325
2672,2248,1451,0,335
2673,2248,1447,0,338
2674,2247,1447,0,344
2675,2246,1448,0,336
2676,2253,1442,0,339
2677,2253,1442,0,327
2678,2253,1436,0,319
2679,2257,1435,0,311
2680,2258,1422,0,307
2681,2260,1411,0,303
2682,2258,1411,0,292
2683,2258,1411,0,291
2684,2263,1415,0,280
2685,2265,1414,0,276
2686,2275,1416,0,283
2687,2283,1416,0,276
2688,2283,1410,0,271
2689,2279,1406,0,263
2690,2277,1407,0,262
2691,2276,1403,0,260
2692,2277,1398,0,264
2693,2275,1398,0,261
2694,2275,1397,0,258
2695,2277,1390,0,261
2696,2281,1384,0,259
2697,2284,1379,0,257
2698,2284,1370,0,255
2699,2291,1362,0,255
2700,2292,1351,0,264
2701,2297,1341,0,266
2702,2302,1339,0,254
2703,2304,1332,0,251
2704,2306,1322,0,260
2705,2309,1317,0,251
2706,2310,1315,0,258
2707,2310,1313,0,254
2708,2313,1305,0,257
2709,2313,1305,0,263
2710,2312,1306,0,282
2711,2309,1304,0,292
2712,2304,1300,0,315
2713,2297,1293,0,327
2714,2284,1286,0,3
2715,2272,1281,0,334
2716,2265,1274,0,324
2717,2254,1271,0,299
2719,2254,1270,0,299
2720,2256,1269,0,316
2721,2251,1266,0,324
2722,2254,1270,0,329
2723,2256,1272,0,347
2724,2254,1273,0,352
2725,2252,1275,0,353
2726,2253,1277,0,8
2727,2252,1285,0,17
2728,2251,1293,0,18
2729,2247,1295,0,23
2730,2238,1300,0,21
2731,2231,1300,0,24
2732,2226,1309,0,21
2733,2223,1311,0,18
2734,2216,1312,0,21
2735,2209,1309,0,11
2736,2206,1312,0,8
2737,2211,1309,0,11
2738,2207,1310,0,11
2739,2209,1306,0,12
2742,2219,1287,0,320
2743,2218,1288,0,320
2744,2221,1288,0,340
2745,2213,1288,0,1
2746,2215,1292,0,18
2747,2214,1293,0,16
2748,2208,1296,0,26
2749,2211,1302,0,44
2750,2209,1306,0,40
2751,2210,1307,0,43
2752,2209,1309,0,46
2753,2208,1308,0,51
2754,2205,1314,0,43
2755,2203,1320,0,49
2756,2202,1324,0,48
2757,2209,1329,0,58
2758,2205,1334,0,65
2759,2197,1337,0,70
2760,2199,1341,0,77
2761,2196,1350,0,84
2762,2198,1363,0,81
2763,2193,1366,0,87
2764,2194,1374,0,78
2765,2196,1386,0,76
2766,2195,1399,0,70
2767,2193,1409,0,81
2768,2198,1426,0,94
2769,2199,1436,0,96
2770,2199,1434,0,102
2771,2200,1430,0,121
2772,2202,1431,0,126
2773,2212,1436,0,142
2774,2221,1443,0,149
2775,2228,1444,0,158
2776,2238,1446,0,139
2777,2248,1455,0,128
2778,2255,1455,0,146
2779,2266,1461,0,170
2780,2274,1464,0,173
2781,2289,1468,0,193
2782,2297,1468,0,185
2783,2312,1472,0,171
2784,2329,1472,0,188
2785,2335,1477,0,185
2786,2350,1476,0,180
2787,2360,1480,0,170
2789,2393,1481,0,172
2790,2398,1475,0,200
2791,2411,1471,0,215
2792,2428,1465,0,221
2793,2437,1456,0,219
2795,2454,1446,0,207
2796,2461,1444,0,195
2797,2460,1448,0,189
2798,2470,1450,0,180
2799,2473,1451,0,155
2800,2480,1451,0,170
2801,2486,1447,0,191
2812,2374,1243,0,359
2813,2374,1251,0,2
2814,2380,1251,0,359
2815,2381,1249,0,352
2816,2382,1248,0,2
2817,2375,1245,0,19
2818,2366,1242,0,19
2819,2359,1237,0,13
2820,2362,1238,0,17
2821,2353,1235,0,17
2822,2347,1229,0,13
2823,2344,1227,0,12
2824,2340,1228,0,13
2825,2342,1226,0,11
2826,2340,1223,0,18
2827,2335,1222,0,23
2828,2334,1224,0,36
2829,2331,1219,0,24
2830,2330,1218,0,21
2832,2327,1210,0,21
2833,2329,1211,0,11
2836,2327,1206,0,336
2837,2331,1208,0,359
2838,2326,1206,0,5
2839,2325,1212,0,10
2840,2322,1217,0,170
2841,2323,1217,0,154
2842,2330,1227,0,162
2843,2333,1228,0,307
2844,2330,1233,0,159
2849,2336,1229,0,138
2850,2340,1225,0,298
2851,2340,1225,0,292
2852,2340,1227,0,278
2853,2342,1228,0,283
2856,2385,1202,0,13
2861,2320,1168,0,166
2862,2307,1172,0,348
2863,2302,1153,0,328
2864,2291,1140,0,307
2865,2283,1140,0,341
2867,2265,1128,0,104
2870,2209,1147,0,16
2874,2263,1185,0,341
2875,2262,1187,0,352
2876,2257,1188,0,357
2877,2250,1189,0,6
2878,2243,1193,0,6
2879,2240,1198,0,0
2880,2242,1207,0,357
2881,2238,1204,0,342
2882,2235,1204,0,332
2883,2240,1207,0,328
2884,2241,1209,0,324
2885,2240,1211,0,323
2886,2245,1213,0,315
2887,2246,1212,0,311
2888,2250,1213,0,305
2889,2251,1212,0,300
2890,2255,1217,0,292
2891,2256,1218,0,288
2894,2264,1211,0,226
2895,2273,1213,0,208
2896,2282,1210,0,211
2897,2284,1211,0,197
2898,2282,1211,0,185
2899,2279,1214,0,190
2900,2278,1216,0,178
2901,2280,1214,0,182
2902,2280,1214,0,179
2903,2280,1211,0,164
2904,2277,1209,0,156
2905,2277,1208,0,138
2906,2277,1211,0,132
2907,2277,1214,0,119
2908,2276,1213,0,114
2909,2273,1213,0,109
2910,2273,1219,0,110
2911,2273,1223,0,116
2912,2273,1227,0,119
2913,2271,1230,0,128
2914,2268,1227,0,123
2915,2267,1230,0,124
2916,2266,1231,0,120
2917,2266,1233,0,116
2918,2266,1232,0,120
2919,2267,1235,0,120
2920,2269,1238,0,123
2921,2268,1239,0,122
2922,2273,1241,0,122
2923,2278,1248,0,120
2924,2279,1248,0,122
2925,2279,1251,0,120
2926,2282,1254,0,133
2927,2285,1260,0,131
2928,2281,1261,0,127
2929,2281,1263,0,118
2930,2282,1257,0,125
2931,2281,1256,0,144
2932,2285,1261,0,138
2933,2291,1265,0,128
2934,2299,1268,0,134
2935,2308,1264,0,142
2936,2312,1272,0,161
2937,2317,1282,0,176
2938,2326,1282,0,173
2939,2327,1278,0,167
2940,2325,1277,0,163
2941,2325,1282,0,182
2942,2327,1284,0,178
2943,2327,1280,0,171
2944,2329,1281,0,171
2945,2335,1282,0,175
2946,2332,1281,0,163
2947,2332,1283,0,167
2948,2330,1285,0,167
2949,2329,1286,0,172
2950,2332,1286,0,159
2951,2333,1284,0,157
2952,2331,1283,0,157
2953,2335,1281,0,170
2954,2340,1281,0,170
2955,2341,1282,0,171
2956,2348,1284,0,190
2957,2356,1282,0,195
2958,2366,1274,0,189
2959,2376,1273,0,209
2960,2387,1267,0,208
2961,2391,1264,0,192
2962,2400,1264,0,204
2963,2405,1260,0,200
2964,2411,1263,0,169
2965,2416,1263,0,155
2966,2423,1265,0,161
2967,2429,1272,0,167
2968,2432,1271,0,186
2969,2437,1269,0,198
2970,2439,1270,0,191
2971,2437,1271,0,183
2972,2437,1270,0,188
2973,2441,1268,0,188
2974,2444,1264,0,184
2975,2446,1260,0,181
2976,2447,1258,0,190
2977,2449,1261,0,201
2978,2453,1256,0,206
2979,2460,1250,0,212
2980,2463,1245,0,218
2981,2463,1243,0,223
2982,2467,1241,0,208
2983,2472,1240,0,198
2984,2475,1239,0,212
2985,2480,1235,0,219
2986,2451,1191,0,227
2988,2403,1163,0,14
2989,2403,1177,0,23
2990,2360,1186,0,37
2991,2359,1194,0,40
2992,2415,1191,0,50
2994,2414,1192,0,54
2995,2415,1190,0,58
2996,2415,1190,0,62
2997,2414,1186,0,51
2998,2412,1187,0,27
2999,2411,1186,0,27
