0,870,1814,0,328
1,863,1818,0,342
2,855,1818,0,355
3,845,1818,0,5
4,831,1814,0,5
5,834,1811,0,6
6,827,1818,0,17
7,822,1820,0,16
8,820,1817,0,2
9,823,1816,0,355
10,823,1815,0,346
11,819,1804,0,338
12,811,1800,0,320
13,807,1791,0,303
14,810,1772,0,279
15,825,1759,0,296
16,818,1761,0,302
17,818,1760,0,295
18,818,1756,0,287
19,820,1751,0,291
20,818,1750,0,292
21,820,1752,0,297
22,821,1753,0,304
23,822,1753,0,304
24,823,1752,0,309
25,823,1751,0,310
26,821,1749,0,310
27,821,1746,0,314
28,820,1745,0,317
29,820,1745,0,319
30,818,1743,0,325
31,815,1740,0,325
32,812,1740,0,325
33,812,1742,0,328
34,815,1744,0,327
35,818,1748,0,324
36,822,1754,0,313
37,825,1756,0,303
38,826,1756,0,301
39,824,1754,0,292
40,822,1744,0,286
41,823,1737,0,276
42,824,1734,0,268
43,824,1732,0,257
44,823,1729,0,254
45,825,1725,0,248
46,826,1722,0,237
47,830,1716,0,235
48,835,1707,0,228
49,844,1703,0,231
50,869,1699,0,248
51,866,1693,0,240
52,870,1689,0,230
53,881,1686,0,223
54,886,1683,0,233
55,891,1680,0,228
56,895,1674,0,231
57,896,1673,0,235
58,895,1674,0,226
59,901,1671,0,226
60,908,1666,0,237
61,911,1661,0,232
62,915,1655,0,232
63,923,1651,0,214
64,936,1648,0,207
65,938,1645,0,214
66,940,1639,0,214
67,943,1631,0,212
68,947,1635,0,201
69,953,1641,0,185
70,961,1642,0,177
71,970,1639,0,174
72,977,1637,0,183
73,985,1636,0,196
74,992,1635,0,198
75,989,1635,0,201
76,993,1631,0,206
77,997,1627,0,208
78,996,1626,0,207
79,998,1625,0,199
80,999,1624,0,198
81,999,1624,0,197
82,999,1624,0,196
83,999,1624,0,197
84,997,1624,0,198
85,997,1623,0,201
86,997,1624,0,201
87,998,1622,0,205
88,1002,1620,0,214
89,1008,1618,0,206
90,1008,1620,0,217
91,1009,1617,0,216
92,1017,1618,0,209
93,1021,1613,0,215
94,1026,1611,0,215
95,1029,1608,0,216
96,1041,1611,0,215
97,1043,1609,0,222
98,1044,1606,0,220
99,1052,1605,0,212
100,1058,1599,0,209
101,1070,1601,0,200
102,1073,1596,0,203
103,1072,1597,0,197
104,1070,1599,0,188
105,1069,1600,0,180
106,1072,1600,0,193
107,1076,1597,0,202
108,1078,1591,0,221
109,1077,1587,0,228
110,1076,1586,0,231
111,1075,1585,0,235
112,1074,1586,0,230
113,1075,1585,0,234
114,1080,1579,0,238
115,1081,1577,0,247
117,1081,1569,0,246
118,1080,1567,0,250
119,1079,1569,0,246
120,1080,1567,0,246
121,1079,1569,0,239
122,1079,1570,0,240
123,1080,1568,0,242
124,1081,1568,0,239
125,1081,1569,0,240
126,1081,1569,0,242
127,1081,1569,0,240
128,1080,1570,0,240
129,1080,1572,0,238
130,1081,1572,0,241
131,1082,1570,0,243
132,1082,1570,0,242
133,1082,1571,0,245
134,1081,1570,0,247
135,1080,1569,0,263
136,1080,1569,0,256
137,1080,1569,0,257
138,1080,1570,0,248
139,1080,1569,0,255
140,1080,1570,0,249
141,1080,1570,0,246
142,1080,1570,0,246
143,1080,1570,0,245
144,1080,1570,0,246
145,1080,1570,0,245
146,1080,1570,0,244
147,1080,1570,0,245
148,1080,1570,0,245
149,1080,1570,0,245
150,1080,1570,0,245
151,1080,1570,0,245
152,1080,1570,0,244
153,1080,1570,0,244
154,1080,1571,0,244
155,1080,1571,0,244
156,1080,1570,0,246
157,1080,1570,0,245
158,1080,1570,0,244
159,1080,1570,0,245
160,1080,1570,0,245
161,1080,1570,0,245
162,1080,1570,0,244
163,1080,1570,0,245
164,1080,1570,0,245
165,1080,1570,0,244
166,1080,1570,0,244
167,1080,1571,0,244
168,1080,1571,0,243
169,1080,1571,0,244
170,1080,1570,0,244
171,1080,1570,0,244
172,1080,1570,0,242
173,1080,1570,0,242
184,1080,1569,0,221
185,1080,1567,0,217
186,1080,1565,0,209
187,1081,1565,0,208
188,1081,1565,0,203
189,1081,1565,0,202
190,1081,1566,0,200
191,1083,1566,0,199
192,1087,1566,0,201
193,1088,1568,0,201
194,1089,1569,0,199
195,1091,1569,0,203
196,1092,1569,0,209
197,1093,1570,0,217
198,1094,1570,0,221
199,1094,1571,0,223
200,1093,1572,0,221
201,1093,1572,0,223
202,1093,1572,0,222
203,1093,1573,0,222
204,1094,1573,0,227
205,1095,1573,0,229
206,1095,1572,0,229
207,1094,1571,0,220
208,1092,1571,0,214
209,1091,1571,0,217
210,1090,1570,0,212
211,1089,1570,0,211
212,1088,1570,0,211
213,1088,1569,0,211
214,1085,1567,0,203
215,1085,1565,0,199
216,1084,1563,0,195
217,1083,1563,0,195
218,1083,1563,0,197
219,1083,1563,0,194
220,1083,1563,0,194
221,1083,1563,0,191
222,1081,1562,0,193
223,1080,1561,0,197
224,1079,1560,0,200
225,1077,1560,0,203
226,1076,1560,0,206
227,1072,1559,0,209
228,1070,1558,0,210
229,1067,1557,0,213
230,1061,1556,0,220
231,1058,1556,0,221
232,1055,1556,0,214
233,1050,1554,0,202
234,1049,1542,0,186
235,1048,1540,0,176
236,1049,1539,0,167
237,1065,1535,0,145
238,1073,1536,0,137
239,1075,1537,0,135
240,1076,1538,0,133
241,1078,1537,0,138
242,1079,1535,0,137
243,1081,1533,0,134
244,1081,1531,0,130
245,1080,1530,0,129
246,1076,1530,0,122
247,1074,1530,0,109
248,1073,1531,0,109
249,1076,1537,0,111
250,1077,1538,0,112
251,1078,1539,0,115
252,1078,1538,0,112
253,1078,1537,0,109
254,1078,1539,0,101
255,1079,1546,0,94
256,1077,1555,0,87
257,1076,1567,0,86
258,1075,1569,0,80
259,1070,1567,0,77
260,1066,1565,0,87
261,1055,1568,0,85
262,1046,1574,0,91
263,1039,1577,0,117
264,1036,1582,0,133
265,1036,1587,0,146
266,1038,1590,0,157
267,1042,1593,0,151
268,1042,1592,0,141
269,1037,1589,0,148
270,1032,1584,0,129
271,1031,1587,0,146
272,1028,1590,0,150
273,1033,1594,0,164
274,1044,1596,0,189
275,1051,1597,0,179
276,1057,1599,0,181
277,1067,1601,0,179
278,1068,1604,0,189
279,1066,1601,0,177
280,1060,1606,0,163
281,1055,1607,0,153
282,1055,1608,0,151
283,1055,1607,0,152
284,1058,1607,0,152
285,1063,1608,0,159
286,1064,1608,0,164
287,1050,1611,0,153
288,1048,1611,0,152
289,1049,1611,0,149
290,1047,1617,0,153
291,1049,1614,0,150
292,1052,1607,0,117
293,1051,1608,0,117
294,1048,1612,0,120
295,1047,1611,0,114
296,1048,1610,0,130
297,1048,1610,0,137
298,1046,1612,0,145
299,1053,1610,0,147
300,1065,1612,0,173
301,1067,1617,0,184
302,1073,1618,0,184
303,1074,1622,0,198
304,1077,1630,0,185
305,1088,1653,0,182
306,1087,1659,0,204
307,1084,1661,0,209
308,1084,1661,0,208
309,1089,1659,0,224
310,1088,1657,0,229
311,1087,1658,0,225
312,1088,1657,0,213
313,1090,1655,0,201
314,1097,1656,0,195
315,1113,1657,0,174
316,1126,1656,0,157
317,1129,1661,0,167
318,1131,1662,0,160
319,1137,1670,0,157
320,1150,1675,0,149
321,1158,1675,0,148
322,1165,1673,0,151
323,1183,1666,0,147
325,1186,1686,0,132
326,1190,1696,0,124
327,1197,1704,0,118
328,1201,1709,0,116
329,1202,1709,0,132
330,1201,1710,0,136
331,1201,1710,0,134
332,1202,1711,0,138
333,1202,1711,0,137
334,1203,1714,0,124
335,1204,1713,0,110
336,1206,1714,0,90
337,1206,1719,0,97
338,1208,1723,0,95
339,1214,1731,0,116
340,1219,1739,0,117
341,1226,1749,0,123
342,1233,1758,0,127
345,1257,1775,0,93
346,1260,1777,0,90
347,1267,1782,0,121
348,1274,1788,0,128
349,1279,1795,0,127
350,1282,1801,0,121
351,1285,1805,0,126
352,1293,1813,0,118
353,1301,1823,0,124
354,1311,1835,0,114
355,1318,1843,0,116
356,1328,1849,0,145
357,1331,1857,0,138
358,1337,1864,0,147
359,1341,1865,0,155
360,1349,1870,0,169
361,1357,1877,0,169
362,1359,1881,0,150
363,1370,1889,0,135
364,1372,1894,0,150
365,1372,1891,0,175
366,1377,1889,0,182
367,1382,1887,0,198
368,1392,1886,0,208
369,1399,1883,0,212
370,1402,1881,0,220
371,1411,1881,0,222
372,1415,1881,0,232
373,1417,1885,0,230
374,1422,1892,0,228
375,1416,1887,0,217
376,1418,1885,0,218
377,1420,1885,0,224
378,1422,1883,0,220
379,1422,1883,0,208
380,1424,1883,0,211
381,1427,1883,0,204
382,1427,1886,0,197
383,1429,1888,0,186
384,1432,1887,0,190
385,1432,1888,0,194
386,1425,1889,0,220
387,1420,1888,0,232
388,1419,1885,0,236
389,1419,1883,0,231
390,1418,1879,0,231
391,1417,1878,0,233
392,1416,1878,0,230
393,1417,1877,0,237
394,1418,1877,0,238
395,1420,1875,0,239
396,1425,1871,0,235
397,1434,1865,0,225
398,1439,1864,0,228
399,1447,1858,0,229
400,1450,1852,0,219
401,1451,1852,0,228
402,1454,1850,0,222
403,1455,1848,0,227
404,1461,1844,0,226
405,1464,1842,0,223
406,1471,1836,0,224
407,1475,1828,0,220
408,1481,1823,0,216
409,1483,1817,0,226
410,1485,1816,0,204
411,1499,1813,0,215
412,1510,1804,0,229
413,1512,1804,0,230
414,1510,1802,0,215
415,1511,1801,0,207
416,1517,1800,0,197
417,1527,1799,0,199
418,1526,1796,0,207
419,1525,1798,0,204
420,1524,1804,0,208
421,1524,1802,0,208
422,1526,1800,0,204
423,1531,1799,0,212
424,1534,1796,0,209
425,1535,1795,0,207
426,1535,1793,0,207
427,1543,1793,0,201
428,1545,1791,0,197
429,1550,1791,0,202
430,1557,1788,0,207
431,1558,1786,0,210
432,1569,1789,0,189
433,1574,1780,0,198
434,1580,1779,0,197
435,1583,1780,0,196
436,1592,1776,0,192
437,1602,1776,0,190
438,1607,1775,0,195
439,1610,1772,0,202
440,1611,1773,0,205
441,1614,1772,0,203
442,1621,1767,0,203
443,1625,1764,0,204
444,1629,1757,0,216
445,1633,1755,0,214
446,1639,1751,0,220
447,1644,1747,0,222
448,1649,1740,0,230
449,1658,1737,0,224
450,1659,1736,0,224
451,1662,1727,0,230
452,1664,1722,0,236
453,1668,1717,0,236
454,1675,1713,0,239
455,1675,1707,0,235
456,1675,1703,0,234
457,1678,1700,0,228
458,1681,1699,0,234
459,1683,1693,0,232
460,1684,1696,0,237
461,1680,1705,0,235
462,1677,1705,0,241
463,1677,1706,0,244
464,1676,1708,0,244
465,1673,1712,0,240
466,1674,1714,0,242
467,1672,1717,0,251
468,1672,1713,0,244
469,1673,1711,0,232
470,1675,1711,0,219
471,1676,1711,0,216
472,1673,1714,0,205
473,1675,1715,0,199
474,1677,1717,0,189
475,1677,1719,0,192
476,1679,1721,0,181
477,1676,1718,0,173
478,1672,1719,0,167
479,1669,1719,0,158
480,1668,1717,0,153
481,1669,1713,0,150
482,1670,1710,0,151
483,1672,1710,0,148
484,1671,1709,0,128
485,1672,1711,0,126
486,1671,1710,0,126
487,1678,1715,0,109
488,1683,1712,0,106
489,1683,1713,0,97
490,1680,1716,0,87
491,1676,1732,0,73
492,1671,1739,0,64
493,1667,1748,0,58
494,1663,1744,0,58
495,1667,1736,0,62
496,1666,1736,0,77
497,1670,1732,0,91
498,1670,1729,0,103
499,1669,1728,0,111
500,1667,1731,0,108
501,1669,1733,0,111
502,1667,1733,0,122
503,1666,1734,0,137
504,1669,1730,0,139
505,1668,1731,0,136
506,1667,1732,0,142
507,1667,1731,0,156
508,1669,1730,0,158
509,1677,1730,0,163
510,1680,1730,0,182
511,1683,1729,0,201
512,1688,1721,0,215
513,1691,1716,0,227
514,1691,1710,0,239
515,1692,1705,0,248
516,1691,1702,0,250
517,1688,1697,0,260
518,1683,1693,0,267
519,1680,1688,0,271
520,1676,1684,0,280
521,1674,1678,0,279
522,1673,1670,0,274
523,1673,1667,0,264
524,1678,1670,0,257
525,1678,1668,0,247
526,1676,1675,0,239
527,1673,1680,0,232
528,1672,1682,0,230
529,1672,1687,0,238
530,1672,1690,0,240
531,1671,1692,0,247
532,1668,1695,0,255
533,1669,1695,0,257
535,1668,1694,0,277
536,1668,1689,0,293
537,1667,1686,0,297
538,1667,1685,0,317
539,1663,1686,0,320
540,1659,1688,0,332
541,1659,1689,0,331
542,1657,1685,0,330
543,1649,1684,0,317
544,1651,1682,0,330
545,1650,1674,0,343
546,1648,1671,0,341
547,1643,1666,0,337
548,1642,1664,0,335
549,1640,1661,0,330
550,1641,1662,0,309
551,1644,1653,0,303
552,1644,1648,0,299
553,1640,1649,0,291
554,1641,1648,0,278
555,1640,1647,0,269
556,1632,1649,0,273
557,1627,1644,0,277
558,1621,1640,0,279
559,1620,1634,0,279
560,1619,1628,0,273
561,1618,1623,0,271
562,1618,1620,0,262
563,1614,1614,0,259
564,1610,1611,0,262
565,1608,1608,0,270
566,1609,1604,0,274
567,1609,1597,0,269
568,1611,1596,0,271
569,1610,1595,0,273
570,1609,1597,0,269
571,1607,1592,0,284
572,1603,1589,0,283
573,1608,1584,0,277
574,1606,1575,0,278
575,1604,1569,0,271
576,1605,1563,0,269
577,1605,1552,0,285
578,1600,1550,0,283
579,1597,1546,0,290
580,1599,1542,0,283
581,1601,1537,0,277
582,1602,1535,0,274
583,1604,1533,0,270
584,1605,1532,0,264
585,1605,1531,0,265
586,1604,1530,0,264
587,1607,1527,0,264
588,1608,1520,0,270
589,1606,1517,0,275
590,1606,1516,0,265
591,1605,1514,0,263
592,1605,1512,0,270
593,1604,1511,0,265
594,1603,1511,0,268
595,1602,1510,0,268
596,1601,1510,0,268
597,1602,1508,0,274
598,1600,1510,0,277
599,1598,1511,0,280
600,1597,1508,0,278
601,1598,1509,0,275
602,1599,1510,0,277
603,1602,1514,0,281
604,1603,1521,0,285
605,1601,1520,0,303
606,1598,1519,0,315
607,1598,1519,0,318
608,1598,1520,0,323
609,1594,1517,0,324
610,1591,1513,0,333
611,1587,1510,0,331
612,1584,1510,0,334
613,1580,1509,0,352
614,1576,1509,0,351
615,1569,1509,0,354
616,1573,1512,0,358
617,1573,1513,0,359
618,1572,1512,0,1
619,1570,1511,0,358
620,1567,1509,0,358
621,1569,1508,0,358
622,1568,1507,0,356
623,1567,1506,0,342
624,1566,1506,0,339
625,1567,1503,0,345
626,1567,1500,0,351
627,1566,1498,0,0
628,1564,1497,0,0
629,1563,1497,0,4
630,1564,1497,0,6
631,1566,1499,0,2
632,1572,1499,0,348
633,1574,1498,0,346
634,1570,1502,0,336
635,1570,1502,0,333
636,1569,1499,0,326
637,1566,1500,0,322
638,1566,1500,0,322
639,1566,1498,0,330
640,1565,1498,0,330
641,1565,1498,0,325
642,1565,1501,0,310
643,1562,1501,0,299
644,1561,1501,0,297
645,1567,1504,0,307
646,1567,1502,0,310
647,1565,1501,0,310
648,1563,1498,0,306
649,1563,1495,0,309
650,1562,1495,0,312
651,1562,1495,0,311
652,1560,1492,0,303
653,1555,1489,0,297
654,1557,1482,0,290
655,1561,1476,0,282
656,1557,1474,0,275
657,1554,1470,0,267
658,1556,1467,0,265
659,1556,1468,0,258
660,1552,1471,0,258
661,1551,1474,0,260
662,1551,1473,0,264
663,1551,1471,0,263
664,1550,1472,0,260
665,1550,1474,0,260
666,1550,1474,0,256
667,1550,1472,0,257
668,1549,1473,0,263
669,1550,1473,0,276
670,1549,1469,0,291
671,1549,1467,0,293
672,1546,1467,0,298
673,1543,1467,0,307
674,1541,1469,0,310
675,1538,1471,0,317
676,1535,1476,0,324
677,1534,1480,0,331
678,1533,1481,0,339
679,1534,1485,0,352
680,1533,1490,0,3
681,1534,1490,0,7
682,1533,1488,0,16
683,1530,1486,0,22
684,1536,1485,0,28
685,1537,1487,0,19
686,1534,1487,0,18
687,1533,1486,0,15
688,1533,1485,0,12
689,1532,1487,0,4
690,1534,1485,0,353
691,1534,1481,0,337
692,1532,1482,0,334
693,1531,1479,0,329
694,1528,1474,0,322
695,1532,1469,0,322
696,1530,1469,0,318
697,1530,1462,0,325
698,1528,1460,0,326
699,1525,1459,0,327
700,1520,1458,0,326
701,1511,1450,0,328
702,1506,1447,0,324
703,1499,1447,0,327
704,1494,1443,0,324
705,1489,1438,0,319
706,1489,1432,0,309
707,1488,1424,0,300
708,1486,1422,0,282
709,1486,1423,0,281
710,1487,1424,0,289
711,1488,1424,0,281
712,1488,1423,0,282
713,1490,1426,0,288
714,1490,1426,0,285
715,1491,1427,0,289
716,1492,1427,0,291
717,1493,1426,0,297
718,1492,1423,0,289
719,1491,1422,0,281
720,1491,1424,0,282
721,1493,1424,0,286
722,1493,1417,0,269
723,1495,1413,0,263
724,1496,1402,0,252
725,1498,1393,0,247
726,1499,1395,0,250
727,1501,1386,0,242
728,1506,1382,0,231
729,1504,1382,0,228
730,1503,1382,0,226
731,1501,1381,0,223
732,1501,1379,0,223
733,1501,1378,0,222
734,1502,1375,0,229
735,1506,1373,0,221
736,1510,1370,0,219
737,1516,1369,0,208
738,1513,1368,0,199
739,1510,1368,0,199
740,1511,1370,0,216
741,1513,1369,0,210
742,1521,1363,0,211
743,1527,1358,0,212
744,1528,1356,0,223
745,1530,1351,0,232
746,1534,1346,0,235
747,1540,1341,0,244
748,1542,1337,0,247
749,1549,1330,0,251
750,1555,1330,0,253
751,1556,1326,0,256
752,1564,1319,0,259
753,1563,1310,0,257
754,1571,1302,0,283
755,1570,1298,0,283
756,1570,1298,0,280
757,1567,1296,0,282
758,1565,1294,0,275
759,1565,1292,0,269
760,1567,1293,0,273
761,1570,1293,0,275
762,1571,1297,0,268
763,1573,1295,0,266
764,1579,1292,0,254
765,1578,1288,0,255
766,1580,1281,0,256
767,1584,1275,0,261
768,1583,1271,0,264
769,1583,1271,0,261
770,1584,1270,0,261
771,1587,1272,0,267
772,1588,1272,0,268
773,1590,1274,0,263
774,1591,1277,0,265
775,1589,1277,0,273
776,1587,1275,0,273
777,1584,1272,0,268
778,1584,1272,0,268
779,1588,1271,0,266
780,1588,1270,0,268
781,1589,1270,0,274
782,1594,1268,0,289
783,1594,1269,0,288
784,1594,1270,0,291
785,1597,1269,0,293
786,1599,1269,0,298
787,1600,1270,0,308
788,1598,1267,0,319
789,1594,1263,0,323
790,1592,1260,0,318
791,1590,1257,0,311
792,1586,1257,0,314
793,1584,1255,0,322
794,1587,1255,0,327
795,1591,1257,0,322
796,1592,1259,0,322
797,1599,1264,0,315
798,1600,1270,0,317
799,1601,1270,0,321
800,1603,1269,0,322
801,1606,1270,0,322
802,1606,1274,0,326
803,1608,1275,0,334
804,1607,1279,0,342
805,1606,1281,0,347
806,1604,1281,0,345
807,1603,1282,0,345
808,1603,1283,0,342
809,1602,1285,0,344
810,1602,1286,0,349
812,1595,1288,0,8
813,1596,1286,0,11
814,1597,1285,0,8
815,1598,1282,0,10
816,1597,1284,0,3
817,1592,1290,0,9
818,1601,1295,0,18
819,1603,1293,0,25
820,1607,1294,0,21
821,1610,1295,0,19
822,1620,1297,0,32
823,1624,1297,0,39
824,1628,1301,0,35
825,1637,1307,0,24
826,1637,1306,0,29
827,1643,1298,0,27
828,1643,1297,0,33
829,1644,1294,0,48
830,1650,1292,0,46
831,1653,1285,0,59
832,1662,1284,0,61
833,1666,1283,0,66
834,1670,1282,0,75
835,1669,1286,0,75
836,1667,1290,0,67
837,1667,1293,0,65
838,1668,1296,0,69
839,1666,1300,0,78
840,1667,1302,0,87
841,1668,1305,0,85
842,1670,1309,0,92
843,1673,1309,0,96
844,1671,1310,0,93
845,1671,1310,0,94
846,1672,1311,0,95
847,1672,1310,0,98
848,1671,1309,0,95
849,1671,1308,0,95
850,1674,1311,0,100
851,1672,1310,0,105
852,1668,1307,0,106
853,1665,1306,0,107
854,1665,1305,0,110
855,1665,1301,0,107
856,1659,1304,0,119
857,1654,1301,0,129
858,1654,1302,0,130
859,1652,1302,0,142
860,1651,1302,0,150
861,1650,1301,0,158
862,1652,1300,0,161
863,1650,1301,0,159
864,1651,1297,0,147
865,1654,1296,0,159
866,1657,1293,0,160
867,1657,1291,0,169
868,1657,1287,0,174
869,1662,1287,0,183
870,1665,1283,0,178
871,1669,1281,0,172
872,1671,1280,0,177
873,1670,1277,0,183
874,1670,1276,0,185
875,1673,1275,0,192
876,1673,1273,0,196
877,1673,1271,0,197
878,1671,1271,0,205
879,1670,1271,0,222
880,1671,1267,0,226
881,1672,1263,0,226
882,1671,1265,0,238
883,1669,1259,0,242
884,1669,1254,0,254
885,1669,1254,0,247
886,1667,1254,0,243
887,1663,1257,0,238
888,1664,1258,0,241
889,1665,1260,0,229
890,1665,1260,0,224
891,1661,1262,0,223
892,1660,1260,0,209
893,1658,1260,0,212
894,1657,1262,0,223
895,1656,1262,0,227
896,1655,1256,0,229
897,1653,1255,0,229
898,1651,1258,0,218
899,1648,1258,0,203
900,1647,1258,0,179
901,1655,1266,0,165
902,1654,1267,0,150
903,1654,1271,0,142
904,1654,1276,0,133
905,1654,1282,0,133
906,1653,1282,0,120
907,1653,1289,0,111
908,1652,1291,0,104
909,1653,1296,0,96
910,1656,1300,0,84
911,1659,1304,0,88
912,1661,1305,0,83
913,1664,1304,0,75
914,1665,1305,0,75
915,1667,1302,0,62
916,1667,1301,0,54
917,1665,1300,0,53
918,1665,1302,0,58
919,1664,1305,0,58
920,1659,1313,0,45
921,1655,1316,0,39
922,1651,1318,0,31
923,1646,1316,0,26
924,1643,1320,0,20
925,1655,1333,0,23
926,1674,1348,0,14
927,1672,1348,0,34
928,1668,1358,0,32
929,1661,1356,0,49
930,1662,1362,0,32
931,1653,1368,0,28
932,1652,1365,0,26
933,1652,1365,0,19
934,1655,1366,0,22
935,1656,1366,0,22
936,1658,1366,0,24
937,1660,1365,0,26
938,1662,1364,0,27
939,1665,1362,0,25
940,1669,1359,0,29
941,1669,1360,0,24
942,1673,1360,0,24
943,1673,1362,0,25
944,1671,1367,0,15
945,1668,1369,0,6
946,1665,1372,0,13
947,1658,1375,0,23
948,1650,1377,0,29
949,1647,1378,0,29
950,1647,1375,0,15
951,1643,1375,0,11
952,1633,1375,0,358
953,1624,1375,0,1
954,1617,1377,0,1
955,1613,1373,0,3
956,1614,1373,0,6
957,1615,1376,0,4
958,1618,1375,0,9
959,1619,1377,0,6
960,1620,1376,0,5
961,1619,1375,0,8
962,1619,1374,0,8
963,1619,1374,0,7
964,1620,1374,0,7
965,1620,1374,0,15
966,1619,1374,0,21
967,1617,1376,0,34
968,1615,1378,0,53
969,1612,1381,0,70
970,1613,1380,0,85
971,1611,1381,0,81
972,1607,1382,0,87
973,1607,1385,0,95
974,1606,1386,0,98
975,1604,1390,0,104
976,1607,1396,0,92
977,1603,1404,0,101
978,1602,1410,0,107
979,1603,1416,0,116
980,1602,1417,0,116
981,1601,1418,0,126
982,1600,1419,0,128
983,1602,1420,0,127
984,1605,1422,0,125
985,1605,1424,0,127
986,1603,1427,0,121
987,1608,1432,0,115
988,1612,1433,0,115
989,1616,1435,0,125
990,1621,1441,0,125
991,1620,1439,0,126
992,1621,1442,0,131
993,1624,1442,0,135
994,1621,1437,0,118
995,1621,1438,0,108
996,1622,1441,0,104
997,1622,1439,0,106
998,1622,1441,0,85
999,1621,1441,0,76
1000,1619,1443,0,72
1001,1619,1444,0,55
1002,1617,1444,0,39
1003,1614,1445,0,34
1004,1613,1444,0,34
1005,1614,1441,0,30
1006,1618,1439,0,17
1007,1619,1439,0,11
1008,1615,1439,0,9
1009,1608,1434,0,359
1010,1601,1433,0,349
1011,1595,1431,0,349
1012,1589,1430,0,342
1013,1585,1430,0,339
1014,1584,1431,0,339
1015,1583,1431,0,338
1016,1583,1428,0,330
1017,1582,1426,0,328
1018,1576,1424,0,333
1019,1573,1419,0,329
1020,1568,1413,0,315
1021,1561,1408,0,324
1022,1554,1407,0,316
1023,1551,1406,0,320
1024,1552,1403,0,319
1025,1550,1404,0,318
1026,1547,1405,0,324
1027,1549,1406,0,329
1028,1552,1406,0,335
1029,1556,1407,0,343
1030,1558,1407,0,354
1031,1558,1404,0,359
1032,1559,1400,0,354
1033,1556,1399,0,352
1034,1552,1398,0,354
1035,1545,1393,0,355
1036,1537,1393,0,356
1037,1531,1390,0,351
1038,1523,1393,0,355
1039,1517,1393,0,0
1040,1508,1393,0,358
1041,1506,1394,0,3
1042,1501,1397,0,14
1043,1499,1401,0,20
1044,1493,1408,0,23
1045,1485,1411,0,31
1046,1483,1413,0,37
1047,1480,1414,0,37
1048,1477,1411,0,43
1049,1470,1411,0,34
1050,1464,1417,0,27
1051,1459,1420,0,22
1052,1457,1421,0,37
1053,1453,1423,0,40
1054,1455,1424,0,39
1055,1454,1424,0,37
1056,1456,1426,0,42
1057,1456,1428,0,37
1058,1457,1431,0,29
1059,1453,1431,0,30
1060,1454,1432,0,21
1061,1454,1432,0,22
1062,1455,1432,0,27
1063,1455,1434,0,27
1064,1453,1436,0,22
1065,1449,1436,0,20
1066,1445,1438,0,18
1067,1439,1434,0,27
1068,1437,1425,0,23
1069,1434,1421,0,29
1070,1434,1421,0,29
1071,1430,1420,0,43
1072,1431,1420,0,42
1073,1430,1419,0,40
1074,1428,1420,0,37
1075,1429,1419,0,32
1076,1427,1417,0,28
1077,1423,1417,0,22
1078,1419,1414,0,21
1079,1416,1413,0,16
1080,1413,1411,0,13
1081,1414,1409,0,10
1082,1413,1408,0,5
1083,1412,1407,0,359
1084,1411,1404,0,353
1085,1413,1400,0,349
1086,1411,1396,0,342
1087,1412,1391,0,346
1088,1409,1391,0,348
1089,1405,1391,0,347
1090,1396,1392,0,356
1091,1395,1393,0,349
1092,1391,1389,0,346
1093,1386,1386,0,347
1094,1378,1388,0,350
1095,1371,1383,0,342
1096,1366,1372,0,345
1097,1359,1373,0,348
1098,1353,1367,0,346
1099,1349,1364,0,353
1100,1347,1365,0,353
1101,1343,1366,0,349
1102,1341,1368,0,353
1103,1341,1368,0,351
1104,1341,1365,0,355
1105,1339,1366,0,358
1106,1335,1367,0,2
1107,1331,1370,0,0
1108,1330,1373,0,358
1109,1327,1379,0,0
1110,1322,1385,0,356
1111,1322,1385,0,355
1112,1321,1387,0,357
1113,1321,1384,0,2
1114,1321,1383,0,0
1115,1320,1385,0,2
1116,1321,1385,0,358
1117,1322,1388,0,358
1118,1322,1386,0,0
1119,1325,1388,0,355
1120,1325,1379,0,0
1121,1331,1382,0,354
1122,1331,1379,0,359
1123,1331,1389,0,356
1124,1332,1379,0,357
1125,1328,1383,0,356
1126,1326,1383,0,0
1127,1323,1379,0,4
1136,1324,1381,0,359
1137,1323,1382,0,358
1138,1322,1382,0,358
1139,1322,1383,0,357
1140,1321,1383,0,357
1141,1320,1384,0,348
1142,1320,1384,0,345
1143,1322,1382,0,353
1144,1324,1380,0,353
1145,1326,1382,0,346
1146,1325,1385,0,347
1147,1321,1390,0,348
1148,1321,1390,0,352
1149,1320,1384,0,355
1150,1322,1383,0,357
1151,1320,1388,0,355
1152,1321,1386,0,354
1153,1317,1388,0,343
1154,1317,1389,0,338
1155,1318,1389,0,338
1156,1316,1387,0,330
1157,1318,1385,0,339
1158,1318,1382,0,347
1159,1318,1384,0,338
1160,1323,1381,0,349
1161,1322,1380,0,348
1162,1321,1380,0,348
1163,1321,1379,0,351
1164,1317,1379,0,354
1165,1317,1379,0,352
1166,1316,1380,0,350
1167,1315,1382,0,345
1168,1317,1383,0,344
1169,1317,1381,0,346
1170,1318,1378,0,349
1171,1318,1379,0,350
1172,1318,1383,0,342
1173,1316,1383,0,345
1174,1316,1381,0,349
1175,1315,1381,0,338
1176,1314,1382,0,334
1177,1314,1381,0,333
1178,1314,1382,0,339
1179,1315,1380,0,342
1180,1315,1381,0,347
1181,1314,1383,0,338
1182,1317,1380,0,349
1183,1317,1381,0,348
1184,1318,1382,0,354
1185,1317,1385,0,351
1186,1320,1384,0,354
1187,1324,1383,0,354
1188,1325,1382,0,353
1189,1325,1378,0,353
1190,1328,1378,0,355
1191,1329,1376,0,359
1192,1329,1378,0,354
1193,1331,1374,0,358
1194,1329,1378,0,352
1195,1331,1382,0,353
1196,1333,1383,0,353
1197,1335,1381,0,356
1198,1334,1378,0,352
1199,1332,1376,0,356
1200,1331,1377,0,357
1201,1333,1380,0,355
1202,1332,1379,0,352
1203,1331,1374,0,0
1204,1330,1375,0,355
1205,1331,1378,0,352
1206,1329,1381,0,353
1207,1330,1381,0,352
1208,1329,1377,0,358
1209,1329,1381,0,355
1210,1326,1379,0,351
1211,1327,1379,0,354
1212,1327,1382,0,353
1213,1327,1383,0,355
1214,1324,1372,0,5
1215,1324,1374,0,3
1216,1322,1372,0,3
1217,1323,1375,0,349
1218,1323,1370,0,348
1219,1323,1370,0,350
1220,1322,1370,0,355
1221,1321,1373,0,353
1222,1322,1372,0,350
1223,1322,1371,0,349
1224,1322,1368,0,356
1225,1322,1369,0,355
1226,1323,1368,0,352
1227,1323,1368,0,354
1228,1322,1369,0,355
1229,1322,1369,0,359
1230,1323,1370,0,357
1231,1323,1373,0,355
1232,1321,1370,0,356
1233,1319,1370,0,357
1234,1316,1371,0,359
1235,1313,1371,0,357
1236,1314,1371,0,357
1237,1315,1372,0,357
1238,1323,1371,0,353
1239,1323,1373,0,355
1240,1322,1373,0,356
1241,1322,1373,0,2
1242,1321,1377,0,357
1243,1320,1377,0,358
1244,1319,1376,0,356
1245,1317,1377,0,353
1246,1323,1375,0,359
1247,1322,1374,0,1
1248,1322,1376,0,355
1249,1320,1374,0,357
1250,1320,1375,0,351
1251,1320,1375,0,352
1252,1318,1374,0,353
1253,1316,1373,0,357
1254,1317,1372,0,0
1255,1318,1372,0,357
1256,1321,1376,0,354
1257,1322,1376,0,354
1258,1324,1375,0,352
1259,1321,1375,0,352
1260,1321,1375,0,354
1261,1320,1376,0,355
1262,1319,1378,0,351
1263,1319,1377,0,353
1264,1321,1377,0,354
1265,1321,1378,0,354
1266,1320,1379,0,350
1267,1318,1382,0,350
1268,1317,1381,0,347
1269,1316,1382,0,343
1273,1316,1394,0,339
1274,1316,1391,0,337
1275,1319,1390,0,340
1276,1321,1390,0,343
1277,1319,1388,0,353
1278,1317,1388,0,358
1279,1312,1382,0,12
1280,1312,1378,0,16
1281,1310,1379,0,11
1282,1306,1382,0,7
1283,1307,1383,0,2
1284,1307,1384,0,359
1285,1304,1385,0,350
1286,1301,1387,0,349
1287,1301,1391,0,353
1288,1305,1387,0,12
1289,1307,1390,0,3
1290,1307,1392,0,4
1291,1309,1395,0,8
1292,1309,1386,0,13
1293,1307,1387,0,11
1294,1307,1389,0,12
1295,1306,1392,0,3
1296,1307,1392,0,4
1297,1307,1389,0,11
1298,1305,1383,0,12
1299,1303,1384,0,8
1300,1304,1386,0,6
1301,1305,1385,0,6
1302,1306,1388,0,4
1303,1304,1386,0,11
1304,1305,1388,0,3
1305,1305,1389,0,4
1306,1307,1387,0,13
1307,1306,1390,0,7
1308,1305,1390,0,3
1309,1306,1389,0,1
1310,1305,1390,0,3
1311,1305,1389,0,4
1312,1307,1388,0,21
1313,1304,1390,0,10
1314,1304,1391,0,9
1315,1307,1394,0,4
1316,1306,1395,0,10
1317,1308,1395,0,8
1318,1306,1395,0,357
1319,1307,1392,0,5
1320,1308,1391,0,14
1321,1308,1392,0,6
1322,1308,1391,0,6
1323,1310,1390,0,8
1324,1310,1388,0,6
1325,1312,1388,0,9
1326,1312,1386,0,17
1327,1309,1390,0,357
1328,1310,1388,0,356
1329,1310,1381,0,9
1330,1311,1379,0,14
1331,1310,1381,0,10
1332,1309,1383,0,1
1333,1309,1387,0,349
1334,1310,1393,0,344
1335,1309,1390,0,355
1336,1310,1387,0,356
1337,1311,1389,0,356
1338,1312,1387,0,359
1339,1314,1385,0,7
1340,1310,1382,0,10
1341,1307,1389,0,11
1342,1307,1391,0,2
1343,1309,1392,0,10
1344,1309,1391,0,1
1345,1309,1392,0,3
1346,1316,1394,0,1
1347,1316,1393,0,10
1348,1312,1391,0,27
1349,1309,1393,0,357
1350,1310,1392,0,355
1351,1311,1393,0,355
1352,1316,1397,0,356
1353,1319,1393,0,9
1354,1318,1391,0,6
1355,1321,1389,0,12
1356,1321,1394,0,357
1357,1324,1390,0,3
1358,1326,1390,0,5
1359,1325,1389,0,7
1360,1325,1391,0,6
1361,1325,1393,0,359
1362,1325,1393,0,358
1363,1326,1392,0,0
1364,1325,1393,0,359
1365,1323,1391,0,3
1366,1319,1392,0,10
1367,1319,1393,0,7
1368,1319,1393,0,9
1369,1318,1394,0,1
1370,1319,1395,0,0
1371,1318,1394,0,2
1372,1318,1394,0,356
1373,1318,1392,0,357
1374,1317,1390,0,1
1375,1317,1390,0,1
1376,1316,1390,0,0
1377,1315,1389,0,1
1378,1311,1390,0,359
1379,1310,1388,0,359
1380,1310,1389,0,354
1381,1308,1388,0,0
1382,1312,1392,0,347
1383,1317,1391,0,359
1384,1316,1390,0,1
1385,1317,1391,0,356
1386,1315,1389,0,2
1387,1311,1392,0,354
1388,1312,1392,0,352
1389,1311,1393,0,349
1390,1310,1391,0,357
1391,1308,1393,0,357
1392,1308,1393,0,357
1393,1312,1388,0,355
1394,1311,1390,0,357
1395,1310,1390,0,359
1396,1309,1390,0,359
1397,1309,1390,0,356
1398,1308,1388,0,354
1399,1307,1389,0,353
1400,1307,1389,0,345
1401,1307,1388,0,346
1402,1309,1386,0,0
1403,1309,1391,0,3
1404,1310,1392,0,0
1405,1312,1395,0,354
1406,1313,1393,0,7
1407,1313,1395,0,10
1408,1312,1394,0,10
1409,1309,1392,0,20
1410,1308,1391,0,24
1411,1309,1369,0,24
1412,1304,1367,0,17
1413,1297,1376,0,35
1414,1299,1369,0,26
1415,1298,1372,0,26
1416,1302,1369,0,30
1417,1303,1365,0,24
1418,1303,1364,0,24
1419,1303,1361,0,19
1420,1302,1363,0,19
1421,1301,1363,0,19
1422,1301,1361,0,15
1423,1302,1362,0,16
1424,1303,1360,0,9
1425,1308,1363,0,0
1426,1309,1369,0,4
1427,1310,1373,0,1
1428,1310,1375,0,1
1429,1310,1375,0,356
1430,1309,1377,0,355
1431,1309,1375,0,2
1432,1311,1376,0,8
1433,1310,1375,0,9
1434,1310,1375,0,5
1435,1310,1376,0,8
1436,1309,1378,0,6
1437,1308,1379,0,12
1438,1311,1379,0,14
1439,1316,1379,0,12
1440,1317,1381,0,10
1441,1319,1380,0,10
1442,1319,1381,0,3
1443,1320,1380,0,359
1444,1317,1379,0,358
1445,1317,1379,0,356
1446,1318,1378,0,350
1447,1312,1376,0,351
1448,1307,1372,0,350
1449,1304,1372,0,353
1450,1304,1373,0,356
1451,1306,1371,0,356
1452,1306,1371,0,358
1453,1306,1372,0,2
1454,1308,1371,0,357
1455,1305,1370,0,354
1456,1303,1369,0,1
1457,1304,1367,0,1
1458,1303,1366,0,357
1459,1304,1364,0,4
1460,1304,1365,0,356
1461,1306,1364,0,7
1462,1304,1364,0,8
1463,1304,1363,0,7
1464,1301,1360,0,15
1465,1298,1362,0,11
1466,1296,1365,0,10
1467,1292,1366,0,4
1468,1289,1366,0,357
1469,1287,1362,0,356
1470,1290,1360,0,348
1471,1286,1354,0,345
1472,1286,1353,0,345
1473,1289,1351,0,353
1474,1288,1351,0,353
1475,1291,1350,0,355
1476,1292,1350,0,354
1477,1294,1349,0,355
1478,1301,1345,0,352
1479,1303,1350,0,348
1480,1306,1351,0,348
1481,1306,1352,0,343
1482,1308,1352,0,346
1483,1306,1351,0,350
1484,1308,1352,0,354
1485,1312,1353,0,350
1486,1315,1354,0,349
1487,1316,1357,0,346
1488,1317,1358,0,353
1489,1323,1360,0,352
1490,1321,1363,0,352
1491,1322,1366,0,351
1492,1321,1366,0,347
1493,1319,1365,0,349
1494,1317,1365,0,351
1495,1314,1364,0,348
1496,1309,1365,0,347
1497,1306,1356,0,356
1498,1302,1358,0,353
1499,1299,1362,0,2
1500,1297,1363,0,7
1501,1297,1364,0,10
1502,1297,1365,0,13
1503,1297,1363,0,14
1504,1296,1368,0,6
1505,1295,1369,0,7
1506,1293,1367,0,14
1507,1293,1366,0,13
1508,1291,1372,0,9
1509,1288,1373,0,18
1510,1282,1378,0,22
1511,1274,1381,0,30
1512,1262,1388,0,25
1513,1255,1389,0,24
1514,1253,1388,0,19
1515,1257,1387,0,10
1516,1256,1385,0,12
1517,1255,1389,0,22
1518,1256,1390,0,20
1519,1254,1384,0,18
1520,1252,1388,0,21
1521,1251,1383,0,23
1522,1250,1386,0,28
1523,1252,1388,0,19
1524,1251,1388,0,18
1525,1250,1391,0,25
1526,1249,1389,0,21
1527,1248,1389,0,21
1528,1248,1389,0,24
1529,1249,1390,0,24
1530,1249,1390,0,26
1531,1250,1392,0,20
1532,1250,1393,0,21
1533,1250,1394,0,19
1534,1251,1396,0,15
1535,1252,1397,0,20
1536,1252,1397,0,16
1537,1253,1396,0,17
1538,1255,1396,0,13
1539,1256,1395,0,12
1540,1255,1394,0,5
1541,1256,1390,0,11
1542,1258,1388,0,12
1543,1258,1389,0,13
1544,1256,1389,0,17
1545,1253,1396,0,10
1546,1249,1399,0,13
1547,1246,1400,0,8
1548,1245,1403,0,9
1549,1245,1404,0,9
1550,1248,1405,0,10
1551,1247,1406,0,10
1552,1246,1409,0,8
1553,1244,1408,0,1
1554,1244,1409,0,2
1555,1243,1410,0,358
1556,1244,1411,0,2
1557,1244,1411,0,0
1558,1246,1412,0,9
1559,1246,1408,0,15
1560,1247,1408,0,10
1561,1248,1408,0,19
1562,1248,1413,0,7
1563,1246,1415,0,4
1564,1247,1415,0,6
1565,1246,1416,0,6
1566,1245,1414,0,8
1567,1245,1415,0,11
1568,1245,1414,0,9
1569,1244,1415,0,14
1570,1245,1417,0,6
1571,1245,1416,0,5
1572,1245,1414,0,4
1573,1244,1413,0,14
1574,1244,1414,0,9
1575,1243,1415,0,4
1576,1244,1413,0,8
1577,1242,1415,0,357
1578,1242,1415,0,356
1579,1243,1412,0,4
1580,1240,1412,0,356
1581,1241,1411,0,352
1582,1239,1409,0,356
1583,1240,1406,0,2
1584,1241,1400,0,5
1585,1242,1400,0,359
1586,1242,1396,0,358
1587,1242,1398,0,357
1588,1241,1397,0,355
1589,1239,1399,0,354
1590,1238,1397,0,347
1591,1235,1400,0,330
1592,1232,1400,0,327
1593,1226,1397,0,328
1594,1224,1398,0,328
1595,1227,1400,0,332
1596,1227,1399,0,338
1597,1228,1399,0,344
1598,1228,1398,0,345
1599,1229,1399,0,339
1600,1231,1401,0,337
1601,1231,1402,0,342
1602,1230,1402,0,338
1603,1231,1401,0,338
1604,1231,1402,0,332
1605,1231,1404,0,339
1606,1229,1403,0,343
1607,1228,1404,0,338
1608,1229,1401,0,354
1609,1233,1405,0,358
1610,1233,1407,0,13
1611,1232,1410,0,18
1612,1232,1415,0,7
1613,1234,1415,0,8
1614,1233,1419,0,9
1615,1232,1417,0,7
1616,1230,1417,0,5
1617,1231,1418,0,0
1618,1229,1419,0,7
1619,1230,1417,0,7
1620,1230,1416,0,6
1621,1230,1415,0,1
1622,1230,1415,0,4
1623,1231,1421,0,353
1624,1232,1414,0,6
1625,1230,1419,0,1
1626,1230,1422,0,0
1627,1229,1422,0,2
1628,1229,1424,0,2
1629,1227,1427,0,9
1630,1227,1427,0,359
1631,1227,1427,0,357
1632,1228,1429,0,0
1633,1232,1432,0,2
1634,1231,1433,0,6
1635,1232,1434,0,2
1636,1233,1432,0,7
1637,1232,1433,0,7
1638,1231,1431,0,5
1639,1233,1430,0,7
1640,1235,1430,0,9
1641,1234,1430,0,7
1642,1234,1432,0,8
1643,1234,1432,0,8
1644,1230,1430,0,5
1645,1227,1428,0,6
1646,1227,1426,0,5
1647,1227,1427,0,0
1648,1228,1428,0,1
1649,1225,1430,0,8
1650,1227,1432,0,6
1651,1221,1428,0,22
1652,1218,1428,0,20
1653,1219,1428,0,17
1654,1222,1429,0,16
1655,1226,1428,0,24
1656,1231,1430,0,30
1657,1233,1427,0,35
1658,1236,1425,0,47
1659,1235,1423,0,46
1660,1237,1427,0,45
1661,1241,1431,0,54
1662,1240,1427,0,50
1663,1238,1423,0,61
1664,1235,1423,0,60
1665,1232,1424,0,71
1666,1232,1427,0,85
1667,1233,1430,0,88
1668,1233,1436,0,92
1669,1237,1441,0,91
1670,1239,1448,0,89
1671,1237,1454,0,88
1672,1235,1465,0,91
1673,1238,1473,0,79
1674,1237,1486,0,62
1675,1232,1490,0,55
1676,1230,1501,0,54
1677,1229,1505,0,58
1678,1233,1512,0,63
1679,1229,1518,0,65
1680,1233,1519,0,78
1681,1232,1520,0,80
1682,1231,1523,0,85
1683,1229,1524,0,86
1684,1229,1518,0,74
1685,1228,1515,0,68
1686,1226,1516,0,56
1687,1225,1518,0,52
1688,1223,1520,0,49
1689,1220,1522,0,54
1690,1216,1525,0,44
1691,1211,1526,0,32
1692,1212,1523,0,40
1693,1211,1524,0,41
1694,1212,1525,0,39
1695,1213,1526,0,40
1696,1213,1527,0,40
1697,1213,1528,0,37
1698,1212,1529,0,36
1699,1207,1532,0,29
1700,1208,1535,0,26
1701,1212,1536,0,27
1702,1208,1537,0,31
1703,1207,1534,0,27
1704,1208,1531,0,29
1705,1209,1533,0,34
1706,1207,1534,0,41
1707,1207,1536,0,36
1708,1206,1539,0,36
1709,1205,1542,0,36
1710,1202,1543,0,35
1711,1201,1548,0,39
1712,1202,1548,0,42
1713,1207,1550,0,37
1714,1209,1550,0,45
1715,1207,1555,0,52
1716,1208,1556,0,50
1717,1212,1558,0,59
1718,1212,1565,0,56
1719,1209,1572,0,50
1720,1205,1575,0,44
1721,1205,1580,0,52
1722,1199,1584,0,58
1723,1199,1589,0,59
1724,1199,1597,0,59
1725,1194,1598,0,53
1726,1190,1601,0,52
1727,1187,1605,0,54
1728,1188,1605,0,57
1729,1189,1602,0,63
1730,1189,1600,0,62
1731,1189,1601,0,48
1732,1191,1604,0,52
1733,1187,1607,0,60
1734,1185,1609,0,58
1735,1190,1604,0,54
1736,1188,1600,0,40
1737,1183,1599,0,23
1738,1183,1597,0,8
1739,1177,1595,0,6
1740,1172,1593,0,1
1741,1171,1592,0,4
1742,1166,1587,0,359
1743,1159,1586,0,2
1744,1155,1587,0,3
1745,1155,1588,0,357
1746,1158,1586,0,351
1747,1164,1589,0,1
1748,1165,1595,0,6
1749,1165,1592,0,9
1750,1166,1584,0,7
1751,1165,1582,0,4
1752,1165,1582,0,5
1753,1165,1581,0,4
1754,1164,1582,0,4
1755,1164,1581,0,359
1756,1164,1578,0,4
1757,1164,1578,0,5
1758,1163,1577,0,5
1759,1164,1575,0,1
1760,1162,1571,0,7
1761,1164,1571,0,7
1762,1164,1571,0,5
1763,1163,1571,0,9
1764,1164,1571,0,11
1765,1163,1572,0,11
1766,1162,1573,0,5
1767,1162,1572,0,11
1768,1162,1573,0,16
1769,1162,1573,0,13
1770,1162,1575,0,9
1771,1162,1574,0,10
1772,1162,1573,0,7
1773,1164,1574,0,8
1774,1163,1575,0,11
1775,1162,1575,0,8
1776,1162,1575,0,4
1777,1162,1571,0,10
1778,1166,1576,0,6
1779,1165,1574,0,11
1780,1164,1572,0,13
1781,1163,1569,0,14
1782,1165,1571,0,10
1783,1164,1569,0,13
1784,1163,1568,0,15
1785,1162,1569,0,13
1786,1162,1567,0,18
1787,1164,1567,0,18
1788,1162,1566,0,22
1789,1161,1566,0,23
1790,1163,1568,0,26
1791,1163,1568,0,24
1792,1164,1570,0,22
1793,1164,1570,0,23
1794,1164,1570,0,25
1795,1166,1571,0,23
1796,1164,1570,0,21
1797,1163,1569,0,25
1798,1164,1570,0,22
1799,1164,1570,0,23
1800,1163,1570,0,22
1801,1162,1570,0,24
1802,1162,1570,0,23
1803,1163,1570,0,25
1804,1162,1568,0,24
1805,1161,1568,0,23
1806,1162,1571,0,20
1807,1162,1571,0,21
1808,1162,1571,0,21
1809,1163,1572,0,21
1810,1164,1572,0,23
1811,1163,1571,0,23
1812,1163,1572,0,21
1813,1163,1571,0,24
1814,1163,1571,0,24
1815,1164,1571,0,26
1816,1164,1572,0,23
1817,1164,1573,0,19
1818,1162,1572,0,22
1819,1161,1571,0,22
1820,1161,1571,0,20
1821,1160,1571,0,17
1822,1159,1568,0,21
1823,1158,1568,0,21
1824,1159,1568,0,18
1825,1160,1570,0,20
1826,1161,1570,0,20
1827,1161,1571,0,22
1828,1161,1571,0,22
1829,1161,1571,0,22
1830,1161,1571,0,21
1831,1161,1571,0,21
1832,1161,1570,0,22
1833,1161,1570,0,23
1834,1161,1571,0,23
1835,1162,1571,0,24
1836,1162,1572,0,23
1837,1162,1571,0,24
1838,1161,1572,0,22
1839,1165,1568,0,23
1840,1163,1568,0,22
1841,1163,1568,0,20
1842,1162,1568,0,21
1843,1162,1568,0,22
1844,1162,1568,0,23
1845,1161,1568,0,20
1846,1161,1568,0,18
1847,1161,1566,0,17
1848,1160,1566,0,19
1849,1159,1568,0,22
1850,1157,1567,0,22
1851,1156,1567,0,23
1852,1156,1567,0,20
1853,1157,1566,0,18
1854,1160,1566,0,17
1855,1157,1565,0,20
1856,1156,1566,0,22
1857,1155,1565,0,27
1858,1156,1566,0,26
1859,1158,1567,0,22
1860,1159,1567,0,21
1861,1158,1567,0,21
1862,1156,1567,0,25
1863,1155,1566,0,23
1864,1153,1565,0,23
1865,1153,1565,0,24
1866,1156,1570,0,18
1867,1155,1569,0,16
1868,1155,1566,0,17
1869,1155,1565,0,19
1870,1155,1565,0,20
1871,1155,1564,0,21
1872,1154,1564,0,27
1873,1154,1564,0,27
1874,1153,1565,0,25
1875,1152,1567,0,29
1876,1152,1567,0,38
1877,1153,1569,0,36
1878,1157,1570,0,27
1879,1158,1569,0,31
1880,1159,1571,0,32
1881,1161,1570,0,37
1882,1162,1570,0,38
1883,1163,1573,0,42
1884,1163,1575,0,43
1885,1164,1580,0,40
1886,1165,1585,0,41
1887,1163,1581,0,43
1888,1164,1581,0,45
1889,1163,1581,0,42
1890,1163,1580,0,42
1891,1164,1578,0,53
1892,1163,1580,0,63
1893,1159,1582,0,73
1894,1158,1585,0,82
1895,1155,1591,0,92
1896,1157,1598,0,111
1897,1158,1600,0,123
1898,1155,1605,0,124
1899,1161,1609,0,129
1900,1161,1607,0,125
1901,1159,1609,0,139
1902,1160,1614,0,144
1903,1168,1611,0,151
1904,1178,1606,0,179
1905,1179,1612,0,181
1906,1178,1613,0,189
1907,1178,1613,0,178
1908,1176,1610,0,187
1909,1177,1611,0,187
1910,1181,1609,0,187
1911,1180,1607,0,192
1912,1183,1609,0,177
1913,1194,1613,0,187
1914,1202,1607,0,191
1915,1210,1605,0,194
1916,1214,1601,0,194
1917,1214,1604,0,183
1918,1216,1606,0,177
1919,1219,1607,0,172
1920,1225,1610,0,165
1921,1233,1613,0,170
1922,1239,1610,0,171
1923,1244,1614,0,164
1924,1246,1615,0,157
1925,1247,1616,0,155
1926,1245,1617,0,148
1927,1245,1617,0,152
1928,1244,1622,0,167
1929,1243,1616,0,165
1930,1238,1615,0,174
1931,1238,1612,0,182
1932,1242,1610,0,188
1933,1249,1607,0,194
1934,1251,1602,0,198
1935,1256,1601,0,213
1936,1252,1598,0,209
1937,1251,1592,0,201
1938,1249,1590,0,211
1939,1252,1581,0,203
1940,1253,1580,0,208
1943,1266,1558,0,150
1944,1274,1566,0,134
1945,1282,1570,0,146
1946,1287,1573,0,143
1947,1284,1572,0,142
1948,1281,1574,0,140
1949,1276,1573,0,137
1950,1272,1572,0,126
1951,1270,1574,0,131
1952,1269,1574,0,131
1953,1267,1577,0,139
1954,1264,1578,0,145
1955,1263,1579,0,144
1956,1263,1577,0,143
1957,1262,1577,0,142
1958,1261,1575,0,148
1959,1261,1575,0,148
1960,1262,1576,0,146
1961,1263,1575,0,144
1962,1264,1573,0,141
1963,1268,1571,0,131
1964,1268,1571,0,134
1965,1271,1569,0,131
1966,1271,1569,0,132
1967,1275,1568,0,138
1968,1278,1564,0,149
1969,1283,1561,0,159
1970,1290,1556,0,173
1971,1301,1558,0,167
1972,1309,1560,0,165
1973,1316,1562,0,155
1974,1322,1562,0,159
1975,1329,1562,0,158
1976,1329,1562,0,156
1977,1331,1564,0,145
1978,1331,1564,0,145
1979,1331,1566,0,148
1980,1329,1566,0,157
1981,1329,1561,0,157
1982,1331,1562,0,151
1983,1330,1567,0,149
1984,1330,1570,0,147
1985,1329,1573,0,155
1986,1330,1571,0,155
1987,1330,1575,0,160
1988,1328,1573,0,162
1989,1335,1568,0,149
1990,1352,1574,0,154
1991,1356,1573,0,161
1992,1363,1575,0,165
1993,1364,1576,0,153
1994,1366,1579,0,147
1995,1371,1584,0,148
1996,1372,1583,0,138
1997,1374,1585,0,137
1998,1378,1585,0,140
1999,1383,1586,0,135
2000,1385,1591,0,134
2001,1394,1595,0,136
2002,1396,1600,0,146
2003,1398,1600,0,138
2004,1399,1602,0,136
2005,1405,1604,0,150
2006,1414,1609,0,151
2007,1426,1612,0,155
2008,1433,1617,0,158
2009,1441,1620,0,176
2010,1453,1619,0,177
2011,1450,1618,0,174
2012,1449,1614,0,181
2013,1453,1607,0,186
2014,1460,1608,0,176
2015,1468,1612,0,174
2016,1473,1610,0,172
2017,1478,1606,0,168
2018,1473,1601,0,170
2019,1474,1592,0,162
2020,1483,1584,0,161
2021,1488,1583,0,136
2022,1486,1586,0,136
2023,1486,1593,0,117
2024,1485,1600,0,129
2025,1493,1604,0,138
2026,1509,1624,0,147
2027,1515,1626,0,157
2028,1525,1630,0,155
2029,1536,1629,0,183
2030,1535,1630,0,186
2031,1532,1630,0,182
2032,1529,1631,0,176
2033,1523,1630,0,171
2034,1510,1626,0,155
2035,1503,1619,0,119
2036,1498,1615,0,109
2037,1489,1612,0,101
2038,1483,1610,0,107
2039,1484,1608,0,112
2040,1475,1608,0,115
2041,1472,1608,0,117
2042,1473,1608,0,112
2043,1473,1608,0,102
2044,1476,1609,0,91
2045,1476,1607,0,88
2046,1470,1609,0,66
2047,1462,1609,0,49
2048,1458,1609,0,38
2049,1451,1609,0,43
2050,1446,1608,0,51
2051,1445,1610,0,47
2052,1448,1617,0,24
2053,1443,1614,0,20
2054,1435,1609,0,22
2055,1433,1607,0,22
2056,1430,1605,0,20
2057,1427,1605,0,18
2058,1429,1605,0,22
2059,1430,1606,0,24
2060,1429,1606,0,26
2061,1429,1606,0,24
2062,1426,1605,0,22
2063,1420,1605,0,15
2064,1415,1606,0,7
2065,1410,1608,0,3
2066,1409,1605,0,3
2067,1408,1606,0,6
2068,1410,1605,0,15
2069,1410,1608,0,21
2070,1412,1609,0,27
2071,1416,1613,0,39
2072,1420,1614,0,49
2073,1421,1613,0,68
2074,1428,1617,0,70
2075,1424,1619,0,78
2076,1425,1623,0,90
2077,1426,1629,0,97
2078,1430,1631,0,107
2079,1430,1635,0,111
2080,1434,1635,0,130
2081,1441,1635,0,147
2082,1446,1637,0,153
2083,1446,1646,0,166
2084,1450,1645,0,176
2085,1451,1644,0,183
2086,1447,1643,0,175
2087,1446,1641,0,173
2088,1443,1640,0,181
2089,1445,1639,0,179
2090,1448,1638,0,179
2091,1453,1639,0,178
2092,1457,1641,0,182
2093,1461,1643,0,185
2094,1462,1644,0,175
2095,1463,1645,0,173
2096,1464,1645,0,172
2097,1464,1643,0,170
2098,1465,1641,0,149
2099,1462,1644,0,135
2100,1456,1652,0,113
2101,1456,1655,0,127
2102,1456,1656,0,135
2103,1458,1659,0,141
2104,1460,1665,0,138
2105,1460,1660,0,134
2106,1461,1662,0,131
2107,1464,1663,0,130
2108,1467,1663,0,128
2109,1468,1664,0,129
2110,1470,1666,0,124
2111,1469,1666,0,124
2112,1468,1665,0,122
2113,1463,1660,0,127
2114,1463,1662,0,132
2115,1460,1659,0,135
2116,1458,1655,0,132
2117,1455,1654,0,139
2118,1461,1660,0,145
2119,1461,1659,0,144
2120,1467,1659,0,153
2121,1475,1659,0,175
2122,1478,1660,0,180
2123,1481,1659,0,186
2124,1485,1655,0,192
2125,1484,1654,0,187
2126,1488,1651,0,181
2127,1495,1645,0,188
2128,1497,1649,0,178
2129,1505,1653,0,158
2130,1508,1653,0,146
2131,1509,1656,0,145
2132,1509,1657,0,142
2133,1514,1659,0,139
2134,1515,1661,0,138
2135,1511,1659,0,138
2136,1512,1660,0,139
2137,1514,1665,0,124
2138,1516,1663,0,129
2139,1521,1665,0,134
2140,1520,1666,0,136
2141,1515,1662,0,141
2142,1514,1666,0,151
2143,1512,1666,0,152
2144,1514,1669,0,161
2145,1512,1670,0,170
2146,1516,1668,0,176
2147,1516,1666,0,185
2148,1522,1661,0,195
2149,1521,1661,0,189
2150,1528,1657,0,185
2151,1540,1652,0,196
2152,1547,1651,0,202
2153,1556,1650,0,187
2154,1559,1647,0,184
2155,1563,1645,0,188
2156,1564,1645,0,189
2157,1566,1644,0,188
2158,1571,1645,0,180
2159,1577,1648,0,175
2160,1582,1652,0,173
2161,1583,1651,0,178
2162,1578,1651,0,179
2163,1572,1652,0,180
2164,1570,1651,0,179
2165,1570,1652,0,170
2166,1567,1653,0,163
2167,1566,1652,0,155
2168,1570,1656,0,152
2169,1574,1657,0,152
2170,1576,1660,0,154
2171,1581,1664,0,149
2172,1582,1663,0,150
2173,1582,1661,0,162
2174,1585,1659,0,178
2175,1588,1655,0,183
2176,1592,1652,0,195
2177,1595,1650,0,199
2178,1600,1646,0,206
2179,1603,1644,0,216
2180,1601,1646,0,219
2181,1599,1647,0,226
2182,1600,1645,0,227
2183,1600,1645,0,226
2184,1600,1645,0,221
2185,1607,1642,0,215
2186,1614,1640,0,204
2187,1623,1643,0,188
2188,1632,1643,0,184
2189,1634,1646,0,185
2190,1637,1646,0,185
2191,1638,1645,0,185
2192,1639,1645,0,188
2193,1636,1644,0,192
2194,1637,1643,0,195
2195,1636,1643,0,202
2196,1637,1641,0,207
2197,1636,1639,0,205
2198,1639,1636,0,211
2199,1640,1633,0,220
2200,1643,1631,0,217
2201,1644,1632,0,212
2202,1641,1638,0,192
2203,1640,1642,0,185
2204,1642,1642,0,179
2205,1644,1639,0,186
2206,1644,1638,0,180
2207,1647,1640,0,180
2208,1647,1638,0,184
2209,1648,1637,0,183
2210,1656,1638,0,186
2211,1653,1638,0,179
2212,1648,1641,0,170
2213,1642,1640,0,164
2214,1641,1642,0,155
2215,1642,1643,0,155
2216,1644,1646,0,145
2217,1646,1649,0,138
2218,1646,1658,0,125
2219,1648,1660,0,118
2220,1649,1661,0,118
2221,1652,1662,0,115
2222,1653,1660,0,120
2223,1651,1661,0,137
2224,1657,1659,0,135
2225,1659,1658,0,142
2226,1658,1655,0,149
2227,1657,1653,0,148
2228,1656,1650,0,154
2229,1651,1650,0,161
2230,1650,1647,0,195
2231,1650,1645,0,203
2232,1652,1642,0,193
2233,1655,1642,0,201
2234,1656,1639,0,190
2235,1656,1639,0,184
2236,1652,1641,0,163
2237,1653,1644,0,146
2238,1653,1647,0,138
2239,1650,1650,0,131
2240,1648,1653,0,120
2241,1649,1657,0,119
2242,1649,1658,0,122
2243,1651,1658,0,133
2244,1652,1661,0,127
2245,1654,1665,0,118
2246,1656,1669,0,114
2247,1658,1671,0,121
2248,1654,1668,0,113
2249,1655,1672,0,115
2250,1658,1679,0,107
2251,1660,1682,0,97
2252,1670,1684,0,79
2253,1668,1686,0,101
2254,1669,1695,0,108
2255,1674,1701,0,116
2256,1675,1705,0,116
2257,1678,1713,0,117
2258,1677,1715,0,129
2259,1678,1719,0,124
2260,1680,1716,0,123
2261,1679,1717,0,125
2262,1678,1716,0,124
2263,1677,1716,0,124
2264,1675,1716,0,129
2265,1675,1716,0,126
2266,1675,1719,0,138
2267,1681,1726,0,133
2268,1693,1730,0,128
2269,1698,1730,0,122
2270,1697,1735,0,139
2271,1698,1737,0,137
2272,1698,1737,0,143
2273,1705,1738,0,149
2274,1713,1738,0,165
2275,1715,1740,0,179
2276,1723,1740,0,180
2277,1728,1743,0,184
2278,1725,1742,0,181
2279,1722,1740,0,182
2280,1721,1740,0,184
2281,1723,1740,0,189
2282,1723,1740,0,182
2283,1724,1739,0,183
2284,1727,1740,0,186
2285,1725,1739,0,186
2286,1723,1740,0,170
2287,1720,1742,0,154
2288,1720,1747,0,140
2289,1722,1755,0,137
2290,1722,1759,0,130
2291,1727,1760,0,135
2292,1727,1757,0,142
2293,1728,1755,0,146
2294,1731,1752,0,163
2295,1733,1748,0,182
2296,1735,1749,0,183
2297,1737,1749,0,185
2298,1736,1749,0,188
2299,1736,1747,0,194
2300,1740,1744,0,196
2301,1748,1741,0,199
2302,1754,1746,0,176
2303,1765,1740,0,180
2304,1770,1740,0,189
2305,1775,1743,0,193
2306,1780,1738,0,198
2307,1784,1734,0,200
2308,1788,1731,0,205
2309,1795,1730,0,214
2310,1800,1729,0,210
2311,1801,1729,0,216
2312,1804,1725,0,224
2313,1802,1726,0,228
2314,1799,1735,0,225
2315,1798,1737,0,229
2316,1799,1737,0,230
2317,1801,1738,0,221
2318,1804,1732,0,224
2319,1811,1725,0,230
2320,1817,1716,0,236
2321,1818,1713,0,244
2322,1817,1711,0,251
2323,1819,1708,0,249
2324,1822,1708,0,242
2325,1825,1705,0,235
2326,1828,1703,0,232
2327,1833,1695,0,241
2328,1840,1689,0,246
2329,1843,1687,0,246
2330,1844,1683,0,250
2331,1845,1683,0,241
2332,1846,1686,0,230
2333,1843,1687,0,226
2334,1836,1687,0,216
2335,1836,1689,0,216
2336,1837,1689,0,218
2337,1838,1688,0,227
2338,1842,1684,0,232
2339,1842,1684,0,231
2340,1839,1684,0,226
2341,1836,1686,0,223
2342,1834,1687,0,221
2343,1834,1686,0,219
2344,1834,1686,0,218
2345,1834,1686,0,216
2346,1833,1688,0,221
2347,1833,1687,0,217
2348,1834,1688,0,220
2349,1835,1687,0,221
2350,1840,1687,0,217
2351,1846,1686,0,205
2352,1849,1686,0,206
2353,1851,1685,0,196
2354,1854,1686,0,208
2355,1853,1688,0,212
2356,1851,1691,0,213
2357,1852,1690,0,217
2358,1853,1688,0,220
2359,1853,1688,0,216
2360,1853,1687,0,212
2361,1856,1687,0,210
2362,1856,1689,0,204
2363,1858,1690,0,198
2364,1861,1691,0,195
2365,1864,1689,0,198
2366,1862,1691,0,201
2367,1861,1692,0,204
2368,1862,1692,0,206
2369,1861,1692,0,204
2370,1860,1692,0,205
2371,1859,1693,0,205
2372,1858,1694,0,206
2373,1858,1694,0,201
2374,1861,1693,0,188
2375,1864,1697,0,187
2376,1865,1700,0,181
2377,1866,1698,0,182
2378,1866,1698,0,189
2379,1867,1697,0,192
2380,1867,1697,0,190
2381,1864,1698,0,194
2383,1866,1695,0,193
2384,1866,1695,0,195
2385,1866,1697,0,186
2386,1864,1698,0,187
2387,1865,1698,0,203
2388,1865,1694,0,209
2389,1863,1689,0,198
2390,1864,1690,0,215
2391,1858,1684,0,211
2392,1856,1676,0,205
2393,1858,1676,0,216
2394,1862,1675,0,220
2395,1865,1671,0,214
2396,1867,1670,0,204
2397,1865,1667,0,189
2398,1868,1672,0,176
2399,1875,1671,0,172
2400,1882,1677,0,180
2401,1889,1673,0,171
2402,1893,1671,0,176
2403,1892,1671,0,192
2404,1892,1670,0,197
2405,1891,1669,0,193
2406,1892,1669,0,187
2407,1893,1669,0,182
2408,1898,1672,0,162
2409,1903,1677,0,159
2410,1909,1683,0,159
2411,1909,1681,0,154
2412,1909,1683,0,167
2413,1909,1682,0,159
2414,1909,1683,0,165
2415,1909,1683,0,164
2416,1909,1683,0,169
2417,1910,1683,0,171
2418,1909,1681,0,163
2419,1909,1682,0,167
2420,1911,1681,0,158
2421,1911,1681,0,157
2422,1913,1680,0,157
2423,1915,1680,0,154
2424,1916,1678,0,157
2425,1915,1679,0,151
2426,1915,1679,0,150
2427,1915,1683,0,161
2428,1918,1683,0,155
2429,1918,1684,0,159
2430,1921,1684,0,167
2431,1922,1679,0,186
2432,1927,1677,0,207
2433,1931,1672,0,210
2434,1935,1665,0,237
2435,1938,1661,0,240
2436,1938,1657,0,241
2437,1937,1656,0,247
2438,1936,1655,0,251
2439,1936,1655,0,250
2440,1936,1658,0,255
2441,1938,1663,0,255
2442,1939,1664,0,256
2443,1937,1665,0,258
2444,1937,1666,0,257
2445,1936,1667,0,256
2446,1937,1666,0,257
2447,1937,1667,0,255
2448,1937,1668,0,252
2449,1937,1669,0,252
2450,1937,1669,0,250
2451,1937,1671,0,251
2452,1937,1670,0,252
2453,1937,1669,0,253
2454,1937,1669,0,250
2455,1937,1669,0,251
2456,1937,1669,0,252
2457,1937,1669,0,251
2458,1937,1668,0,250
2459,1937,1669,0,254
2460,1938,1669,0,252
2461,1937,1670,0,255
2462,1935,1672,0,250
2463,1933,1674,0,248
2464,1929,1678,0,253
2465,1928,1685,0,266
2466,1928,1688,0,273
2467,1924,1692,0,282
2468,1920,1692,0,294
2469,1911,1694,0,273
2470,1901,1696,0,265
2471,1897,1695,0,266
2472,1892,1696,0,261
2473,1890,1696,0,256
2474,1888,1695,0,253
2475,1887,1689,0,241
2476,1897,1684,0,248
2477,1892,1682,0,229
2478,1886,1671,0,222
2479,1885,1669,0,205
2480,1885,1671,0,206
2481,1885,1673,0,216
2482,1881,1674,0,225
2483,1880,1679,0,247
2484,1880,1679,0,278
2485,1879,1674,0,295
2486,1874,1678,0,300
2487,1870,1678,0,308
2488,1869,1680,0,308
2489,1868,1680,0,311
2490,1868,1682,0,318
2491,1867,1682,0,315
2492,1862,1680,0,323
2493,1856,1675,0,320
2494,1850,1672,0,327
2495,1847,1672,0,342
2496,1842,1674,0,352
2497,1837,1674,0,352
2498,1829,1671,0,347
2499,1825,1672,0,345
2500,1821,1674,0,353
2501,1819,1676,0,353
2502,1818,1677,0,348
2503,1819,1677,0,358
2504,1819,1679,0,4
2505,1816,1682,0,14
2506,1815,1683,0,5
2507,1815,1684,0,359
2508,1817,1682,0,5
2509,1818,1682,0,3
2510,1818,1682,0,1
2511,1818,1682,0,1
2512,1818,1682,0,0
2513,1818,1682,0,0
2514,1818,1681,0,3
2515,1817,1683,0,8
2516,1814,1686,0,12
2517,1811,1687,0,9
2518,1807,1687,0,8
2519,1801,1691,0,9
2520,1802,1691,0,2
2521,1807,1693,0,353
2522,1803,1691,0,356
2523,1799,1693,0,352
2524,1796,1695,0,348
2525,1791,1694,0,342
2526,1788,1692,0,333
2527,1788,1690,0,328
2528,1787,1687,0,324
2529,1787,1685,0,319
2530,1788,1687,0,319
2531,1786,1685,0,310
2532,1785,1682,0,301
2533,1781,1678,0,303
2534,1776,1672,0,295
2535,1774,1665,0,293
2536,1772,1662,0,299
2537,1772,1660,0,295
2538,1772,1658,0,297
2539,1772,1661,0,298
2540,1775,1663,0,297
2541,1777,1665,0,292
2542,1778,1665,0,281
2543,1769,1662,0,277
2544,1768,1658,0,272
2545,1768,1653,0,273
2546,1767,1651,0,265
2547,1770,1651,0,269
2548,1767,1650,0,262
2549,1768,1647,0,266
2550,1768,1645,0,267
2551,1766,1640,0,261
2552,1767,1638,0,257
2553,1766,1639,0,254
2554,1764,1640,0,246
2555,1762,1641,0,241
2556,1766,1636,0,240
2557,1763,1637,0,236
2558,1765,1636,0,239
2559,1760,1640,0,229
2560,1759,1641,0,229
2561,1760,1643,0,234
2562,1761,1644,0,241
2563,1760,1641,0,234
2564,1761,1639,0,229
2565,1762,1638,0,224
2566,1761,1639,0,224
2567,1761,1639,0,227
2568,1761,1640,0,226
2569,1760,1639,0,228
2570,1760,1638,0,226
2571,1759,1638,0,227
2572,1760,1638,0,229
2573,1758,1640,0,224
2574,1759,1639,0,220
2575,1759,1640,0,221
2576,1758,1642,0,224
2577,1760,1646,0,239
2578,1757,1645,0,260
2579,1755,1641,0,266
2580,1754,1641,0,264
2581,1752,1641,0,274
2582,1752,1642,0,267
2583,1750,1644,0,242
2584,1753,1646,0,235
2585,1756,1645,0,225
2586,1757,1643,0,228
2587,1758,1643,0,221
2588,1759,1643,0,223
2589,1761,1644,0,226
2590,1761,1642,0,231
2591,1760,1642,0,227
2592,1760,1642,0,229
2593,1757,1643,0,223
2594,1758,1641,0,227
2595,1759,1642,0,227
2596,1762,1639,0,232
2597,1762,1639,0,233
2598,1761,1641,0,231
2599,1761,1642,0,233
2600,1761,1641,0,231
2601,1761,1642,0,235
2602,1761,1641,0,234
2603,1761,1640,0,228
2604,1760,1641,0,222
2605,1760,1642,0,226
2606,1759,1643,0,221
2607,1754,1646,0,217
2608,1756,1643,0,205
2609,1757,1644,0,209
2610,1755,1645,0,208
2611,1755,1647,0,187
2612,1758,1649,0,175
2613,1764,1649,0,155
2614,1765,1655,0,158
2615,1768,1659,0,163
2616,1772,1658,0,158
2617,1775,1659,0,152
2618,1773,1660,0,150
2619,1769,1657,0,158
2620,1770,1657,0,150
2621,1768,1658,0,147
2622,1767,1658,0,147
2623,1767,1658,0,141
2624,1767,1659,0,139
2625,1768,1662,0,129
2626,1765,1662,0,128
2627,1766,1662,0,132
2628,1767,1662,0,129
2629,1768,1662,0,132
2630,1770,1664,0,139
2631,1772,1664,0,145
2632,1770,1665,0,141
2633,1768,1666,0,139
2634,1764,1666,0,141
2635,1763,1666,0,147
2636,1763,1666,0,149
2637,1765,1665,0,154
2638,1765,1666,0,147
2639,1767,1666,0,143
2640,1768,1667,0,140
2641,1770,1669,0,143
2642,1771,1669,0,158
2643,1772,1667,0,174
2644,1770,1667,0,185
2645,1767,1666,0,185
2646,1768,1662,0,173
2647,1771,1661,0,153
2648,1774,1661,0,146
2649,1779,1662,0,154
2650,1779,1662,0,140
2651,1784,1665,0,134
2652,1790,1670,0,125
2653,1793,1680,0,120
2654,1797,1682,0,121
2655,1800,1686,0,118
2656,1802,1692,0,113
2657,1808,1702,0,119
2658,1813,1703,0,130
2659,1818,1709,0,144
2660,1824,1711,0,150
2661,1832,1713,0,161
2662,1834,1715,0,169
2663,1838,1713,0,176
2664,1838,1712,0,185
2665,1848,1716,0,179
2666,1852,1715,0,189
2667,1862,1711,0,216
2668,1866,1706,0,224
2669,1874,1702,0,222
2670,1877,1697,0,231
2671,1889,1693,0,252
2672,1886,1690,0,239
2673,1886,1682,0,231
2674,1891,1676,0,224
2675,1896,1680,0,202
2676,1903,1682,0,203
2677,1910,1680,0,195
2678,1914,1682,0,194
2679,1920,1682,0,215
2680,1929,1677,0,214
2681,1932,1671,0,222
2682,1937,1666,0,235
2683,1936,1664,0,250
2684,1936,1664,0,245
2685,1936,1664,0,242
2686,1936,1666,0,235
2687,1942,1663,0,225
2688,1944,1662,0,223
2689,1947,1658,0,218
2690,1944,1661,0,219
2691,1944,1661,0,219
2692,1945,1661,0,217
2693,1946,1660,0,211
2694,1949,1660,0,201
2695,1953,1656,0,216
2696,1954,1652,0,224
2697,1961,1653,0,235
2698,1961,1649,0,236
2699,1963,1648,0,236
2700,1963,1644,0,234
2701,1965,1640,0,241
2702,1968,1639,0,248
2703,1968,1639,0,248
2704,1970,1639,0,254
2705,1971,1637,0,255
2706,1971,1637,0,257
2707,1968,1641,0,247
2708,1966,1639,0,244
2709,1963,1641,0,240
2710,1961,1649,0,243
2711,1960,1654,0,237
2712,1958,1658,0,238
2713,1957,1653,0,241
2714,1957,1654,0,237
2715,1957,1656,0,236
2716,1956,1657,0,237
2717,1955,1657,0,234
2718,1957,1658,0,228
2719,1957,1656,0,226
2720,1957,1659,0,217
2721,1957,1656,0,240
2722,1955,1653,0,258
2723,1953,1651,0,270
2724,1952,1648,0,278
2725,1950,1646,0,284
2726,1947,1647,0,298
2727,1942,1641,0,313
2728,1938,1641,0,321
2729,1938,1643,0,329
2730,1936,1644,0,343
2731,1935,1645,0,350
2732,1936,1651,0,1
2733,1936,1653,0,2
2734,1935,1657,0,6
2735,1936,1659,0,1
2736,1942,1664,0,1
2737,1942,1671,0,3
2738,1943,1672,0,6
2739,1942,1672,0,7
2740,1939,1672,0,10
2741,1937,1671,0,14
2742,1937,1670,0,15
2743,1938,1668,0,4
2744,1940,1665,0,358
2745,1941,1666,0,352
2746,1941,1666,0,355
2747,1937,1666,0,352
2748,1938,1667,0,349
2749,1944,1664,0,351
2750,1940,1662,0,343
2751,1937,1663,0,345
2752,1932,1663,0,350
2753,1928,1665,0,356
2754,1920,1668,0,4
2755,1917,1668,0,0
2756,1918,1669,0,0
2757,1921,1667,0,352
2758,1921,1666,0,351
2759,1921,1667,0,351
2760,1920,1666,0,348
2761,1919,1666,0,349
2762,1918,1666,0,349
2763,1917,1666,0,337
2764,1910,1667,0,332
2765,1908,1665,0,327
2766,1900,1663,0,322
2767,1897,1656,0,325
2768,1893,1651,0,320
2769,1893,1648,0,320
2770,1894,1645,0,325
2771,1893,1645,0,328
2772,1894,1646,0,329
2773,1894,1645,0,330
2774,1895,1645,0,329
2775,1897,1644,0,321
2776,1898,1642,0,318
2777,1901,1643,0,316
2778,1902,1644,0,317
2779,1901,1645,0,315
2780,1900,1645,0,312
2781,1901,1644,0,316
2782,1900,1643,0,309
2783,1900,1641,0,304
2784,1901,1643,0,306
2785,1901,1649,0,306
2786,1899,1654,0,301
2787,1899,1660,0,298
2788,1898,1659,0,300
2789,1899,1659,0,299
2790,1899,1659,0,303
2791,1899,1660,0,308
2792,1899,1660,0,308
2793,1899,1661,0,310
2794,1898,1661,0,310
2795,1898,1663,0,306
2796,1898,1663,0,303
2797,1896,1663,0,300
2798,1897,1664,0,287
2799,1899,1657,0,273
2800,1905,1650,0,265
2801,1907,1649,0,257
2802,1907,1648,0,255
2803,1907,1649,0,249
2804,1909,1654,0,244
2805,1911,1651,0,238
2806,1914,1652,0,219
2807,1916,1653,0,214
2808,1917,1657,0,206
2809,1923,1662,0,190
2810,1931,1665,0,179
2811,1936,1666,0,184
2812,1946,1667,0,180
2813,1949,1665,0,185
2814,1954,1665,0,184
2815,1955,1665,0,182
2816,1956,1661,0,185
2817,1966,1660,0,192
2818,1979,1662,0,197
2819,1979,1661,0,199
2820,1980,1663,0,204
2821,1980,1663,0,200
2822,1982,1662,0,197
2823,1984,1662,0,195
2824,1983,1662,0,196
2825,1984,1664,0,199
2826,1984,1663,0,200
2827,1987,1661,0,195
2828,1987,1660,0,200
2829,1987,1660,0,204
2830,1985,1662,0,197
2831,1983,1662,0,198
2832,1984,1660,0,207
2833,1982,1659,0,201
2834,1983,1659,0,202
2835,1983,1660,0,203
2836,1983,1658,0,200
2837,1992,1655,0,208
2838,1997,1651,0,212
2839,2004,1650,0,211
2840,2008,1650,0,206
2841,2009,1650,0,205
2842,2011,1653,0,193
2843,2017,1653,0,177
2844,2024,1652,0,154
2845,2027,1658,0,142
2846,2030,1661,0,145
2847,2035,1662,0,145
2848,2039,1664,0,144
2849,2043,1666,0,149
2850,2045,1668,0,148
2851,2051,1671,0,153
2852,2054,1672,0,156
2853,2059,1671,0,166
2854,2063,1671,0,163
2855,2074,1679,0,188
2856,2077,1677,0,177
2857,2085,1674,0,195
2858,2091,1673,0,200
2859,2092,1672,0,211
2860,2090,1671,0,215
2861,2091,1670,0,215
2862,2091,1668,0,222
2863,2093,1667,0,226
2864,2100,1664,0,224
2865,2103,1658,0,230
2866,2109,1651,0,236
2867,2113,1644,0,235
2868,2115,1646,0,230
2869,2122,1637,0,231
2870,2123,1629,0,240
2871,2120,1623,0,250
2872,2121,1618,0,257
2873,2121,1616,0,256
2874,2121,1613,0,254
2875,2119,1604,0,251
2876,2119,1597,0,238
2877,2125,1589,0,234
2878,2128,1584,0,234
2879,2130,1585,0,202
2880,2132,1587,0,199
2881,2132,1588,0,197
2882,2137,1588,0,197
2883,2136,1589,0,193
2884,2138,1590,0,196
2885,2137,1587,0,191
2886,2139,1591,0,187
2887,2140,1592,0,185
2888,2137,1594,0,189
2889,2138,1593,0,194
2890,2138,1593,0,194
2891,2137,1593,0,194
2892,2139,1593,0,195
2893,2140,1593,0,195
2894,2138,1591,0,207
2895,2137,1589,0,223
2896,2139,1585,0,228
2897,2140,1577,0,240
2898,2138,1571,0,245
2899,2137,1567,0,251
2900,2133,1566,0,254
2901,2132,1567,0,256
2902,2131,1569,0,266
2903,2131,1567,0,266
2904,2132,1566,0,261
2905,2132,1563,0,262
2906,2131,1563,0,264
2907,2132,1570,0,250
2908,2136,1569,0,239
2909,2144,1569,0,226
2910,2148,1566,0,215
2911,2146,1565,0,214
2912,2148,1563,0,210
2913,2149,1562,0,204
2914,2150,1559,0,222
2915,2157,1552,0,231
2916,2163,1544,0,231
2917,2168,1538,0,231
2918,2173,1528,0,243
2919,2177,1525,0,253
2920,2178,1522,0,254
2921,2179,1516,0,250
2922,2182,1516,0,239
2923,2186,1520,0,229
2924,2187,1518,0,235
2925,2189,1516,0,232
2926,2188,1515,0,231
2927,2190,1513,0,231
2928,2189,1515,0,231
2929,2190,1515,0,231
2930,2192,1519,0,219
2931,2197,1520,0,213
2932,2200,1518,0,197
2933,2203,1519,0,186
2934,2209,1520,0,179
2935,2216,1517,0,182
2936,2217,1518,0,176
2937,2227,1519,0,191
2938,2229,1520,0,178
2939,2239,1520,0,180
2940,2244,1518,0,181
2941,2247,1520,0,182
2942,2251,1519,0,189
2943,2258,1510,0,186
2944,2262,1513,0,191
2945,2266,1512,0,194
2946,2267,1511,0,197
2947,2269,1508,0,208
2948,2270,1505,0,217
2949,2276,1503,0,217
2950,2280,1499,0,226
2951,2288,1498,0,233
2952,2291,1496,0,233
2953,2292,1493,0,239
2954,2291,1491,0,240
2955,2292,1489,0,243
2956,2292,1489,0,243
2957,2292,1489,0,247
2958,2294,1487,0,258
2959,2296,1482,0,260
2960,2297,1475,0,266
2961,2297,1474,0,266
2962,2298,1469,0,270
2963,2298,1466,0,277
2964,2297,1463,0,289
2965,2294,1459,0,288
2966,2295,1461,0,288
2967,2294,1462,0,292
2968,2295,1463,0,290
2969,2295,1464,0,289
2970,2296,1467,0,293
2971,2295,1468,0,287
2972,2295,1474,0,289
2973,2294,1475,0,282
2974,2293,1474,0,279
2975,2294,1475,0,277
2976,2296,1475,0,281
2977,2295,1475,0,281
2978,2295,1474,0,277
2979,2296,1474,0,271
2980,2297,1472,0,267
2981,2300,1470,0,259
2982,2300,1467,0,254
2983,2303,1465,0,253
2984,2305,1461,0,251
2985,2305,1460,0,251
2986,2305,1459,0,261
2987,2306,1451,0,263
2988,2307,1448,0,265
2989,2307,1443,0,266
2990,2310,1443,0,263
2991,2310,1440,0,261
2992,2313,1442,0,261
2993,2318,1438,0,254
2994,2321,1433,0,253
2995,2323,1431,0,244
2996,2323,1428,0,237
2997,2326,1421,0,230
2998,2327,1420,0,218
2999,2330,1418,0,217
