0,542,1901,0,257
1,542,1900,0,250
2,541,1900,0,250
3,542,1900,0,248
4,541,1908,0,250
5,542,1911,0,246
6,542,1911,0,245
7,542,1911,0,248
8,541,1909,0,244
9,541,1909,0,241
10,541,1909,0,235
11,540,1909,0,232
12,539,1910,0,229
13,539,1910,0,223
14,543,1904,0,218
15,548,1902,0,220
16,549,1897,0,221
17,547,1896,0,213
18,547,1895,0,219
19,546,1896,0,218
20,546,1896,0,222
21,548,1893,0,221
22,549,1893,0,219
23,548,1895,0,210
24,548,1896,0,199
25,549,1896,0,193
26,549,1897,0,200
27,548,1897,0,200
28,548,1897,0,200
29,549,1897,0,202
30,549,1898,0,209
31,550,1897,0,204
32,550,1897,0,197
33,552,1895,0,195
34,554,1893,0,200
35,553,1890,0,201
36,551,1888,0,211
37,546,1889,0,209
38,544,1887,0,223
39,544,1882,0,228
40,544,1880,0,227
41,543,1879,0,234
42,541,1875,0,231
43,540,1875,0,233
44,539,1873,0,240
45,535,1874,0,247
46,531,1874,0,246
47,528,1875,0,243
48,524,1877,0,237
49,520,1882,0,220
50,522,1884,0,219
51,523,1885,0,214
52,524,1885,0,204
53,525,1886,0,194
54,526,1887,0,182
55,528,1888,0,175
56,532,1891,0,174
57,532,1892,0,169
58,535,1892,0,136
59,535,1899,0,138
60,535,1905,0,145
61,538,1908,0,146
62,538,1914,0,144
63,540,1922,0,136
64,545,1931,0,136
65,546,1939,0,149
66,547,1941,0,155
67,545,1941,0,148
68,545,1943,0,148
69,545,1945,0,144
70,546,1952,0,150
71,550,1949,0,146
72,548,1950,0,141
73,550,1954,0,117
74,547,1957,0,105
75,549,1961,0,112
76,551,1967,0,127
77,548,1968,0,136
78,545,1967,0,140
79,544,1968,0,145
80,539,1968,0,150
81,539,1967,0,151
82,536,1971,0,146
83,534,1975,0,158
84,537,1974,0,162
85,541,1974,0,172
86,540,1980,0,184
87,542,1986,0,197
88,550,1985,0,219
89,558,1984,0,232
90,555,1980,0,233
91,556,1970,0,242
92,559,1965,0,244
93,568,1965,0,257
94,567,1963,0,260
95,564,1960,0,254
96,564,1951,0,260
97,565,1945,0,260
98,562,1943,0,265
99,561,1942,0,263
100,561,1945,0,252
101,562,1945,0,247
102,561,1945,0,261
103,557,1943,0,271
104,555,1943,0,273
105,555,1945,0,278
106,558,1955,0,273
107,562,1965,0,279
108,565,1972,0,285
109,564,1972,0,288
110,565,1971,0,285
111,562,1968,0,281
112,560,1966,0,285
113,559,1964,0,278
114,560,1958,0,267
115,562,1957,0,264
116,565,1955,0,267
117,562,1950,0,267
118,563,1946,0,272
119,564,1943,0,271
120,570,1941,0,274
121,570,1939,0,274
122,568,1937,0,275
123,568,1935,0,284
124,564,1928,0,274
125,566,1926,0,272
126,565,1922,0,267
127,570,1921,0,260
128,576,1919,0,247
129,580,1916,0,240
130,584,1914,0,246
131,579,1912,0,250
132,581,1906,0,261
133,581,1897,0,267
134,581,1887,0,282
135,579,1885,0,284
136,577,1885,0,290
137,577,1881,0,284
138,579,1880,0,281
139,589,1883,0,268
140,590,1875,0,260
141,595,1869,0,257
142,602,1862,0,240
143,602,1847,0,213
144,610,1845,0,208
145,622,1840,0,215
146,624,1830,0,218
147,631,1823,0,217
148,633,1823,0,223
149,633,1817,0,222
150,638,1808,0,231
151,640,1803,0,246
152,642,1799,0,255
153,641,1797,0,261
154,639,1792,0,268
155,635,1781,0,282
156,630,1778,0,274
157,628,1773,0,263
158,629,1770,0,252
159,632,1766,0,244
160,637,1765,0,242
161,646,1766,0,229
162,650,1756,0,227
163,651,1750,0,230
164,654,1741,0,237
165,659,1738,0,237
166,664,1733,0,229
167,669,1724,0,241
168,670,1722,0,254
169,672,1719,0,268
170,672,1716,0,274
171,674,1710,0,278
172,674,1703,0,285
173,671,1695,0,292
174,669,1688,0,295
175,665,1680,0,291
176,662,1675,0,293
177,657,1672,0,291
178,654,1670,0,292
179,653,1662,0,286
180,655,1664,0,296
181,653,1663,0,296
182,646,1661,0,290
183,641,1661,0,286
184,639,1659,0,290
185,637,1658,0,286
186,637,1658,0,289
187,636,1658,0,292
188,635,1653,0,298
189,635,1644,0,299
190,637,1636,0,306
191,634,1635,0,310
192,630,1636,0,301
193,626,1632,0,294
194,618,1627,0,289
195,614,1623,0,289
196,612,1613,0,285
197,613,1610,0,296
198,611,1605,0,299
199,607,1593,0,293
200,604,1587,0,288
201,601,1589,0,283
202,601,1590,0,284
203,600,1590,0,290
204,599,1589,0,290
205,598,1588,0,283
206,598,1584,0,280
207,600,1577,0,269
208,603,1574,0,274
209,605,1570,0,275
210,603,1562,0,279
211,605,1552,0,288
212,604,1549,0,296
213,603,1547,0,293
214,613,1546,0,275
215,621,1543,0,264
216,623,1539,0,273
217,623,1535,0,280
218,621,1525,0,277
219,623,1515,0,267
222,637,1495,0,294
223,634,1491,0,283
224,634,1479,0,300
225,627,1481,0,302
226,621,1476,0,306
227,609,1470,0,310
228,609,1461,0,304
229,603,1453,0,305
230,602,1443,0,309
231,600,1438,0,311
232,592,1432,0,310
233,588,1427,0,303
234,584,1426,0,309
235,582,1421,0,301
236,578,1414,0,303
237,573,1410,0,313
238,565,1400,0,322
239,563,1396,0,316
240,562,1395,0,314
241,563,1391,0,323
242,559,1389,0,318
243,550,1385,0,316
244,548,1382,0,308
245,548,1379,0,308
246,538,1373,0,308
247,537,1371,0,302
248,534,1365,0,296
249,534,1361,0,292
250,536,1357,0,289
251,534,1354,0,290
252,537,1345,0,271
253,539,1340,0,268
254,541,1335,0,271
255,541,1329,0,273
256,540,1319,0,277
257,538,1306,0,281
258,540,1298,0,280
259,542,1289,0,279
260,538,1281,0,285
261,538,1267,0,282
262,538,1257,0,279
263,533,1251,0,283
264,525,1233,0,280
265,523,1226,0,284
266,521,1223,0,276
267,522,1221,0,271
268,523,1216,0,265
269,527,1207,0,263
270,528,1192,0,267
271,527,1184,0,263
272,542,1175,0,266
273,538,1168,0,269
274,538,1171,0,274
275,535,1172,0,283
276,532,1169,0,285
277,529,1166,0,283
278,526,1155,0,293
279,523,1151,0,288
280,521,1144,0,295
281,525,1143,0,294
282,524,1142,0,298
283,524,1144,0,296
284,523,1144,0,298
285,523,1146,0,290
286,524,1146,0,283
287,522,1145,0,276
288,523,1143,0,278
289,524,1142,0,283
290,525,1142,0,286
291,526,1143,0,288
292,527,1144,0,292
293,525,1145,0,291
294,521,1145,0,295
295,519,1145,0,297
296,518,1143,0,291
297,521,1142,0,282
298,520,1141,0,286
299,518,1140,0,290
300,518,1140,0,289
301,520,1140,0,288
302,523,1142,0,277
303,526,1144,0,267
304,533,1146,0,275
305,532,1148,0,264
306,534,1150,0,260
307,530,1148,0,264
308,528,1147,0,265
309,529,1144,0,266
310,530,1140,0,264
311,530,1136,0,265
312,527,1135,0,266
313,525,1135,0,273
314,524,1134,0,277
315,523,1134,0,277
316,523,1131,0,278
317,534,1121,0,297
318,535,1115,0,294
319,533,1117,0,288
320,531,1116,0,279
321,530,1114,0,277
322,533,1111,0,281
323,535,1111,0,289
324,536,1108,0,289
325,537,1105,0,294
326,539,1100,0,299
327,539,1096,0,309
328,539,1093,0,316
329,537,1088,0,323
330,533,1084,0,330
331,532,1081,0,330
332,526,1076,0,341
333,519,1074,0,342
334,512,1072,0,331
335,505,1071,0,327
336,503,1072,0,321
337,503,1072,0,311
338,497,1067,0,303
339,497,1066,0,291
340,498,1063,0,282
341,498,1061,0,283
342,498,1058,0,282
343,498,1054,0,278
344,500,1049,0,280
345,498,1041,0,283
346,494,1034,0,284
347,492,1028,0,282
348,495,1026,0,281
349,494,1024,0,276
350,495,1025,0,264
351,493,1025,0,258
352,493,1025,0,266
353,492,1023,0,265
354,493,1023,0,258
355,494,1023,0,259
356,494,1020,0,259
357,496,1020,0,254
358,497,1021,0,253
359,500,1021,0,250
360,500,1020,0,257
361,500,1017,0,258
362,502,1015,0,257
363,506,1009,0,262
364,506,1007,0,263
365,508,1001,0,269
366,509,997,0,277
370,508,966,0,279
371,503,958,0,288
372,506,952,0,290
373,505,950,0,285
374,502,947,0,282
375,499,946,0,278
376,501,948,0,283
377,498,945,0,278
378,495,935,0,279
379,499,928,0,274
380,498,926,0,270
381,499,918,0,268
382,499,914,0,265
383,501,909,0,263
384,504,900,0,255
385,505,894,0,250
386,504,892,0,255
387,503,891,0,259
388,502,893,0,255
389,501,891,0,256
390,500,890,0,257
391,499,894,0,252
392,498,895,0,251
393,503,895,0,237
394,506,890,0,236
395,509,891,0,238
396,510,889,0,241
397,508,890,0,252
398,506,889,0,264
399,504,888,0,268
400,505,887,0,281
401,504,884,0,272
402,505,873,0,267
403,502,863,0,263
404,501,862,0,269
405,500,863,0,279
406,502,858,0,281
407,501,853,0,281
408,499,849,0,281
409,496,846,0,286
410,493,844,0,285
411,492,843,0,286
412,491,840,0,287
413,492,837,0,283
414,489,834,0,270
415,490,831,0,267
416,487,830,0,265
417,483,830,0,274
418,482,830,0,279
419,478,828,0,284
420,481,820,0,293
421,478,824,0,291
422,477,825,0,300
423,474,828,0,311
424,474,829,0,332
425,472,827,0,335
426,470,828,0,333
427,470,825,0,344
428,470,823,0,339
429,473,823,0,335
430,473,824,0,329
431,472,823,0,316
432,468,823,0,303
433,466,819,0,302
434,463,819,0,300
435,459,818,0,296
436,459,817,0,299
437,455,817,0,294
438,454,818,0,295
439,450,815,0,299
440,451,811,0,303
441,452,809,0,300
442,451,809,0,299
443,450,810,0,299
444,452,810,0,299
445,454,811,0,301
446,459,809,0,308
447,457,810,0,307
448,454,807,0,301
449,455,805,0,305
450,460,804,0,317
451,459,802,0,317
452,459,802,0,318
453,460,802,0,320
454,459,804,0,316
455,457,807,0,313
456,457,808,0,309
457,457,807,0,309
458,457,807,0,306
459,457,808,0,310
460,456,807,0,309
461,456,806,0,308
462,456,805,0,309
463,456,805,0,309
464,456,805,0,309
465,456,804,0,312
466,456,803,0,307
467,456,804,0,308
468,456,804,0,307
469,454,803,0,305
470,453,802,0,303
471,453,802,0,305
472,452,802,0,308
473,451,802,0,307
474,450,803,0,305
475,449,803,0,301
476,448,803,0,294
477,449,804,0,294
478,449,803,0,291
479,453,801,0,292
480,453,798,0,299
481,453,794,0,302
482,453,791,0,300
483,452,790,0,301
484,451,791,0,298
485,450,792,0,307
486,455,788,0,342
487,451,787,0,312
488,450,786,0,311
489,453,785,0,309
490,454,786,0,307
491,454,784,0,311
494,451,785,0,287
495,453,784,0,285
496,455,785,0,283
497,454,784,0,283
498,454,785,0,283
499,455,787,0,289
500,457,793,0,302
501,457,796,0,296
502,455,799,0,293
503,454,802,0,306
504,455,805,0,315
505,455,806,0,320
506,455,809,0,323
507,456,815,0,329
508,457,818,0,351
509,457,817,0,348
510,455,816,0,355
511,452,811,0,0
512,448,808,0,9
513,447,808,0,10
514,447,808,0,8
515,448,807,0,11
516,449,808,0,14
517,448,807,0,15
518,450,807,0,14
519,450,808,0,16
520,452,807,0,15
521,451,808,0,24
522,452,807,0,26
523,451,806,0,19
524,451,806,0,17
525,450,806,0,18
526,449,808,0,18
527,448,811,0,19
528,449,812,0,21
529,452,812,0,24
530,454,814,0,24
531,456,815,0,17
532,454,813,0,9
533,451,814,0,5
534,450,815,0,3
535,448,820,0,5
536,444,818,0,8
537,443,821,0,4
538,442,821,0,6
539,441,822,0,5
540,440,822,0,5
541,439,824,0,3
542,438,822,0,3
543,438,821,0,359
544,435,817,0,348
545,434,817,0,345
546,433,819,0,347
547,431,820,0,348
548,432,822,0,351
549,431,823,0,349
550,431,825,0,341
551,429,824,0,340
552,426,825,0,337
553,424,822,0,336
554,422,819,0,331
555,419,819,0,332
556,419,816,0,327
557,415,815,0,329
558,412,810,0,328
559,410,807,0,322
560,412,805,0,322
561,413,801,0,326
562,409,802,0,328
563,407,799,0,332
564,407,797,0,327
565,404,796,0,327
566,402,796,0,323
567,396,795,0,322
568,393,795,0,322
569,390,794,0,322
570,389,791,0,323
571,387,785,0,327
572,384,784,0,330
573,384,782,0,332
574,390,779,0,7
577,391,788,0,325
578,391,788,0,325
579,393,790,0,327
580,391,787,0,313
581,387,786,0,306
582,394,790,0,309
583,395,788,0,306
584,398,789,0,321
585,398,791,0,327
586,397,790,0,329
587,397,791,0,326
588,397,791,0,327
589,395,789,0,311
592,385,788,0,334
593,383,787,0,329
594,381,788,0,323
595,380,789,0,323
596,377,789,0,331
597,377,789,0,332
598,378,786,0,344
599,378,785,0,350
600,376,789,0,348
601,377,788,0,344
602,377,790,0,347
603,376,789,0,350
604,374,788,0,352
605,373,786,0,351
606,371,784,0,354
607,369,782,0,4
608,369,779,0,12
609,368,777,0,15
610,368,777,0,17
611,369,778,0,7
612,371,782,0,2
613,373,782,0,359
614,373,783,0,0
615,376,783,0,6
616,377,782,0,5
617,377,781,0,6
618,375,779,0,6
619,374,776,0,12
620,373,775,0,13
621,373,775,0,10
622,373,774,0,12
623,373,774,0,11
624,372,774,0,10
625,372,774,0,12
626,373,774,0,14
627,373,776,0,18
628,374,779,0,6
629,375,779,0,8
630,375,779,0,7
631,376,779,0,10
632,378,774,0,28
633,376,774,0,28
634,375,771,0,29
635,371,771,0,38
636,371,770,0,41
637,370,767,0,40
638,370,767,0,40
639,372,763,0,27
640,371,765,0,28
641,369,767,0,33
642,368,768,0,35
643,370,766,0,38
644,372,765,0,37
645,371,766,0,41
646,370,767,0,37
647,367,768,0,33
648,366,766,0,33
649,365,766,0,38
650,365,765,0,40
651,362,766,0,43
652,363,765,0,47
653,365,768,0,40
654,365,769,0,40
655,367,770,0,42
656,366,772,0,42
657,365,773,0,41
658,365,774,0,42
659,363,774,0,48
660,363,773,0,46
661,363,774,0,45
662,363,775,0,46
663,363,775,0,46
664,362,777,0,42
665,363,777,0,46
666,362,775,0,54
667,363,775,0,57
668,368,776,0,46
669,373,775,0,45
670,372,775,0,39
671,372,775,0,35
672,372,774,0,37
673,373,773,0,36
674,373,770,0,39
675,372,770,0,37
676,374,770,0,33
677,373,771,0,34
678,373,771,0,34
679,376,768,0,26
680,378,770,0,20
681,386,770,0,11
682,384,767,0,19
683,382,767,0,24
684,382,764,0,29
685,387,759,0,37
686,392,758,0,53
687,392,763,0,63
688,394,763,0,65
689,402,768,0,58
690,400,768,0,69
691,399,766,0,79
692,401,765,0,88
693,400,763,0,86
694,402,763,0,87
695,412,759,0,82
696,419,752,0,86
697,423,747,0,80
698,424,741,0,85
699,428,739,0,84
700,430,739,0,70
701,431,742,0,66
702,433,745,0,69
703,434,745,0,85
704,434,745,0,76
705,435,743,0,87
706,441,743,0,94
707,441,742,0,95
708,442,739,0,89
709,442,739,0,84
710,444,742,0,78
711,440,741,0,69
712,439,740,0,74
713,445,742,0,68
714,446,743,0,68
715,445,744,0,64
716,444,743,0,60
717,445,741,0,69
718,446,739,0,58
719,446,740,0,43
720,445,742,0,34
721,444,741,0,38
722,443,740,0,34
723,442,737,0,33
724,442,737,0,30
725,441,736,0,30
726,440,736,0,23
727,438,734,0,22
728,438,734,0,22
729,441,733,0,15
730,441,732,0,10
731,440,732,0,9
732,442,733,0,4
733,444,733,0,5
734,446,733,0,3
735,446,734,0,1
736,450,735,0,8
737,451,738,0,16
738,450,740,0,26
739,449,741,0,31
740,448,744,0,34
741,447,745,0,42
742,448,744,0,47
743,450,743,0,50
744,453,749,0,59
745,455,755,0,64
746,452,766,0,64
747,451,770,0,56
748,450,776,0,52
749,445,783,0,54
750,442,789,0,54
751,444,792,0,59
752,447,796,0,68
753,447,794,0,70
754,444,787,0,52
755,440,786,0,44
756,435,786,0,36
757,430,791,0,24
758,427,793,0,9
759,421,796,0,7
760,414,792,0,6
761,412,793,0,4
762,410,793,0,7
763,409,792,0,5
764,407,792,0,5
765,406,793,0,5
766,404,792,0,7
767,402,793,0,7
768,400,795,0,4
769,398,796,0,3
770,396,796,0,359
771,395,797,0,359
772,392,796,0,356
773,390,796,0,357
774,389,791,0,358
775,383,791,0,343
776,386,790,0,343
778,370,779,0,324
779,364,774,0,330
780,353,777,0,323
781,352,776,0,332
782,355,768,0,332
783,344,761,0,335
784,330,755,0,342
785,323,754,0,345
786,313,752,0,349
787,312,752,0,355
788,309,755,0,347
789,303,757,0,350
790,298,754,0,359
791,292,751,0,356
792,288,753,0,359
793,287,753,0,356
794,289,753,0,353
795,291,752,0,349
796,288,752,0,353
797,283,752,0,352
798,280,748,0,351
799,277,747,0,348
800,274,747,0,348
801,269,746,0,347
802,264,746,0,340
803,262,746,0,341
804,261,745,0,339
805,259,745,0,332
806,257,744,0,330
807,255,740,0,338
808,254,736,0,327
809,251,735,0,325
810,250,734,0,323
811,249,734,0,326
812,249,734,0,329
813,246,733,0,329
814,242,732,0,328
815,240,733,0,328
816,241,730,0,328
817,239,730,0,331
818,237,728,0,331
819,241,730,0,327
820,238,730,0,324
821,236,730,0,320
822,236,728,0,317
823,236,727,0,322
824,233,729,0,327
825,231,725,0,330
826,232,725,0,342
827,235,720,0,331
828,231,723,0,327
829,232,725,0,320
830,232,728,0,318
835,229,722,0,283
836,232,720,0,274
837,233,714,0,275
838,234,708,0,276
839,235,705,0,275
840,235,703,0,268
841,238,697,0,271
842,236,695,0,272
843,235,696,0,276
844,236,696,0,279
845,237,698,0,283
846,235,697,0,282
847,234,692,0,278
848,233,688,0,279
849,233,688,0,282
850,233,685,0,283
851,232,684,0,287
852,232,684,0,286
853,231,684,0,289
854,232,685,0,289
855,233,686,0,290
856,232,684,0,289
857,234,688,0,289
858,235,690,0,290
859,235,689,0,291
860,237,689,0,293
861,238,690,0,293
862,238,689,0,294
863,238,689,0,294
864,238,687,0,294
865,238,687,0,296
866,237,686,0,297
867,236,686,0,296
868,237,686,0,296
869,238,686,0,297
870,238,687,0,298
871,238,688,0,299
872,237,686,0,297
873,237,685,0,296
874,234,678,0,297
875,233,678,0,300
876,233,678,0,302
877,233,678,0,301
878,232,678,0,304
879,231,678,0,304
880,231,679,0,306
881,231,679,0,305
882,232,679,0,305
883,232,679,0,298
884,234,683,0,297
885,236,688,0,300
886,238,690,0,297
887,241,695,0,300
888,244,698,0,303
889,246,701,0,302
890,246,702,0,300
891,245,703,0,308
892,243,702,0,310
893,240,701,0,306
894,241,702,0,308
895,240,702,0,305
896,238,700,0,299
897,237,699,0,295
898,237,699,0,296
899,235,699,0,291
900,236,700,0,296
901,236,699,0,291
902,236,698,0,287
903,235,697,0,285
904,234,697,0,283
905,233,695,0,287
906,233,695,0,281
907,232,696,0,278
908,236,699,0,286
909,237,699,0,299
910,235,698,0,294
911,233,693,0,283
912,234,693,0,282
913,233,690,0,279
914,232,689,0,282
915,232,688,0,284
916,232,687,0,290
917,233,687,0,292
918,232,682,0,292
919,231,682,0,292
920,233,684,0,296
921,238,690,0,296
922,239,690,0,298
923,240,690,0,299
924,239,688,0,301
925,239,686,0,303
927,233,672,0,277
928,232,675,0,290
929,231,675,0,285
930,231,673,1,267
931,231,673,1,270
932,232,674,1,268
933,232,673,1,258
934,232,673,1,256
935,233,673,1,256
936,231,677,0,276
937,231,678,0,252
938,232,676,0,289
939,229,672,0,300
940,229,675,0,289
941,232,677,0,300
942,232,676,0,306
943,232,677,0,300
944,233,679,0,301
945,234,679,0,300
946,235,682,0,301
947,236,683,0,304
948,236,682,0,301
949,239,686,0,297
950,243,690,0,301
951,243,696,0,304
952,242,696,0,301
953,239,695,0,292
954,238,693,0,280
955,237,687,0,273
956,237,675,0,261
957,241,666,0,256
958,238,660,0,256
959,244,660,0,254
960,243,658,0,252
961,243,656,0,250
962,244,653,0,254
963,244,650,0,254
964,245,648,0,257
965,245,648,0,261
966,244,649,0,257
967,244,650,0,247
968,244,650,0,243
969,244,649,0,246
970,244,648,0,245
971,245,648,0,245
972,245,649,0,248
973,245,648,0,242
974,244,650,0,247
975,245,649,0,252
976,244,650,0,247
977,244,650,0,244
978,244,650,0,239
979,244,651,0,238
980,244,651,0,238
981,244,651,0,238
982,241,651,0,239
983,241,651,0,234
984,244,650,0,235
985,244,650,0,235
986,245,649,0,235
987,244,650,0,234
988,244,650,0,234
989,244,650,0,237
990,244,650,0,238
991,243,650,0,238
992,243,649,0,236
993,243,649,0,234
994,243,649,0,237
995,243,649,0,235
996,242,649,0,232
997,241,650,0,234
998,241,650,0,233
999,241,651,0,233
1000,241,651,0,233
1001,242,650,0,234
1002,243,650,0,232
1003,243,650,0,233
1004,244,651,0,229
1005,243,652,0,226
1006,242,652,0,226
1007,241,652,0,225
1008,240,651,0,227
1009,240,650,0,226
1010,241,652,0,229
1011,241,652,0,227
1012,242,654,0,229
1013,245,656,0,233
1014,247,658,0,231
1015,248,658,0,233
1016,249,656,0,232
1017,250,655,0,230
1018,253,652,0,230
1019,259,650,0,235
1020,267,650,0,236
1021,267,651,0,241
1022,268,650,0,242
1023,269,645,0,251
1024,276,640,0,255
1025,276,637,0,256
1026,276,637,0,252
1027,274,634,0,247
1028,274,631,0,247
1029,274,629,0,246
1030,274,628,0,246
1031,274,628,0,245
1032,277,623,0,240
1033,277,621,0,237
1034,277,620,0,239
1035,277,622,0,236
1036,273,629,0,240
1037,272,631,0,252
1038,272,634,0,256
1039,272,631,0,265
1040,271,628,0,272
1041,270,626,0,279
1042,268,622,0,279
1043,269,620,0,277
1044,269,615,0,277
1045,269,613,0,276
1046,269,614,0,279
1047,269,614,0,280
1048,270,617,0,292
1049,269,618,0,299
1050,281,627,0,304
1051,278,624,0,324
1052,277,623,0,316
1053,274,622,0,322
1054,272,621,0,317
1055,271,622,0,316
1056,269,621,0,317
1057,266,618,0,318
1058,265,614,0,313
1059,264,609,0,300
1060,263,604,0,300
1061,261,601,0,297
1062,256,597,0,298
1063,253,597,0,300
1064,250,595,0,303
1065,247,593,0,299
1066,245,592,0,302
1067,242,588,0,293
1068,239,586,0,285
1069,238,584,0,286
1070,238,577,0,287
1071,235,578,0,285
1072,235,577,0,286
1073,235,579,0,282
1074,232,576,0,282
1075,232,576,0,278
1076,231,574,0,275
1077,231,576,0,278
1078,231,577,0,276
1079,231,578,0,277
1080,232,578,0,277
1081,237,577,0,299
1082,240,580,0,312
1083,240,582,0,325
1084,236,585,0,339
1085,231,588,0,344
1086,229,587,0,351
1087,233,586,0,0
1088,235,585,0,4
1089,235,586,0,1
1090,238,586,0,4
1091,235,588,0,4
1092,235,589,0,7
1093,233,592,0,4
1094,232,592,0,358
1095,234,592,0,353
1096,235,592,0,330
1097,233,588,0,322
1098,234,583,0,322
1099,240,584,0,300
1100,240,585,0,289
1101,241,582,0,278
1102,242,576,0,265
1103,244,576,0,251
1104,245,573,0,239
1105,249,577,0,230
1106,255,578,0,225
1107,259,575,0,224
1108,260,574,0,217
1109,260,572,0,219
1110,260,571,0,223
1111,258,571,0,225
1112,257,570,0,216
1113,255,571,0,203
1114,258,572,0,196
1115,258,573,0,193
1116,260,574,0,194
1117,260,575,0,179
1118,261,574,0,178
1119,264,572,0,164
1120,265,572,0,162
1121,266,574,0,165
1122,267,574,0,166
1123,268,575,0,166
1124,268,575,0,166
1125,268,575,0,163
1126,268,575,0,163
1127,266,574,0,162
1128,263,575,0,164
1129,262,576,0,172
1130,259,576,0,155
1131,262,579,0,147
1132,259,581,0,145
1133,261,589,0,142
1134,261,591,0,138
1135,260,591,0,135
1136,261,595,0,115
1137,261,598,0,98
1138,260,603,0,92
1139,260,609,0,100
1140,261,612,0,106
1141,260,616,0,103
1142,261,618,0,103
1143,263,621,0,102
1144,263,622,0,102
1145,262,626,0,92
1146,261,627,0,87
1147,259,627,0,86
1148,258,627,0,88
1149,259,628,0,85
1150,259,629,0,86
1151,260,630,0,89
1152,261,632,0,82
1153,260,635,0,82
1154,261,637,0,85
1155,260,637,0,87
1156,257,630,0,90
1157,258,632,0,91
1158,257,632,0,86
1159,257,631,0,79
1160,257,631,0,69
1161,257,629,0,62
1162,258,629,0,54
1163,259,630,0,50
1164,257,630,0,56
1165,254,633,0,59
1166,252,637,0,59
1167,251,638,0,66
1168,251,635,0,56
1169,251,629,0,42
1170,252,623,0,41
1171,252,623,0,57
1172,245,623,0,58
1173,243,622,0,64
1174,244,620,0,46
1175,243,621,0,47
1176,243,615,0,42
1177,243,615,0,55
1178,245,613,0,44
1179,244,615,0,33
1180,241,615,0,26
1181,237,617,0,24
1182,233,622,0,28
1183,231,626,0,31
1184,229,629,0,37
1185,225,631,0,49
1186,217,627,0,57
1187,213,627,0,60
1188,210,628,0,64
1189,207,631,0,64
1190,208,632,0,60
1191,208,631,0,60
1192,207,632,0,60
1193,204,638,0,64
1194,202,638,0,60
1195,199,640,0,52
1196,196,645,0,52
1197,195,648,0,52
1198,193,649,0,50
1199,189,650,0,46
1200,187,654,0,59
1201,185,654,0,59
1202,183,654,0,58
1203,183,656,0,60
1204,182,659,0,60
1205,181,662,0,57
1206,181,661,0,52
1207,179,663,0,55
1208,182,658,0,51
1209,181,659,0,53
1210,179,666,0,60
1212,178,671,0,73
1213,173,670,0,70
1214,174,671,0,68
1215,177,670,0,74
1216,177,669,1,66
1217,177,669,1,49
1218,176,671,0,74
1219,176,671,0,74
1220,175,670,0,74
1221,178,670,0,79
1222,177,671,0,59
1223,177,672,0,60
1224,179,666,0,49
1225,177,665,0,64
1226,177,665,0,58
1227,182,663,0,35
1228,184,663,0,37
1229,183,661,0,42
1230,187,658,0,45
1231,190,654,0,36
1232,192,651,0,49
1233,189,644,0,59
1234,190,641,0,55
1235,189,640,0,54
1236,188,638,0,34
1237,184,639,0,30
1238,180,639,0,23
1239,179,639,0,21
1240,179,639,0,21
1241,179,640,0,26
1242,180,641,0,31
1243,177,641,0,27
1244,176,642,0,24
1245,171,645,0,28
1246,165,647,0,29
1247,163,648,0,21
1248,162,648,0,22
1249,161,648,0,23
1250,160,649,0,28
1251,159,650,0,26
1252,162,651,0,17
1253,158,651,0,17
1254,158,651,0,22
1257,152,655,1,45
1258,153,656,1,39
1259,152,655,1,55
1260,153,655,1,54
1261,153,656,1,31
1262,153,656,1,55
1263,153,655,1,57
1264,153,655,1,49
1265,154,656,1,58
1266,154,656,1,61
1267,154,656,1,53
1268,152,654,1,41
1269,152,653,1,46
1270,154,654,1,35
1271,157,654,1,17
1272,156,653,0,11
1273,161,650,0,357
1274,159,651,0,33
1275,163,653,0,16
1276,167,654,0,12
1277,169,656,0,6
1278,172,658,0,1
1279,179,652,0,7
1280,178,649,0,0
1281,174,645,0,342
1282,168,643,0,338
1283,165,643,0,336
1284,164,643,0,339
1285,170,648,0,349
1286,172,650,0,0
1287,173,652,0,20
1288,173,656,0,35
1289,173,658,0,45
1290,173,659,0,43
1291,169,662,0,53
1292,164,663,0,54
1293,158,665,0,57
1294,157,668,0,58
1295,155,671,0,56
1296,155,672,0,54
1297,155,673,0,54
1298,155,673,0,52
1299,156,673,0,51
1300,154,674,0,51
1301,155,674,0,50
1302,155,674,0,50
1303,158,670,0,53
1304,155,675,0,54
1305,155,675,0,52
1306,155,675,0,52
1307,155,675,0,50
1308,155,675,0,49
1309,155,676,0,49
1310,157,674,0,49
1311,163,668,0,51
1312,161,668,0,54
1313,160,662,0,67
1314,162,661,0,78
1315,163,664,0,80
1316,163,664,0,84
1317,164,664,0,88
1318,164,663,0,86
1319,165,662,0,87
1320,164,660,0,94
1321,162,661,0,98
1322,160,666,0,96
1323,161,672,0,99
1324,163,678,0,104
1325,165,680,0,101
1326,164,681,0,106
1327,163,682,0,107
1328,163,683,0,108
1329,163,684,0,108
1330,162,685,0,110
1331,161,686,0,110
1332,161,686,0,113
1333,162,687,0,113
1334,162,686,0,114
1335,161,686,0,111
1336,161,686,0,108
1337,160,687,0,112
1338,159,689,0,105
1339,159,689,0,115
1340,160,690,0,128
1341,161,689,0,128
1342,161,682,0,115
1343,162,680,0,113
1344,165,683,0,111
1345,165,684,0,103
1346,165,689,0,98
1347,166,691,0,99
1348,169,696,0,99
1349,170,699,0,102
1350,172,700,0,102
1351,171,703,0,106
1352,169,706,0,101
1353,170,708,0,102
1354,167,708,0,105
1355,164,708,0,107
1356,167,711,0,105
1357,165,714,0,100
1358,164,717,0,102
1359,162,721,0,100
1360,162,725,0,93
1361,161,729,0,92
1362,160,732,0,82
1363,157,739,0,76
1364,160,745,0,75
1365,157,747,0,72
1366,156,749,0,69
1367,158,742,0,63
1368,156,740,0,45
1369,154,740,0,36
1370,156,741,0,27
1371,155,739,0,19
1372,155,737,0,4
1373,152,737,0,355
1374,153,740,0,346
1375,154,739,0,341
1376,157,739,0,330
1377,158,737,0,325
1378,158,739,0,317
1379,161,742,0,315
1380,161,740,0,310
1381,161,737,0,308
1382,162,736,0,305
1383,168,740,0,298
1384,171,740,0,299
1385,173,742,0,284
1386,176,733,0,283
1387,175,731,0,278
1388,174,731,0,275
1389,175,728,0,272
1390,174,724,0,265
1391,171,720,0,265
1392,174,714,0,261
1393,177,711,0,260
1394,176,707,0,258
1395,174,704,0,250
1396,176,705,0,252
1397,178,704,0,247
1398,179,702,0,244
1399,181,699,0,234
1400,183,699,0,231
1401,182,697,0,236
1402,180,696,0,244
1403,180,695,0,245
1404,184,697,0,226
1405,186,697,0,224
1406,187,695,0,225
1407,187,695,0,223
1408,186,697,0,225
1409,184,700,0,228
1410,181,701,0,245
1411,180,697,0,250
1412,180,692,0,251
1413,180,689,0,247
1414,181,685,0,249
1415,183,681,0,245
1416,185,678,0,244
1417,186,674,0,241
1418,190,669,0,248
1419,192,665,0,242
1420,192,662,0,238
1421,192,660,0,237
1422,196,659,0,235
1423,199,656,0,236
1424,199,653,0,238
1425,200,651,0,239
1426,200,652,0,238
1427,200,651,0,241
1428,199,652,0,248
1429,197,652,0,253
1430,195,649,0,256
1431,194,648,0,257
1432,194,648,0,254
1433,193,647,0,246
1434,193,644,0,234
1435,197,644,0,230
1436,203,644,0,212
1437,206,644,0,206
1438,212,648,0,196
1439,217,648,0,188
1440,221,649,0,181
1441,225,651,0,178
1442,228,652,0,180
1443,231,652,0,181
1444,235,650,0,181
1445,235,648,0,182
1446,234,647,0,191
1447,234,648,0,180
1448,234,650,0,171
1449,233,650,0,176
1450,233,651,0,179
1451,233,652,0,171
1452,235,652,0,177
1453,236,652,0,175
1454,237,651,0,181
1455,242,652,0,172
1456,244,654,0,171
1457,246,656,0,162
1458,253,660,0,154
1459,262,661,0,155
1460,269,663,0,156
1461,273,664,0,165
1462,277,660,0,169
1463,282,657,0,175
1464,283,656,0,174
1465,278,661,0,175
1466,283,657,0,180
1467,284,657,0,180
1468,283,658,0,182
1469,283,656,0,187
1470,287,654,0,195
1471,288,652,0,198
1472,295,646,0,197
1473,298,645,0,197
1474,299,643,0,203
1475,302,643,0,218
1476,305,642,0,207
1477,311,636,0,209
1478,319,630,0,202
1479,327,627,0,207
1480,334,626,0,199
1481,339,626,0,193
1482,348,626,0,195
1483,353,623,0,190
1484,356,620,0,193
1485,362,619,0,200
1486,359,618,0,214
1487,371,613,0,228
1488,373,602,0,233
1489,377,598,0,223
1490,391,587,0,221
1491,395,588,0,198
1492,403,583,0,209
1493,409,577,0,218
1494,413,570,0,207
1495,421,566,0,218
1496,421,563,0,222
1497,431,562,0,217
1498,446,565,0,185
1499,452,563,0,186
1500,466,559,0,183
1501,480,556,0,196
1502,494,557,0,175
1503,507,552,0,178
1504,524,545,0,187
1505,547,542,0,190
1506,556,535,0,199
1507,563,535,0,183
1508,577,527,0,181
1509,582,529,0,186
1510,596,533,0,171
1511,614,534,0,193
1512,625,529,0,204
1513,636,521,0,176
1514,642,520,0,176
1515,651,522,0,184
1516,646,526,0,178
1517,643,522,0,197
1518,640,519,0,201
1519,638,517,0,199
1520,636,517,0,191
1521,641,512,0,191
1522,645,513,0,189
1523,648,515,0,161
1524,654,519,0,160
1525,659,519,0,161
1526,662,522,0,152
1527,669,525,0,155
1528,674,528,0,154
1529,677,533,0,151
1530,676,535,0,148
1531,675,537,0,149
1532,676,539,0,150
1533,681,540,0,151
1534,682,538,0,149
1535,682,539,0,145
1536,679,538,0,151
1537,678,540,0,151
1538,678,540,0,152
1539,678,540,0,152
1540,678,540,0,152
1541,678,540,0,151
1542,680,540,0,149
1543,683,544,0,149
1544,684,546,0,154
1545,684,544,0,152
1546,683,544,0,164
1547,684,542,0,181
1548,686,541,0,194
1549,688,541,0,202
1550,691,537,0,207
1551,692,534,0,208
1552,697,530,0,212
1553,700,525,0,215
1554,710,522,0,219
1555,712,521,0,223
1556,709,518,0,238
1557,706,516,0,237
1558,706,513,0,244
1559,703,512,0,247
1560,701,507,0,256
1561,700,503,0,255
1562,699,500,0,251
1563,702,498,0,250
1564,703,493,0,243
1565,707,488,0,256
1566,707,482,0,246
1567,710,477,0,249
1568,715,473,0,243
1569,723,469,0,248
1570,720,465,0,240
1571,718,464,0,232
1572,717,465,0,238
1573,717,463,0,231
1574,717,461,0,222
1575,718,460,0,217
1576,722,454,0,232
1577,721,450,0,232
1578,721,448,0,246
1579,720,447,0,252
1580,721,445,0,256
1581,722,446,0,259
1582,722,446,0,259
1583,723,443,0,258
1584,722,441,0,257
1585,723,438,0,257
1586,722,432,0,261
1587,723,426,0,263
1588,722,424,0,260
1589,722,427,0,265
1590,720,433,0,276
1591,720,441,0,270
1592,721,445,0,269
1593,722,445,0,269
1594,720,440,0,268
1595,720,436,0,260
1596,722,436,0,253
1597,728,439,0,252
1598,732,447,0,263
1599,745,453,0,275
1600,741,456,0,274
1601,744,459,0,276
1602,743,457,0,279
1603,742,454,0,282
1604,741,453,0,285
1605,743,457,0,274
1606,744,459,0,270
1607,745,459,0,270
1608,747,463,0,268
1609,746,464,0,264
1610,744,463,0,257
1611,740,463,0,257
1612,740,463,0,261
1613,736,461,0,258
1614,732,459,0,252
1615,731,457,0,253
1616,733,455,0,256
1617,734,453,0,259
1618,733,451,0,263
1619,733,449,0,265
1620,731,449,0,270
1621,729,450,0,273
1622,728,448,0,274
1623,726,449,0,278
1624,724,449,0,282
1625,724,448,0,283
1626,724,448,0,285
1627,723,447,0,286
1628,723,447,0,292
1629,721,445,0,294
1630,720,444,0,296
1631,720,444,0,297
1632,720,445,0,297
1633,719,445,0,299
1634,723,446,0,301
1635,724,446,0,295
1636,724,447,0,289
1637,721,446,0,283
1638,718,443,0,286
1639,715,443,0,287
1640,710,442,0,278
1641,711,439,0,275
1642,713,438,0,276
1643,712,438,0,276
1644,713,437,0,273
1645,712,436,0,268
1646,708,436,0,263
1647,707,434,0,261
1648,706,433,0,262
1649,706,433,0,262
1650,706,432,0,259
1651,708,431,0,260
1652,707,431,0,259
1653,707,430,0,260
1654,706,429,0,262
1655,705,428,0,265
1656,704,428,0,267
1657,704,428,0,267
1658,706,427,0,266
1659,707,426,0,262
1660,707,426,0,261
1661,707,426,0,261
1662,707,426,0,260
1663,707,426,0,261
1664,708,426,0,261
1665,708,425,0,261
1666,709,424,0,262
1667,710,425,0,260
1668,711,425,0,257
1669,711,424,0,258
1670,711,424,0,259
1671,710,423,0,256
1672,710,424,0,247
1673,709,424,0,236
1674,707,431,0,239
1675,705,432,0,238
1676,705,431,0,240
1677,706,428,0,245
1678,705,425,0,241
1679,704,422,0,245
1680,704,423,0,255
1681,703,427,0,257
1682,699,431,0,251
1683,698,430,0,244
1684,699,430,0,242
1685,700,429,0,243
1686,699,436,0,239
1687,701,435,0,246
1688,701,433,0,245
1689,703,435,0,250
1690,704,435,0,252
1691,704,435,0,253
1692,705,433,0,255
1693,705,430,0,259
1694,705,429,0,264
1695,704,426,0,263
1696,705,425,0,265
1697,705,426,0,266
1698,704,425,0,266
1699,704,424,0,267
1700,704,424,0,266
1701,704,423,0,267
1702,704,423,0,265
1703,704,423,0,265
1704,704,423,0,263
1705,704,423,0,264
1706,704,422,0,262
1707,704,422,0,262
1708,704,422,0,263
1709,704,423,0,264
1710,704,423,0,266
1711,704,423,0,265
1712,704,423,0,264
1713,703,426,0,262
1714,705,429,0,261
1715,705,431,0,260
1716,704,435,0,260
1717,705,439,0,255
1718,704,443,0,254
1719,704,445,0,252
1720,703,445,0,253
1721,702,444,0,255
1722,702,443,0,256
1723,701,444,0,254
1724,701,444,0,255
1725,701,444,0,255
1726,701,444,0,257
1727,699,444,0,260
1728,698,445,0,261
1729,698,445,0,263
1730,698,445,0,262
1731,697,444,0,261
1732,697,444,0,260
1733,696,444,0,260
1734,697,445,0,258
1735,698,445,0,256
1736,698,444,0,258
1737,698,444,0,258
1738,698,444,0,258
1739,698,443,0,258
1740,697,443,0,258
1741,698,443,0,257
1742,698,442,0,254
1743,698,441,0,256
1744,699,441,0,258
1745,699,441,0,258
1746,700,440,0,259
1747,699,440,0,259
1748,701,442,0,258
1749,704,443,0,258
1750,705,441,0,257
1751,706,440,0,257
1752,706,440,0,257
1753,705,440,0,257
1754,705,440,0,257
1755,705,438,0,254
1756,704,437,0,254
1757,704,436,0,252
1758,704,435,0,254
1759,703,433,0,256
1760,703,432,0,256
1761,704,431,0,254
1762,704,431,0,253
1763,704,430,0,253
1764,704,429,0,252
1765,704,429,0,253
1766,704,428,0,256
1767,703,426,0,256
1768,703,425,0,255
1769,702,425,0,255
1770,702,424,0,253
1771,703,423,0,250
1772,704,423,0,251
1773,704,422,0,250
1774,705,422,0,250
1775,705,422,0,251
1776,706,423,0,253
1777,706,423,0,253
1778,706,423,0,253
1779,706,423,0,253
1780,706,423,0,254
1781,706,423,0,253
1782,706,423,0,254
1783,706,423,0,254
1784,706,423,0,255
1785,706,423,0,256
1786,706,423,0,256
1787,706,423,0,256
1788,706,424,0,257
1789,707,425,0,259
1790,708,426,0,261
1791,707,427,0,262
1792,707,428,0,263
1793,707,429,0,262
1794,708,432,0,262
1795,710,434,0,260
1796,710,434,0,259
1797,710,434,0,256
1798,710,434,0,258
1799,709,434,0,256
1800,708,433,0,251
1801,708,432,0,251
1802,709,431,0,251
1803,709,429,0,251
1804,709,428,0,251
1805,709,428,0,251
1806,709,428,0,251
1807,708,427,0,252
1808,708,427,0,252
1809,708,428,0,254
1810,708,428,0,255
1811,708,428,0,257
1812,707,428,0,253
1813,707,427,0,251
1814,707,427,0,250
1815,707,426,0,250
1816,708,427,0,254
1817,708,427,0,254
1818,709,427,0,255
1819,708,427,0,255
1820,708,427,0,255
1821,706,426,0,254
1822,706,426,0,254
1823,706,425,0,256
1824,706,424,0,257
1825,706,424,0,255
1826,706,424,0,254
1827,707,424,0,254
1828,707,424,0,253
1829,707,424,0,254
1830,707,423,0,253
1831,707,423,0,253
1832,707,423,0,252
1833,707,423,0,253
1834,707,423,0,255
1835,707,424,0,254
1836,707,424,0,253
1837,707,424,0,252
1838,707,423,0,253
1839,707,424,0,253
1840,707,424,0,253
1841,706,424,0,253
1842,706,424,0,252
1843,706,423,0,252
1844,707,424,0,252
1845,707,423,0,253
1846,707,424,0,254
1847,708,424,0,259
1848,708,425,0,261
1849,708,427,0,264
1850,706,427,0,263
1851,706,427,0,262
1852,706,427,0,261
1853,706,427,0,261
1854,706,427,0,261
1855,707,426,0,261
1856,707,426,0,260
1857,708,425,0,259
1858,705,425,0,258
1859,704,425,0,259
1860,703,425,0,259
1861,702,425,0,258
1862,701,425,0,260
1863,700,427,0,264
1864,697,429,0,264
1865,697,429,0,266
1866,699,429,0,261
1867,700,429,0,260
1868,700,429,0,262
1869,699,429,0,262
1870,698,429,0,269
1871,696,428,0,268
1872,695,427,0,266
1873,694,427,0,264
1874,694,427,0,266
1875,691,429,0,271
1876,691,434,0,281
1877,690,441,0,289
1878,690,447,0,292
1879,691,449,0,291
1880,690,449,0,291
1881,690,449,0,290
1882,690,448,0,289
1883,690,448,0,286
1884,690,448,0,285
1885,689,448,0,279
1886,689,446,0,275
1887,689,445,0,275
1888,689,444,0,276
1889,688,442,0,277
1890,690,442,0,277
1891,690,441,0,275
1892,690,441,0,274
1893,690,441,0,274
1894,690,440,0,275
1895,689,440,0,277
1896,689,440,0,277
1897,690,439,0,280
1898,690,439,0,280
1899,689,439,0,279
1900,689,439,0,280
1901,689,438,0,281
1902,689,438,0,280
1903,689,438,0,279
1904,689,438,0,279
1905,689,436,0,280
1906,689,435,0,280
1907,689,435,0,279
1908,689,435,0,280
1909,690,435,0,279
1910,690,435,0,281
1911,690,435,0,281
1912,690,435,0,281
1913,690,434,0,282
1914,690,434,0,282
1915,690,434,0,282
1916,690,434,0,283
1917,690,434,0,283
1918,690,435,0,283
1919,690,434,0,284
1920,690,434,0,284
1921,690,435,0,284
1922,689,434,0,281
1923,690,433,0,280
1924,689,432,0,277
1925,689,433,0,277
1926,689,433,0,278
1927,689,433,0,278
1928,689,433,0,278
1929,689,433,0,278
1930,689,432,0,277
1931,689,432,0,278
1932,690,433,0,283
1933,690,429,0,282
1934,689,428,0,273
1935,688,429,0,266
1936,687,428,0,256
1937,686,429,0,249
1938,686,427,0,245
1939,687,425,0,238
1940,688,424,0,235
1941,686,424,0,235
1942,687,423,0,236
1943,688,423,0,232
1944,690,421,0,228
1945,691,420,0,228
1946,691,420,0,228
1947,695,420,0,228
1948,695,420,0,229
1949,695,422,0,227
1950,694,423,0,224
1951,696,425,0,227
1952,697,424,0,225
1953,697,423,0,226
1954,695,421,0,227
1955,696,420,0,225
1956,696,421,0,227
1957,696,420,0,230
1958,699,419,0,232
1959,700,418,0,233
1960,699,418,0,233
1961,698,418,0,231
1962,698,418,0,230
1963,699,417,0,231
1964,699,417,0,230
1965,700,416,0,231
1966,700,417,0,236
1967,700,418,0,235
1968,702,419,0,234
1969,702,421,0,229
1970,701,422,0,226
1971,699,429,0,229
1972,688,445,0,238
1973,680,453,0,228
1974,676,459,0,229
1975,675,460,0,227
1976,677,461,0,229
1977,680,464,0,222
1978,676,462,0,221
1979,673,463,0,213
1980,670,465,0,205
1981,669,464,0,185
1982,672,466,0,195
1983,673,466,0,197
1984,678,469,0,204
1985,679,471,0,210
1986,680,469,0,199
1987,676,469,0,195
1988,678,467,0,196
1989,678,466,0,206
1990,678,464,0,212
1991,678,461,0,212
1992,679,460,0,218
1993,682,455,0,226
1994,685,453,0,235
1995,684,452,0,242
1996,686,454,0,244
1997,686,453,0,246
1998,685,452,0,254
1999,684,453,0,259
2000,685,450,0,260
2001,681,447,0,254
2002,679,444,0,258
2003,676,441,0,258
2004,674,441,0,259
2005,672,439,0,264
2006,670,437,0,258
2007,669,435,0,257
2008,667,435,0,255
2009,665,434,0,256
2010,664,431,0,254
2011,663,430,0,255
2012,662,430,0,253
2013,661,430,0,248
2014,661,429,0,246
2015,661,429,0,241
2016,662,429,0,236
2017,663,429,0,240
2018,664,431,0,236
2019,665,431,0,234
2020,666,431,0,236
2021,666,432,0,239
2022,665,433,0,239
2023,664,434,0,238
2024,663,433,0,237
2025,661,434,0,237
2026,660,433,0,245
2027,661,432,0,247
2028,662,433,0,243
2029,663,433,0,240
2030,664,433,0,235
2031,665,433,0,234
2032,666,434,0,235
2033,666,435,0,240
2034,665,435,0,253
2035,663,433,0,256
2036,661,431,0,256
2037,661,431,0,256
2038,659,430,0,258
2039,658,431,0,265
2040,657,430,0,264
2041,656,429,0,266
2042,655,430,0,265
2043,654,430,0,263
2044,654,431,0,259
2045,654,432,0,254
2046,653,432,0,252
2047,653,432,0,245
2048,654,433,0,236
2049,657,433,0,230
2050,658,433,0,222
2051,658,435,0,218
2052,657,436,0,222
2053,657,436,0,226
2054,657,434,0,228
2055,659,430,0,229
2056,659,427,0,227
2057,659,424,0,219
2058,662,422,0,216
2059,664,421,0,218
2060,669,417,0,212
2061,670,414,0,214
2062,672,414,0,215
2063,675,412,0,216
2064,677,411,0,219
2065,676,411,0,220
2066,674,414,0,221
2067,671,415,0,222
2068,671,413,0,220
2069,673,413,0,220
2070,673,412,0,216
2071,674,411,0,219
2072,677,409,0,223
2073,680,408,0,223
2074,680,409,0,226
2075,679,408,0,230
2076,679,407,0,231
2077,680,407,0,230
2078,679,407,0,230
2079,677,409,0,231
2080,676,413,0,223
2081,677,413,0,215
2082,676,414,0,215
2083,678,414,0,216
2084,679,413,0,217
2085,679,412,0,218
2086,681,412,0,218
2087,682,411,0,220
2088,682,410,0,226
2089,681,408,0,229
2090,680,407,0,232
2091,679,407,0,237
2092,679,407,0,235
2093,678,408,0,231
2094,678,409,0,231
2095,679,410,0,229
2096,679,410,0,227
2097,679,411,0,228
2098,679,410,0,227
2099,679,409,0,229
2100,679,409,0,230
2101,679,408,0,232
2102,679,409,0,230
2103,681,410,0,232
2104,681,413,0,225
2105,680,416,0,219
2106,680,420,0,215
2107,679,422,0,212
2108,667,424,0,212
2109,664,429,0,224
2110,662,428,0,220
2111,661,428,0,214
2112,659,428,0,211
2113,658,428,0,210
2114,661,428,0,207
2115,662,431,0,208
2116,659,431,0,199
2117,653,432,0,196
2118,652,432,0,191
2119,647,434,0,184
2120,648,436,0,175
2121,648,441,0,184
2122,643,441,0,188
2123,643,442,0,190
2124,644,442,0,194
2125,645,441,0,192
2126,645,441,0,191
2127,646,440,0,182
2128,648,440,0,174
2129,647,441,0,174
2130,646,444,0,171
2131,648,448,0,170
2132,648,449,0,169
2133,647,450,0,167
2134,647,450,0,166
2135,650,452,0,167
2136,649,451,0,173
2137,647,450,0,182
2138,648,448,0,197
2139,648,448,0,198
2140,647,447,0,202
2141,647,446,0,199
2142,647,446,0,196
2143,649,445,0,189
2144,649,445,0,191
2145,648,444,0,195
2146,648,444,0,191
2147,649,444,0,188
2148,650,444,0,192
2149,651,443,0,195
2150,649,444,0,191
2151,648,445,0,191
2152,641,449,0,176
2153,642,456,0,171
2154,638,457,0,183
2155,635,460,0,184
2156,634,459,0,195
2157,635,456,0,193
2158,633,459,0,186
2159,632,459,0,187
2160,631,461,0,194
2161,627,459,0,191
2162,624,458,0,184
2163,620,457,0,175
2164,619,457,0,169
2165,618,456,0,164
2166,616,457,0,172
2167,619,460,0,194
2168,618,456,0,194
2169,617,453,0,205
2170,616,452,0,215
2171,619,449,0,230
2172,624,446,0,246
2173,626,448,0,254
2174,625,448,0,257
2175,624,447,0,261
2176,623,443,0,265
2177,623,442,0,279
2178,622,442,0,279
2179,623,443,0,274
2180,621,443,0,273
2181,621,443,0,265
2182,621,442,0,260
2183,621,442,0,257
2184,623,440,0,248
2185,625,441,0,241
2186,632,443,0,234
2187,635,441,0,237
2188,637,440,0,238
2189,638,439,0,236
2190,638,440,0,234
2191,641,438,0,231
2192,641,438,0,228
2193,643,436,0,227
2194,645,434,0,227
2195,647,428,0,229
2196,648,425,0,234
2197,647,424,0,238
2198,645,422,0,242
2199,645,422,0,239
2200,648,424,0,231
2201,648,423,0,232
2202,648,424,0,232
2203,649,426,0,242
2204,647,424,0,238
2205,648,425,0,232
2206,649,426,0,224
2207,649,424,0,223
2208,651,422,0,219
2209,653,421,0,221
2210,652,419,0,217
2211,656,417,0,228
2212,659,416,0,225
2213,657,415,0,225
2214,657,413,0,225
2215,657,412,0,221
2216,657,411,0,221
2217,659,409,0,224
2218,663,406,0,227
2219,661,406,0,224
2220,663,406,0,224
2221,663,406,0,222
2222,664,406,0,225
2223,665,406,0,225
2224,666,405,0,226
2225,671,402,0,227
2226,672,403,0,227
2227,673,403,0,227
2228,673,403,0,226
2229,673,404,0,228
2230,671,408,0,236
2231,669,411,0,231
2232,669,411,0,225
2233,669,411,0,224
2234,668,411,0,224
2235,668,412,0,220
2236,668,412,0,219
2237,669,411,0,220
2238,670,409,0,221
2239,670,407,0,224
2240,670,407,0,228
2241,670,406,0,227
2242,669,408,0,225
2243,667,414,0,222
2244,664,415,0,224
2245,663,414,0,229
2246,662,415,0,225
2247,660,416,0,223
2248,660,417,0,220
2249,661,416,0,220
2250,661,416,0,220
2251,662,416,0,222
2252,661,416,0,223
2253,659,416,0,223
2254,660,416,0,227
2255,659,416,0,227
2256,659,417,0,224
2257,662,416,0,216
2258,663,416,0,215
2259,663,417,0,215
2260,662,418,0,217
2261,661,419,0,217
2262,659,420,0,225
2263,658,420,0,229
2264,657,421,0,236
2265,655,421,0,237
2266,655,421,0,232
2267,656,421,0,231
2268,655,421,0,231
2269,654,421,0,230
2270,653,421,0,232
2271,651,421,0,235
2272,649,422,0,242
2273,648,425,0,234
2274,650,426,0,229
2275,650,426,0,228
2276,650,426,0,228
2277,650,425,0,224
2278,651,424,0,222
2279,653,423,0,223
2280,653,422,0,221
2281,653,421,0,222
2282,654,419,0,223
2283,655,417,0,223
2284,655,416,0,225
2285,655,416,0,225
2286,656,416,0,223
2287,656,416,0,223
2288,656,416,0,222
2289,657,416,0,222
2290,657,416,0,223
2291,657,416,0,222
2292,656,416,0,221
2293,657,416,0,220
2294,656,415,0,220
2295,656,416,0,218
2296,656,416,0,217
2297,657,416,0,216
2298,658,416,0,216
2299,659,415,0,219
2300,660,414,0,222
2301,662,412,0,224
2302,662,412,0,225
2303,663,411,0,226
2304,663,411,0,226
2305,662,412,0,225
2306,663,412,0,224
2307,662,413,0,223
2308,664,415,0,216
2309,664,416,0,211
2310,666,422,0,207
2311,668,425,0,207
2312,670,424,0,206
2313,670,423,0,205
2314,670,424,0,204
2315,671,428,0,200
2316,674,429,0,197
2317,676,426,0,204
2318,676,426,0,208
2319,677,427,0,213
2320,676,426,0,216
2321,677,424,0,216
2322,678,421,0,215
2323,679,421,0,218
2324,680,418,0,217
2325,680,416,0,218
2326,681,415,0,220
2327,680,414,0,222
2328,679,414,0,221
2329,678,414,0,224
2330,679,414,0,223
2331,679,414,0,223
2332,680,412,0,225
2333,681,410,0,221
2334,679,412,0,212
2335,678,413,0,209
2336,678,413,0,210
2337,677,413,0,214
2338,677,412,0,216
2339,677,414,0,217
2340,675,417,0,221
2341,674,416,0,217
2342,674,417,0,219
2343,674,416,0,218
2344,675,414,0,222
2345,677,412,0,224
2346,677,412,0,226
2347,679,412,0,222
2348,680,411,0,225
2349,680,412,0,227
2350,681,411,0,229
2351,681,412,0,229
2352,680,412,0,226
2353,681,412,0,228
2354,682,411,0,230
2355,682,411,0,231
2356,681,412,0,230
2357,681,413,0,234
2358,680,414,0,230
2359,679,414,0,226
2360,679,413,0,225
2361,678,414,0,224
2362,678,415,0,221
2363,678,415,0,216
2364,676,416,0,214
2365,673,418,0,211
2366,670,420,0,208
2367,664,423,0,208
2368,661,427,0,217
2369,659,430,0,224
2370,661,428,0,222
2371,662,427,0,223
2372,661,427,0,224
2373,658,426,0,233
2374,654,427,0,238
2375,653,427,0,247
2376,654,427,0,257
2377,652,427,0,261
2378,651,427,0,263
2379,650,427,0,262
2380,649,426,0,261
2381,649,426,0,259
2382,648,426,0,260
2383,648,426,0,256
2384,649,426,0,253
2385,651,427,0,248
2386,652,427,0,244
2387,652,426,0,243
2388,652,427,0,242
2389,651,426,0,244
2390,651,426,0,246
2391,651,425,0,245
2392,651,425,0,243
2393,651,427,0,234
2394,649,428,0,235
2395,649,428,0,236
2396,649,429,0,230
2397,650,430,0,224
2398,650,430,0,230
2399,652,430,0,234
2400,654,429,0,243
2401,654,430,0,251
2402,654,430,0,253
2403,653,432,0,256
2404,652,433,0,261
2405,651,433,0,262
2406,649,432,0,267
2407,648,431,0,267
2408,650,433,0,274
2409,648,433,0,288
2410,646,432,0,292
2411,645,432,0,289
2412,644,433,0,288
2413,640,435,0,300
2414,638,436,0,300
2415,634,442,0,308
2416,632,449,0,313
2417,632,448,0,314
2418,635,447,0,311
2419,637,446,0,309
2420,637,445,0,300
2421,637,444,0,296
2422,636,444,0,300
2423,635,446,0,304
2424,636,450,0,313
2425,637,450,0,312
2426,636,448,0,309
2427,636,446,0,305
2428,636,446,0,287
2429,635,447,0,276
2430,637,445,0,270
2431,637,445,0,267
2432,635,444,0,259
2433,635,443,0,240
2434,639,446,0,233
2435,640,447,0,231
2436,640,446,0,233
2437,641,444,0,226
2438,645,443,0,222
2439,646,440,0,220
2440,646,438,0,222
2441,647,437,0,223
2442,648,438,0,223
2443,647,436,0,227
2444,647,436,0,225
2445,643,438,0,223
2446,640,442,0,218
2447,639,442,0,219
2448,638,442,0,220
2449,638,443,0,217
2450,637,444,0,216
2451,635,445,0,209
2452,632,447,0,204
2453,635,448,0,198
2454,637,448,0,193
2455,636,448,0,178
2456,635,449,0,160
2457,636,454,0,156
2458,637,457,0,163
2459,636,460,0,167
2460,634,464,0,174
2461,636,465,0,174
2462,641,468,0,165
2463,643,469,0,169
2464,642,469,0,171
2465,641,470,0,169
2466,642,471,0,172
2467,639,471,0,176
2468,633,472,0,163
2469,633,473,0,163
2470,632,472,0,175
2471,633,472,0,190
2472,635,471,0,199
2473,637,468,0,206
2474,638,467,0,211
2475,640,463,0,221
2476,643,458,0,232
2477,643,455,0,235
2478,644,453,0,240
2479,643,452,0,243
2480,643,450,0,239
2481,643,447,0,233
2482,643,447,0,234
2483,643,445,0,241
2484,643,445,0,242
2485,644,443,0,241
2486,645,444,0,243
2487,647,443,0,242
2488,648,437,0,233
2489,648,436,0,235
2490,647,434,0,234
2491,646,433,0,239
2492,647,430,0,240
2493,649,430,0,243
2494,651,430,0,237
2495,654,431,0,237
2496,655,431,0,244
2497,654,427,0,242
2498,653,422,0,241
2499,653,422,0,242
2500,652,424,0,243
2501,651,424,0,239
2502,656,422,0,238
2503,659,418,0,236
2504,661,417,0,237
2505,661,425,0,224
2506,662,421,0,219
2507,665,422,0,221
2508,669,422,0,217
2509,673,422,0,219
2510,674,417,0,216
2511,676,414,0,220
2512,676,412,0,225
2513,679,408,0,228
2514,680,409,0,223
2515,681,408,0,226
2516,680,407,0,227
2517,682,405,0,225
2518,683,405,0,225
2519,683,407,0,220
2520,684,408,0,218
2521,684,410,0,217
2522,681,414,0,217
2523,680,414,0,217
2524,678,414,0,221
2525,677,413,0,223
2526,677,413,0,221
2527,677,413,0,222
2528,677,412,0,223
2529,678,412,0,223
2530,678,411,0,223
2531,679,409,0,225
2532,679,409,0,224
2533,680,407,0,225
2534,681,406,0,225
2535,679,407,0,225
2536,679,407,0,226
2537,680,406,0,228
2538,678,407,0,230
2539,677,405,0,229
2540,676,405,0,233
2541,676,403,0,233
2542,675,403,0,229
2543,675,403,0,228
2544,675,403,0,226
2545,675,404,0,224
2546,674,406,0,223
2547,675,406,0,221
2548,675,406,0,219
2549,675,407,0,216
2550,675,407,0,216
2551,674,405,0,216
2552,675,403,0,215
2553,674,402,0,216
2554,675,402,0,220
2555,675,402,0,222
2556,675,404,0,222
2557,673,403,0,223
2558,673,402,0,224
2559,673,402,0,225
2560,671,401,0,225
2561,668,403,0,225
2562,666,405,0,227
2563,666,407,0,226
2564,663,411,0,229
2565,662,413,0,232
2566,660,416,0,241
2567,659,417,0,239
2568,659,417,0,241
2569,659,417,0,243
2570,658,417,0,243
2571,659,415,0,239
2572,660,413,0,240
2573,660,413,0,248
2574,654,414,0,255
2575,653,413,0,251
2576,653,412,0,244
2577,655,410,0,233
2578,656,412,0,226
2579,659,412,0,219
2580,660,412,0,221
2581,660,413,0,220
2582,660,414,0,219
2583,660,413,0,221
2584,661,412,0,220
2585,661,413,0,217
2586,662,415,0,205
2587,663,416,0,205
2588,662,417,0,217
2589,663,418,0,219
2590,663,419,0,219
2591,662,419,0,220
2592,661,426,0,214
2593,661,427,0,215
2594,660,428,0,218
2595,657,430,0,221
2596,654,431,0,221
2597,654,431,0,232
2598,655,428,0,250
2599,655,425,0,256
2600,655,423,0,255
2601,656,422,0,254
2602,655,423,0,253
2603,655,422,0,247
2604,655,420,0,244
2605,655,419,0,240
2606,655,419,0,231
2607,655,418,0,232
2608,656,417,0,228
2609,657,416,0,224
2610,657,414,0,219
2611,659,412,0,214
2612,660,414,0,210
2613,659,415,0,209
2614,658,415,0,214
2615,660,414,0,217
2616,659,417,0,212
2617,660,417,0,209
2618,661,416,0,208
2619,662,415,0,214
2620,663,416,0,211
2621,661,418,0,206
2622,661,418,0,208
2623,662,417,0,210
2624,661,418,0,209
2625,662,417,0,211
2626,659,419,0,214
2627,655,422,0,220
2628,654,424,0,229
2629,653,427,0,230
2630,651,426,0,242
2631,653,424,0,251
2632,655,421,0,252
2633,654,419,0,250
2634,650,418,0,254
2635,647,417,0,258
2636,645,413,0,269
2637,644,409,0,288
2638,639,411,0,292
2639,642,406,0,301
2640,644,399,0,313
2641,639,399,0,311
2642,632,397,0,298
2643,630,394,0,290
2644,627,394,0,286
2645,624,394,0,282
2646,625,397,0,278
2647,622,396,0,279
2648,617,393,0,275
2649,614,395,0,266
2650,607,398,0,258
2651,601,397,0,248
2652,601,395,0,237
2653,598,393,0,235
2654,596,392,0,225
2655,596,389,0,221
2656,593,386,0,214
2657,592,383,0,197
2658,591,382,0,174
2659,595,384,0,158
2660,601,385,0,150
2661,605,386,0,156
2662,606,388,0,158
2663,608,391,0,154
2664,608,394,0,147
2665,608,398,0,140
2666,608,399,0,137
2667,608,400,0,141
2668,607,400,0,138
2669,611,402,0,137
2670,614,403,0,141
2671,617,406,0,142
2672,618,406,0,146
2673,618,408,0,148
2674,620,409,0,145
2675,621,409,0,145
2676,621,410,0,144
2677,622,410,0,138
2678,622,411,0,140
2679,622,412,0,140
2680,622,412,0,135
2681,622,411,0,131
2682,624,410,0,127
2683,626,408,0,120
2684,626,411,0,114
2685,625,415,0,109
2686,623,417,0,108
2687,624,419,0,106
2688,624,420,0,104
2689,624,421,0,101
2690,625,421,0,101
2691,625,416,0,108
2692,624,414,0,106
2693,621,413,0,107
2694,625,414,0,107
2695,624,414,0,103
2696,624,417,0,92
2697,622,418,0,82
2698,620,419,0,74
2699,620,420,0,72
2700,618,420,0,73
2701,617,418,0,64
2702,615,419,0,57
2703,616,418,0,44
2704,614,418,0,35
2705,612,418,0,29
2706,611,417,0,26
2707,608,412,0,18
2708,605,410,0,11
2709,603,414,0,1
2710,602,416,0,357
2711,600,413,0,358
2712,598,413,0,358
2713,599,415,0,359
2714,596,418,0,356
2715,596,419,0,350
2716,597,416,0,346
2717,598,416,0,345
2718,601,415,0,331
2719,606,417,0,321
2720,607,416,0,313
2721,608,417,0,304
2722,609,417,0,301
2723,608,415,0,299
2724,608,414,0,296
2725,606,414,0,290
2726,605,412,0,290
2727,605,411,0,289
2728,605,409,0,296
2729,604,410,0,289
2730,603,409,0,289
2731,602,407,0,283
2732,601,405,0,283
2733,601,402,0,279
2734,600,402,0,273
2735,600,405,0,262
2736,601,405,0,255
2737,602,404,0,245
2738,603,403,0,237
2739,605,401,0,228
2740,604,404,0,221
2741,606,404,0,216
2742,607,402,0,209
2743,613,398,0,208
2744,615,398,0,214
2745,615,398,0,209
2746,615,398,0,202
2747,615,398,0,197
2748,615,398,0,197
2749,615,399,0,203
2750,615,400,0,206
2751,615,400,0,202
2752,617,398,0,205
2753,619,397,0,208
2754,623,394,0,206
2755,626,392,0,209
2756,630,392,0,200
2757,634,392,0,201
2758,632,398,0,189
2759,633,400,0,184
2760,635,398,0,192
2761,635,398,0,196
2762,636,396,0,197
2763,638,398,0,193
2764,641,399,0,197
2765,644,398,0,193
2766,645,396,0,196
2767,646,395,0,205
2768,646,393,0,208
2769,646,391,0,207
2770,649,390,0,206
2771,652,389,0,211
2772,653,388,0,211
2773,654,387,0,207
2774,654,385,0,210
2775,654,385,0,214
2776,655,380,0,219
2777,655,378,0,221
2778,657,380,0,217
2779,658,380,0,215
2780,658,377,0,215
2781,660,375,0,217
2782,658,377,0,217
2783,657,378,0,218
2784,657,382,0,221
2785,657,387,0,224
2786,658,397,0,218
2787,656,400,0,217
2788,651,399,0,229
2789,652,402,0,221
2790,652,403,0,220
2791,654,407,0,214
2792,656,409,0,216
2793,656,409,0,211
2794,657,408,0,210
2795,663,414,0,205
2796,664,414,0,203
2797,666,416,0,207
2798,670,414,0,202
2799,675,414,0,196
2800,679,414,0,201
2801,683,413,0,199
2802,683,414,0,203
2803,684,419,0,205
2804,685,420,0,202
2805,687,418,0,211
2806,684,419,0,208
2807,684,421,0,208
2808,683,420,0,211
2809,684,417,0,211
2810,689,415,0,220
2811,692,412,0,223
2812,695,410,0,226
2813,694,412,0,228
2814,694,409,0,230
2815,691,410,0,226
2816,693,414,0,231
2817,695,415,0,227
2818,698,414,0,227
2819,698,415,0,226
2820,697,415,0,225
2821,694,414,0,221
2822,689,412,0,211
2823,685,414,0,209
2824,682,411,0,198
2825,682,409,0,190
2826,684,411,0,169
2827,682,417,0,173
2828,686,421,0,165
2829,692,422,0,163
2830,694,423,0,163
2831,699,420,0,160
2832,696,424,0,158
2833,700,427,0,157
2834,701,428,0,160
2835,702,424,0,159
2836,692,427,0,163
2837,687,422,0,158
2838,687,424,0,171
2839,687,419,0,168
2840,684,421,0,184
2841,682,419,0,191
2842,678,419,0,192
2843,676,420,0,199
2844,673,420,0,205
2845,675,414,0,209
2846,676,412,0,212
2847,679,410,0,205
2848,681,415,0,200
2849,685,412,0,191
2850,686,415,0,194
2851,686,415,0,198
2852,685,414,0,205
2853,683,411,0,207
2854,683,411,0,211
2855,682,409,0,208
2856,682,405,0,208
2857,681,408,0,209
2858,679,410,0,200
2859,679,413,0,198
2860,680,415,0,205
2861,678,410,0,209
2862,676,416,0,208
2863,678,417,0,190
2864,678,418,0,186
2865,668,417,0,210
2866,663,418,0,206
2867,664,418,0,212
2868,663,416,0,216
2869,663,416,0,215
2870,665,413,0,218
2871,667,408,0,215
2872,670,404,0,216
2873,673,405,0,206
2874,683,404,0,202
2875,689,407,0,204
2876,690,407,0,203
2877,690,402,0,196
2878,689,402,0,198
2879,688,402,0,201
2880,687,405,0,212
2881,688,406,0,213
2882,683,408,0,210
2883,683,412,0,211
2884,679,414,0,206
2885,681,415,0,207
2886,681,412,0,208
2887,681,413,0,207
2888,680,417,0,203
2889,682,417,0,194
2890,673,422,0,191
2891,672,419,0,192
2892,672,420,0,196
2893,671,421,0,195
2894,670,422,0,196
2895,666,423,0,200
2896,666,421,0,200
2897,669,420,0,188
2898,673,422,0,188
2899,672,423,0,190
2900,673,422,0,192
2901,673,421,0,196
2902,670,419,0,191
2903,669,421,0,192
2904,672,421,0,194
2905,673,421,0,195
2906,674,422,0,197
2907,670,418,0,198
2908,669,422,0,196
2909,669,431,0,196
2910,662,429,0,209
2911,659,429,0,194
2912,658,427,0,180
2913,657,429,0,180
2914,658,433,0,195
2915,656,433,0,204
2916,654,434,0,211
2917,652,431,0,212
2918,652,433,0,230
2919,649,432,0,229
2920,653,431,0,216
2921,654,435,0,215
2922,654,436,0,216
2923,653,436,0,215
2924,654,434,0,213
2925,655,433,0,214
2926,655,434,0,210
2927,659,432,0,212
2928,661,430,0,216
2929,659,432,0,214
2930,661,432,0,213
2931,653,435,0,206
2932,649,437,0,207
2933,648,437,0,206
2934,646,439,0,198
2935,644,441,0,205
2936,641,447,0,224
2937,641,448,0,229
2938,641,451,0,232
2939,649,450,0,247
2940,655,451,0,245
2941,649,450,0,255
2942,650,451,0,254
2943,648,451,0,255
2944,644,453,0,263
2945,641,445,0,269
2946,641,436,0,257
2947,642,437,0,258
2948,644,436,0,240
2949,647,432,0,237
2950,655,433,0,223
2951,655,430,0,221
2952,651,428,0,217
2953,650,428,0,211
2954,652,427,0,213
2955,654,429,0,215
2956,652,432,0,209
2957,649,435,0,211
2958,648,437,0,212
2959,650,437,0,205
2960,647,437,0,199
2961,647,434,0,207
2962,646,428,0,208
2963,646,428,0,215
2964,649,418,0,219
2965,657,418,0,220
2966,663,421,0,221
2967,666,418,0,224
2968,666,410,0,229
2969,671,410,0,232
2970,672,406,0,225
2971,672,409,0,224
2972,672,409,0,218
2973,670,407,0,216
2974,669,405,0,220
2975,666,404,0,228
2976,660,406,0,231
2977,658,407,0,229
2978,660,405,0,225
2979,662,404,0,222
2980,664,404,0,228
2981,660,403,0,233
2982,658,403,0,230
2983,659,401,0,224
2984,661,403,0,220
2985,663,402,0,217
2986,664,403,0,217
2987,665,401,0,219
2988,664,398,0,220
2989,662,396,0,223
2990,662,392,0,225
2991,663,391,0,225
2992,663,393,0,220
2993,662,395,0,218
2994,663,395,0,214
2995,662,392,0,220
2996,659,395,0,214
2997,656,400,0,213
2998,651,398,0,201
2999,646,399,0,208
