94,368,1969,0,171
95,366,1973,0,152
96,367,1972,0,155
100,364,1967,0,177
101,365,1966,0,184
108,365,1969,0,340
109,364,1969,0,338
110,367,1970,0,343
111,372,1973,0,352
112,371,1974,0,359
113,366,1974,0,359
114,360,1974,0,0
115,358,1971,0,354
116,356,1971,0,358
117,355,1972,0,3
118,360,1972,0,7
119,367,1971,0,13
120,366,1969,0,10
121,359,1969,0,2
122,358,1970,0,6
123,356,1969,0,11
124,355,1969,0,13
125,363,1970,0,13
126,363,1973,0,24
127,360,1978,0,35
128,357,1985,0,42
129,357,1992,0,39
130,359,1994,0,39
131,369,1996,0,46
132,378,1997,0,52
133,378,2000,0,63
134,378,1998,0,62
135,375,1997,0,56
136,377,1997,0,60
137,382,1994,0,61
138,387,1987,0,63
139,388,1985,0,63
140,389,1985,0,62
141,389,1985,0,60
142,386,1986,0,59
143,388,1988,0,61
144,388,1990,0,66
145,387,1991,0,66
146,390,1992,0,62
147,390,1994,0,60
148,389,1995,0,56
149,390,1995,0,51
150,391,1997,0,47
151,391,1996,0,45
152,394,1998,0,41
153,395,2000,0,35
154,394,2003,0,32
155,392,2006,0,29
156,393,2007,0,31
157,392,2010,0,28
158,394,2009,0,22
159,393,2009,0,22
160,392,2009,0,23
161,391,2010,0,21
162,385,2012,0,21
163,383,2013,0,19
164,380,2013,0,23
165,391,2010,0,28
166,391,2013,0,28
167,391,2014,0,24
168,393,2014,0,29
169,393,2015,0,36
170,395,2020,0,44
171,397,2024,0,48
172,396,2026,0,50
173,395,2027,0,54
174,397,2025,0,61
175,400,2025,0,64
176,403,2028,0,62
177,403,2030,0,58
178,402,2029,0,60
179,404,2028,0,59
180,404,2028,0,61
181,404,2029,0,64
182,403,2029,0,64
183,403,2031,0,63
184,404,2032,0,65
185,406,2031,0,69
186,408,2030,0,76
187,406,2031,0,76
188,408,2033,0,69
189,406,2039,0,62
190,403,2045,0,68
191,399,2051,0,62
192,396,2060,0,65
193,392,2062,0,66
194,392,2066,0,72
195,392,2066,0,74
196,389,2067,0,75
197,390,2072,0,66
198,387,2078,0,72
199,386,2081,0,72
200,385,2078,0,58
201,381,2081,0,50
202,378,2084,0,54
203,377,2087,0,51
204,374,2088,0,53
205,373,2089,0,58
206,368,2091,0,45
207,364,2094,0,37
208,360,2098,0,37
209,355,2100,0,30
210,352,2099,0,33
211,344,2096,0,36
212,340,2098,0,29
213,334,2099,0,23
214,336,2098,0,27
215,337,2097,0,18
216,332,2096,0,9
217,327,2095,0,12
218,321,2095,0,11
219,316,2092,0,3
220,312,2093,0,358
221,309,2087,0,343
222,309,2088,0,340
223,311,2084,0,334
224,310,2079,0,331
225,304,2077,0,324
226,303,2072,0,325
227,298,2071,0,335
228,292,2067,0,337
229,286,2064,0,348
230,280,2061,0,354
231,279,2064,0,356
232,277,2070,0,5
233,280,2070,0,4
234,279,2067,0,332
235,282,2058,0,321
236,286,2056,0,310
237,287,2055,0,302
238,288,2054,0,299
239,287,2052,0,293
240,286,2054,0,287
241,286,2057,0,276
242,288,2066,0,263
243,292,2060,0,244
244,297,2055,0,248
245,299,2053,0,246
246,299,2054,0,262
247,300,2054,0,269
248,300,2054,0,264
249,301,2054,0,263
250,301,2054,0,260
251,302,2056,0,241
252,312,2052,0,223
253,313,2051,0,223
254,313,2051,0,187
255,316,2053,0,197
256,321,2052,0,197
257,322,2052,0,196
258,323,2052,0,201
259,325,2051,0,203
260,326,2049,0,207
261,325,2048,0,211
262,321,2051,0,218
263,321,2049,0,224
264,322,2046,0,225
265,318,2050,0,229
266,315,2051,0,240
267,312,2052,0,255
268,309,2050,0,265
269,307,2049,0,264
270,306,2050,0,273
271,303,2051,0,276
272,303,2051,0,275
273,303,2052,0,282
274,305,2057,0,299
275,302,2057,0,310
276,299,2059,0,317
277,298,2058,0,319
278,298,2057,0,320
279,297,2059,0,319
280,290,2062,0,323
281,285,2060,0,330
282,282,2060,0,332
283,280,2063,0,335
284,281,2064,0,332
285,279,2063,0,331
286,275,2061,0,339
287,273,2060,0,340
288,271,2059,0,342
289,271,2059,0,343
290,272,2058,0,345
291,274,2059,0,344
292,277,2058,0,346
293,278,2061,0,349
294,279,2061,0,8
295,279,2061,0,19
296,279,2065,0,21
297,280,2066,0,25
298,281,2065,0,30
299,280,2064,0,32
300,280,2066,0,38
301,282,2073,0,39
302,278,2076,0,42
303,275,2079,0,45
304,271,2084,0,51
305,266,2088,0,51
306,265,2090,0,50
307,264,2092,0,60
308,260,2096,0,57
309,259,2097,0,54
310,258,2097,0,39
311,252,2096,0,26
312,245,2094,0,14
313,240,2094,0,5
314,234,2091,0,352
315,229,2087,0,350
316,226,2083,0,346
317,225,2078,0,343
318,225,2077,0,344
319,224,2079,0,352
320,223,2080,0,357
321,217,2080,0,1
322,212,2082,0,3
323,207,2083,0,16
324,207,2085,0,20
325,205,2087,0,20
326,204,2088,0,17
327,204,2088,0,20
328,203,2088,0,20
329,200,2087,0,14
330,198,2087,0,9
331,197,2088,0,8
332,193,2089,0,8
333,189,2087,0,4
334,184,2090,0,357
335,181,2093,0,351
336,178,2091,0,347
337,184,2094,0,358
338,180,2096,0,5
339,179,2098,0,11
340,179,2099,0,23
341,183,2096,0,39
342,192,2095,0,51
343,195,2094,0,59
344,197,2094,0,66
345,199,2093,0,71
346,202,2095,0,72
347,205,2097,0,75
348,204,2102,0,71
349,202,2105,0,57
350,198,2107,0,50
351,195,2109,0,44
352,190,2109,0,35
353,183,2111,0,26
354,181,2107,0,14
355,177,2108,0,14
356,177,2108,0,16
357,178,2106,0,19
358,177,2107,0,16
359,175,2106,0,11
360,174,2105,0,12
361,175,2106,0,12
362,174,2107,0,13
363,171,2108,0,13
364,167,2107,0,5
365,161,2106,0,354
366,160,2107,0,352
367,157,2105,0,352
368,150,2099,0,344
369,150,2098,0,346
370,149,2100,0,352
371,150,2099,0,357
372,147,2098,0,358
373,146,2097,0,357
374,147,2098,0,0
375,147,2097,0,358
376,143,2097,0,0
377,141,2098,0,1
378,142,2099,0,6
379,140,2100,0,8
380,137,2102,0,27
381,132,2100,0,20
382,129,2102,0,20
383,127,2101,0,20
384,126,2101,0,23
385,125,2100,0,23
386,126,2098,0,24
387,127,2098,0,27
388,126,2098,0,27
389,131,2096,0,43
390,134,2096,0,51
391,136,2097,0,60
392,135,2100,0,71
393,134,2103,0,72
394,133,2106,0,78
395,133,2107,0,87
396,131,2114,0,102
397,133,2118,0,109
398,133,2118,0,110
399,133,2117,0,111
400,131,2118,0,111
401,133,2118,0,107
402,134,2120,0,105
403,134,2119,0,109
404,132,2119,0,113
405,130,2117,0,111
406,132,2119,0,95
407,131,2120,0,94
408,131,2121,0,94
409,132,2122,0,90
410,133,2120,0,85
411,134,2122,0,81
412,132,2118,0,70
413,130,2117,0,66
414,128,2116,0,63
415,128,2115,0,65
416,125,2115,0,57
417,125,2114,0,53
418,125,2116,0,52
419,125,2117,0,46
420,126,2118,0,45
421,123,2118,0,44
422,121,2119,0,41
423,120,2121,0,41
424,119,2121,0,44
425,119,2120,0,46
426,117,2120,0,49
427,114,2119,0,52
428,112,2118,0,56
429,115,2119,0,53
430,114,2118,0,54
431,112,2118,0,57
432,115,2118,0,51
433,116,2120,0,49
434,115,2118,0,51
435,115,2118,0,50
436,115,2117,0,53
437,115,2116,0,53
438,116,2116,0,52
439,115,2118,0,51
440,115,2118,0,53
441,115,2119,0,51
442,115,2117,0,57
443,113,2117,0,59
444,113,2119,0,71
445,113,2120,0,79
446,114,2120,0,77
447,113,2125,0,77
448,112,2130,0,78
449,111,2135,0,75
450,111,2138,0,70
451,110,2138,0,55
452,108,2138,0,39
453,106,2137,0,33
454,103,2136,0,38
455,99,2138,0,34
456,102,2140,0,35
457,101,2139,0,32
458,100,2141,0,26
459,101,2136,0,18
460,99,2135,0,13
461,102,2130,0,6
462,98,2125,0,348
463,96,2123,0,345
464,92,2121,0,337
465,92,2120,0,332
466,92,2121,0,335
467,90,2121,0,341
468,92,2122,0,351
469,89,2125,0,4
470,86,2126,0,8
471,87,2126,0,8
472,86,2127,0,8
473,86,2127,0,8
474,90,2130,0,18
475,92,2130,0,29
476,94,2130,0,44
477,96,2132,0,54
478,95,2134,0,55
479,89,2139,0,74
480,87,2140,0,86
481,82,2141,0,96
482,81,2150,0,113
483,80,2157,0,132
484,83,2161,0,138
485,82,2161,0,137
486,81,2160,0,136
487,81,2160,0,139
488,81,2160,0,146
489,81,2161,0,153
490,80,2164,0,157
491,81,2164,0,160
492,85,2163,0,149
493,93,2163,0,149
494,97,2163,0,146
495,93,2165,0,155
496,96,2163,0,148
497,96,2164,0,146
498,97,2165,0,152
499,101,2166,0,155
500,106,2165,0,154
501,107,2165,0,155
502,109,2163,0,165
503,109,2161,0,174
504,110,2161,0,170
505,108,2160,0,174
506,111,2156,0,186
507,110,2156,0,181
508,113,2153,0,187
509,110,2153,0,188
510,111,2153,0,186
511,111,2153,0,185
512,111,2152,0,183
513,111,2150,0,188
514,110,2150,0,188
515,110,2151,0,188
516,111,2153,0,184
517,111,2152,0,184
518,111,2153,0,182
519,113,2153,0,186
520,112,2150,0,185
521,114,2150,0,185
522,116,2150,0,188
523,114,2150,0,187
524,115,2150,0,189
525,116,2147,0,191
526,118,2147,0,189
527,120,2145,0,190
528,123,2144,0,189
529,125,2144,0,189
530,125,2144,0,189
531,125,2144,0,189
532,126,2143,0,189
533,126,2143,0,187
534,126,2143,0,188
535,126,2144,0,191
536,126,2144,0,191
537,126,2144,0,191
538,125,2144,0,191
539,125,2145,0,192
540,125,2145,0,191
541,125,2145,0,191
542,125,2145,0,190
543,124,2146,0,188
544,124,2146,0,187
545,124,2146,0,185
546,125,2146,0,182
547,124,2146,0,183
548,125,2145,0,183
549,124,2144,0,186
550,125,2145,0,184
551,125,2144,0,185
552,126,2145,0,187
553,131,2144,0,199
554,132,2143,0,208
555,133,2142,0,207
556,134,2142,0,205
557,134,2145,0,210
558,135,2143,0,208
559,136,2143,0,206
560,138,2144,0,207
561,140,2143,0,208
562,145,2142,0,211
563,147,2140,0,212
564,148,2139,0,202
565,149,2139,0,209
566,149,2140,0,208
567,150,2140,0,208
568,150,2140,0,206
569,150,2141,0,215
570,146,2143,0,213
571,145,2143,0,211
572,144,2144,0,201
573,143,2142,0,202
574,142,2141,0,197
575,142,2141,0,199
576,144,2141,0,205
577,145,2141,0,203
578,144,2140,0,201
579,143,2140,0,199
580,143,2141,0,201
581,142,2141,0,198
582,142,2141,0,194
583,141,2141,0,193
584,141,2141,0,194
585,142,2140,0,195
586,141,2140,0,197
587,141,2140,0,198
588,141,2140,0,196
589,142,2141,0,196
590,141,2142,0,196
591,141,2142,0,194
592,141,2142,0,193
593,140,2141,0,196
594,141,2142,0,191
595,142,2142,0,195
596,141,2140,0,201
597,140,2141,0,204
598,141,2141,0,204
599,144,2141,0,208
600,145,2141,0,208
601,145,2141,0,211
602,145,2141,0,211
603,145,2140,0,210
604,145,2140,0,209
605,146,2140,0,210
606,147,2142,0,208
607,149,2144,0,210
608,148,2145,0,207
609,147,2145,0,211
610,146,2144,0,210
611,145,2143,0,212
612,146,2141,0,212
613,148,2140,0,209
614,149,2141,0,210
615,152,2139,0,209
616,153,2138,0,210
617,153,2139,0,208
618,153,2139,0,208
619,153,2140,0,207
620,153,2140,0,207
621,153,2140,0,207
622,153,2140,0,206
623,153,2139,0,207
624,153,2139,0,206
625,154,2140,0,207
626,154,2140,0,206
627,154,2140,0,208
628,150,2142,0,209
629,145,2143,0,213
630,143,2143,0,203
631,147,2144,0,190
632,148,2146,0,172
633,146,2148,0,159
634,148,2145,0,167
635,149,2143,0,166
636,151,2141,0,162
637,154,2140,0,148
638,154,2140,0,141
639,155,2138,0,139
640,154,2137,0,139
641,156,2138,0,132
642,156,2139,0,119
643,159,2144,0,108
644,158,2145,0,98
645,158,2147,0,90
646,162,2151,0,68
647,165,2154,0,44
648,167,2153,0,48
649,171,2151,0,47
650,173,2155,0,41
651,174,2155,0,39
652,175,2156,0,31
653,174,2154,0,18
654,170,2153,0,7
655,160,2152,0,2
656,155,2151,0,4
657,153,2150,0,1
658,155,2153,0,10
659,152,2154,0,9
660,149,2155,0,3
661,151,2156,0,1
662,150,2154,0,5
663,148,2153,0,5
664,147,2155,0,0
665,145,2154,0,1
666,140,2154,0,9
667,138,2155,0,12
668,133,2158,0,20
669,132,2157,0,19
670,130,2160,0,26
671,127,2162,0,23
672,128,2162,0,25
673,130,2161,0,29
674,130,2161,0,19
675,130,2160,0,3
676,131,2157,0,1
677,131,2153,0,350
678,129,2154,0,340
679,126,2156,0,348
680,127,2158,0,343
681,124,2157,0,339
682,124,2155,0,334
683,122,2158,0,330
684,122,2159,0,334
685,121,2159,0,331
686,124,2157,0,312
687,125,2153,0,302
688,126,2148,0,300
689,128,2141,0,301
690,127,2139,0,295
691,129,2136,0,280
692,127,2133,0,281
693,127,2129,0,278
694,128,2130,0,277
695,126,2126,0,281
696,127,2120,0,280
697,129,2117,0,287
698,129,2115,0,287
699,128,2114,0,286
700,130,2113,0,283
701,129,2111,0,282
702,129,2107,0,288
703,128,2105,0,285
704,127,2102,0,279
705,127,2098,0,278
706,126,2098,0,282
707,126,2096,0,283
708,123,2099,0,290
709,121,2099,0,297
710,119,2099,0,305
711,117,2101,0,314
712,117,2098,0,323
713,116,2101,0,328
714,114,2100,0,326
715,112,2101,0,324
716,116,2101,0,325
717,118,2104,0,326
718,118,2103,0,321
719,119,2104,0,323
720,118,2104,0,321
721,119,2105,0,322
722,118,2104,0,326
723,115,2103,0,316
724,115,2104,0,315
725,114,2103,0,318
726,114,2104,0,319
727,113,2103,0,315
728,113,2102,0,313
729,113,2102,0,316
730,113,2101,0,315
731,113,2101,0,316
732,113,2100,0,317
733,112,2099,0,317
734,112,2100,0,316
735,111,2100,0,315
736,111,2100,0,315
737,111,2101,0,315
738,111,2101,0,315
739,110,2101,0,319
740,112,2102,0,319
741,111,2101,0,315
742,112,2101,0,313
743,113,2101,0,314
744,113,2102,0,300
745,113,2100,0,308
746,113,2099,0,314
747,113,2100,0,313
748,112,2101,0,313
749,112,2101,0,312
750,112,2101,0,313
751,113,2102,0,313
752,113,2102,0,316
753,113,2102,0,314
754,113,2102,0,314
755,112,2100,0,313
756,112,2101,0,313
757,113,2100,0,315
758,112,2099,0,316
759,112,2099,0,316
760,112,2099,0,315
761,113,2099,0,316
762,114,2099,0,312
763,114,2098,0,312
764,114,2097,0,311
765,115,2098,0,310
766,114,2098,0,313
767,115,2099,0,315
768,114,2100,0,317
769,114,2099,0,318
770,114,2099,0,317
771,114,2099,0,316
772,114,2099,0,316
773,113,2099,0,316
774,113,2098,0,315
775,113,2098,0,317
776,114,2099,0,316
777,114,2099,0,314
778,114,2098,0,316
779,114,2099,0,314
780,114,2099,0,314
781,114,2098,0,315
782,114,2099,0,314
783,115,2100,0,309
784,115,2100,0,307
785,115,2101,0,303
786,113,2100,0,309
787,113,2100,0,311
788,113,2100,0,312
789,113,2100,0,310
790,113,2099,0,311
791,113,2099,0,312
792,113,2100,0,313
793,113,2099,0,310
794,112,2099,0,310
795,113,2099,0,312
796,112,2100,0,311
797,112,2099,0,311
798,112,2099,0,311
799,113,2100,0,311
800,112,2103,0,312
801,112,2104,0,317
802,113,2105,0,335
803,113,2102,0,339
804,110,2101,0,343
805,108,2101,0,350
806,107,2100,0,353
807,104,2097,0,348
808,103,2098,0,347
809,101,2097,0,352
810,101,2097,0,352
811,100,2097,0,352
812,100,2098,0,355
813,99,2097,0,355
814,101,2097,0,358
815,98,2096,0,353
816,97,2096,0,353
817,97,2096,0,354
818,98,2095,0,352
819,99,2095,0,352
820,98,2096,0,354
821,101,2097,0,358
822,104,2097,0,2
823,104,2095,0,2
824,104,2096,0,358
825,103,2095,0,354
826,101,2096,0,351
827,100,2096,0,350
828,100,2096,0,354
829,100,2096,0,356
830,101,2096,0,356
831,101,2096,0,356
832,101,2096,0,357
833,100,2096,0,356
834,100,2096,0,357
835,99,2096,0,356
836,98,2097,0,358
837,97,2096,0,357
838,97,2096,0,356
839,97,2096,0,356
840,97,2097,0,358
841,97,2097,0,357
842,97,2096,0,357
843,96,2097,0,356
844,97,2097,0,357
845,96,2097,0,357
846,96,2097,0,356
847,97,2097,0,357
848,97,2097,0,357
849,97,2096,0,356
850,96,2097,0,357
851,96,2097,0,357
852,96,2097,0,358
853,96,2097,0,359
854,97,2097,0,356
855,97,2098,0,357
856,98,2097,0,356
857,98,2098,0,358
858,98,2098,0,355
859,98,2098,0,352
860,98,2099,0,350
861,98,2098,0,353
862,99,2097,0,353
863,99,2096,0,355
864,99,2096,0,355
865,99,2096,0,356
866,99,2096,0,354
867,98,2096,0,355
868,98,2095,0,353
869,98,2095,0,354
870,98,2095,0,354
871,98,2095,0,352
872,98,2095,0,353
873,98,2095,0,354
874,98,2095,0,352
875,98,2095,0,353
876,98,2095,0,354
877,98,2095,0,355
878,98,2096,0,354
879,98,2095,0,356
880,98,2095,0,355
881,97,2096,0,355
882,98,2095,0,356
883,97,2096,0,355
884,98,2096,0,356
885,97,2095,0,356
886,98,2095,0,357
887,99,2097,0,357
888,99,2097,0,354
889,100,2097,0,351
890,100,2097,0,355
891,101,2095,0,358
892,100,2095,0,1
893,102,2093,0,359
894,102,2094,0,353
895,100,2095,0,354
896,101,2095,0,355
897,102,2095,0,359
898,103,2094,0,9
899,101,2094,0,16
900,100,2095,0,28
901,103,2096,0,45
902,103,2095,0,45
903,108,2095,0,47
904,104,2094,0,45
905,105,2094,0,54
906,107,2090,0,58
907,106,2086,0,62
908,106,2087,0,62
909,104,2084,0,69
910,101,2083,0,68
911,98,2084,0,79
912,95,2086,0,85
913,94,2087,0,87
914,96,2088,0,87
915,96,2088,0,89
916,95,2086,0,88
917,96,2087,0,86
918,96,2085,0,88
919,95,2084,0,91
920,94,2084,0,98
921,92,2085,0,107
922,90,2085,0,107
923,88,2083,0,105
924,88,2083,0,107
925,89,2084,0,104
926,89,2084,0,104
927,90,2083,0,95
928,91,2083,0,91
929,90,2083,0,99
930,88,2082,0,100
931,86,2083,0,109
932,85,2082,0,114
933,85,2082,0,114
934,85,2083,0,119
935,86,2083,0,111
936,85,2082,0,106
937,85,2082,0,107
938,85,2083,0,113
939,86,2084,0,119
940,87,2085,0,124
941,87,2086,0,124
942,86,2086,0,119
943,85,2085,0,120
944,86,2086,0,116
945,86,2084,0,107
946,86,2084,0,105
947,86,2085,0,105
948,86,2085,0,104
949,87,2085,0,99
950,88,2085,0,96
951,88,2085,0,98
952,88,2085,0,101
953,88,2085,0,101
954,87,2086,0,100
955,88,2086,0,99
956,87,2085,0,98
957,86,2085,0,100
958,86,2085,0,102
959,85,2085,0,108
960,86,2087,0,114
961,86,2089,0,122
962,86,2090,0,124
963,86,2089,0,128
964,89,2088,0,135
965,93,2089,0,140
966,94,2089,0,140
967,94,2088,0,136
968,94,2090,0,145
969,97,2094,0,154
970,99,2097,0,166
971,98,2097,0,167
972,97,2096,0,161
973,93,2096,0,155
974,90,2094,0,139
975,92,2092,0,128
976,92,2092,0,121
977,93,2092,0,112
978,95,2090,0,94
979,97,2089,0,80
980,96,2091,0,73
981,95,2093,0,67
982,97,2090,0,66
983,96,2090,0,63
984,94,2092,0,61
985,92,2093,0,60
986,89,2100,0,60
987,89,2100,0,60
988,88,2100,0,61
989,87,2101,0,60
990,86,2101,0,58
991,88,2101,0,58
992,90,2102,0,57
993,89,2103,0,59
994,89,2103,0,58
995,87,2106,0,55
996,89,2102,0,57
997,89,2101,0,58
998,90,2100,0,59
999,90,2100,0,57
1000,91,2099,0,57
1001,92,2100,0,55
1002,92,2100,0,40
1003,87,2101,0,33
1004,83,2099,0,14
1005,80,2098,0,6
1006,79,2098,0,359
1007,79,2091,0,1
1008,78,2091,0,354
1009,85,2090,0,346
1010,86,2088,0,336
1011,85,2087,0,318
1012,83,2086,0,309
1013,84,2085,0,298
1014,87,2084,0,304
1015,88,2086,0,307
1016,85,2088,0,311
1017,83,2085,0,309
1018,84,2086,0,303
1019,84,2087,0,295
1020,83,2088,0,289
1021,83,2088,0,291
1022,81,2089,0,286
1023,80,2088,0,287
1024,80,2087,0,286
1025,81,2088,0,287
1026,81,2087,0,287
1027,80,2086,0,288
1028,80,2089,0,282
1029,79,2092,0,281
1030,83,2096,0,275
1031,82,2092,0,266
1032,81,2090,0,248
1033,81,2088,0,237
1034,78,2086,0,239
1035,77,2083,0,238
1036,78,2083,0,238
1037,77,2081,0,232
1038,75,2080,0,231
1039,76,2079,0,230
1040,74,2079,0,231
1041,76,2078,0,240
1042,79,2075,0,238
1043,81,2073,0,239
1044,83,2070,0,238
1045,84,2069,0,240
1046,83,2071,0,238
1047,83,2070,0,239
1048,84,2066,0,234
1049,83,2064,0,224
1050,81,2064,0,217
1051,81,2063,0,210
1052,81,2062,0,214
1053,79,2065,0,213
1054,78,2067,0,213
1055,80,2065,0,220
1056,80,2065,0,219
1057,80,2066,0,219
1058,80,2066,0,219
1059,80,2066,0,216
1060,80,2065,0,213
1061,80,2066,0,211
1062,80,2066,0,210
1063,79,2065,0,213
1064,79,2066,0,213
1065,80,2065,0,210
1066,80,2064,0,212
1067,81,2063,0,209
1068,81,2063,0,208
1069,81,2062,0,210
1070,81,2063,0,210
1071,81,2063,0,208
1072,82,2064,0,209
1073,83,2064,0,207
1074,83,2063,0,209
1075,83,2063,0,207
1076,83,2063,0,206
1077,83,2062,0,208
1078,83,2061,0,214
1079,83,2061,0,216
1080,83,2062,0,217
1081,82,2062,0,216
1082,82,2063,0,216
1083,82,2063,0,216
1084,81,2064,0,218
1085,80,2063,0,217
1086,81,2064,0,217
1087,82,2064,0,219
1088,83,2064,0,221
1089,83,2064,0,221
1090,83,2064,0,223
1091,83,2065,0,222
1092,83,2066,0,225
1093,84,2065,0,226
1094,84,2065,0,227
1095,84,2065,0,226
1096,84,2065,0,225
1097,84,2065,0,227
1098,84,2065,0,226
1099,84,2065,0,226
1100,84,2063,0,221
1101,82,2061,0,208
1102,80,2062,0,208
1103,80,2062,0,212
1104,80,2064,0,211
1105,80,2063,0,209
1106,80,2063,0,207
1107,80,2063,0,208
1108,81,2062,0,211
1109,81,2062,0,210
1110,81,2062,0,212
1111,81,2062,0,210
1112,81,2062,0,210
1113,81,2062,0,209
1114,81,2062,0,210
1115,82,2062,0,209
1116,83,2062,0,210
1117,83,2062,0,208
1118,83,2062,0,212
1119,83,2063,0,211
1120,83,2063,0,211
1121,83,2063,0,214
1122,84,2063,0,210
1123,84,2063,0,216
1124,84,2063,0,214
1125,84,2064,0,212
1126,83,2064,0,211
1127,83,2063,0,209
1128,83,2064,0,210
1129,84,2063,0,209
1130,84,2063,0,209
1131,84,2062,0,210
1132,85,2062,0,209
1133,85,2062,0,212
1134,85,2062,0,211
1135,84,2061,0,207
1136,82,2062,0,203
1137,82,2062,0,204
1138,82,2063,0,204
1139,83,2063,0,202
1140,83,2063,0,203
1141,84,2062,0,202
1142,85,2061,0,205
1143,85,2061,0,206
1144,85,2060,0,208
1145,85,2061,0,209
1146,86,2061,0,209
1147,86,2061,0,209
1148,86,2061,0,209
1149,86,2061,0,209
1150,85,2061,0,210
1151,86,2061,0,208
1152,86,2061,0,208
1153,86,2061,0,210
1154,85,2061,0,212
1155,85,2061,0,211
1156,86,2061,0,214
1157,86,2061,0,213
1158,86,2061,0,216
1159,86,2061,0,216
1160,86,2062,0,218
1161,86,2062,0,218
1162,86,2062,0,218
1163,86,2062,0,217
1164,86,2062,0,217
1165,87,2062,0,214
1166,87,2062,0,215
1167,87,2062,0,215
1168,87,2062,0,216
1169,87,2062,0,216
1170,87,2062,0,217
1171,86,2062,0,217
1172,86,2062,0,218
1173,86,2062,0,218
1174,85,2063,0,219
1175,86,2063,0,216
1176,86,2063,0,215
1177,86,2063,0,215
1178,86,2063,0,217
1179,86,2063,0,216
1180,85,2063,0,216
1181,85,2064,0,218
1182,85,2064,0,216
1183,84,2064,0,222
1184,85,2064,0,221
1185,85,2064,0,220
1186,85,2064,0,220
1187,85,2064,0,220
1188,85,2064,0,219
1189,85,2064,0,219
1190,85,2064,0,218
1191,85,2064,0,219
1192,86,2064,0,219
1193,85,2064,0,220
1194,85,2064,0,220
1195,85,2064,0,219
1196,85,2064,0,220
1197,85,2065,0,220
1198,85,2064,0,220
1199,86,2064,0,219
1200,86,2064,0,221
1201,86,2064,0,220
1202,86,2064,0,221
1203,86,2064,0,221
1204,87,2064,0,219
1205,87,2064,0,220
1206,87,2064,0,220
1207,87,2064,0,218
1208,87,2064,0,220
1209,87,2064,0,220
1210,87,2063,0,221
1211,85,2063,0,218
1212,83,2061,0,212
1213,83,2061,0,211
1214,82,2061,0,211
1215,81,2060,0,207
1216,81,2061,0,210
1217,82,2060,0,209
1218,82,2061,0,208
1219,83,2061,0,210
1220,83,2061,0,212
1221,84,2061,0,211
1222,83,2061,0,210
1223,83,2062,0,212
1224,83,2062,0,208
1225,83,2062,0,210
1226,83,2062,0,205
1227,83,2061,0,206
1228,83,2061,0,207
1229,83,2062,0,205
1230,83,2061,0,206
1231,84,2061,0,209
1232,84,2061,0,209
1233,84,2061,0,210
1234,84,2061,0,210
1235,85,2061,0,211
1236,85,2061,0,210
1237,85,2061,0,212
1238,86,2061,0,212
1239,86,2061,0,211
1240,86,2061,0,214
1241,85,2062,0,215
1242,86,2062,0,213
1243,86,2062,0,217
1244,85,2062,0,217
1245,85,2062,0,216
1246,83,2061,0,209
1247,83,2061,0,205
1248,83,2061,0,204
1249,82,2062,0,201
1250,82,2061,0,203
1251,82,2062,0,202
1252,82,2062,0,201
1253,82,2062,0,203
1254,82,2062,0,202
1255,82,2062,0,200
1256,82,2062,0,200
1257,82,2062,0,202
1258,82,2063,0,200
1259,82,2062,0,202
1260,82,2062,0,202
1261,82,2062,0,205
1262,80,2060,0,205
1263,80,2061,0,205
1264,80,2061,0,209
1265,80,2061,0,210
1266,81,2062,0,212
1267,81,2062,0,212
1268,82,2062,0,213
1269,81,2062,0,210
1270,79,2063,0,208
1271,79,2065,0,212
1272,77,2065,0,214
1273,78,2064,0,228
1274,79,2064,0,236
1275,79,2063,0,225
1276,78,2063,0,207
1277,78,2061,0,204
1278,78,2061,0,205
1279,78,2061,0,207
1280,79,2060,0,204
1281,78,2058,0,201
1282,78,2058,0,198
1283,77,2059,0,193
1284,71,2056,0,167
1285,72,2055,0,161
1286,75,2055,0,166
1287,75,2057,0,169
1288,77,2056,0,162
1289,77,2054,0,150
1290,78,2053,0,158
1291,82,2051,0,181
1292,80,2050,0,179
1293,79,2050,0,181
1294,76,2048,0,174
1295,73,2046,0,162
1296,68,2044,0,160
1297,77,2043,0,154
1298,77,2041,0,154
1299,76,2041,0,153
1300,78,2042,0,150
1301,79,2042,0,152
1302,80,2043,0,151
1303,78,2041,0,145
1304,72,2039,0,135
1305,75,2041,0,108
1306,77,2041,0,105
1307,82,2043,0,100
1308,81,2044,0,97
1309,90,2048,0,96
1310,93,2050,0,95
1311,91,2049,0,99
1312,89,2050,0,105
1313,88,2050,0,105
1314,88,2052,0,103
1315,87,2045,0,86
1316,86,2046,0,72
1317,84,2055,0,64
1318,88,2054,0,70
1319,87,2059,0,72
1320,86,2063,0,62
1321,86,2068,0,67
1322,88,2065,0,62
1323,88,2067,0,62
1324,87,2067,0,42
1325,83,2066,0,27
1326,87,2062,0,12
1327,90,2052,0,353
1328,95,2054,0,340
1329,94,2054,0,333
1330,91,2055,0,312
1331,90,2053,0,316
1332,92,2054,0,324
1333,93,2054,0,326
1334,92,2054,0,326
1335,91,2055,0,320
1336,90,2054,0,324
1337,95,2053,0,319
1338,91,2047,0,304
1339,91,2039,0,291
1340,86,2034,0,295
1341,86,2029,0,297
1342,85,2027,0,295
1343,84,2027,0,298
1344,80,2026,0,292
1345,79,2026,0,287
1346,82,2029,0,288
1347,82,2027,0,275
1348,84,2023,0,269
1349,85,2016,0,278
1350,84,2011,0,278
1351,85,2005,0,264
1352,87,2000,0,268
1353,87,1998,0,262
1354,87,1997,0,255
1355,89,1997,0,245
1356,93,1998,0,239
1357,97,1996,0,238
1358,103,1991,0,238
1359,105,1989,0,235
1360,103,1990,0,234
1361,102,1988,0,246
1362,102,1986,0,240
1363,107,1986,0,221
1364,113,1983,0,224
1365,114,1978,0,237
1366,117,1973,0,233
1367,120,1972,0,220
1368,128,1969,0,220
1369,124,1971,0,224
1370,125,1971,0,251
1371,126,1973,0,260
1372,128,1972,0,260
1373,129,1967,0,262
1374,132,1965,0,281
1375,132,1965,0,286
1376,131,1963,0,284
1377,132,1961,0,287
1378,131,1964,0,283
1379,131,1965,0,280
1380,132,1963,0,284
1381,132,1961,0,283
1382,132,1959,0,285
1383,132,1959,0,272
1384,133,1953,0,266
1385,135,1948,0,271
1386,135,1948,0,276
1387,133,1949,0,268
1388,134,1948,0,270
1389,134,1948,0,278
1390,135,1948,0,280
1391,135,1946,0,282
1392,137,1941,0,280
1393,140,1942,0,283
1394,140,1947,0,278
1395,140,1953,0,284
1396,139,1953,0,294
1397,139,1952,0,297
1398,144,1953,0,304
1399,144,1953,0,308
1400,149,1953,0,314
1401,148,1954,0,332
1402,144,1954,0,340
1403,137,1954,0,342
1404,135,1956,0,349
1405,132,1956,0,357
1406,129,1956,0,357
1407,128,1955,0,358
1408,127,1954,0,352
1409,129,1956,0,9
1410,126,1957,0,32
1411,122,1961,0,40
1412,123,1968,0,35
1413,115,1972,0,40
1414,115,1972,0,41
1415,116,1968,0,50
1416,117,1968,0,46
1417,115,1972,0,39
1418,116,1973,0,33
1419,115,1971,0,42
1420,114,1973,0,39
1421,111,1975,0,42
1422,112,1977,0,55
1423,113,1978,0,66
1424,112,1979,0,70
1425,112,1979,0,68
1426,110,1983,0,64
1427,111,1986,0,74
1428,111,1987,0,80
1429,111,1987,0,88
1430,112,1986,0,94
1431,111,1985,0,106
1432,109,1984,0,118
1433,107,1985,0,119
1434,107,1986,0,123
1435,108,1986,0,115
1436,110,1987,0,107
1440,129,2001,0,127
1441,130,2004,0,127
1442,131,2002,0,124
1443,130,2000,0,118
1444,136,2007,0,108
1445,137,2014,0,102
1446,135,2019,0,99
1447,136,2016,0,86
1448,133,2015,0,66
1449,127,2017,0,54
1450,124,2018,0,51
1451,121,2022,0,51
1452,120,2025,0,52
1453,117,2029,0,51
1454,116,2032,0,50
1455,118,2031,0,47
1456,117,2031,0,46
1457,118,2030,0,39
1458,114,2030,0,25
1459,119,2026,0,8
1460,112,2022,0,356
1461,114,2016,0,343
1462,104,2019,0,334
1463,102,2019,0,338
1464,100,2020,0,334
1465,99,2022,0,341
1466,98,2020,0,318
1467,95,2015,0,290
1468,94,2014,0,288
1469,96,2014,0,287
1470,96,2013,0,278
1471,94,2012,0,270
1472,93,2012,0,270
1473,91,2013,0,267
1474,90,2013,0,269
1475,89,2012,0,270
1476,92,2010,0,263
1477,94,2010,0,267
1478,98,2004,0,242
1479,100,1999,0,240
1480,105,1996,0,237
1481,105,1992,0,235
1482,108,1988,0,235
1483,107,1989,0,233
1484,104,1994,0,237
1485,105,1991,0,236
1486,104,1988,0,249
1487,103,1984,0,257
1488,102,1981,0,263
1489,100,1984,0,276
1490,101,1980,0,278
1491,98,1979,0,289
1492,93,1979,0,300
1493,92,1975,0,297
1494,90,1969,0,297
1495,90,1966,0,294
1496,89,1964,0,296
1497,89,1962,0,297
1498,90,1963,0,297
1499,88,1961,0,296
1500,87,1960,0,298
1501,87,1959,0,299
1502,88,1959,0,303
1503,91,1962,0,301
1504,90,1965,0,298
1505,90,1962,0,296
1506,90,1964,0,285
1507,92,1964,0,280
1508,92,1967,0,263
1509,90,1967,0,267
1510,89,1966,0,267
1511,80,1966,0,272
1512,80,1963,0,277
1513,81,1962,0,279
1514,81,1962,0,280
1515,81,1964,0,276
1516,80,1962,0,271
1517,78,1957,0,268
1518,78,1950,0,273
1519,79,1943,0,277
1520,80,1941,0,279
1521,80,1936,0,275
1522,77,1931,0,273
1523,75,1932,0,270
1524,81,1932,0,274
1525,79,1935,0,279
1526,72,1931,0,276
1527,71,1931,0,272
1528,68,1933,0,276
1529,69,1947,0,261
1530,71,1942,0,266
1531,69,1940,0,263
1532,70,1935,0,242
1533,71,1931,0,232
1534,72,1932,0,231
1535,75,1931,0,228
1536,73,1932,0,232
1537,71,1940,0,238
1538,70,1942,0,246
1539,72,1939,0,259
1540,72,1937,0,257
1541,71,1929,0,271
1542,70,1924,0,277
1543,70,1921,0,280
1544,70,1920,0,280
1545,69,1919,0,282
1546,69,1911,0,271
1547,67,1907,0,281
1548,71,1917,0,255
1549,74,1893,0,231
1550,77,1887,0,237
1551,83,1885,0,235
1552,82,1886,0,226
1553,84,1890,0,224
1554,82,1891,0,215
1555,83,1895,0,220
1556,82,1896,0,220
1557,83,1897,0,219
1558,84,1893,0,220
1559,83,1889,0,230
1560,80,1888,0,240
1561,79,1888,0,240
1562,87,1881,0,243
1563,91,1873,0,249
1564,92,1871,0,246
1565,92,1867,0,247
1566,89,1874,0,241
1567,91,1873,0,237
1568,90,1869,0,236
1569,92,1867,0,227
1570,95,1865,0,225
1571,101,1861,0,223
1572,106,1856,0,219
1573,108,1853,0,233
1574,110,1848,0,244
1575,115,1845,0,246
1576,116,1846,0,246
1577,109,1852,0,237
1578,111,1844,0,238
1579,113,1837,0,248
1580,115,1835,0,251
1581,116,1835,0,251
1582,116,1836,0,262
1583,117,1830,0,261
1584,116,1821,0,261
1585,115,1815,0,261
1586,117,1816,0,261
1587,117,1813,0,257
1588,116,1820,0,252
1589,115,1819,0,254
1590,113,1819,0,271
1591,114,1811,0,272
1592,113,1805,0,280
1593,111,1808,0,287
1594,109,1811,0,290
1595,109,1811,0,282
1596,110,1812,0,288
1597,109,1812,0,287
1598,107,1814,0,286
1599,108,1808,0,280
1600,110,1809,0,285
1601,110,1808,0,286
1602,109,1807,0,287
1603,109,1807,0,289
1604,108,1805,0,292
1605,109,1806,0,293
1606,109,1805,0,290
1607,110,1804,0,290
1608,110,1804,0,289
1609,112,1805,0,287
1610,111,1805,0,289
1611,112,1805,0,291
1612,111,1804,0,292
1613,111,1804,0,291
1614,111,1804,0,289
1615,111,1804,0,289
1616,112,1804,0,286
1617,112,1804,0,285
1618,112,1804,0,284
1619,112,1804,0,285
1620,113,1804,0,288
1621,114,1804,0,290
1622,114,1804,0,289
1623,115,1804,0,290
1624,114,1805,0,291
1625,114,1804,0,289
1626,116,1803,0,293
1627,116,1803,0,294
1628,116,1803,0,295
1629,116,1802,0,296
1630,116,1803,0,296
1631,117,1804,0,297
1632,117,1804,0,301
1633,117,1805,0,300
1634,117,1805,0,302
1635,117,1807,0,296
1636,117,1806,0,297
1637,118,1807,0,297
1638,118,1807,0,305
1639,119,1809,0,304
1640,119,1807,0,323
1641,118,1809,0,323
1642,116,1810,0,323
1643,117,1809,0,327
1644,117,1809,0,336
1645,121,1809,0,343
1646,121,1808,0,342
1647,120,1808,0,340
1648,121,1806,0,338
1649,121,1804,0,341
1650,123,1803,0,343
1651,123,1805,0,343
1652,123,1805,0,344
1653,123,1805,0,342
1654,124,1805,0,341
1655,123,1805,0,344
1656,123,1804,0,344
1657,122,1804,0,343
1658,122,1803,0,343
1659,121,1803,0,342
1660,121,1803,0,340
1661,121,1803,0,342
1662,121,1803,0,341
1663,122,1804,0,339
1664,121,1803,0,339
1665,122,1803,0,341
1666,121,1802,0,342
1667,120,1802,0,334
1668,120,1801,0,330
1669,119,1800,0,326
1670,120,1800,0,332
1671,119,1800,0,339
1672,120,1801,0,345
1673,120,1801,0,343
1674,121,1801,0,344
1675,121,1801,0,347
1676,121,1802,0,346
1677,121,1801,0,349
1678,120,1802,0,347
1679,121,1802,0,345
1680,120,1802,0,346
1681,121,1801,0,349
1682,120,1802,0,348
1683,120,1802,0,348
1684,120,1802,0,346
1685,119,1802,0,346
1686,119,1802,0,347
1687,120,1801,0,346
1688,119,1800,0,346
1689,119,1800,0,345
1690,118,1800,0,340
1691,116,1799,0,342
1692,117,1800,0,340
1693,118,1802,0,327
1694,115,1803,0,310
1695,113,1802,0,299
1696,113,1803,0,298
1697,111,1802,0,296
1698,111,1802,0,296
1699,110,1802,0,292
1700,110,1803,0,288
1701,110,1804,0,287
1702,110,1803,0,289
1703,110,1803,0,288
1704,111,1805,0,286
1705,110,1806,0,286
1706,109,1809,0,286
1707,110,1809,0,293
1708,110,1810,0,293
1709,110,1807,0,294
1710,111,1805,0,294
1711,109,1800,0,299
1712,108,1802,0,295
1713,108,1800,0,293
1714,107,1801,0,292
1715,107,1803,0,280
1716,107,1802,0,278
1717,106,1801,0,276
1718,107,1806,0,269
1719,106,1808,0,262
1720,108,1808,0,238
1721,112,1807,0,231
1722,111,1808,0,225
1723,111,1807,0,221
1724,112,1809,0,224
1725,112,1809,0,222
1726,114,1808,0,228
1727,114,1807,0,229
1728,115,1808,0,225
1729,114,1808,0,227
1730,115,1808,0,229
1731,115,1808,0,231
1732,115,1809,0,230
1733,115,1808,0,232
1734,115,1808,0,234
1735,115,1808,0,235
1736,114,1810,0,238
1737,114,1813,0,233
1738,110,1814,0,231
1739,111,1813,0,234
1740,112,1812,0,230
1741,115,1809,0,232
1742,115,1808,0,232
1743,115,1809,0,233
1744,114,1812,0,233
1745,112,1814,0,231
1746,111,1814,0,229
1747,110,1814,0,227
1748,109,1811,0,226
1749,109,1810,0,212
1750,111,1811,0,192
1751,115,1812,0,201
1752,121,1810,0,195
1753,122,1809,0,192
1754,121,1811,0,185
1755,123,1811,0,187
1756,123,1811,0,181
1757,127,1810,0,180
1758,129,1811,0,178
1759,131,1808,0,171
1760,132,1808,0,172
1761,131,1811,0,177
1762,131,1810,0,174
1763,131,1810,0,172
1764,131,1811,0,177
1765,131,1811,0,176
1766,132,1810,0,172
1767,131,1811,0,175
1768,132,1810,0,173
1769,131,1811,0,175
1770,132,1811,0,176
1771,133,1810,0,173
1772,133,1810,0,177
1773,133,1810,0,177
1774,132,1810,0,179
1775,132,1810,0,175
1776,132,1809,0,173
1777,132,1807,0,169
1778,132,1807,0,172
1779,133,1808,0,171
1780,134,1807,0,173
1781,133,1807,0,175
1782,133,1806,0,175
1783,133,1807,0,173
1784,134,1809,0,176
1785,133,1811,0,180
1786,129,1809,0,176
1787,126,1809,0,176
1788,125,1807,0,167
1789,126,1805,0,161
1790,129,1803,0,139
1791,123,1800,0,122
1792,125,1806,0,114
1793,127,1807,0,110
1794,126,1808,0,109
1795,125,1805,0,104
1796,125,1805,0,97
1797,126,1807,0,91
1798,129,1804,0,71
1799,131,1802,0,68
1800,130,1802,0,65
1801,130,1806,0,66
1802,131,1806,0,64
1803,133,1808,0,57
1804,133,1808,0,53
1805,133,1808,0,45
1806,133,1809,0,41
1807,133,1809,0,38
1808,134,1809,0,39
1809,135,1808,0,41
1810,135,1807,0,42
1811,136,1808,0,41
1812,137,1808,0,45
1813,137,1808,0,46
1814,137,1807,0,50
1815,137,1806,0,48
1816,137,1806,0,47
1817,138,1808,0,47
1818,138,1813,0,46
1819,138,1814,0,41
1820,138,1815,0,40
1821,138,1815,0,39
1822,139,1815,0,23
1823,139,1817,0,26
1824,138,1818,0,31
1825,144,1816,0,21
1826,139,1818,0,25
1827,140,1819,0,20
1828,140,1821,0,25
1829,139,1820,0,18
1830,139,1818,0,23
1831,139,1818,0,26
1832,138,1819,0,26
1833,140,1816,0,12
1834,145,1815,0,19
1835,148,1814,0,22
1836,145,1814,0,24
1837,139,1817,0,27
1838,138,1817,0,19
1839,137,1818,0,29
1840,137,1819,0,32
1841,138,1819,0,35
1842,141,1817,0,14
1843,137,1819,0,32
1844,136,1820,0,31
1845,136,1820,0,30
1846,135,1821,0,30
1847,136,1820,0,27
1848,135,1821,0,30
1849,134,1821,0,31
1850,134,1822,0,33
1851,135,1821,0,32
1852,136,1820,0,33
1853,136,1821,0,32
1854,138,1821,0,30
1855,139,1822,0,25
1856,139,1822,0,18
1857,139,1821,0,19
1858,139,1820,0,19
1859,137,1821,0,28
1860,137,1820,0,32
1861,137,1819,0,26
1862,137,1820,0,28
1863,138,1820,0,26
1864,137,1820,0,28
1865,138,1820,0,28
1866,138,1819,0,26
1867,139,1819,0,26
1868,143,1816,0,19
1869,145,1816,0,17
1870,156,1812,0,14
1871,141,1818,0,25
1872,147,1815,0,24
1873,147,1816,0,24
1874,144,1817,0,25
1875,140,1819,0,22
1876,141,1819,0,28
1877,143,1818,0,30
1878,144,1814,0,28
1879,143,1816,0,27
1880,143,1815,0,30
1881,142,1817,0,32
1882,142,1818,0,30
1883,141,1818,0,28
1884,141,1817,0,30
1885,142,1815,0,33
1886,142,1816,0,32
1887,141,1818,0,30
1888,141,1818,0,30
1889,140,1818,0,31
1890,139,1818,0,28
1891,140,1817,0,31
1892,139,1817,0,31
1893,139,1818,0,29
1894,140,1818,0,30
1895,140,1819,0,31
1896,140,1818,0,30
1897,140,1819,0,31
1898,140,1819,0,30
1899,140,1819,0,30
1900,140,1819,0,29
1901,140,1819,0,29
1902,139,1819,0,29
1903,140,1818,0,31
1904,140,1818,0,29
1905,140,1818,0,30
1906,140,1817,0,34
1907,141,1817,0,33
1908,141,1817,0,32
1909,140,1818,0,32
1910,140,1817,0,32
1911,140,1816,0,33
1912,140,1816,0,32
1913,141,1816,0,32
1914,141,1817,0,33
1915,140,1817,0,35
1916,139,1818,0,35
1917,140,1815,0,35
1918,140,1809,0,45
1919,144,1809,0,29
1920,144,1809,0,18
1921,143,1812,0,4
1922,143,1813,0,0
1923,144,1813,0,357
1924,143,1811,0,7
1925,144,1812,0,8
1926,145,1812,0,359
1927,145,1811,0,358
1928,147,1809,0,355
1929,147,1808,0,354
1930,146,1809,0,357
1931,146,1809,0,357
1932,147,1808,0,357
1933,148,1808,0,354
1934,148,1806,0,353
1935,148,1805,0,356
1936,150,1806,0,352
1937,148,1806,0,348
1938,147,1806,0,344
1939,148,1807,0,337
1940,144,1807,0,333
1941,142,1807,0,332
1942,142,1808,0,328
1943,142,1809,0,323
1944,143,1814,0,312
1945,139,1814,0,312
1946,139,1813,0,302
1947,143,1814,0,287
1948,142,1812,0,276
1949,140,1810,0,276
1950,142,1807,0,266
1951,140,1803,0,268
1952,140,1801,0,256
1953,140,1801,0,254
1954,141,1800,0,252
1955,142,1800,0,253
1956,142,1801,0,257
1957,143,1802,0,258
1958,141,1806,0,262
1959,140,1810,0,263
1960,146,1812,0,246
1961,150,1808,0,234
1962,151,1809,0,228
1963,157,1808,0,211
1964,160,1806,0,200
1965,160,1807,0,198
1966,161,1808,0,191
1967,164,1810,0,173
1968,166,1811,0,167
1969,166,1811,0,172
1970,167,1811,0,178
1971,165,1809,0,155
1972,167,1811,0,152
1973,165,1815,0,147
1974,164,1816,0,135
1975,162,1811,0,119
1976,163,1809,0,117
1977,163,1809,0,116
1978,165,1808,0,119
1979,164,1809,0,115
1980,164,1810,0,115
1981,165,1810,0,115
1982,167,1808,0,117
1983,168,1808,0,111
1984,168,1807,0,111
1985,167,1808,0,111
1986,168,1807,0,109
1987,167,1807,0,106
1988,166,1806,0,101
1989,167,1807,0,104
1990,168,1807,0,103
1991,168,1806,0,100
1992,167,1806,0,99
1993,168,1806,0,100
1994,168,1806,0,101
1995,168,1806,0,103
1996,168,1809,0,106
1997,166,1811,0,112
1998,166,1812,0,118
1999,166,1810,0,118
2000,164,1810,0,113
2001,167,1810,0,84
2002,168,1814,0,72
2003,167,1816,0,65
2004,166,1814,0,63
2005,165,1816,0,57
2006,160,1817,0,58
2007,161,1818,0,63
2008,160,1819,0,65
2009,162,1819,0,64
2010,163,1820,0,61
2011,164,1821,0,60
2012,165,1821,0,60
2013,161,1819,0,67
2014,159,1817,0,65
2015,158,1817,0,67
2016,157,1818,0,69
2017,158,1817,0,68
2018,159,1817,0,66
2019,159,1816,0,67
2020,157,1816,0,73
2021,158,1817,0,73
2022,159,1817,0,69
2023,157,1821,0,64
2024,158,1819,0,65
2025,157,1818,0,69
2026,154,1817,0,78
2027,154,1816,0,80
2028,156,1816,0,77
2029,156,1816,0,83
2030,156,1817,0,82
2031,158,1815,0,81
2032,157,1813,0,84
2033,158,1811,0,85
2034,158,1811,0,85
2035,159,1814,0,85
2036,160,1814,0,83
2037,161,1815,0,75
2038,161,1816,0,72
2039,159,1817,0,77
2040,154,1817,0,81
2041,150,1818,0,87
2042,151,1819,0,92
2043,150,1820,0,94
2044,152,1821,0,94
2045,151,1821,0,94
2046,153,1820,0,92
2047,150,1819,0,93
2048,150,1819,0,93
2049,151,1819,0,91
2050,153,1815,0,90
2051,161,1814,0,90
2052,165,1815,0,84
2053,165,1817,0,74
2054,164,1818,0,72
2055,161,1818,0,72
2056,160,1823,0,72
2057,159,1824,0,70
2058,159,1824,0,69
2059,159,1823,0,70
2060,159,1823,0,69
2061,160,1822,0,68
2062,159,1823,0,67
2063,160,1822,0,66
2064,160,1823,0,63
2065,161,1823,0,59
2066,163,1825,0,57
2067,163,1824,0,55
2068,163,1827,0,54
2069,163,1826,0,52
2070,164,1826,0,51
2071,164,1825,0,52
2072,164,1826,0,54
2073,165,1825,0,51
2074,163,1826,0,52
2075,163,1827,0,53
2076,163,1827,0,51
2077,164,1827,0,53
2078,165,1827,0,53
2079,166,1827,0,52
2080,166,1828,0,54
2081,166,1829,0,54
2082,166,1830,0,54
2083,167,1831,0,55
2084,167,1831,0,54
2085,168,1830,0,54
2086,168,1830,0,53
2087,168,1829,0,52
2088,167,1827,0,52
2089,164,1826,0,54
2090,165,1825,0,51
2091,165,1827,0,50
2092,164,1828,0,48
2093,163,1827,0,46
2094,163,1826,0,48
2095,164,1827,0,48
2096,163,1826,0,47
2097,164,1826,0,48
2098,162,1827,0,44
2099,164,1827,0,40
2100,165,1829,0,46
2101,166,1829,0,44
2102,167,1831,0,37
2103,168,1831,0,38
2104,167,1832,0,41
2105,167,1831,0,42
2106,167,1831,0,46
2107,165,1831,0,45
2108,167,1833,0,47
2109,167,1833,0,45
2110,169,1834,0,37
2111,169,1834,0,36
2112,171,1833,0,33
2113,168,1834,0,34
2114,169,1835,0,36
2115,168,1834,0,35
2116,169,1835,0,34
2117,168,1835,0,36
2118,168,1834,0,36
2119,169,1832,0,39
2120,170,1832,0,40
2121,169,1832,0,39
2122,170,1830,0,37
2123,170,1831,0,36
2124,170,1831,0,35
2125,172,1828,0,39
2126,173,1828,0,39
2127,170,1831,0,37
2128,172,1828,0,37
2129,172,1829,0,39
2130,170,1830,0,37
2131,168,1833,0,39
2132,171,1830,0,36
2133,170,1831,0,38
2134,171,1830,0,34
2135,171,1829,0,37
2136,171,1829,0,40
2137,171,1829,0,41
2138,171,1829,0,42
2139,170,1830,0,43
2140,171,1830,0,42
2141,170,1831,0,43
2142,170,1831,0,44
2143,170,1831,0,45
2144,170,1831,0,44
2145,170,1831,0,40
2146,168,1830,0,37
2147,168,1829,0,42
2148,167,1828,0,40
2149,167,1830,0,38
2150,166,1831,0,39
2151,165,1832,0,39
2152,164,1831,0,38
2153,165,1831,0,38
2154,165,1831,0,36
2155,165,1831,0,39
2156,165,1831,0,42
2157,164,1832,0,40
2158,165,1831,0,40
2159,164,1831,0,40
2160,165,1831,0,41
2161,166,1831,0,40
2162,166,1832,0,40
2163,165,1831,0,40
2164,165,1831,0,40
2165,166,1832,0,39
2166,166,1832,0,39
2167,167,1832,0,39
2168,167,1831,0,39
2169,166,1832,0,42
2170,166,1831,0,41
2171,167,1832,0,40
2172,167,1832,0,40
2173,167,1832,0,40
2174,166,1832,0,41
2175,167,1832,0,43
2176,166,1832,0,43
2177,166,1832,0,41
2178,166,1832,0,44
2179,167,1829,0,44
2180,165,1829,0,48
2181,164,1828,0,50
2182,165,1828,0,55
2183,165,1827,0,56
2184,165,1828,0,56
2185,165,1827,0,53
2186,166,1828,0,52
2187,164,1828,0,52
2188,164,1827,0,49
2189,164,1828,0,49
2190,164,1827,0,48
2191,165,1827,0,50
2192,165,1828,0,46
2193,164,1828,0,50
2194,164,1828,0,48
2195,164,1828,0,51
2196,164,1828,0,51
2197,164,1828,0,47
2198,163,1829,0,49
2199,164,1828,0,52
2200,164,1829,0,50
2201,165,1828,0,51
2202,164,1829,0,51
2203,164,1828,0,55
2204,164,1829,0,53
2205,166,1827,0,53
2206,165,1828,0,55
2207,166,1827,0,52
2208,165,1826,0,50
2209,165,1827,0,54
2210,167,1827,0,52
2211,169,1825,0,49
2212,168,1826,0,38
2213,168,1830,0,33
2214,170,1833,0,19
2215,168,1833,0,14
2216,172,1833,0,13
2217,170,1833,0,14
2218,175,1829,0,5
2219,168,1829,0,359
2220,164,1828,0,349
2221,161,1827,0,347
2222,159,1829,0,335
2223,157,1828,0,312
2224,157,1828,0,313
2225,159,1828,0,323
2226,154,1823,0,327
2227,153,1822,0,328
2228,152,1820,0,333
2229,149,1819,0,326
2230,145,1818,0,320
2231,145,1818,0,323
2232,144,1815,0,326
2233,142,1814,0,324
2234,143,1814,0,324
2235,145,1818,0,329
2236,147,1816,0,340
2237,146,1815,0,338
2238,145,1812,0,347
2239,146,1812,0,348
2240,152,1813,0,355
2241,158,1811,0,16
2242,160,1813,0,36
2243,162,1813,0,40
2244,159,1818,0,54
2245,155,1820,0,62
2246,154,1820,0,65
2247,151,1819,0,78
2248,149,1820,0,77
2249,150,1822,0,101
2250,152,1826,0,118
2251,157,1832,0,121
2252,158,1834,0,114
2253,159,1838,0,107
2254,161,1841,0,116
2255,159,1839,0,125
2256,155,1837,0,123
2257,159,1838,0,143
2258,158,1838,0,150
2259,160,1840,0,148
2260,168,1846,0,177
2261,170,1846,0,189
2262,176,1850,0,200
2263,176,1849,0,191
2264,179,1845,0,188
2265,178,1846,0,186
2266,176,1845,0,190
2267,171,1843,0,202
2268,177,1840,0,220
2269,180,1841,0,236
2270,184,1838,0,224
2271,188,1833,0,225
2272,184,1840,0,238
2273,182,1842,0,250
2274,182,1842,0,255
2275,179,1844,0,268
2276,178,1847,0,275
2277,183,1850,0,260
2278,186,1846,0,248
2279,187,1841,0,239
2280,191,1836,0,241
2281,192,1833,0,238
2282,194,1834,0,242
2283,195,1840,0,262
2284,197,1834,0,292
2285,194,1831,0,289
2286,193,1828,0,291
2287,190,1824,0,293
2288,193,1821,0,294
2289,192,1818,0,295
2290,192,1819,0,296
2291,194,1828,0,309
2292,193,1831,0,329
2293,193,1832,0,341
2294,187,1830,0,338
2295,182,1834,0,348
2296,179,1838,0,344
2297,176,1837,0,1
2298,174,1837,0,13
2299,171,1838,0,22
2300,169,1842,0,34
2301,169,1843,0,32
2302,169,1842,0,36
2303,167,1846,0,40
2304,170,1848,0,45
2305,170,1850,0,46
2306,167,1850,0,50
2307,165,1851,0,52
2308,165,1852,0,49
2309,167,1853,0,48
2310,169,1853,0,49
2311,168,1855,0,47
2312,167,1856,0,46
2313,166,1858,0,43
2314,165,1859,0,45
2315,166,1860,0,39
2316,171,1862,0,31
2317,176,1862,0,32
2318,173,1863,0,32
2319,173,1865,0,42
2320,173,1865,0,51
2321,177,1858,0,62
2322,176,1863,0,70
2323,170,1864,0,61
2324,168,1869,0,65
2325,165,1874,0,57
2326,165,1878,0,57
2327,164,1878,0,57
2328,168,1875,0,49
2329,167,1875,0,55
2330,167,1877,0,65
2331,164,1879,0,56
2332,165,1878,0,41
2333,167,1875,0,31
2334,172,1873,0,26
2335,173,1874,0,29
2336,176,1872,0,19
2337,176,1875,0,12
2338,176,1872,0,3
2339,179,1875,0,337
2340,181,1870,0,331
2341,182,1861,0,320
2342,181,1857,0,304
2343,181,1856,0,299
2344,180,1854,0,284
2345,181,1852,0,275
2346,181,1851,0,273
2347,181,1851,0,272
2348,182,1852,0,276
2349,180,1856,0,265
2350,178,1853,0,256
2351,180,1849,0,243
2352,187,1851,0,240
2353,196,1852,0,225
2354,202,1844,0,217
2355,204,1835,0,209
2356,207,1836,0,207
2357,217,1832,0,204
2358,224,1829,0,217
2359,231,1826,0,220
2360,233,1824,0,215
2361,235,1822,0,210
2362,233,1823,0,221
2363,232,1823,0,217
2364,232,1823,0,207
2365,238,1820,0,204
2366,240,1817,0,211
2367,247,1811,0,208
2368,246,1812,0,240
2369,244,1805,0,248
2370,243,1806,0,244
2371,242,1804,0,247
2372,238,1807,0,226
2373,240,1811,0,202
2374,248,1808,0,201
2375,253,1808,0,209
2376,262,1808,0,194
2377,265,1806,0,174
2378,274,1809,0,171
2379,278,1809,0,181
2380,282,1808,0,179
2381,284,1805,0,176
2382,282,1804,0,182
2383,281,1806,0,174
2384,283,1806,0,158
2385,282,1805,0,156
2386,282,1806,0,151
2387,283,1808,0,160
2388,285,1807,0,160
2389,284,1806,0,159
2390,281,1804,0,159
2391,288,1807,0,175
2392,291,1805,0,182
2393,301,1802,0,183
2394,310,1800,0,181
2395,309,1802,0,180
2396,309,1804,0,184
2397,329,1802,0,185
2398,334,1807,0,188
2399,335,1808,0,193
2400,337,1808,0,208
2401,340,1805,0,218
2402,340,1803,0,216
2403,342,1801,0,222
2404,342,1802,0,223
2405,341,1803,0,226
2406,340,1807,0,209
2407,342,1806,0,207
2408,347,1803,0,203
2409,345,1804,0,216
2410,342,1808,0,232
2411,344,1802,0,232
2412,348,1802,0,227
2413,345,1805,0,242
2414,346,1804,0,239
2415,349,1806,0,254
2416,350,1807,0,255
2417,347,1809,0,248
2418,346,1815,0,237
2419,351,1804,0,212
2420,355,1804,0,203
2421,359,1805,0,198
2422,361,1806,0,197
2423,364,1805,0,195
2424,365,1805,0,192
2425,366,1805,0,192
2426,366,1808,0,194
2427,371,1810,0,205
2428,368,1810,0,200
2429,380,1808,0,199
2430,385,1804,0,196
2431,389,1805,0,187
2432,391,1807,0,187
2433,388,1808,0,192
2434,384,1810,0,208
2435,386,1808,0,208
2436,394,1802,0,214
2437,396,1803,0,236
2438,399,1802,0,231
2439,399,1800,0,229
2440,400,1800,0,231
2441,400,1801,0,233
2442,392,1808,0,233
2443,397,1806,0,212
2444,398,1804,0,195
2445,392,1805,0,202
2446,392,1803,0,200
2447,400,1803,0,180
2448,405,1804,0,175
2449,407,1805,0,165
2450,409,1806,0,168
2451,415,1806,0,157
2452,422,1811,0,168
2453,426,1811,0,172
2454,428,1811,0,176
2455,432,1809,0,181
2456,439,1807,0,215
2457,443,1800,0,233
2458,444,1799,0,246
2459,444,1800,0,256
2460,446,1796,0,262
2461,447,1798,0,271
2462,447,1798,0,279
2463,446,1793,0,286
2464,446,1788,0,292
2465,445,1782,0,295
2466,445,1779,0,297
2467,444,1779,0,299
2468,445,1782,0,307
2469,446,1781,0,314
2470,447,1781,0,325
2471,450,1784,0,332
2472,452,1785,0,346
2473,451,1784,0,344
2474,447,1784,0,341
2475,440,1783,0,347
2476,436,1780,0,349
2477,431,1778,0,334
2478,430,1779,0,337
2479,427,1778,0,340
2480,428,1777,0,341
2481,423,1776,0,340
2482,418,1777,0,341
2483,415,1773,0,343
2484,411,1770,0,358
2485,407,1775,0,346
2486,407,1775,0,347
2487,414,1777,0,354
2488,413,1778,0,357
2489,419,1784,0,18
2490,417,1790,0,27
2491,422,1786,0,35
2492,421,1786,0,34
2493,416,1785,0,31
2494,411,1787,0,31
2495,403,1794,0,32
2496,398,1796,0,27
2497,396,1798,0,23
2498,393,1802,0,27
2499,387,1804,0,28
2500,384,1807,0,31
2501,389,1808,0,31
2502,389,1809,0,35
2503,389,1809,0,38
2504,388,1810,0,43
2505,384,1810,0,38
2506,384,1807,0,24
2507,386,1805,0,20
2508,385,1804,0,16
2509,383,1808,0,6
2510,384,1813,0,9
2511,386,1816,0,12
2512,385,1817,0,8
2513,384,1821,0,14
2514,385,1824,0,14
2515,384,1822,0,358
2516,378,1819,0,349
2517,372,1818,0,342
2518,370,1811,0,336
2519,368,1810,0,338
2520,366,1810,0,339
2521,366,1810,0,337
2522,364,1810,0,336
2523,364,1809,0,335
2524,364,1811,0,336
2525,372,1812,0,335
2526,371,1810,0,330
2527,374,1811,0,330
2528,373,1807,0,323
2529,376,1806,0,308
2530,379,1804,0,304
2531,381,1806,0,295
2532,379,1805,0,280
2533,381,1805,0,275
2534,381,1803,0,272
2535,381,1803,0,273
2536,379,1802,0,269
2537,379,1798,0,268
2538,380,1796,0,267
2539,380,1801,0,286
2540,378,1804,0,300
2541,381,1803,0,320
2542,379,1804,0,318
2543,375,1799,0,322
2544,371,1802,0,330
2545,366,1803,0,335
2546,367,1800,0,339
2547,368,1797,0,340
2548,361,1797,0,344
2549,358,1793,0,350
2550,355,1792,0,344
2551,356,1795,0,350
2552,361,1794,0,346
2553,361,1793,0,339
2554,358,1791,0,334
2555,355,1790,0,329
2556,354,1791,0,323
2557,359,1785,0,347
2558,364,1787,0,12
2559,359,1787,0,18
2560,356,1786,0,24
2561,358,1785,0,24
2562,362,1784,0,13
2563,364,1783,0,20
2564,369,1782,0,33
2565,372,1784,0,59
2566,372,1783,0,74
2567,374,1788,0,94
2568,379,1792,0,113
2569,382,1796,0,120
2570,385,1800,0,132
2571,389,1807,0,141
2572,386,1808,0,129
2573,386,1811,0,110
2574,385,1816,0,108
2575,385,1820,0,105
2576,383,1824,0,94
2577,383,1820,0,96
2578,387,1821,0,108
2579,393,1827,0,103
2580,395,1830,0,101
2581,395,1829,0,96
2582,393,1827,0,95
2583,392,1828,0,96
2584,392,1830,0,94
2585,391,1828,0,93
2586,392,1828,0,98
2587,393,1829,0,99
2588,393,1836,0,90
2592,400,1856,0,108
2593,401,1851,0,107
2594,399,1852,0,105
2595,397,1851,0,104
2596,402,1859,0,103
2597,408,1868,0,105
2598,407,1876,0,105
2599,410,1883,0,100
2600,408,1886,0,97
2601,408,1893,0,98
2602,410,1897,0,82
2603,409,1902,0,88
2604,411,1912,0,78
2605,411,1918,0,83
2606,410,1924,0,88
2607,410,1931,0,93
2608,414,1934,0,91
2609,416,1939,0,96
2610,416,1941,0,94
2611,418,1947,0,92
2612,420,1952,0,95
2613,419,1957,0,97
2614,418,1961,0,93
2615,417,1965,0,85
2616,418,1965,0,84
2617,417,1967,0,82
2618,417,1974,0,76
2619,416,1980,0,77
2620,413,1982,0,78
2621,412,1986,0,73
2622,412,1988,0,81
2623,409,1991,0,87
2624,406,1996,0,96
2625,406,1997,0,94
2626,406,1995,0,90
2627,407,2001,0,92
2628,410,2013,0,93
2629,402,2017,0,101
2630,403,2018,0,100
2631,405,2022,0,89
2632,404,2023,0,83
2633,402,2024,0,78
2634,401,2027,0,77
2635,397,2031,0,78
2636,397,2038,0,66
2637,398,2042,0,62
2638,399,2041,0,58
2639,398,2040,0,58
2640,398,2040,0,59
2641,401,2044,0,64
2642,401,2047,0,60
2643,400,2048,0,62
2644,399,2052,0,61
2645,400,2055,0,58
2646,400,2059,0,58
2647,398,2062,0,57
2648,397,2064,0,53
2649,398,2063,0,48
2650,399,2060,0,42
2651,400,2057,0,40
2652,403,2055,0,42
2653,405,2055,0,41
2654,406,2054,0,37
2655,404,2054,0,31
2656,404,2053,0,29
2657,404,2053,0,24
2658,406,2053,0,23
2659,406,2053,0,23
2660,405,2053,0,22
2661,406,2053,0,22
2662,407,2053,0,20
2663,408,2053,0,18
2664,408,2053,0,20
2665,408,2053,0,22
2666,408,2054,0,26
2667,409,2054,0,23
2668,409,2054,0,23
2669,411,2054,0,26
2670,408,2055,0,29
2671,408,2056,0,30
2672,409,2056,0,31
2673,408,2056,0,32
2674,406,2058,0,34
2675,406,2059,0,34
2676,406,2059,0,33
2677,406,2059,0,34
2678,406,2061,0,31
2679,406,2060,0,35
2680,406,2060,0,34
2681,405,2061,0,32
2682,405,2061,0,30
2683,406,2062,0,27
2684,406,2061,0,22
2685,406,2062,0,21
2686,406,2062,0,24
2687,405,2063,0,22
2688,406,2063,0,20
2689,406,2063,0,22
2690,406,2063,0,21
2691,405,2063,0,16
2692,405,2062,0,16
2693,405,2063,0,18
2694,405,2063,0,20
2695,405,2063,0,19
2696,404,2064,0,17
2697,405,2065,0,14
2698,405,2065,0,14
2699,404,2066,0,15
2700,404,2066,0,12
2701,405,2067,0,11
2702,404,2066,0,12
2703,405,2066,0,11
2704,406,2065,0,6
2705,407,2064,0,7
2706,407,2064,0,10
2707,407,2064,0,10
2710,409,2068,0,71
2711,409,2067,0,66
2712,409,2067,0,72
2715,409,2064,0,15
2716,408,2063,0,10
2717,409,2063,0,10
2718,408,2064,0,12
2719,407,2066,0,11
2720,408,2066,0,14
2721,408,2066,0,15
2722,406,2067,0,6
2723,407,2065,0,6
2724,407,2065,0,10
2725,406,2065,0,10
2726,405,2065,0,5
2727,404,2065,0,5
2728,404,2064,0,5
2729,406,2064,0,4
2730,405,2063,0,5
2731,405,2063,0,5
2732,406,2062,0,5
2733,406,2063,0,7
2734,405,2062,0,8
2735,406,2062,0,10
2736,405,2062,0,10
2737,406,2062,0,10
2738,406,2062,0,9
2739,406,2062,0,11
2740,406,2062,0,10
2741,404,2062,0,10
2742,403,2062,0,14
2743,401,2063,0,15
2744,400,2064,0,15
2745,400,2063,0,15
2746,400,2063,0,14
2747,402,2061,0,16
2748,405,2059,0,18
2749,405,2058,0,16
2750,406,2059,0,18
2751,406,2060,0,19
2752,404,2062,0,19
2753,405,2062,0,16
2754,406,2061,0,22
2755,406,2060,0,16
2756,410,2061,0,11
2757,409,2062,0,13
2758,408,2061,0,13
2759,409,2061,0,13
2760,407,2059,0,16
2761,405,2059,0,19
2762,406,2058,0,15
2763,408,2059,0,14
2764,407,2059,0,17
2765,407,2059,0,16
2766,406,2060,0,16
2767,407,2060,0,17
2768,406,2060,0,16
2769,404,2058,0,14
2770,404,2058,0,12
2771,405,2059,0,13
2772,403,2060,0,11
2773,404,2059,0,10
2774,405,2060,0,7
2775,405,2061,0,6
2776,405,2061,0,9
2777,406,2062,0,10
2778,406,2062,0,8
2779,406,2063,0,8
2780,405,2062,0,6
2781,403,2062,0,6
2782,401,2063,0,3
2783,401,2064,0,5
2784,403,2063,0,6
2785,403,2063,0,6
2786,402,2063,0,9
2787,403,2062,0,12
2788,403,2061,0,13
2789,404,2060,0,11
2790,405,2060,0,11
2791,403,2060,0,11
2792,403,2061,0,9
2793,402,2061,0,12
2794,402,2062,0,14
2795,400,2061,0,11
2796,400,2062,0,8
2797,401,2062,0,8
2798,402,2061,0,9
2799,402,2060,0,11
2800,402,2061,0,10
2801,404,2060,0,7
2802,401,2060,0,11
2803,400,2060,0,12
2804,408,2061,0,5
2805,409,2062,0,11
2806,407,2063,0,28
2807,403,2064,0,40
2808,402,2064,0,39
2809,401,2065,0,46
2810,400,2065,0,48
2811,397,2066,0,48
2812,396,2068,0,57
2813,396,2069,0,60
2814,393,2068,0,61
2815,396,2066,0,53
2816,396,2066,0,27
2817,394,2064,0,27
2818,390,2065,0,34
2819,389,2067,0,41
2820,393,2064,0,32
2821,395,2064,0,25
2822,396,2062,0,17
2823,396,2060,0,14
2824,395,2060,0,9
2825,396,2060,0,1
2826,396,2059,0,357
2827,398,2059,0,349
2828,399,2058,0,346
2829,400,2056,0,344
2830,401,2054,0,344
2831,405,2053,0,333
2832,405,2052,0,341
2833,405,2052,0,340
2834,405,2053,0,335
2835,403,2055,0,326
2836,400,2056,0,303
2837,402,2054,0,293
2838,403,2050,0,282
2839,401,2046,0,274
2840,400,2042,0,260
2841,395,2042,0,244
2842,394,2043,0,219
2843,398,2042,0,209
2844,401,2043,0,204
2845,405,2044,0,199
2846,406,2045,0,194
2847,409,2042,0,193
2848,412,2039,0,194
2849,409,2038,0,189
2850,408,2042,0,187
2851,410,2043,0,183
2852,411,2046,0,169
2853,411,2045,0,155
2854,416,2044,0,155
2855,416,2045,0,153
2856,417,2045,0,146
2857,419,2044,0,136
2858,419,2044,0,137
2859,416,2045,0,134
2860,417,2046,0,126
2861,417,2046,0,126
2862,419,2045,0,121
2863,421,2045,0,121
2864,422,2046,0,122
2865,422,2045,0,118
2866,423,2045,0,117
2867,423,2046,0,115
2868,423,2046,0,115
2869,422,2046,0,116
2870,423,2046,0,115
2871,422,2046,0,114
2872,422,2046,0,115
2873,423,2047,0,114
2874,423,2047,0,116
2875,424,2047,0,116
2876,425,2047,0,114
2877,426,2048,0,112
2878,427,2049,0,111
2879,427,2049,0,108
2880,426,2049,0,109
2881,427,2049,0,109
2882,427,2049,0,108
2883,428,2049,0,109
2884,428,2049,0,110
2885,428,2049,0,109
2886,427,2049,0,110
2887,428,2048,0,111
2888,428,2048,0,111
2889,428,2048,0,111
2890,429,2048,0,110
2891,429,2047,0,108
2892,429,2047,0,110
2893,429,2049,0,108
2894,429,2049,0,108
2895,430,2048,0,109
2896,429,2048,0,111
2897,428,2047,0,112
2898,430,2045,0,109
2899,428,2043,0,107
2900,428,2042,0,112
2901,429,2043,0,113
2902,429,2042,0,112
2903,429,2043,0,111
2904,429,2039,0,108
2905,428,2038,0,103
2906,427,2035,0,103
2907,427,2035,0,101
2908,427,2034,0,94
2909,429,2036,0,91
2910,430,2036,0,88
2911,430,2036,0,86
2912,430,2035,0,83
2913,431,2036,0,79
2914,430,2039,0,60
2915,434,2043,0,39
2916,434,2040,0,38
2917,441,2037,0,37
2918,442,2037,0,38
2919,438,2041,0,32
2920,433,2045,0,24
2921,430,2049,0,25
2922,428,2049,0,12
2923,425,2048,0,12
2924,424,2049,0,4
2925,424,2046,0,358
2926,426,2045,0,348
2927,424,2045,0,347
2928,422,2046,0,1
2929,422,2044,0,355
2930,423,2046,0,357
2931,422,2045,0,357
2932,421,2044,0,352
2933,419,2043,0,352
2934,418,2042,0,355
2935,419,2042,0,355
2936,418,2042,0,355
2937,418,2042,0,354
2938,417,2041,0,354
2939,417,2041,0,358
2940,418,2041,0,358
2941,419,2040,0,358
2942,420,2041,0,0
2943,418,2040,0,0
2944,418,2040,0,2
2945,417,2040,0,2
2946,417,2039,0,1
2947,418,2038,0,3
2948,419,2038,0,3
2949,418,2038,0,1
2950,417,2038,0,1
2951,417,2038,0,359
2952,417,2040,0,354
2953,419,2041,0,355
2954,417,2042,0,356
2955,415,2043,0,354
2956,413,2042,0,355
2957,413,2042,0,356
2958,413,2042,0,354
2959,412,2042,0,354
2960,410,2041,0,352
2961,409,2042,0,348
2962,406,2041,0,347
2963,408,2043,0,352
2964,409,2044,0,351
2965,408,2044,0,349
2966,409,2043,0,349
2967,409,2042,0,349
2968,409,2043,0,346
2969,409,2043,0,344
2970,408,2043,0,348
2971,407,2042,0,350
2972,406,2042,0,349
2973,410,2045,0,349
2974,411,2047,0,349
2975,408,2050,0,344
2976,406,2053,0,339
2977,411,2060,0,344
2978,409,2061,0,332
2979,407,2063,0,339
2980,404,2063,0,332
2981,400,2061,0,336
2982,398,2053,0,327
2983,391,2047,0,330
2984,389,2047,0,326
2985,388,2038,0,323
2986,386,2034,0,319
2987,386,2030,0,308
2988,385,2030,0,313
2989,384,2027,0,316
2990,381,2016,0,326
2991,380,2015,0,339
2992,375,2013,0,345
2993,370,2001,0,355
2994,364,2006,0,349
2995,356,2009,0,354
2996,354,2007,0,3
2997,353,2006,0,12
2998,354,2013,0,19
2999,354,2014,0,23
