0,446,340,0,168
1,445,339,0,168
2,446,340,0,165
3,446,340,0,166
4,444,340,0,174
5,445,340,0,185
6,444,339,0,188
7,445,337,0,194
8,445,335,0,199
9,447,332,0,197
10,448,329,0,199
11,449,328,0,200
12,450,324,0,193
13,449,323,0,191
14,450,321,0,194
15,454,319,0,198
16,458,316,0,200
17,462,315,0,201
18,463,316,0,200
19,463,316,0,209
20,466,316,0,218
21,466,315,0,222
22,466,314,0,228
23,463,313,0,234
24,460,312,0,232
25,461,313,0,229
26,459,314,0,237
27,458,313,0,244
28,459,314,0,246
29,458,313,0,252
30,456,312,0,258
31,454,312,0,257
32,453,312,0,259
33,453,313,0,266
34,460,307,0,295
35,464,308,0,305
36,463,309,0,317
37,463,309,0,316
38,463,308,0,321
39,461,305,0,318
40,462,302,0,320
49,460,293,0,8
50,465,294,0,2
51,464,294,0,3
52,463,293,0,6
53,462,292,0,7
54,463,291,0,11
55,463,291,0,13
56,463,290,0,12
57,463,290,0,12
58,464,289,0,11
59,467,288,0,11
60,467,292,0,10
61,468,292,0,8
62,467,292,0,8
63,466,290,0,8
64,468,290,0,5
65,467,291,0,5
66,466,290,0,6
67,467,290,0,6
68,466,290,0,7
69,466,290,0,9
70,466,289,0,8
71,467,288,0,10
72,466,288,0,9
73,470,293,0,16
74,472,291,0,14
75,468,294,0,11
76,469,294,0,8
77,469,294,0,7
78,469,295,0,11
79,469,293,0,16
80,469,292,0,18
81,469,293,0,18
82,469,293,0,18
83,469,293,0,17
84,468,293,0,16
85,469,293,0,13
86,463,292,0,9
87,464,291,0,10
88,465,291,0,9
89,465,292,0,8
90,464,291,0,9
91,463,290,0,14
92,463,290,0,14
93,463,289,0,13
94,463,289,0,12
95,464,289,0,10
96,463,289,0,10
98,465,290,0,10
99,464,288,0,12
100,466,287,0,12
101,467,293,0,6
102,467,294,0,3
103,470,294,0,4
104,466,295,0,358
105,471,295,0,358
106,472,294,0,359
107,472,295,0,0
108,472,295,0,6
109,468,293,0,10
110,468,292,0,12
111,467,291,0,11
112,466,289,0,13
113,466,290,0,8
114,465,289,0,10
115,466,289,0,12
116,464,288,0,16
117,464,287,0,15
118,464,288,0,13
122,462,291,0,14
129,461,291,0,9
132,461,290,0,12
133,461,290,0,13
134,461,289,0,12
135,462,289,0,19
136,462,291,0,16
137,463,294,0,15
138,465,293,0,12
139,466,293,0,7
140,465,292,0,10
141,465,292,0,9
142,463,291,0,11
143,463,290,0,13
144,463,290,0,14
145,463,288,0,14
152,462,289,0,12
153,462,289,0,14
154,462,289,0,13
156,464,289,0,12
157,466,292,0,7
158,464,293,0,4
159,463,293,0,4
164,462,289,0,9
167,460,288,0,7
168,461,288,0,4
169,462,286,0,4
170,462,287,0,4
171,463,288,0,183
175,462,290,0,5
182,456,291,0,15
183,455,289,0,17
184,457,292,0,8
185,456,292,0,5
186,456,292,0,5
187,456,292,0,5
188,454,291,0,7
189,454,290,0,9
190,459,289,0,11
191,460,289,0,12
192,455,290,0,11
193,453,290,0,7
194,455,291,0,6
195,453,291,0,10
196,455,290,0,8
197,454,289,0,9
198,453,289,0,10
199,454,288,0,11
200,453,289,0,6
201,455,288,0,11
202,456,288,0,11
203,456,288,0,13
204,456,288,0,11
205,454,288,0,8
206,454,288,0,11
207,453,288,0,10
208,453,288,0,11
209,453,289,0,13
210,451,290,0,15
211,450,292,0,9
212,449,292,0,10
213,445,292,0,16
214,441,296,0,26
215,440,297,0,29
216,439,297,0,35
217,439,299,0,33
218,437,301,0,33
219,435,303,0,37
220,435,299,0,28
221,431,304,0,33
222,428,305,0,35
223,425,308,0,40
224,423,312,0,39
225,420,314,0,38
226,416,316,0,41
227,416,316,0,42
228,417,317,0,47
229,415,319,0,45
230,412,323,0,52
231,412,331,0,56
232,410,333,0,64
233,411,334,0,67
234,412,334,0,65
235,418,321,0,53
236,418,323,0,60
237,417,325,0,59
238,414,329,0,58
239,413,329,0,58
240,410,332,0,63
241,410,332,0,66
242,410,333,0,61
243,409,337,0,62
244,406,339,0,63
245,406,343,0,65
246,405,345,0,63
247,404,345,0,67
248,404,346,0,63
249,403,348,0,55
250,401,348,0,48
251,399,350,0,44
252,400,352,0,40
253,402,352,0,38
254,399,352,0,42
255,397,351,0,42
256,395,352,0,40
257,396,352,0,36
258,396,349,0,38
259,397,349,0,37
260,396,349,0,35
261,395,349,0,38
262,396,349,0,43
263,396,349,0,45
264,395,349,0,44
265,395,347,0,42
266,396,345,0,36
267,398,345,0,32
268,401,345,0,33
269,406,342,0,32
270,411,339,0,29
271,414,340,0,32
272,417,338,0,24
273,426,333,0,353
274,426,332,0,351
275,423,332,0,343
276,419,332,0,342
277,421,330,0,341
278,428,332,0,341
279,425,331,0,339
280,426,329,0,337
281,425,328,0,337
282,425,328,0,335
283,423,326,0,337
284,423,325,0,338
285,424,325,0,337
286,424,323,0,334
287,415,312,0,335
288,414,307,0,329
289,412,306,0,331
290,403,308,0,331
291,400,306,0,329
292,395,302,0,330
293,394,301,0,334
294,391,298,0,337
295,388,300,0,334
296,394,301,0,335
297,396,300,0,332
298,394,299,0,337
299,394,298,0,343
300,394,298,0,344
301,393,298,0,347
302,389,298,0,348
303,384,299,0,354
304,381,298,0,358
305,379,298,0,359
306,375,297,0,4
307,374,293,0,6
308,377,297,0,357
309,370,297,0,6
310,358,296,0,7
311,358,293,0,15
312,351,297,0,24
313,342,315,0,44
314,338,320,0,39
315,333,324,0,48
316,326,325,0,58
317,328,328,0,61
318,326,329,0,58
319,327,330,0,60
320,326,332,0,58
321,327,330,0,53
322,324,331,0,55
323,322,333,0,52
324,321,335,0,54
325,321,339,0,54
326,319,342,0,60
327,323,350,0,70
328,320,355,0,68
329,315,363,0,64
330,314,369,0,63
331,310,370,0,58
332,309,374,0,50
333,308,377,0,45
334,305,379,0,43
335,304,383,0,39
336,301,383,0,38
337,301,383,0,39
338,305,378,0,41
339,301,377,0,51
340,300,377,0,53
341,303,377,0,64
342,303,382,0,73
343,303,384,0,75
344,303,389,0,79
345,304,392,0,87
346,304,396,0,93
347,304,398,0,95
348,308,405,0,86
349,309,409,0,89
350,308,413,0,83
351,308,418,0,81
352,308,423,0,83
353,309,425,0,87
354,311,430,0,90
355,313,433,0,86
356,314,437,0,82
357,316,443,0,76
358,315,443,0,75
359,313,444,0,74
360,316,451,0,60
361,312,458,0,58
362,309,463,0,53
363,307,463,0,52
364,303,465,0,51
365,302,466,0,51
366,302,473,0,47
367,298,479,0,44
368,294,481,0,42
369,290,490,0,32
370,286,488,0,30
371,283,488,0,30
372,280,491,0,31
373,279,489,0,31
374,284,487,0,26
375,283,485,0,21
376,283,484,0,17
377,283,485,0,19
378,282,486,0,19
379,280,487,0,12
380,278,486,0,12
381,278,486,0,8
382,275,487,0,7
383,272,492,0,8
384,266,494,0,2
385,264,491,0,359
386,264,490,0,1
387,266,489,0,1
388,263,488,0,0
389,260,488,0,359
390,248,490,0,5
391,242,493,0,3
392,233,496,0,4
393,230,496,0,16
394,223,492,0,23
395,211,499,0,13
396,205,501,0,25
397,200,505,0,26
398,195,507,0,36
399,194,505,0,27
400,199,502,0,20
401,195,506,0,38
402,199,504,0,22
403,192,507,0,29
404,190,508,0,32
405,191,509,0,23
406,190,508,0,28
407,196,506,0,21
408,205,502,0,28
409,206,500,0,26
410,201,499,0,18
411,195,503,0,7
412,186,502,0,1
413,180,503,0,8
414,177,507,0,14
415,172,506,0,13
416,163,510,0,34
417,159,518,0,38
418,158,528,0,51
419,155,532,0,62
420,152,537,0,59
421,150,541,0,54
422,148,548,0,51
423,145,553,0,54
424,140,557,0,47
425,137,559,0,46
426,135,560,0,50
427,139,557,0,54
428,140,552,0,53
429,137,553,0,61
430,132,556,0,52
431,130,557,0,47
432,131,558,0,45
433,133,559,0,34
434,133,560,0,27
435,128,560,0,16
436,126,560,0,4
437,125,555,0,357
438,125,548,0,347
439,127,545,0,337
440,130,543,0,334
441,136,541,0,324
442,138,540,0,314
443,140,540,0,306
444,141,542,0,303
445,143,542,0,298
446,148,537,0,286
447,151,538,0,275
448,153,537,0,271
449,170,534,0,261
450,167,533,0,261
451,166,531,0,264
452,169,527,0,257
453,169,523,0,254
454,170,520,0,253
455,176,517,0,247
456,176,516,0,241
457,173,519,0,235
458,174,518,0,232
459,176,517,0,228
460,178,515,0,222
461,179,514,0,227
462,180,512,0,225
463,183,510,0,221
464,185,510,0,210
465,185,511,0,211
466,186,509,0,214
467,187,510,0,214
468,187,509,0,206
469,186,507,0,204
470,186,506,0,198
471,189,505,0,184
472,190,504,0,187
473,192,504,0,188
474,198,504,0,191
475,202,499,0,195
476,199,496,0,190
477,201,497,0,195
478,203,498,0,188
479,201,494,0,173
480,205,496,0,182
481,210,495,0,193
482,212,496,0,190
483,216,494,0,186
484,216,489,0,186
485,213,488,0,186
486,213,488,0,185
487,215,492,0,190
488,217,496,0,194
489,218,488,0,184
490,220,485,0,179
491,229,489,0,184
492,237,489,0,171
493,238,489,0,175
494,238,490,0,183
495,238,492,0,188
496,239,490,0,184
497,243,484,0,174
498,247,481,0,180
499,252,479,0,187
500,255,483,0,182
501,272,488,0,200
502,270,481,0,189
504,277,479,0,203
505,281,476,0,204
506,283,477,0,198
507,282,476,0,199
508,286,476,0,209
509,288,474,0,203
510,288,473,0,205
511,291,469,0,214
512,298,467,0,218
513,307,462,0,219
514,308,460,0,222
515,307,464,0,238
516,306,465,0,241
517,305,464,0,243
518,305,463,0,246
519,306,463,0,244
520,305,463,0,236
521,304,460,0,234
522,308,457,0,236
523,306,455,0,240
524,313,454,0,240
525,322,450,0,232
526,322,447,0,233
527,323,444,0,232
528,321,446,0,232
529,320,444,0,235
530,319,444,0,235
531,318,446,0,241
532,318,445,0,239
533,321,445,0,239
534,321,445,0,241
535,320,445,0,242
536,319,445,0,245
537,318,444,0,254
538,317,442,0,262
539,317,438,0,271
540,313,438,0,272
541,312,433,0,281
542,312,426,0,283
543,313,420,0,283
544,312,416,0,282
545,311,413,0,275
546,310,414,0,272
547,308,414,0,272
548,308,414,0,272
549,304,411,0,269
550,303,409,0,270
551,306,402,0,275
552,304,399,0,273
553,304,398,0,273
554,304,398,0,271
555,304,398,0,272
556,303,398,0,271
557,303,396,0,271
558,304,393,0,271
559,303,392,0,274
560,302,391,0,276
561,304,391,0,277
562,306,390,0,280
563,306,391,0,280
564,307,388,0,278
565,305,387,0,278
566,302,383,0,263
567,301,382,0,261
568,298,367,0,259
569,298,362,0,260
570,301,356,0,259
571,308,350,0,240
572,309,346,0,242
573,311,341,0,237
574,313,334,0,241
575,314,331,0,248
576,318,328,0,238
577,317,326,0,239
578,316,326,0,244
579,318,328,0,239
580,320,327,0,237
581,318,328,0,239
582,315,324,0,243
583,314,323,0,240
584,314,322,0,240
585,314,321,0,232
586,312,321,0,224
587,309,324,0,222
588,308,328,0,224
589,309,327,0,248
590,313,320,0,265
591,314,318,0,265
592,313,314,0,263
593,310,313,0,269
594,311,309,0,268
595,309,300,0,278
596,313,296,0,266
597,310,294,0,264
598,310,289,0,256
599,312,282,0,249
600,315,274,0,245
601,317,268,0,239
602,321,265,0,237
603,321,262,0,239
604,322,263,0,239
605,321,261,0,232
606,321,259,0,220
607,323,256,0,220
608,330,251,0,216
609,339,249,0,209
610,347,248,0,207
611,350,246,0,207
612,348,243,0,211
613,352,237,0,216
614,358,232,0,211
615,363,229,0,205
616,364,229,0,206
617,369,227,0,199
618,371,228,0,203
619,374,231,0,199
620,383,233,0,193
621,387,229,0,196
622,390,227,0,194
623,398,226,0,184
624,399,225,0,180
625,400,227,0,183
626,407,228,0,185
627,404,230,0,189
628,395,230,0,184
629,395,230,0,176
630,399,231,0,162
631,409,232,0,166
632,420,238,0,157
633,424,239,0,151
634,429,238,0,158
635,441,242,0,152
636,447,247,0,148
637,447,251,0,150
638,445,251,0,149
639,444,251,0,150
640,445,251,0,145
641,447,255,0,124
642,450,263,0,111
643,449,266,0,110
644,449,269,0,109
645,453,278,0,118
646,457,285,0,125
647,462,287,0,128
648,460,285,0,138
649,460,285,0,145
651,469,289,0,146
652,473,288,0,152
653,477,291,0,159
654,484,289,0,168
655,489,294,0,172
656,495,292,0,184
657,505,290,0,189
658,504,289,0,190
659,505,291,0,195
660,502,291,0,188
661,504,293,0,193
662,505,294,0,191
663,503,294,0,173
664,503,297,0,157
665,505,300,0,153
666,508,305,0,159
667,506,303,0,155
668,503,302,0,149
669,506,303,0,149
670,507,306,0,148
671,507,307,0,151
672,506,305,0,154
673,508,307,0,153
674,505,301,0,156
675,509,304,0,158
676,515,305,0,158
677,518,306,0,153
678,520,308,0,155
679,518,309,0,156
680,515,307,0,159
681,515,307,0,163
682,515,308,0,165
683,511,308,0,162
684,509,309,0,162
685,513,306,0,165
686,512,304,0,159
687,511,304,0,157
688,513,304,0,158
689,516,306,0,161
690,526,309,0,159
691,529,312,0,166
692,537,311,0,159
693,540,315,0,165
694,545,319,0,168
695,550,315,0,169
696,554,314,0,173
697,554,313,0,180
698,558,314,0,184
699,560,313,0,178
700,561,312,0,174
701,563,314,0,171
702,557,317,0,175
703,552,314,0,178
704,555,316,0,167
705,553,316,0,162
706,550,316,0,169
707,551,316,0,169
708,550,316,0,171
709,553,317,0,170
710,556,317,0,169
711,563,320,0,165
712,568,319,0,153
713,568,322,0,147
714,570,325,0,138
715,566,323,0,144
716,562,323,0,149
717,562,324,0,148
718,563,326,0,143
719,564,327,0,146
720,560,327,0,158
721,563,319,0,153
722,565,317,0,152
723,564,325,0,156
724,573,327,0,164
725,575,324,0,175
726,577,327,0,172
727,583,325,0,167
728,583,324,0,172
729,582,329,0,177
730,580,331,0,179
731,579,330,0,173
732,578,329,0,165
733,575,330,0,159
734,573,333,0,170
735,575,333,0,168
736,579,334,0,168
737,587,335,0,172
738,593,330,0,179
739,604,329,0,186
740,605,327,0,185
741,609,331,0,172
742,611,333,0,163
743,609,333,0,161
744,610,334,0,161
745,610,334,0,170
746,613,333,0,173
747,614,332,0,174
748,616,335,0,169
749,615,336,0,169
750,614,335,0,169
751,612,331,0,175
752,606,330,0,179
753,604,328,0,182
754,601,329,0,189
755,600,328,0,197
756,600,327,0,209
757,605,319,0,220
758,606,313,0,232
759,606,310,0,229
760,604,308,0,227
761,604,304,0,233
762,604,302,0,233
763,608,299,0,255
764,612,295,0,246
765,614,289,0,243
766,616,286,0,240
767,618,290,0,235
768,618,293,0,223
769,620,301,0,201
770,624,306,0,181
771,628,308,0,168
772,633,314,0,157
773,634,319,0,146
774,638,322,0,147
775,635,321,0,156
776,637,320,0,161
777,641,319,0,156
778,642,320,0,155
779,642,320,0,155
780,643,320,0,153
781,639,319,0,141
782,638,321,0,144
783,639,321,0,143
784,638,321,0,146
785,636,322,0,152
786,636,320,0,151
787,631,317,0,130
788,628,317,0,124
789,627,316,0,111
790,624,317,0,97
791,622,317,0,84
792,621,322,0,77
793,618,326,0,73
794,615,325,0,64
795,611,329,0,50
796,611,331,0,43
797,609,332,0,39
798,608,333,0,36
799,608,331,0,26
800,605,331,0,10
801,605,329,0,3
802,602,328,0,352
803,601,323,0,359
804,596,322,0,3
805,591,314,0,24
806,587,309,0,36
807,584,311,0,37
808,586,313,0,35
809,589,315,0,25
810,592,315,0,23
811,593,315,0,17
812,594,315,0,15
813,594,315,0,16
814,594,315,0,16
815,595,315,0,14
816,596,314,0,14
817,596,314,0,16
818,596,314,0,16
819,595,314,0,17
820,593,315,0,18
821,592,315,0,16
822,590,315,0,18
823,588,312,0,11
824,587,314,0,11
825,586,316,0,15
826,584,319,0,24
827,584,320,0,23
828,584,317,0,24
829,585,313,0,28
830,584,314,0,29
831,587,312,0,27
832,587,311,0,27
833,588,311,0,23
834,588,310,0,24
835,588,310,0,25
836,588,311,0,25
837,589,311,0,23
838,588,311,0,25
839,589,312,0,22
840,589,312,0,20
841,590,311,0,21
842,590,311,0,21
843,590,311,0,21
844,590,312,0,21
845,590,311,0,22
846,590,311,0,22
847,590,311,0,22
848,590,311,0,22
849,591,311,0,22
850,591,311,0,21
851,591,311,0,21
852,591,310,0,22
853,591,310,0,22
854,590,310,0,21
855,590,310,0,22
856,590,310,0,22
857,590,311,0,21
858,590,311,0,22
859,590,311,0,23
860,590,311,0,23
861,590,311,0,23
862,590,311,0,23
863,590,311,0,24
864,591,311,0,25
865,591,311,0,27
866,590,312,0,28
867,591,312,0,26
868,591,312,0,24
869,591,312,0,24
870,590,312,0,24
871,590,312,0,24
872,591,311,0,21
873,590,311,0,22
874,590,311,0,23
875,590,311,0,24
876,590,312,0,24
877,590,311,0,25
878,590,312,0,23
879,590,312,0,23
880,590,312,0,24
881,589,312,0,24
882,590,312,0,24
883,589,312,0,24
884,589,312,0,24
885,589,313,0,24
886,589,312,0,23
887,589,312,0,24
888,589,312,0,24
889,588,313,0,25
890,588,313,0,25
891,589,312,0,25
892,589,313,0,26
893,589,313,0,26
894,589,312,0,24
895,588,313,0,25
896,588,313,0,25
897,588,313,0,25
898,588,313,0,25
899,589,313,0,25
900,589,313,0,26
901,589,313,0,25
902,589,312,0,25
903,588,313,0,25
904,588,313,0,25
905,589,312,0,25
906,588,313,0,25
907,588,313,0,25
908,588,313,0,26
909,589,313,0,25
910,588,313,0,26
911,588,313,0,26
912,589,313,0,25
913,588,313,0,26
914,588,313,0,25
915,589,313,0,25
916,589,313,0,24
917,589,313,0,24
918,589,313,0,25
919,588,313,0,25
920,589,313,0,25
921,589,313,0,24
922,588,313,0,25
923,588,313,0,25
924,588,313,0,26
925,588,313,0,26
926,588,313,0,25
927,588,313,0,26
928,588,313,0,26
929,588,313,0,27
930,588,313,0,26
931,588,313,0,25
932,588,313,0,24
933,589,312,0,25
934,589,312,0,25
935,589,312,0,25
936,589,312,0,24
937,589,313,0,23
938,589,312,0,24
939,589,312,0,24
940,589,312,0,24
941,589,312,0,24
942,589,312,0,24
943,589,312,0,25
944,589,312,0,23
945,589,312,0,24
946,589,312,0,24
947,589,312,0,24
948,589,312,0,23
949,589,312,0,24
950,589,312,0,24
951,589,312,0,24
952,589,312,0,24
953,588,312,0,24
954,588,312,0,23
955,588,312,0,23
956,588,312,0,23
957,589,312,0,23
958,589,312,0,24
959,589,312,0,24
960,589,312,0,24
961,589,312,0,24
962,589,312,0,23
963,589,312,0,24
964,589,312,0,23
965,589,312,0,23
966,589,312,0,23
967,589,312,0,23
968,589,312,0,24
969,589,312,0,23
970,589,312,0,23
971,589,312,0,23
972,588,312,0,23
973,589,312,0,25
974,588,313,0,24
975,589,313,0,23
976,589,312,0,23
977,589,313,0,24
978,589,313,0,23
979,589,313,0,24
980,589,313,0,24
981,588,313,0,23
982,588,313,0,23
983,588,313,0,23
984,588,313,0,23
985,588,313,0,24
986,588,313,0,24
987,588,313,0,24
988,588,313,0,23
989,588,313,0,22
990,588,313,0,23
991,588,313,0,22
992,588,313,0,23
993,588,313,0,23
994,588,313,0,24
995,588,313,0,24
996,588,313,0,24
997,588,313,0,25
998,588,313,0,24
999,588,313,0,24
1000,588,313,0,25
1001,588,314,0,24
1002,588,314,0,23
1003,588,314,0,25
1004,588,313,0,24
1005,588,313,0,23
1006,588,313,0,24
1007,588,313,0,23
1008,588,313,0,24
1009,588,313,0,23
1010,588,314,0,21
1011,589,314,0,20
1012,589,314,0,23
1013,589,314,0,24
1014,588,314,0,25
1015,588,313,0,26
1016,589,313,0,24
1017,588,313,0,26
1018,589,312,0,27
1019,589,313,0,26
1020,589,313,0,28
1021,589,313,0,28
1022,588,313,0,30
1023,587,314,0,30
1024,590,313,0,30
1025,590,314,0,30
1026,591,313,0,28
1027,591,314,0,24
1028,592,314,0,27
1029,591,315,0,32
1030,590,316,0,35
1031,590,317,0,39
1032,591,318,0,44
1033,591,317,0,48
1034,592,316,0,49
1035,593,315,0,48
1036,595,311,0,39
1037,595,310,0,39
1038,597,311,0,33
1039,598,310,0,31
1040,599,311,0,29
1041,600,311,0,27
1042,600,311,0,28
1043,600,310,0,38
1044,598,312,0,42
1045,598,312,0,43
1046,602,309,0,39
1047,601,310,0,38
1048,601,309,0,44
1049,599,310,0,51
1050,599,309,0,52
1051,599,311,0,52
1052,598,314,0,51
1053,598,317,0,49
1054,597,321,0,56
1055,597,320,0,46
1056,596,317,0,41
1057,596,320,0,51
1058,595,319,0,57
1059,595,316,0,67
1060,595,319,0,66
1061,596,322,0,71
1062,597,327,0,64
1063,594,328,0,57
1064,588,330,0,49
1065,583,331,0,40
1066,579,334,0,40
1067,576,338,0,38
1068,570,341,0,39
1069,568,344,0,41
1070,570,348,0,39
1071,569,348,0,42
1072,570,353,0,41
1073,569,357,0,47
1074,568,362,0,48
1075,566,365,0,55
1076,564,373,0,67
1077,566,377,0,77
1078,564,379,0,73
1079,558,385,0,64
1080,555,389,0,56
1081,549,392,0,50
1082,547,396,0,49
1083,544,399,0,34
1084,544,397,0,24
1085,546,396,0,19
1086,546,396,0,15
1087,546,396,0,9
1088,542,395,0,7
1089,538,396,0,14
1090,532,400,0,22
1091,530,400,0,23
1092,530,401,0,17
1093,528,404,0,20
1094,527,406,0,27
1095,524,411,0,33
1096,523,414,0,38
1097,521,415,0,46
1098,521,413,0,58
1099,521,412,0,63
1100,513,409,0,69
1101,506,417,0,69
1102,502,422,0,64
1103,502,424,0,58
1104,499,428,0,58
1105,499,437,0,55
1106,494,439,0,57
1107,492,444,0,55
1108,490,445,0,53
1109,489,447,0,59
1110,488,447,0,63
1111,487,447,0,58
1112,485,449,0,51
1113,485,448,0,43
1114,485,451,0,41
1115,484,450,0,47
1116,487,448,0,56
1117,489,448,0,68
1118,492,452,0,69
1119,495,451,0,78
1120,496,451,0,84
1121,495,453,0,91
1122,494,453,0,106
1123,497,452,0,127
1124,501,451,0,129
1125,505,453,0,134
1126,509,452,0,142
1127,512,452,0,151
1128,515,454,0,158
1129,512,458,0,171
1130,512,461,0,165
1131,511,459,0,165
1132,510,456,0,154
1133,510,457,0,160
1134,512,459,0,172
1135,514,457,0,176
1136,518,456,0,180
1137,518,454,0,175
1138,524,454,0,172
1139,524,454,0,171
1140,526,454,0,173
1141,525,454,0,173
1142,524,455,0,172
1143,523,457,0,165
1144,522,460,0,164
1145,522,459,0,143
1146,523,462,0,145
1147,522,467,0,142
1148,523,469,0,147
1149,522,471,0,147
1150,524,475,0,141
1151,537,486,0,134
1152,546,487,0,131
1153,551,489,0,130
1154,553,492,0,128
1155,553,494,0,128
1156,556,497,0,133
1157,556,496,0,129
1158,554,496,0,126
1159,554,496,0,123
1160,557,501,0,123
1161,556,501,0,132
1162,552,497,0,125
1163,551,498,0,126
1164,556,502,0,123
1165,556,505,0,121
1166,559,505,0,116
1167,561,509,0,120
1168,564,513,0,122
1169,564,515,0,124
1170,563,517,0,129
1171,562,517,0,131
1172,560,515,0,132
1173,559,513,0,131
1174,562,511,0,141
1175,561,510,0,139
1176,565,509,0,138
1177,565,510,0,135
1178,564,512,0,122
1179,563,511,0,118
1180,562,512,0,114
1181,561,511,0,100
1182,561,510,0,96
1183,563,511,0,100
1184,566,514,0,96
1185,565,515,0,89
1186,563,512,0,89
1187,562,509,0,84
1188,562,508,0,87
1189,561,507,0,90
1190,561,505,0,94
1191,562,507,0,97
1192,564,514,0,97
1193,562,519,0,91
1194,561,523,0,86
1195,562,523,0,87
1196,561,525,0,92
1197,561,529,0,91
1198,562,533,0,87
1199,565,537,0,79
1200,564,542,0,67
1201,562,543,0,57
1202,557,543,0,43
1203,554,543,0,31
1204,546,544,0,27
1205,545,544,0,21
1206,537,548,0,26
1207,538,550,0,20
1208,535,553,0,21
1209,531,552,0,13
1210,529,551,0,10
1211,526,550,0,8
1212,524,549,0,8
1213,525,550,0,6
1214,530,550,0,2
1215,532,548,0,358
1216,532,548,0,359
1217,531,549,0,6
1218,526,551,0,2
1219,524,552,0,5
1220,521,555,0,25
1221,518,556,0,39
1222,519,558,0,45
1223,518,558,0,37
1224,518,558,0,41
1225,525,558,0,28
1226,529,554,0,2
1227,530,551,0,347
1228,526,544,0,340
1229,524,543,0,332
1230,522,543,0,320
1231,519,540,0,313
1232,519,538,0,305
1233,519,538,0,292
1234,520,535,0,277
1235,522,532,0,270
1236,523,531,0,268
1237,524,531,0,264
1238,524,532,0,270
1239,524,528,0,270
1240,524,527,0,270
1241,524,524,0,259
1242,526,522,0,250
1243,527,522,0,244
1244,528,520,0,239
1245,527,515,0,210
1246,528,515,0,199
1247,533,516,0,198
1248,535,518,0,190
1249,537,519,0,178
1250,544,525,0,184
1251,547,526,0,191
1252,552,525,0,204
1253,556,519,0,192
1254,556,516,0,192
1255,558,512,0,181
1256,560,514,0,190
1257,569,516,0,182
1258,573,516,0,178
1259,577,516,0,179
1260,579,514,0,180
1261,581,513,0,171
1262,580,514,0,171
1263,581,514,0,167
1264,585,516,0,146
1265,586,519,0,145
1266,586,525,0,132
1267,588,528,0,128
1268,587,528,0,124
1269,587,529,0,122
1270,589,534,0,119
1271,588,540,0,125
1272,591,542,0,124
1273,593,546,0,114
1274,594,550,0,109
1275,596,556,0,105
1276,595,558,0,104
1277,593,558,0,107
1278,591,559,0,113
1279,590,555,0,112
1280,592,556,0,129
1281,597,557,0,133
1282,601,562,0,134
1283,604,563,0,131
1284,609,567,0,138
1285,616,564,0,133
1286,621,563,0,135
1287,624,566,0,153
1288,626,566,0,156
1289,628,568,0,160
1290,629,568,0,157
1291,630,567,0,144
1292,631,566,0,131
1293,631,573,0,133
1294,630,577,0,135
1295,630,579,0,132
1296,632,584,0,124
1297,635,587,0,120
1298,636,586,0,122
1299,631,583,0,115
1300,628,576,0,98
1301,625,578,0,78
1302,622,580,0,68
1303,617,584,0,65
1304,614,587,0,60
1305,615,588,0,63
1306,612,589,0,61
1307,616,588,0,60
1308,614,587,0,43
1309,610,589,0,31
1310,607,590,0,17
1311,606,592,0,12
1312,605,593,0,6
1313,605,594,0,2
1314,604,593,0,9
1315,605,595,0,2
1316,604,595,0,349
1317,600,591,0,337
1318,598,587,0,331
1319,594,585,0,332
1320,591,584,0,325
1321,587,580,0,319
1322,585,577,0,314
1323,582,574,0,310
1324,577,572,0,305
1325,580,572,0,288
1326,582,568,0,288
1327,585,564,0,287
1328,582,562,0,283
1329,580,560,0,281
1330,579,559,0,276
1331,580,560,0,275
1332,578,560,0,273
1333,577,557,0,272
1334,578,561,0,271
1335,578,563,0,263
1336,582,556,0,257
1337,581,555,0,250
1338,587,548,0,248
1339,589,545,0,242
1340,591,542,0,230
1341,593,537,0,216
1342,592,532,0,225
1343,596,525,0,229
1344,598,524,0,240
1345,600,521,0,234
1346,601,519,0,238
1347,603,518,0,242
1348,603,517,0,236
1349,605,517,0,236
1350,607,514,0,252
1351,607,510,0,258
1352,606,507,0,257
1353,603,506,0,257
1354,603,505,0,261
1355,603,504,0,264
1356,602,501,0,264
1357,604,496,0,254
1358,603,492,0,262
1359,603,489,0,265
1360,605,485,0,266
1361,604,483,0,270
1362,603,484,0,271
1363,601,484,0,279
1364,601,481,0,288
1365,600,480,0,295
1366,601,478,0,304
1367,597,480,0,310
1368,595,479,0,311
1369,594,479,0,313
1370,591,480,0,322
1371,587,480,0,328
1372,587,479,0,341
1373,594,482,0,333
1374,596,485,0,337
1375,595,487,0,343
1376,595,488,0,341
1377,597,490,0,349
1378,599,493,0,357
1379,599,494,0,6
1380,599,497,0,12
1381,599,496,0,14
1382,597,499,0,18
1383,598,497,0,22
1384,597,493,0,30
1385,594,489,0,41
1386,593,483,0,55
1387,592,484,0,63
1388,593,485,0,66
1389,594,486,0,64
1390,594,485,0,60
1391,595,483,0,57
1392,595,484,0,61
1393,596,483,0,57
1394,596,483,0,58
1395,596,483,0,57
1396,597,482,0,56
1397,597,481,0,59
1398,597,481,0,61
1399,597,481,0,59
1400,597,481,0,60
1401,597,480,0,60
1402,598,480,0,59
1403,598,481,0,58
1404,599,480,0,57
1405,599,480,0,57
1406,599,480,0,58
1407,599,480,0,60
1408,599,479,0,59
1409,599,479,0,59
1410,599,479,0,61
1411,599,480,0,59
1412,598,479,0,55
1413,599,479,0,58
1414,598,479,0,55
1415,598,480,0,54
1416,598,480,0,55
1417,598,480,0,57
1418,598,480,0,57
1419,598,480,0,56
1420,598,480,0,57
1421,598,480,0,57
1422,598,480,0,55
1423,598,480,0,56
1424,598,480,0,58
1425,598,481,0,57
1426,598,481,0,58
1427,598,481,0,58
1428,599,481,0,61
1429,598,479,0,58
1430,597,480,0,61
1431,597,479,0,61
1432,597,480,0,61
1433,597,480,0,59
1434,596,481,0,62
1435,596,480,0,63
1436,596,482,0,59
1437,596,482,0,59
1438,596,483,0,59
1439,596,481,0,64
1440,597,480,0,72
1441,596,482,0,78
1442,597,481,0,86
1443,598,482,0,89
1444,602,486,0,87
1445,604,491,0,87
1446,603,495,0,84
1447,606,496,0,87
1448,606,495,0,90
1449,606,495,0,91
1450,604,494,0,91
1451,604,494,0,90
1452,605,494,0,92
1453,605,495,0,92
1454,605,495,0,89
1455,604,496,0,88
1456,604,496,0,89
1457,606,495,0,91
1458,606,494,0,94
1459,608,494,0,98
1460,610,496,0,105
1461,614,496,0,116
1462,614,495,0,126
1463,615,497,0,134
1464,615,500,0,148
1465,617,501,0,155
1466,618,502,0,165
1467,622,502,0,170
1468,625,500,0,168
1469,627,501,0,174
1470,626,500,0,178
1471,624,498,0,179
1472,621,499,0,186
1473,620,499,0,188
1474,617,500,0,189
1475,612,503,0,191
1476,611,501,0,191
1477,612,498,0,203
1478,613,497,0,208
1479,613,496,0,211
1480,612,496,0,220
1481,617,496,0,236
1482,618,495,0,235
1483,619,493,0,240
1484,619,491,0,243
1485,619,490,0,240
1486,616,495,0,237
1487,615,495,0,231
1488,614,494,0,214
1489,622,494,0,189
1490,632,499,0,189
1491,635,503,0,186
1492,634,502,0,196
1493,633,500,0,201
1494,636,500,0,201
1495,636,498,0,204
1496,636,497,0,202
1497,635,497,0,202
1498,635,497,0,195
1499,639,498,0,194
1500,642,498,0,192
1501,647,497,0,198
1502,650,495,0,197
1503,654,496,0,202
1504,657,490,0,196
1505,660,487,0,202
1506,661,487,0,203
1507,662,487,0,207
1508,661,487,0,206
1509,667,488,0,204
1510,673,487,0,193
1511,676,489,0,187
1512,681,489,0,178
1513,687,485,0,163
1514,688,485,0,161
1515,691,483,0,159
1516,691,482,0,161
1517,690,482,0,156
1518,688,481,0,163
1519,691,484,0,145
1520,696,488,0,130
1521,701,490,0,122
1522,703,498,0,118
1523,705,502,0,118
1524,704,500,0,101
1525,706,501,0,105
1526,705,499,0,108
1527,705,501,0,115
1528,708,501,0,113
1529,708,497,0,116
1530,706,498,0,120
1531,709,501,0,124
1532,713,504,0,120
1533,717,510,0,116
1534,719,509,0,113
1535,720,508,0,107
1536,722,509,0,108
1537,720,509,0,106
1538,719,509,0,106
1539,718,510,0,109
1540,717,513,0,114
1541,717,517,0,123
1542,721,520,0,123
1543,728,530,0,117
1544,738,537,0,101
1545,737,539,0,99
1546,736,540,0,95
1547,740,540,0,96
1548,738,543,0,101
1549,743,551,0,99
1550,750,560,0,98
1551,746,563,0,107
1552,746,569,0,116
1553,750,576,0,110
1554,752,579,0,114
1555,754,582,0,127
1556,759,585,0,136
1557,763,586,0,145
1558,768,587,0,142
1559,771,591,0,140
1560,778,594,0,144
1561,784,600,0,147
1562,787,603,0,152
1563,790,606,0,155
1564,791,608,0,154
1565,794,607,0,150
1566,794,607,0,149
1567,792,606,0,153
1568,792,605,0,144
1569,793,608,0,122
1570,791,613,0,108
1571,789,616,0,105
1572,787,617,0,102
1573,786,619,0,101
1574,787,624,0,94
1575,789,627,0,93
1576,790,629,0,91
1577,791,630,0,80
1578,795,635,0,73
1579,795,636,0,69
1580,796,637,0,68
1581,797,638,0,66
1582,796,637,0,63
1583,795,637,0,61
1584,791,643,0,62
1585,790,644,0,73
1586,788,647,0,71
1587,785,652,0,67
1588,780,657,0,64
1589,777,661,0,59
1590,773,663,0,47
1591,769,665,0,41
1592,765,667,0,34
1593,760,670,0,25
1594,758,669,0,14
1595,756,667,0,0
1596,755,666,0,355
1597,747,662,0,345
1598,743,659,0,340
1599,738,658,0,334
1600,733,656,0,325
1601,736,658,0,316
1602,736,654,0,297
1603,732,654,0,283
1604,729,651,0,280
1605,732,653,0,269
1606,732,651,0,271
1607,730,649,0,269
1608,730,647,0,269
1609,731,643,0,278
1610,731,639,0,284
1611,735,641,0,287
1612,735,641,0,290
1613,735,640,0,293
1614,735,640,0,294
1615,736,640,0,297
1616,738,640,0,303
1617,741,647,0,290
1618,743,649,0,294
1619,740,646,0,306
1620,734,643,0,311
1621,731,640,0,317
1622,730,635,0,307
1623,729,633,0,304
1624,726,631,0,306
1625,723,632,0,303
1626,720,631,0,304
1627,719,629,0,304
1628,719,628,0,303
1629,718,627,0,304
1630,717,625,0,303
1631,719,626,0,304
1632,719,625,0,302
1633,722,627,0,307
1634,727,630,0,309
1635,723,631,0,325
1636,715,627,0,344
1637,711,627,0,352
1638,709,628,0,355
1639,707,627,0,359
1640,707,628,0,3
1641,706,629,0,0
1642,704,628,0,359
1643,696,628,0,357
1644,691,629,0,3
1645,686,631,0,14
1646,686,631,0,23
1647,685,630,0,28
1648,683,631,0,29
1649,680,632,0,28
1650,679,631,0,20
1651,680,631,0,15
1652,678,635,0,17
1653,676,637,0,16
1654,675,639,0,14
1655,673,639,0,18
1656,670,638,0,20
1657,669,638,0,18
1658,670,638,0,16
1659,670,638,0,21
1660,670,638,0,23
1661,669,639,0,20
1662,669,640,0,18
1663,668,640,0,18
1665,669,641,0,16
1666,668,641,0,17
1667,669,640,0,18
1668,670,639,0,21
1669,669,637,0,24
1671,668,635,0,27
1672,669,637,0,32
1673,669,637,0,31
1674,669,637,0,31
1675,669,638,0,30
1676,668,638,0,30
1677,668,637,0,31
1678,667,637,0,33
1679,668,637,0,30
1680,668,637,0,31
1682,668,637,0,31
1683,668,637,0,30
1687,667,637,0,28
1689,667,637,0,29
1690,667,637,0,28
1691,667,637,0,29
1692,667,636,0,28
1693,662,638,0,37
1694,657,637,0,55
1695,657,637,0,63
1696,656,638,0,62
1697,654,636,0,61
1698,655,636,0,68
1699,656,636,0,64
1700,657,638,0,62
1701,656,638,0,58
1702,657,638,0,56
1703,657,637,0,58
1704,658,636,0,56
1705,659,636,0,54
1706,659,636,0,53
1707,659,636,0,51
1708,658,637,0,54
1709,659,635,0,52
1710,662,634,0,43
1711,666,636,0,33
1712,668,636,0,34
1713,669,637,0,30
1715,667,636,0,29
1716,666,636,0,30
1717,666,637,0,30
1718,666,637,0,31
1719,666,637,0,31
1720,666,637,0,32
1721,666,637,0,30
1722,667,637,0,27
1723,667,636,0,27
1724,667,637,0,30
1725,667,637,0,30
1726,665,639,0,30
1727,665,639,0,31
1728,666,639,0,32
1729,666,638,0,31
1730,666,637,0,33
1731,665,638,0,32
1732,666,638,0,31
1733,666,638,0,29
1734,667,638,0,30
1735,665,640,0,30
1736,664,639,0,34
1737,663,639,0,34
1738,665,639,0,33
1739,666,639,0,32
1740,666,638,0,28
1741,666,639,0,30
1742,665,639,0,32
1743,666,639,0,32
1744,666,638,0,32
1745,665,639,0,32
1746,665,639,0,31
1747,665,639,0,31
1748,665,639,0,31
1749,665,639,0,30
1750,665,639,0,32
1751,666,638,0,31
1752,665,637,0,30
1753,664,640,0,28
1754,663,640,0,25
1755,662,642,0,16
1756,659,644,0,5
1757,658,644,0,356
1758,659,643,0,355
1759,663,643,0,0
1760,661,643,0,358
1761,660,643,0,352
1762,659,643,0,344
1763,662,643,0,348
1764,660,643,0,336
1765,659,644,0,333
1766,661,641,0,335
1767,661,644,0,327
1768,660,645,0,333
1769,660,644,0,329
1770,660,644,0,331
1771,660,644,0,333
1772,660,644,0,333
1773,660,644,0,333
1774,660,644,0,333
1775,659,644,0,327
1776,661,645,0,317
1777,661,644,0,322
1778,661,645,0,315
1779,660,645,0,303
1780,659,645,0,303
1781,660,646,0,302
1782,660,645,1,287
1783,659,646,1,283
1784,658,646,1,280
1785,658,646,1,282
1786,658,646,1,282
1787,658,645,1,266
1788,657,645,1,270
1789,657,645,1,254
1790,656,644,1,243
1791,656,644,0,224
1792,658,642,0,223
1793,657,643,1,221
1794,657,643,1,215
1795,658,643,1,212
1796,657,644,1,211
1797,657,643,1,221
1798,657,643,1,230
1799,657,643,1,224
1800,657,643,1,238
1801,657,643,1,215
1802,658,643,1,223
1803,658,643,1,212
1804,657,643,1,211
1805,657,644,1,212
1806,657,644,1,219
1807,657,644,1,222
1808,656,643,1,227
1809,656,643,1,224
1810,656,643,1,228
1811,657,643,1,219
1812,657,643,1,224
1813,657,643,1,220
1814,657,643,1,223
1815,657,643,1,219
1816,657,643,1,217
1817,658,643,1,218
1818,658,643,1,213
1819,658,643,1,218
1820,658,643,1,233
1821,658,643,1,230
1822,657,644,1,225
1823,657,644,1,221
1824,658,643,1,224
1825,657,644,1,221
1826,657,643,1,223
1827,657,643,1,222
1828,657,643,1,222
1829,658,643,1,219
1830,657,643,1,217
1831,657,643,1,215
1832,657,643,1,218
1833,657,643,1,215
1834,657,643,1,225
1835,657,643,1,225
1836,657,643,1,225
1837,658,643,1,222
1838,657,643,1,224
1839,658,643,1,216
1840,658,643,1,214
1841,658,643,1,221
1842,658,643,1,221
1843,657,643,1,221
1844,657,643,1,220
1845,657,643,1,219
1846,657,644,1,220
1847,657,644,1,226
1848,657,644,1,226
1849,656,644,1,234
1850,656,644,1,238
1851,657,644,1,249
1852,657,643,1,235
1853,657,644,1,244
1854,657,644,1,248
1855,657,644,1,249
1856,657,643,1,240
1857,657,643,1,237
1858,657,643,1,240
1859,657,643,1,233
1860,657,643,1,228
1861,657,643,1,224
1862,657,643,1,233
1863,656,643,1,236
1864,655,644,1,240
1865,656,644,1,244
1866,656,644,1,251
1867,657,643,1,234
1868,657,643,1,229
1869,656,644,1,239
1870,656,644,1,243
1871,656,644,1,236
1872,657,644,1,239
1873,657,644,1,231
1874,657,644,1,224
1875,658,643,1,222
1876,657,643,1,224
1877,657,643,1,228
1878,659,643,0,200
1879,657,643,1,238
1880,661,642,0,198
1881,657,644,1,227
1882,658,643,1,226
1883,657,643,1,223
1884,657,643,1,223
1885,657,643,1,226
1886,657,643,1,224
1887,657,643,1,226
1888,657,643,1,225
1889,657,643,1,229
1890,657,643,1,225
1891,657,643,1,224
1892,658,643,1,226
1893,658,643,1,225
1894,658,644,1,219
1895,657,644,1,224
1896,658,644,1,217
1897,658,643,1,218
1898,660,643,0,204
1899,658,643,1,209
1900,658,644,1,204
1901,658,644,1,222
1902,658,644,1,205
1903,657,644,1,192
1906,656,644,1,80
1907,656,643,1,73
1908,655,643,1,67
1909,655,643,1,78
1911,655,643,1,72
1912,655,643,1,73
1913,655,642,1,68
1914,655,643,1,54
1915,656,643,1,56
1916,656,643,1,49
1917,657,643,1,48
1918,657,643,1,49
1919,657,643,1,56
1920,657,643,1,47
1921,657,644,1,46
1922,660,642,0,30
1923,662,642,0,24
1924,660,642,0,28
1925,657,644,1,38
1926,657,644,1,32
1927,657,644,1,35
1928,657,644,1,37
1929,657,643,1,40
1930,657,643,1,39
1931,657,643,1,42
1932,657,643,1,43
1933,657,644,1,46
1934,657,644,1,45
1935,657,644,1,43
1936,657,643,1,45
1937,657,643,1,45
1938,657,643,1,46
1939,657,643,1,50
1940,657,643,1,47
1941,657,643,1,49
1942,657,644,1,50
1943,657,643,1,47
1944,657,643,1,50
1945,657,643,1,48
1946,657,643,1,51
1947,658,643,1,44
1948,658,643,1,44
1949,658,644,1,46
1950,658,644,1,46
1951,658,644,1,46
1952,657,643,1,44
1953,657,643,1,46
1954,657,643,1,48
1955,657,643,1,47
1956,657,643,1,46
1957,657,643,1,48
1958,657,643,1,48
1959,657,643,1,47
1960,657,643,1,52
1961,657,643,1,45
1962,657,643,1,50
1963,657,643,1,44
1964,657,643,1,49
1965,657,643,1,50
1966,657,643,1,50
1967,657,643,1,46
1968,657,643,1,49
1969,657,643,1,50
1970,657,643,1,50
1971,657,643,1,50
1972,657,643,1,50
1973,657,643,1,46
1974,657,643,1,46
1975,657,643,1,48
1976,657,643,1,43
1977,657,643,1,48
1978,657,643,1,45
1979,657,643,1,49
1980,657,643,1,45
1981,657,643,1,48
1982,657,643,1,50
1983,657,643,1,44
1984,657,643,1,48
1985,657,643,1,49
1986,657,643,1,50
1987,657,643,1,50
1988,657,643,1,46
1989,657,643,1,47
1990,657,643,1,45
1991,657,643,1,46
1992,657,643,1,56
1993,657,643,1,43
1994,657,643,1,49
1995,657,643,1,49
1996,657,643,1,55
1997,657,644,1,56
1998,657,644,1,56
1999,657,644,1,50
2000,656,643,1,52
2001,656,643,1,54
2002,656,643,1,47
2003,656,642,1,41
2004,656,642,1,44
2005,656,642,1,45
2006,656,643,1,49
2007,660,643,0,12
2008,660,643,0,16
2009,660,643,0,14
2010,657,644,0,26
2011,657,644,0,35
2012,659,643,0,13
2013,656,644,1,35
2014,656,644,1,35
2015,656,644,1,34
2016,657,644,1,31
2017,657,644,1,40
2018,657,644,0,38
2019,656,644,1,48
2020,656,644,1,61
2021,658,642,0,31
2022,655,644,1,37
2023,655,645,1,31
2024,656,644,1,43
2025,656,644,1,40
2026,656,644,1,46
2027,656,644,1,44
2028,658,643,0,40
2029,656,644,1,31
2030,656,644,1,29
2031,656,644,1,32
2032,656,644,0,34
2033,656,644,1,30
2034,657,644,1,34
2035,656,644,1,30
2036,657,644,1,46
2037,657,643,1,52
2038,657,644,1,51
2039,657,644,1,44
2040,657,644,1,38
2041,657,644,1,38
2042,656,644,1,40
2043,656,644,1,49
2044,656,644,1,58
2045,656,644,1,49
2046,655,644,1,42
2047,656,644,1,39
2048,656,644,1,47
2049,655,644,1,54
2050,654,644,1,53
2051,654,644,1,66
2052,655,644,1,63
2053,656,644,1,58
2054,656,644,1,52
2055,656,644,1,56
2056,656,644,1,67
2057,656,644,1,67
2058,656,644,1,49
2059,656,644,1,53
2060,656,644,1,41
2061,656,644,1,45
2065,657,644,1,46
2066,657,644,1,34
2067,657,644,1,36
2068,657,644,1,42
2069,657,644,1,39
2070,657,643,1,44
2071,657,643,1,45
2072,658,643,1,40
2073,657,644,1,41
2074,657,644,1,56
2075,657,644,1,22
2076,661,643,0,10
2077,662,642,0,16
2078,657,644,0,41
2079,657,643,1,43
2080,658,643,0,28
2081,657,644,1,47
2082,657,644,1,51
2083,657,643,1,56
2084,657,643,1,54
2085,657,643,1,56
2086,657,644,1,56
2087,657,644,1,54
2088,657,643,1,57
2089,657,644,1,53
2090,657,643,1,51
2091,658,643,1,41
2092,657,643,1,47
2093,658,643,1,41
2094,657,643,1,45
2095,657,643,1,50
2096,657,643,1,49
2097,657,644,1,51
2098,663,640,0,29
2099,664,640,0,28
2100,664,640,0,30
2101,664,640,0,27
2102,657,643,1,46
2105,657,644,1,42
2106,657,644,1,65
2107,657,644,1,48
2108,658,644,1,43
2109,657,644,1,43
2110,657,644,1,42
2111,657,644,1,40
2112,657,644,1,30
2113,657,644,1,31
2114,657,644,1,28
2115,657,644,1,27
2116,657,644,1,27
2117,657,644,1,28
2118,657,644,1,29
2119,657,644,1,30
2120,657,644,1,29
2121,657,644,1,28
2122,657,644,1,31
2123,657,644,1,31
2124,657,644,1,25
2125,657,644,1,22
2126,657,644,1,19
2127,657,644,1,26
2128,657,644,1,33
2129,657,644,1,39
2130,657,644,1,41
2131,657,644,1,37
2132,657,644,1,33
2133,657,644,1,30
2134,657,644,1,38
2135,657,644,1,31
2136,657,644,1,24
2137,657,644,1,28
2138,657,644,1,21
2139,657,644,1,22
2140,657,644,1,32
2141,657,644,1,26
2142,657,644,1,42
2143,657,644,1,37
2144,657,644,1,40
2145,657,644,1,49
2146,657,643,1,46
2147,657,643,1,47
2148,657,644,1,50
2149,657,644,1,48
2150,657,644,1,33
2151,657,644,1,32
2152,657,644,1,33
2153,657,644,1,29
2154,657,643,1,37
2155,657,643,1,35
2156,659,643,0,11
2157,660,643,0,7
2158,659,644,0,8
2159,657,644,1,32
2160,659,643,0,16
2161,656,644,1,25
2162,657,644,1,31
2163,657,644,1,33
2164,657,644,1,32
2165,657,644,1,39
2166,657,644,1,40
2167,657,644,1,42
2168,657,644,1,42
2169,657,644,1,36
2170,657,644,1,44
2171,657,644,1,45
2172,657,644,1,40
2173,657,644,1,40
2174,657,644,1,55
2175,657,644,1,52
2176,657,644,1,50
2177,657,643,1,48
2178,657,643,1,45
2179,657,643,1,52
2180,657,643,1,56
2181,657,643,1,51
2182,657,643,1,51
2183,657,643,1,53
2184,657,643,1,56
2185,657,643,1,56
2186,657,643,1,46
2187,657,643,1,56
2188,657,643,1,53
2189,657,643,1,47
2190,657,643,1,44
2191,657,643,1,54
2192,657,643,1,48
2193,657,643,1,47
2194,657,643,1,49
2195,657,643,1,53
2196,657,643,1,49
2197,657,643,1,53
2198,657,643,1,52
2199,657,644,1,49
2200,657,644,1,51
2201,657,644,1,53
2202,657,644,0,49
2203,659,643,0,19
2204,657,644,0,39
2205,660,643,0,14
2206,661,643,0,13
2207,660,643,0,14
2208,661,643,0,14
2209,661,643,0,13
2210,661,643,0,12
2211,661,643,0,13
2212,662,643,0,13
2213,662,643,0,12
2214,661,643,0,11
2215,661,643,0,13
2216,657,644,1,52
2217,657,644,1,52
2218,657,644,1,48
2219,657,644,1,42
2220,657,644,1,54
2221,657,644,1,42
2222,657,644,1,46
2223,657,644,1,51
2224,657,644,1,37
2225,657,644,1,49
2226,657,644,1,44
2227,657,643,1,45
2228,657,644,1,44
2229,657,644,1,47
2230,657,644,1,46
2231,657,643,1,43
2232,658,643,1,29
2233,658,643,1,38
2234,657,644,1,56
2235,657,644,1,57
2236,657,643,1,53
2237,657,644,1,51
2238,657,644,1,54
2239,657,644,1,49
2240,657,644,1,56
2241,657,644,1,47
2242,657,644,1,44
2243,657,644,1,47
2244,659,644,0,7
2245,657,644,1,39
2246,657,644,1,32
2247,657,643,1,43
2248,657,644,1,48
2249,657,644,1,44
2250,657,644,1,45
2251,657,644,1,43
2252,657,644,1,36
2253,657,644,1,38
2254,657,644,1,40
2255,657,644,1,41
2256,657,644,1,46
2257,656,644,1,40
2258,656,644,1,57
2259,656,644,1,55
2260,656,644,1,48
2261,657,644,1,45
2262,657,644,1,47
2263,657,644,1,41
2264,657,643,1,40
2265,657,644,1,40
2266,657,644,1,42
2267,657,644,1,40
2268,657,644,1,41
2269,657,644,1,43
2270,657,644,1,42
2271,657,644,1,43
2272,657,644,1,41
2273,657,644,1,40
2274,657,644,1,40
2275,657,644,1,40
2276,657,644,1,43
2277,657,644,1,41
2278,657,644,1,40
2279,657,644,1,40
2280,657,644,1,42
2281,657,643,1,38
2282,657,643,1,36
2283,657,643,1,39
2284,658,644,1,34
2285,657,644,1,43
2286,657,644,1,42
2287,657,644,1,45
2288,657,644,1,42
2289,657,644,1,37
2290,657,644,1,40
2291,657,644,1,38
2292,658,644,1,40
2293,658,644,1,42
2294,657,644,1,42
2295,657,644,1,40
2296,657,644,1,40
2297,657,644,1,38
2298,657,644,1,36
2299,657,644,1,40
2300,657,644,1,41
2301,657,644,1,43
2302,657,644,1,40
2303,657,644,1,42
2304,658,644,1,35
2305,657,644,1,35
2306,658,644,1,36
2307,657,644,1,34
2308,657,644,0,37
2309,659,643,0,34
2310,657,645,1,38
2311,657,645,1,35
2312,657,645,0,35
2313,656,644,1,62
2314,656,644,1,69
2315,656,644,1,51
2316,656,644,1,47
2317,656,644,1,35
2318,656,644,1,43
2319,657,644,1,37
2320,657,644,1,36
2321,657,644,1,38
2322,657,644,1,40
2323,658,644,0,34
2324,657,644,1,41
2325,657,644,0,39
2326,657,644,0,36
2327,659,643,0,28
2328,659,643,0,27
2329,659,643,0,25
2330,657,644,1,44
2331,657,644,1,46
2332,657,644,1,46
2333,658,643,0,52
2334,659,643,0,31
2335,657,644,1,42
2336,657,644,1,42
2337,658,644,1,56
2338,658,643,1,52
2339,658,644,1,59
2340,658,644,1,56
2341,658,644,1,62
2342,659,644,1,78
2343,659,645,1,85
2344,659,645,1,91
2345,659,645,1,98
2346,660,645,1,94
2347,659,645,1,97
2348,658,645,1,99
2349,658,645,1,95
2350,658,645,1,86
2351,658,644,1,84
2352,658,644,1,88
2353,658,644,1,87
2354,658,644,1,98
2355,658,644,1,100
2356,658,644,1,89
2357,658,644,1,87
2358,658,644,1,55
2363,658,644,1,58
2364,658,644,1,59
2365,658,643,1,94
2366,658,644,1,93
2367,658,644,1,91
2368,658,645,1,80
2369,659,645,1,79
2370,659,645,1,78
2371,659,645,1,79
2372,660,646,1,77
2373,661,646,1,78
2374,661,646,1,82
2375,660,646,1,78
2376,659,645,1,78
2377,659,646,1,74
2378,659,646,1,89
2379,658,645,1,65
2380,658,645,1,44
2381,658,644,1,50
2382,658,644,1,45
2383,658,645,1,41
2384,658,645,1,40
2385,658,644,1,41
2386,658,644,1,41
2387,658,644,1,41
2388,658,644,1,49
2389,657,644,1,52
2390,658,644,1,38
2391,658,644,1,38
2392,658,644,1,38
2393,657,644,1,43
2394,657,644,1,43
2395,657,644,1,43
2396,657,644,1,52
2397,660,642,0,32
2398,664,641,0,27
2399,658,644,1,43
2400,657,644,1,49
2401,657,644,0,33
2402,661,642,0,19
2403,661,642,0,30
2404,657,644,1,34
2405,657,644,1,38
2406,658,644,1,36
2407,657,644,1,48
2408,658,644,0,31
2409,658,644,1,46
2410,657,644,1,43
2411,658,644,1,50
2412,658,644,1,44
2413,658,644,1,53
2414,657,644,1,61
2415,657,644,1,49
2416,657,644,1,43
2417,657,645,1,40
2418,657,644,1,43
2419,657,644,1,44
2420,657,644,1,45
2421,657,644,1,43
2422,657,644,1,43
2423,658,644,1,45
2424,657,644,1,41
2425,657,644,1,39
2426,657,644,1,43
2427,657,644,1,43
2428,657,644,1,50
2429,657,644,1,48
2430,657,644,1,51
2431,657,644,1,50
2432,657,644,1,50
2433,657,644,1,48
2434,657,643,1,46
2435,657,643,1,38
2438,656,641,1,332
2439,656,642,1,354
2440,656,641,0,186
2441,655,641,1,341
2444,653,650,0,220
2445,653,650,0,223
2446,652,652,0,227
2447,650,651,0,224
2448,650,653,0,229
2449,651,656,0,243
2450,648,660,0,244
2451,649,661,0,246
2452,647,664,0,248
2453,651,664,0,253
2454,651,664,0,259
2455,652,664,0,266
2456,655,665,0,270
2457,657,661,0,273
2458,665,648,0,283
2459,663,644,0,284
2460,660,639,0,289
2461,657,638,0,287
2462,658,641,0,295
2463,655,643,0,293
2464,654,645,0,298
2465,654,644,0,303
2466,654,643,0,305
2467,651,640,0,306
2468,649,636,0,309
2469,649,634,0,308
2470,648,631,0,312
2471,649,630,0,321
2472,648,629,0,328
2473,648,631,0,332
2474,645,632,0,346
2475,647,636,0,353
2476,648,637,0,0
2477,649,638,0,11
2478,645,636,0,21
2479,641,637,0,26
2480,637,637,0,33
2481,634,639,0,43
2482,629,641,0,49
2483,626,643,0,61
2484,627,645,0,58
2485,624,650,0,62
2486,622,655,0,64
2487,622,656,0,66
2488,622,657,0,72
2489,624,656,0,80
2490,625,652,0,76
2491,624,651,0,78
2492,622,654,0,73
2493,622,658,0,74
2494,625,661,0,80
2495,629,660,0,91
2496,634,665,0,100
2497,640,674,0,104
2498,641,682,0,115
2499,646,690,0,110
2500,649,694,0,124
2501,655,698,0,134
2502,661,703,0,128
2503,665,710,0,129
2504,670,718,0,124
2505,673,720,0,141
2506,678,722,0,143
2507,681,719,0,140
2508,687,720,0,124
2509,689,726,0,122
2510,696,734,0,131
2511,699,737,0,124
2512,699,741,0,122
2513,705,747,0,108
2514,706,748,0,110
2515,705,749,0,111
2516,709,747,0,121
2517,708,750,0,120
2518,708,748,0,125
2519,705,745,0,138
2520,708,738,0,148
2521,710,734,0,168
2522,712,730,0,184
2523,717,730,0,206
2524,718,728,0,218
2525,720,724,0,226
2526,723,719,0,236
2527,727,713,0,236
2528,736,703,0,231
2529,747,697,0,221
2530,749,692,0,213
2531,758,682,0,209
2532,764,675,0,218
2533,768,673,0,216
2534,775,669,0,218
2535,783,658,0,232
2536,785,652,0,245
2537,785,648,0,260
2538,781,641,0,254
2539,776,640,0,255
2540,782,638,0,266
2541,785,635,0,266
2542,787,633,0,263
2543,788,624,0,262
2544,783,624,0,257
2545,782,623,0,260
2546,786,620,0,252
2547,786,615,0,252
2548,786,609,0,252
2549,785,609,0,253
2550,786,607,0,260
2551,785,607,0,262
2552,784,606,0,265
2553,786,606,0,263
2554,787,606,0,262
2555,787,606,0,259
2556,785,606,0,256
2557,784,606,0,254
2558,787,609,0,263
2559,789,610,0,268
2560,790,610,0,278
2561,790,607,0,283
2562,786,606,0,277
2563,784,607,0,279
2564,783,607,0,280
2565,783,607,0,281
2566,781,606,0,278
2567,780,605,0,273
2568,784,602,0,279
2569,789,604,0,284
2570,786,603,0,284
2571,786,602,0,281
2572,787,601,0,278
2573,788,606,0,275
2574,785,607,0,276
2575,784,607,0,280
2576,782,604,0,274
2577,783,604,0,277
2578,781,604,0,274
2579,780,604,0,270
2580,779,604,0,271
2581,786,600,0,284
2582,785,599,0,279
2583,784,598,0,275
2584,783,600,0,260
2585,784,599,0,252
2586,786,596,0,240
2587,784,597,0,235
2588,786,595,0,238
2589,791,589,0,235
2590,799,589,0,240
2591,798,588,0,235
2592,798,588,0,230
2593,798,588,0,241
2594,798,590,0,248
2595,798,595,0,257
2596,797,596,0,260
2597,795,597,0,263
2598,794,592,0,269
2599,791,587,0,270
2600,792,581,0,278
2601,791,570,0,275
2602,792,559,0,274
2603,788,552,0,275
2604,789,542,0,275
2605,797,536,0,277
2606,799,527,0,275
2607,793,513,0,280
2608,790,509,0,285
2609,788,504,0,286
2610,786,494,0,291
2611,785,487,0,303
2612,782,487,0,306
2613,780,488,0,313
2614,779,489,0,314
2615,778,488,0,310
2616,778,488,0,311
2617,778,487,0,307
2618,782,491,0,304
2619,786,495,0,309
2620,790,498,0,312
2621,792,505,0,296
2622,792,510,0,290
2623,796,514,0,287
2624,806,514,0,279
2625,812,516,0,269
2626,809,516,0,264
2627,813,517,0,250
2628,814,519,0,239
2629,814,516,0,240
2630,814,512,0,234
2631,816,510,0,221
2632,821,505,0,213
2633,829,502,0,198
2634,835,502,0,190
2635,842,502,0,185
2636,848,501,0,192
2637,849,500,0,195
2638,849,497,0,193
2639,865,490,0,194
2640,867,482,0,190
2641,868,478,0,197
2642,875,477,0,195
2643,885,480,0,195
2644,887,479,0,191
2645,899,479,0,186
2646,901,475,0,187
2647,911,473,0,187
2648,920,468,0,178
2649,924,469,0,174
2650,924,471,0,182
2651,925,473,0,184
2652,925,471,0,195
2653,928,467,0,201
2654,932,469,0,204
2655,933,469,0,204
2656,932,465,0,191
2657,933,462,0,188
2658,934,459,0,194
2659,938,455,0,202
2660,939,457,0,193
2661,944,463,0,183
2662,944,467,0,175
2663,947,469,0,171
2664,948,472,0,174
2665,959,474,0,167
2666,964,470,0,174
2667,971,474,0,170
2668,977,476,0,164
2669,985,481,0,159
2670,994,481,0,164
2671,1005,481,0,159
2672,1016,483,0,149
2673,1028,492,0,139
2674,1033,496,0,137
2675,1035,502,0,120
2676,1037,507,0,126
2677,1039,507,0,120
2678,1040,514,0,111
2679,1041,520,0,114
2680,1043,532,0,107
2681,1045,540,0,106
2682,1049,551,0,102
2683,1058,566,0,97
2684,1059,574,0,97
2685,1062,590,0,102
2686,1063,596,0,106
2687,1069,603,0,104
2688,1073,613,0,99
2689,1074,617,0,104
2690,1084,626,0,98
2691,1090,633,0,113
2692,1092,640,0,116
2693,1092,644,0,120
2694,1100,656,0,113
2695,1105,665,0,104
2696,1109,673,0,114
2697,1116,684,0,121
2698,1115,688,0,129
2699,1111,688,0,130
2700,1117,683,0,108
2701,1119,686,0,110
2702,1119,686,0,112
2703,1120,687,0,111
2704,1121,689,0,111
2705,1123,688,0,110
2706,1117,688,0,120
2707,1115,689,0,125
2708,1117,689,0,120
2709,1119,695,0,126
2710,1121,700,0,130
2711,1124,700,0,128
2712,1127,700,0,129
2713,1136,698,0,129
2714,1140,699,0,132
2715,1144,703,0,129
2716,1143,707,0,132
2717,1141,711,0,157
2718,1142,712,0,160
2719,1148,712,0,158
2720,1147,714,0,157
2721,1144,713,0,153
2722,1142,714,0,140
2723,1139,719,0,123
2724,1138,722,0,108
2725,1138,726,0,104
2726,1139,729,0,104
2727,1132,732,0,93
2728,1130,734,0,90
2729,1131,734,0,88
2730,1134,730,0,80
2731,1132,730,0,68
2732,1125,736,0,49
2733,1117,747,0,35
2734,1114,751,0,50
2735,1112,758,0,50
2736,1113,763,0,64
2737,1116,769,0,74
2738,1110,773,0,81
2739,1111,778,0,80
2740,1106,786,0,79
2741,1103,793,0,70
2742,1102,799,0,75
2743,1101,806,0,70
2744,1098,813,0,80
2745,1095,816,0,77
2746,1092,819,0,76
2747,1093,825,0,69
2748,1087,837,0,64
2749,1088,837,0,64
2750,1088,836,0,63
2751,1085,841,0,49
2752,1077,853,0,59
2753,1072,867,0,63
2754,1067,878,0,67
2755,1058,890,0,70
2756,1055,901,0,74
2757,1051,914,0,67
2758,1050,926,0,60
2759,1048,935,0,72
2760,1047,946,0,80
2761,1044,958,0,72
2762,1048,967,0,79
2763,1044,977,0,80
2764,1044,990,0,87
2765,1041,999,0,92
2766,1037,1007,0,82
2767,1039,1015,0,77
2768,1036,1018,0,81
2769,1033,1017,0,70
2770,1030,1025,0,64
2771,1028,1028,0,72
2772,1029,1033,0,77
2773,1027,1034,0,88
2774,1025,1040,0,86
2775,1021,1041,0,81
2776,1021,1043,0,83
2777,1019,1044,0,94
2778,1015,1043,0,101
2779,1014,1046,0,100
2780,1016,1048,0,89
2781,1019,1052,0,92
2782,1018,1057,0,89
2783,1019,1064,0,80
2784,1020,1071,0,83
2785,1015,1079,0,74
2786,1016,1082,0,73
2787,1011,1083,0,79
2788,1008,1084,0,71
2789,1003,1092,0,71
2790,1007,1099,0,53
2791,1006,1101,0,58
2792,1005,1106,0,54
2793,1003,1121,0,54
2794,995,1124,0,49
2795,987,1124,0,43
2796,976,1132,0,35
2797,970,1134,0,31
2798,966,1135,0,27
2799,957,1134,0,23
2800,948,1135,0,20
2801,942,1133,0,12
2802,937,1131,0,3
2803,931,1129,0,357
2804,929,1126,0,354
2805,927,1130,0,0
2806,932,1130,0,5
2807,929,1130,0,18
2808,927,1132,0,27
2809,927,1132,0,32
2810,927,1133,0,43
2811,924,1136,0,48
2812,917,1136,0,43
2813,917,1140,0,45
2814,917,1141,0,45
2815,915,1154,0,47
2816,912,1153,0,36
2817,909,1156,0,41
2818,906,1151,0,41
2819,909,1139,0,20
2820,910,1138,0,15
2821,913,1136,0,19
2822,914,1133,0,8
2823,909,1133,0,7
2824,911,1128,0,356
2825,903,1126,0,357
2826,905,1131,0,356
2827,900,1136,0,351
2828,902,1134,0,331
2829,900,1131,0,328
2830,898,1127,0,321
2831,901,1116,0,329
2832,903,1118,0,317
2833,913,1124,0,301
2834,916,1120,0,282
2835,917,1115,0,271
2836,917,1106,0,259
2837,927,1092,0,256
2838,940,1093,0,258
2839,945,1090,0,256
2840,954,1082,0,241
2841,961,1073,0,236
2843,994,1034,0,263
2844,999,1020,0,267
2845,1002,997,0,277
2846,1001,979,0,282
2847,1004,953,0,289
2848,1003,943,0,283
2849,1008,933,0,278
2850,1013,920,0,270
2851,1016,896,0,279
2852,1012,877,0,288
2853,1008,868,0,313
2854,997,864,0,333
2855,984,860,0,335
2856,965,858,0,348
2857,950,857,0,355
2858,935,857,0,359
2859,921,856,0,351
2860,919,854,0,342
2861,925,855,0,345
2862,929,855,0,349
2863,931,855,0,347
2864,922,855,0,345
2865,910,851,0,348
2866,909,852,0,358
2867,909,847,0,339
2868,912,839,0,328
2869,910,829,0,328
2870,902,824,0,337
2871,895,814,0,327
2872,886,807,0,326
2873,883,802,0,325
2874,885,797,0,322
2875,876,789,0,319
2876,864,782,0,329
2877,855,776,0,345
2878,843,771,0,341
2879,825,762,0,347
2880,816,756,0,339
2881,802,749,0,330
2882,796,746,0,337
2883,792,747,0,341
2884,785,743,0,343
2885,774,744,0,356
2886,763,745,0,359
2887,747,744,0,359
2888,734,748,0,9
2889,722,747,0,1
2890,717,761,0,30
2891,703,764,0,27
2892,691,771,0,22
2893,688,780,0,33
2894,684,780,0,26
2898,666,785,0,354
2899,662,778,0,335
2900,650,769,0,339
2901,627,759,0,344
2902,616,762,0,348
2903,608,757,0,349
2904,609,757,0,353
2905,619,759,0,345
2906,621,765,0,0
2907,612,766,0,13
2908,603,767,0,20
2909,603,775,0,19
2910,605,775,0,22
2911,604,772,0,18
2912,603,773,0,17
2913,611,775,0,21
2914,625,778,0,31
2915,624,784,0,37
2916,623,785,0,32
2917,618,792,0,31
2918,619,789,0,29
2919,613,789,0,29
2920,603,792,0,29
2921,594,792,0,14
2922,582,796,0,5
2923,579,794,0,357
2924,574,789,0,345
2925,568,786,0,336
2926,564,790,0,329
2927,568,791,0,314
2928,570,788,0,305
2929,569,788,0,297
2930,569,788,0,294
2931,569,787,0,307
2932,566,786,0,319
2933,559,782,0,332
2934,558,782,0,339
2935,557,784,0,339
2936,558,788,0,336
2937,558,789,0,333
2938,558,790,0,335
2939,557,789,0,333
2940,558,788,0,331
2941,558,788,0,329
2942,559,791,0,326
2943,562,796,0,332
2944,563,796,0,331
2945,563,797,0,331
2946,565,798,0,334
2947,567,797,0,338
2948,567,797,0,341
2949,573,800,0,351
2950,575,800,0,356
2951,575,801,0,359
2952,575,801,0,5
2953,573,800,0,7
2954,573,800,0,12
2955,572,799,0,13
2956,570,797,0,10
2957,565,796,0,9
2958,566,793,0,12
2959,564,795,0,20
2960,563,797,0,24
2961,563,795,0,29
2962,561,795,0,35
2963,560,797,0,36
2964,560,799,0,42
2965,560,798,0,51
2966,559,800,0,52
2967,558,802,0,56
2968,555,804,0,56
2969,555,806,0,51
2970,555,806,0,52
2971,556,807,0,47
2972,553,808,0,41
2973,554,812,0,37
2974,552,824,0,35
2975,546,821,0,33
2976,544,821,0,34
2977,544,821,0,37
2978,542,824,0,36
2979,539,826,0,34
2980,537,830,0,38
2981,538,831,0,34
2982,537,830,0,15
2983,528,831,0,2
2984,522,836,0,7
2985,509,835,0,6
2986,499,838,0,0
2987,496,839,0,357
2988,495,837,0,355
2989,488,837,0,347
2990,478,835,0,350
2991,473,838,0,352
2992,469,838,0,358
2993,467,838,0,0
2994,466,839,0,359
2995,465,840,0,0
2996,462,839,0,0
2997,464,839,0,359
2998,466,838,0,359
2999,465,838,0,4
