4,2378,1393,0,7
5,2360,1394,0,15
6,2343,1395,0,6
7,2329,1393,0,3
8,2318,1393,0,7
9,2302,1390,0,359
10,2290,1394,0,5
11,2283,1394,0,6
12,2285,1396,0,356
13,2286,1395,0,339
14,2283,1391,0,333
15,2283,1387,0,326
16,2283,1388,0,336
17,2282,1395,0,2
18,2275,1399,0,10
19,2269,1400,0,13
20,2258,1395,0,9
21,2250,1398,0,6
22,2241,1400,0,357
23,2231,1400,0,3
24,2225,1401,0,3
25,2221,1404,0,354
26,2219,1406,0,355
27,2216,1404,0,353
28,2213,1402,0,358
29,2214,1403,0,353
30,2214,1403,0,354
31,2214,1406,0,6
32,2211,1407,0,6
33,2209,1406,0,0
34,2207,1406,0,0
35,2205,1406,0,5
36,2206,1403,0,7
37,2207,1405,0,6
38,2210,1403,0,4
39,2209,1404,0,0
40,2210,1403,0,1
41,2209,1404,0,3
42,2206,1406,0,0
43,2204,1407,0,4
44,2200,1407,0,3
45,2193,1398,0,8
46,2186,1395,0,355
47,2176,1394,0,347
48,2171,1394,0,332
49,2162,1390,0,329
50,2157,1388,0,327
51,2154,1386,0,326
52,2148,1385,0,325
53,2146,1383,0,320
54,2147,1380,0,305
55,2140,1377,0,318
56,2140,1372,0,312
57,2139,1371,0,307
58,2136,1374,0,317
59,2128,1372,0,324
60,2124,1368,0,336
61,2115,1367,0,347
62,2108,1365,0,340
63,2102,1363,0,336
64,2099,1357,0,333
65,2091,1354,0,342
66,2083,1347,0,335
67,2083,1342,0,343
68,2082,1342,0,338
69,2080,1336,0,327
70,2076,1328,0,322
71,2073,1326,0,320
72,2070,1330,0,308
73,2069,1328,0,305
74,2070,1323,0,317
75,2069,1318,0,323
76,2070,1317,0,322
77,2067,1316,0,322
78,2064,1313,0,324
79,2064,1313,0,327
80,2063,1311,0,328
81,2062,1310,0,329
82,2062,1309,0,328
83,2062,1309,0,329
84,2064,1310,0,330
85,2064,1311,0,333
86,2063,1311,0,326
87,2064,1312,0,321
88,2064,1313,0,320
89,2063,1312,0,318
90,2064,1314,0,323
91,2072,1316,0,323
92,2075,1318,0,325
93,2075,1321,0,331
94,2069,1325,0,340
95,2064,1322,0,343
96,2059,1323,0,354
97,2060,1320,0,355
98,2059,1315,0,352
99,2059,1316,0,348
100,2060,1316,0,354
101,2057,1317,0,354
102,2053,1321,0,1
103,2052,1323,0,2
104,2053,1323,0,1
105,2053,1323,0,359
106,2053,1323,0,356
107,2052,1324,0,352
108,2052,1322,0,342
109,2051,1322,0,340
110,2049,1317,0,339
111,2045,1316,0,341
112,2044,1309,0,332
113,2051,1293,0,355
114,2050,1293,0,345
115,2049,1294,0,340
116,2046,1297,0,335
117,2042,1298,0,336
118,2040,1298,0,346
119,2038,1301,0,346
120,2037,1301,0,351
121,2041,1304,0,351
122,2044,1307,0,354
123,2042,1306,0,350
124,2039,1304,0,349
125,2039,1300,0,346
126,2042,1300,0,343
127,2048,1304,0,339
128,2049,1303,0,332
129,2048,1302,0,327
130,2048,1304,0,323
131,2049,1306,0,332
132,2050,1307,0,333
133,2049,1310,0,329
134,2043,1312,0,327
135,2040,1308,0,325
136,2043,1310,0,331
137,2043,1309,0,325
138,2043,1305,0,323
139,2040,1301,0,317
140,2038,1300,0,318
141,2037,1301,0,319
142,2035,1305,0,328
143,2032,1306,0,329
144,2026,1303,0,334
145,2022,1299,0,327
146,2019,1299,0,329
147,2018,1301,0,327
148,2017,1302,0,320
149,2017,1301,0,320
150,2018,1301,0,319
151,2018,1300,0,320
152,2018,1299,0,322
153,2018,1302,0,323
154,2018,1301,0,322
155,2021,1300,0,336
156,2015,1302,0,327
157,2013,1302,0,341
158,2013,1300,0,340
159,2015,1299,0,335
160,2013,1295,0,335
161,2013,1293,0,340
162,2015,1293,0,345
163,2013,1297,0,353
164,2014,1298,0,356
165,2019,1304,0,7
166,2016,1305,0,16
167,2014,1303,0,21
168,2014,1300,0,31
169,2014,1298,0,37
170,2013,1296,0,39
171,2013,1299,0,37
172,2011,1300,0,36
173,2011,1298,0,39
174,2013,1297,0,36
175,2011,1294,0,26
176,2014,1293,0,23
177,2018,1293,0,9
178,2016,1294,0,0
179,2014,1295,0,356
180,2010,1292,0,346
181,2005,1288,0,334
182,2003,1288,0,331
183,2003,1287,0,329
184,2007,1292,0,325
185,2012,1290,0,328
186,2017,1287,0,331
187,2024,1291,0,343
188,2030,1289,0,355
189,2032,1291,0,4
190,2032,1291,0,4
191,2033,1289,0,5
192,2034,1289,0,357
193,2037,1289,0,357
194,2039,1288,0,350
195,2038,1290,0,5
196,2037,1290,0,24
197,2042,1301,0,27
198,2040,1306,0,28
199,2041,1306,0,31
200,2043,1304,0,34
201,2044,1306,0,33
202,2047,1307,0,26
203,2047,1305,0,26
204,2047,1305,0,16
205,2046,1307,0,16
206,2044,1312,0,5
207,2040,1311,0,10
208,2039,1304,0,5
209,2039,1297,0,9
210,2041,1300,0,4
211,2042,1298,0,2
212,2041,1295,0,5
213,2042,1291,0,11
214,2042,1289,0,15
215,2046,1284,0,25
216,2042,1280,0,41
217,2039,1276,0,48
218,2034,1275,0,64
219,2030,1275,0,64
220,2022,1276,0,80
221,2019,1270,0,84
222,2019,1269,0,95
223,2015,1266,0,100
224,2013,1268,0,95
225,2007,1268,0,97
226,2001,1271,0,108
227,2000,1275,0,106
228,1991,1275,0,112
229,1988,1275,0,123
230,1980,1281,0,118
231,1978,1283,0,130
232,1976,1282,0,132
233,1972,1280,0,138
234,1969,1281,0,135
235,1968,1279,0,128
236,1964,1283,0,120
237,1959,1286,0,115
238,1954,1283,0,103
239,1953,1282,0,103
240,1953,1283,0,91
241,1950,1283,0,88
242,1948,1285,0,78
243,1945,1287,0,73
244,1943,1289,0,65
245,1944,1298,0,64
246,1942,1308,0,74
247,1934,1315,0,65
248,1932,1328,0,66
249,1928,1329,0,71
250,1928,1329,0,76
251,1932,1325,0,70
252,1933,1320,0,59
253,1931,1315,0,47
254,1928,1311,0,38
255,1927,1307,0,25
256,1922,1307,0,19
257,1916,1298,0,24
258,1910,1293,0,31
259,1911,1292,0,38
260,1911,1292,0,38
261,1912,1287,0,23
262,1912,1284,0,21
263,1912,1283,0,18
264,1908,1278,0,15
265,1906,1278,0,15
266,1898,1283,0,10
267,1888,1281,0,11
268,1879,1283,0,20
269,1874,1290,0,31
270,1865,1287,0,34
271,1856,1292,0,54
272,1853,1301,0,56
273,1841,1305,0,69
274,1844,1306,0,73
275,1846,1302,0,70
276,1843,1301,0,78
277,1843,1300,0,86
278,1842,1300,0,90
279,1841,1298,0,93
280,1839,1297,0,91
281,1841,1295,0,91
282,1838,1295,0,83
283,1834,1295,0,91
284,1835,1295,0,91
285,1831,1296,0,84
286,1831,1297,0,80
287,1833,1296,0,76
288,1832,1296,0,71
289,1829,1293,0,64
290,1824,1291,0,48
291,1820,1296,0,44
292,1821,1303,0,34
293,1818,1305,0,31
294,1811,1308,0,21
295,1803,1313,0,25
296,1797,1320,0,26
297,1797,1323,0,21
298,1793,1324,0,25
299,1785,1321,0,23
300,1787,1320,0,26
301,1786,1325,0,22
302,1785,1327,0,12
303,1776,1329,0,10
304,1772,1330,0,8
305,1764,1332,0,15
306,1757,1335,0,22
307,1755,1335,0,22
308,1752,1336,0,20
309,1753,1338,0,26
310,1754,1339,0,25
311,1755,1342,0,26
312,1757,1346,0,30
313,1756,1348,0,39
314,1760,1357,0,51
315,1762,1364,0,58
316,1763,1377,0,80
317,1757,1386,0,78
318,1752,1390,0,85
319,1747,1393,0,104
320,1750,1394,0,102
321,1748,1395,0,99
322,1750,1392,0,101
323,1752,1395,0,113
324,1755,1399,0,120
325,1758,1402,0,128
326,1760,1402,0,134
327,1763,1401,0,134
328,1768,1413,0,126
329,1776,1426,0,125
330,1776,1435,0,122
331,1776,1439,0,128
332,1774,1434,0,133
333,1776,1432,0,131
334,1779,1433,0,132
335,1777,1431,0,129
336,1779,1433,0,131
337,1780,1431,0,127
338,1780,1432,0,126
339,1781,1429,0,125
340,1779,1431,0,129
341,1779,1431,0,132
342,1775,1432,0,135
343,1771,1433,0,133
344,1775,1429,0,140
345,1776,1428,0,145
346,1776,1428,0,146
347,1777,1429,0,150
348,1776,1429,0,154
349,1777,1430,0,154
350,1777,1429,0,155
351,1777,1429,0,156
352,1778,1429,0,155
353,1778,1430,0,155
354,1778,1430,0,155
355,1779,1428,0,153
356,1780,1432,0,142
357,1784,1437,0,130
358,1792,1441,0,147
359,1796,1448,0,135
360,1796,1452,0,136
361,1792,1451,0,140
362,1789,1452,0,140
363,1787,1452,0,142
364,1792,1456,0,151
365,1798,1461,0,174
366,1800,1463,0,180
367,1803,1467,0,189
368,1802,1469,0,186
369,1799,1469,0,184
370,1798,1470,0,186
371,1799,1471,0,201
372,1799,1470,0,203
373,1802,1469,0,200
374,1800,1469,0,200
375,1800,1472,0,204
376,1801,1471,0,207
377,1803,1467,0,205
378,1808,1463,0,211
379,1814,1459,0,224
380,1817,1458,0,226
381,1821,1447,0,243
382,1823,1444,0,246
383,1822,1442,0,247
384,1821,1442,0,240
385,1816,1445,0,230
386,1814,1446,0,223
387,1815,1450,0,215
388,1819,1449,0,199
389,1821,1448,0,192
390,1821,1444,0,183
391,1827,1442,0,168
392,1824,1442,0,160
393,1825,1445,0,151
394,1831,1451,0,150
395,1839,1455,0,133
396,1841,1456,0,136
397,1842,1459,0,137
398,1841,1456,0,124
399,1843,1464,0,113
400,1848,1469,0,104
401,1847,1474,0,97
402,1847,1479,0,85
403,1849,1480,0,83
404,1849,1482,0,83
405,1850,1484,0,84
406,1852,1498,0,80
407,1848,1502,0,83
408,1844,1510,0,83
409,1843,1513,0,78
410,1838,1521,0,73
411,1835,1527,0,72
412,1836,1536,0,78
413,1841,1533,0,82
414,1843,1532,0,93
415,1844,1533,0,97
416,1843,1531,0,99
417,1843,1527,0,113
418,1843,1528,0,146
419,1848,1529,0,157
420,1851,1530,0,166
421,1854,1531,0,164
422,1858,1532,0,164
423,1866,1540,0,163
424,1875,1541,0,164
425,1888,1548,0,159
426,1895,1540,0,176
427,1902,1543,0,187
428,1912,1546,0,188
429,1919,1543,0,182
430,1921,1543,0,183
431,1930,1543,0,174
432,1942,1545,0,177
433,1949,1545,0,180
434,1955,1539,0,170
435,1963,1543,0,169
436,1977,1548,0,154
437,1995,1547,0,184
438,2001,1549,0,192
439,2012,1553,0,177
440,2019,1551,0,176
441,2020,1553,0,175
442,2019,1554,0,168
443,2014,1555,0,166
444,2011,1553,0,155
445,2014,1550,0,163
446,2026,1549,0,186
447,2037,1551,0,181
448,2055,1554,0,180
449,2074,1553,0,198
450,2087,1543,0,209
451,2101,1540,0,216
452,2114,1542,0,215
453,2116,1535,0,213
454,2117,1533,0,229
455,2124,1534,0,219
456,2122,1539,0,209
457,2121,1542,0,200
458,2120,1546,0,190
459,2120,1546,0,192
460,2124,1551,0,189
461,2127,1560,0,204
462,2130,1548,0,214
463,2128,1534,0,225
464,2125,1530,0,222
465,2127,1530,0,217
466,2132,1522,0,224
467,2136,1518,0,227
468,2145,1512,0,242
469,2146,1505,0,238
470,2148,1495,0,256
471,2149,1486,0,259
472,2151,1479,0,261
473,2152,1473,0,264
474,2155,1462,0,259
475,2161,1443,0,257
476,2163,1435,0,241
477,2164,1436,0,229
478,2168,1440,0,229
479,2173,1447,0,228
480,2174,1451,0,220
481,2180,1453,0,212
482,2186,1451,0,214
483,2192,1450,0,241
484,2195,1452,0,245
485,2196,1454,0,247
486,2196,1463,0,243
487,2198,1469,0,231
488,2205,1473,0,236
489,2205,1473,0,241
490,2207,1474,0,248
491,2212,1477,0,257
492,2222,1474,0,292
493,2222,1471,0,304
494,2219,1471,0,308
495,2213,1471,0,315
496,2208,1474,0,319
497,2198,1476,0,329
498,2193,1477,0,336
499,2193,1479,0,336
500,2191,1481,0,344
501,2188,1480,0,347
502,2183,1478,0,349
503,2184,1478,0,343
504,2183,1473,0,336
505,2177,1468,0,329
506,2170,1462,0,323
507,2165,1459,0,328
508,2163,1462,0,325
509,2164,1462,0,318
510,2164,1461,0,318
511,2163,1463,0,323
512,2163,1466,0,320
513,2166,1465,0,321
514,2166,1466,0,319
515,2165,1465,0,318
516,2165,1467,0,322
517,2164,1471,0,314
518,2165,1475,0,314
519,2165,1477,0,309
520,2169,1471,0,311
521,2165,1478,0,301
522,2165,1481,0,293
523,2163,1484,0,285
524,2159,1489,0,281
525,2157,1492,0,280
526,2154,1493,0,280
527,2152,1490,0,275
528,2152,1488,0,260
529,2151,1484,0,261
530,2151,1476,0,257
531,2153,1471,0,251
532,2150,1476,0,254
533,2148,1477,0,257
534,2146,1481,0,255
535,2147,1484,0,258
536,2150,1484,0,249
537,2150,1484,0,255
538,2151,1489,0,263
539,2153,1489,0,271
540,2154,1479,0,277
541,2153,1467,0,291
542,2152,1458,0,298
543,2149,1455,0,297
544,2148,1455,0,299
545,2146,1455,0,299
546,2143,1454,0,296
547,2145,1458,0,292
548,2143,1458,0,290
549,2142,1459,0,289
550,2141,1457,0,289
551,2142,1452,0,287
552,2143,1446,0,283
553,2142,1444,0,285
554,2139,1443,0,275
555,2137,1444,0,273
556,2136,1440,0,273
557,2136,1438,0,268
558,2135,1433,0,259
559,2135,1425,0,251
560,2134,1422,0,249
561,2133,1423,0,252
562,2133,1425,0,252
563,2134,1423,0,254
564,2131,1415,0,255
565,2131,1415,0,257
566,2128,1420,0,266
567,2130,1421,0,272
568,2127,1420,0,278
569,2127,1422,0,278
570,2125,1425,0,274
571,2127,1425,0,279
572,2129,1427,0,282
573,2129,1427,0,280
574,2130,1427,0,278
575,2132,1425,0,280
576,2132,1424,0,290
577,2131,1425,0,286
578,2133,1426,0,286
579,2134,1427,0,289
580,2135,1427,0,292
581,2140,1428,0,297
582,2142,1431,0,304
583,2139,1430,0,300
584,2137,1429,0,292
585,2135,1431,0,288
586,2135,1430,0,285
587,2133,1429,0,288
588,2129,1426,0,292
591,2116,1434,0,301
592,2119,1433,0,302
593,2115,1432,0,294
594,2113,1437,0,285
595,2118,1440,0,292
596,2115,1441,0,284
597,2117,1443,0,285
598,2124,1451,0,285
599,2072,1411,0,272
600,2073,1410,0,262
601,2070,1406,0,251
602,2073,1402,0,252
603,2074,1400,0,253
604,2071,1396,0,247
605,2067,1391,0,249
606,2066,1389,0,251
607,2065,1386,0,256
608,2063,1381,0,250
609,2060,1373,0,266
610,2060,1367,0,271
611,2060,1366,0,267
612,2063,1367,0,264
613,2056,1360,0,270
614,2058,1360,0,272
615,2059,1362,0,275
616,2060,1361,0,282
617,2061,1360,0,297
618,2058,1358,0,301
619,2058,1358,0,310
620,2057,1358,0,328
621,2059,1359,0,324
622,2059,1359,0,327
623,2057,1358,0,332
624,2057,1361,0,328
625,2055,1356,0,330
626,2057,1351,0,334
627,2057,1351,0,322
628,2056,1351,0,321
629,2053,1351,0,315
630,2052,1352,0,304
631,2052,1350,0,309
632,2048,1346,0,300
633,2045,1341,0,299
634,2040,1339,0,295
635,2037,1336,0,292
636,2035,1337,0,289
637,2037,1334,0,288
638,2037,1328,0,279
639,2037,1328,0,277
640,2037,1327,0,271
641,2036,1327,0,265
642,2035,1328,0,266
643,2037,1328,0,267
644,2038,1328,0,267
645,2036,1330,0,273
646,2035,1331,0,274
647,2034,1331,0,277
648,2033,1331,0,274
649,2031,1330,0,275
650,2031,1329,0,276
651,2030,1328,0,276
652,2033,1330,0,275
653,2033,1331,0,276
654,2034,1333,0,276
655,2034,1333,0,292
656,2028,1329,0,320
657,2023,1322,0,329
658,2020,1321,0,341
659,2017,1322,0,350
660,2012,1320,0,356
661,2007,1321,0,343
662,2010,1319,0,354
663,2014,1316,0,356
664,2016,1315,0,357
665,2018,1317,0,343
666,2017,1313,0,353
667,2015,1313,0,355
668,2016,1315,0,353
669,2012,1314,0,4
670,2011,1312,0,358
671,2012,1312,0,346
672,2013,1302,0,355
673,2009,1306,0,349
674,2005,1311,0,350
675,2003,1307,0,5
676,2001,1309,0,357
677,1999,1310,0,355
678,2002,1304,0,11
679,2003,1305,0,2
680,2007,1300,0,5
681,2027,1298,0,334
682,2019,1297,0,325
683,2020,1300,0,318
684,2024,1305,0,319
685,2027,1308,0,317
686,2029,1307,0,315
687,2029,1302,0,309
688,2028,1301,0,307
689,2029,1301,0,307
690,2029,1300,0,309
691,2030,1300,0,310
692,2030,1302,0,310
693,2028,1307,0,313
694,2026,1307,0,315
695,2026,1306,0,319
696,2025,1308,0,317
697,2025,1307,0,318
698,2024,1308,0,316
699,2024,1308,0,318
700,2024,1309,0,316
701,2026,1311,0,323
702,2025,1312,0,324
703,2022,1313,0,321
704,2023,1312,0,321
705,2024,1310,0,319
706,2023,1310,0,319
707,2020,1309,0,325
708,2021,1308,0,329
709,2022,1308,0,330
710,2019,1308,0,344
711,2015,1304,0,346
712,2012,1303,0,351
713,2014,1304,0,352
714,2015,1305,0,349
715,2015,1306,0,354
716,2016,1305,0,353
717,2019,1304,0,355
718,2019,1306,0,355
719,2020,1302,0,348
720,2020,1301,0,339
721,2019,1298,0,341
722,2019,1299,0,343
723,2023,1298,0,348
724,2025,1297,0,346
725,2024,1297,0,347
726,2025,1299,0,353
727,2024,1299,0,354
728,2021,1301,0,357
729,2019,1300,0,356
730,2018,1301,0,1
731,2018,1305,0,356
732,2021,1299,0,355
733,2017,1286,0,354
734,2018,1283,0,354
735,2016,1289,0,337
736,2014,1285,0,327
737,2014,1283,0,319
738,2013,1286,0,311
739,2012,1287,0,307
740,2012,1289,0,304
741,2010,1288,0,306
742,2012,1289,0,304
743,2013,1292,0,294
744,2014,1293,0,294
745,2011,1293,0,296
746,2014,1296,0,296
747,2016,1297,0,297
748,2014,1296,0,291
749,2014,1295,0,294
750,2011,1297,0,290
751,2012,1295,0,286
752,2008,1292,0,287
754,2006,1282,0,273
755,2008,1273,0,271
756,2008,1268,0,259
757,2008,1264,0,252
758,2008,1262,0,251
759,2010,1261,0,251
760,2010,1261,0,250
761,2011,1259,0,248
762,2010,1257,0,250
763,2011,1255,0,251
764,2011,1256,0,251
765,2011,1256,0,246
766,2013,1257,0,245
767,2015,1256,0,245
768,2016,1256,0,242
769,2017,1255,0,252
770,2018,1257,0,253
771,2018,1257,0,255
772,2018,1257,0,257
773,2017,1258,0,252
774,2017,1258,0,253
775,2017,1258,0,252
776,2017,1259,0,254
777,2020,1264,0,262
778,2026,1264,0,292
779,2025,1265,0,307
780,2023,1266,0,313
781,2027,1270,0,328
782,2027,1279,0,357
783,2023,1281,0,12
784,2012,1285,0,29
785,2005,1289,0,34
786,2001,1292,0,27
787,2005,1286,0,24
788,2009,1283,0,27
789,2012,1283,0,24
790,2014,1283,0,20
791,2016,1282,0,28
792,2013,1287,0,47
793,2013,1287,0,49
794,2010,1285,0,56
795,2009,1284,0,52
796,2010,1282,0,56
797,2014,1277,0,63
798,2013,1276,0,66
799,2014,1278,0,65
800,2014,1277,0,61
801,2013,1278,0,59
802,2010,1279,0,58
803,2013,1278,0,47
804,2013,1280,0,35
806,2007,1284,0,20
807,2001,1274,0,13
808,1996,1277,0,11
809,1991,1279,0,12
810,1989,1279,0,5
811,1981,1283,0,1
812,1977,1276,0,7
813,1974,1278,0,3
814,1968,1280,0,5
815,1964,1280,0,3
816,1958,1275,0,349
817,1949,1274,0,4
818,1943,1276,0,14
819,1929,1284,0,31
820,1920,1285,0,34
821,1915,1275,0,29
822,1907,1288,0,20
823,1906,1286,0,15
824,1913,1284,0,4
825,1920,1279,0,20
826,1927,1278,0,37
827,1930,1278,0,50
828,1932,1276,0,74
829,1928,1278,0,74
830,1928,1281,0,90
831,1933,1291,0,116
832,1935,1296,0,114
833,1935,1295,0,122
834,1937,1296,0,126
835,1939,1294,0,120
836,1940,1295,0,120
837,1940,1300,0,139
838,1941,1304,0,151
839,1943,1300,0,152
840,1948,1304,0,153
841,1950,1305,0,154
842,1956,1305,0,151
843,1956,1302,0,150
844,1956,1303,0,155
845,1955,1305,0,152
846,1960,1307,0,142
847,1964,1311,0,123
848,1967,1314,0,120
849,1974,1321,0,107
850,1977,1336,0,103
851,1981,1348,0,107
852,1987,1353,0,115
853,1989,1362,0,132
854,1997,1368,0,142
855,2007,1373,0,151
856,2007,1373,0,149
857,2003,1376,0,163
858,1999,1375,0,178
859,1998,1373,0,183
860,1999,1370,0,175
861,2002,1369,0,171
862,2004,1369,0,171
863,2003,1366,0,186
864,2003,1366,0,189
865,2006,1365,0,191
866,2007,1363,0,200
867,2009,1362,0,192
868,2015,1362,0,200
869,2023,1363,0,192
870,2027,1364,0,190
871,2038,1365,0,187
872,2046,1365,0,191
873,2057,1366,0,181
874,2060,1370,0,177
875,2061,1372,0,183
876,2065,1374,0,208
877,2071,1368,0,217
878,2077,1348,0,235
879,2080,1339,0,241
880,2085,1332,0,241
881,2094,1332,0,231
882,2101,1319,0,234
883,2107,1324,0,224
884,2104,1330,0,211
885,2103,1326,0,220
886,2107,1321,0,216
887,2113,1311,0,204
888,2122,1301,0,215
889,2133,1292,0,213
890,2131,1284,0,214
891,2134,1265,0,222
892,2139,1259,0,224
893,2147,1252,0,227
894,2148,1242,0,227
895,2152,1230,0,243
896,2158,1226,0,247
897,2161,1218,0,273
898,2161,1210,0,277
899,2164,1203,0,266
900,2165,1191,0,262
901,2162,1188,0,264
902,2159,1177,0,290
903,2158,1172,0,294
904,2153,1162,0,311
905,2150,1155,0,311
906,2152,1147,0,308
907,2148,1144,0,307
908,2148,1146,0,290
909,2147,1147,0,285
910,2147,1148,0,301
911,2142,1147,0,315
912,2141,1151,0,325
913,2138,1154,0,324
914,2137,1154,0,332
915,2136,1162,0,346
916,2133,1166,0,2
917,2130,1170,0,7
918,2131,1173,0,7
919,2137,1170,0,9
920,2132,1169,0,6
921,2128,1169,0,10
922,2122,1172,0,1
923,2111,1169,0,355
924,2113,1169,0,1
925,2107,1171,0,356
926,2102,1172,0,4
927,2094,1171,0,2
928,2090,1168,0,2
929,2085,1170,0,3
930,2083,1170,0,356
931,2085,1169,0,328
932,2081,1164,0,306
933,2081,1163,0,287
934,2081,1165,0,271
935,2079,1164,0,267
936,2082,1166,0,258
937,2083,1161,0,250
938,2082,1157,0,258
939,2083,1150,0,257
940,2087,1138,0,239
941,2095,1125,0,231
942,2098,1122,0,240
943,2098,1118,0,229
944,2095,1127,0,199
945,2102,1129,0,174
946,2114,1137,0,166
947,2122,1141,0,158
948,2136,1145,0,154
949,2147,1153,0,146
950,2157,1156,0,152
951,2175,1158,0,148
952,2182,1165,0,159
953,2197,1167,0,169
954,2208,1172,0,165
955,2215,1177,0,159
956,2222,1179,0,164
957,2236,1182,0,170
958,2250,1187,0,162
959,2264,1190,0,167
960,2278,1186,0,179
961,2296,1186,0,183
962,2304,1187,0,191
963,2306,1188,0,186
964,2310,1190,0,187
965,2313,1185,0,186
966,2318,1182,0,186
967,2317,1180,0,183
968,2314,1179,0,183
969,2321,1178,0,184
970,2321,1177,0,182
971,2327,1175,0,182
972,2327,1173,0,181
973,2329,1174,0,183
974,2344,1170,0,182
975,2348,1173,0,165
976,2364,1177,0,163
977,2382,1179,0,164
978,2392,1180,0,170
979,2399,1179,0,165
980,2409,1180,0,152
981,2416,1182,0,150
982,2427,1182,0,156
983,2442,1193,0,178
984,2441,1197,0,173
985,2443,1201,0,174
986,2452,1200,0,167
987,2473,1208,0,166
988,2480,1209,0,168
1029,2286,1355,0,140
1030,2288,1357,0,325
1048,2345,1266,0,328
1088,1892,1202,0,215
1089,1888,1188,0,227
1117,2152,1173,0,271
1119,2158,1182,0,291
1121,2162,1170,0,307
1157,2083,1222,0,263
1158,2099,1210,0,280
1174,2125,1059,0,141
1180,2135,1074,0,123
1181,2135,1074,0,116
1182,2134,1075,0,114
1184,2184,1044,0,11
1185,2184,1040,0,16
1190,2185,1041,0,21
1200,2190,1037,1,341
1206,2188,1049,1,312
1207,2187,1047,1,319
1213,2191,1040,1,350
1214,2190,1039,1,338
1220,2045,1076,0,94
1224,2045,1080,0,105
1228,2079,1180,0,1
1233,2148,1074,0,67
1234,2150,1074,0,87
1236,2147,1069,0,80
1237,2147,1072,0,65
1239,2146,1071,0,66
1240,2145,1075,0,78
1241,2144,1077,0,78
1242,2147,1073,0,75
1243,2147,1072,0,84
1244,2148,1073,0,88
1245,2149,1072,0,88
1246,2152,1074,0,98
1247,2152,1073,0,100
1248,2152,1071,0,111
1249,2150,1069,0,121
1250,2147,1069,0,122
1251,2145,1069,0,128
1252,2141,1071,0,142
1253,2138,1071,0,155
1254,2143,1071,0,164
1255,2152,1078,0,137
1256,2149,1069,0,143
1257,2149,1066,0,146
1258,2151,1065,0,147
1259,2158,1062,0,159
1260,2169,1059,0,183
1261,2172,1060,0,181
1262,2175,1062,0,177
1263,2175,1063,0,188
1264,2177,1064,0,194
1265,2178,1063,0,190
1266,2176,1060,0,186
1267,2176,1061,0,186
1268,2178,1063,0,188
1269,2179,1061,0,186
1270,2182,1060,0,190
1271,2185,1058,0,198
1272,2183,1057,0,194
1273,2178,1060,0,192
1274,2178,1061,0,186
1275,2174,1061,0,185
1276,2173,1062,0,189
1277,2176,1063,0,187
1279,2182,1065,0,203
1280,2183,1065,0,201
1281,2181,1066,0,197
1282,2180,1066,0,193
1283,2178,1067,0,192
1284,2177,1067,0,191
1285,2176,1067,0,197
1286,2175,1066,0,194
1287,2176,1065,0,188
1288,2178,1063,0,193
1289,2180,1061,0,202
1290,2179,1060,0,201
1291,2178,1061,0,189
1292,2176,1063,0,194
1293,2175,1063,0,206
1294,2178,1062,0,217
1295,2179,1060,0,228
1296,2180,1059,0,232
1297,2183,1059,0,241
1298,2183,1057,0,244
1299,2185,1056,0,234
1300,2189,1058,0,233
1301,2195,1056,0,223
1302,2196,1053,0,222
1303,2197,1051,0,215
1304,2199,1050,0,212
1305,2201,1049,0,211
1306,2206,1052,0,206
1307,2208,1048,0,194
1308,2210,1042,0,197
1309,2210,1042,0,192
1310,2214,1040,0,190
1311,2214,1041,0,188
1312,2218,1043,0,205
1313,2223,1038,0,213
1314,2219,1044,0,194
1316,2246,1041,0,226
1317,2246,1037,0,225
1318,2252,1031,0,222
1319,2258,1028,0,218
1320,2257,1026,0,216
1321,2259,1028,0,220
1322,2260,1028,0,233
1323,2258,1024,0,249
1324,2258,1024,0,251
1325,2259,1020,0,254
1326,2262,1018,0,255
1327,2265,1020,0,249
1328,2268,1014,0,242
1329,2270,1010,0,237
1330,2271,1010,0,230
1331,2271,1014,0,221
1332,2271,1013,0,214
1333,2273,1008,0,198
1334,2275,1008,0,204
1335,2280,1003,0,193
1336,2280,1006,0,199
1337,2277,1007,0,190
1338,2279,1008,0,185
1339,2281,1008,0,188
1340,2284,1004,0,194
1341,2284,1007,0,200
1342,2286,1004,0,203
1343,2288,1005,0,208
1344,2288,1005,0,215
1345,2287,1005,0,200
1346,2283,1003,0,190
1347,2284,1007,0,182
1348,2285,1009,0,185
1349,2285,1010,0,184
1350,2285,1012,0,189
1351,2290,1014,0,207
1352,2288,1012,0,223
1353,2285,1013,0,218
1354,2284,1016,0,224
1355,2286,1015,0,229
1356,2285,1017,0,239
1357,2284,1017,0,247
1358,2285,1015,0,259
1359,2282,1013,0,261
1360,2282,1013,0,263
1361,2283,1018,0,272
1362,2280,1018,0,296
1363,2278,1020,0,311
1364,2275,1014,0,322
1365,2272,1014,0,322
1366,2273,1019,0,334
1367,2273,1019,0,350
1368,2272,1017,0,4
1369,2271,1020,0,8
1370,2268,1023,0,12
1371,2262,1027,0,23
1372,2260,1031,0,19
1373,2259,1031,0,19
1374,2260,1031,0,19
1375,2261,1034,0,19
1376,2259,1034,0,21
1377,2256,1035,0,26
1378,2256,1035,0,21
1379,2255,1033,0,18
1380,2254,1033,0,17
1381,2253,1031,0,17
1382,2252,1032,0,19
1383,2256,1032,0,21
1384,2255,1031,0,14
1385,2256,1031,0,22
1386,2260,1032,0,30
1387,2260,1032,0,44
1388,2260,1032,0,42
1389,2262,1030,0,46
1390,2260,1030,0,45
1391,2257,1031,0,58
1392,2258,1029,0,72
1393,2258,1028,0,76
1394,2258,1030,0,77
1395,2257,1033,0,72
1396,2256,1036,0,69
1397,2256,1038,0,66
1398,2254,1040,0,64
1399,2256,1037,0,56
1400,2253,1038,0,49
1401,2252,1040,0,48
1402,2249,1043,0,44
1403,2248,1046,0,44
1404,2246,1049,0,45
1405,2244,1046,0,58
1406,2244,1046,0,62
1407,2245,1046,0,57
1408,2245,1049,0,57
1409,2246,1047,0,59
1410,2247,1048,0,61
1411,2246,1048,0,61
1412,2245,1047,0,62
1413,2245,1049,0,60
1414,2246,1049,0,59
1415,2246,1051,0,61
1416,2247,1047,0,59
1417,2247,1046,0,58
1418,2245,1048,0,70
1419,2243,1050,0,74
1420,2243,1053,0,84
1421,2242,1056,0,86
1422,2243,1057,0,85
1423,2251,1063,0,88
1424,2251,1064,0,92
1425,2250,1061,0,93
1426,2249,1059,0,98
1427,2249,1058,0,100
1428,2247,1058,0,108
1429,2248,1060,0,109
1430,2247,1060,0,109
1431,2248,1062,0,116
1432,2247,1064,0,119
1433,2247,1064,0,120
1434,2248,1064,0,121
1435,2250,1064,0,118
1436,2251,1063,0,115
1437,2252,1063,0,114
1438,2252,1063,0,111
1439,2252,1063,0,114
1440,2252,1061,0,113
1441,2251,1062,0,113
1442,2252,1064,0,119
1443,2253,1062,0,112
1444,2254,1062,0,115
1445,2254,1062,0,113
1446,2254,1063,0,118
1447,2254,1062,0,116
1448,2254,1062,0,118
1449,2254,1062,0,113
1450,2255,1063,0,99
1451,2254,1061,0,111
1452,2254,1062,0,113
1453,2254,1061,0,110
1454,2253,1061,0,114
1455,2254,1060,0,113
1456,2254,1060,0,112
1457,2254,1060,0,113
1458,2253,1060,0,112
1459,2253,1059,0,108
1460,2252,1059,0,109
1461,2253,1060,0,105
1462,2253,1061,0,105
1463,2254,1061,0,104
1464,2254,1061,0,103
1465,2255,1061,0,101
1466,2254,1061,0,99
1467,2253,1063,0,91
1468,2254,1063,0,89
1469,2254,1062,0,96
1470,2255,1063,0,93
1471,2254,1064,0,91
1472,2253,1063,0,95
1473,2253,1063,0,93
1474,2254,1063,0,97
1475,2253,1064,0,99
1476,2253,1064,0,99
1477,2253,1063,0,99
1478,2254,1064,0,98
1479,2253,1064,0,98
1480,2253,1064,0,98
1481,2253,1063,0,98
1482,2253,1063,0,98
1483,2254,1063,0,97
1484,2254,1063,0,99
1485,2254,1062,0,100
1486,2254,1062,0,101
1487,2255,1061,0,104
1488,2255,1062,0,100
1489,2254,1062,0,100
1490,2255,1061,0,102
1491,2255,1061,0,101
1492,2255,1061,0,98
1493,2255,1061,0,101
1494,2255,1060,0,102
1495,2255,1060,0,102
1496,2255,1060,0,105
1497,2255,1060,0,104
1498,2255,1060,0,103
1499,2256,1060,0,103
1500,2256,1060,0,105
1501,2256,1060,0,105
1502,2256,1060,0,103
1503,2256,1060,0,101
1504,2256,1061,0,101
1505,2255,1061,0,103
1506,2255,1061,0,103
1507,2256,1061,0,105
1508,2256,1062,0,105
1509,2256,1061,0,104
1510,2257,1061,0,103
1511,2256,1061,0,105
1512,2256,1061,0,104
1513,2257,1061,0,104
1514,2258,1061,0,104
1515,2257,1060,0,104
1516,2257,1061,0,105
1517,2257,1061,0,108
1518,2257,1061,0,105
1519,2256,1061,0,106
1520,2257,1061,0,106
1521,2258,1061,0,106
1522,2257,1062,0,105
1523,2257,1062,0,103
1524,2258,1062,0,105
1525,2257,1061,0,106
1526,2257,1061,0,105
1527,2257,1061,0,104
1528,2257,1061,0,108
1529,2257,1061,0,106
1530,2257,1061,0,104
1531,2257,1061,0,108
1532,2258,1061,0,106
1533,2257,1061,0,108
1534,2258,1061,0,107
1535,2258,1061,0,105
1536,2258,1061,0,107
1537,2257,1061,0,107
1538,2258,1061,0,107
1539,2257,1061,0,104
1540,2257,1061,0,104
1541,2257,1061,0,106
1542,2257,1061,0,105
1543,2257,1061,0,103
1544,2257,1060,0,105
1545,2257,1061,0,106
1546,2257,1060,0,105
1547,2257,1060,0,105
1548,2257,1061,0,108
1549,2257,1061,0,108
1550,2257,1061,0,106
1551,2257,1061,0,107
1552,2257,1061,0,107
1553,2257,1061,0,107
1554,2257,1060,0,107
1555,2256,1061,0,107
1556,2257,1061,0,108
1557,2257,1061,0,105
1558,2257,1061,0,105
1559,2257,1060,0,104
1560,2257,1060,0,104
1561,2257,1060,0,105
1562,2257,1060,0,104
1563,2257,1060,0,107
1564,2257,1060,0,106
1565,2257,1060,0,108
1566,2257,1060,0,101
1567,2257,1060,0,107
1568,2257,1061,0,108
1569,2257,1061,0,106
1570,2257,1060,0,106
1571,2257,1060,0,106
1572,2257,1060,0,107
1573,2257,1060,0,107
1574,2257,1060,0,107
1575,2257,1060,0,109
1576,2257,1061,0,108
1577,2257,1060,0,107
1578,2257,1061,0,107
1579,2257,1061,0,110
1580,2257,1061,0,108
1581,2257,1060,0,108
1582,2257,1060,0,109
1583,2257,1060,0,108
1584,2257,1060,0,110
1585,2257,1061,0,108
1586,2257,1061,0,110
1587,2257,1060,0,107
1588,2258,1060,0,105
1589,2257,1060,0,107
1590,2258,1059,0,103
1591,2257,1059,0,101
1592,2257,1060,0,104
1593,2258,1059,0,105
1594,2258,1060,0,108
1595,2257,1060,0,106
1596,2259,1059,0,98
1597,2258,1060,0,104
1598,2257,1061,0,106
1599,2257,1061,0,108
1600,2257,1061,0,105
1601,2257,1062,0,107
1602,2257,1062,0,109
1603,2257,1062,0,106
1604,2258,1061,0,107
1605,2258,1061,0,108
1606,2258,1061,0,106
1607,2258,1061,0,108
1608,2257,1061,0,108
1609,2258,1061,0,109
1610,2258,1061,0,108
1611,2258,1062,0,104
1612,2258,1062,0,108
1613,2258,1061,0,107
1614,2258,1061,0,108
1615,2259,1061,0,108
1616,2259,1061,0,109
1617,2259,1061,0,110
1618,2258,1061,0,110
1619,2258,1061,0,109
1620,2258,1061,0,109
1621,2258,1061,0,105
1622,2258,1061,0,106
1623,2258,1061,0,107
1624,2258,1061,0,106
1625,2258,1061,0,104
1626,2258,1061,0,108
1627,2258,1060,0,107
1628,2258,1060,0,105
1629,2258,1060,0,106
1630,2258,1060,0,106
1631,2258,1060,0,103
1632,2258,1060,0,103
1633,2258,1060,0,106
1634,2258,1059,0,105
1635,2258,1059,0,105
1636,2258,1059,0,107
1637,2258,1059,0,106
1638,2258,1059,0,104
1639,2258,1059,0,104
1640,2258,1060,0,104
1641,2258,1060,0,103
1642,2258,1060,0,104
1643,2259,1060,0,102
1644,2259,1060,0,98
1645,2259,1059,0,95
1646,2259,1060,0,97
1647,2259,1062,0,98
1648,2259,1063,0,99
1649,2259,1062,0,97
1650,2259,1064,0,103
1651,2259,1064,0,102
1652,2261,1063,0,99
1653,2260,1062,0,101
1654,2259,1061,0,100
1655,2258,1058,0,95
1656,2258,1058,0,99
1657,2257,1056,0,93
1658,2256,1056,0,95
1659,2255,1055,0,99
1660,2253,1051,0,93
1661,2254,1054,0,88
1662,2250,1057,0,91
1663,2244,1057,0,100
1664,2248,1066,0,99
1665,2247,1066,0,89
1666,2257,1067,0,81
1667,2251,1066,0,89
1668,2251,1070,0,94
1669,2245,1072,0,113
1670,2241,1083,0,140
1671,2237,1089,0,179
1672,2235,1089,0,195
1673,2239,1087,0,205
1674,2238,1085,0,185
1675,2242,1087,0,190
1676,2246,1087,0,190
1677,2249,1085,0,164
1678,2250,1083,0,155
1679,2249,1086,0,143
1680,2248,1091,0,131
1681,2248,1091,0,129
1682,2249,1091,0,120
1683,2249,1089,0,129
1684,2251,1093,0,129
1685,2255,1091,0,121
1686,2257,1085,0,127
1687,2260,1084,0,130
1688,2259,1085,0,136
1689,2258,1085,0,138
1690,2258,1082,0,146
1691,2257,1084,0,161
1692,2257,1080,0,183
1693,2259,1077,0,170
1694,2264,1073,0,179
1695,2266,1073,0,208
1696,2265,1071,0,212
1697,2263,1072,0,219
1698,2261,1069,0,232
1699,2264,1065,0,239
1700,2265,1062,0,263
1701,2265,1058,0,266
1702,2261,1052,0,265
1703,2267,1044,0,270
1704,2263,1038,0,270
1705,2262,1032,0,266
1706,2263,1031,0,262
1707,2263,1030,0,251
1708,2265,1023,0,251
1709,2275,1020,0,253
1710,2282,1028,0,280
1711,2282,1024,0,261
1712,2298,1029,0,246
1713,2305,1021,0,247
1714,2303,1016,0,234
1715,2295,1015,0,222
1718,2297,1010,0,275
1719,2300,1005,0,284
1720,2298,1006,0,283
1721,2298,1002,0,276
1722,2297,1000,0,265
1723,2294,995,0,265
1724,2296,997,0,275
1725,2296,994,0,277
1726,2296,993,0,281
1727,2301,985,0,289
1736,2307,978,0,193
1737,2309,977,0,194
1741,2281,936,0,298
1742,2283,936,0,292
1743,2282,937,0,283
1744,2283,937,0,269
1745,2283,938,0,261
1746,2282,945,0,263
1747,2286,941,0,262
1748,2288,939,0,266
1749,2284,934,0,274
1750,2282,932,0,274
1751,2281,929,0,283
1752,2276,927,0,281
1753,2276,924,0,287
1754,2277,924,0,288
1755,2272,921,0,309
1756,2265,911,0,318
1757,2254,902,0,307
1758,2249,894,0,305
1759,2238,892,0,306
1760,2233,881,0,296
1762,2224,860,0,302
1763,2217,855,0,302
1764,2210,847,0,306
1765,2208,845,0,299
1766,2208,833,0,296
1767,2209,832,0,284
1768,2209,830,0,271
1769,2212,828,0,261
1770,2223,816,0,275
1771,2222,805,0,270
1772,2226,793,0,268
1773,2226,774,0,281
1774,2219,770,0,295
1775,2219,761,0,301
1776,2212,747,0,302
1777,2211,738,0,303
1778,2206,740,0,280
1779,2195,715,0,296
1780,2195,712,0,294
1781,2194,717,0,285
1782,2205,717,0,281
1784,2221,715,0,259
1785,2225,699,0,241
1786,2232,688,0,256
1787,2240,679,0,258
1788,2237,670,0,252
1789,2243,651,0,268
1790,2238,640,0,287
1791,2227,631,0,298
1792,2218,620,0,308
1793,2211,621,0,323
1794,2201,622,0,329
1795,2193,612,0,330
1796,2181,613,0,327
1797,2175,604,0,319
1798,2170,593,0,314
1799,2157,589,0,318
1800,2148,567,0,318
1801,2143,566,0,310
1802,2131,548,0,317
1803,2121,538,0,319
1804,2119,536,0,307
1805,2122,530,0,289
1806,2131,517,0,273
1807,2142,514,0,270
1808,2144,512,0,256
1809,2158,504,0,235
1810,2176,501,0,236
1811,2185,500,0,241
1812,2203,484,0,242
1813,2215,466,0,222
1814,2230,453,0,248
1815,2232,443,0,260
1816,2238,431,0,253
1817,2233,415,0,275
1818,2229,406,0,280
1819,2222,387,0,287
1820,2212,376,0,298
1822,2211,349,0,311
1824,2197,321,0,313
1825,2188,319,0,313
1826,2181,309,0,306
1827,2171,294,0,303
1828,2172,284,0,298
1829,2172,282,0,284
1830,2166,267,0,288
1831,2161,253,0,291
1832,2152,243,0,311
1833,2144,229,0,291
1834,2139,222,0,306
1835,2132,210,0,298
1836,2132,200,0,290
1837,2129,193,0,290
1838,2131,192,0,286
1839,2144,187,0,272
1840,2151,184,0,268
1841,2155,183,0,258
1842,2162,179,0,245
1846,2189,169,0,233
1847,2194,171,0,214
1848,2196,172,0,205
1849,2200,174,0,204
1850,2213,173,0,184
1851,2217,171,0,189
1852,2218,170,0,199
1853,2214,170,0,198
1854,2214,171,0,199
1855,2219,169,0,207
1856,2220,171,0,194
1857,2224,172,0,163
1858,2228,177,0,144
1859,2233,187,0,132
1861,2241,203,0,124
1862,2247,218,0,109
1863,2255,225,0,119
1864,2262,232,0,120
1866,2271,249,0,99
1867,2281,267,0,139
1868,2290,264,0,120
1869,2290,271,0,128
1870,2309,278,0,136
1871,2320,281,0,140
1874,2346,265,0,212
1875,2348,266,0,203
1880,2365,294,0,87
1881,2362,299,0,85
1882,2356,305,0,69
1884,2344,330,0,66
1885,2342,332,0,53
1886,2339,336,0,60
1887,2336,341,0,65
1888,2335,352,0,77
1889,2333,371,0,87
1890,2334,372,0,92
1891,2333,385,0,90
1892,2340,391,0,100
1893,2346,398,0,106
1894,2352,408,0,101
1895,2351,416,0,95
1896,2347,427,0,84
1897,2354,429,0,67
1898,2347,432,0,77
1899,2341,447,0,82
1900,2336,462,0,84
1901,2333,470,0,86
1902,2329,484,0,76
1903,2322,498,0,64
1904,2316,509,0,72
1905,2313,518,0,63
1906,2312,518,0,63
1907,2312,518,0,62
1908,2312,518,0,63
1909,2313,520,0,57
1910,2314,519,0,50
1911,2316,521,0,50
1912,2315,521,0,54
1913,2310,529,0,44
1914,2304,533,0,47
1915,2300,535,0,47
1916,2294,538,0,42
1917,2285,543,0,40
1918,2285,548,0,48
1919,2280,551,0,53
1920,2279,556,0,55
1921,2275,563,0,62
1922,2276,568,0,66
1923,2270,571,0,50
1924,2271,568,0,52
1925,2273,566,0,52
1926,2274,566,0,60
1927,2276,569,0,53
1928,2276,571,0,53
1929,2277,572,0,45
1930,2276,571,0,48
1931,2278,570,0,48
1932,2278,571,0,53
1933,2279,569,0,60
1934,2279,569,0,60
1935,2281,568,0,71
1936,2282,570,0,66
1937,2280,570,0,51
1938,2279,572,0,46
1939,2280,573,0,43
1940,2280,572,0,56
1941,2279,571,0,55
1942,2278,574,0,52
1943,2273,579,0,49
1944,2268,580,0,47
1945,2268,577,0,35
1946,2263,576,0,17
1947,2258,577,0,19
1948,2252,576,0,9
1949,2248,573,0,5
1950,2242,572,0,357
1951,2229,571,0,353
1952,2222,574,0,3
1953,2214,578,0,14
1954,2212,583,0,18
1955,2204,579,0,13
1956,2196,582,0,22
1957,2189,582,0,14
1958,2187,588,0,12
1959,2176,587,0,6
1960,2166,589,0,12
1961,2158,593,0,22
1962,2150,600,0,18
1963,2143,603,0,18
1964,2138,609,0,18
1965,2135,610,0,19
1966,2132,613,0,23
1967,2124,618,0,28
1968,2118,620,0,21
1969,2113,628,0,35
1970,2107,628,0,31
1971,2114,633,0,30
1972,2111,631,0,24
1973,2102,629,0,16
1974,2100,628,0,13
1975,2099,627,0,11
1976,2096,625,0,6
1977,2094,628,0,3
1978,2092,622,0,4
1979,2085,623,0,2
1980,2079,626,0,6
1981,2074,629,0,13
1982,2067,628,0,8
1983,2065,630,0,5
1984,2064,631,0,12
1985,2064,632,0,20
1986,2062,632,0,25
1987,2062,635,0,23
1988,2059,636,0,21
1989,2059,633,0,26
1990,2058,633,0,23
1991,2056,634,0,20
1992,2052,637,0,17
1993,2053,635,0,19
1994,2053,637,0,20
1995,2052,637,0,19
1996,2051,637,0,18
1997,2048,638,0,15
1998,2045,639,0,16
1999,2043,641,0,18
2000,2042,640,0,22
2001,2042,639,0,21
2002,2055,640,0,12
2003,2067,632,0,14
2004,2065,630,0,19
2005,2055,632,0,17
2006,2047,631,0,18
2007,2040,635,0,14
2008,2036,636,0,3
2009,2028,636,0,356
2010,2016,637,0,7
2011,2011,641,0,15
2012,2009,638,0,11
2013,2004,641,0,11
2014,2000,643,0,11
2015,1996,645,0,12
2016,1991,649,0,10
2017,1987,649,0,12
2018,1984,651,0,15
2019,1983,653,0,16
2020,1982,653,0,25
2021,1982,654,0,31
2022,1980,654,0,36
2023,1981,654,0,33
2024,1983,653,0,35
2025,1982,650,0,17
2026,1981,650,0,18
2027,1978,650,0,17
2028,1979,652,0,12
2029,1980,647,0,6
2030,1980,651,0,6
2031,1978,651,0,13
2032,1980,652,0,11
2033,1981,652,0,11
2034,1978,651,0,5
2035,1974,651,0,0
2036,1974,649,0,358
2037,1973,644,0,347
2038,1972,645,0,338
2039,1966,648,0,335
2040,1962,648,0,338
2041,1964,646,0,343
2042,1961,639,0,0
2043,1959,638,0,359
2044,1963,636,0,356
2045,1963,633,0,358
2046,1963,632,0,349
2047,1957,628,0,347
2048,1953,624,0,349
2049,1947,621,0,353
2050,1943,615,0,337
2051,1940,611,0,330
2052,1934,613,0,337
2053,1931,613,0,331
2054,1928,613,0,323
2055,1926,606,0,328
2056,1921,603,0,328
2057,1919,600,0,328
2058,1919,601,0,321
2059,1920,598,0,320
2060,1920,599,0,328
2061,1917,599,0,339
2062,1916,599,0,344
2063,1910,599,0,350
2064,1911,601,0,353
2065,1912,601,0,2
2066,1911,602,0,359
2067,1908,601,0,2
2068,1908,597,0,13
2069,1924,594,0,2
2070,1922,595,0,4
2071,1920,602,0,1
2072,1928,599,0,345
2073,1930,599,0,340
2074,1936,599,0,339
2075,1938,598,0,340
2076,1941,598,0,324
2077,1942,598,0,326
2078,1943,597,0,325
2079,1944,597,0,325
2080,1941,597,0,327
2081,1941,597,0,333
2082,1942,598,0,340
2083,1940,599,0,339
2084,1939,600,0,342
2085,1936,600,0,353
2086,1937,600,0,350
2087,1938,600,0,348
2088,1938,600,0,345
2089,1940,598,0,352
2090,1942,599,0,0
2091,1947,600,0,341
2092,1947,600,0,349
2093,1947,600,0,344
2094,1946,600,0,344
2095,1946,602,0,349
2096,1947,602,0,351
2097,1948,602,0,347
2098,1945,600,0,349
2099,1943,599,0,346
2100,1942,599,0,339
2101,1939,598,0,333
2102,1936,597,0,344
2103,1935,597,0,343
2104,1932,598,0,331
2105,1933,597,0,327
2106,1934,594,0,339
2107,1934,593,0,344
2108,1933,591,0,351
2109,1934,591,0,349
2110,1935,592,0,339
2111,1934,591,0,340
2112,1934,590,0,343
2113,1933,590,0,340
2114,1932,591,0,334
2115,1931,591,0,327
2116,1929,591,0,326
2117,1927,592,0,334
2118,1929,595,0,342
2119,1928,594,0,337
2120,1927,593,0,340
2121,1926,593,0,324
2122,1926,592,0,330
2123,1927,591,0,336
2124,1929,592,0,347
2125,1928,592,0,347
2126,1929,591,0,344
2127,1928,593,0,341
2128,1927,592,0,346
2129,1927,589,0,350
2130,1927,589,0,347
2131,1927,589,0,345
2132,1926,589,0,344
2133,1925,589,0,335
2134,1926,592,0,320
2135,1926,588,0,344
2136,1925,588,0,349
2137,1924,589,0,350
2138,1923,589,0,348
2139,1924,589,0,349
2140,1924,590,0,342
2141,1925,592,0,331
2142,1924,591,0,347
2143,1923,591,0,346
2144,1925,592,0,345
2145,1925,592,0,345
2146,1924,591,0,342
2147,1925,590,0,346
2148,1926,590,0,343
2149,1925,589,0,347
2150,1924,589,0,345
2151,1925,588,0,349
2152,1923,589,0,349
2153,1924,589,0,345
2154,1924,590,0,345
2155,1925,587,0,351
2156,1925,592,0,339
2157,1925,590,0,340
2158,1923,589,0,331
2159,1922,589,0,331
2160,1922,588,0,332
2161,1923,589,0,326
2162,1925,589,0,346
2163,1928,589,0,353
2164,1929,587,0,0
2165,1930,588,0,359
2166,1930,591,0,356
2167,1931,591,0,359
2168,1930,591,0,1
2169,1931,592,0,5
2170,1930,592,0,6
2171,1928,592,0,7
2172,1929,591,0,8
2173,1929,595,0,354
2174,1927,592,0,354
2175,1929,594,0,343
2176,1927,595,0,344
2177,1926,594,0,343
2178,1926,593,0,339
2179,1925,594,0,336
2180,1925,594,0,338
2181,1926,595,0,342
2182,1926,594,0,352
2183,1927,593,0,352
2184,1928,591,0,357
2185,1928,591,0,355
2186,1927,590,0,357
2187,1926,589,0,357
2188,1927,587,0,356
2189,1926,587,0,355
2190,1926,586,0,357
2191,1926,586,0,356
2192,1927,585,0,358
2193,1927,585,0,357
2194,1926,585,0,355
2195,1925,584,0,354
2196,1923,583,0,356
2197,1922,585,0,356
2198,1922,586,0,355
2199,1923,586,0,354
2200,1923,587,0,354
2201,1923,588,0,350
2202,1923,588,0,352
2203,1924,588,0,348
2204,1924,587,0,351
2205,1925,585,0,353
2206,1925,586,0,352
2207,1924,587,0,351
2208,1923,586,0,345
2209,1921,585,0,346
2210,1919,583,0,351
2211,1918,583,0,353
2212,1919,583,0,358
2213,1920,585,0,355
2214,1919,586,0,3
2215,1918,586,0,10
2216,1917,585,0,1
2217,1914,586,0,4
2218,1913,585,0,355
2219,1913,578,0,345
2220,1912,573,0,351
2221,1910,573,0,357
2222,1911,571,0,353
2223,1917,572,0,4
2224,1916,576,0,7
2225,1916,578,0,11
2226,1916,578,0,17
2227,1915,577,0,26
2228,1919,577,0,18
2229,1919,578,0,20
2230,1919,579,0,18
2231,1921,580,0,17
2232,1923,579,0,22
2233,1922,579,0,22
2234,1924,581,0,23
2235,1924,582,0,17
2236,1924,584,0,19
2237,1926,586,0,16
2238,1926,586,0,18
2239,1926,587,0,24
2240,1929,590,0,22
2241,1930,592,0,27
2242,1933,593,0,27
2243,1935,595,0,29
2244,1934,596,0,28
2245,1933,594,0,31
2246,1932,592,0,32
2247,1931,592,0,40
2248,1931,593,0,44
2249,1931,593,0,47
2250,1928,594,0,48
2253,1931,602,0,66
2254,1931,606,0,66
2255,1933,609,0,68
2256,1937,614,0,80
2257,1936,618,0,93
2258,1934,622,0,85
2259,1940,626,0,85
2260,1941,626,0,76
2261,1942,633,0,72
2262,1947,634,0,74
2263,1944,636,0,87
2264,1947,641,0,75
2265,1952,641,0,75
2266,1952,643,0,73
2267,1950,646,0,80
2268,1954,646,0,90
2269,1956,649,0,95
2270,1956,652,0,79
2271,1963,657,0,96
2272,1965,656,0,112
2273,1968,658,0,140
2274,1969,659,0,135
2275,1971,659,0,119
2276,1971,659,0,114
2277,1971,655,0,130
2278,1969,652,0,132
2279,1967,651,0,115
2280,1966,653,0,126
2281,1967,653,0,123
2282,1967,653,0,120
2283,1966,652,0,130
2284,1967,652,0,129
2285,1967,652,0,129
2286,1966,653,0,132
2287,1966,652,0,129
2288,1967,654,0,129
2289,1966,654,0,120
2290,1965,654,0,126
2291,1964,654,0,119
2292,1965,656,0,121
2293,1965,657,0,122
2294,1965,658,0,124
2295,1965,657,0,128
2296,1964,656,0,133
2297,1966,657,0,133
2298,1966,655,0,126
2299,1966,656,0,133
2300,1966,655,0,127
2301,1966,656,0,126
2302,1968,659,0,132
2303,1967,658,0,129
2304,1967,659,0,131
2305,1967,658,0,131
2306,1967,658,0,132
2307,1967,658,0,131
2308,1967,658,0,131
2309,1966,658,0,133
2310,1965,655,0,129
2311,1964,654,0,129
2312,1965,654,0,125
2313,1964,654,0,122
2314,1964,654,0,127
2315,1964,654,0,130
2316,1965,654,0,124
2317,1964,652,0,127
2318,1964,652,0,111
2319,1963,652,0,111
2320,1962,646,0,129
2321,1963,646,0,129
2322,1963,647,0,124
2323,1965,646,0,127
2324,1965,649,0,94
2325,1964,654,0,131
2326,1965,657,0,141
2327,1965,657,0,140
2328,1964,655,0,148
2329,1965,654,0,130
2330,1968,651,0,122
2331,1971,649,0,103
2332,1973,651,0,92
2333,1973,651,0,92
2334,1970,652,0,94
2335,1969,650,0,85
2336,1968,649,0,95
2337,1968,652,0,85
2338,1968,657,0,77
2339,1966,658,0,71
2340,1965,659,0,72
2341,1964,663,0,64
2342,1963,663,0,48
2343,1961,663,0,44
2344,1960,664,0,41
2345,1958,664,0,47
2346,1960,663,0,48
2347,1963,664,0,42
2348,1963,663,0,37
2349,1962,661,0,36
2350,1959,660,0,31
2351,1959,657,0,22
2352,1959,657,0,11
2353,1957,657,0,4
2354,1955,656,0,4
2355,1952,655,0,3
2356,1948,656,0,8
2357,1946,657,0,0
2358,1945,655,0,0
2359,1945,655,0,359
2360,1942,655,0,356
2361,1943,653,0,358
2362,1941,658,0,351
2363,1940,660,0,353
2364,1937,657,0,346
2365,1938,654,0,353
2366,1937,653,0,352
2367,1938,653,0,349
2368,1939,654,0,351
2369,1938,656,0,351
2370,1939,653,0,355
2371,1938,653,0,356
2372,1938,652,0,356
2373,1937,654,0,354
2374,1937,654,0,354
2375,1937,653,0,351
2376,1937,652,0,354
2377,1938,652,0,359
2378,1937,653,0,355
2379,1941,654,0,357
2380,1942,654,0,358
2381,1940,655,0,358
2382,1938,655,0,359
2383,1939,655,0,359
2384,1938,655,0,1
2385,1939,654,0,359
2386,1939,654,0,356
2387,1938,653,0,352
2388,1934,654,0,353
2389,1932,649,0,0
2390,1930,646,0,3
2391,1928,644,0,1
2392,1924,647,0,359
2393,1920,650,0,358
2394,1919,646,0,353
2395,1918,647,0,353
2396,1914,646,0,351
2397,1912,646,0,352
2398,1912,646,0,347
2399,1916,646,0,349
2400,1917,645,0,346
2401,1916,645,0,346
2402,1916,644,0,348
2403,1913,642,0,352
2404,1915,642,0,350
2405,1917,642,0,350
2406,1918,643,0,355
2407,1918,644,0,2
2408,1915,646,0,14
2409,1916,647,0,13
2410,1915,647,0,21
2411,1912,646,0,29
2412,1911,645,0,31
2413,1909,647,0,34
2414,1908,652,0,32
2415,1907,653,0,34
2416,1906,654,0,34
2417,1903,656,0,23
2418,1902,659,0,29
2421,1899,660,0,30
2422,1896,661,0,33
2423,1894,662,0,34
2424,1894,663,0,28
2425,1892,664,0,24
2426,1893,664,0,25
2427,1896,662,0,36
2428,1898,661,0,32
2436,1838,517,0,129
2437,1847,535,0,118
2438,1864,545,0,108
2442,1860,595,0,82
2443,1856,600,0,74
2444,1852,607,0,53
2445,1853,610,0,44
2446,1857,608,0,28
2447,1859,607,0,22
2448,1857,606,0,18
2449,1855,604,0,18
2450,1851,605,0,27
2451,1849,610,0,44
2452,1840,617,0,57
2453,1836,630,0,74
2454,1837,630,0,84
2455,1840,631,0,83
2456,1843,630,0,78
2457,1844,632,0,90
2458,1842,637,0,96
2459,1839,634,0,105
2460,1838,633,0,104
2461,1834,633,0,105
2462,1834,638,0,119
2463,1832,638,0,120
2464,1832,638,0,130
2465,1834,638,0,123
2466,1836,639,0,103
2467,1839,640,0,104
2468,1843,640,0,102
2469,1850,645,0,109
2470,1852,657,0,104
2471,1851,676,0,119
2472,1860,682,0,121
2473,1865,691,0,130
2474,1876,696,0,143
2475,1886,694,0,145
2476,1886,701,0,153
2477,1885,708,0,141
2478,1888,707,0,136
2479,1888,705,0,137
2480,1888,703,0,141
2481,1891,705,0,142
2482,1891,711,0,148
2483,1896,712,0,145
2484,1901,716,0,147
2485,1910,720,0,156
2486,1920,720,0,151
2487,1933,730,0,152
2488,1945,736,0,155
2489,1959,736,0,153
2490,1961,745,0,146
2491,1962,749,0,137
2492,1966,749,0,145
2493,1967,752,0,138
2494,1975,758,0,138
2495,1982,766,0,142
2496,1993,776,0,137
2497,2006,791,0,135
2498,2011,800,0,136
2499,2012,803,0,137
2500,2012,803,0,151
2501,2021,799,0,166
2503,2049,796,0,159
2504,2051,798,0,146
2505,2051,802,0,142
2506,2064,809,0,154
2507,2069,816,0,148
2508,2084,826,0,147
2509,2091,834,0,142
2510,2099,836,0,149
2511,2109,836,0,152
2512,2122,843,0,153
2513,2139,850,0,142
2514,2143,849,0,129
2515,2141,850,0,121
2516,2138,851,0,113
2517,2137,852,0,113
2518,2138,857,0,118
2519,2139,854,0,138
2520,2138,853,0,126
2521,2136,857,0,108
2522,2149,872,0,119
2523,2150,887,0,95
2526,2146,904,0,69
2527,2149,927,0,94
2528,2143,930,0,90
2529,2138,941,0,83
2530,2143,948,0,98
2531,2142,966,0,90
2534,2133,1019,0,58
2535,2118,1030,0,38
2536,2115,1037,0,25
2537,2112,1039,0,12
2538,2112,1038,0,1
2539,2114,1038,0,353
2540,2115,1040,0,0
2541,2113,1042,0,331
2542,2117,1037,0,303
2543,2118,1034,0,328
2544,2120,1035,0,332
2545,2117,1034,0,325
2546,2118,1035,0,324
2547,2118,1036,0,332
2548,2118,1036,0,322
2549,2119,1036,0,329
2550,2119,1035,0,347
2551,2119,1035,0,336
2552,2118,1035,0,341
2553,2119,1035,0,344
2554,2118,1035,0,333
2555,2118,1033,0,354
2556,2116,1033,0,353
2557,2116,1033,0,333
2563,2104,1025,0,193
2566,2138,968,0,266
2567,2136,974,0,273
2571,2134,984,0,293
2574,2172,924,0,336
2575,2165,917,0,331
2576,2167,916,0,331
2577,2160,912,0,347
2578,2155,909,0,321
2579,2159,892,0,333
2585,2130,875,0,151
2586,2133,881,0,341
2588,2132,889,0,342
2589,2112,885,0,338
2590,2111,888,0,178
2591,2110,962,1,327
2595,2111,987,0,139
2597,2140,1003,0,91
2603,2133,1001,0,92
2604,2133,1006,0,94
2614,2131,1026,0,123
2615,2131,1024,0,122
2616,2132,1026,0,131
2617,2137,1028,0,133
2618,2137,1029,0,133
2619,2140,1034,0,139
2620,2138,1033,0,146
2621,2136,1031,0,147
2622,2136,1027,0,164
2623,2141,1025,0,163
2624,2141,1023,0,167
2625,2142,1021,0,171
2626,2141,1021,0,170
2627,2137,1023,0,160
2628,2134,1025,0,144
2629,2133,1027,0,130
2630,2134,1028,0,110
2631,2135,1030,0,93
2632,2134,1031,0,83
2633,2132,1030,0,79
2634,2129,1034,0,74
2635,2127,1034,0,65
2636,2129,1031,0,56
2637,2137,1019,0,52
2638,2133,1020,0,40
2639,2134,1020,0,42
2640,2132,1030,0,57
2641,2123,1041,0,66
2642,2125,1035,0,61
2643,2125,1031,0,58
2644,2123,1025,0,54
2645,2131,1020,0,42
2646,2130,1022,0,38
2647,2132,1022,0,43
2648,2134,1024,0,57
2649,2138,1023,0,17
2650,2138,1022,0,36
2651,2136,1021,0,10
2653,2137,1022,0,49
2654,2139,1023,0,53
2655,2137,1022,0,71
2656,2137,1021,0,71
2657,2136,1022,0,70
2658,2137,1023,0,70
2659,2136,1025,0,63
2660,2135,1027,0,65
2661,2138,1024,0,55
2662,2139,1023,0,59
2663,2143,1027,0,67
2664,2148,1028,0,64
2665,2149,1032,0,72
2666,2153,1032,0,68
2667,2157,1033,0,74
2668,2160,1032,0,78
2669,2162,1029,0,75
2670,2166,1022,0,97
2671,2155,1037,0,99
2681,2186,1183,0,125
2688,2173,1210,0,16
2689,2174,1209,0,20
2690,2115,1252,0,203
2691,2121,1256,0,186
2697,2173,1295,0,155
2701,2108,1365,0,4
2707,2129,1335,0,320
2711,2149,1440,0,58
2712,2152,1449,0,67
2713,2146,1447,0,33
2714,2144,1442,0,39
2715,2146,1442,0,45
2716,2157,1442,0,54
2717,2155,1450,0,37
2718,2151,1453,0,46
2719,2154,1454,0,40
2720,2159,1455,0,43
2721,2159,1460,0,37
2722,2163,1466,0,38
2723,2170,1475,0,21
2724,2174,1479,0,12
2725,2176,1483,0,9
2726,2178,1491,0,359
2727,2183,1502,0,345
2728,2185,1502,0,346
2729,2185,1502,0,337
2730,2185,1503,0,329
2731,2177,1512,0,309
2732,2184,1518,0,319
2733,2192,1532,0,309
2734,2198,1529,0,316
2735,2198,1531,0,311
2736,2203,1539,0,313
2737,2206,1540,0,320
2738,2203,1542,0,329
2739,2198,1543,0,348
2740,2184,1552,0,347
2741,2180,1555,0,1
2742,2175,1559,0,31
2743,2166,1567,0,37
2744,2159,1569,0,40
2745,2153,1568,0,48
2746,2152,1570,0,42
2747,2150,1573,0,41
2748,2148,1574,0,38
2749,2148,1572,0,36
2750,2149,1574,0,36
2751,2143,1574,0,29
2752,2140,1572,0,14
2753,2138,1578,0,18
2754,2141,1581,0,26
2755,2138,1580,0,34
2756,2143,1575,0,63
2757,2146,1573,0,84
2758,2148,1581,0,95
2759,2153,1595,0,103
2760,2154,1607,0,98
2761,2163,1622,0,106
2762,2166,1635,0,106
2763,2164,1630,0,105
2764,2164,1630,0,104
2765,2166,1635,0,103
2766,2165,1641,0,98
2767,2163,1648,0,89
2768,2168,1648,0,73
2769,2167,1645,0,57
2770,2168,1644,0,21
2771,2167,1642,0,4
2772,2176,1634,0,339
2773,2171,1634,0,330
2774,2170,1627,0,320
2775,2169,1621,0,317
2776,2174,1614,0,302
2777,2170,1607,0,300
2778,2167,1599,0,292
2779,2159,1590,0,289
2780,2150,1580,0,306
2781,2142,1576,0,303
2782,2138,1578,0,318
2783,2134,1577,0,324
2784,2131,1567,0,335
2785,2132,1570,0,333
2786,2134,1571,0,324
2787,2130,1568,0,325
2788,2126,1564,0,309
2789,2126,1560,0,308
2790,2123,1557,0,314
2791,2126,1564,0,304
2792,2129,1567,0,290
2793,2134,1560,0,267
2794,2140,1550,0,276
2795,2150,1547,0,283
2796,2162,1556,0,267
2797,2166,1564,0,246
2798,2169,1557,0,260
2799,2169,1556,0,261
2800,2180,1528,0,240
2801,2176,1504,0,268
2802,2177,1481,0,283
2803,2172,1469,0,304
2804,2166,1451,0,281
2805,2160,1443,0,293
2806,2157,1439,0,300
2807,2155,1440,0,310
2808,2157,1440,0,309
2809,2157,1434,0,301
2810,2150,1418,0,293
2811,2142,1407,0,299
2812,2140,1402,0,293
2813,2138,1398,0,297
2814,2132,1403,0,294
2815,2136,1398,0,292
2816,2137,1397,0,291
2817,2136,1393,0,305
2818,2137,1393,0,302
2819,2135,1378,0,294
2820,2137,1369,0,270
2821,2141,1364,0,273
2822,2140,1363,0,279
2823,2143,1362,0,287
2824,2141,1357,0,289
2825,2139,1357,0,294
2826,2141,1360,0,294
2827,2142,1361,0,288
2828,2148,1351,0,254
2829,2144,1355,0,276
2832,2138,1339,0,283
2833,2136,1337,0,272
2834,2131,1337,0,258
2835,2129,1331,0,259
2836,2132,1325,0,246
2837,2137,1318,0,243
2838,2147,1321,0,263
2839,2155,1314,0,254
2842,2160,1301,0,306
2843,2158,1295,0,316
2844,2149,1288,0,335
2845,2146,1280,0,355
2846,2138,1280,0,8
2847,2127,1282,0,9
2848,2120,1283,0,4
2849,2119,1283,0,3
2850,2118,1287,0,1
2851,2118,1294,0,335
2852,2121,1298,0,328
2853,2123,1301,0,316
2854,2127,1302,0,298
2855,2125,1298,0,292
2856,2123,1290,0,285
2857,2122,1273,0,283
2858,2117,1276,0,298
2859,2125,1279,0,300
2860,2130,1283,0,331
2861,2131,1284,0,347
2862,2137,1296,0,4
2874,2133,1282,0,336
2879,2067,1296,0,34
2880,2048,1304,0,21
2883,2002,1329,0,60
2890,2040,1211,0,10
2898,2048,1299,0,63
2905,2082,1247,0,114
2907,2089,1254,0,66
2910,2063,1262,0,354
2912,2044,1267,0,338
2914,2026,1242,0,296
2916,1965,1286,0,97
2921,2071,1404,0,189
2931,2049,1182,0,8
2936,2123,1132,0,92
2938,2121,1138,0,76
2939,2122,1139,0,74
2943,2102,1169,0,54
2945,2088,1169,0,51
2946,2092,1172,0,27
2949,2068,1172,0,4
2951,2041,1176,0,54
2952,2036,1178,0,62
2956,1897,1248,0,344
2960,1837,1388,0,81
2961,1838,1386,0,83
2962,1839,1387,0,84
2963,1840,1389,0,84
2964,1842,1388,0,84
2965,1842,1388,0,85
2966,1841,1387,0,79
2967,1839,1393,0,77
2968,1840,1404,0,78
2969,1836,1402,0,74
2970,1839,1404,0,70
2971,1843,1409,0,71
2972,1845,1409,0,82
2973,1855,1416,0,85
2974,1849,1415,0,92
2975,1855,1410,0,92
2976,1857,1412,0,101
2977,1858,1415,0,99
2978,1859,1419,0,84
2979,1857,1419,0,79
2980,1856,1422,0,73
2981,1854,1422,0,72
2982,1852,1421,0,69
2983,1849,1420,0,62
2984,1850,1425,0,58
2985,1854,1426,0,69
2986,1856,1428,0,57
2987,1864,1433,0,50
2988,1868,1440,0,39
2989,1869,1440,0,40
2990,1867,1437,0,46
2991,1867,1439,0,38
2992,1863,1433,0,33
2993,1859,1431,0,35
2994,1860,1431,0,49
2995,1861,1432,0,65
2996,1861,1431,0,79
2997,1860,1432,0,84
2998,1861,1430,0,83
2999,1855,1430,0,88
