50,2129,1527,0,110
51,2126,1525,0,105
52,2126,1540,0,110
53,2122,1537,0,125
54,2119,1532,0,139
55,2120,1533,0,138
56,2123,1533,0,141
57,2124,1532,0,145
58,2122,1530,0,142
59,2122,1528,0,139
60,2123,1526,0,131
61,2124,1523,0,127
62,2120,1527,0,142
63,2117,1529,0,142
64,2117,1529,0,139
65,2117,1530,0,137
66,2117,1531,0,134
67,2117,1533,0,134
68,2117,1530,0,136
69,2118,1530,0,144
70,2119,1530,0,143
71,2118,1530,0,138
72,2119,1530,0,136
73,2119,1530,0,130
74,2118,1531,0,119
75,2119,1530,0,117
76,2119,1530,0,120
77,2122,1527,0,125
78,2122,1527,0,125
79,2123,1526,0,120
80,2122,1531,0,116
81,2121,1532,0,113
82,2121,1535,0,117
83,2122,1535,0,127
84,2123,1525,0,142
85,2123,1521,0,142
86,2124,1522,0,137
87,2124,1523,0,140
88,2125,1524,0,137
89,2128,1524,0,140
90,2130,1524,0,133
91,2131,1526,0,115
92,2130,1526,0,113
93,2129,1526,0,111
94,2130,1526,0,107
95,2132,1525,0,105
96,2134,1525,0,101
97,2129,1524,0,96
98,2131,1530,0,88
99,2132,1529,0,71
100,2134,1531,0,64
101,2136,1532,0,60
102,2137,1534,0,61
103,2137,1534,0,60
104,2137,1534,0,56
105,2142,1532,0,51
106,2144,1535,0,44
107,2145,1538,0,42
108,2146,1540,0,40
109,2146,1540,0,39
110,2146,1540,0,39
111,2143,1533,0,42
112,2143,1535,0,38
113,2140,1535,0,41
114,2141,1537,0,35
115,2139,1537,0,37
116,2141,1538,0,33
117,2144,1539,0,29
118,2145,1536,0,28
119,2146,1535,0,24
120,2145,1541,0,28
121,2145,1542,0,24
122,2145,1545,0,24
123,2145,1545,0,19
124,2146,1556,0,9
125,2142,1548,0,9
126,2144,1540,0,3
127,2143,1536,0,359
128,2143,1542,0,351
129,2145,1546,0,341
130,2147,1548,0,345
131,2144,1552,0,333
132,2143,1551,0,332
133,2147,1551,0,337
134,2145,1551,0,334
135,2147,1549,0,337
136,2148,1546,0,327
137,2146,1544,0,321
138,2144,1543,0,307
139,2151,1538,0,305
140,2154,1542,0,296
141,2158,1543,0,276
142,2158,1539,0,266
143,2157,1538,0,269
144,2160,1541,0,273
145,2160,1541,0,273
146,2157,1539,0,272
147,2155,1538,0,271
148,2151,1535,0,266
149,2149,1530,0,259
150,2148,1529,0,253
151,2151,1527,0,263
152,2153,1528,0,262
153,2154,1528,0,253
154,2153,1527,0,241
155,2163,1525,0,240
156,2162,1520,0,232
157,2162,1513,0,240
158,2163,1507,0,240
159,2163,1505,0,243
160,2163,1500,0,233
161,2158,1505,0,237
162,2158,1502,0,224
163,2159,1497,0,218
164,2166,1496,0,228
165,2168,1488,0,238
166,2169,1485,0,222
167,2168,1481,0,207
168,2174,1482,0,195
169,2179,1485,0,201
170,2189,1492,0,216
171,2184,1488,0,213
172,2181,1481,0,209
173,2185,1474,0,226
174,2190,1471,0,224
175,2191,1470,0,220
176,2193,1468,0,199
177,2193,1475,0,184
178,2195,1482,0,173
179,2197,1489,0,184
180,2195,1488,0,188
181,2194,1486,0,193
182,2191,1486,0,205
183,2187,1486,0,202
184,2184,1486,0,193
185,2184,1484,0,191
186,2184,1483,0,196
187,2188,1481,0,199
188,2187,1480,0,206
189,2190,1477,0,213
190,2195,1474,0,227
191,2200,1470,0,232
192,2201,1465,0,231
193,2197,1459,0,239
194,2198,1454,0,248
195,2201,1443,0,235
196,2201,1441,0,217
197,2196,1450,0,221
198,2190,1447,0,221
199,2187,1446,0,226
200,2185,1454,0,227
201,2184,1456,0,227
202,2177,1451,0,234
203,2169,1445,0,228
204,2164,1443,0,241
205,2161,1439,0,216
206,2164,1442,0,177
207,2171,1446,0,169
208,2172,1448,0,169
209,2179,1454,0,178
210,2182,1457,0,185
211,2185,1456,0,182
212,2188,1458,0,182
213,2190,1459,0,180
214,2190,1456,0,180
215,2192,1458,0,178
216,2193,1458,0,179
217,2194,1459,0,175
218,2196,1460,0,176
219,2197,1459,0,181
220,2199,1459,0,178
221,2203,1458,0,177
222,2208,1459,0,168
223,2211,1460,0,164
224,2212,1462,0,158
225,2210,1467,0,169
226,2212,1472,0,152
227,2210,1474,0,145
228,2211,1478,0,131
229,2212,1489,0,114
230,2213,1496,0,127
231,2219,1505,0,138
232,2233,1509,0,158
233,2229,1512,0,159
234,2230,1517,0,173
235,2236,1519,0,188
236,2241,1524,0,189
237,2251,1526,0,186
238,2262,1526,0,193
239,2280,1519,0,194
240,2290,1523,0,192
241,2294,1520,0,197
242,2307,1520,0,201
243,2314,1514,0,210
244,2317,1510,0,201
245,2323,1507,0,186
246,2329,1505,0,194
247,2337,1500,0,190
248,2347,1497,0,201
249,2358,1495,0,205
250,2361,1497,0,202
251,2376,1494,0,186
252,2390,1496,0,192
253,2393,1493,0,196
254,2411,1485,0,200
255,2417,1483,0,196
256,2428,1478,0,211
257,2440,1474,0,224
258,2437,1480,0,226
259,2436,1481,0,221
260,2435,1481,0,221
261,2436,1482,0,220
262,2436,1482,0,218
263,2435,1482,0,214
264,2431,1482,0,216
265,2429,1483,0,215
266,2426,1483,0,215
267,2423,1484,0,217
268,2421,1484,0,210
269,2423,1482,0,210
270,2423,1482,0,210
271,2426,1480,0,206
272,2425,1479,0,200
273,2426,1476,0,204
274,2428,1474,0,216
275,2433,1472,0,223
276,2443,1470,0,225
277,2447,1465,0,239
278,2446,1452,0,265
279,2443,1454,0,262
280,2444,1447,0,258
281,2449,1443,0,250
282,2457,1438,0,247
283,2466,1437,0,254
284,2460,1435,0,271
285,2454,1427,0,268
286,2453,1424,0,259
287,2454,1426,0,261
288,2456,1426,0,260
289,2455,1426,0,257
290,2453,1419,0,249
291,2453,1416,0,253
292,2454,1409,0,264
293,2451,1414,0,256
294,2452,1416,0,236
295,2453,1416,0,228
296,2455,1413,0,229
297,2456,1411,0,223
298,2462,1410,0,204
299,2464,1408,0,204
300,2463,1406,0,196
301,2463,1406,0,201
302,2461,1409,0,209
303,2459,1412,0,208
304,2457,1411,0,201
305,2456,1411,0,200
306,2454,1412,0,197
307,2454,1413,0,197
308,2454,1412,0,206
309,2449,1414,0,201
310,2446,1414,0,210
311,2444,1417,0,215
312,2443,1418,0,224
316,2455,1427,0,219
317,2456,1429,0,229
318,2456,1427,0,224
319,2455,1423,0,220
320,2452,1421,0,230
321,2449,1412,0,261
322,2455,1415,0,290
323,2456,1420,0,306
324,2456,1422,0,317
325,2459,1423,0,312
326,2458,1421,0,310
327,2459,1417,0,304
328,2458,1406,0,299
329,2456,1402,0,285
330,2457,1404,0,291
331,2454,1409,0,300
332,2452,1408,0,302
333,2451,1408,0,302
334,2451,1408,0,302
335,2451,1405,0,299
336,2458,1395,0,291
337,2464,1397,0,291
338,2464,1398,0,313
339,2466,1398,0,312
340,2468,1405,0,321
341,2458,1401,0,315
342,2454,1401,0,312
345,2455,1384,0,351
346,2448,1394,0,359
347,2435,1395,0,9
348,2438,1395,0,17
349,2435,1398,0,25
350,2428,1393,0,28
351,2429,1391,0,26
352,2432,1388,0,22
353,2425,1378,0,37
354,2425,1379,0,38
355,2422,1377,0,40
356,2424,1374,0,33
357,2423,1374,0,23
358,2421,1373,0,26
359,2418,1363,0,26
360,2414,1361,0,16
361,2416,1372,0,16
362,2417,1384,0,13
363,2416,1384,0,14
364,2415,1386,0,10
365,2415,1383,0,12
366,2415,1383,0,11
367,2412,1385,0,9
368,2413,1392,0,5
369,2415,1381,0,11
370,2412,1377,0,358
371,2406,1367,0,4
372,2403,1370,0,1
373,2392,1353,0,358
374,2389,1355,0,351
375,2396,1351,0,348
376,2398,1343,0,322
377,2401,1342,0,320
378,2399,1336,0,306
379,2399,1329,0,305
380,2401,1328,0,302
381,2398,1326,0,294
382,2396,1324,0,292
383,2393,1321,0,278
384,2391,1318,0,272
385,2390,1315,0,267
386,2387,1314,0,259
387,2386,1312,0,251
388,2386,1310,0,248
389,2386,1306,0,243
390,2386,1306,0,240
391,2385,1305,0,239
392,2385,1306,0,240
393,2387,1308,0,239
394,2386,1308,0,239
395,2387,1308,0,237
396,2386,1308,0,236
397,2388,1308,0,240
398,2388,1308,0,240
399,2390,1308,0,243
400,2390,1307,0,248
401,2389,1308,0,246
402,2388,1309,0,244
403,2388,1309,0,243
404,2387,1310,0,239
405,2387,1309,0,237
406,2387,1309,0,240
407,2387,1309,0,240
408,2387,1309,0,238
409,2388,1309,0,238
410,2387,1308,0,236
411,2386,1307,0,234
412,2387,1307,0,236
413,2385,1307,0,239
414,2385,1308,0,233
415,2385,1308,0,234
416,2385,1307,0,233
417,2386,1307,0,231
418,2386,1308,0,232
419,2386,1307,0,231
420,2386,1307,0,231
421,2387,1308,0,234
422,2387,1308,0,236
423,2387,1307,0,230
424,2387,1307,0,230
425,2386,1307,0,232
426,2387,1307,0,233
427,2387,1307,0,233
428,2388,1307,0,232
429,2388,1307,0,233
430,2388,1308,0,234
431,2388,1308,0,237
432,2388,1308,0,237
433,2388,1308,0,236
434,2388,1307,0,233
435,2388,1308,0,237
436,2389,1308,0,237
437,2389,1308,0,238
438,2389,1307,0,236
439,2389,1308,0,233
440,2389,1308,0,237
441,2389,1308,0,235
442,2389,1308,0,232
443,2388,1308,0,231
444,2388,1307,0,231
445,2388,1307,0,230
446,2388,1307,0,231
447,2388,1307,0,233
448,2388,1306,0,233
449,2388,1307,0,234
450,2387,1306,0,232
451,2388,1306,0,233
452,2388,1307,0,233
453,2387,1307,0,237
454,2387,1307,0,229
455,2387,1308,0,233
456,2387,1307,0,233
457,2387,1307,0,233
458,2388,1307,0,234
459,2388,1307,0,234
460,2386,1307,0,231
461,2387,1308,0,231
462,2386,1308,0,230
463,2386,1308,0,232
464,2386,1308,0,231
465,2386,1308,0,231
466,2386,1308,0,233
467,2386,1308,0,231
468,2386,1308,0,232
469,2386,1308,0,233
470,2386,1308,0,232
471,2386,1308,0,233
472,2386,1308,0,231
473,2385,1308,0,233
474,2385,1308,0,236
475,2384,1308,0,235
476,2385,1307,0,235
477,2385,1307,0,235
478,2384,1307,0,235
479,2383,1306,0,229
480,2382,1308,0,233
481,2383,1306,0,232
482,2383,1307,0,231
483,2385,1307,0,234
484,2386,1307,0,230
485,2385,1308,0,230
486,2384,1308,0,231
487,2384,1308,0,239
488,2384,1308,0,235
489,2384,1308,0,234
490,2383,1308,0,236
491,2383,1308,0,235
492,2383,1308,0,235
493,2384,1308,0,234
494,2384,1308,0,235
495,2384,1308,0,237
496,2384,1308,0,236
497,2384,1308,0,236
498,2384,1307,0,235
499,2384,1306,0,231
500,2384,1306,0,230
501,2383,1306,0,224
502,2383,1306,0,224
503,2383,1306,0,225
504,2383,1306,0,225
505,2383,1306,0,228
506,2384,1306,0,228
507,2383,1306,0,230
508,2383,1306,0,230
509,2383,1306,0,231
510,2383,1306,0,230
511,2383,1307,0,229
512,2383,1307,0,230
513,2383,1306,0,230
514,2384,1306,0,229
515,2384,1307,0,230
516,2383,1307,0,231
517,2383,1307,0,234
518,2383,1307,0,231
519,2384,1308,0,231
520,2384,1308,0,229
521,2384,1308,0,230
522,2384,1307,0,229
523,2384,1308,0,228
524,2384,1308,0,231
525,2384,1308,0,230
526,2384,1308,0,226
527,2385,1308,0,227
528,2384,1308,0,228
529,2386,1309,0,238
530,2386,1308,0,235
531,2387,1308,0,236
532,2388,1308,0,239
533,2388,1309,0,242
534,2389,1310,0,243
535,2388,1310,0,245
536,2389,1311,0,242
537,2388,1310,0,242
538,2388,1310,0,241
539,2388,1310,0,238
540,2387,1311,0,239
541,2387,1311,0,236
542,2388,1310,0,236
543,2388,1309,0,237
544,2388,1309,0,238
545,2388,1309,0,239
546,2388,1308,0,235
547,2388,1308,0,235
548,2388,1308,0,236
549,2388,1308,0,235
550,2388,1308,0,236
551,2388,1308,0,236
552,2387,1308,0,237
553,2387,1308,0,237
554,2387,1308,0,236
555,2387,1308,0,235
556,2387,1308,0,236
557,2387,1308,0,236
558,2387,1309,0,239
559,2387,1309,0,239
560,2387,1308,0,236
561,2387,1308,0,237
562,2387,1309,0,237
563,2387,1309,0,237
564,2387,1308,0,236
565,2387,1308,0,237
566,2387,1308,0,237
567,2387,1309,0,237
568,2387,1308,0,238
569,2386,1309,0,236
570,2386,1309,0,236
571,2386,1309,0,237
572,2387,1308,0,236
573,2387,1309,0,236
574,2386,1309,0,236
575,2387,1309,0,235
576,2386,1310,0,237
577,2383,1315,0,240
589,2440,1423,0,23
592,2446,1355,0,191
597,2459,1348,0,342
599,2458,1343,0,249
602,2461,1349,0,212
603,2454,1345,0,356
606,2469,1334,0,229
607,2465,1336,0,197
608,2457,1342,0,348
609,2461,1339,0,26
610,2461,1336,0,56
611,2462,1334,0,58
612,2468,1331,0,235
616,2463,1337,0,34
617,2459,1337,0,3
618,2456,1337,0,0
619,2458,1336,0,173
620,2457,1335,0,349
621,2461,1337,0,340
622,2459,1336,0,343
623,2458,1333,0,352
624,2458,1335,0,339
625,2459,1337,0,354
627,2465,1333,0,30
631,2461,1323,0,192
635,2452,1349,0,28
636,2454,1349,0,19
637,2456,1347,0,16
639,2460,1342,0,35
640,2458,1343,0,36
641,2459,1338,0,223
644,2473,1329,0,247
649,2469,1349,0,358
650,2468,1346,0,358
652,2463,1345,0,350
658,2466,1350,0,345
660,2462,1343,0,67
662,2411,1378,0,278
682,2468,1345,0,358
683,2466,1348,0,339
684,2460,1348,0,2
686,2462,1344,0,330
694,2404,1386,0,353
695,2408,1382,0,0
696,2411,1384,0,359
697,2408,1384,0,2
698,2405,1382,0,359
699,2407,1380,0,357
700,2408,1381,0,356
701,2406,1382,0,359
702,2405,1381,0,358
703,2400,1380,0,354
704,2397,1375,0,2
705,2397,1375,0,2
706,2394,1375,0,0
707,2393,1378,0,0
708,2391,1379,0,8
709,2388,1378,0,3
710,2386,1380,0,3
711,2388,1382,0,353
712,2392,1379,0,356
713,2395,1379,0,357
714,2394,1371,0,11
715,2392,1369,0,2
716,2387,1362,0,10
717,2389,1363,0,7
718,2385,1365,0,12
719,2380,1367,0,13
720,2377,1369,0,16
721,2372,1375,0,15
722,2369,1379,0,14
723,2369,1383,0,9
724,2366,1384,0,11
725,2365,1385,0,12
726,2362,1384,0,18
727,2361,1388,0,10
728,2360,1388,0,11
729,2358,1388,0,17
730,2356,1395,0,14
731,2349,1400,0,12
732,2344,1404,0,11
733,2340,1405,0,13
734,2340,1405,0,15
735,2337,1406,0,15
736,2331,1406,0,15
737,2326,1403,0,12
738,2321,1406,0,9
739,2320,1409,0,4
740,2320,1412,0,0
741,2318,1416,0,2
742,2317,1416,0,2
743,2319,1417,0,6
744,2316,1420,0,2
745,2316,1424,0,351
746,2318,1417,0,350
747,2320,1411,0,0
748,2319,1410,0,1
749,2319,1411,0,355
750,2318,1412,0,352
751,2321,1414,0,348
752,2318,1410,0,356
753,2312,1410,0,352
754,2309,1409,0,357
755,2309,1411,0,353
756,2305,1409,0,346
757,2299,1406,0,350
758,2293,1399,0,348
759,2288,1397,0,331
760,2290,1391,0,329
761,2287,1391,0,329
762,2285,1390,0,325
763,2282,1391,0,327
764,2281,1395,0,317
765,2284,1396,0,310
766,2285,1398,0,303
767,2285,1397,0,300
768,2285,1395,0,299
769,2287,1394,0,306
770,2289,1395,0,309
771,2288,1396,0,311
772,2290,1396,0,313
773,2290,1397,0,309
774,2291,1398,0,307
775,2291,1398,0,308
776,2289,1396,0,307
777,2289,1396,0,314
778,2286,1398,0,328
779,2283,1398,0,342
780,2277,1397,0,352
781,2275,1401,0,356
782,2271,1402,0,2
783,2269,1401,0,6
784,2270,1401,0,12
785,2272,1402,0,13
786,2271,1404,0,15
787,2272,1405,0,17
788,2272,1407,0,16
789,2271,1405,0,21
790,2272,1405,0,23
791,2271,1405,0,23
792,2270,1406,0,23
793,2270,1406,0,22
794,2270,1408,0,22
795,2269,1409,0,21
796,2270,1410,0,19
797,2271,1411,0,18
798,2271,1411,0,18
799,2271,1411,0,19
800,2270,1411,0,23
801,2270,1410,0,21
802,2271,1410,0,17
803,2271,1411,0,18
804,2271,1411,0,18
805,2272,1411,0,15
806,2270,1411,0,16
807,2270,1411,0,15
808,2269,1411,0,17
809,2269,1410,0,14
810,2269,1411,0,10
811,2270,1411,0,10
812,2269,1413,0,9
813,2268,1413,0,7
814,2266,1413,0,8
815,2264,1415,0,5
816,2264,1416,0,1
817,2265,1416,0,354
818,2265,1414,0,357
819,2265,1412,0,359
820,2263,1411,0,1
821,2262,1407,0,12
822,2261,1406,0,15
823,2260,1406,0,17
824,2258,1406,0,19
825,2258,1407,0,16
826,2258,1407,0,14
827,2258,1407,0,15
828,2257,1407,0,14
829,2256,1406,0,20
830,2257,1408,0,13
831,2258,1409,0,9
832,2258,1409,0,9
833,2263,1408,0,11
834,2262,1408,0,11
835,2265,1408,0,7
836,2262,1409,0,8
837,2263,1408,0,13
838,2260,1407,0,16
839,2256,1410,0,16
840,2261,1413,0,5
841,2262,1413,0,3
842,2262,1412,0,3
843,2262,1413,0,3
844,2263,1412,0,6
845,2261,1415,0,4
846,2263,1416,0,359
847,2263,1416,0,358
848,2262,1416,0,355
849,2261,1416,0,348
850,2260,1414,0,350
851,2259,1412,0,354
852,2256,1411,0,353
853,2254,1411,0,350
854,2253,1409,0,351
855,2252,1406,0,355
856,2249,1404,0,1
857,2248,1402,0,11
858,2246,1402,0,26
859,2243,1402,0,25
860,2239,1404,0,25
861,2238,1405,0,22
862,2239,1406,0,22
863,2234,1400,0,31
864,2232,1395,0,23
865,2237,1391,0,24
866,2238,1390,0,19
867,2237,1389,0,19
868,2234,1388,0,23
869,2233,1387,0,27
870,2232,1386,0,23
871,2234,1386,0,24
872,2234,1385,0,18
873,2232,1383,0,22
874,2233,1379,0,21
875,2232,1376,0,15
876,2230,1376,0,15
877,2233,1377,0,15
878,2231,1378,0,17
879,2228,1383,0,32
880,2228,1394,0,37
881,2227,1403,0,44
882,2226,1409,0,46
883,2218,1410,0,31
884,2207,1414,0,34
885,2203,1421,0,41
886,2205,1427,0,36
887,2203,1434,0,43
888,2199,1439,0,34
889,2204,1441,0,33
890,2200,1439,0,22
891,2197,1440,0,28
892,2192,1443,0,29
893,2190,1445,0,32
894,2189,1445,0,32
895,2184,1442,0,21
896,2181,1440,0,25
897,2177,1437,0,35
898,2171,1438,0,48
899,2170,1439,0,60
900,2162,1441,0,56
901,2156,1448,0,57
902,2145,1447,0,66
903,2144,1451,0,56
904,2154,1450,0,43
905,2157,1451,0,41
906,2158,1451,0,35
907,2159,1451,0,38
908,2159,1451,0,42
909,2159,1450,0,47
910,2159,1451,0,45
911,2160,1454,0,46
912,2158,1455,0,39
913,2157,1455,0,39
914,2161,1456,0,38
915,2167,1457,0,41
916,2172,1454,0,31
917,2178,1455,0,25
918,2180,1453,0,17
919,2183,1455,0,11
920,2185,1455,0,7
921,2186,1455,0,6
922,2186,1455,0,10
923,2186,1455,0,7
924,2185,1454,0,12
925,2183,1453,0,12
926,2183,1452,0,8
927,2183,1452,0,13
928,2181,1451,0,19
929,2178,1449,0,16
930,2178,1448,0,15
931,2181,1448,0,13
932,2182,1447,0,15
933,2181,1446,0,10
934,2178,1445,0,3
935,2175,1443,0,0
936,2179,1439,0,359
937,2180,1437,0,348
938,2179,1438,0,351
939,2177,1440,0,348
940,2176,1442,0,346
941,2172,1441,0,334
942,2170,1437,0,329
943,2172,1433,0,326
944,2170,1429,0,323
945,2167,1427,0,317
946,2167,1425,0,313
947,2166,1415,0,312
948,2161,1410,0,301
949,2173,1397,0,292
950,2173,1391,0,320
951,2167,1392,0,320
952,2158,1392,0,330
953,2157,1382,0,350
954,2158,1380,0,2
955,2153,1372,0,6
956,2156,1370,0,6
957,2158,1364,0,10
958,2163,1362,0,9
959,2171,1359,0,15
960,2170,1361,0,13
961,2169,1364,0,359
962,2177,1368,0,356
963,2173,1375,0,354
964,2171,1379,0,347
965,2171,1381,0,334
966,2173,1383,0,330
967,2172,1386,0,308
968,2173,1390,0,299
969,2173,1391,0,294
970,2173,1388,0,290
971,2175,1382,0,300
972,2180,1376,0,293
973,2186,1372,0,310
974,2187,1373,0,319
975,2185,1376,0,325
976,2184,1377,0,329
977,2182,1377,0,330
978,2181,1374,0,318
979,2179,1373,0,315
980,2178,1373,0,308
981,2176,1368,0,299
982,2179,1369,0,287
983,2188,1370,0,288
984,2193,1367,0,291
985,2194,1363,0,281
986,2194,1358,0,280
987,2197,1354,0,273
988,2200,1351,0,279
989,2195,1358,0,301
990,2195,1359,0,306
991,2194,1361,0,302
992,2190,1364,0,313
993,2185,1365,0,305
994,2184,1365,0,298
995,2183,1368,0,293
996,2177,1369,0,306
997,2168,1369,0,316
998,2162,1368,0,317
999,2164,1369,0,318
1000,2167,1372,0,319
1001,2174,1376,0,301
1002,2176,1376,0,297
1003,2176,1377,0,300
1004,2175,1377,0,304
1005,2173,1377,0,309
1006,2168,1378,0,306
1007,2166,1378,0,305
1008,2171,1379,0,289
1009,2170,1375,0,288
1010,2173,1371,0,285
1011,2171,1371,0,279
1012,2170,1369,0,277
1013,2170,1370,0,271
1014,2169,1371,0,274
1015,2169,1371,0,278
1016,2170,1372,0,282
1017,2170,1375,0,284
1018,2170,1369,0,274
1019,2170,1368,0,277
1020,2171,1368,0,282
1021,2170,1367,0,279
1022,2167,1367,0,285
1023,2168,1365,0,289
1024,2170,1358,0,297
1025,2171,1355,0,303
1026,2171,1355,0,312
1027,2173,1353,0,317
1028,2173,1351,0,322
1029,2167,1345,0,323
1030,2163,1346,0,329
1031,2165,1351,0,339
1032,2165,1349,0,329
1033,2166,1348,0,328
1034,2164,1350,0,330
1039,2175,1378,0,352
1041,2171,1388,0,357
1042,2164,1387,0,356
1043,2160,1386,0,344
1044,2165,1384,0,334
1045,2166,1385,0,338
1046,2166,1388,0,352
1047,2166,1387,0,354
1048,2165,1388,0,359
1049,2163,1387,0,0
1050,2160,1387,0,352
1058,2125,1395,0,317
1061,2114,1408,0,313
1063,2122,1400,0,322
1064,2120,1399,0,318
1065,2118,1398,0,315
1066,2118,1402,0,323
1067,2116,1401,0,326
1068,2113,1399,0,332
1069,2104,1402,0,340
1070,2098,1403,0,339
1071,2099,1412,0,330
1073,2098,1419,0,338
1074,2104,1423,0,336
1075,2106,1423,0,341
1084,2100,1415,0,336
1085,2094,1421,0,336
1086,2085,1421,0,340
1087,2077,1419,0,335
1088,2075,1415,0,339
1089,2079,1414,0,348
1090,2078,1415,0,337
1091,2076,1417,0,334
1092,2074,1421,0,334
1093,2072,1419,0,342
1094,2074,1416,0,327
1095,2074,1414,0,317
1096,2072,1411,0,310
1097,2077,1409,0,299
1098,2081,1413,0,297
1099,2082,1417,0,287
1100,2085,1424,0,283
1101,2088,1424,0,277
1102,2089,1422,0,273
1103,2089,1420,0,274
1104,2089,1419,0,271
1105,2086,1417,0,266
1106,2084,1415,0,265
1107,2084,1415,0,266
1108,2084,1411,0,267
1109,2083,1406,0,265
1110,2081,1401,0,260
1111,2080,1400,0,264
1112,2076,1407,0,263
1113,2072,1415,0,264
1114,2070,1418,0,270
1115,2067,1420,0,265
1116,2069,1416,0,259
1117,2071,1415,0,249
1118,2070,1422,0,245
1119,2063,1425,0,237
1120,2059,1428,0,246
1121,2061,1429,0,228
1122,2062,1422,0,224
1123,2062,1424,0,232
1124,2063,1423,0,241
1125,2062,1426,0,241
1126,2056,1425,0,243
1127,2052,1422,0,240
1128,2051,1419,0,242
1129,2052,1419,0,232
1130,2054,1412,0,225
1131,2053,1411,0,222
1132,2051,1409,0,224
1133,2051,1404,0,218
1134,2053,1398,0,225
1135,2054,1397,0,227
1136,2054,1393,0,222
1137,2055,1392,0,218
1138,2054,1396,0,235
1139,2049,1396,0,220
1140,2047,1398,0,215
1143,2038,1416,0,144
1144,2035,1423,0,146
1145,2034,1425,0,127
1146,2034,1434,0,117
1147,2034,1438,0,114
1148,2035,1442,0,106
1149,2032,1440,0,107
1150,2030,1441,0,106
1151,2031,1444,0,102
1152,2030,1446,0,98
1153,2040,1450,0,96
1154,2044,1453,0,103
1155,2040,1458,0,120
1156,2041,1460,0,124
1157,2042,1462,0,120
1158,2047,1468,0,112
1159,2049,1475,0,102
1160,2049,1479,0,103
1161,2054,1484,0,104
1162,2052,1489,0,100
1163,2052,1498,0,87
1164,2053,1507,0,91
1165,2055,1516,0,94
1166,2059,1524,0,87
1167,2055,1533,0,88
1168,2053,1543,0,97
1169,2053,1549,0,99
1170,2049,1557,0,93
1171,2047,1558,0,96
1172,2042,1564,0,84
1173,2032,1567,0,91
1174,2036,1572,0,83
1175,2031,1583,0,103
1176,2035,1596,0,93
1177,2034,1610,0,79
1178,2031,1615,0,78
1179,2038,1618,0,82
1180,2040,1612,0,89
1181,2038,1611,0,88
1182,2036,1612,0,83
1183,2037,1611,0,84
1184,2036,1612,0,83
1185,2037,1612,0,88
1186,2038,1612,0,87
1187,2036,1610,0,81
1188,2036,1610,0,73
1189,2041,1603,0,59
1190,2042,1598,0,31
1191,2039,1597,0,14
1192,2038,1591,0,2
1193,2034,1589,0,351
1194,2034,1588,0,350
1195,2033,1584,0,352
1196,2027,1584,0,2
1197,2026,1587,0,5
1198,2021,1585,0,1
1199,2014,1588,0,14
1200,2006,1588,0,1
1201,1997,1588,0,359
1202,1990,1588,0,346
1203,1987,1588,0,350
1204,1983,1589,0,356
1205,1976,1588,0,357
1206,1971,1593,0,359
1207,1965,1591,0,354
1208,1959,1591,0,356
1209,1958,1588,0,357
1210,1958,1585,0,1
1211,1956,1580,0,17
1212,1956,1576,0,14
1213,1953,1578,0,3
1214,1951,1575,0,11
1215,1951,1577,0,3
1216,1951,1578,0,358
1217,1955,1578,0,0
1218,1961,1582,0,354
1219,1965,1584,0,350
1220,1966,1581,0,356
1221,1964,1581,0,358
1222,1961,1582,0,358
1223,1960,1582,0,0
1224,1956,1582,0,6
1225,1956,1583,0,3
1226,1955,1585,0,8
1227,1956,1586,0,7
1228,1955,1588,0,0
1229,1955,1590,0,4
1230,1958,1591,0,357
1231,1957,1590,0,355
1232,1953,1591,0,358
1233,1955,1588,0,4
1234,1960,1590,0,10
1235,1963,1586,0,2
1236,1959,1585,0,358
1237,1961,1583,0,357
1238,1963,1583,0,359
1239,1964,1584,0,359
1240,1966,1585,0,357
1241,1971,1581,0,4
1242,1973,1584,0,3
1243,1971,1585,0,7
1244,1970,1581,0,7
1245,1971,1576,0,15
1246,1974,1577,0,29
1247,1976,1581,0,36
1248,1977,1588,0,45
1249,1976,1598,0,49
1250,1976,1603,0,60
1251,1973,1606,0,66
1252,1970,1608,0,70
1253,1971,1612,0,73
1254,1970,1614,0,69
1255,1969,1612,0,70
1256,1969,1612,0,80
1257,1970,1610,0,85
1258,1970,1610,0,85
1259,1970,1610,0,84
1260,1969,1609,0,86
1261,1969,1611,0,86
1262,1969,1612,0,86
1263,1967,1608,0,84
1264,1968,1605,0,85
1265,1972,1607,0,92
1266,1975,1607,0,86
1267,1982,1614,0,84
1268,1986,1616,0,64
1269,1978,1611,0,73
1270,1978,1611,0,70
1271,1977,1616,0,56
1272,1977,1616,0,53
1273,1977,1617,0,53
1274,1975,1620,0,54
1275,1973,1621,0,53
1276,1973,1627,0,52
1277,1982,1632,0,45
1278,1982,1636,0,37
1279,1977,1639,0,34
1280,1976,1642,0,32
1281,1975,1641,0,29
1282,1974,1640,0,29
1283,1974,1640,0,25
1284,1974,1640,0,21
1285,1975,1641,0,20
1286,1975,1641,0,18
1287,1976,1641,0,16
1288,1976,1642,0,16
1289,1976,1642,0,15
1290,1976,1642,0,13
1291,1975,1641,0,14
1292,1974,1641,0,18
1293,1973,1640,0,21
1294,1972,1642,0,16
1295,1969,1641,0,16
1296,1967,1641,0,18
1297,1965,1641,0,18
1298,1964,1642,0,24
1299,1966,1638,0,29
1300,1967,1638,0,25
1301,1968,1636,0,19
1302,1968,1635,0,11
1303,1965,1632,0,358
1304,1961,1631,0,352
1305,1951,1632,0,350
1306,1948,1633,0,353
1307,1948,1634,0,353
1308,1945,1633,0,351
1309,1936,1630,0,348
1310,1926,1628,0,344
1311,1919,1621,0,341
1312,1911,1616,0,340
1313,1912,1610,0,332
1314,1903,1609,0,314
1315,1898,1607,0,308
1316,1897,1608,0,313
1317,1896,1605,0,315
1318,1895,1602,0,312
1319,1891,1597,0,307
1320,1889,1592,0,306
1321,1888,1591,0,305
1322,1891,1586,0,306
1323,1892,1584,0,314
1324,1887,1587,0,308
1325,1885,1584,0,315
1326,1889,1587,0,322
1327,1890,1589,0,324
1328,1889,1589,0,322
1329,1889,1589,0,324
1330,1887,1586,0,318
1331,1887,1585,0,320
1332,1889,1578,0,328
1333,1894,1576,0,331
1334,1897,1577,0,334
1335,1897,1577,0,338
1336,1896,1577,0,337
1337,1894,1577,0,333
1338,1893,1577,0,327
1339,1892,1579,0,332
1340,1891,1578,0,337
1341,1888,1577,0,338
1342,1883,1576,0,337
1343,1878,1573,0,333
1344,1874,1571,0,332
1345,1869,1574,0,332
1346,1867,1577,0,337
1347,1867,1578,0,337
1348,1866,1583,0,338
1349,1863,1582,0,336
1350,1857,1582,0,328
1351,1856,1575,0,331
1352,1854,1571,0,330
1353,1855,1569,0,333
1354,1860,1577,0,328
1355,1860,1575,0,326
1356,1861,1578,0,320
1357,1859,1577,0,318
1358,1854,1576,0,322
1359,1852,1573,0,319
1360,1852,1565,0,314
1361,1852,1562,0,304
1362,1850,1554,0,297
1363,1850,1557,0,295
1364,1851,1558,0,296
1365,1848,1552,0,298
1366,1847,1552,0,293
1367,1851,1548,0,288
1368,1853,1546,0,284
1369,1852,1548,0,283
1370,1851,1554,0,281
1371,1848,1556,0,279
1372,1845,1558,0,280
1373,1844,1561,0,280
1374,1846,1561,0,281
1375,1845,1558,0,275
1376,1851,1560,0,277
1377,1859,1557,0,270
1378,1863,1553,0,278
1379,1861,1547,0,293
1380,1861,1542,0,301
1381,1857,1537,0,303
1382,1851,1543,0,313
1383,1850,1546,0,307
1384,1848,1548,0,313
1385,1847,1553,0,324
1386,1848,1555,0,319
1387,1852,1563,0,321
1388,1856,1570,0,313
1389,1855,1571,0,307
1390,1860,1576,0,294
1391,1861,1576,0,282
1392,1863,1576,0,279
1393,1865,1574,0,279
1394,1866,1572,0,269
1395,1865,1573,0,267
1396,1865,1575,0,270
1397,1866,1575,0,265
1398,1869,1577,0,254
1399,1870,1577,0,251
1400,1875,1574,0,258
1401,1871,1580,0,265
1402,1873,1579,0,256
1403,1872,1581,0,257
1404,1872,1581,0,272
1405,1868,1579,0,295
1406,1869,1576,0,297
1407,1869,1576,0,292
1408,1869,1574,0,286
1409,1869,1574,0,294
1410,1873,1578,0,294
1411,1877,1580,0,298
1412,1880,1581,0,311
1413,1880,1585,0,327
1414,1879,1589,0,0
1415,1877,1587,0,12
1416,1876,1594,0,28
1417,1872,1595,0,35
1418,1867,1599,0,38
1419,1860,1610,0,45
1420,1854,1618,0,40
1421,1848,1623,0,42
1422,1842,1635,0,43
1423,1837,1642,0,42
1424,1830,1649,0,49
1425,1829,1664,0,47
1426,1825,1668,0,26
1427,1825,1668,0,23
1428,1824,1670,0,23
1429,1818,1675,0,30
1430,1810,1672,0,30
1431,1806,1669,0,25
1432,1803,1671,0,21
1433,1799,1671,0,21
1434,1801,1671,0,15
1435,1804,1672,0,21
1436,1803,1671,0,20
1437,1800,1673,0,20
1438,1798,1677,0,17
1439,1797,1680,0,22
1440,1796,1677,0,28
1441,1790,1682,0,30
1442,1788,1680,0,29
1443,1786,1681,0,19
1444,1784,1683,0,20
1445,1783,1685,0,17
1446,1779,1687,0,15
1447,1774,1693,0,4
1448,1774,1687,0,354
1449,1769,1693,0,356
1450,1761,1690,0,345
1451,1753,1686,0,340
1452,1745,1680,0,346
1453,1737,1681,0,340
1454,1732,1682,0,350
1455,1726,1684,0,346
1456,1721,1681,0,340
1457,1720,1675,0,351
1458,1714,1673,0,351
1459,1708,1671,0,349
1460,1703,1664,0,340
1461,1699,1662,0,335
1462,1693,1658,0,333
1463,1690,1653,0,325
1464,1684,1652,0,321
1465,1680,1648,0,314
1466,1680,1646,0,316
1467,1678,1647,0,317
1468,1676,1646,0,314
1469,1674,1645,0,308
1470,1673,1644,0,305
1471,1673,1643,0,304
1472,1673,1643,0,306
1473,1674,1643,0,307
1474,1675,1644,0,313
1475,1677,1647,0,309
1476,1676,1651,0,310
1477,1670,1646,0,324
1478,1665,1645,0,329
1479,1661,1642,0,332
1480,1661,1644,0,339
1481,1660,1645,0,346
1482,1659,1646,0,349
1483,1655,1646,0,345
1484,1648,1644,0,342
1485,1643,1640,0,337
1486,1638,1634,0,328
1487,1631,1627,0,325
1488,1625,1619,0,325
1489,1620,1616,0,320
1490,1616,1610,0,310
1491,1618,1602,0,320
1492,1614,1598,0,315
1493,1608,1602,0,317
1494,1603,1599,0,319
1495,1603,1592,0,312
1496,1602,1585,0,301
1497,1600,1576,0,296
1498,1598,1572,0,292
1499,1598,1568,0,294
1500,1600,1561,0,288
1501,1596,1563,0,288
1502,1594,1564,0,287
1503,1593,1564,0,285
1504,1593,1563,0,281
1505,1592,1563,0,283
1506,1592,1564,0,281
1507,1592,1566,0,281
1508,1590,1567,0,285
1509,1587,1566,0,285
1510,1583,1560,0,290
1511,1581,1558,0,296
1512,1581,1556,0,300
1513,1581,1555,0,302
1514,1580,1553,0,303
1515,1577,1550,0,308
1516,1576,1549,0,315
1517,1572,1546,0,329
1518,1564,1544,0,345
1519,1560,1542,0,350
1520,1556,1541,0,350
1521,1555,1541,0,355
1522,1553,1542,0,356
1523,1547,1541,0,4
1524,1545,1538,0,15
1525,1540,1542,0,18
1526,1535,1543,0,5
1527,1532,1542,0,2
1528,1526,1544,0,1
1529,1526,1543,0,355
1530,1521,1540,0,340
1531,1516,1540,0,333
1532,1509,1535,0,321
1533,1505,1535,0,324
1534,1504,1535,0,324
1535,1500,1538,0,324
1536,1496,1539,0,338
1537,1485,1537,0,347
1538,1482,1536,0,350
1539,1480,1534,0,349
1540,1478,1533,0,355
1541,1474,1534,0,359
1542,1470,1533,0,353
1543,1471,1532,0,357
1544,1470,1532,0,357
1545,1470,1530,0,0
1546,1467,1530,0,1
1547,1463,1532,0,3
1548,1460,1531,0,3
1549,1459,1527,0,6
1550,1459,1526,0,4
1551,1458,1523,0,6
1552,1456,1526,0,11
1553,1451,1529,0,2
1554,1447,1531,0,353
1555,1447,1531,0,350
1556,1451,1526,0,334
1557,1449,1522,0,321
1558,1449,1518,0,312
1559,1447,1513,0,305
1560,1445,1512,0,302
1561,1439,1509,0,301
1562,1434,1504,0,310
1563,1429,1499,0,314
1564,1425,1499,0,316
1565,1421,1499,0,318
1566,1415,1498,0,324
1567,1411,1493,0,321
1568,1410,1497,0,330
1569,1408,1495,0,329
1570,1401,1488,0,319
1571,1400,1486,0,320
1572,1395,1485,0,327
1573,1389,1483,0,332
1574,1383,1476,0,329
1575,1379,1474,0,332
1576,1372,1474,0,327
1577,1374,1477,0,326
1578,1372,1475,0,326
1579,1372,1470,0,316
1580,1370,1469,0,313
1581,1370,1469,0,306
1582,1374,1467,0,299
1583,1374,1468,0,297
1584,1374,1461,0,290
1585,1376,1455,0,290
1586,1378,1453,0,291
1587,1378,1447,0,283
1588,1382,1443,0,285
1589,1381,1437,0,273
1590,1382,1432,0,270
1591,1385,1423,0,270
1592,1385,1419,0,258
1593,1385,1413,0,250
1594,1394,1408,0,242
1595,1395,1408,0,243
1596,1395,1411,0,225
1597,1401,1410,0,226
1598,1404,1411,0,231
1599,1404,1411,0,239
1600,1409,1405,0,233
1601,1415,1400,0,230
1602,1420,1395,0,229
1603,1422,1392,0,239
1604,1424,1388,0,243
1605,1421,1384,0,250
1606,1426,1374,0,266
1607,1419,1368,0,268
1608,1414,1364,0,274
1609,1418,1368,0,277
1610,1416,1364,0,289
1611,1415,1359,0,294
1612,1419,1357,0,301
1613,1421,1352,0,298
1614,1420,1347,0,302
1615,1418,1344,0,312
1616,1418,1343,0,310
1617,1418,1345,0,316
1618,1420,1343,0,323
1619,1419,1344,0,326
1620,1419,1340,0,328
1621,1418,1338,0,328
1622,1417,1334,0,327
1623,1412,1331,0,323
1624,1405,1328,0,310
1625,1401,1325,0,299
1626,1395,1323,0,290
1627,1393,1314,0,278
1628,1391,1316,0,274
1629,1389,1311,0,271
1630,1385,1306,0,261
1631,1378,1302,0,272
1632,1375,1294,0,277
1633,1372,1281,0,282
1634,1368,1270,0,294
1635,1372,1260,0,283
1636,1373,1248,0,274
1637,1369,1235,0,265
1638,1367,1228,0,267
1639,1363,1221,0,276
1640,1363,1214,0,278
1641,1362,1212,0,274
1642,1367,1211,0,268
1643,1366,1215,0,258
1644,1370,1218,0,250
1645,1373,1219,0,235
1646,1371,1222,0,229
1647,1370,1222,0,222
1648,1369,1223,0,221
1649,1373,1219,0,219
1650,1371,1219,0,221
1651,1369,1219,0,208
1652,1377,1217,0,208
1653,1385,1220,0,196
1654,1383,1219,0,189
1655,1387,1209,0,193
1656,1389,1209,0,174
1657,1394,1207,0,149
1658,1401,1208,0,134
1659,1402,1212,0,128
1660,1404,1219,0,126
1661,1407,1230,0,121
1662,1412,1241,0,114
1663,1413,1247,0,117
1664,1413,1248,0,110
1665,1415,1247,0,110
1666,1413,1250,0,109
1667,1413,1255,0,106
1668,1413,1259,0,108
1669,1415,1260,0,115
1670,1423,1267,0,135
1671,1427,1275,0,140
1672,1428,1275,0,152
1673,1434,1279,0,163
1674,1436,1282,0,156
1675,1438,1281,0,160
1676,1439,1282,0,164
1677,1442,1284,0,157
1678,1442,1282,0,163
1679,1441,1279,0,159
1680,1441,1281,0,156
1681,1441,1282,0,156
1682,1442,1285,0,154
1683,1442,1286,0,156
1684,1441,1286,0,154
1685,1440,1286,0,151
1686,1437,1283,0,148
1687,1434,1284,0,154
1688,1441,1289,0,147
1689,1451,1294,0,140
1690,1454,1296,0,131
1691,1452,1299,0,126
1692,1454,1298,0,114
1693,1456,1303,0,118
1694,1455,1310,0,113
1695,1459,1314,0,104
1696,1455,1314,0,104
1697,1452,1312,0,98
1698,1447,1319,0,91
1699,1449,1322,0,79
1700,1445,1332,0,87
1701,1442,1343,0,74
1702,1442,1344,0,76
1703,1439,1344,0,85
1704,1441,1345,0,87
1705,1440,1345,0,97
1706,1437,1349,0,85
1707,1431,1358,0,83
1708,1429,1361,0,74
1709,1429,1373,0,68
1710,1425,1378,0,63
1711,1423,1387,0,59
1712,1417,1395,0,63
1713,1419,1402,0,70
1714,1412,1413,0,72
1715,1408,1421,0,65
1716,1399,1425,0,53
1717,1391,1431,0,54
1718,1384,1435,0,54
1719,1377,1438,0,56
1720,1372,1431,0,53
1721,1374,1437,0,68
1722,1376,1437,0,76
1723,1376,1445,0,81
1724,1377,1446,0,94
1725,1385,1457,0,98
1726,1385,1461,0,107
1727,1387,1463,0,117
1728,1395,1469,0,128
1729,1398,1481,0,128
1730,1399,1483,0,138
1731,1406,1483,0,148
1732,1410,1485,0,156
1733,1418,1489,0,160
1734,1419,1492,0,160
1735,1421,1493,0,161
1736,1419,1492,0,160
1737,1414,1492,0,159
1738,1420,1493,0,154
1739,1420,1495,0,150
1740,1424,1501,0,150
1741,1430,1504,0,162
1742,1432,1504,0,162
1743,1434,1502,0,162
1744,1432,1511,0,141
1745,1438,1512,0,138
1746,1443,1518,0,128
1747,1450,1523,0,127
1748,1452,1527,0,125
1749,1456,1532,0,123
1750,1458,1536,0,136
1751,1464,1540,0,139
1752,1473,1544,0,143
1753,1478,1550,0,146
1754,1488,1553,0,159
1755,1496,1557,0,160
1756,1503,1559,0,178
1757,1514,1561,0,166
1758,1530,1565,0,165
1759,1538,1568,0,165
1760,1553,1574,0,165
1761,1560,1580,0,151
1762,1572,1587,0,160
1763,1582,1593,0,159
1764,1588,1596,0,154
1765,1591,1595,0,149
1766,1586,1602,0,134
1767,1583,1611,0,112
1768,1578,1617,0,96
1769,1578,1620,0,88
1770,1576,1623,0,85
1771,1577,1633,0,89
1772,1573,1641,0,78
1773,1570,1648,0,83
1774,1569,1655,0,80
1775,1574,1655,0,80
1776,1575,1653,0,79
1777,1575,1655,0,79
1778,1572,1661,0,77
1779,1570,1663,0,84
1780,1571,1670,0,77
1781,1571,1681,0,75
1782,1571,1692,0,79
1783,1571,1696,0,88
1784,1568,1703,0,96
1785,1565,1705,0,98
1786,1559,1707,0,106
1787,1558,1707,0,104
1788,1558,1708,0,104
1789,1557,1708,0,105
1790,1556,1708,0,105
1791,1556,1709,0,103
1792,1560,1719,0,97
1793,1565,1726,0,102
1794,1560,1730,0,117
1795,1559,1739,0,116
1796,1558,1742,0,135
1797,1555,1745,0,143
1798,1556,1748,0,140
1799,1555,1749,0,148
1800,1555,1751,0,154
1801,1555,1751,0,152
1802,1554,1752,0,159
1803,1554,1752,0,161
1804,1555,1752,0,162
1805,1555,1752,0,160
1806,1555,1752,0,163
1807,1554,1752,0,162
1808,1555,1753,0,167
1809,1557,1752,0,161
1810,1557,1752,0,159
1811,1559,1751,0,157
1812,1561,1749,0,161
1813,1562,1750,0,157
1814,1565,1752,0,157
1815,1565,1754,0,156
1816,1565,1757,0,147
1817,1565,1766,0,158
1818,1570,1769,0,164
1819,1577,1772,0,158
1820,1579,1771,0,167
1821,1585,1768,0,187
1822,1585,1769,0,194
1823,1586,1769,0,193
1824,1589,1769,0,197
1825,1594,1774,0,204
1826,1590,1775,0,206
1827,1590,1779,0,210
1828,1592,1778,0,219
1829,1592,1780,0,225
1830,1593,1782,0,224
1831,1593,1785,0,226
1832,1593,1787,0,230
1833,1593,1787,0,230
1834,1596,1790,0,229
1835,1603,1795,0,230
1836,1605,1800,0,238
1837,1607,1805,0,217
1838,1607,1808,0,210
1839,1611,1804,0,204
1840,1619,1804,0,193
1841,1635,1809,0,176
1842,1636,1807,0,183
1843,1640,1803,0,196
1844,1657,1807,0,192
1845,1666,1802,0,198
1846,1677,1802,0,202
1847,1686,1795,0,215
1848,1700,1786,0,219
1849,1709,1778,0,221
1850,1711,1768,0,231
1851,1718,1763,0,222
1852,1725,1752,0,236
1853,1734,1741,0,232
1854,1739,1730,0,251
1855,1742,1724,0,249
1856,1751,1722,0,254
1857,1754,1714,0,247
1858,1757,1710,0,238
1859,1761,1706,0,233
1860,1765,1702,0,234
1861,1764,1701,0,232
1862,1764,1703,0,229
1863,1766,1701,0,231
1864,1773,1699,0,224
1865,1777,1695,0,220
1866,1785,1690,0,220
1867,1795,1686,0,216
1868,1803,1678,0,226
1869,1808,1672,0,219
1870,1823,1666,0,223
1871,1826,1669,0,218
1872,1826,1675,0,210
1873,1825,1672,0,207
1874,1824,1673,0,204
1875,1824,1672,0,206
1876,1825,1670,0,206
1877,1825,1670,0,206
1878,1824,1671,0,205
1879,1824,1671,0,206
1880,1824,1671,0,206
1881,1825,1671,0,207
1882,1825,1672,0,209
1883,1825,1672,0,210
1884,1825,1671,0,210
1885,1825,1671,0,210
1886,1826,1671,0,210
1887,1826,1671,0,209
1888,1827,1671,0,209
1889,1826,1671,0,210
1890,1826,1671,0,210
1891,1827,1671,0,210
1892,1827,1672,0,211
1893,1828,1671,0,211
1894,1827,1672,0,211
1895,1827,1671,0,210
1896,1827,1671,0,213
1897,1827,1671,0,212
1898,1828,1671,0,213
1899,1827,1671,0,213
1900,1827,1671,0,212
1901,1827,1671,0,212
1902,1827,1671,0,212
1903,1827,1671,0,212
1904,1827,1671,0,212
1905,1827,1671,0,213
1906,1827,1671,0,213
1907,1827,1671,0,214
1908,1827,1671,0,214
1909,1827,1671,0,213
1910,1827,1671,0,213
1911,1827,1671,0,211
1912,1826,1672,0,209
1913,1827,1671,0,209
1914,1827,1671,0,212
1915,1828,1671,0,213
1916,1828,1671,0,213
1917,1828,1671,0,211
1918,1829,1671,0,216
1919,1829,1672,0,214
1920,1829,1671,0,215
1921,1829,1671,0,217
1922,1829,1671,0,216
1923,1829,1672,0,216
1924,1829,1670,0,213
1925,1829,1667,0,228
1926,1828,1663,0,230
1927,1830,1662,0,234
1928,1830,1659,0,238
1929,1829,1657,0,224
1930,1833,1662,0,207
1931,1843,1662,0,199
1932,1844,1664,0,197
1933,1846,1662,0,189
1934,1850,1665,0,178
1935,1848,1666,0,184
1936,1848,1666,0,185
1937,1844,1667,0,193
1938,1839,1669,0,198
1939,1843,1674,0,209
1940,1843,1675,0,199
1941,1850,1678,0,197
1942,1859,1677,0,225
1943,1861,1677,0,240
1944,1867,1673,0,263
1945,1867,1667,0,259
1946,1867,1663,0,259
1947,1871,1656,0,246
1948,1874,1649,0,241
1949,1871,1649,0,241
1950,1869,1651,0,248
1951,1869,1653,0,246
1952,1869,1654,0,243
1953,1871,1655,0,243
1954,1872,1653,0,246
1955,1872,1654,0,245
1956,1874,1656,0,238
1957,1873,1660,0,240
1958,1873,1661,0,240
1959,1874,1660,0,235
1960,1876,1660,0,235
1961,1877,1661,0,224
1962,1881,1659,0,219
1963,1888,1658,0,209
1964,1892,1649,0,213
1965,1899,1643,0,215
1966,1908,1636,0,211
1967,1912,1634,0,204
1968,1918,1628,0,204
1969,1921,1624,0,200
1970,1926,1623,0,204
1971,1926,1621,0,204
1972,1928,1621,0,195
1973,1935,1619,0,199
1974,1939,1616,0,204
1975,1944,1616,0,209
1976,1947,1618,0,211
1977,1948,1616,0,218
1978,1948,1614,0,216
1979,1947,1610,0,220
1980,1946,1607,0,232
1981,1947,1606,0,231
1982,1948,1606,0,227
1983,1945,1606,0,215
1984,1943,1603,0,214
1985,1939,1600,0,229
1986,1937,1599,0,238
1987,1938,1592,0,238
1988,1938,1587,0,240
1989,1934,1582,0,238
1990,1934,1574,0,232
1991,1934,1571,0,229
1992,1934,1568,0,223
1993,1935,1564,0,230
1994,1932,1558,0,241
1995,1932,1552,0,244
1996,1933,1552,0,246
1997,1937,1552,0,244
1998,1938,1549,0,241
1999,1941,1547,0,238
2000,1945,1547,0,231
2001,1948,1545,0,240
2002,1952,1544,0,234
2003,1959,1539,0,227
2004,1958,1544,0,216
2005,1957,1545,0,218
2006,1963,1544,0,216
2007,1966,1545,0,216
2008,1969,1539,0,219
2009,1972,1537,0,219
2010,1972,1534,0,221
2011,1976,1532,0,222
2012,1975,1531,0,214
2013,1975,1530,0,218
2014,1977,1526,0,222
2015,1979,1523,0,218
2016,1986,1521,0,215
2017,1995,1516,0,222
2018,1995,1513,0,226
2019,1999,1512,0,231
2020,2003,1511,0,223
2021,2010,1508,0,219
2022,2011,1505,0,221
2023,2012,1508,0,228
2024,2006,1507,0,212
2025,2004,1507,0,220
2026,2000,1508,0,214
2027,1993,1498,0,216
2028,1994,1499,0,227
2029,1995,1496,0,240
2030,1997,1493,0,261
2031,1992,1491,0,254
2032,1982,1494,0,245
2033,1975,1498,0,243
2034,1978,1496,0,240
2035,1976,1499,0,247
2036,1978,1506,0,248
2037,1980,1518,0,244
2038,1980,1523,0,224
2039,1980,1528,0,216
2040,1977,1530,0,227
2041,1974,1527,0,251
2042,1973,1529,0,270
2043,1963,1535,0,273
2044,1961,1534,0,267
2045,1960,1535,0,256
2046,1968,1536,0,241
2047,1967,1539,0,233
2048,1965,1537,0,238
2049,1966,1535,0,241
2050,1968,1535,0,239
2051,1970,1535,0,243
2052,1971,1533,0,242
2053,1971,1531,0,249
2054,1972,1531,0,239
2055,1974,1529,0,239
2056,1975,1527,0,242
2057,1980,1525,0,242
2058,1982,1524,0,243
2059,1984,1530,0,248
2060,1985,1527,0,259
2061,1985,1521,0,272
2062,1991,1523,0,262
2063,2000,1518,0,252
2064,2009,1520,0,252
2065,2011,1524,0,252
2066,2016,1527,0,253
2067,2015,1534,0,252
2068,2009,1532,0,246
2069,2008,1534,0,234
2070,2014,1536,0,234
2071,2020,1540,0,244
2072,2024,1540,0,258
2073,2025,1542,0,259
2074,2024,1541,0,264
2075,2017,1538,0,270
2076,2009,1533,0,266
2077,2008,1534,0,267
2078,2007,1533,0,262
2079,2006,1532,0,264
2080,2004,1529,0,257
2081,2000,1523,0,255
2082,2000,1522,0,252
2083,2001,1521,0,243
2084,2002,1518,0,243
2085,2002,1512,0,251
2086,2007,1503,0,250
2087,2006,1501,0,247
2088,2008,1493,0,242
2089,2009,1489,0,233
2090,2003,1490,0,222
2091,2001,1490,0,209
2092,2007,1491,0,210
2093,2007,1501,0,209
2094,2013,1505,0,216
2095,2017,1506,0,213
2096,2022,1506,0,175
2098,2037,1510,0,224
2099,2033,1514,0,236
2105,2062,1505,0,251
2106,2057,1495,0,290
2107,2052,1484,0,293
2108,2055,1484,0,296
2109,2065,1487,0,296
2110,2072,1497,0,293
2111,2069,1504,0,306
2112,2068,1505,0,313
2113,2069,1502,0,315
2114,2066,1505,0,325
2115,2065,1503,0,328
2116,2062,1508,0,335
2117,2062,1510,0,330
2118,2063,1514,0,316
2119,2065,1515,0,305
2120,2060,1519,0,298
2121,2054,1520,0,291
2122,2047,1521,0,291
2123,2047,1520,0,291
2124,2045,1522,0,295
2125,2053,1524,0,295
2126,2053,1525,0,292
2127,2056,1526,0,278
2128,2059,1525,0,278
2129,2060,1524,0,273
2130,2059,1520,0,266
2131,2053,1517,0,273
2132,2050,1513,0,274
2133,2051,1513,0,280
2134,2050,1511,0,287
2135,2048,1509,0,291
2136,2049,1508,0,300
2137,2045,1505,0,304
2138,2042,1502,0,303
2139,2042,1507,0,307
2140,2040,1515,0,313
2141,2040,1517,0,303
2142,2038,1509,0,296
2143,2036,1509,0,301
2144,2036,1515,0,304
2145,2036,1518,0,300
2146,2039,1517,0,301
2147,2038,1515,0,302
2148,2037,1513,0,293
2149,2028,1514,0,289
2150,2026,1505,0,296
2151,2024,1498,0,289
2152,2020,1491,0,291
2153,2013,1488,0,287
2154,2013,1495,0,290
2155,2009,1504,0,283
2156,2014,1511,0,297
2157,2011,1521,0,320
2158,2008,1521,0,311
2159,2011,1515,0,299
2160,2012,1512,0,288
2161,2011,1508,0,294
2162,2014,1505,0,287
2163,2015,1506,0,284
2164,2014,1509,0,283
2165,2013,1510,0,273
2166,2011,1511,0,267
2167,2010,1514,0,256
2168,2009,1515,0,254
2169,2009,1509,0,257
2170,2009,1503,0,250
2171,2007,1498,0,240
2172,2008,1496,0,244
2173,2007,1494,0,244
2174,2007,1486,0,235
2175,2008,1481,0,236
2176,2010,1471,0,230
2177,2012,1469,0,232
2178,2009,1468,0,228
2179,2010,1466,0,230
2180,2000,1467,0,219
2181,2002,1471,0,208
2182,2003,1472,0,210
2183,2007,1472,0,201
2184,2007,1477,0,191
2185,2010,1480,0,194
2187,2015,1496,0,185
2188,2015,1497,0,205
2189,2012,1488,0,206
2190,2012,1487,0,193
2191,2017,1490,0,191
2192,2019,1502,0,191
2193,2017,1503,0,194
2194,2016,1495,0,210
2195,2013,1489,0,201
2196,2008,1484,0,219
2197,2010,1488,0,205
2198,2010,1490,0,202
2199,2019,1498,0,220
2200,2028,1493,0,230
2201,2032,1487,0,236
2202,2029,1482,0,241
2203,2033,1480,0,249
2204,2036,1479,0,256
2205,2041,1479,0,257
2206,2041,1481,0,268
2207,2038,1477,0,288
2208,2034,1475,0,302
2209,2030,1474,0,307
2210,2030,1475,0,305
2211,2032,1476,0,309
2212,2030,1480,0,314
2213,2027,1482,0,317
2214,2025,1473,0,319
2215,2030,1478,0,324
2216,2029,1484,0,349
2217,2028,1483,0,357
2218,2028,1480,0,354
2219,2028,1481,0,355
2220,2028,1483,0,0
2221,2029,1484,0,355
2222,2030,1482,0,352
2223,2029,1481,0,337
2224,2025,1481,0,317
2225,2019,1484,0,301
2226,2015,1487,0,297
2227,2015,1488,0,292
2228,2022,1491,0,290
2229,2031,1494,0,289
2230,2036,1497,0,291
2231,2037,1496,0,280
2232,2037,1495,0,264
2233,2039,1487,0,250
2234,2043,1489,0,231
2235,2043,1489,0,225
2236,2040,1490,0,226
2237,2041,1491,0,222
2238,2043,1490,0,216
2239,2045,1491,0,228
2240,2049,1488,0,233
2241,2055,1482,0,246
2242,2052,1483,0,244
2243,2054,1484,0,239
2244,2055,1483,0,240
2245,2055,1485,0,248
2246,2053,1485,0,257
2247,2052,1487,0,264
2248,2051,1484,0,263
2249,2050,1478,0,266
2250,2050,1479,0,268
2251,2048,1480,0,257
2252,2050,1489,0,266
2253,2049,1489,0,260
2254,2048,1493,0,274
2255,2048,1492,0,282
2256,2047,1492,0,297
2257,2042,1493,0,313
2258,2036,1502,0,324
2259,2032,1504,0,325
2260,2029,1503,0,325
2261,2030,1503,0,343
2262,2021,1499,0,344
2263,2017,1494,0,338
2264,2021,1489,0,339
2265,2009,1486,0,329
2266,2006,1484,0,330
2267,2004,1478,0,327
2268,1996,1470,0,321
2269,1987,1468,0,305
2270,1990,1465,0,320
2271,1986,1464,0,316
2272,1993,1463,0,316
2273,1996,1465,0,299
2274,2000,1463,0,290
2275,2003,1459,0,295
2276,2003,1465,0,304
2277,2002,1465,0,322
2278,2006,1465,0,322
2279,2013,1460,0,322
2280,2010,1458,0,325
2281,2009,1456,0,322
2282,2005,1452,0,331
2283,2005,1452,0,330
2284,2005,1448,0,337
2285,1998,1447,0,340
2286,1992,1443,0,346
2287,1986,1446,0,347
2288,1977,1442,0,350
2289,1971,1443,0,350
2290,1966,1444,0,345
2291,1965,1445,0,342
2292,1968,1445,0,331
2293,1972,1445,0,324
2294,1974,1451,0,329
2295,1975,1454,0,335
2296,1972,1454,0,335
2297,1972,1454,0,336
2298,1969,1454,0,333
2299,1966,1456,0,347
2300,1972,1463,0,328
2301,1966,1458,0,331
2302,1967,1453,0,315
2303,1970,1449,0,310
2304,1971,1446,0,304
2305,1974,1446,0,309
2306,1975,1451,0,321
2307,1974,1454,0,332
2308,1974,1462,0,345
2309,1972,1464,0,1
2310,1968,1467,0,7
2311,1964,1479,0,30
2312,1962,1480,0,38
2313,1956,1483,0,34
2314,1955,1487,0,37
2315,1952,1488,0,42
2317,1953,1491,0,38
2318,1951,1491,0,37
2319,1953,1493,0,26
2320,1955,1494,0,20
2321,1955,1495,0,18
2322,1956,1494,0,19
2323,1957,1493,0,11
2324,1958,1492,0,8
2325,1963,1492,0,3
2326,1963,1498,0,359
2327,1967,1496,0,5
2328,1967,1503,0,17
2329,1969,1507,0,25
2330,1970,1512,0,36
2331,1969,1517,0,46
2332,1973,1519,0,64
2333,1976,1518,0,69
2334,1979,1515,0,74
2335,1978,1512,0,63
2336,1979,1510,0,57
2337,1989,1508,0,61
2338,1989,1509,0,59
2339,1989,1509,0,56
2340,1988,1508,0,47
2341,1989,1507,0,40
2342,1988,1508,0,42
2343,1983,1510,0,42
2344,1982,1512,0,48
2345,1979,1516,0,52
2346,1971,1521,0,54
2347,1965,1524,0,53
2348,1962,1526,0,45
2349,1963,1525,0,30
2350,1965,1528,0,29
2351,1965,1525,0,35
2352,1962,1527,0,44
2353,1956,1527,0,49
2354,1956,1524,0,48
2355,1950,1544,0,19
2356,1944,1551,0,0
2357,1942,1550,0,1
2358,1935,1553,0,354
2359,1932,1553,0,356
2360,1927,1554,0,3
2361,1921,1557,0,2
2362,1911,1555,0,8
2363,1897,1558,0,6
2364,1891,1560,0,350
2365,1881,1558,0,348
2366,1873,1565,0,352
2367,1868,1561,0,354
2368,1852,1557,0,341
2369,1847,1556,0,333
2370,1845,1559,0,328
2371,1845,1558,0,320
2372,1839,1555,0,324
2373,1835,1551,0,315
2374,1826,1540,0,306
2375,1821,1534,0,304
2376,1821,1536,0,308
2377,1813,1531,0,319
2378,1810,1530,0,317
2379,1802,1530,0,319
2380,1795,1527,0,320
2381,1793,1526,0,322
2382,1788,1520,0,323
2383,1780,1519,0,326
2384,1778,1511,0,328
2385,1770,1509,0,328
2386,1767,1507,0,332
2387,1769,1511,0,331
2388,1773,1513,0,330
2389,1774,1513,0,324
2390,1773,1515,0,322
2391,1776,1511,0,332
2392,1773,1508,0,328
2393,1770,1508,0,324
2394,1770,1515,0,321
2395,1772,1520,0,316
2396,1775,1522,0,311
2397,1780,1526,0,313
2398,1778,1527,0,319
2399,1776,1521,0,321
2400,1772,1512,0,323
2401,1776,1520,0,325
2402,1785,1521,0,309
2403,1788,1514,0,293
2404,1790,1511,0,280
2405,1798,1510,0,266
2406,1807,1502,0,254
2407,1813,1493,0,253
2408,1821,1486,0,243
2409,1827,1488,0,263
2410,1827,1492,0,257
2411,1825,1496,0,247
2412,1826,1496,0,240
2413,1827,1498,0,232
2414,1829,1499,0,220
2415,1839,1493,0,232
2416,1855,1485,0,235
2417,1861,1474,0,236
2418,1872,1465,0,240
2419,1881,1453,0,253
2420,1882,1449,0,249
2421,1881,1445,0,238
2422,1887,1437,0,246
2423,1893,1435,0,244
2424,1894,1432,0,236
2425,1890,1429,0,246
2426,1891,1424,0,244
2427,1892,1427,0,253
2428,1894,1430,0,255
2429,1888,1421,0,250
2430,1884,1416,0,266
2431,1880,1411,0,249
2432,1885,1411,0,251
2433,1887,1406,0,243
2434,1893,1401,0,230
2435,1902,1408,0,229
2436,1911,1406,0,216
2437,1918,1393,0,224
2438,1923,1388,0,237
2439,1927,1375,0,244
2440,1929,1375,0,251
2441,1922,1373,0,258
2442,1925,1376,0,254
2443,1925,1377,0,254
2444,1922,1377,0,268
2445,1919,1373,0,253
2446,1922,1362,0,237
2447,1922,1363,0,246
2448,1924,1367,0,249
2449,1927,1363,0,254
2450,1933,1354,0,284
2451,1934,1354,0,283
2452,1945,1358,0,266
2453,1952,1360,0,267
2454,1951,1365,0,261
2455,1955,1371,0,243
2456,1959,1369,0,234
2457,1966,1357,0,238
2458,1968,1351,0,226
2459,1975,1350,0,219
2460,1978,1347,0,209
2461,1987,1343,0,208
2462,1994,1338,0,205
2463,2001,1335,0,208
2464,2013,1333,0,207
2465,2018,1332,0,211
2466,2027,1326,0,220
2467,2036,1324,0,235
2468,2041,1322,0,239
2469,2046,1323,0,234
2470,2050,1326,0,239
2471,2055,1328,0,231
2472,2060,1325,0,237
2473,2065,1328,0,249
2474,2066,1328,0,252
2475,2072,1332,0,243
2476,2070,1335,0,247
2477,2068,1335,0,256
2478,2065,1331,0,259
2479,2062,1330,0,259
2480,2058,1324,0,255
2481,2057,1329,0,251
2482,2051,1328,0,244
2483,2051,1328,0,239
2484,2058,1323,0,223
2485,2055,1320,0,205
2486,2056,1323,0,206
2487,2052,1328,0,204
2488,2050,1327,0,209
2489,2051,1325,0,205
2490,2055,1327,0,202
2491,2056,1329,0,206
2492,2056,1327,0,204
2493,2061,1330,0,206
2494,2060,1334,0,191
2495,2060,1336,0,196
2496,2057,1338,0,198
2497,2053,1338,0,184
2498,2056,1340,0,189
2499,2059,1342,0,195
2500,2057,1336,0,194
2501,2052,1336,0,184
2502,2050,1331,0,185
2503,2050,1327,0,172
2504,2053,1324,0,170
2505,2053,1327,0,173
2506,2055,1329,0,165
2507,2058,1331,0,154
2508,2059,1329,0,149
2509,2061,1330,0,160
2510,2063,1327,0,157
2511,2069,1328,0,136
2512,2078,1340,0,132
2513,2071,1347,0,133
2514,2083,1352,0,127
2515,2086,1358,0,132
2516,2101,1361,0,127
2517,2097,1367,0,129
2518,2100,1371,0,131
2524,2042,1430,0,318
2525,2042,1435,0,312
2526,2040,1437,0,308
2527,2041,1437,0,297
2528,2040,1433,0,293
2529,2035,1424,0,292
2530,2029,1419,0,296
2531,2029,1422,0,301
2532,2032,1426,0,323
2533,2036,1432,0,330
2534,2033,1433,0,326
2535,2030,1433,0,307
2536,2031,1432,0,292
2537,2033,1432,0,285
2538,2034,1427,0,279
2539,2032,1419,0,278
2540,2034,1413,0,278
2541,2034,1410,0,273
2542,2033,1406,0,271
2543,2029,1408,0,268
2544,2029,1409,0,269
2545,2030,1408,0,271
2546,2032,1414,0,275
2547,2036,1418,0,272
2548,2035,1419,0,273
2549,2040,1419,0,276
2550,2039,1418,0,272
2551,2037,1413,0,271
2552,2036,1414,0,256
2553,2035,1423,0,262
2554,2035,1428,0,258
2555,2040,1432,0,245
2556,2044,1434,0,228
2557,2048,1433,0,224
2558,2059,1438,0,234
2559,2064,1446,0,250
2560,2068,1452,0,255
2561,2067,1455,0,255
2562,2069,1455,0,242
2563,2070,1457,0,236
2564,2064,1460,0,196
2565,2067,1457,0,190
2566,2070,1462,0,152
2567,2073,1470,0,157
2568,2081,1477,0,140
2569,2085,1481,0,153
2570,2086,1487,0,167
2571,2083,1487,0,167
2572,2083,1487,0,166
2573,2087,1484,0,164
2574,2086,1490,0,162
2575,2094,1487,0,149
2576,2096,1487,0,172
2577,2094,1491,0,193
2578,2098,1490,0,202
2579,2105,1490,0,228
2580,2104,1485,0,250
2581,2101,1478,0,267
2582,2098,1466,0,285
2583,2094,1460,0,279
2584,2092,1462,0,275
2585,2091,1461,0,275
2586,2092,1460,0,273
2587,2094,1457,0,275
2588,2093,1453,0,264
2589,2092,1445,0,259
2590,2093,1447,0,258
2591,2092,1450,0,257
2592,2096,1453,0,260
2593,2094,1453,0,267
2594,2091,1453,0,270
2595,2091,1455,0,273
2596,2093,1452,0,270
2597,2093,1450,0,262
2598,2098,1445,0,253
2599,2099,1449,0,259
2600,2100,1450,0,263
2601,2098,1449,0,265
2602,2098,1448,0,262
2603,2102,1445,0,251
2604,2101,1445,0,250
2605,2096,1439,0,248
2606,2095,1437,0,249
2607,2093,1440,0,260
2608,2093,1440,0,268
2609,2094,1439,0,268
2610,2097,1432,0,273
2611,2091,1419,0,292
2614,2097,1397,0,307
2615,2096,1392,0,300
2616,2096,1389,0,328
2617,2092,1383,0,341
2618,2090,1381,0,329
2619,2092,1381,0,333
2620,2091,1381,0,350
2621,2094,1378,0,0
2622,2092,1379,0,5
2623,2090,1383,0,15
2624,2087,1384,0,19
2625,2084,1384,0,23
2626,2080,1386,0,26
2627,2080,1388,0,24
2628,2080,1392,0,26
2629,2083,1397,0,55
2632,2118,1376,0,248
2633,2123,1372,0,232
2634,2125,1366,0,218
2635,2130,1358,0,218
2636,2141,1352,0,223
2637,2140,1351,0,231
2638,2150,1341,0,218
2639,2154,1333,0,202
2640,2148,1335,0,202
2641,2154,1333,0,202
2642,2166,1336,0,180
2643,2167,1333,0,165
2644,2170,1334,0,161
2645,2171,1333,0,154
2646,2178,1333,0,160
2647,2189,1338,0,150
2648,2190,1340,0,158
2649,2191,1343,0,156
2650,2192,1340,0,158
2651,2198,1345,0,150
2652,2202,1343,0,172
2653,2217,1341,0,176
2654,2227,1336,0,188
2655,2240,1333,0,193
2656,2257,1332,0,194
2657,2267,1331,0,202
2658,2269,1326,0,211
2659,2269,1320,0,219
2660,2269,1318,0,205
2661,2276,1313,0,205
2664,2292,1313,0,127
2665,2292,1315,0,123
2666,2297,1317,0,118
2667,2300,1322,0,106
2668,2308,1329,0,119
2669,2319,1336,0,113
2670,2323,1345,0,124
2671,2332,1355,0,127
2672,2342,1369,0,130
2673,2350,1384,0,126
2674,2348,1395,0,115
2675,2355,1396,0,126
2676,2356,1397,0,106
2677,2360,1394,0,115
2678,2362,1394,0,132
2679,2362,1389,0,146
2680,2366,1389,0,158
2681,2368,1390,0,162
2682,2370,1388,0,163
2683,2371,1388,0,174
2688,2394,1393,0,358
2701,2244,1263,0,249
2702,2246,1254,0,252
2703,2245,1255,0,259
2706,2250,1251,0,234
2708,2255,1240,0,249
2711,2268,1214,0,238
2712,2292,1192,0,230
2713,2299,1182,0,218
2731,2127,1113,0,18
2732,2125,1115,0,17
2733,2128,1116,0,13
2734,2131,1116,0,9
2735,2132,1114,0,9
2736,2132,1113,0,12
2737,2132,1113,0,13
2738,2133,1112,0,16
2739,2133,1113,0,14
2740,2132,1113,0,15
2741,2132,1115,0,9
2742,2134,1115,0,13
2743,2135,1116,0,12
2744,2134,1118,0,11
2745,2136,1119,0,17
2746,2141,1114,0,27
2747,2143,1109,0,29
2748,2145,1107,0,32
2749,2145,1109,0,34
2750,2144,1110,0,36
2751,2144,1110,0,36
2752,2144,1110,0,40
2753,2145,1109,0,39
2754,2146,1109,0,32
2755,2147,1109,0,32
2756,2147,1109,0,30
2757,2149,1108,0,29
2758,2151,1104,0,23
2759,2155,1106,0,22
2760,2154,1109,0,30
2761,2154,1110,0,28
2762,2152,1113,0,27
2763,2156,1116,0,17
2764,2158,1119,0,19
2765,2161,1120,0,25
2766,2161,1121,0,25
2767,2162,1119,0,25
2768,2162,1119,0,23
2769,2160,1120,0,20
2770,2160,1120,0,23
2771,2162,1121,0,22
2772,2159,1122,0,19
2773,2158,1119,0,21
2774,2160,1120,0,18
2775,2164,1114,0,12
2776,2160,1113,0,13
2777,2160,1111,0,9
2778,2164,1105,0,18
2779,2173,1100,0,23
2780,2159,1104,0,38
2781,2207,1119,0,15
2788,2189,1124,0,26
2789,2184,1128,0,36
2790,2180,1124,0,41
2791,2181,1126,0,30
2792,2181,1132,0,11
2793,2180,1137,0,10
2794,2182,1141,0,359
2795,2185,1139,0,354
2796,2187,1140,0,341
2797,2185,1137,0,322
2798,2190,1130,0,310
2799,2185,1130,0,307
2800,2189,1132,0,317
2801,2191,1136,0,309
2802,2190,1136,0,313
2803,2192,1135,0,318
2804,2188,1135,0,315
2805,2190,1137,0,299
2806,2186,1132,0,300
2807,2187,1130,0,320
2808,2187,1131,0,328
2809,2190,1134,0,336
2810,2190,1139,0,354
2811,2189,1141,0,352
2812,2191,1141,0,359
2813,2196,1139,0,4
2814,2198,1137,0,13
2815,2200,1128,0,9
2816,2197,1133,0,18
2817,2196,1130,0,15
2818,2198,1132,0,7
2819,2202,1132,0,12
2820,2204,1127,0,24
2821,2205,1130,0,27
2822,2207,1125,0,42
2823,2209,1129,0,51
2824,2211,1129,0,62
2825,2213,1124,0,70
2826,2215,1122,0,79
2827,2217,1123,0,86
2828,2218,1118,0,95
2829,2219,1110,0,91
2830,2221,1107,0,94
2831,2223,1105,0,96
2832,2234,1104,0,93
2833,2233,1106,0,96
2834,2231,1111,0,91
2835,2232,1111,0,97
2836,2233,1113,0,99
2837,2232,1113,0,96
2838,2230,1113,0,95
2839,2230,1111,0,98
2840,2230,1112,0,101
2841,2233,1116,0,105
2842,2236,1123,0,105
2843,2239,1125,0,108
2844,2239,1131,0,113
2845,2244,1126,0,106
2846,2246,1128,0,102
2847,2252,1130,0,101
2848,2267,1133,0,73
2849,2263,1134,0,77
2850,2252,1138,0,106
2851,2246,1142,0,109
2852,2243,1146,0,120
2853,2242,1151,0,120
2854,2240,1165,0,142
2855,2243,1172,0,158
2856,2238,1181,0,174
2857,2234,1184,0,168
2858,2234,1185,0,170
2859,2236,1186,0,182
2860,2238,1183,0,176
2861,2239,1184,0,178
2862,2236,1187,0,168
2863,2241,1198,0,171
2864,2249,1198,0,195
2865,2256,1197,0,214
2866,2263,1196,0,213
2867,2274,1192,0,227
2868,2279,1184,0,247
2869,2282,1175,0,267
2870,2284,1161,0,295
2871,2286,1164,0,302
2872,2282,1164,0,321
2873,2282,1155,0,318
2874,2271,1147,0,325
2875,2263,1148,0,347
2876,2255,1151,0,4
2877,2252,1149,0,6
2878,2246,1156,0,16
2879,2245,1163,0,15
2880,2246,1161,0,18
2881,2244,1163,0,12
2882,2241,1161,0,16
2883,2248,1164,0,5
2884,2253,1162,0,15
2885,2257,1158,0,23
2886,2258,1160,0,28
2887,2257,1158,0,24
2888,2261,1158,0,15
2889,2259,1162,0,11
2890,2260,1169,0,7
2891,2260,1169,0,6
2892,2260,1170,0,6
2893,2260,1168,0,2
2894,2261,1157,0,6
2895,2257,1163,0,3
2896,2256,1161,0,11
2897,2254,1161,0,15
2898,2252,1162,0,20
2899,2252,1163,0,11
2900,2250,1158,0,12
2901,2250,1160,0,9
2902,2250,1161,0,7
2903,2250,1156,0,1
2904,2250,1152,0,0
2905,2249,1151,0,0
2906,2247,1147,0,356
2907,2243,1145,0,355
2908,2244,1141,0,0
2909,2243,1151,0,6
2910,2242,1153,0,5
2911,2240,1154,0,7
2912,2237,1161,0,10
2913,2239,1161,0,9
2914,2238,1158,0,16
2915,2239,1163,0,15
2916,2239,1162,0,18
2917,2242,1157,0,20
2918,2241,1157,0,17
2919,2245,1153,0,23
2920,2246,1152,0,18
2921,2246,1151,0,22
2922,2245,1153,0,28
2923,2246,1156,0,23
2924,2247,1157,0,20
2925,2247,1157,0,23
2926,2247,1161,0,25
2927,2250,1162,0,13
2928,2254,1165,0,16
2929,2255,1167,0,25
2930,2260,1170,0,26
2931,2258,1172,0,34
2932,2255,1173,0,36
2933,2255,1174,0,31
2934,2259,1170,0,27
2935,2260,1169,0,29
2936,2257,1170,0,46
2937,2257,1170,0,61
2938,2257,1170,0,66
2939,2253,1166,0,66
2940,2252,1165,0,63
2941,2251,1164,0,67
2942,2253,1163,0,73
2943,2254,1162,0,71
2944,2254,1161,0,70
2945,2253,1161,0,71
2946,2253,1160,0,69
2947,2252,1159,0,70
2948,2251,1159,0,71
2949,2253,1159,0,75
2950,2254,1163,0,83
2951,2253,1163,0,84
2952,2253,1162,0,78
2953,2254,1158,0,80
2954,2255,1157,0,72
2955,2259,1159,0,85
2956,2261,1161,0,96
2957,2262,1162,0,104
2958,2266,1165,0,118
2959,2267,1173,0,110
2960,2270,1179,0,106
2961,2282,1181,0,98
2962,2282,1188,0,97
2963,2281,1187,0,94
2964,2281,1191,0,94
2965,2279,1193,0,95
2966,2278,1193,0,95
2967,2278,1195,0,94
2968,2279,1198,0,94
2969,2280,1201,0,91
2970,2279,1205,0,91
2971,2278,1206,0,92
2972,2280,1211,0,92
2973,2278,1211,0,91
2974,2282,1215,0,102
2975,2280,1224,0,102
2976,2279,1220,0,98
2977,2277,1221,0,101
2978,2275,1219,0,95
2979,2274,1219,0,97
2980,2274,1220,0,95
2981,2274,1219,0,99
2982,2272,1215,0,102
2983,2274,1212,0,86
2984,2274,1211,0,76
2985,2275,1209,0,75
2986,2275,1208,0,72
2987,2276,1210,0,63
2988,2277,1209,0,60
2989,2280,1204,0,66
2990,2282,1202,0,68
2991,2283,1203,0,62
2992,2284,1201,0,50
2993,2285,1201,0,50
2994,2285,1204,0,43
2995,2287,1203,0,47
2996,2286,1203,0,50
2997,2286,1207,0,62
2998,2284,1208,0,64
2999,2282,1210,0,77
