0,945,1818,0,306
1,938,1820,0,311
2,934,1818,0,320
3,931,1819,0,326
4,919,1817,0,341
5,917,1817,0,346
6,918,1816,0,346
7,919,1817,0,344
8,918,1817,0,347
9,918,1816,0,347
10,916,1813,0,355
11,913,1813,0,355
12,912,1810,0,4
13,911,1805,0,15
14,907,1804,0,17
15,904,1801,0,21
16,909,1801,0,21
17,912,1801,0,23
18,911,1799,0,27
19,908,1799,0,30
20,908,1800,0,36
21,910,1802,0,41
22,911,1801,0,41
23,913,1802,0,45
24,914,1803,0,54
25,915,1803,0,64
26,919,1804,0,66
27,919,1804,0,69
28,922,1807,0,68
29,924,1808,0,67
30,922,1809,0,73
31,925,1812,0,71
32,927,1813,0,80
33,926,1813,0,81
34,925,1812,0,90
35,925,1813,0,92
36,927,1813,0,86
37,926,1813,0,84
38,926,1812,0,81
39,926,1813,0,74
40,925,1812,0,71
41,922,1814,0,72
42,921,1816,0,77
43,920,1817,0,78
44,922,1811,0,74
45,920,1809,0,77
46,920,1810,0,78
47,920,1811,0,76
48,919,1813,0,76
49,918,1815,0,75
50,916,1816,0,69
51,913,1819,0,67
52,915,1815,0,62
53,914,1814,0,57
54,917,1814,0,63
55,916,1811,0,68
56,916,1809,0,73
57,917,1811,0,76
58,918,1809,0,78
59,920,1806,0,78
60,920,1811,0,87
61,918,1808,0,80
62,918,1810,0,79
63,917,1812,0,82
64,917,1810,0,78
65,917,1813,0,83
66,917,1814,0,90
67,918,1814,0,86
68,920,1812,0,84
69,921,1812,0,92
70,923,1812,0,101
71,922,1809,0,105
72,922,1810,0,113
73,922,1806,0,106
74,919,1804,0,110
75,921,1805,0,112
76,922,1802,0,110
77,921,1801,0,105
78,917,1803,0,99
79,915,1806,0,88
80,914,1809,0,84
81,913,1809,0,81
82,913,1812,0,84
83,913,1815,0,87
84,912,1815,0,91
85,913,1817,0,93
86,913,1815,0,84
87,913,1813,0,80
88,911,1812,0,81
89,909,1813,0,78
90,905,1814,0,78
91,904,1815,0,74
92,903,1817,0,72
93,903,1815,0,69
94,900,1814,0,66
95,898,1815,0,66
96,899,1820,0,65
97,897,1818,0,61
98,896,1816,0,56
99,892,1820,0,55
100,892,1823,0,45
101,891,1823,0,46
102,892,1821,0,48
103,892,1822,0,48
104,891,1822,0,47
105,892,1822,0,48
106,891,1820,0,43
107,892,1819,0,44
108,890,1820,0,40
109,890,1820,0,38
110,888,1820,0,38
111,892,1819,0,49
112,894,1818,0,55
113,897,1821,0,63
114,897,1820,0,64
115,897,1817,0,64
116,896,1814,0,74
117,898,1811,0,69
118,899,1809,0,73
119,900,1810,0,75
120,903,1811,0,81
121,906,1815,0,92
122,905,1816,0,90
123,906,1810,0,79
124,904,1809,0,83
125,903,1808,0,83
126,906,1810,0,74
127,906,1809,0,70
128,907,1807,0,69
129,907,1808,0,67
130,909,1807,0,62
131,911,1805,0,52
132,912,1804,0,53
133,911,1804,0,54
134,911,1805,0,54
135,911,1805,0,52
136,910,1806,0,55
137,912,1808,0,63
138,912,1808,0,68
139,910,1807,0,70
140,907,1808,0,75
141,906,1811,0,71
142,905,1814,0,70
143,903,1819,0,72
144,902,1821,0,75
145,899,1819,0,70
146,900,1818,0,69
147,900,1813,0,69
148,902,1808,0,72
149,904,1806,0,72
150,907,1809,0,68
151,906,1809,0,66
152,906,1808,0,66
153,907,1808,0,66
154,908,1808,0,69
155,909,1809,0,71
156,909,1809,0,79
157,917,1809,0,83
158,918,1811,0,90
159,918,1811,0,98
160,918,1811,0,105
161,919,1810,0,109
162,922,1811,0,113
163,926,1814,0,119
164,928,1816,0,128
165,929,1813,0,128
166,931,1812,0,133
167,935,1813,0,138
168,936,1816,0,138
169,944,1816,0,144
170,946,1819,0,138
171,947,1822,0,129
172,946,1821,0,123
173,945,1820,0,120
174,951,1820,0,122
175,949,1825,0,119
176,950,1827,0,121
177,954,1831,0,122
178,958,1833,0,122
179,959,1834,0,116
180,961,1835,0,113
181,962,1837,0,113
182,962,1841,0,112
183,963,1843,0,114
184,962,1844,0,117
185,961,1845,0,121
186,961,1846,0,128
187,962,1847,0,129
188,963,1846,0,130
189,964,1847,0,130
190,964,1845,0,128
191,965,1843,0,130
192,966,1842,0,135
193,966,1839,0,142
194,966,1838,0,147
195,968,1834,0,139
196,968,1833,0,134
197,966,1833,0,147
198,964,1831,0,153
199,963,1831,0,155
200,962,1829,0,159
201,961,1828,0,161
202,961,1827,0,161
203,961,1827,0,162
204,961,1827,0,162
205,960,1829,0,167
206,961,1829,0,174
207,959,1829,0,176
208,958,1828,0,185
209,961,1823,0,187
210,963,1821,0,191
211,965,1823,0,195
212,965,1820,0,195
213,966,1817,0,200
214,967,1815,0,200
215,969,1816,0,203
216,968,1812,0,206
217,967,1810,0,215
218,967,1808,0,221
219,966,1804,0,215
220,964,1805,0,214
221,965,1806,0,226
222,965,1805,0,228
223,966,1804,0,236
224,965,1805,0,241
225,965,1805,0,239
226,966,1804,0,238
227,966,1804,0,241
228,966,1803,0,241
229,966,1802,0,239
230,967,1800,0,243
231,966,1793,0,234
232,967,1788,0,231
233,969,1784,0,231
234,975,1781,0,235
235,977,1780,0,233
236,989,1785,0,239
237,987,1779,0,237
238,992,1776,0,231
239,994,1777,0,227
240,995,1778,0,227
241,996,1777,0,227
242,997,1776,0,228
243,997,1775,0,229
244,998,1774,0,228
245,997,1772,0,228
246,997,1772,0,228
247,996,1772,0,234
248,994,1773,0,242
249,993,1774,0,247
250,995,1773,0,248
251,998,1770,0,237
252,1000,1766,0,236
253,999,1766,0,233
254,997,1768,0,228
255,996,1768,0,222
256,998,1767,0,224
257,1001,1766,0,224
258,1001,1765,0,225
259,1004,1763,0,225
260,1005,1763,0,223
261,1009,1764,0,221
262,1013,1765,0,215
263,1010,1765,0,222
264,1008,1762,0,226
265,1007,1763,0,229
266,1004,1764,0,231
267,1003,1763,0,232
268,1003,1761,0,231
269,1005,1759,0,230
270,1005,1757,0,230
271,1004,1757,0,234
272,1003,1758,0,229
273,1003,1757,0,227
274,1001,1757,0,224
275,999,1756,0,227
276,998,1757,0,228
277,996,1757,0,228
278,997,1757,0,228
279,998,1756,0,228
280,997,1756,0,226
281,996,1756,0,224
282,994,1757,0,224
283,992,1759,0,228
284,990,1759,0,229
285,990,1758,0,231
286,990,1758,0,234
287,990,1758,0,230
288,991,1759,0,223
289,992,1759,0,215
290,994,1760,0,216
291,991,1758,0,206
292,990,1758,0,201
293,992,1757,0,200
294,991,1756,0,199
295,991,1755,0,201
296,993,1754,0,206
297,998,1751,0,208
298,997,1752,0,209
299,997,1753,0,211
300,996,1752,0,210
301,994,1752,0,210
302,994,1751,0,210
303,994,1751,0,209
304,994,1750,0,203
305,997,1752,0,209
306,999,1750,0,209
307,1001,1750,0,209
308,1001,1751,0,214
309,1000,1750,0,216
310,1002,1749,0,210
311,1001,1750,0,209
312,1001,1749,0,209
313,1000,1749,0,209
314,1002,1750,0,209
315,1001,1752,0,200
316,1001,1752,0,198
317,1002,1752,0,197
318,1000,1755,0,196
319,1000,1755,0,195
320,1003,1755,0,196
321,1006,1754,0,197
322,1003,1755,0,202
323,1000,1754,0,204
324,1000,1751,0,212
325,1000,1751,0,210
326,1000,1750,0,209
327,1000,1751,0,206
328,1000,1752,0,204
329,1000,1752,0,206
330,998,1752,0,206
331,997,1752,0,213
332,999,1751,0,214
333,997,1753,0,209
334,995,1753,0,207
335,996,1753,0,207
336,994,1755,0,199
337,994,1757,0,189
338,995,1761,0,189
339,995,1763,0,183
340,995,1766,0,176
341,994,1767,0,173
342,996,1769,0,175
343,998,1768,0,181
344,995,1768,0,185
345,995,1769,0,194
346,995,1767,0,205
347,994,1764,0,210
348,995,1761,0,214
349,996,1756,0,216
350,996,1755,0,218
351,994,1756,0,222
352,993,1759,0,225
353,994,1759,0,222
354,991,1758,0,217
355,989,1760,0,218
356,987,1758,0,207
357,988,1757,0,203
358,987,1757,0,207
359,987,1757,0,210
360,985,1758,0,209
361,986,1761,0,215
362,981,1758,0,211
363,982,1754,0,207
364,981,1753,0,212
365,981,1754,0,217
366,981,1754,0,207
367,981,1752,0,207
368,982,1752,0,210
369,981,1752,0,210
370,981,1752,0,209
371,981,1752,0,211
372,981,1751,0,208
373,984,1750,0,206
374,984,1750,0,208
375,984,1751,0,209
376,985,1750,0,214
377,988,1748,0,217
378,988,1748,0,216
379,988,1748,0,219
380,987,1749,0,222
381,990,1746,0,221
382,989,1745,0,226
383,990,1744,0,227
384,990,1741,0,232
385,992,1739,0,232
386,992,1739,0,230
387,995,1737,0,236
388,992,1737,0,235
389,992,1738,0,236
390,991,1738,0,234
391,992,1737,0,230
392,992,1738,0,232
393,991,1740,0,233
394,990,1740,0,231
395,991,1738,0,229
396,992,1738,0,228
397,991,1739,0,230
398,989,1743,0,224
399,988,1745,0,219
400,987,1747,0,210
401,986,1750,0,207
402,987,1751,0,202
403,990,1752,0,198
404,991,1754,0,194
405,994,1754,0,195
406,995,1752,0,199
407,995,1752,0,200
408,997,1750,0,203
409,996,1750,0,204
410,995,1750,0,199
411,995,1753,0,197
412,993,1757,0,195
413,992,1757,0,187
414,993,1758,0,189
415,996,1760,0,175
416,996,1763,0,170
417,996,1765,0,168
418,997,1767,0,166
419,999,1767,0,163
420,1000,1768,0,157
421,1000,1768,0,155
422,1000,1767,0,149
423,1000,1768,0,151
424,998,1770,0,159
425,1001,1770,0,150
426,1001,1774,0,151
427,999,1773,0,150
428,1000,1773,0,142
429,999,1774,0,146
430,997,1773,0,151
431,998,1771,0,159
432,999,1770,0,165
433,999,1767,0,168
434,1000,1766,0,170
435,1000,1765,0,178
436,1002,1765,0,178
437,1006,1760,0,177
438,1012,1756,0,185
439,1012,1756,0,183
440,1015,1756,0,185
441,1017,1756,0,190
442,1018,1754,0,197
443,1021,1756,0,195
444,1024,1756,0,190
445,1028,1756,0,194
446,1032,1754,0,198
447,1037,1755,0,200
448,1043,1760,0,213
449,1043,1759,0,210
450,1042,1760,0,206
451,1042,1762,0,206
452,1042,1760,0,206
453,1043,1759,0,208
454,1044,1757,0,209
455,1044,1756,0,207
456,1049,1755,0,203
457,1048,1754,0,204
458,1047,1753,0,211
459,1048,1751,0,210
460,1048,1750,0,210
461,1048,1749,0,211
462,1049,1747,0,210
463,1050,1745,0,212
464,1051,1744,0,218
465,1052,1743,0,223
466,1051,1739,0,230
467,1049,1741,0,236
468,1047,1740,0,236
469,1047,1740,0,231
470,1051,1743,0,221
471,1053,1744,0,215
472,1055,1745,0,212
473,1058,1744,0,208
474,1061,1745,0,204
475,1064,1745,0,203
476,1061,1747,0,202
477,1062,1747,0,203
478,1060,1748,0,195
479,1059,1750,0,189
480,1061,1751,0,188
481,1058,1753,0,182
482,1056,1755,0,181
483,1057,1755,0,182
484,1059,1756,0,188
485,1059,1755,0,194
486,1058,1755,0,202
487,1058,1753,0,212
488,1054,1754,0,221
489,1052,1752,0,236
490,1051,1752,0,238
491,1048,1757,0,230
492,1051,1754,0,211
493,1051,1752,0,191
494,1054,1752,0,186
495,1058,1753,0,177
496,1059,1755,0,173
497,1058,1757,0,179
498,1057,1757,0,194
499,1057,1756,0,201
500,1059,1754,0,205
501,1062,1752,0,208
502,1064,1747,0,211
503,1062,1746,0,213
504,1061,1746,0,217
505,1061,1742,0,227
506,1059,1743,0,227
507,1059,1741,0,223
508,1060,1742,0,218
509,1060,1741,0,214
510,1065,1740,0,211
511,1065,1742,0,211
512,1066,1744,0,210
513,1067,1745,0,212
514,1064,1748,0,210
515,1065,1747,0,210
516,1068,1748,0,206
517,1068,1752,0,199
518,1071,1754,0,195
519,1075,1756,0,193
520,1078,1755,0,186
521,1082,1755,0,181
522,1084,1756,0,180
523,1089,1754,0,180
524,1089,1754,0,182
525,1088,1754,0,185
526,1091,1752,0,190
527,1089,1752,0,190
528,1089,1753,0,194
529,1088,1754,0,198
530,1087,1754,0,199
531,1085,1751,0,211
532,1083,1749,0,214
533,1084,1742,0,221
534,1085,1738,0,227
535,1084,1733,0,234
536,1085,1728,0,241
537,1087,1724,0,246
538,1091,1721,0,241
539,1093,1717,0,238
540,1096,1717,0,230
541,1095,1717,0,222
542,1096,1713,0,233
543,1099,1713,0,219
544,1101,1718,0,218
545,1101,1720,0,225
546,1102,1721,0,222
547,1097,1720,0,230
548,1098,1715,0,230
549,1101,1711,0,238
550,1102,1708,0,234
551,1103,1706,0,237
552,1104,1703,0,236
553,1107,1704,0,240
554,1106,1702,0,237
555,1106,1701,0,242
556,1107,1701,0,241
557,1107,1705,0,245
558,1109,1709,0,249
559,1110,1710,0,247
560,1108,1711,0,235
561,1109,1713,0,225
562,1108,1712,0,219
563,1109,1712,0,225
564,1110,1708,0,241
565,1111,1709,0,239
566,1111,1711,0,229
567,1110,1713,0,222
568,1109,1713,0,221
569,1109,1713,0,222
570,1107,1716,0,226
571,1104,1720,0,224
572,1104,1720,0,225
573,1102,1722,0,225
574,1100,1725,0,234
575,1099,1723,0,223
576,1098,1721,0,219
577,1097,1724,0,213
578,1096,1727,0,208
579,1096,1728,0,202
580,1096,1730,0,205
581,1095,1726,0,193
582,1097,1725,0,179
583,1097,1731,0,160
584,1100,1733,0,161
585,1100,1735,0,164
586,1101,1735,0,159
587,1099,1736,0,157
588,1097,1739,0,166
589,1096,1740,0,168
590,1095,1740,0,176
591,1095,1741,0,179
592,1096,1743,0,190
593,1095,1744,0,188
594,1096,1744,0,188
595,1096,1743,0,180
596,1093,1743,0,178
597,1089,1744,0,188
598,1087,1746,0,201
599,1088,1748,0,208
600,1088,1747,0,212
601,1087,1747,0,209
602,1084,1749,0,216
603,1084,1746,0,219
604,1083,1746,0,214
605,1081,1749,0,212
606,1079,1749,0,218
607,1079,1749,0,228
608,1078,1749,0,229
609,1076,1746,0,234
610,1073,1743,0,241
611,1072,1742,0,247
612,1071,1742,0,254
613,1072,1739,0,257
614,1072,1740,0,265
615,1071,1741,0,276
616,1069,1742,0,285
617,1070,1744,0,289
618,1073,1747,0,293
619,1071,1746,0,300
620,1074,1749,0,305
621,1074,1752,0,307
622,1075,1752,0,299
623,1074,1752,0,300
624,1073,1754,0,299
625,1075,1754,0,287
626,1076,1750,0,276
627,1074,1748,0,268
628,1073,1742,0,267
629,1073,1739,0,266
630,1075,1741,0,266
631,1076,1743,0,269
632,1075,1742,0,269
633,1074,1737,0,268
634,1076,1735,0,265
635,1076,1739,0,265
636,1076,1741,0,266
637,1076,1740,0,272
638,1075,1738,0,272
639,1075,1738,0,276
640,1073,1737,0,281
641,1070,1737,0,281
642,1069,1737,0,282
643,1067,1734,0,282
644,1068,1733,0,279
645,1068,1733,0,283
646,1067,1733,0,287
647,1066,1731,0,288
648,1066,1730,0,286
649,1066,1729,0,285
650,1065,1727,0,282
651,1066,1725,0,277
652,1070,1728,0,272
653,1071,1727,0,269
654,1074,1732,0,261
655,1074,1733,0,258
656,1073,1732,0,256
657,1075,1735,0,261
658,1075,1737,0,259
659,1073,1737,0,256
660,1074,1735,0,256
661,1074,1736,0,257
662,1075,1741,0,259
663,1076,1743,0,258
664,1076,1745,0,258
665,1076,1743,0,254
666,1079,1745,0,258
667,1082,1746,0,264
668,1082,1747,0,263
669,1082,1748,0,265
670,1082,1744,0,271
671,1083,1742,0,277
672,1083,1743,0,279
673,1084,1742,0,286
674,1086,1744,0,291
675,1088,1745,0,292
676,1090,1747,0,294
677,1092,1746,0,294
678,1095,1745,0,301
679,1096,1744,0,302
680,1095,1742,0,303
681,1094,1741,0,306
682,1094,1739,0,317
683,1093,1739,0,327
684,1090,1738,0,331
685,1089,1737,0,331
686,1084,1737,0,329
687,1084,1736,0,328
688,1084,1736,0,333
689,1084,1737,0,330
690,1085,1737,0,324
691,1087,1737,0,317
692,1086,1736,0,313
693,1087,1736,0,311
694,1086,1736,0,311
695,1087,1738,0,312
696,1088,1739,0,313
697,1089,1739,0,317
698,1089,1740,0,323
699,1088,1740,0,328
700,1089,1740,0,329
701,1090,1740,0,332
702,1088,1739,0,343
703,1088,1740,0,341
704,1088,1739,0,346
705,1086,1739,0,344
706,1090,1738,0,346
707,1089,1739,0,345
708,1088,1739,0,347
709,1085,1737,0,349
710,1086,1736,0,353
711,1088,1737,0,351
712,1087,1735,0,354
713,1087,1733,0,353
714,1087,1732,0,347
715,1088,1732,0,342
716,1088,1731,0,340
717,1085,1730,0,340
718,1086,1730,0,341
719,1087,1730,0,336
720,1087,1729,0,330
721,1089,1730,0,324
722,1091,1731,0,324
723,1092,1731,0,324
724,1095,1733,0,321
725,1096,1734,0,319
726,1096,1735,0,317
727,1097,1734,0,316
728,1097,1735,0,307
729,1096,1735,0,300
730,1097,1738,0,299
731,1096,1740,0,291
732,1095,1740,0,280
733,1095,1743,0,275
734,1092,1741,0,263
735,1091,1737,0,262
736,1090,1735,0,259
737,1090,1734,0,259
738,1092,1736,0,257
739,1092,1736,0,255
740,1093,1739,0,252
741,1093,1739,0,255
742,1094,1740,0,258
743,1095,1739,0,262
744,1095,1738,0,263
745,1095,1734,0,265
746,1095,1729,0,265
747,1097,1733,0,267
748,1095,1731,0,268
749,1094,1728,0,267
750,1095,1728,0,263
751,1095,1731,0,257
752,1095,1731,0,257
753,1095,1732,0,260
754,1093,1733,0,252
755,1095,1736,0,250
756,1095,1737,0,243
757,1095,1737,0,242
758,1097,1736,0,233
759,1096,1739,0,219
760,1097,1743,0,215
761,1101,1744,0,213
762,1103,1741,0,219
763,1104,1742,0,218
764,1104,1744,0,213
765,1101,1746,0,213
766,1100,1746,0,211
767,1104,1744,0,214
768,1103,1745,0,210
769,1100,1747,0,201
770,1100,1747,0,199
771,1103,1747,0,200
772,1103,1748,0,202
773,1102,1749,0,195
774,1101,1751,0,196
775,1102,1748,0,204
776,1107,1745,0,209
777,1110,1744,0,200
778,1106,1745,0,195
779,1106,1744,0,189
780,1110,1747,0,187
781,1110,1748,0,182
782,1111,1750,0,172
783,1113,1749,0,166
784,1118,1735,0,176
785,1119,1735,0,185
786,1117,1739,0,180
787,1118,1741,0,186
788,1120,1739,0,185
789,1120,1741,0,182
790,1121,1739,0,182
791,1120,1739,0,180
792,1122,1738,0,180
793,1124,1741,0,178
794,1126,1744,0,166
795,1131,1747,0,163
796,1135,1749,0,160
797,1140,1750,0,157
798,1142,1750,0,156
799,1143,1751,0,150
800,1141,1751,0,153
801,1139,1752,0,153
802,1136,1754,0,148
803,1134,1754,0,150
804,1129,1752,0,141
805,1126,1750,0,144
806,1122,1752,0,147
807,1121,1753,0,149
808,1121,1757,0,154
809,1125,1760,0,154
810,1126,1761,0,147
811,1125,1766,0,135
812,1122,1768,0,122
813,1123,1769,0,113
814,1125,1769,0,104
815,1126,1770,0,101
816,1127,1769,0,97
817,1128,1769,0,94
818,1129,1769,0,94
819,1135,1767,0,91
820,1144,1765,0,97
821,1150,1763,0,94
822,1158,1764,0,83
823,1159,1762,0,83
824,1163,1758,0,76
825,1170,1767,0,65
826,1171,1773,0,56
827,1167,1775,0,54
828,1165,1778,0,53
829,1161,1783,0,38
830,1159,1785,0,44
831,1157,1782,0,51
832,1158,1785,0,53
833,1157,1787,0,56
834,1156,1784,0,67
835,1156,1785,0,66
836,1160,1784,0,65
837,1161,1790,0,69
838,1160,1797,0,73
839,1159,1803,0,79
840,1158,1809,0,83
841,1158,1814,0,87
842,1157,1824,0,93
843,1157,1825,0,100
844,1160,1827,0,109
845,1165,1830,0,113
846,1169,1830,0,118
847,1171,1832,0,130
848,1175,1832,0,134
849,1175,1834,0,132
850,1176,1836,0,127
851,1176,1839,0,132
852,1177,1840,0,135
853,1182,1845,0,142
854,1186,1846,0,145
855,1191,1845,0,154
856,1197,1846,0,156
857,1202,1846,0,161
858,1208,1847,0,157
859,1211,1846,0,166
860,1211,1845,0,167
861,1217,1843,0,183
862,1218,1839,0,182
863,1223,1839,0,176
864,1229,1841,0,172
865,1233,1837,0,177
866,1239,1839,0,180
867,1244,1839,0,187
868,1246,1839,0,191
869,1245,1836,0,184
870,1246,1843,0,183
871,1244,1845,0,197
872,1242,1842,0,201
873,1241,1840,0,196
874,1241,1839,0,196
875,1241,1839,0,194
876,1241,1839,0,196
877,1243,1838,0,199
878,1244,1836,0,195
879,1244,1836,0,191
880,1244,1835,0,190
881,1244,1833,0,194
882,1245,1832,0,199
883,1246,1832,0,204
884,1245,1830,0,206
885,1245,1829,0,211
886,1245,1829,0,224
887,1247,1828,0,232
888,1246,1826,0,231
889,1244,1827,0,232
890,1246,1823,0,247
891,1245,1821,0,250
892,1246,1818,0,249
893,1247,1816,0,251
894,1248,1815,0,251
895,1249,1814,0,251
896,1249,1812,0,251
897,1248,1813,0,248
898,1249,1812,0,244
899,1250,1807,0,244
900,1251,1810,0,244
901,1252,1809,0,245
902,1251,1809,0,247
903,1251,1808,0,250
904,1251,1808,0,252
905,1251,1810,0,246
906,1252,1810,0,245
907,1252,1809,0,247
908,1253,1810,0,251
909,1255,1813,0,267
910,1256,1812,0,266
911,1255,1808,0,269
912,1256,1805,0,266
913,1256,1803,0,274
914,1255,1804,0,267
915,1254,1804,0,266
916,1254,1802,0,265
917,1253,1801,0,263
918,1254,1804,0,272
919,1252,1803,0,271
920,1251,1800,0,270
921,1251,1795,0,284
922,1248,1793,0,299
923,1245,1793,0,308
924,1240,1797,0,320
925,1236,1793,0,326
926,1234,1791,0,332
927,1234,1791,0,332
928,1232,1793,0,330
929,1231,1792,0,329
930,1230,1793,0,334
931,1229,1795,0,332
932,1226,1796,0,333
933,1219,1798,0,316
934,1220,1794,0,321
935,1218,1792,0,316
936,1216,1792,0,313
937,1214,1791,0,310
938,1211,1791,0,307
939,1205,1787,0,305
940,1202,1784,0,303
941,1202,1781,0,308
942,1201,1780,0,311
943,1201,1779,0,314
944,1201,1784,0,320
945,1198,1784,0,322
946,1195,1783,0,324
947,1196,1781,0,331
948,1200,1778,0,350
949,1203,1779,0,346
950,1199,1783,0,343
951,1197,1783,0,342
952,1196,1785,0,346
953,1195,1785,0,349
954,1192,1787,0,344
955,1191,1788,0,342
956,1190,1789,0,340
957,1189,1791,0,341
958,1186,1791,0,343
959,1186,1793,0,333
960,1185,1793,0,334
961,1184,1793,0,334
962,1183,1792,0,335
963,1182,1792,0,332
964,1182,1791,0,334
965,1183,1790,0,334
966,1180,1792,0,326
967,1181,1790,0,332
968,1180,1792,0,328
969,1178,1790,0,333
970,1179,1790,0,336
971,1180,1791,0,337
972,1183,1788,0,343
973,1183,1788,0,343
974,1188,1789,0,347
975,1188,1789,0,350
976,1189,1790,0,349
977,1189,1789,0,350
978,1188,1791,0,351
979,1189,1792,0,344
980,1188,1792,0,339
981,1187,1791,0,338
982,1187,1790,0,340
983,1186,1789,0,344
984,1188,1788,0,348
985,1186,1788,0,349
986,1188,1790,0,347
987,1188,1792,0,345
988,1188,1792,0,347
989,1187,1790,0,346
990,1190,1790,0,350
991,1191,1789,0,347
992,1192,1789,0,346
993,1191,1790,0,346
994,1191,1789,0,347
995,1191,1789,0,351
996,1191,1789,0,350
997,1191,1789,0,349
998,1191,1789,0,349
999,1191,1790,0,352
1000,1190,1791,0,353
1001,1191,1791,0,351
1002,1190,1793,0,347
1003,1191,1793,0,344
1004,1193,1791,0,348
1005,1192,1789,0,351
1006,1194,1788,0,354
1007,1195,1787,0,355
1008,1199,1787,0,0
1009,1198,1788,0,3
1010,1198,1788,0,4
1011,1199,1786,0,4
1012,1202,1786,0,5
1013,1201,1787,0,6
1014,1202,1786,0,6
1015,1202,1786,0,5
1016,1204,1784,0,6
1017,1204,1780,0,6
1018,1204,1780,0,6
1019,1204,1781,0,3
1020,1204,1783,0,2
1021,1204,1781,0,3
1022,1203,1780,0,1
1023,1203,1781,0,0
1024,1203,1780,0,359
1025,1203,1780,0,359
1026,1203,1780,0,0
1027,1203,1780,0,358
1028,1204,1781,0,1
1029,1203,1781,0,2
1030,1202,1781,0,0
1031,1203,1784,0,0
1032,1202,1785,0,2
1033,1203,1785,0,359
1034,1203,1788,0,350
1035,1202,1780,0,359
1036,1202,1779,0,1
1037,1202,1780,0,358
1038,1202,1782,0,353
1039,1201,1782,0,351
1040,1202,1783,0,354
1041,1203,1784,0,354
1042,1203,1785,0,353
1043,1204,1786,0,353
1044,1203,1784,0,357
1045,1202,1783,0,2
1046,1203,1782,0,1
1047,1202,1783,0,3
1048,1202,1783,0,1
1049,1202,1784,0,0
1050,1202,1786,0,358
1051,1202,1786,0,1
1052,1202,1786,0,4
1053,1203,1786,0,6
1054,1202,1787,0,5
1055,1202,1787,0,5
1056,1202,1788,0,4
1057,1202,1789,0,3
1058,1202,1786,0,4
1059,1202,1786,0,357
1060,1203,1783,0,1
1061,1204,1781,0,4
1062,1202,1783,0,5
1063,1202,1784,0,4
1064,1202,1784,0,5
1065,1202,1783,0,5
1066,1203,1783,0,6
1067,1201,1784,0,6
1068,1200,1784,0,4
1069,1200,1786,0,0
1070,1199,1787,0,357
1071,1199,1787,0,356
1072,1198,1787,0,357
1073,1198,1786,0,356
1074,1197,1785,0,1
1075,1197,1786,0,357
1076,1196,1791,0,347
1077,1195,1791,0,351
1078,1195,1789,0,347
1079,1195,1790,0,343
1080,1194,1791,0,346
1081,1193,1790,0,344
1082,1193,1792,0,341
1083,1193,1792,0,347
1084,1193,1791,0,347
1085,1192,1791,0,343
1086,1192,1790,0,342
1087,1192,1791,0,337
1088,1193,1789,0,345
1089,1192,1787,0,345
1090,1192,1790,0,340
1091,1194,1790,0,344
1092,1194,1790,0,343
1093,1193,1790,0,346
1094,1193,1790,0,346
1095,1193,1791,0,343
1096,1193,1791,0,344
1097,1192,1789,0,341
1098,1194,1788,0,344
1099,1193,1787,0,346
1100,1193,1787,0,346
1101,1194,1785,0,354
1102,1193,1786,0,352
1103,1192,1787,0,350
1104,1191,1788,0,347
1105,1191,1788,0,351
1106,1191,1788,0,353
1107,1192,1788,0,353
1108,1192,1788,0,353
1109,1192,1788,0,353
1110,1192,1790,0,351
1111,1191,1792,0,347
1112,1190,1793,0,349
1113,1190,1794,0,355
1114,1188,1794,0,348
1115,1187,1794,0,345
1116,1186,1794,0,345
1117,1185,1795,0,340
1118,1187,1794,0,340
1119,1187,1795,0,340
1120,1187,1794,0,346
1121,1187,1794,0,344
1122,1188,1794,0,338
1123,1188,1794,0,335
1124,1189,1793,0,339
1125,1190,1793,0,340
1126,1189,1792,0,348
1127,1188,1795,0,344
1128,1189,1796,0,344
1129,1191,1795,0,347
1130,1195,1798,0,354
1131,1198,1799,0,352
1132,1202,1798,0,3
1133,1202,1798,0,4
1134,1207,1796,0,7
1135,1208,1795,0,6
1136,1209,1793,0,3
1137,1206,1792,0,1
1138,1205,1791,0,1
1139,1205,1791,0,0
1140,1204,1790,0,359
1141,1203,1790,0,356
1142,1202,1790,0,355
1143,1200,1790,0,351
1144,1199,1789,0,353
1145,1200,1789,0,351
1146,1201,1787,0,0
1147,1199,1787,0,5
1148,1198,1787,0,7
1149,1197,1787,0,6
1150,1197,1787,0,6
1151,1196,1787,0,5
1152,1196,1787,0,5
1153,1196,1788,0,5
1154,1196,1788,0,5
1155,1196,1787,0,3
1156,1196,1787,0,1
1157,1196,1787,0,0
1158,1195,1787,0,359
1159,1195,1787,0,359
1160,1195,1787,0,358
1161,1195,1787,0,358
1162,1194,1787,0,358
1163,1195,1787,0,358
1164,1194,1788,0,358
1165,1194,1788,0,357
1166,1194,1788,0,357
1167,1194,1788,0,355
1168,1194,1788,0,354
1169,1194,1789,0,355
1170,1194,1788,0,354
1171,1195,1788,0,353
1172,1195,1788,0,354
1173,1195,1788,0,356
1174,1195,1788,0,356
1175,1195,1788,0,356
1176,1194,1788,0,357
1177,1194,1788,0,0
1178,1195,1788,0,1
1179,1195,1789,0,1
1180,1195,1789,0,359
1181,1195,1788,0,356
1182,1194,1787,0,354
1183,1194,1787,0,355
1184,1194,1787,0,356
1185,1195,1787,0,355
1186,1195,1788,0,1
1187,1195,1789,0,7
1188,1195,1790,0,11
1189,1196,1791,0,12
1190,1195,1791,0,12
1191,1196,1788,0,356
1192,1196,1788,0,354
1193,1196,1789,0,357
1194,1196,1788,0,355
1195,1196,1788,0,358
1196,1196,1788,0,357
1197,1196,1788,0,358
1198,1196,1788,0,0
1199,1197,1788,0,1
1200,1197,1787,0,4
1201,1199,1787,0,2
1202,1202,1787,0,5
1203,1204,1788,0,6
1204,1203,1787,0,3
1205,1207,1788,0,5
1206,1207,1789,0,4
1207,1208,1789,0,2
1208,1203,1787,0,352
1209,1202,1786,0,354
1210,1200,1785,0,353
1211,1201,1779,0,357
1212,1202,1774,0,2
1213,1204,1770,0,5
1214,1206,1765,0,5
1215,1209,1759,0,5
1216,1211,1757,0,4
1217,1213,1751,0,10
1218,1214,1745,0,16
1219,1214,1742,0,28
1220,1217,1742,0,30
1221,1218,1741,0,31
1222,1219,1739,0,32
1223,1218,1740,0,37
1224,1217,1741,0,37
1225,1215,1739,0,41
1226,1215,1739,0,50
1227,1216,1740,0,52
1228,1217,1741,0,48
1229,1216,1744,0,46
1230,1216,1743,0,45
1231,1215,1741,0,43
1232,1218,1742,0,37
1233,1218,1740,0,37
1234,1217,1740,0,36
1235,1218,1739,0,39
1236,1218,1741,0,34
1237,1218,1742,0,33
1238,1219,1743,0,40
1239,1219,1744,0,45
1240,1218,1745,0,44
1241,1218,1745,0,43
1242,1218,1745,0,44
1243,1220,1743,0,38
1244,1220,1744,0,36
1245,1220,1744,0,33
1246,1221,1743,0,33
1247,1220,1747,0,28
1248,1220,1750,0,22
1249,1220,1752,0,27
1250,1218,1755,0,23
1251,1218,1755,0,19
1252,1217,1758,0,18
1253,1215,1763,0,10
1254,1215,1762,0,11
1255,1214,1764,0,6
1256,1215,1763,0,10
1257,1214,1762,0,9
1258,1214,1764,0,8
1259,1215,1769,0,3
1260,1214,1772,0,2
1261,1214,1776,0,359
1262,1209,1781,0,347
1263,1208,1781,0,350
1264,1206,1782,0,341
1265,1202,1782,0,329
1266,1200,1778,0,332
1267,1195,1779,0,333
1268,1192,1780,0,329
1269,1192,1781,0,323
1270,1191,1780,0,325
1271,1189,1781,0,326
1272,1188,1782,0,326
1273,1184,1783,0,319
1274,1181,1783,0,314
1275,1183,1783,0,318
1276,1182,1784,0,314
1277,1181,1783,0,310
1278,1182,1785,0,311
1279,1181,1784,0,307
1280,1182,1782,0,313
1281,1181,1783,0,314
1282,1178,1784,0,312
1283,1175,1784,0,311
1284,1178,1784,0,320
1285,1179,1784,0,317
1286,1180,1785,0,316
1287,1180,1782,0,322
1288,1179,1782,0,317
1289,1178,1781,0,321
1290,1179,1780,0,323
1291,1182,1783,0,317
1292,1182,1781,0,321
1293,1182,1781,0,319
1294,1179,1780,0,317
1295,1180,1779,0,323
1296,1178,1781,0,320
1297,1178,1782,0,320
1298,1177,1782,0,324
1299,1177,1783,0,330
1300,1175,1783,0,332
1301,1174,1785,0,333
1302,1174,1787,0,325
1303,1180,1782,0,340
1304,1180,1781,0,347
1305,1177,1781,0,344
1306,1176,1780,0,347
1307,1174,1781,0,347
1308,1176,1780,0,352
1309,1179,1779,0,355
1310,1180,1778,0,0
1311,1179,1778,0,3
1312,1179,1779,0,1
1313,1178,1780,0,359
1314,1178,1780,0,1
1315,1177,1781,0,0
1316,1176,1781,0,2
1317,1179,1782,0,2
1318,1180,1781,0,2
1319,1182,1780,0,1
1320,1186,1780,0,5
1321,1193,1784,0,4
1322,1192,1786,0,6
1323,1191,1788,0,358
1324,1189,1788,0,355
1325,1186,1785,0,350
1326,1182,1782,0,346
1327,1179,1782,0,351
1328,1177,1782,0,350
1329,1175,1778,0,354
1330,1174,1775,0,356
1331,1176,1772,0,353
1332,1175,1774,0,357
1333,1173,1778,0,4
1334,1173,1779,0,4
1335,1174,1779,0,4
1336,1175,1779,0,7
1337,1176,1778,0,7
1338,1178,1778,0,2
1339,1177,1780,0,6
1340,1178,1780,0,4
1341,1177,1780,0,4
1342,1176,1780,0,5
1343,1174,1782,0,12
1344,1176,1778,0,19
1345,1175,1779,0,8
1346,1183,1782,0,2
1347,1183,1783,0,359
1348,1182,1782,0,355
1349,1185,1780,0,354
1350,1187,1778,0,355
1351,1190,1776,0,356
1352,1191,1766,0,357
1353,1195,1760,0,352
1354,1194,1746,0,355
1355,1194,1735,0,14
1356,1192,1733,0,22
1357,1189,1733,0,34
1358,1189,1733,0,43
1359,1185,1732,0,45
1360,1183,1733,0,46
1361,1181,1732,0,51
1362,1180,1733,0,59
1363,1178,1734,0,58
1364,1175,1732,0,48
1365,1172,1735,0,44
1366,1169,1737,0,47
1367,1168,1740,0,41
1368,1165,1739,0,45
1369,1164,1740,0,48
1370,1159,1741,0,51
1371,1155,1748,0,54
1372,1152,1754,0,50
1373,1150,1759,0,54
1374,1146,1765,0,48
1375,1144,1775,0,55
1376,1140,1782,0,57
1377,1138,1783,0,59
1378,1136,1786,0,65
1379,1137,1786,0,62
1380,1135,1789,0,62
1381,1134,1789,0,57
1382,1134,1788,0,53
1383,1136,1786,0,50
1384,1136,1787,0,40
1385,1136,1784,0,26
1386,1134,1785,0,21
1387,1133,1783,0,17
1388,1129,1780,0,13
1389,1125,1780,0,8
1390,1119,1779,0,7
1391,1111,1779,0,359
1392,1106,1778,0,1
1393,1101,1778,0,355
1394,1098,1774,0,353
1395,1093,1775,0,354
1396,1091,1776,0,350
1397,1088,1773,0,356
1398,1087,1772,0,358
1399,1086,1770,0,2
1400,1087,1764,0,5
1401,1085,1761,0,10
1402,1084,1760,0,16
1403,1082,1760,0,15
1404,1083,1761,0,15
1405,1083,1761,0,14
1406,1083,1761,0,17
1407,1082,1761,0,14
1408,1082,1762,0,11
1409,1082,1763,0,13
1410,1083,1763,0,14
1411,1083,1763,0,13
1412,1083,1763,0,12
1413,1083,1765,0,7
1414,1083,1765,0,10
1415,1084,1764,0,13
1416,1084,1765,0,10
1417,1084,1765,0,8
1418,1084,1766,0,8
1419,1084,1766,0,9
1420,1085,1766,0,9
1421,1084,1767,0,8
1422,1084,1767,0,7
1423,1084,1767,0,8
1424,1085,1768,0,6
1425,1085,1767,0,9
1426,1084,1767,0,10
1427,1085,1768,0,5
1428,1085,1768,0,4
1429,1087,1766,0,8
1430,1087,1765,0,9
1431,1087,1767,0,7
1432,1086,1767,0,8
1433,1087,1766,0,11
1434,1087,1767,0,9
1435,1087,1768,0,5
1436,1087,1768,0,2
1437,1087,1767,0,6
1438,1087,1767,0,8
1439,1087,1769,0,5
1440,1086,1769,0,5
1441,1086,1771,0,5
1442,1086,1770,0,6
1443,1086,1770,0,7
1444,1087,1771,0,3
1445,1086,1770,0,5
1446,1086,1770,0,4
1447,1086,1770,0,4
1448,1087,1770,0,6
1449,1087,1769,0,5
1450,1087,1771,0,0
1451,1088,1770,0,0
1452,1089,1770,0,2
1453,1088,1770,0,3
1454,1087,1770,0,1
1455,1086,1771,0,359
1456,1087,1769,0,2
1457,1087,1768,0,3
1458,1088,1768,0,6
1459,1088,1768,0,4
1460,1088,1768,0,4
1461,1087,1768,0,3
1462,1087,1768,0,2
1463,1087,1768,0,2
1464,1086,1768,0,1
1465,1086,1767,0,2
1466,1085,1766,0,2
1467,1085,1762,0,2
1468,1085,1762,0,0
1469,1085,1759,0,3
1470,1084,1757,0,4
1471,1083,1757,0,4
1472,1084,1757,0,6
1473,1084,1758,0,6
1474,1085,1758,0,6
1475,1085,1758,0,6
1476,1084,1758,0,6
1477,1082,1757,0,5
1478,1083,1755,0,3
1479,1082,1754,0,4
1480,1080,1751,0,1
1481,1079,1748,0,9
1485,1078,1748,0,6
1486,1078,1748,0,4
1487,1077,1749,0,5
1488,1075,1750,0,2
1497,1080,1736,0,2
1517,1079,1709,0,315
1518,1076,1709,0,312
1519,1075,1706,0,311
1520,1073,1704,0,311
1521,1071,1703,0,307
1522,1068,1700,0,310
1523,1066,1697,0,318
1524,1063,1697,0,322
1525,1062,1698,0,327
1526,1061,1696,0,331
1527,1060,1694,0,335
1528,1062,1692,0,336
1529,1068,1691,0,344
1530,1069,1687,0,342
1531,1068,1684,0,336
1532,1069,1683,0,339
1533,1069,1681,0,340
1534,1066,1679,0,339
1535,1065,1679,0,341
1536,1068,1683,0,339
1537,1072,1686,0,349
1538,1070,1686,0,348
1539,1070,1687,0,349
1540,1071,1691,0,348
1541,1071,1691,0,353
1542,1075,1696,0,357
1543,1079,1696,0,355
1545,1083,1695,0,355
1546,1083,1697,0,354
1547,1082,1695,0,350
1548,1081,1694,0,352
1549,1081,1694,0,348
1550,1080,1696,0,342
1551,1077,1695,0,345
1552,1076,1693,0,344
1553,1077,1693,0,341
1554,1078,1692,0,339
1555,1083,1690,0,328
1556,1082,1691,0,323
1557,1077,1687,0,323
1558,1075,1685,0,324
1559,1074,1684,0,324
1560,1072,1683,0,321
1561,1071,1682,0,319
1562,1072,1681,0,311
1563,1070,1680,0,310
1564,1070,1678,0,307
1565,1069,1677,0,312
1566,1069,1677,0,317
1567,1067,1677,0,316
1568,1063,1678,0,318
1569,1060,1679,0,330
1570,1058,1679,0,338
1571,1056,1678,0,335
1572,1055,1677,0,335
1573,1054,1677,0,335
1574,1052,1677,0,337
1575,1051,1681,0,335
1576,1053,1681,0,335
1577,1053,1681,0,335
1578,1051,1680,0,339
1579,1049,1680,0,340
1580,1049,1680,0,340
1581,1048,1681,0,340
1582,1053,1679,0,338
1583,1055,1676,0,347
1584,1054,1674,0,346
1585,1051,1673,0,347
1586,1049,1672,0,357
1587,1048,1680,0,8
1588,1046,1679,0,12
1589,1043,1678,0,12
1590,1042,1677,0,10
1591,1039,1678,0,8
1592,1037,1678,0,8
1593,1037,1679,0,4
1594,1037,1676,0,2
1595,1035,1676,0,356
1596,1034,1676,0,359
1597,1038,1675,0,5
1598,1040,1674,0,4
1599,1041,1676,0,2
1600,1044,1676,0,0
1601,1042,1677,0,1
1602,1040,1679,0,4
1603,1043,1683,0,9
1604,1042,1685,0,23
1605,1039,1691,0,28
1606,1036,1694,0,33
1607,1039,1696,0,33
1608,1031,1693,0,46
1609,1025,1695,0,52
1610,1018,1697,0,53
1611,1011,1701,0,60
1612,1010,1701,0,62
1613,1009,1703,0,65
1614,1007,1705,0,68
1615,1006,1710,0,72
1616,1006,1713,0,75
1617,1005,1712,0,78
1618,1007,1713,0,83
1619,1008,1716,0,87
1620,1012,1713,0,83
1621,1011,1712,0,82
1622,1009,1712,0,82
1623,1010,1711,0,80
1624,1011,1709,0,82
1625,1011,1710,0,86
1626,1010,1711,0,92
1627,1010,1711,0,92
1628,1010,1715,0,87
1629,1010,1716,0,84
1630,1010,1720,0,76
1631,1011,1719,0,74
1632,1011,1719,0,73
1633,1013,1719,0,71
1634,1016,1720,0,62
1635,1019,1722,0,57
1636,1018,1723,0,56
1637,1019,1723,0,56
1638,1019,1724,0,52
1639,1019,1724,0,50
1640,1019,1724,0,49
1641,1020,1724,0,53
1642,1019,1724,0,53
1643,1018,1725,0,53
1644,1015,1726,0,53
1645,1016,1725,0,47
1646,1017,1724,0,51
1647,1018,1724,0,51
1648,1019,1724,0,53
1649,1016,1726,0,51
1650,1020,1725,0,46
1651,1024,1724,0,49
1652,1025,1725,0,50
1653,1025,1724,0,52
1654,1024,1725,0,53
1655,1025,1726,0,56
1656,1026,1728,0,55
1657,1033,1729,0,37
1658,1034,1728,0,37
1659,1035,1728,0,44
1660,1034,1728,0,46
1661,1033,1727,0,40
1662,1035,1723,0,38
1663,1038,1726,0,26
1664,1042,1729,0,27
1665,1040,1729,0,31
1666,1039,1729,0,32
1667,1037,1729,0,35
1668,1036,1728,0,32
1669,1036,1729,0,32
1670,1035,1732,0,39
1671,1033,1733,0,40
1672,1031,1732,0,36
1673,1028,1730,0,40
1674,1025,1730,0,43
1675,1021,1729,0,44
1676,1017,1729,0,45
1677,1014,1728,0,47
1678,1011,1727,0,48
1679,1010,1726,0,51
1680,1011,1725,0,51
1681,1010,1724,0,50
1682,1010,1725,0,48
1683,1009,1725,0,46
1684,1009,1725,0,49
1685,1009,1724,0,49
1686,1008,1725,0,45
1687,1008,1725,0,46
1688,1008,1725,0,47
1689,1008,1724,0,46
1690,1006,1723,0,40
1691,1006,1721,0,37
1692,1007,1720,0,37
1693,1006,1720,0,38
1694,1006,1719,0,37
1695,1006,1719,0,40
1696,1006,1718,0,39
1697,1007,1718,0,41
1698,1006,1717,0,46
1699,1006,1717,0,46
1700,1006,1717,0,46
1701,1006,1717,0,45
1702,1006,1717,0,44
1703,1007,1718,0,42
1704,1007,1717,0,40
1705,1007,1717,0,39
1706,1008,1716,0,39
1707,1008,1716,0,39
1708,1008,1716,0,40
1709,1008,1715,0,39
1710,1008,1716,0,33
1711,1008,1716,0,32
1712,1008,1715,0,31
1713,1008,1715,0,34
1714,1008,1717,0,34
1715,1008,1717,0,31
1716,1008,1716,0,38
1717,1008,1716,0,37
1718,1009,1716,0,35
1719,1009,1717,0,34
1720,1010,1717,0,31
1721,1009,1717,0,25
1722,1007,1715,0,27
1723,1007,1715,0,30
1724,1008,1716,0,33
1725,1007,1716,0,35
1726,1007,1716,0,32
1727,1007,1716,0,27
1728,1006,1715,0,29
1729,1006,1715,0,32
1730,1006,1715,0,31
1731,1009,1716,0,30
1732,1009,1715,0,30
1733,1008,1715,0,30
1734,1007,1715,0,32
1735,1008,1714,0,29
1736,1007,1718,0,34
1737,1007,1719,0,36
1738,1008,1722,0,40
1739,1006,1726,0,34
1740,1007,1726,0,33
1741,1008,1726,0,34
1742,1008,1725,0,33
1743,1007,1726,0,33
1744,1005,1726,0,29
1745,1003,1724,0,27
1746,1001,1721,0,32
1747,1000,1722,0,31
1748,1000,1723,0,28
1749,1000,1723,0,30
1750,1000,1723,0,28
1751,999,1724,0,24
1752,1004,1724,0,15
1753,1006,1722,0,20
1754,1005,1721,0,17
1755,1005,1723,0,14
1756,1004,1727,0,15
1757,1002,1730,0,9
1758,999,1727,0,14
1759,1001,1726,0,17
1760,1002,1724,0,18
1761,999,1722,0,17
1762,998,1722,0,18
1763,1000,1722,0,18
1764,1000,1722,0,20
1765,999,1721,0,21
1766,1001,1722,0,21
1767,1004,1717,0,22
1768,1006,1714,0,25
1769,1006,1715,0,24
1770,1008,1711,0,30
1771,1007,1710,0,34
1772,1005,1706,0,36
1773,999,1704,0,29
1774,999,1702,0,22
1775,996,1703,0,13
1776,994,1702,0,7
1778,991,1695,0,354
1779,991,1696,0,346
1780,991,1696,0,343
1781,990,1696,0,341
1782,989,1693,0,335
1783,989,1693,0,328
1784,987,1691,0,321
1785,986,1689,0,313
1786,985,1688,0,307
1787,984,1689,0,310
1788,981,1688,0,310
1789,981,1689,0,309
1790,979,1689,0,306
1791,974,1682,0,306
1792,973,1683,0,305
1793,970,1682,0,310
1794,970,1681,0,310
1795,972,1677,0,308
1796,972,1674,0,309
1797,966,1671,0,305
1798,964,1669,0,302
1799,962,1667,0,299
1800,964,1667,0,302
1801,965,1666,0,301
1802,966,1668,0,294
1803,966,1668,0,295
1804,967,1667,0,292
1805,969,1667,0,291
1806,967,1665,0,283
1807,966,1665,0,277
1808,968,1660,0,274
1809,967,1658,0,275
1810,963,1656,0,271
1811,959,1657,0,268
1812,962,1657,0,277
1813,965,1659,0,286
1814,966,1659,0,296
1815,964,1659,0,300
1816,965,1655,0,303
1817,962,1653,0,301
1818,963,1650,0,297
1819,965,1648,0,296
1820,973,1640,0,306
1821,974,1635,0,314
1822,971,1630,0,328
1823,967,1630,0,334
1824,966,1634,0,331
1825,965,1634,0,330
1826,961,1633,0,330
1827,960,1634,0,330
1828,957,1635,0,332
1829,954,1633,0,329
1830,955,1627,0,323
1831,954,1624,0,318
1832,953,1623,0,312
1833,952,1620,0,311
1834,950,1618,0,304
1835,949,1616,0,301
1836,949,1615,0,296
1837,949,1611,0,293
1838,955,1614,0,290
1839,956,1614,0,293
1840,954,1613,0,293
1841,951,1609,0,299
1842,949,1607,0,300
1843,948,1606,0,296
1844,950,1607,0,285
1845,951,1605,0,278
1846,952,1604,0,273
1847,952,1600,0,261
1848,953,1596,0,257
1849,954,1594,0,255
1850,956,1591,0,250
1851,957,1590,0,245
1852,960,1587,0,242
1853,962,1585,0,244
1854,964,1583,0,250
1855,968,1580,0,249
1856,971,1580,0,247
1857,975,1575,0,240
1858,975,1571,0,249
1859,974,1572,0,240
1860,977,1572,0,227
1861,979,1571,0,224
1862,990,1566,0,229
1863,995,1558,0,214
1864,999,1560,0,222
1865,1001,1560,0,206
1866,1008,1558,0,205
1867,1016,1553,0,201
1868,1020,1551,0,207
1869,1026,1548,0,210
1870,1030,1547,0,211
1871,1030,1549,0,216
1872,1030,1546,0,216
1873,1030,1545,0,220
1874,1030,1546,0,219
1875,1029,1546,0,217
1876,1028,1545,0,220
1877,1028,1544,0,218
1878,1027,1541,0,212
1879,1028,1542,0,216
1880,1028,1541,0,219
1881,1027,1536,0,225
1882,1027,1532,0,229
1883,1026,1532,0,236
1884,1026,1530,0,244
1885,1026,1526,0,251
1886,1028,1520,0,252
1887,1031,1512,0,259
1888,1029,1509,0,262
1889,1028,1506,0,260
1890,1029,1503,0,255
1891,1030,1499,0,254
1892,1030,1495,0,256
1893,1030,1490,0,258
1894,1031,1487,0,259
1895,1031,1485,0,260
1896,1031,1484,0,262
1897,1031,1482,0,260
1898,1031,1481,0,260
1899,1030,1481,0,260
1900,1030,1480,0,261
1901,1032,1479,0,259
1902,1032,1478,0,258
1903,1033,1477,0,256
1904,1033,1476,0,258
1905,1034,1476,0,257
1906,1035,1475,0,256
1907,1035,1475,0,258
1908,1036,1474,0,259
1909,1036,1473,0,260
1910,1037,1472,0,261
1911,1037,1472,0,261
1912,1037,1473,0,260
1913,1037,1475,0,260
1914,1037,1477,0,261
1915,1037,1478,0,264
1916,1036,1475,0,268
1917,1034,1468,0,291
1918,1032,1465,0,293
1919,1031,1463,0,295
1920,1028,1460,0,299
1921,1027,1459,0,302
1922,1026,1451,0,307
1923,1028,1453,0,308
1924,1027,1453,0,314
1925,1024,1453,0,319
1926,1023,1453,0,319
1927,1023,1455,0,321
1928,1024,1455,0,320
1929,1025,1455,0,320
1930,1026,1456,0,321
1931,1025,1455,0,322
1932,1026,1455,0,323
1933,1026,1454,0,331
1934,1025,1454,0,329
1935,1025,1453,0,326
1936,1025,1453,0,328
1937,1024,1453,0,326
1938,1025,1452,0,325
1939,1025,1452,0,321
1940,1023,1448,0,315
1941,1021,1449,0,313
1942,1021,1445,0,312
1943,1019,1447,0,303
1944,1017,1442,0,299
1945,1017,1442,0,299
1946,1017,1442,0,294
1947,1016,1443,0,294
1948,1017,1443,0,294
1949,1017,1440,0,299
1950,1017,1439,0,302
1951,1016,1436,0,302
1952,1013,1434,0,304
1953,1014,1434,0,308
1954,1013,1430,0,306
1955,1010,1427,0,307
1956,1006,1426,0,313
1957,1002,1424,0,316
1958,998,1421,0,314
1959,989,1420,0,305
1960,982,1416,0,295
1961,978,1411,0,283
1962,977,1407,0,285
1963,974,1404,0,282
1964,971,1395,0,287
1965,969,1391,0,290
1966,966,1389,0,284
1967,967,1391,0,280
1968,968,1390,0,283
1969,968,1388,0,282
1970,969,1387,0,286
1971,966,1389,0,281
1972,964,1385,0,272
1973,962,1386,0,264
1974,963,1386,0,265
1975,962,1385,0,264
1976,963,1385,0,262
1977,965,1384,0,254
1978,971,1382,0,247
1979,971,1382,0,240
1980,973,1380,0,236
1981,973,1380,0,236
1982,974,1381,0,237
1983,975,1380,0,236
1984,973,1379,0,235
1985,973,1380,0,237
1986,975,1380,0,237
1987,975,1380,0,240
1988,976,1379,0,236
1989,975,1379,0,233
1990,976,1379,0,233
1991,976,1378,0,233
1992,975,1379,0,233
1993,976,1380,0,235
1994,975,1380,0,235
1995,976,1380,0,234
1996,976,1380,0,236
1997,976,1380,0,235
1998,977,1379,0,235
1999,977,1382,0,236
2000,973,1381,0,233
2001,972,1381,0,237
2002,973,1378,0,226
2003,972,1374,0,218
2004,976,1375,0,214
2005,973,1376,0,214
2006,971,1377,0,215
2007,972,1376,0,209
2008,976,1377,0,208
2009,978,1374,0,206
2010,975,1375,0,208
2011,975,1375,0,215
2012,979,1368,0,222
2013,980,1368,0,230
2014,979,1368,0,229
2015,978,1366,0,227
2016,979,1363,0,227
2017,978,1363,0,227
2018,979,1361,0,223
2019,981,1360,0,223
2020,982,1359,0,227
2021,983,1360,0,231
2022,983,1360,0,233
2023,981,1358,0,237
2024,977,1356,0,244
2025,974,1356,0,246
2026,971,1355,0,261
2027,968,1353,0,276
2028,965,1348,0,283
2029,962,1345,0,291
2030,960,1343,0,295
2031,959,1340,0,288
2032,958,1339,0,284
2033,957,1339,0,290
2034,953,1337,0,287
2035,951,1331,0,285
2036,951,1325,0,282
2037,950,1321,0,290
2038,947,1317,0,289
2039,942,1307,0,284
2040,935,1299,0,282
2041,934,1290,0,297
2042,929,1288,0,295
2043,925,1284,0,298
2044,918,1276,0,307
2045,915,1272,0,308
2046,915,1267,0,303
2047,913,1265,0,303
2048,912,1265,0,304
2049,911,1264,0,308
2050,912,1267,0,303
2051,912,1261,0,291
2052,913,1258,0,278
2053,913,1254,0,277
2054,913,1249,0,276
2055,911,1247,0,277
2056,908,1246,0,277
2057,907,1240,0,276
2058,904,1238,0,285
2059,901,1240,0,290
2060,900,1237,0,294
2061,902,1236,0,299
2062,902,1234,0,300
2063,900,1234,0,302
2064,900,1228,0,300
2065,900,1226,0,296
2066,899,1222,0,294
2067,898,1219,0,284
2068,896,1213,0,280
2069,893,1210,0,273
2070,893,1207,0,267
2071,894,1202,0,267
2072,894,1200,0,263
2073,895,1199,0,259
2074,897,1195,0,255
2075,902,1194,0,247
2076,899,1196,0,252
2077,892,1194,0,251
2078,893,1196,0,258
2079,893,1193,0,270
2080,894,1183,0,283
2081,894,1176,0,297
2082,892,1170,0,305
2083,884,1165,0,297
2084,880,1159,0,305
2085,876,1158,0,307
2086,871,1155,0,310
2087,868,1153,0,310
2088,868,1151,0,311
2089,867,1149,0,307
2090,864,1146,0,309
2091,862,1142,0,310
2092,858,1137,0,310
2093,855,1136,0,312
2094,853,1132,0,320
2095,848,1131,0,322
2096,848,1129,0,323
2097,845,1129,0,321
2098,842,1126,0,326
2099,838,1127,0,332
2100,835,1127,0,340
2101,830,1127,0,343
2102,825,1130,0,345
2103,826,1128,0,353
2104,823,1128,0,352
2105,820,1129,0,351
2106,817,1129,0,344
2107,819,1128,0,330
2108,819,1126,0,327
2109,817,1122,0,326
2110,815,1122,0,321
2111,811,1122,0,318
2112,803,1122,0,310
2113,798,1122,0,308
2114,796,1121,0,303
2115,802,1117,0,311
2116,801,1118,0,313
2117,800,1119,0,309
2118,802,1119,0,305
2119,808,1122,0,313
2120,810,1123,0,314
2121,810,1123,0,317
2122,808,1125,0,315
2123,808,1127,0,320
2124,804,1129,0,315
2125,803,1129,0,324
2126,801,1132,0,325
2127,800,1134,0,321
2128,800,1133,0,316
2129,798,1130,0,315
2130,793,1129,0,315
2131,787,1128,0,315
2132,779,1124,0,318
2133,775,1120,0,309
2134,774,1120,0,308
2135,767,1121,0,304
2136,763,1112,0,300
2137,756,1106,0,309
2138,750,1101,0,315
2139,745,1098,0,309
2140,741,1097,0,309
2141,739,1092,0,313
2142,735,1090,0,317
2143,732,1090,0,314
2144,731,1089,0,319
2145,729,1091,0,320
2146,727,1089,0,324
2147,727,1086,0,322
2148,726,1085,0,323
2149,728,1085,0,325
2150,727,1085,0,322
2151,727,1085,0,322
2152,726,1085,0,316
2153,725,1086,0,313
2154,724,1084,0,311
2155,724,1083,0,312
2156,719,1078,0,309
2157,717,1078,0,310
2158,710,1075,0,311
2159,707,1075,0,305
2160,708,1074,0,311
2161,706,1071,0,311
2162,703,1069,0,310
2163,702,1069,0,308
2164,707,1069,0,308
2165,709,1070,0,305
2166,708,1071,0,304
2167,707,1072,0,302
2168,708,1072,0,305
2169,708,1070,0,307
2170,706,1069,0,308
2171,704,1067,0,308
2172,707,1065,0,306
2173,706,1066,0,303
2174,706,1069,0,300
2175,706,1066,0,294
2176,705,1064,0,290
2177,705,1062,0,284
2178,706,1059,0,281
2179,706,1057,0,279
2180,704,1056,0,277
2181,704,1055,0,278
2182,704,1052,0,276
2183,702,1050,0,276
2184,701,1050,0,276
2185,707,1056,0,274
2186,709,1059,0,277
2187,708,1059,0,284
2188,708,1060,0,284
2189,708,1060,0,287
2190,709,1059,0,297
2191,709,1058,0,300
2192,708,1057,0,303
2193,706,1057,0,297
2194,706,1058,0,297
2195,706,1058,0,299
2196,706,1059,0,300
2197,706,1059,0,300
2198,707,1059,0,299
2199,707,1060,0,299
2200,707,1059,0,298
2201,707,1059,0,298
2202,707,1059,0,298
2203,707,1059,0,297
2204,707,1060,0,297
2205,707,1060,0,295
2206,707,1060,0,295
2207,707,1060,0,294
2208,707,1060,0,290
2209,707,1060,0,290
2210,707,1060,0,290
2211,708,1060,0,290
2212,708,1060,0,289
2213,708,1060,0,289
2214,708,1060,0,290
2215,708,1060,0,289
2216,708,1060,0,289
2217,708,1060,0,290
2218,708,1060,0,290
2219,708,1061,0,289
2220,708,1060,0,289
2221,708,1060,0,291
2222,708,1060,0,289
2223,708,1061,0,291
2224,708,1061,0,289
2225,707,1060,0,290
2226,708,1060,0,289
2227,708,1060,0,290
2228,708,1060,0,292
2229,708,1060,0,295
2230,708,1060,0,295
2231,708,1060,0,294
2232,708,1059,0,295
2233,710,1055,0,302
2234,714,1053,0,310
2235,714,1050,0,321
2236,716,1048,0,324
2237,722,1047,0,325
2238,724,1041,0,340
2239,727,1037,0,341
2240,729,1037,0,340
2241,729,1036,0,340
2242,726,1036,0,331
2243,725,1036,0,330
2244,723,1037,0,332
2245,723,1035,0,336
2246,728,1031,0,336
2247,728,1029,0,337
2248,728,1029,0,345
2249,727,1028,0,342
2250,728,1026,0,338
2251,727,1026,0,340
2252,727,1027,0,338
2253,728,1027,0,342
2254,728,1027,0,340
2255,728,1027,0,340
2256,726,1025,0,344
2257,722,1024,0,345
2258,720,1023,0,345
2259,721,1023,0,342
2260,721,1022,0,342
2261,721,1021,0,343
2262,721,1021,0,343
2263,722,1022,0,343
2264,724,1021,0,344
2265,726,1020,0,347
2266,725,1022,0,345
2267,726,1021,0,347
2268,726,1020,0,350
2269,725,1022,0,349
2270,723,1022,0,351
2271,725,1022,0,351
2272,724,1022,0,353
2273,724,1022,0,352
2274,724,1022,0,349
2275,724,1021,0,349
2276,722,1022,0,347
2277,724,1023,0,339
2278,721,1020,0,338
2279,716,1021,0,338
2280,714,1021,0,339
2281,709,1023,0,344
2282,705,1025,0,347
2283,704,1020,0,346
2284,704,1021,0,344
2285,705,1020,0,345
2286,706,1019,0,340
2287,707,1018,0,338
2288,705,1017,0,338
2289,706,1017,0,338
2290,706,1016,0,338
2291,706,1017,0,340
2292,707,1017,0,341
2293,706,1017,0,342
2294,703,1014,0,342
2295,699,1014,0,344
2296,699,1016,0,344
2297,708,1015,0,345
2298,706,1016,0,345
2299,705,1016,0,343
2300,704,1016,0,340
2301,706,1016,0,337
2302,707,1018,0,335
2303,707,1018,0,343
2304,707,1018,0,345
2305,707,1019,0,345
2306,707,1023,0,343
2307,709,1025,0,341
2308,709,1023,0,342
2309,708,1022,0,342
2310,707,1020,0,345
2311,708,1020,0,351
2312,705,1022,0,2
2313,707,1033,0,20
2314,703,1041,0,27
2315,697,1047,0,27
2316,692,1054,0,24
2317,690,1055,0,21
2318,688,1059,0,23
2319,686,1062,0,27
2320,685,1069,0,27
2321,681,1072,0,30
2322,679,1077,0,37
2323,677,1080,0,36
2324,671,1084,0,36
2325,669,1085,0,35
2326,665,1088,0,32
2327,660,1092,0,28
2328,654,1092,0,26
2329,648,1091,0,29
2330,647,1087,0,30
2331,655,1075,0,24
2332,658,1071,0,41
2333,658,1069,0,49
2334,658,1073,0,57
2335,657,1082,0,64
2336,659,1084,0,63
2337,658,1085,0,63
2338,656,1088,0,56
2339,655,1095,0,56
2340,650,1100,0,53
2341,647,1107,0,40
2342,645,1112,0,37
2343,645,1114,0,40
2344,645,1115,0,38
2345,645,1114,0,34
2346,644,1114,0,37
2347,644,1116,0,39
2348,645,1120,0,43
2349,647,1120,0,45
2350,647,1121,0,48
2351,645,1122,0,49
2352,648,1127,0,58
2353,649,1129,0,60
2354,650,1130,0,67
2355,647,1132,0,75
2356,649,1137,0,69
2357,646,1140,0,75
2358,644,1143,0,78
2359,645,1143,0,80
2360,644,1144,0,77
2361,644,1146,0,75
2362,645,1146,0,78
2363,644,1147,0,74
2364,644,1151,0,79
2365,644,1155,0,72
2366,641,1156,0,75
2367,639,1160,0,71
2368,638,1164,0,76
2369,636,1167,0,76
2370,636,1167,0,64
2371,636,1164,0,60
2372,639,1161,0,59
2373,640,1161,0,62
2374,640,1161,0,70
2375,641,1164,0,73
2376,642,1168,0,76
2377,644,1172,0,83
2378,646,1172,0,85
2379,646,1178,0,86
2380,649,1186,0,90
2381,648,1192,0,93
2382,647,1196,0,93
2383,648,1198,0,93
2384,647,1200,0,96
2385,647,1202,0,99
2386,647,1203,0,99
2387,645,1204,0,102
2388,644,1205,0,106
2389,642,1205,0,111
2390,640,1206,0,115
2391,642,1203,0,114
2392,643,1204,0,116
2393,647,1211,0,101
2394,646,1215,0,98
2395,645,1215,0,98
2396,647,1220,0,96
2397,648,1222,0,94
2398,646,1222,0,90
2399,647,1220,0,84
2400,646,1220,0,83
2401,644,1221,0,82
2402,644,1223,0,80
2403,645,1222,0,81
2404,644,1226,0,84
2405,645,1226,0,90
2406,645,1223,0,90
2407,646,1221,0,103
2408,647,1226,0,102
2409,645,1229,0,105
2410,645,1232,0,107
2411,648,1243,0,107
2412,655,1251,0,102
2413,652,1255,0,111
2414,656,1258,0,116
2415,660,1266,0,118
2416,667,1270,0,110
2417,669,1276,0,105
2418,675,1283,0,105
2419,677,1291,0,96
2420,679,1293,0,97
2421,683,1298,0,97
2422,685,1304,0,92
2423,686,1307,0,92
2424,684,1309,0,90
2425,683,1313,0,85
2426,683,1314,0,85
2427,685,1313,0,84
2428,685,1313,0,85
2429,686,1318,0,90
2430,687,1330,0,85
2431,688,1338,0,84
2432,687,1343,0,85
2433,685,1346,0,89
2434,683,1347,0,93
2435,683,1347,0,95
2436,682,1351,0,97
2437,680,1352,0,93
2438,677,1348,0,92
2439,675,1348,0,90
2440,673,1352,0,84
2441,671,1356,0,78
2442,670,1362,0,71
2443,668,1366,0,64
2444,666,1368,0,74
2445,666,1368,0,71
2446,666,1369,0,62
2447,665,1369,0,63
2448,665,1368,0,65
2449,665,1370,0,64
2450,664,1370,0,62
2451,664,1370,0,62
2452,664,1368,0,63
2453,666,1367,0,65
2454,668,1365,0,64
2455,670,1362,0,66
2456,668,1358,0,65
2457,666,1356,0,76
2458,663,1357,0,71
2459,661,1358,0,63
2460,659,1360,0,65
2461,656,1365,0,70
2462,656,1367,0,64
2463,652,1369,0,69
2464,652,1375,0,72
2465,648,1380,0,78
2466,646,1385,0,82
2467,643,1391,0,79
2468,643,1395,0,79
2469,642,1402,0,80
2470,644,1407,0,77
2471,644,1407,0,81
2472,643,1408,0,82
2473,642,1406,0,80
2474,642,1404,0,77
2475,641,1405,0,76
2476,642,1403,0,78
2477,639,1404,0,71
2478,636,1414,0,46
2479,639,1418,0,48
2480,638,1420,0,38
2481,642,1419,0,69
2482,640,1418,0,75
2483,636,1416,0,86
2484,633,1415,0,89
2485,634,1415,0,84
2486,636,1415,0,70
2487,633,1418,0,66
2488,632,1421,0,62
2489,630,1423,0,57
2490,626,1423,0,50
2491,624,1421,0,48
2492,623,1420,0,44
2493,618,1418,0,42
2494,614,1419,0,33
2495,610,1423,0,29
2496,606,1421,0,20
2497,600,1417,0,24
2498,601,1416,0,20
2499,599,1421,0,24
2500,596,1422,0,22
2501,591,1418,0,17
2502,586,1418,0,11
2503,580,1415,0,6
2504,574,1415,0,8
2505,569,1411,0,359
2506,560,1401,0,14
2507,557,1402,0,23
2508,558,1399,0,20
2509,556,1400,0,20
2510,554,1402,0,7
2511,551,1406,0,12
2512,548,1407,0,8
2513,546,1406,0,6
2514,545,1406,0,3
2515,547,1407,0,3
2516,544,1406,0,8
2517,541,1408,0,9
2518,544,1406,0,6
2519,547,1407,0,3
2520,547,1405,0,354
2521,549,1406,0,345
2522,549,1407,0,346
2523,547,1406,0,338
2524,547,1407,0,340
2525,549,1406,0,347
2526,549,1406,0,349
2527,548,1406,0,351
2528,548,1405,0,351
2529,548,1406,0,350
2530,547,1405,0,348
2531,546,1404,0,352
2532,547,1402,0,1
2533,546,1400,0,4
2534,545,1396,0,9
2535,544,1395,0,10
2536,544,1396,0,11
2537,544,1397,0,14
2538,545,1397,0,15
2539,545,1397,0,16
2540,545,1398,0,17
2541,545,1398,0,15
2542,545,1398,0,18
2543,543,1398,0,16
2544,541,1397,0,13
2545,541,1398,0,11
2546,539,1398,0,8
2547,537,1400,0,6
2548,534,1402,0,9
2549,533,1402,0,11
2550,531,1401,0,10
2551,530,1401,0,9
2552,529,1401,0,8
2553,529,1401,0,8
2554,527,1401,0,7
2555,523,1403,0,8
2556,517,1404,0,8
2557,514,1403,0,3
2558,511,1403,0,2
2559,508,1402,0,358
2560,504,1400,0,354
2561,503,1400,0,353
2562,502,1400,0,352
2563,500,1400,0,352
2564,502,1402,0,357
2565,502,1404,0,357
2566,504,1405,0,352
2567,504,1405,0,348
2568,504,1406,0,345
2569,504,1407,0,340
2570,503,1408,0,341
2571,502,1408,0,338
2572,501,1409,0,334
2573,502,1411,0,334
2574,503,1412,0,333
2575,502,1412,0,332
2576,502,1413,0,331
2577,501,1414,0,335
2578,503,1417,0,341
2579,500,1419,0,349
2580,500,1417,0,347
2581,497,1416,0,349
2582,497,1415,0,347
2583,497,1415,0,351
2584,493,1415,0,352
2585,494,1419,0,352
2586,489,1421,0,355
2587,486,1422,0,0
2588,482,1421,0,5
2589,479,1428,0,13
2590,473,1430,0,10
2591,467,1435,0,21
2592,464,1436,0,18
2593,462,1436,0,24
2594,456,1439,0,28
2595,454,1441,0,23
2596,451,1444,0,22
2597,453,1446,0,20
2598,448,1448,0,23
2599,445,1449,0,18
2600,440,1451,0,16
2601,437,1451,0,19
2602,436,1456,0,18
2603,437,1456,0,14
2604,436,1458,0,18
2605,436,1467,0,20
2606,432,1470,0,28
2607,427,1472,0,32
2608,426,1474,0,34
2609,425,1479,0,40
2610,424,1481,0,42
2611,421,1483,0,43
2612,420,1486,0,40
2613,418,1488,0,40
2614,416,1490,0,41
2615,416,1493,0,39
2616,418,1494,0,39
2617,416,1495,0,39
2618,417,1493,0,29
2619,416,1494,0,25
2620,413,1495,0,24
2621,411,1495,0,18
2622,408,1496,0,15
2623,409,1497,0,18
2624,410,1497,0,22
2625,412,1500,0,27
2626,411,1502,0,21
2627,414,1501,0,22
2628,416,1503,0,29
2629,417,1504,0,34
2630,417,1503,0,35
2631,418,1504,0,39
2632,418,1504,0,43
2633,419,1505,0,44
2634,417,1501,0,46
2635,418,1499,0,45
2636,422,1497,0,40
2637,426,1493,0,36
2638,425,1491,0,33
2639,425,1489,0,28
2640,424,1490,0,28
2641,425,1489,0,28
2642,424,1489,0,30
2643,423,1490,0,30
2644,424,1489,0,31
2645,425,1490,0,35
2646,425,1491,0,36
2647,426,1492,0,40
2648,426,1492,0,44
2650,427,1491,0,29
2651,425,1490,0,29
2652,423,1490,0,30
2653,422,1490,0,30
2654,422,1498,0,24
2655,420,1495,0,18
2656,418,1497,0,16
2657,415,1499,0,17
2658,415,1498,0,19
2659,418,1501,0,22
2660,416,1503,0,24
2661,415,1502,0,17
2662,415,1498,0,14
2663,412,1498,0,14
2664,411,1500,0,14
2665,414,1501,0,8
2666,416,1498,0,1
2667,415,1495,0,352
2668,417,1492,0,354
2669,418,1491,0,341
2670,414,1489,0,337
2671,413,1483,0,333
2672,410,1482,0,332
2673,406,1481,0,324
2674,404,1474,0,328
2675,404,1471,0,330
2676,399,1472,0,321
2677,402,1468,0,311
2678,401,1465,0,310
2679,399,1464,0,306
2680,401,1459,0,310
2681,405,1459,0,309
2682,404,1459,0,309
2683,408,1460,0,311
2684,411,1459,0,310
2685,416,1459,0,303
2686,414,1459,0,300
2687,414,1457,0,306
2688,415,1458,0,315
2689,413,1458,0,321
2690,410,1459,0,328
2691,408,1461,0,330
2692,403,1460,0,336
2693,400,1466,0,345
2694,403,1469,0,348
2695,398,1475,0,350
2696,395,1475,0,344
2697,398,1477,0,348
2698,404,1477,0,350
2699,406,1478,0,350
2700,404,1477,0,346
2701,400,1475,0,339
2702,396,1475,0,337
2703,397,1471,0,326
2704,396,1472,0,338
2705,393,1474,0,342
2706,389,1476,0,345
2707,385,1473,0,341
2708,381,1469,0,346
2709,378,1468,0,344
2710,370,1465,0,337
2711,364,1463,0,336
2712,360,1460,0,331
2713,360,1463,0,332
2714,357,1464,0,336
2715,356,1465,0,336
2716,356,1464,0,341
2717,357,1462,0,335
2718,359,1461,0,332
2719,363,1460,0,325
2720,365,1454,0,314
2721,371,1449,0,306
2722,373,1450,0,307
2723,375,1446,0,299
2724,376,1441,0,297
2725,377,1434,0,298
2726,376,1428,0,298
2727,376,1419,0,300
2728,374,1413,0,296
2729,371,1410,0,300
2730,367,1409,0,296
2731,363,1407,0,292
2732,364,1407,0,292
2733,364,1407,0,289
2734,364,1408,0,283
2735,365,1408,0,279
2736,367,1407,0,284
2737,371,1407,0,288
2738,375,1407,0,296
2739,376,1406,0,298
2740,372,1403,0,297
2741,366,1399,0,296
2742,365,1399,0,289
2743,368,1402,0,290
2744,366,1404,0,299
2745,364,1403,0,308
2746,360,1398,0,318
2747,359,1395,0,330
2748,353,1395,0,337
2749,349,1390,0,335
2750,345,1387,0,332
2751,340,1385,0,331
2752,338,1382,0,332
2753,334,1381,0,335
2754,332,1378,0,331
2755,331,1377,0,329
2756,327,1376,0,324
2757,326,1372,0,316
2758,325,1370,0,307
2759,324,1367,0,301
2760,329,1363,0,299
2761,330,1361,0,298
2762,330,1361,0,295
2763,330,1360,0,283
2764,329,1363,0,278
2765,327,1365,0,274
2766,326,1364,0,270
2767,327,1361,0,270
2768,329,1362,0,265
2769,330,1364,0,259
2770,339,1366,0,258
2771,341,1366,0,261
2772,344,1360,0,253
2773,346,1360,0,238
2774,351,1360,0,234
2775,354,1359,0,242
2776,354,1361,0,235
2777,354,1361,0,227
2778,356,1358,0,220
2779,360,1352,0,213
2780,363,1352,0,221
2781,368,1357,0,231
2782,367,1355,0,233
2783,364,1355,0,230
2784,367,1353,0,235
2785,369,1353,0,236
2786,370,1354,0,243
2787,370,1353,0,245
2788,372,1353,0,245
2789,372,1354,0,250
2790,372,1355,0,256
2791,372,1356,0,257
2792,374,1356,0,254
2793,376,1356,0,252
2794,377,1356,0,249
2795,377,1356,0,249
2796,376,1354,0,246
2797,376,1354,0,240
2798,377,1355,0,248
2799,376,1352,0,245
2800,377,1354,0,247
2801,381,1355,0,249
2802,383,1355,0,255
2803,389,1351,0,250
2804,389,1349,0,243
2805,390,1348,0,231
2806,394,1346,0,218
2807,398,1344,0,210
2808,403,1343,0,202
2809,406,1343,0,200
2810,407,1346,0,197
2811,408,1347,0,196
2812,407,1349,0,195
2813,406,1352,0,191
2814,406,1353,0,191
2815,408,1354,0,187
2816,410,1359,0,184
2817,417,1359,0,180
2818,428,1367,0,195
2819,429,1364,0,191
2820,430,1360,0,181
2821,430,1366,0,183
2822,433,1369,0,176
2823,439,1369,0,170
2824,443,1373,0,162
2825,444,1375,0,149
2826,446,1379,0,147
2827,450,1381,0,153
2828,449,1381,0,156
2829,451,1382,0,153
2830,453,1385,0,143
2831,455,1388,0,140
2832,457,1391,0,135
2833,456,1397,0,139
2834,457,1400,0,143
2835,461,1406,0,144
2836,472,1409,0,154
2837,484,1411,0,165
2838,489,1419,0,162
2839,499,1422,0,164
2840,505,1425,0,177
2841,516,1417,0,190
2842,526,1416,0,183
2843,530,1415,0,185
2844,542,1414,0,199
2845,552,1410,0,204
2846,554,1406,0,197
2847,560,1404,0,203
2848,565,1400,0,205
2849,572,1396,0,213
2850,580,1387,0,219
2851,583,1385,0,228
2852,594,1381,0,247
2853,592,1379,0,253
2854,592,1377,0,257
2855,591,1377,0,258
2856,591,1378,0,251
2857,590,1380,0,239
2858,590,1380,0,236
2859,592,1377,0,248
2860,592,1376,0,245
2861,593,1378,0,240
2862,593,1379,0,238
2863,593,1378,0,246
2864,593,1377,0,240
2865,594,1377,0,238
2866,594,1377,0,238
2867,592,1376,0,231
2868,590,1377,0,229
2869,590,1378,0,230
2870,588,1378,0,231
2871,587,1377,0,238
2872,586,1378,0,233
2873,587,1386,0,233
2874,591,1391,0,233
2875,595,1392,0,243
2876,595,1393,0,243
2877,596,1394,0,246
2878,599,1391,0,251
2879,601,1381,0,269
2880,601,1379,0,277
2881,597,1373,0,283
2882,597,1370,0,290
2883,594,1366,0,300
2884,594,1361,0,308
2885,591,1361,0,308
2886,592,1362,0,298
2887,591,1365,0,290
2888,590,1370,0,286
2889,590,1373,0,290
2890,588,1375,0,289
2891,587,1377,0,293
2892,586,1378,0,294
2893,585,1378,0,294
2894,585,1379,0,296
2895,583,1380,0,302
2896,581,1382,0,286
2897,580,1380,0,282
2898,581,1377,0,279
2899,581,1378,0,282
2900,579,1379,0,271
2901,578,1381,0,272
2902,576,1381,0,268
2903,576,1379,0,263
2904,575,1380,0,261
2905,574,1381,0,265
2906,574,1381,0,265
2907,575,1381,0,268
2908,573,1381,0,270
2909,572,1380,0,270
2910,571,1384,0,278
2911,567,1382,0,288
2912,563,1379,0,298
2913,563,1381,0,302
2914,558,1376,0,309
2915,553,1376,0,316
2916,550,1376,0,320
2917,549,1377,0,325
2918,545,1378,0,329
2919,544,1378,0,329
2920,544,1368,0,339
2921,543,1375,0,327
2922,541,1374,0,331
2923,542,1375,0,332
2924,536,1374,0,332
2925,534,1376,0,333
2926,530,1376,0,336
2927,529,1378,0,341
2928,522,1381,0,344
2929,518,1383,0,343
2930,513,1380,0,347
2931,510,1381,0,350
2932,508,1383,0,348
2933,506,1383,0,348
2934,503,1383,0,350
2935,501,1384,0,350
2936,499,1385,0,345
2937,497,1383,0,344
2938,491,1384,0,327
2939,487,1382,0,336
2940,484,1382,0,339
2941,478,1381,0,323
2942,475,1372,0,314
2943,466,1367,0,312
2944,459,1359,0,308
2945,453,1350,0,312
2946,452,1353,0,312
2947,451,1354,0,315
2948,446,1358,0,319
2949,443,1354,0,310
2950,440,1347,0,303
2951,436,1347,0,298
2952,429,1342,0,290
2953,425,1339,0,285
2954,423,1334,0,283
2955,420,1327,0,278
2956,418,1322,0,272
2957,418,1312,0,272
2958,418,1306,0,268
2959,417,1304,0,274
2960,414,1302,0,273
2961,415,1300,0,277
2962,414,1297,0,276
2963,414,1291,0,282
2964,413,1291,0,282
2965,414,1290,0,279
2966,414,1290,0,279
2967,415,1291,0,279
2968,416,1292,0,277
2969,416,1293,0,278
2970,416,1295,0,282
2971,415,1294,0,277
2972,417,1288,0,266
2973,417,1281,0,258
2974,419,1279,0,259
2975,422,1277,0,251
2976,420,1277,0,251
2977,425,1275,0,248
2978,423,1273,0,249
2979,423,1272,0,248
2980,427,1268,0,248
2981,430,1264,0,251
2982,432,1260,0,254
2983,433,1255,0,256
2984,434,1251,0,250
2985,437,1249,0,257
2986,436,1246,0,256
2987,435,1244,0,257
2988,435,1242,0,254
2989,436,1243,0,260
2990,437,1246,0,256
2991,439,1246,0,254
2992,439,1247,0,257
2993,442,1241,0,261
2994,442,1237,0,259
2995,443,1227,0,262
2996,445,1220,0,263
2997,447,1216,0,256
2998,452,1214,0,242
2999,455,1209,0,237
