0,1631,698,0,88
1,1632,699,0,86
2,1633,697,0,86
3,1633,698,0,84
4,1636,694,0,89
5,1637,699,0,90
6,1636,700,0,84
7,1635,702,0,82
8,1634,704,0,84
9,1633,706,0,85
10,1633,705,0,84
11,1633,705,0,83
12,1633,705,0,84
13,1633,703,0,85
14,1633,698,0,86
15,1635,694,0,85
16,1637,692,0,82
17,1637,690,0,83
18,1638,689,0,79
19,1637,689,0,80
20,1637,688,0,80
21,1637,688,0,81
22,1637,687,0,82
23,1636,686,0,81
24,1637,685,0,74
25,1637,683,0,72
26,1637,682,0,67
27,1637,682,0,66
28,1637,682,0,66
29,1637,681,0,66
30,1637,681,0,65
31,1637,682,0,66
32,1637,682,0,67
33,1637,682,0,66
34,1637,682,0,65
35,1637,682,0,66
36,1637,682,0,67
37,1637,682,0,67
38,1637,682,0,64
39,1636,682,0,65
40,1636,682,0,66
41,1637,682,0,69
42,1637,681,0,71
43,1637,681,0,69
44,1637,680,0,73
45,1637,680,0,71
46,1637,680,0,73
47,1637,681,0,69
48,1636,685,0,75
49,1636,687,0,75
50,1636,688,0,70
51,1636,688,0,71
52,1635,688,0,67
53,1636,687,0,64
54,1636,687,0,66
55,1636,686,0,66
56,1637,687,0,67
57,1637,688,0,68
58,1635,690,0,71
59,1637,689,0,72
60,1637,689,0,73
61,1637,689,0,77
62,1637,689,0,75
63,1635,691,0,79
64,1635,696,0,85
65,1636,696,0,84
66,1637,696,0,82
67,1637,695,0,83
68,1636,694,0,82
69,1637,693,0,82
70,1638,693,0,76
71,1638,695,0,81
72,1639,697,0,81
73,1638,697,0,80
74,1638,697,0,80
75,1643,700,0,71
76,1645,700,0,64
77,1646,702,0,62
78,1647,703,0,60
79,1648,705,0,59
80,1651,709,0,55
81,1649,717,0,32
82,1647,716,0,33
83,1646,717,0,29
84,1644,718,0,23
85,1642,717,0,27
86,1640,718,0,25
87,1640,722,0,20
88,1640,719,0,27
89,1639,719,0,28
90,1638,720,0,26
91,1637,720,0,27
92,1638,719,0,22
93,1637,718,0,18
94,1632,718,0,16
95,1636,717,0,17
96,1639,719,0,14
97,1638,717,0,14
98,1637,717,0,12
99,1637,717,0,11
100,1636,717,0,14
101,1637,717,0,19
102,1638,718,0,20
103,1638,718,0,23
104,1638,717,0,20
105,1637,717,0,21
106,1638,718,0,19
107,1637,718,0,18
108,1636,718,0,19
109,1636,718,0,19
110,1636,718,0,19
111,1635,717,0,21
112,1634,719,0,21
113,1632,721,0,26
114,1630,720,0,25
115,1627,719,0,26
116,1626,721,0,23
117,1624,724,0,19
118,1623,723,0,22
119,1621,722,0,25
120,1624,722,0,19
121,1622,721,0,25
122,1618,725,0,16
123,1617,726,0,17
124,1617,725,0,18
125,1617,725,0,18
126,1616,726,0,19
127,1616,727,0,17
128,1616,727,0,16
129,1616,728,0,15
130,1618,729,0,16
131,1621,730,0,16
132,1620,726,0,24
133,1623,724,0,21
134,1627,724,0,22
135,1628,725,0,26
136,1634,726,0,26
137,1629,724,0,34
138,1627,725,0,28
139,1630,723,0,34
140,1626,723,0,41
141,1624,723,0,42
142,1622,723,0,41
143,1619,719,0,41
144,1615,721,0,38
145,1615,721,0,35
146,1615,725,0,40
147,1615,729,0,38
148,1616,730,0,42
149,1616,730,0,42
150,1615,732,0,43
151,1615,734,0,42
152,1615,734,0,44
153,1615,736,0,46
154,1611,735,0,42
155,1611,735,0,45
156,1613,737,0,46
157,1618,739,0,48
158,1614,742,0,53
159,1614,743,0,48
160,1617,744,0,50
161,1617,743,0,55
162,1617,743,0,60
163,1620,742,0,65
164,1622,744,0,68
165,1627,747,0,73
166,1625,748,0,83
167,1622,746,0,89
168,1623,747,0,90
169,1628,745,0,104
170,1628,747,0,109
171,1629,750,0,108
172,1629,754,0,109
173,1631,758,0,111
174,1630,760,0,107
175,1628,760,0,110
176,1630,759,0,109
177,1632,762,0,108
178,1632,762,0,120
179,1630,757,0,123
180,1631,755,0,129
181,1631,753,0,133
182,1631,751,0,135
183,1631,751,0,134
184,1630,752,0,126
185,1631,755,0,121
186,1631,757,0,116
187,1630,756,0,103
188,1629,759,0,99
189,1629,761,0,98
190,1631,763,0,91
191,1631,768,0,95
192,1630,772,0,97
193,1628,774,0,90
194,1627,773,0,86
195,1626,775,0,85
196,1626,776,0,88
197,1625,778,0,87
198,1625,780,0,88
199,1626,783,0,84
200,1629,787,0,79
201,1628,793,0,79
202,1622,796,0,77
203,1620,799,0,66
204,1619,801,0,70
205,1617,803,0,74
206,1618,804,0,75
207,1617,807,0,74
208,1615,812,0,69
209,1613,814,0,62
210,1611,816,0,70
211,1610,817,0,71
212,1611,816,0,69
213,1608,816,0,75
214,1606,818,0,72
215,1604,821,0,71
216,1601,825,0,75
217,1596,830,0,82
218,1599,833,0,85
219,1600,834,0,99
220,1598,836,0,113
221,1600,836,0,117
222,1600,833,0,122
223,1600,831,0,128
224,1601,830,0,134
225,1602,827,0,135
226,1604,823,0,140
227,1603,817,0,138
228,1603,817,0,133
229,1603,820,0,126
230,1605,821,0,131
231,1608,823,0,131
232,1608,822,0,136
233,1607,821,0,141
234,1607,820,0,142
235,1607,820,0,150
236,1608,822,0,147
237,1609,821,0,146
238,1610,820,0,154
239,1610,819,0,150
240,1609,817,0,146
241,1610,818,0,147
242,1609,818,0,143
243,1609,818,0,142
244,1610,819,0,151
245,1610,820,0,152
246,1612,819,0,154
247,1616,819,0,161
248,1612,820,0,166
249,1609,821,0,166
250,1609,816,0,160
251,1607,813,0,148
252,1608,815,0,164
253,1608,816,0,170
254,1606,814,0,179
255,1608,808,0,184
256,1609,807,0,187
257,1607,807,0,180
258,1604,810,0,163
259,1601,810,0,159
260,1601,808,0,147
261,1601,809,0,153
262,1601,810,0,162
263,1601,812,0,168
264,1601,814,0,170
265,1599,816,0,165
266,1595,815,0,161
267,1592,817,0,144
268,1590,816,0,135
269,1599,812,0,119
270,1605,807,0,107
271,1601,809,0,106
272,1600,815,0,102
273,1600,818,0,96
274,1596,823,0,93
275,1594,831,0,78
276,1596,843,0,78
277,1600,848,0,64
278,1596,853,0,70
279,1593,858,0,76
280,1591,862,0,78
281,1589,866,0,74
282,1590,872,0,74
283,1589,875,0,71
284,1587,875,0,69
285,1586,879,0,64
286,1589,885,0,62
287,1597,889,0,64
288,1591,892,0,61
289,1588,900,0,55
290,1586,902,0,55
291,1586,901,0,56
292,1590,903,0,54
293,1588,904,0,59
294,1587,908,0,62
295,1585,911,0,60
296,1584,912,0,53
297,1583,916,0,49
298,1581,920,0,46
299,1579,923,0,45
300,1578,925,0,47
301,1578,931,0,51
302,1580,932,0,55
303,1578,932,0,55
304,1577,932,0,58
305,1576,934,0,56
306,1576,938,0,59
307,1575,939,0,59
308,1576,935,0,47
309,1581,930,0,51
310,1581,926,0,47
311,1579,924,0,45
312,1579,923,0,39
313,1579,924,0,39
314,1580,926,0,47
315,1580,927,0,53
316,1580,931,0,61
317,1579,933,0,58
318,1577,937,0,58
319,1577,939,0,60
320,1579,940,0,60
321,1578,941,0,61
322,1578,944,0,63
323,1576,948,0,62
324,1577,949,0,60
325,1576,953,0,69
326,1577,955,0,72
327,1579,958,0,84
328,1579,961,0,89
329,1580,964,0,95
330,1580,965,0,91
331,1580,965,0,76
332,1579,965,0,66
333,1577,966,0,64
334,1576,968,0,67
335,1574,968,0,67
336,1572,970,0,67
337,1573,967,0,66
338,1575,962,0,69
339,1575,959,0,70
340,1574,959,0,72
341,1569,959,0,77
342,1567,957,0,70
343,1571,945,0,69
344,1576,941,0,74
345,1577,940,0,78
346,1575,943,0,79
347,1571,946,0,79
348,1572,948,0,76
349,1572,956,0,75
350,1570,961,0,78
351,1569,963,0,83
352,1569,964,0,85
353,1570,964,0,88
354,1569,965,0,85
355,1569,967,0,84
356,1571,970,0,81
357,1570,976,0,75
358,1573,984,0,59
359,1570,985,0,58
360,1571,988,0,57
361,1574,994,0,60
362,1571,994,0,58
363,1568,995,0,58
364,1567,995,0,61
365,1570,993,0,57
366,1570,991,0,51
367,1567,992,0,49
368,1565,994,0,48
369,1562,997,0,45
370,1559,1001,0,41
371,1555,1006,0,40
372,1553,1006,0,40
373,1552,1007,0,37
374,1550,1008,0,39
375,1547,1008,0,35
376,1542,1009,0,29
377,1538,1011,0,22
378,1537,1013,0,24
379,1534,1012,0,21
380,1533,1009,0,20
381,1532,1010,0,22
382,1530,1012,0,22
383,1528,1015,0,28
384,1529,1016,0,31
385,1528,1019,0,39
386,1527,1021,0,49
387,1525,1023,0,52
388,1521,1023,0,57
389,1518,1024,0,57
390,1518,1024,0,60
391,1518,1025,0,63
392,1518,1025,0,62
393,1518,1025,0,65
394,1518,1026,0,64
395,1519,1027,0,60
396,1518,1026,0,57
397,1518,1025,0,58
398,1520,1020,0,54
399,1519,1019,0,39
400,1515,1020,0,35
401,1513,1025,0,35
402,1510,1025,0,31
403,1506,1026,0,26
404,1499,1027,0,22
405,1496,1027,0,18
406,1493,1027,0,19
407,1488,1029,0,23
408,1487,1031,0,28
409,1483,1033,0,32
410,1482,1034,0,32
411,1478,1037,0,26
412,1476,1038,0,25
413,1474,1039,0,23
414,1473,1039,0,25
415,1473,1039,0,26
416,1474,1035,0,29
417,1474,1031,0,36
418,1472,1029,0,38
419,1471,1029,0,37
420,1472,1031,0,26
421,1476,1031,0,12
422,1487,1031,0,14
423,1487,1030,0,18
424,1494,1028,0,11
425,1497,1029,0,9
426,1501,1029,0,10
427,1500,1030,0,11
428,1501,1029,0,13
429,1502,1030,0,15
430,1501,1031,0,11
431,1501,1029,0,4
432,1502,1029,0,3
433,1502,1030,0,7
434,1502,1027,0,6
435,1502,1025,0,1
436,1502,1026,0,357
437,1502,1028,0,3
438,1503,1030,0,6
439,1503,1031,0,8
440,1503,1031,0,3
441,1502,1033,0,357
442,1498,1037,0,344
443,1497,1038,0,339
444,1500,1039,0,347
445,1499,1041,0,344
446,1499,1042,0,347
447,1499,1042,0,347
448,1498,1042,0,352
449,1499,1043,0,353
450,1499,1044,0,354
451,1499,1046,0,353
452,1499,1045,0,351
453,1503,1045,0,354
454,1505,1045,0,1
455,1503,1044,0,357
456,1504,1044,0,356
457,1503,1044,0,353
458,1505,1044,0,353
459,1506,1043,0,353
460,1507,1044,0,355
461,1510,1044,0,0
462,1511,1044,0,2
463,1512,1044,0,5
464,1511,1044,0,7
465,1508,1044,0,5
466,1510,1044,0,359
467,1510,1044,0,357
468,1508,1043,0,350
469,1507,1045,0,355
470,1507,1045,0,347
471,1507,1045,0,352
472,1507,1045,0,357
473,1506,1045,0,3
474,1506,1045,0,9
475,1506,1044,0,10
476,1503,1045,0,12
477,1500,1045,0,16
478,1499,1046,0,17
479,1501,1050,0,17
480,1503,1052,0,15
481,1504,1051,0,14
482,1504,1048,0,17
483,1505,1048,0,14
484,1504,1048,0,21
485,1500,1049,0,26
486,1498,1051,0,18
487,1495,1050,0,10
488,1491,1049,0,6
489,1487,1046,0,14
490,1487,1045,0,16
491,1489,1042,0,22
492,1490,1042,0,25
493,1490,1044,0,25
494,1490,1044,0,23
495,1488,1044,0,23
496,1483,1045,0,24
497,1482,1048,0,27
498,1480,1051,0,32
499,1472,1056,0,42
500,1467,1062,0,42
501,1463,1066,0,43
502,1464,1072,0,48
503,1460,1078,0,43
504,1456,1083,0,49
505,1454,1089,0,52
506,1448,1093,0,54
507,1445,1095,0,60
508,1445,1098,0,57
509,1443,1102,0,55
510,1441,1105,0,51
511,1440,1107,0,54
512,1443,1104,0,58
513,1445,1102,0,56
514,1440,1104,0,49
515,1437,1105,0,34
516,1432,1106,0,25
517,1428,1108,0,19
518,1424,1108,0,25
519,1429,1109,0,33
520,1432,1110,0,34
521,1432,1113,0,41
522,1431,1114,0,40
523,1430,1115,0,40
524,1429,1116,0,39
525,1429,1117,0,36
526,1427,1118,0,39
527,1425,1115,0,46
528,1426,1117,0,45
529,1425,1118,0,51
530,1427,1121,0,52
531,1424,1123,0,49
532,1424,1123,0,46
533,1422,1120,0,40
534,1422,1120,0,32
535,1423,1122,0,31
536,1418,1125,0,39
537,1415,1132,0,34
538,1414,1135,0,32
539,1416,1135,0,30
540,1417,1134,0,26
541,1414,1132,0,28
542,1411,1132,0,29
543,1414,1132,0,31
544,1415,1131,0,34
545,1415,1130,0,30
546,1417,1134,0,35
547,1416,1135,0,36
548,1420,1136,0,42
549,1412,1143,0,27
550,1405,1144,0,22
551,1405,1145,0,23
552,1402,1146,0,23
553,1402,1147,0,22
554,1403,1147,0,20
555,1404,1148,0,19
556,1403,1148,0,12
557,1401,1153,0,6
558,1397,1149,0,8
559,1398,1145,0,12
560,1395,1142,0,13
561,1395,1138,0,22
562,1398,1136,0,17
563,1395,1135,0,13
564,1394,1135,0,13
565,1392,1139,0,14
566,1386,1144,0,11
567,1384,1143,0,9
568,1385,1145,0,15
569,1390,1149,0,17
570,1397,1153,0,3
571,1397,1151,0,12
572,1396,1151,0,24
573,1398,1152,0,34
574,1397,1154,0,44
575,1399,1153,0,54
576,1402,1152,0,66
577,1405,1158,0,86
578,1408,1164,0,86
579,1408,1169,0,86
580,1408,1172,0,93
581,1407,1182,0,94
582,1411,1188,0,86
583,1409,1197,0,89
584,1408,1196,0,84
585,1405,1199,0,83
586,1408,1208,0,73
587,1404,1212,0,74
588,1404,1213,0,79
589,1405,1221,0,75
590,1402,1229,0,73
591,1399,1227,0,76
592,1402,1224,0,79
593,1421,1220,0,66
594,1421,1219,0,73
595,1429,1218,0,79
596,1437,1217,0,83
597,1463,1232,0,49
598,1468,1224,0,36
599,1472,1219,0,28
600,1487,1218,0,26
601,1500,1217,0,22
602,1513,1216,0,27
603,1526,1226,0,14
604,1537,1231,0,355
605,1540,1237,0,2
606,1544,1239,0,9
607,1543,1245,0,2
608,1540,1247,0,349
609,1540,1247,0,341
610,1537,1245,0,337
611,1534,1243,0,336
612,1533,1239,0,335
613,1531,1239,0,337
614,1533,1234,0,333
615,1533,1231,0,329
616,1532,1229,0,341
617,1533,1233,0,357
618,1533,1233,0,359
619,1538,1238,0,5
620,1534,1242,0,21
621,1534,1244,0,35
622,1533,1251,0,41
623,1531,1253,0,44
624,1526,1257,0,48
625,1519,1259,0,54
626,1514,1263,0,60
627,1516,1263,0,75
628,1528,1261,0,69
629,1538,1259,0,73
630,1547,1259,0,60
631,1547,1256,0,60
632,1546,1260,0,54
633,1541,1263,0,56
634,1537,1267,0,60
635,1536,1267,0,65
636,1542,1266,0,58
637,1548,1267,0,60
638,1552,1265,0,55
639,1551,1263,0,64
640,1554,1260,0,67
641,1556,1258,0,67
642,1558,1256,0,68
643,1558,1256,0,67
644,1558,1255,0,67
645,1557,1256,0,72
646,1557,1258,0,86
647,1556,1264,0,94
648,1554,1266,0,88
649,1550,1266,0,83
650,1544,1269,0,92
651,1540,1275,0,94
652,1538,1273,0,101
653,1541,1272,0,103
654,1539,1272,0,105
655,1535,1273,0,98
656,1533,1272,0,91
657,1528,1279,0,78
658,1522,1284,0,76
659,1517,1291,0,74
660,1507,1291,0,62
661,1501,1295,0,56
662,1500,1303,0,62
663,1500,1305,0,51
664,1491,1310,0,59
665,1488,1315,0,68
666,1485,1311,0,64
667,1485,1312,0,37
668,1482,1311,0,32
669,1480,1311,0,32
670,1474,1315,0,39
671,1462,1319,0,42
672,1451,1328,0,51
673,1435,1332,0,73
674,1433,1342,0,75
675,1434,1349,0,82
676,1435,1354,0,83
677,1433,1357,0,85
678,1429,1358,0,85
679,1425,1362,0,85
680,1422,1371,0,91
681,1422,1378,0,73
682,1414,1381,0,60
683,1412,1390,0,52
684,1403,1391,0,49
685,1396,1398,0,40
686,1401,1398,0,52
687,1405,1399,0,44
688,1405,1397,0,39
689,1405,1396,0,37
690,1404,1395,0,39
691,1400,1397,0,46
692,1397,1399,0,41
693,1396,1399,0,47
694,1395,1403,0,51
695,1392,1404,0,50
696,1388,1410,0,42
697,1384,1414,0,42
698,1384,1422,0,38
699,1386,1429,0,42
700,1387,1438,0,51
701,1383,1437,0,49
702,1384,1436,0,44
703,1386,1435,0,43
704,1383,1439,0,37
705,1381,1442,0,35
706,1380,1446,0,35
707,1378,1448,0,36
708,1377,1452,0,34
709,1378,1449,0,28
710,1380,1453,0,12
711,1376,1454,0,14
712,1372,1453,0,19
713,1372,1451,0,8
714,1371,1449,0,356
715,1370,1447,0,348
716,1367,1447,0,343
717,1366,1445,0,344
718,1364,1445,0,343
719,1361,1444,0,340
720,1356,1442,0,338
721,1353,1436,0,334
722,1349,1431,0,332
723,1344,1430,0,326
724,1341,1428,0,329
725,1346,1429,0,336
726,1344,1423,0,337
727,1343,1424,0,338
728,1342,1420,0,327
729,1341,1417,0,328
730,1336,1415,0,321
731,1330,1410,0,316
732,1323,1405,0,325
733,1319,1401,0,325
734,1312,1401,0,325
735,1309,1403,0,325
736,1307,1407,0,341
737,1301,1409,0,352
738,1297,1407,0,353
739,1284,1406,0,6
740,1282,1410,0,12
741,1280,1414,0,14
742,1278,1414,0,8
743,1275,1416,0,358
744,1270,1416,0,354
745,1263,1419,0,352
746,1256,1420,0,345
747,1251,1418,0,342
748,1249,1421,0,347
749,1243,1421,0,330
750,1242,1421,0,329
751,1241,1420,0,329
752,1239,1420,0,323
753,1237,1424,0,333
754,1235,1425,0,335
755,1235,1422,0,338
756,1232,1423,0,343
757,1228,1422,0,340
758,1231,1423,0,344
759,1230,1418,0,350
760,1230,1419,0,353
761,1231,1417,0,354
762,1231,1415,0,2
763,1231,1419,0,7
764,1231,1417,0,9
765,1228,1422,0,17
766,1225,1426,0,20
767,1219,1430,0,15
768,1214,1434,0,16
769,1210,1436,0,13
770,1209,1435,0,9
771,1207,1435,0,12
772,1205,1435,0,13
773,1205,1435,0,15
774,1203,1433,0,15
775,1204,1433,0,14
776,1204,1434,0,15
777,1206,1434,0,12
778,1205,1434,0,14
779,1207,1434,0,17
780,1206,1434,0,19
781,1203,1433,0,23
782,1202,1433,0,22
783,1202,1432,0,17
784,1201,1429,0,29
785,1199,1432,0,24
786,1198,1438,0,27
787,1194,1439,0,36
788,1193,1440,0,38
789,1193,1441,0,34
790,1193,1442,0,32
791,1194,1448,0,22
792,1196,1450,0,15
793,1197,1450,0,14
794,1196,1449,0,13
795,1195,1449,0,13
796,1197,1450,0,10
797,1197,1450,0,8
798,1196,1450,0,13
799,1196,1451,0,13
800,1196,1449,0,9
801,1195,1448,0,15
802,1196,1454,0,13
803,1198,1451,0,6
804,1196,1446,0,3
805,1199,1444,0,0
806,1200,1443,0,350
807,1198,1439,0,340
808,1198,1435,0,335
809,1201,1435,0,331
810,1202,1433,0,325
811,1199,1431,0,316
812,1196,1434,0,312
813,1194,1435,0,316
814,1195,1435,0,321
815,1194,1433,0,320
816,1195,1432,0,323
817,1195,1432,0,322
818,1193,1431,0,323
819,1195,1432,0,323
820,1193,1433,0,323
821,1194,1432,0,328
822,1192,1434,0,328
823,1193,1435,0,333
824,1193,1434,0,336
825,1193,1434,0,342
826,1193,1437,0,341
827,1193,1437,0,344
828,1194,1437,0,345
829,1193,1439,0,338
830,1195,1437,0,339
831,1199,1439,0,335
832,1204,1440,0,346
833,1205,1442,0,348
834,1204,1441,0,346
835,1202,1439,0,341
836,1201,1438,0,338
837,1204,1438,0,345
838,1203,1437,0,335
839,1202,1436,0,333
840,1201,1435,0,333
841,1200,1433,0,336
842,1200,1433,0,337
843,1201,1432,0,335
844,1203,1433,0,334
845,1204,1434,0,333
846,1206,1434,0,334
847,1205,1436,0,334
848,1205,1435,0,341
849,1204,1436,0,347
850,1204,1436,0,350
851,1203,1438,0,352
852,1204,1437,0,349
853,1205,1436,0,333
854,1204,1434,0,327
855,1203,1432,0,332
856,1206,1434,0,341
857,1209,1435,0,350
858,1208,1436,0,354
859,1209,1436,0,359
860,1208,1436,0,2
861,1208,1435,0,7
862,1210,1437,0,7
863,1210,1437,0,6
864,1210,1437,0,4
865,1213,1435,0,3
866,1215,1435,0,359
867,1213,1435,0,348
868,1214,1437,0,340
869,1215,1438,0,334
870,1217,1439,0,339
871,1219,1440,0,339
872,1218,1438,0,347
873,1216,1436,0,347
874,1213,1432,0,357
875,1217,1429,0,0
876,1216,1430,0,357
877,1214,1430,0,357
878,1214,1428,0,1
879,1213,1427,0,357
880,1212,1428,0,357
881,1212,1429,0,355
882,1212,1429,0,355
883,1211,1430,0,349
884,1212,1430,0,349
885,1211,1427,0,355
886,1211,1424,0,9
887,1213,1429,0,1
888,1213,1431,0,356
889,1211,1429,0,3
890,1217,1429,0,4
891,1217,1430,0,3
892,1216,1431,0,4
893,1214,1432,0,3
894,1214,1432,0,3
895,1213,1431,0,4
896,1212,1431,0,5
897,1212,1430,0,7
898,1211,1428,0,15
899,1212,1432,0,7
900,1212,1434,0,2
901,1215,1433,0,1
902,1219,1435,0,354
903,1220,1434,0,355
904,1221,1435,0,354
905,1220,1434,0,357
906,1217,1430,0,358
907,1217,1416,0,12
908,1220,1414,0,2
909,1225,1411,0,10
910,1228,1409,0,12
911,1231,1409,0,22
912,1236,1412,0,23
913,1237,1414,0,34
914,1239,1417,0,39
915,1237,1415,0,48
916,1237,1416,0,48
917,1236,1417,0,51
918,1235,1417,0,48
919,1233,1418,0,45
920,1232,1419,0,52
921,1230,1423,0,53
922,1231,1422,0,55
923,1232,1421,0,55
924,1234,1420,0,57
925,1231,1420,0,64
926,1230,1420,0,66
927,1233,1417,0,57
928,1234,1412,0,57
929,1233,1411,0,54
930,1235,1411,0,42
931,1232,1411,0,41
932,1233,1412,0,38
933,1233,1413,0,40
934,1232,1415,0,37
935,1227,1416,0,46
936,1229,1417,0,48
937,1234,1417,0,48
938,1230,1419,0,55
939,1234,1422,0,52
940,1235,1425,0,50
941,1233,1425,0,48
942,1233,1425,0,52
943,1233,1426,0,46
944,1227,1425,0,51
945,1224,1424,0,54
946,1226,1423,0,40
947,1220,1418,0,36
948,1219,1422,0,22
949,1217,1423,0,19
950,1212,1416,0,18
951,1209,1417,0,17
952,1212,1419,0,25
953,1216,1422,0,22
954,1215,1422,0,19
955,1215,1423,0,21
956,1213,1424,0,21
957,1213,1424,0,18
958,1213,1424,0,17
959,1214,1428,0,13
960,1214,1429,0,5
961,1212,1426,0,12
962,1211,1426,0,12
963,1209,1424,0,6
964,1206,1421,0,4
965,1206,1420,0,357
966,1201,1413,0,358
967,1197,1414,0,354
968,1196,1412,0,340
969,1192,1408,0,332
970,1189,1407,0,328
971,1186,1405,0,322
972,1185,1405,0,307
973,1182,1402,0,300
974,1179,1399,0,294
975,1179,1399,0,288
976,1177,1399,0,282
977,1175,1402,0,271
978,1171,1402,0,283
979,1172,1397,0,285
980,1172,1396,0,290
981,1177,1398,0,296
982,1179,1400,0,291
983,1181,1402,0,286
984,1180,1400,0,291
985,1180,1398,0,295
986,1182,1397,0,296
987,1184,1396,0,297
988,1183,1396,0,295
989,1184,1396,0,299
990,1188,1396,0,312
991,1188,1395,0,315
992,1187,1394,0,316
993,1187,1394,0,314
994,1187,1394,0,314
995,1189,1393,0,324
996,1189,1394,0,325
997,1187,1394,0,326
998,1187,1397,0,328
999,1187,1397,0,334
1000,1186,1398,0,333
1001,1185,1398,0,341
1002,1186,1398,0,344
1003,1185,1398,0,349
1004,1185,1398,0,349
1005,1185,1398,0,350
1006,1186,1397,0,351
1007,1187,1398,0,351
1008,1187,1397,0,352
1009,1187,1396,0,356
1010,1187,1394,0,1
1011,1187,1394,0,356
1012,1188,1395,0,353
1013,1189,1394,0,356
1014,1191,1394,0,354
1015,1193,1393,0,357
1016,1194,1391,0,353
1017,1195,1388,0,353
1018,1198,1385,0,354
1019,1197,1385,0,357
1020,1197,1385,0,359
1021,1196,1384,0,359
1022,1196,1385,0,358
1023,1196,1382,0,2
1024,1196,1383,0,357
1025,1196,1383,0,358
1026,1194,1382,0,3
1027,1190,1382,0,8
1028,1185,1386,0,10
1029,1183,1388,0,2
1030,1179,1386,0,18
1031,1181,1386,0,30
1032,1174,1387,0,40
1033,1172,1389,0,48
1034,1169,1390,0,45
1035,1169,1391,0,46
1036,1169,1392,0,51
1037,1166,1392,0,58
1038,1162,1392,0,57
1039,1160,1395,0,51
1040,1160,1398,0,48
1041,1160,1399,0,46
1042,1163,1400,0,45
1043,1166,1399,0,48
1044,1165,1400,0,48
1045,1166,1400,0,47
1046,1166,1400,0,45
1047,1166,1400,0,43
1048,1170,1397,0,38
1049,1168,1395,0,41
1050,1169,1393,0,48
1051,1170,1392,0,47
1052,1171,1392,0,32
1053,1172,1391,0,31
1054,1170,1393,0,37
1055,1171,1394,0,37
1056,1171,1395,0,38
1057,1172,1393,0,29
1058,1173,1393,0,24
1059,1175,1388,0,13
1060,1173,1386,0,3
1061,1173,1381,0,346
1062,1179,1379,0,329
1063,1182,1380,0,314
1064,1184,1382,0,300
1065,1186,1380,0,296
1066,1187,1377,0,288
1067,1191,1376,0,279
1068,1189,1372,0,279
1069,1192,1367,0,286
1070,1191,1365,0,278
1071,1191,1361,0,271
1072,1192,1360,0,272
1073,1189,1356,0,273
1074,1189,1356,0,274
1075,1189,1352,0,276
1076,1188,1350,0,279
1077,1186,1350,0,278
1078,1185,1353,0,262
1079,1187,1351,0,258
1080,1190,1349,0,252
1081,1190,1349,0,252
1082,1190,1349,0,247
1083,1189,1350,0,247
1084,1189,1352,0,245
1085,1191,1352,0,244
1086,1192,1352,0,252
1087,1191,1352,0,250
1088,1191,1352,0,251
1089,1191,1352,0,252
1090,1191,1353,0,254
1091,1191,1354,0,256
1092,1192,1354,0,259
1093,1195,1355,0,257
1094,1196,1355,0,257
1095,1196,1353,0,258
1096,1196,1352,0,260
1097,1195,1351,0,257
1098,1194,1349,0,255
1099,1195,1348,0,254
1100,1196,1348,0,260
1101,1197,1348,0,258
1102,1197,1348,0,264
1103,1196,1348,0,268
1104,1196,1348,0,271
1105,1195,1347,0,269
1106,1195,1347,0,270
1107,1194,1346,0,258
1108,1193,1345,0,252
1109,1193,1345,0,248
1110,1194,1341,0,249
1111,1195,1340,0,249
1112,1196,1340,0,245
1113,1196,1341,0,245
1114,1196,1340,0,245
1115,1197,1339,0,244
1116,1196,1338,0,247
1117,1195,1338,0,246
1118,1195,1338,0,248
1119,1196,1337,0,251
1120,1198,1336,0,250
1121,1198,1335,0,254
1122,1200,1334,0,248
1123,1201,1334,0,254
1124,1201,1335,0,251
1125,1201,1336,0,250
1126,1200,1337,0,250
1127,1200,1337,0,250
1128,1200,1339,0,252
1129,1197,1343,0,253
1130,1200,1345,0,254
1131,1200,1344,0,248
1132,1201,1343,0,245
1133,1205,1344,0,240
1134,1206,1339,0,243
1135,1207,1335,0,244
1136,1208,1332,0,245
1137,1209,1331,0,245
1138,1211,1330,0,238
1139,1212,1327,0,241
1140,1214,1325,0,239
1141,1214,1325,0,237
1142,1215,1324,0,243
1143,1215,1323,0,245
1144,1215,1322,0,250
1145,1214,1322,0,251
1146,1213,1322,0,253
1147,1213,1324,0,257
1148,1210,1323,0,269
1149,1209,1325,0,266
1150,1209,1322,0,267
1151,1207,1319,0,271
1152,1207,1317,0,269
1153,1207,1316,0,267
1154,1208,1315,0,264
1155,1208,1313,0,263
1156,1208,1312,0,269
1157,1208,1307,0,267
1158,1209,1306,0,271
1159,1209,1305,0,267
1160,1209,1303,0,265
1161,1209,1303,0,264
1162,1209,1301,0,261
1163,1209,1299,0,259
1164,1209,1298,0,261
1165,1208,1296,0,264
1166,1208,1294,0,264
1167,1209,1293,0,263
1168,1210,1292,0,272
1169,1210,1291,0,279
1170,1211,1289,0,280
1171,1212,1289,0,281
1172,1213,1288,0,284
1174,1214,1293,0,278
1175,1219,1297,0,284
1176,1223,1297,0,277
1177,1226,1290,0,264
1178,1230,1282,0,263
1179,1234,1280,0,268
1180,1235,1280,0,261
1181,1237,1281,0,253
1182,1239,1281,0,247
1183,1239,1284,0,241
1184,1239,1287,0,240
1185,1239,1288,0,243
1186,1238,1288,0,239
1187,1237,1291,0,239
1188,1238,1293,0,237
1189,1240,1296,0,240
1190,1241,1295,0,239
1191,1240,1295,0,237
1192,1239,1295,0,240
1193,1239,1295,0,235
1194,1238,1297,0,230
1195,1236,1301,0,241
1196,1236,1302,0,246
1197,1236,1302,0,250
1198,1236,1303,0,249
1199,1236,1305,0,246
1200,1236,1306,0,246
1201,1236,1304,0,241
1202,1236,1306,0,240
1203,1237,1306,0,241
1204,1238,1306,0,243
1205,1238,1306,0,238
1206,1239,1305,0,246
1207,1237,1307,0,246
1208,1236,1306,0,270
1209,1237,1305,0,268
1210,1237,1307,0,275
1211,1236,1309,0,275
1212,1237,1310,0,283
1213,1236,1307,0,283
1214,1237,1308,0,286
1215,1238,1309,0,288
1216,1241,1311,0,283
1217,1240,1311,0,280
1218,1238,1313,0,289
1219,1240,1312,0,286
1220,1239,1312,0,290
1221,1243,1312,0,290
1222,1242,1311,0,286
1223,1240,1311,0,289
1224,1240,1307,0,290
1225,1241,1305,0,294
1226,1241,1302,0,298
1227,1242,1298,0,293
1228,1241,1296,0,297
1229,1241,1296,0,299
1230,1240,1296,0,301
1231,1242,1294,0,301
1232,1241,1293,0,297
1233,1241,1294,0,298
1234,1241,1293,0,297
1235,1241,1295,0,298
1236,1240,1295,0,300
1237,1240,1293,0,305
1238,1239,1296,0,307
1239,1240,1291,0,321
1240,1240,1289,0,328
1241,1241,1288,0,329
1242,1242,1287,0,332
1243,1241,1288,0,329
1244,1240,1286,0,332
1246,1241,1285,0,333
1248,1241,1287,0,329
1249,1244,1284,0,338
1250,1244,1280,0,345
1251,1244,1279,0,350
1252,1243,1280,0,350
1253,1243,1279,0,348
1254,1244,1278,0,350
1255,1245,1277,0,356
1256,1246,1280,0,354
1257,1244,1282,0,351
1258,1247,1280,0,351
1259,1244,1281,0,350
1260,1245,1282,0,350
1261,1243,1283,0,347
1262,1244,1282,0,353
1263,1244,1282,0,354
1264,1245,1282,0,354
1265,1245,1283,0,355
1266,1244,1283,0,344
1267,1245,1283,0,347
1268,1244,1282,0,345
1269,1245,1279,0,352
1270,1245,1277,0,357
1271,1244,1277,0,355
1272,1242,1277,0,354
1273,1242,1278,0,351
1274,1242,1278,0,349
1275,1242,1277,0,351
1276,1243,1275,0,0
1277,1242,1276,0,358
1278,1244,1277,0,356
1279,1243,1279,0,356
1280,1244,1275,0,357
1281,1243,1277,0,357
1282,1242,1279,0,354
1283,1242,1280,0,356
1284,1241,1279,0,352
1285,1242,1278,0,352
1286,1242,1278,0,354
1287,1242,1279,0,355
1288,1242,1280,0,349
1289,1241,1280,0,344
1290,1242,1278,0,347
1291,1244,1276,0,352
1292,1243,1276,0,355
1293,1245,1274,0,1
1294,1244,1275,0,358
1295,1243,1274,0,1
1296,1242,1273,0,4
1297,1242,1276,0,356
1298,1243,1276,0,357
1299,1241,1276,0,357
1300,1241,1276,0,359
1301,1241,1276,0,359
1302,1243,1275,0,3
1303,1245,1277,0,357
1304,1243,1276,0,357
1305,1243,1274,0,359
1306,1243,1275,0,1
1307,1244,1275,0,359
1308,1245,1278,0,358
1309,1243,1279,0,1
1310,1244,1279,0,357
1311,1244,1276,0,4
1312,1243,1278,0,0
1313,1242,1278,0,0
1314,1241,1279,0,2
1315,1242,1275,0,8
1316,1241,1274,0,1
1317,1242,1272,0,6
1318,1241,1272,0,4
1319,1239,1273,0,359
1320,1238,1274,0,358
1321,1238,1274,0,0
1322,1238,1273,0,1
1323,1240,1273,0,5
1324,1242,1275,0,1
1325,1242,1278,0,355
1326,1243,1275,0,2
1327,1243,1275,0,359
1328,1243,1275,0,0
1329,1241,1277,0,2
1330,1240,1274,0,6
1331,1241,1274,0,7
1332,1242,1275,0,7
1333,1242,1275,0,6
1334,1240,1277,0,358
1335,1241,1277,0,355
1336,1241,1276,0,356
1337,1244,1273,0,4
1338,1238,1267,0,3
1339,1235,1266,0,13
1340,1235,1265,0,16
1341,1234,1266,0,15
1342,1233,1267,0,14
1343,1232,1268,0,9
1344,1234,1271,0,7
1345,1235,1271,0,10
1346,1236,1271,0,17
1347,1236,1273,0,24
1348,1236,1276,0,21
1349,1237,1277,0,32
1350,1237,1276,0,39
1351,1238,1275,0,40
1352,1241,1272,0,54
1353,1240,1272,0,56
1354,1238,1273,0,60
1355,1236,1274,0,56
1356,1239,1275,0,42
1357,1240,1277,0,34
1358,1240,1279,0,29
1359,1238,1276,0,45
1360,1237,1278,0,36
1361,1238,1281,0,41
1362,1237,1282,0,48
1363,1236,1283,0,45
1364,1234,1286,0,42
1365,1230,1285,0,38
1366,1226,1285,0,46
1367,1226,1287,0,45
1368,1226,1290,0,43
1369,1224,1293,0,38
1370,1223,1295,0,39
1371,1221,1296,0,33
1372,1217,1299,0,32
1373,1218,1299,0,31
1374,1217,1299,0,30
1375,1218,1298,0,33
1376,1218,1296,0,36
1377,1219,1297,0,37
1378,1221,1295,0,40
1379,1225,1292,0,39
1380,1227,1289,0,51
1381,1225,1282,0,50
1382,1224,1281,0,52
1383,1226,1273,0,65
1384,1229,1271,0,63
1385,1229,1271,0,73
1386,1232,1272,0,84
1387,1234,1266,0,77
1388,1233,1264,0,77
1389,1230,1264,0,76
1390,1229,1262,0,67
1391,1228,1265,0,69
1392,1230,1264,0,64
1393,1230,1262,0,67
1394,1232,1263,0,57
1395,1233,1264,0,57
1396,1235,1268,0,55
1397,1236,1267,0,55
1398,1238,1270,0,54
1399,1237,1270,0,54
1400,1237,1270,0,49
1401,1238,1269,0,49
1402,1238,1267,0,54
1403,1239,1266,0,56
1404,1240,1267,0,48
1405,1239,1265,0,43
1406,1237,1264,0,43
1407,1236,1263,0,32
1408,1235,1260,0,24
1409,1235,1253,0,18
1410,1233,1256,0,6
1411,1233,1255,0,0
1412,1233,1257,0,4
1413,1230,1258,0,6
1414,1229,1259,0,6
1415,1228,1257,0,11
1416,1227,1258,0,5
1417,1224,1254,0,4
1418,1221,1252,0,5
1419,1219,1252,0,0
1420,1219,1253,0,1
1421,1216,1256,0,356
1422,1217,1251,0,349
1423,1218,1252,0,347
1424,1218,1258,0,344
1425,1222,1248,0,1
1426,1229,1245,0,8
1427,1234,1242,0,25
1428,1234,1242,0,356
1429,1232,1243,0,359
1430,1231,1243,0,357
1431,1229,1247,0,359
1432,1230,1250,0,351
1433,1230,1250,0,350
1434,1231,1250,0,350
1435,1230,1252,0,346
1436,1232,1255,0,347
1437,1232,1256,0,348
1438,1233,1256,0,353
1439,1232,1256,0,356
1440,1231,1256,0,357
1441,1231,1257,0,355
1442,1232,1258,0,358
1443,1231,1258,0,1
1444,1230,1259,0,2
1445,1232,1256,0,5
1446,1232,1257,0,2
1447,1234,1256,0,3
1448,1234,1257,0,3
1449,1234,1257,0,4
1450,1234,1258,0,6
1451,1237,1260,0,3
1452,1238,1261,0,3
1453,1241,1261,0,7
1454,1244,1261,0,11
1455,1243,1261,0,10
1456,1244,1261,0,15
1457,1246,1260,0,13
1458,1245,1261,0,13
1459,1246,1261,0,12
1460,1247,1262,0,16
1461,1249,1262,0,11
1462,1249,1262,0,6
1463,1250,1260,0,12
1464,1251,1258,0,14
1465,1251,1258,0,10
1466,1249,1260,0,21
1467,1251,1258,0,16
1468,1250,1259,0,19
1469,1251,1259,0,18
1470,1253,1260,0,27
1471,1255,1260,0,24
1472,1255,1261,0,24
1473,1255,1261,0,21
1474,1253,1259,0,16
1475,1256,1260,0,13
1476,1255,1259,0,13
1477,1253,1257,0,5
1478,1246,1258,0,10
1479,1242,1259,0,11
1480,1240,1255,0,16
1481,1238,1255,0,11
1482,1237,1257,0,13
1483,1237,1258,0,10
1484,1237,1259,0,10
1485,1238,1259,0,10
1486,1237,1259,0,13
1487,1236,1258,0,15
1488,1234,1258,0,17
1489,1232,1260,0,20
1490,1227,1264,0,26
1491,1226,1269,0,26
1492,1224,1271,0,27
1493,1222,1272,0,21
1494,1221,1274,0,17
1495,1219,1278,0,15
1496,1218,1278,0,12
1497,1217,1278,0,11
1498,1219,1279,0,10
1499,1222,1280,0,4
1500,1223,1282,0,359
1501,1224,1285,0,357
1502,1221,1287,0,10
1503,1221,1289,0,9
1504,1225,1288,0,9
1505,1225,1288,0,11
1506,1228,1285,0,13
1507,1228,1285,0,12
1508,1230,1284,0,14
1509,1228,1285,0,18
1510,1227,1286,0,24
1511,1226,1288,0,21
1512,1226,1290,0,22
1513,1229,1289,0,28
1514,1230,1290,0,33
1515,1231,1290,0,44
1516,1233,1289,0,43
1517,1235,1288,0,39
1518,1238,1286,0,37
1519,1239,1285,0,37
1520,1240,1284,0,36
1521,1240,1283,0,40
1522,1241,1280,0,41
1523,1240,1280,0,41
1524,1239,1281,0,32
1525,1237,1284,0,19
1526,1235,1280,0,36
1527,1239,1282,0,53
1528,1236,1288,0,44
1529,1236,1288,0,49
1530,1235,1284,0,50
1531,1233,1280,0,44
1532,1230,1281,0,33
1533,1229,1282,0,30
1534,1228,1282,0,30
1535,1225,1282,0,25
1536,1224,1282,0,26
1537,1221,1282,0,18
1538,1220,1279,0,19
1539,1218,1280,0,26
1540,1218,1279,0,17
1541,1219,1279,0,15
1542,1219,1279,0,14
1543,1224,1276,0,16
1544,1225,1276,0,17
1545,1224,1277,0,23
1546,1224,1276,0,30
1547,1223,1278,0,40
1548,1224,1278,0,29
1549,1225,1278,0,26
1550,1227,1283,0,16
1551,1227,1283,0,13
1552,1225,1284,0,13
1553,1223,1284,0,15
1554,1223,1285,0,11
1555,1223,1283,0,10
1556,1222,1282,0,11
1557,1222,1281,0,9
1558,1223,1281,0,4
1559,1223,1279,0,5
1560,1223,1283,0,1
1561,1222,1278,0,6
1562,1220,1284,0,348
1563,1217,1287,0,353
1564,1217,1290,0,353
1565,1217,1290,0,349
1566,1218,1290,0,350
1567,1219,1288,0,353
1568,1222,1286,0,354
1569,1223,1284,0,352
1570,1223,1284,0,354
1571,1221,1283,0,354
1572,1221,1283,0,357
1573,1221,1284,0,354
1574,1223,1285,0,353
1575,1223,1285,0,358
1576,1221,1288,0,356
1577,1220,1291,0,0
1578,1220,1292,0,359
1579,1219,1292,0,359
1580,1218,1293,0,0
1581,1216,1296,0,358
1582,1216,1296,0,0
1583,1220,1296,0,1
1584,1221,1295,0,6
1585,1221,1295,0,5
1586,1219,1295,0,7
1587,1219,1295,0,4
1588,1219,1293,0,354
1589,1216,1297,0,345
1590,1215,1297,0,343
1591,1215,1296,0,343
1592,1215,1296,0,343
1593,1216,1299,0,346
1594,1214,1300,0,342
1595,1216,1299,0,345
1596,1217,1297,0,348
1597,1217,1294,0,358
1598,1218,1294,0,358
1599,1218,1294,0,357
1600,1217,1295,0,356
1601,1216,1294,0,357
1602,1215,1294,0,356
1603,1215,1295,0,355
1604,1216,1295,0,355
1605,1216,1294,0,359
1606,1217,1295,0,356
1607,1217,1296,0,358
1608,1216,1295,0,3
1609,1215,1295,0,359
1610,1216,1296,0,358
1611,1215,1296,0,357
1612,1214,1297,0,358
1613,1215,1297,0,357
1614,1215,1298,0,356
1615,1215,1299,0,354
1616,1214,1300,0,354
1617,1215,1300,0,354
1618,1216,1302,0,346
1619,1216,1302,0,349
1620,1218,1300,0,356
1621,1219,1300,0,0
1622,1218,1301,0,1
1623,1221,1299,0,9
1624,1220,1301,0,2
1625,1220,1300,0,4
1626,1220,1300,0,3
1627,1219,1300,0,7
1628,1218,1298,0,5
1629,1215,1298,0,14
1630,1215,1297,0,8
1631,1218,1296,0,1
1632,1220,1294,0,2
1633,1220,1294,0,2
1634,1218,1295,0,0
1635,1217,1298,0,354
1636,1216,1300,0,352
1637,1216,1301,0,349
1638,1216,1303,0,347
1639,1216,1301,0,351
1640,1217,1299,0,356
1641,1216,1297,0,352
1642,1217,1295,0,355
1643,1215,1293,0,355
1644,1216,1294,0,354
1645,1216,1294,0,349
1646,1215,1295,0,346
1647,1214,1294,0,346
1648,1216,1292,0,355
1649,1216,1291,0,352
1650,1215,1291,0,353
1651,1215,1292,0,354
1652,1215,1293,0,348
1653,1216,1290,0,352
1654,1217,1288,0,356
1655,1219,1288,0,359
1656,1219,1286,0,5
1657,1219,1286,0,1
1658,1219,1286,0,1
1659,1219,1287,0,1
1660,1219,1290,0,359
1661,1220,1291,0,0
1662,1219,1291,0,358
1663,1220,1291,0,0
1664,1223,1289,0,1
1665,1223,1290,0,3
1666,1225,1289,0,5
1667,1228,1285,0,9
1668,1229,1285,0,11
1669,1230,1285,0,20
1670,1232,1282,0,24
1671,1231,1295,0,13
1672,1228,1288,0,25
1673,1232,1285,0,28
1674,1233,1283,0,34
1675,1238,1284,0,39
1676,1242,1280,0,61
1677,1244,1279,0,49
1678,1250,1283,0,60
1679,1253,1280,0,89
1683,1274,1295,0,82
1684,1277,1295,0,88
1685,1280,1295,0,92
1686,1282,1299,0,97
1687,1285,1306,0,92
1688,1286,1312,0,99
1689,1294,1317,0,92
1690,1295,1319,0,91
1691,1295,1319,0,91
1692,1295,1320,0,96
1693,1300,1322,0,98
1694,1305,1321,0,114
1695,1306,1320,0,132
1696,1308,1321,0,133
1697,1310,1322,0,135
1698,1311,1324,0,128
1699,1311,1325,0,132
1700,1315,1325,0,132
1701,1317,1325,0,127
1702,1319,1325,0,132
1703,1319,1326,0,134
1704,1324,1327,0,132
1705,1321,1324,0,132
1706,1319,1326,0,133
1707,1319,1326,0,128
1708,1317,1324,0,130
1709,1317,1323,0,127
1710,1317,1322,0,129
1711,1317,1321,0,131
1712,1317,1321,0,132
1713,1317,1321,0,131
1714,1317,1321,0,132
1715,1317,1321,0,134
1716,1317,1320,0,135
1717,1317,1321,0,136
1718,1316,1320,0,138
1719,1316,1320,0,137
1720,1316,1320,0,137
1721,1316,1319,0,140
1722,1316,1319,0,139
1723,1316,1319,0,140
1724,1316,1319,0,142
1725,1316,1318,0,144
1726,1316,1318,0,146
1727,1317,1318,0,147
1728,1317,1318,0,150
1729,1317,1318,0,153
1730,1317,1318,0,155
1731,1317,1318,0,153
1732,1317,1318,0,154
1733,1317,1318,0,153
1734,1317,1318,0,155
1735,1317,1318,0,156
1736,1317,1318,0,159
1737,1317,1318,0,158
1738,1317,1318,0,158
1739,1316,1318,0,156
1740,1316,1317,0,155
1741,1316,1317,0,157
1742,1316,1317,0,157
1743,1317,1317,0,156
1744,1317,1316,0,155
1745,1317,1316,0,157
1746,1317,1316,0,156
1747,1317,1316,0,157
1748,1317,1316,0,157
1749,1317,1316,0,156
1750,1317,1316,0,156
1751,1317,1316,0,157
1752,1317,1316,0,160
1753,1317,1316,0,160
1754,1317,1316,0,158
1755,1317,1316,0,161
1756,1318,1316,0,160
1757,1318,1316,0,162
1758,1317,1316,0,163
1759,1317,1315,0,160
1760,1317,1315,0,158
1761,1317,1315,0,158
1762,1317,1315,0,160
1763,1317,1316,0,156
1764,1316,1318,0,163
1765,1315,1317,0,163
1766,1314,1316,0,160
1767,1313,1315,0,160
1768,1312,1315,0,159
1769,1312,1315,0,159
1770,1312,1315,0,160
1771,1312,1315,0,159
1772,1312,1314,0,157
1773,1313,1314,0,154
1774,1313,1315,0,158
1775,1312,1314,0,155
1776,1312,1314,0,155
1777,1312,1314,0,159
1778,1311,1313,0,166
1779,1310,1313,0,165
1780,1310,1311,0,164
1781,1309,1309,0,165
1782,1309,1308,0,165
1783,1308,1307,0,166
1784,1308,1306,0,166
1785,1308,1305,0,172
1786,1308,1306,0,172
1787,1308,1304,0,171
1788,1308,1304,0,175
1789,1308,1303,0,177
1790,1311,1303,0,178
1791,1311,1302,0,176
1792,1311,1302,0,176
1793,1310,1301,0,181
1794,1308,1301,0,181
1795,1308,1302,0,180
1796,1308,1302,0,178
1797,1307,1302,0,179
1798,1307,1302,0,182
1799,1306,1301,0,185
1800,1306,1301,0,184
1801,1305,1300,0,182
1802,1302,1299,0,177
1803,1301,1299,0,172
1804,1300,1300,0,164
1805,1299,1302,0,166
1806,1299,1302,0,166
1807,1299,1302,0,168
1808,1299,1302,0,175
1809,1300,1301,0,170
1810,1303,1303,0,159
1811,1305,1304,0,163
1812,1307,1305,0,155
1813,1307,1306,0,150
1814,1305,1306,0,153
1815,1302,1307,0,153
1816,1302,1309,0,154
1817,1302,1311,0,155
1818,1302,1311,0,159
1819,1301,1311,0,159
1820,1301,1312,0,152
1821,1300,1310,0,156
1822,1300,1309,0,149
1823,1298,1308,0,147
1824,1297,1308,0,144
1825,1296,1307,0,126
1826,1295,1307,0,124
1827,1293,1308,0,129
1828,1288,1312,0,129
1829,1286,1314,0,128
1830,1294,1322,0,104
1831,1283,1328,0,135
1832,1282,1324,0,128
1833,1280,1326,0,132
1834,1277,1334,0,154
1835,1275,1334,0,153
1836,1276,1337,0,155
1837,1278,1338,0,155
1838,1277,1335,0,146
1839,1278,1339,0,149
1840,1278,1338,0,154
1841,1280,1331,0,149
1842,1279,1329,0,161
1846,1284,1326,0,347
1847,1280,1325,0,353
1848,1280,1324,0,358
1849,1281,1326,0,11
1850,1282,1322,0,352
1851,1280,1328,0,353
1852,1280,1328,0,347
1853,1282,1333,0,352
1854,1281,1332,0,353
1855,1280,1333,0,353
1856,1279,1330,0,352
1857,1278,1329,0,357
1858,1277,1329,0,355
1859,1275,1329,0,356
1860,1273,1327,0,352
1861,1275,1330,0,354
1862,1276,1330,0,358
1863,1278,1331,0,0
1864,1277,1330,0,355
1865,1276,1333,0,353
1866,1274,1336,0,354
1867,1272,1339,0,345
1868,1273,1341,0,350
1869,1275,1342,0,0
1870,1277,1342,0,2
1871,1277,1341,0,9
1872,1279,1342,0,17
1873,1286,1343,0,15
1874,1295,1343,0,27
1875,1294,1339,0,42
1876,1295,1338,0,43
1880,1310,1329,0,192
1881,1308,1330,0,189
1882,1307,1328,0,188
1883,1308,1331,0,193
1884,1309,1332,0,196
1885,1304,1331,0,196
1886,1305,1336,0,177
1887,1304,1337,0,173
1888,1303,1341,0,171
1889,1304,1337,0,167
1890,1304,1337,0,166
1891,1301,1336,0,155
1892,1304,1335,0,158
1893,1305,1335,0,163
1894,1310,1336,0,177
1895,1311,1335,0,179
1896,1315,1337,0,181
1897,1316,1339,0,178
1898,1314,1342,0,183
1899,1312,1338,0,187
1900,1313,1338,0,187
1901,1313,1340,0,183
1902,1313,1342,0,179
1903,1315,1340,0,176
1904,1316,1337,0,167
1905,1316,1339,0,159
1906,1311,1345,0,164
1907,1310,1347,0,159
1908,1308,1347,0,157
1909,1306,1345,0,162
1910,1306,1344,0,171
1911,1307,1346,0,161
1912,1308,1344,0,171
1913,1306,1343,0,166
1914,1304,1344,0,161
1915,1308,1343,0,169
1916,1312,1342,0,164
1917,1312,1341,0,160
1918,1311,1342,0,160
1919,1310,1342,0,161
1920,1310,1343,0,163
1921,1306,1339,0,150
1922,1301,1336,0,141
1923,1296,1335,0,134
1924,1296,1334,0,154
1925,1293,1337,0,164
1926,1296,1340,0,174
1927,1298,1340,0,199
1928,1301,1332,0,194
1929,1304,1328,0,203
1930,1304,1326,0,199
1931,1306,1326,0,197
1932,1306,1322,0,179
1933,1303,1321,0,182
1934,1303,1326,0,183
1935,1303,1329,0,182
1936,1300,1330,0,171
1937,1298,1332,0,166
1938,1295,1334,0,168
1939,1294,1333,0,161
1940,1292,1337,0,153
1941,1289,1333,0,147
1942,1287,1331,0,138
1943,1285,1332,0,121
1944,1280,1330,0,109
1945,1277,1328,0,105
1946,1277,1328,0,101
1947,1277,1325,0,104
1948,1279,1327,0,106
1949,1278,1332,0,102
1950,1281,1335,0,98
1951,1281,1332,0,109
1952,1282,1329,0,109
1953,1286,1328,0,120
1954,1288,1333,0,128
1955,1292,1333,0,132
1956,1294,1335,0,155
1957,1296,1337,0,159
1958,1299,1337,0,163
1959,1299,1336,0,149
1960,1302,1333,0,145
1961,1301,1338,0,148
1962,1303,1339,0,152
1963,1305,1342,0,163
1964,1308,1343,0,160
1965,1315,1345,0,165
1966,1313,1343,0,164
1967,1310,1342,0,149
1968,1308,1342,0,160
1969,1305,1339,0,159
1970,1304,1333,0,154
1971,1310,1334,0,154
1972,1314,1337,0,151
1973,1313,1338,0,151
1974,1312,1344,0,162
1975,1314,1342,0,159
1976,1315,1339,0,149
1977,1314,1339,0,141
1978,1312,1340,0,148
1979,1313,1338,0,145
1980,1310,1338,0,148
1981,1310,1335,0,142
1982,1312,1334,0,157
1983,1313,1335,0,160
1984,1318,1334,0,154
1985,1320,1339,0,152
1986,1321,1337,0,157
1987,1322,1336,0,169
1988,1322,1335,0,173
1989,1323,1334,0,176
1990,1325,1333,0,181
1991,1325,1333,0,186
1992,1324,1333,0,186
1993,1323,1336,0,187
1994,1326,1332,0,194
1995,1327,1333,0,199
1996,1326,1333,0,196
1997,1324,1334,0,197
1998,1324,1333,0,191
1999,1319,1335,0,189
2000,1316,1340,0,186
2001,1317,1342,0,181
2002,1317,1345,0,180
2003,1324,1346,0,187
2004,1326,1344,0,190
2005,1327,1340,0,195
2006,1326,1341,0,195
2007,1326,1341,0,193
2008,1329,1338,0,185
2009,1331,1342,0,189
2010,1334,1337,0,193
2011,1334,1343,0,189
2012,1333,1343,0,182
2013,1337,1351,0,175
2014,1339,1350,0,170
2015,1344,1351,0,169
2016,1345,1354,0,162
2017,1347,1357,0,161
2018,1353,1358,0,162
2019,1353,1357,0,169
2020,1355,1359,0,170
2021,1353,1360,0,170
2022,1351,1359,0,168
2023,1352,1359,0,168
2024,1352,1358,0,156
2025,1352,1360,0,160
2026,1349,1360,0,164
2027,1347,1360,0,169
2028,1348,1357,0,160
2029,1348,1356,0,162
2030,1348,1355,0,168
2031,1344,1354,0,163
2032,1343,1353,0,159
2033,1344,1354,0,157
2034,1347,1355,0,162
2035,1352,1358,0,163
2036,1355,1360,0,170
2037,1358,1358,0,159
2038,1359,1360,0,161
2039,1360,1358,0,154
2040,1359,1363,0,149
2041,1363,1365,0,146
2042,1367,1368,0,149
2043,1372,1370,0,152
2044,1375,1374,0,150
2045,1374,1375,0,145
2046,1375,1375,0,145
2047,1375,1380,0,144
2048,1375,1384,0,143
2049,1379,1382,0,142
2050,1380,1378,0,143
2051,1377,1378,0,145
2052,1375,1377,0,143
2053,1375,1377,0,143
2054,1375,1378,0,141
2055,1373,1378,0,139
2056,1373,1378,0,138
2057,1374,1378,0,138
2058,1375,1379,0,135
2059,1373,1378,0,130
2060,1370,1377,0,134
2061,1367,1375,0,134
2062,1366,1376,0,129
2063,1364,1376,0,128
2064,1365,1379,0,129
2065,1365,1380,0,129
2066,1364,1377,0,134
2067,1364,1376,0,142
2068,1364,1376,0,141
2069,1369,1376,0,142
2070,1366,1375,0,144
2071,1367,1375,0,145
2072,1367,1373,0,151
2073,1366,1371,0,155
2074,1368,1372,0,155
2075,1373,1371,0,162
2076,1375,1372,0,165
2077,1382,1374,0,175
2078,1386,1374,0,167
2079,1388,1373,0,163
2080,1392,1375,0,172
2081,1389,1377,0,157
2082,1386,1376,0,158
2083,1384,1376,0,153
2084,1390,1379,0,152
2085,1389,1378,0,150
2086,1388,1380,0,157
2087,1388,1380,0,170
2088,1387,1374,0,175
2089,1385,1372,0,158
2090,1386,1370,0,158
2091,1384,1371,0,157
2092,1388,1372,0,168
2093,1389,1373,0,167
2094,1385,1374,0,170
2095,1386,1375,0,168
2096,1392,1376,0,181
2097,1393,1375,0,178
2098,1399,1370,0,183
2099,1396,1369,0,184
2100,1393,1369,0,189
2101,1389,1368,0,181
2102,1388,1367,0,180
2103,1390,1366,0,179
2104,1386,1365,0,185
2105,1383,1365,0,186
2106,1386,1366,0,170
2107,1386,1367,0,160
2108,1386,1368,0,149
2109,1390,1375,0,149
2110,1388,1375,0,151
2111,1389,1376,0,148
2112,1388,1377,0,150
2113,1387,1375,0,155
2114,1385,1377,0,158
2115,1383,1372,0,154
2116,1379,1369,0,142
2117,1376,1369,0,142
2118,1378,1367,0,149
2119,1380,1368,0,154
2120,1382,1374,0,141
2121,1384,1378,0,133
2122,1382,1381,0,128
2123,1384,1384,0,127
2124,1383,1390,0,119
2125,1383,1392,0,122
2126,1386,1396,0,126
2127,1386,1404,0,134
2128,1388,1406,0,137
2129,1391,1406,0,139
2130,1393,1408,0,127
2131,1391,1409,0,136
2132,1392,1410,0,136
2133,1392,1411,0,134
2134,1394,1414,0,129
2135,1396,1419,0,131
2136,1396,1423,0,135
2137,1397,1428,0,141
2138,1399,1429,0,138
2139,1399,1433,0,129
2140,1397,1436,0,137
2141,1400,1431,0,130
2142,1405,1426,0,95
2143,1401,1429,0,103
2144,1396,1430,0,104
2145,1396,1433,0,102
2146,1396,1434,0,102
2147,1392,1434,0,99
2148,1395,1429,0,88
2149,1395,1421,0,89
2150,1393,1422,0,92
2151,1393,1413,0,111
2152,1389,1407,0,106
2153,1386,1407,0,101
2154,1379,1413,0,93
2155,1367,1424,0,122
2156,1369,1430,0,115
2157,1366,1430,0,90
2158,1364,1428,0,90
2159,1365,1424,0,85
2160,1365,1424,0,87
2161,1368,1424,0,88
2162,1367,1420,0,91
2163,1366,1419,0,88
2164,1369,1419,0,87
2165,1373,1422,0,89
2166,1370,1419,0,88
2167,1370,1422,0,92
2168,1368,1423,0,96
2169,1367,1426,0,100
2170,1368,1426,0,101
2171,1368,1425,0,102
2172,1370,1426,0,106
2173,1371,1428,0,111
2174,1373,1432,0,115
2175,1375,1435,0,118
2176,1377,1438,0,119
2177,1380,1442,0,121
2178,1378,1445,0,124
2179,1378,1445,0,120
2180,1377,1446,0,118
2181,1379,1447,0,114
2182,1377,1449,0,116
2183,1378,1451,0,113
2184,1381,1455,0,115
2185,1382,1463,0,115
2186,1381,1465,0,113
2187,1382,1467,0,122
2188,1383,1468,0,125
2189,1387,1466,0,130
2190,1390,1466,0,143
2191,1397,1462,0,148
2192,1398,1460,0,152
2193,1401,1466,0,158
2194,1403,1472,0,169
2195,1405,1473,0,173
2196,1405,1477,0,176
2197,1410,1471,0,159
2198,1412,1466,0,145
2199,1416,1466,0,143
2200,1423,1471,0,138
2201,1427,1468,0,123
2202,1431,1461,0,124
2203,1438,1457,0,131
2204,1441,1460,0,132
2205,1447,1471,0,122
2206,1448,1477,0,103
2207,1450,1479,0,86
2208,1452,1485,0,89
2209,1462,1483,0,72
2210,1465,1482,0,73
2211,1474,1485,0,60
2212,1478,1483,0,55
2213,1484,1485,0,55
2214,1486,1483,0,51
2216,1485,1486,0,38
2217,1483,1486,0,34
2218,1475,1486,0,32
2219,1470,1486,0,33
2220,1474,1483,0,40
2221,1474,1484,0,34
2222,1472,1480,0,33
2223,1472,1480,0,22
2224,1471,1481,0,18
2225,1465,1472,0,4
2226,1458,1468,0,358
2227,1449,1464,0,348
2228,1447,1463,0,345
2229,1449,1464,0,347
2230,1452,1464,0,345
2231,1453,1464,0,345
2232,1452,1463,0,346
2233,1452,1464,0,346
2234,1451,1464,0,349
2235,1449,1465,0,349
2236,1449,1464,0,349
2237,1449,1465,0,351
2238,1450,1467,0,350
2239,1450,1472,0,340
2240,1451,1473,0,335
2241,1453,1475,0,331
2242,1454,1475,0,335
2243,1458,1479,0,342
2244,1457,1479,0,349
2245,1454,1484,0,3
2246,1448,1485,0,11
2247,1440,1482,0,15
2248,1431,1482,0,9
2249,1425,1486,0,15
2250,1421,1489,0,23
2251,1417,1495,0,28
2252,1416,1496,0,28
2253,1415,1495,0,30
2254,1415,1497,0,30
2255,1416,1498,0,28
2256,1419,1496,0,19
2257,1420,1496,0,7
2258,1415,1499,0,3
2259,1412,1499,0,5
2260,1411,1496,0,14
2261,1410,1494,0,14
2262,1410,1492,0,16
2263,1411,1487,0,16
2264,1413,1483,0,17
2265,1409,1484,0,11
2266,1409,1475,0,17
2267,1406,1476,0,27
2268,1405,1478,0,21
2269,1404,1476,0,21
2270,1404,1475,0,22
2271,1402,1474,0,21
2272,1401,1477,0,11
2273,1397,1478,0,10
2274,1391,1482,0,13
2275,1387,1483,0,14
2276,1386,1482,0,10
2277,1388,1484,0,358
2278,1388,1479,0,7
2279,1386,1477,0,11
2280,1387,1478,0,10
2281,1385,1479,0,9
2282,1384,1478,0,4
2283,1383,1475,0,4
2284,1384,1481,0,12
2285,1384,1485,0,3
2286,1386,1485,0,358
2287,1384,1482,0,354
2288,1383,1482,0,346
2289,1384,1480,0,337
2290,1383,1478,0,335
2291,1381,1475,0,328
2292,1379,1471,0,333
2293,1379,1465,0,327
2294,1380,1461,0,327
2295,1380,1464,0,330
2296,1379,1464,0,328
2297,1380,1464,0,325
2298,1383,1464,0,325
2299,1381,1467,0,330
2300,1380,1463,0,324
2301,1378,1464,0,322
2302,1375,1468,0,316
2303,1374,1468,0,308
2304,1374,1466,0,309
2305,1375,1467,0,314
2306,1377,1474,0,314
2307,1375,1469,0,314
2308,1375,1468,0,308
2309,1374,1469,0,317
2310,1371,1476,0,329
2311,1367,1471,0,339
2312,1361,1465,0,347
2313,1354,1463,0,358
2314,1349,1462,0,1
2315,1345,1466,0,8
2316,1342,1469,0,17
2317,1340,1472,0,21
2318,1336,1474,0,30
2319,1333,1478,0,29
2320,1327,1482,0,35
2321,1322,1488,0,24
2322,1316,1491,0,25
2323,1309,1495,0,25
2324,1304,1501,0,14
2325,1299,1501,0,11
2326,1292,1502,0,13
2327,1281,1507,0,16
2328,1279,1512,0,23
2329,1274,1518,0,27
2330,1273,1522,0,42
2331,1273,1525,0,43
2332,1270,1534,0,46
2333,1267,1541,0,43
2334,1259,1542,0,38
2335,1257,1541,0,32
2336,1253,1542,0,24
2337,1250,1541,0,18
2338,1249,1539,0,10
2339,1245,1540,0,10
2340,1239,1539,0,12
2341,1234,1537,0,5
2342,1231,1535,0,1
2343,1226,1535,0,353
2344,1221,1533,0,347
2345,1217,1534,0,350
2346,1213,1533,0,356
2347,1209,1532,0,357
2348,1210,1525,0,5
2349,1210,1526,0,8
2350,1207,1526,0,10
2351,1203,1529,0,13
2352,1204,1530,0,11
2353,1203,1530,0,14
2354,1198,1532,0,25
2355,1199,1537,0,25
2356,1200,1544,0,11
2357,1200,1544,0,9
2358,1200,1544,0,11
2359,1199,1544,0,11
2360,1198,1544,0,11
2361,1197,1544,0,12
2362,1194,1543,0,9
2363,1191,1541,0,10
2364,1190,1543,0,6
2365,1189,1543,0,8
2366,1185,1544,0,7
2367,1182,1545,0,3
2368,1180,1545,0,0
2369,1178,1542,0,355
2370,1177,1540,0,352
2371,1176,1539,0,343
2372,1176,1541,0,338
2373,1176,1541,0,333
2374,1174,1542,0,334
2375,1176,1541,0,334
2376,1175,1537,0,351
2377,1170,1533,0,4
2378,1167,1532,0,7
2379,1167,1531,0,14
2380,1166,1530,0,20
2381,1168,1534,0,27
2382,1170,1539,0,42
2383,1164,1541,0,54
2384,1162,1545,0,57
2385,1159,1549,0,65
2386,1159,1549,0,78
2387,1159,1549,0,89
2388,1158,1550,0,97
2389,1162,1552,0,93
2390,1162,1553,0,88
2391,1160,1554,0,88
2392,1162,1556,0,81
2393,1161,1556,0,84
2394,1164,1554,0,86
2395,1167,1556,0,93
2396,1168,1559,0,94
2397,1169,1559,0,93
2398,1170,1561,0,91
2399,1171,1560,0,93
2400,1170,1563,0,94
2401,1170,1565,0,93
2402,1169,1568,0,97
2403,1170,1572,0,100
2404,1168,1574,0,101
2405,1167,1575,0,101
2406,1166,1577,0,103
2407,1165,1578,0,107
2408,1168,1578,0,110
2409,1167,1579,0,104
2410,1167,1579,0,109
2411,1168,1580,0,110
2412,1169,1580,0,107
2413,1170,1580,0,112
2414,1173,1583,0,106
2415,1173,1582,0,104
2416,1174,1583,0,103
2417,1174,1583,0,100
2418,1171,1581,0,109
2419,1169,1580,0,112
2420,1168,1578,0,121
2421,1166,1575,0,121
2422,1164,1573,0,124
2423,1162,1575,0,126
2424,1163,1581,0,108
2425,1164,1588,0,106
2426,1165,1595,0,100
2427,1163,1598,0,107
2428,1166,1600,0,111
2429,1168,1600,0,114
2430,1170,1602,0,114
2431,1171,1602,0,110
2432,1171,1602,0,112
2433,1172,1600,0,98
2434,1174,1600,0,95
2435,1175,1601,0,99
2436,1174,1601,0,97
2437,1172,1605,0,101
2438,1170,1604,0,96
2439,1170,1603,0,94
2440,1170,1604,0,93
2441,1170,1604,0,94
2442,1169,1603,0,97
2443,1168,1603,0,101
2444,1168,1603,0,105
2445,1168,1606,0,111
2446,1171,1603,0,114
2447,1175,1604,0,118
2448,1177,1605,0,103
2449,1173,1607,0,104
2450,1169,1607,0,95
2451,1169,1606,0,90
2452,1170,1608,0,82
2453,1168,1611,0,84
2454,1172,1614,0,88
2455,1172,1616,0,92
2456,1174,1619,0,92
2457,1174,1619,0,93
2458,1174,1620,0,94
2459,1173,1620,0,93
2460,1174,1619,0,87
2461,1174,1617,0,82
2462,1174,1616,0,84
2463,1179,1614,0,76
2464,1183,1613,0,87
2465,1185,1608,0,89
2466,1189,1607,0,100
2467,1189,1605,0,114
2468,1189,1606,0,124
2469,1190,1609,0,135
2470,1190,1609,0,138
2471,1190,1601,0,142
2472,1196,1598,0,154
2473,1198,1597,0,163
2474,1203,1597,0,175
2475,1210,1593,0,189
2476,1218,1586,0,195
2477,1225,1586,0,210
2478,1227,1586,0,220
2479,1232,1586,0,225
2480,1236,1587,0,227
2481,1231,1584,0,219
2482,1232,1583,0,220
2483,1231,1581,0,225
2484,1231,1579,0,228
2485,1233,1578,0,227
2486,1236,1576,0,230
2487,1238,1572,0,231
2488,1241,1568,0,230
2489,1239,1570,0,229
2490,1237,1574,0,231
2491,1234,1576,0,222
2492,1233,1580,0,227
2493,1236,1581,0,250
2494,1236,1583,0,247
2495,1237,1584,0,250
2496,1239,1582,0,252
2497,1240,1577,0,253
2498,1241,1573,0,238
2499,1242,1571,0,243
2500,1242,1571,0,252
2501,1246,1566,0,249
2502,1247,1562,0,247
2503,1251,1557,0,257
2504,1254,1554,0,255
2505,1258,1550,0,258
2506,1258,1541,0,258
2507,1261,1531,0,255
2508,1266,1517,0,252
2509,1267,1514,0,250
2510,1268,1512,0,243
2511,1270,1510,0,243
2512,1274,1504,0,249
2513,1274,1493,0,253
2514,1277,1485,0,240
2515,1278,1479,0,247
2516,1280,1467,0,245
2517,1284,1456,0,251
2518,1287,1446,0,248
2519,1290,1435,0,246
2520,1290,1429,0,246
2521,1290,1425,0,249
2522,1292,1420,0,256
2523,1302,1416,0,276
2524,1303,1404,0,301
2525,1310,1398,0,323
2526,1312,1395,0,320
2527,1312,1392,0,320
2528,1315,1391,0,312
2529,1311,1395,0,301
2530,1313,1393,0,304
2531,1315,1394,0,288
2532,1307,1391,0,283
2533,1294,1388,0,264
2534,1288,1382,0,252
2535,1290,1382,0,244
2536,1291,1384,0,265
2537,1292,1383,0,274
2538,1287,1379,0,262
2539,1286,1375,0,247
2540,1276,1365,0,219
2541,1277,1363,0,216
2542,1280,1365,0,220
2543,1281,1364,0,220
2544,1282,1363,0,225
2545,1281,1359,0,226
2546,1280,1353,0,235
2547,1283,1353,0,235
2548,1289,1348,0,240
2549,1290,1340,0,241
2550,1290,1339,0,249
2551,1283,1341,0,247
2552,1276,1343,0,235
2553,1274,1344,0,232
2554,1273,1346,0,235
2555,1270,1346,0,228
2556,1264,1343,0,211
2557,1266,1345,0,216
2558,1265,1345,0,211
2559,1263,1346,0,210
2560,1262,1345,0,208
2561,1262,1346,0,210
2562,1262,1345,0,209
2563,1262,1344,0,202
2564,1262,1344,0,202
2565,1263,1344,0,203
2566,1265,1345,0,213
2567,1265,1345,0,211
2568,1263,1345,0,212
2569,1263,1346,0,214
2570,1264,1346,0,215
2571,1263,1346,0,213
2572,1263,1346,0,212
2573,1263,1346,0,199
2574,1262,1348,0,206
2575,1263,1348,0,204
2576,1263,1348,0,209
2577,1263,1348,0,211
2578,1265,1346,0,209
2579,1264,1346,0,209
2580,1267,1341,0,201
2581,1269,1340,0,189
2582,1269,1342,0,183
2583,1269,1343,0,185
2584,1268,1343,0,217
2585,1267,1344,0,232
2586,1270,1332,0,266
2587,1269,1328,0,271
2588,1269,1320,0,275
2589,1267,1314,0,276
2590,1267,1304,0,270
2591,1266,1297,0,283
2592,1264,1290,0,278
2593,1262,1283,0,280
2594,1263,1279,0,273
2595,1261,1278,0,274
2596,1258,1281,0,281
2597,1256,1281,0,286
2598,1251,1277,0,300
2599,1248,1275,0,303
2600,1243,1270,0,311
2601,1241,1271,0,313
2602,1241,1272,0,313
2603,1240,1271,0,323
2604,1239,1269,0,330
2605,1237,1265,0,325
2606,1236,1264,0,315
2607,1240,1258,0,314
2608,1240,1262,0,311
2609,1239,1269,0,304
2610,1243,1265,0,311
2611,1243,1263,0,314
2612,1242,1263,0,323
2613,1242,1261,0,323
2614,1243,1261,0,323
2615,1245,1260,0,325
2616,1242,1258,0,329
2617,1245,1260,0,328
2618,1248,1261,0,324
2619,1247,1259,0,321
2620,1247,1264,0,317
2621,1247,1263,0,316
2622,1246,1259,0,312
2623,1245,1259,0,308
2624,1245,1257,0,299
2625,1245,1256,0,291
2626,1247,1259,0,284
2627,1248,1263,0,262
2628,1248,1267,0,253
2629,1249,1267,0,258
2630,1251,1268,0,259
2631,1253,1270,0,245
2632,1250,1270,0,243
2633,1250,1267,0,247
2634,1251,1261,0,249
2635,1251,1255,0,251
2636,1253,1255,0,244
2637,1254,1254,0,237
2638,1253,1255,0,234
2639,1252,1253,0,233
2640,1251,1253,0,248
2641,1251,1257,0,276
2642,1249,1257,0,286
2643,1247,1258,0,279
2644,1248,1259,0,277
2645,1245,1261,0,281
2646,1243,1262,0,286
2647,1243,1261,0,289
2648,1243,1261,0,287
2649,1244,1260,0,284
2650,1245,1259,0,283
2651,1246,1261,0,282
2652,1246,1262,0,283
2653,1245,1262,0,286
2654,1245,1262,0,281
2655,1245,1262,0,281
2656,1245,1261,0,281
2657,1244,1260,0,281
2658,1244,1259,0,281
2659,1245,1261,0,280
2660,1247,1262,0,279
2661,1246,1263,0,282
2662,1246,1263,0,282
2663,1247,1265,0,277
2664,1247,1269,0,268
2665,1248,1271,0,261
2666,1248,1273,0,256
2667,1249,1274,0,255
2668,1249,1275,0,252
2669,1249,1277,0,249
2670,1248,1277,0,262
2671,1245,1276,0,267
2672,1243,1272,0,268
2673,1241,1274,0,255
2674,1241,1273,0,251
2675,1239,1272,0,232
2676,1237,1272,0,233
2677,1237,1272,0,221
2678,1238,1272,0,208
2679,1239,1273,0,199
2680,1240,1272,0,183
2681,1241,1271,0,182
2682,1243,1270,0,190
2683,1245,1273,0,200
2684,1246,1269,0,209
2685,1248,1269,0,217
2686,1248,1269,0,218
2687,1249,1263,0,236
2688,1250,1263,0,238
2689,1253,1262,0,234
2690,1255,1259,0,236
2691,1257,1262,0,245
2692,1253,1262,0,239
2693,1251,1262,0,231
2694,1252,1261,0,226
2695,1253,1262,0,223
2696,1254,1263,0,229
2697,1255,1268,0,240
2698,1252,1267,0,222
2699,1251,1270,0,216
2700,1253,1266,0,201
2701,1253,1269,0,198
2702,1253,1270,0,197
2703,1251,1270,0,184
2704,1254,1278,0,186
2705,1255,1278,0,186
2706,1252,1281,0,196
2707,1251,1280,0,204
2708,1252,1276,0,209
2709,1250,1271,0,217
2710,1249,1268,0,215
2711,1249,1265,0,224
2712,1251,1264,0,237
2713,1253,1263,0,236
2714,1252,1261,0,241
2715,1249,1261,0,251
2716,1248,1260,0,254
2717,1251,1261,0,242
2718,1248,1266,0,229
2719,1243,1269,0,225
2720,1242,1270,0,217
2721,1237,1271,0,200
2722,1236,1274,0,193
2723,1236,1278,0,191
2724,1236,1280,0,186
2725,1236,1285,0,168
2726,1237,1288,0,158
2727,1236,1288,0,145
2728,1237,1290,0,141
2729,1240,1291,0,138
2730,1243,1294,0,109
2731,1243,1290,0,109
2732,1245,1293,0,96
2733,1245,1298,0,82
2734,1244,1300,0,76
2735,1246,1300,0,82
2736,1247,1296,0,100
2737,1250,1299,0,124
2738,1254,1301,0,127
2739,1257,1302,0,128
2740,1260,1304,0,124
2741,1262,1305,0,124
2742,1261,1309,0,118
2743,1267,1311,0,141
2744,1274,1316,0,148
2745,1280,1316,0,157
2746,1289,1317,0,172
2747,1294,1314,0,167
2748,1301,1311,0,171
2749,1309,1312,0,175
2750,1315,1312,0,178
2751,1319,1312,0,170
2752,1319,1314,0,172
2753,1320,1315,0,173
2754,1323,1314,0,174
2755,1324,1313,0,177
2756,1324,1313,0,179
2757,1324,1313,0,176
2758,1322,1313,0,169
2759,1316,1310,0,180
2760,1308,1304,0,186
2761,1306,1301,0,191
2762,1304,1296,0,187
2763,1302,1295,0,188
2764,1299,1295,0,187
2765,1300,1296,0,187
2766,1298,1294,0,187
2767,1293,1295,0,191
2768,1291,1295,0,195
2769,1288,1294,0,201
2770,1280,1291,0,209
2771,1276,1284,0,195
2772,1276,1278,0,180
2773,1280,1280,0,159
2774,1283,1286,0,152
2775,1282,1289,0,153
2776,1281,1292,0,155
2777,1287,1291,0,158
2779,1293,1283,0,163
2780,1297,1282,0,156
2781,1299,1282,0,157
2782,1299,1283,0,160
2783,1300,1283,0,163
2784,1299,1280,0,163
2785,1300,1281,0,164
2786,1302,1281,0,167
2787,1305,1280,0,170
2788,1307,1281,0,172
2789,1309,1279,0,160
2790,1311,1279,0,162
2791,1311,1279,0,152
2792,1310,1282,0,147
2793,1312,1287,0,139
2794,1313,1291,0,139
2795,1316,1295,0,136
2796,1317,1296,0,141
2797,1316,1294,0,162
2798,1317,1293,0,164
2799,1314,1291,0,158
2800,1314,1289,0,151
2801,1315,1291,0,141
2802,1314,1296,0,139
2803,1317,1299,0,134
2804,1318,1298,0,143
2805,1316,1295,0,162
2806,1316,1295,0,168
2807,1316,1293,0,172
2808,1314,1292,0,174
2809,1312,1290,0,170
2810,1310,1288,0,172
2811,1310,1285,0,166
2812,1308,1282,0,182
2813,1307,1282,0,189
2814,1308,1277,0,193
2815,1308,1274,0,196
2816,1306,1269,0,206
2817,1306,1262,0,208
2818,1306,1259,0,203
2819,1305,1256,0,205
2820,1304,1253,0,216
2821,1308,1247,0,212
2822,1315,1241,0,200
2823,1323,1235,0,191
2824,1326,1232,0,191
2825,1327,1232,0,187
2826,1325,1227,0,180
2827,1330,1219,0,174
2828,1337,1214,0,176
2829,1339,1209,0,179
2830,1345,1209,0,178
2831,1350,1209,0,175
2832,1355,1207,0,162
2833,1365,1205,0,156
2834,1370,1206,0,166
2835,1372,1204,0,164
2836,1373,1206,0,166
2837,1375,1205,0,161
2838,1379,1207,0,167
2839,1382,1210,0,175
2840,1379,1214,0,165
2841,1383,1213,0,141
2842,1382,1213,0,155
2843,1379,1210,0,170
2844,1379,1208,0,168
2845,1378,1210,0,171
2846,1387,1216,0,167
2847,1388,1218,0,183
2848,1391,1214,0,173
2849,1388,1212,0,168
2850,1389,1211,0,151
2851,1385,1206,0,153
2852,1388,1205,0,162
2853,1391,1206,0,167
2854,1391,1208,0,166
2855,1389,1205,0,164
2856,1386,1206,0,163
2857,1385,1206,0,166
2858,1386,1206,0,168
2859,1382,1203,0,159
2860,1379,1204,0,153
2861,1376,1206,0,158
2862,1370,1204,0,163
2863,1367,1203,0,166
2864,1370,1203,0,167
2865,1376,1202,0,169
2866,1380,1206,0,163
2867,1379,1209,0,165
2868,1377,1211,0,163
2869,1378,1212,0,163
2870,1376,1210,0,162
2871,1374,1208,0,173
2872,1373,1208,0,186
2873,1371,1207,0,190
2874,1369,1205,0,189
2875,1369,1205,0,190
2876,1368,1207,0,201
2877,1366,1205,0,205
2878,1370,1204,0,210
2879,1368,1202,0,219
2880,1371,1204,0,219
2881,1369,1206,0,221
2882,1369,1206,0,221
2883,1368,1208,0,217
2884,1367,1208,0,226
2885,1366,1208,0,230
2886,1366,1204,0,237
2887,1366,1202,0,241
2888,1363,1196,0,237
2889,1360,1200,0,233
2890,1359,1197,0,234
2891,1356,1195,0,228
2892,1355,1194,0,232
2893,1358,1194,0,226
2894,1360,1197,0,230
2895,1361,1191,0,219
2896,1366,1184,0,191
2897,1367,1184,0,184
2898,1368,1186,0,181
2899,1367,1192,0,196
2900,1362,1197,0,204
2901,1359,1196,0,196
2902,1362,1199,0,202
2903,1358,1195,0,190
2904,1356,1199,0,189
2905,1356,1206,0,193
2906,1359,1206,0,187
2907,1364,1205,0,193
2908,1364,1205,0,194
2909,1366,1204,0,196
2910,1369,1201,0,201
2911,1373,1198,0,202
2912,1374,1199,0,200
2913,1374,1197,0,203
2914,1373,1197,0,208
2915,1369,1201,0,202
2916,1369,1203,0,192
2917,1373,1201,0,193
2918,1377,1200,0,195
2919,1381,1200,0,191
2920,1382,1202,0,190
2921,1382,1208,0,189
2922,1384,1209,0,188
2923,1388,1206,0,192
2924,1396,1205,0,206
2925,1403,1205,0,215
2926,1406,1199,0,213
2927,1408,1200,0,211
2928,1409,1198,0,210
2929,1409,1198,0,212
2930,1411,1197,0,214
2931,1408,1198,0,210
2932,1404,1198,0,209
2933,1404,1199,0,206
2934,1401,1199,0,208
2935,1402,1197,0,210
2936,1398,1197,0,202
2937,1395,1195,0,193
2938,1393,1195,0,189
2939,1390,1196,0,198
2940,1378,1195,0,192
2941,1368,1187,0,182
2942,1355,1194,0,164
2943,1350,1198,0,162
2944,1345,1188,0,160
2945,1336,1197,0,153
2946,1335,1208,0,174
2947,1335,1212,0,195
2950,1366,1211,0,240
2951,1363,1206,0,213
2952,1361,1205,0,193
2953,1363,1212,0,170
2954,1365,1214,0,338
2955,1364,1218,0,158
2956,1362,1225,0,139
2957,1358,1227,0,140
2958,1356,1228,0,142
2959,1355,1230,0,142
2960,1350,1235,0,141
2961,1351,1243,0,147
2962,1356,1241,0,162
2965,1380,1234,0,228
2966,1378,1233,0,233
2967,1377,1225,0,233
2968,1377,1217,0,220
2969,1379,1217,0,207
2970,1380,1214,0,200
2971,1381,1215,0,202
2972,1382,1213,0,198
2973,1385,1211,0,201
2974,1390,1209,0,205
2975,1390,1207,0,210
2976,1392,1206,0,211
2977,1396,1205,0,207
2978,1397,1203,0,211
2979,1395,1206,0,209
2980,1388,1212,0,207
2981,1387,1212,0,205
2982,1383,1212,0,203
2983,1383,1215,0,202
2984,1384,1216,0,201
2985,1381,1220,0,210
2986,1379,1222,0,215
2987,1377,1222,0,211
2988,1377,1224,0,209
2989,1375,1223,0,214
2990,1378,1221,0,224
2991,1381,1220,0,226
2992,1379,1220,0,226
2993,1373,1221,0,218
2994,1371,1224,0,207
2995,1370,1225,0,219
2996,1374,1227,0,226
2997,1371,1227,0,216
2998,1364,1231,0,210
2999,1364,1229,0,202
