0,845,429,0,266
1,847,430,0,272
2,847,429,0,272
3,848,428,0,273
4,846,429,0,268
5,845,429,0,266
6,844,428,0,265
7,844,429,0,265
8,845,429,0,269
9,846,430,0,272
10,846,431,0,273
11,846,430,0,270
12,845,432,0,268
13,846,433,0,269
14,849,436,0,275
15,850,437,0,275
16,850,438,0,274
17,849,438,0,274
18,848,442,0,271
19,845,442,0,268
20,845,441,0,270
21,845,441,0,271
22,848,444,0,272
23,850,437,0,278
24,849,434,0,280
25,848,433,0,281
26,848,431,0,288
27,847,431,0,297
28,843,431,0,307
29,841,432,0,306
30,840,431,0,310
31,839,430,0,309
32,840,431,0,307
33,840,431,0,306
34,840,431,0,304
35,839,431,0,303
36,841,431,0,308
37,842,432,0,313
38,844,428,0,324
39,845,431,0,331
40,842,429,0,340
41,841,428,0,351
42,841,435,0,349
43,841,434,0,348
44,838,434,0,348
45,839,433,0,352
46,840,433,0,355
47,842,434,0,350
48,841,434,0,351
49,836,434,0,348
50,835,433,0,350
51,833,433,0,350
52,834,432,0,348
53,835,430,0,357
54,834,430,0,359
55,834,431,0,2
56,833,431,0,5
57,831,433,0,11
58,830,432,0,9
59,830,434,0,9
60,832,436,0,8
61,831,437,0,5
62,833,437,0,6
63,835,434,0,7
64,832,434,0,10
65,830,436,0,12
66,827,438,0,15
67,823,436,0,21
68,822,438,0,20
69,822,440,0,22
70,822,442,0,19
71,824,445,0,15
72,825,447,0,10
73,825,446,0,11
74,825,447,0,10
75,823,448,0,10
76,827,442,0,9
77,826,442,0,7
78,824,441,0,6
79,822,439,0,9
80,823,439,0,9
81,824,440,0,10
82,823,441,0,9
83,822,441,0,10
84,824,437,0,15
85,825,436,0,13
86,824,435,0,16
87,822,435,0,15
88,820,438,0,19
89,822,439,0,14
90,823,437,0,13
91,826,436,0,16
92,828,436,0,13
93,825,436,0,15
94,829,431,0,18
95,827,431,0,19
96,824,432,0,22
97,822,436,0,20
98,820,436,0,24
99,821,436,0,21
100,821,436,0,16
101,819,436,0,20
102,817,436,0,22
103,815,438,0,20
104,815,439,0,24
105,814,440,0,26
106,814,440,0,29
107,815,441,0,28
108,816,442,0,26
109,814,441,0,31
110,814,441,0,34
111,814,440,0,35
112,814,439,0,35
113,815,441,0,28
114,814,443,0,27
115,813,443,0,26
116,810,442,0,21
117,806,443,0,21
118,803,445,0,25
119,800,450,0,16
120,799,450,0,13
121,798,450,0,6
122,794,450,0,356
123,792,452,0,347
124,799,452,0,339
125,793,457,0,330
126,791,454,0,325
127,788,451,0,324
128,787,450,0,327
129,785,450,0,323
130,783,450,0,316
131,784,450,0,313
132,785,447,0,298
133,785,443,0,292
134,783,439,0,285
135,783,433,0,277
136,782,428,0,267
137,782,426,0,267
138,779,423,0,274
139,779,423,0,272
140,781,419,0,270
141,781,412,0,272
142,782,410,0,271
143,787,412,0,268
144,789,416,0,265
145,788,415,0,267
146,786,410,0,273
147,787,411,0,272
148,789,414,0,271
149,789,416,0,275
150,790,417,0,281
151,790,420,0,281
152,788,420,0,270
153,788,418,0,265
154,788,416,0,265
155,788,413,0,266
156,788,410,0,265
157,789,408,0,263
158,790,408,0,264
159,791,421,0,268
160,786,428,0,274
161,782,428,0,280
162,781,422,0,274
163,784,417,0,270
164,788,413,0,270
165,787,413,0,270
166,785,413,0,274
167,783,412,0,276
168,779,412,0,277
169,776,413,0,279
170,774,421,0,277
171,772,422,0,273
172,773,423,0,270
173,773,423,0,266
174,773,424,0,270
175,772,424,0,281
176,773,422,0,283
177,772,420,0,281
178,773,419,0,276
179,773,413,0,270
180,777,410,0,266
181,782,412,0,264
182,783,411,0,267
183,781,408,0,269
184,781,407,0,268
185,781,407,0,271
186,782,409,0,269
187,782,410,0,270
188,782,409,0,272
189,781,407,0,271
190,780,407,0,269
191,781,407,0,268
192,784,407,0,267
193,785,405,0,267
194,784,407,0,266
195,784,410,0,270
196,782,414,0,272
197,781,421,0,280
198,780,425,0,295
199,777,427,0,295
200,777,428,0,298
201,779,427,0,301
202,776,428,0,301
203,775,428,0,296
204,773,428,0,292
205,775,429,0,286
206,777,429,0,287
207,776,430,0,286
208,775,435,0,282
209,776,434,0,283
210,771,439,0,290
211,776,438,0,287
212,776,436,0,284
213,773,440,0,291
214,773,443,0,301
215,771,444,0,300
216,769,444,0,295
217,768,451,0,288
218,769,461,0,294
219,770,466,0,307
220,769,470,0,314
221,768,472,0,314
222,765,473,0,306
223,771,475,0,294
224,769,475,0,301
225,769,476,0,294
226,775,476,0,295
227,778,476,0,291
228,780,476,0,291
229,781,477,0,293
230,781,477,0,294
231,779,476,0,300
232,780,476,0,297
233,778,474,0,295
234,776,473,0,291
235,772,481,0,299
236,769,479,0,298
237,770,475,0,296
238,775,472,0,290
239,777,474,0,288
240,778,477,0,280
241,775,479,0,281
242,769,486,0,290
243,768,488,0,298
244,768,488,0,301
245,769,490,0,299
246,770,487,0,304
247,771,488,0,303
248,772,487,0,302
249,772,487,0,311
250,772,492,0,316
251,767,502,0,328
252,764,504,0,332
253,765,499,0,336
254,759,503,0,329
255,758,502,0,331
256,755,499,0,329
257,753,497,0,331
258,750,498,0,333
259,750,495,0,329
260,749,496,0,327
261,746,495,0,335
262,743,492,0,340
263,738,489,0,342
264,733,492,0,342
265,726,492,0,344
266,721,489,0,354
267,715,491,0,6
268,712,488,0,1
269,713,491,0,10
270,714,496,0,11
271,712,499,0,9
272,697,496,0,19
273,693,501,0,31
274,688,507,0,32
275,688,509,0,33
276,688,513,0,31
277,683,516,0,39
278,682,517,0,36
279,684,518,0,41
280,686,520,0,45
281,689,520,0,51
282,690,521,0,46
283,687,522,0,39
284,687,523,0,41
285,687,522,0,45
286,687,523,0,48
287,689,524,0,43
288,688,522,0,42
289,688,519,0,40
290,693,520,0,36
291,694,520,0,30
292,691,518,0,27
293,687,518,0,22
294,686,516,0,16
295,688,517,0,12
296,687,515,0,9
297,685,514,0,3
298,685,513,0,2
299,687,514,0,353
300,687,514,0,350
301,688,508,0,337
302,692,508,0,328
303,691,509,0,325
304,692,511,0,320
305,693,512,0,308
306,693,512,0,307
307,696,515,0,299
308,697,511,0,290
309,699,506,0,284
310,702,505,0,278
311,701,498,0,274
312,696,488,0,266
313,695,483,0,258
314,696,476,0,242
315,699,472,0,239
316,704,468,0,227
317,707,468,0,213
318,709,466,0,204
319,714,468,0,201
320,720,471,0,199
321,724,466,0,194
322,726,467,0,196
323,729,468,0,199
324,737,465,0,209
325,740,464,0,211
326,742,462,0,215
327,746,459,0,218
328,750,457,0,225
329,751,459,0,218
330,755,462,0,219
331,758,458,0,234
332,761,458,0,245
333,761,453,0,243
334,760,454,0,238
335,762,454,0,232
336,765,453,0,232
337,768,452,0,235
338,770,448,0,228
339,767,449,0,232
340,764,450,0,235
341,765,449,0,241
342,766,445,0,241
343,766,445,0,240
344,765,445,0,243
345,763,450,0,242
346,764,450,0,240
347,767,451,0,237
348,767,449,0,236
349,767,448,0,236
350,767,447,0,238
351,767,449,0,235
352,766,451,0,229
353,768,449,0,229
354,770,447,0,233
355,771,444,0,241
356,773,444,0,246
357,778,451,0,251
358,781,453,0,252
359,782,456,0,247
360,785,455,0,246
361,784,452,0,245
362,786,448,0,238
363,790,451,0,239
364,790,451,0,224
365,790,448,0,214
366,797,451,0,218
367,803,445,0,201
368,813,438,0,200
369,817,437,0,194
370,818,438,0,196
371,819,438,0,196
372,821,440,0,193
373,824,443,0,189
374,825,442,0,180
375,826,442,0,175
376,824,443,0,169
377,825,445,0,160
378,830,448,0,151
379,831,456,0,139
380,831,459,0,136
381,829,461,0,130
382,832,463,0,128
383,835,461,0,132
384,834,471,0,126
385,835,477,0,127
386,838,480,0,122
387,838,480,0,114
388,837,482,0,111
389,838,485,0,106
390,838,488,0,102
391,839,488,0,105
392,842,487,0,112
393,841,490,0,117
394,844,491,0,118
395,846,494,0,117
396,844,495,0,118
397,847,501,0,117
398,850,503,0,118
399,851,505,0,125
400,854,507,0,118
401,858,499,0,127
402,857,500,0,129
403,857,501,0,133
404,860,506,0,141
405,862,508,0,141
406,866,509,0,137
407,873,512,0,135
408,875,513,0,141
409,875,513,0,147
410,878,514,0,154
411,885,518,0,152
412,888,522,0,157
413,890,523,0,157
414,891,523,0,163
415,894,522,0,162
416,896,524,0,164
417,897,524,0,166
418,896,523,0,169
419,896,522,0,171
420,896,521,0,175
421,897,522,0,176
422,898,521,0,180
423,898,522,0,180
424,897,522,0,182
425,896,521,0,181
426,896,520,0,179
427,896,520,0,176
428,894,520,0,178
429,892,520,0,179
430,893,521,0,179
431,893,521,0,180
432,892,521,0,179
433,892,521,0,179
434,892,521,0,178
435,896,521,0,178
436,894,520,0,185
437,894,519,0,187
438,893,518,0,185
439,894,517,0,186
440,893,516,0,189
441,895,515,0,188
442,896,517,0,187
443,895,515,0,189
444,895,515,0,188
445,894,516,0,187
446,894,516,0,187
447,893,517,0,190
448,895,516,0,188
449,897,516,0,187
450,896,517,0,186
451,896,516,0,188
452,897,515,0,188
453,898,515,0,188
454,897,515,0,184
455,896,515,0,181
456,893,517,0,180
457,890,518,0,185
458,889,517,0,187
459,888,516,0,188
460,885,517,0,183
461,890,518,0,181
462,890,518,0,177
463,891,516,0,160
464,891,518,0,161
465,895,522,0,167
466,898,526,0,180
467,898,529,0,184
468,899,529,0,182
469,898,528,0,178
470,898,529,0,176
471,899,529,0,176
472,896,529,0,166
473,896,528,0,146
474,899,526,0,137
475,901,531,0,131
476,901,535,0,127
477,901,538,0,109
478,899,545,0,97
479,899,550,0,97
480,899,553,0,91
481,899,554,0,86
482,902,553,0,91
483,902,555,0,85
484,901,555,0,82
485,901,557,0,83
486,902,559,0,86
487,902,559,0,83
488,901,557,0,72
489,901,560,0,65
490,903,562,0,70
491,903,565,0,67
492,904,568,0,61
493,906,571,0,57
494,909,569,0,53
495,909,569,0,51
496,909,571,0,52
497,909,573,0,53
498,909,573,0,50
499,907,575,0,48
500,905,575,0,42
501,906,575,0,39
502,906,577,0,37
503,907,579,0,35
504,905,579,0,36
505,905,581,0,34
506,904,583,0,31
507,904,583,0,27
508,902,582,0,28
509,900,583,0,27
510,898,586,0,29
511,898,589,0,31
512,899,591,0,33
513,898,595,0,37
514,900,597,0,33
515,900,598,0,34
516,899,597,0,34
517,899,595,0,30
518,899,594,0,21
519,898,595,0,22
520,899,595,0,23
521,901,595,0,23
522,897,595,0,18
523,895,597,0,7
524,892,597,0,14
525,890,595,0,9
526,886,594,0,7
527,881,594,0,6
528,878,595,0,3
529,874,594,0,358
530,868,590,0,353
531,866,591,0,353
532,864,590,0,346
533,861,591,0,343
534,859,587,0,335
535,856,588,0,337
536,853,591,0,344
537,855,593,0,334
538,854,592,0,335
539,856,592,0,334
540,856,593,0,340
541,854,592,0,342
542,854,593,0,344
543,852,594,0,346
544,850,594,0,349
545,850,593,0,350
546,850,592,0,350
547,850,592,0,350
548,848,592,0,350
549,846,589,0,351
550,845,587,0,354
551,846,587,0,351
552,847,588,0,353
553,846,588,0,353
554,848,589,0,354
555,848,588,0,355
556,848,588,0,356
557,847,587,0,358
558,847,589,0,350
559,845,589,0,349
560,844,588,0,350
561,842,589,0,351
562,841,590,0,352
563,840,590,0,346
564,840,590,0,347
565,835,591,0,343
566,833,590,0,345
567,833,589,0,347
568,833,588,0,347
569,832,588,0,344
570,830,587,0,344
571,826,586,0,345
572,824,586,0,349
573,822,584,0,344
574,819,584,0,343
575,818,581,0,341
576,816,580,0,346
577,812,579,0,349
578,808,575,0,354
579,802,572,0,358
580,799,573,0,359
581,796,574,0,3
582,793,573,0,356
583,792,575,0,3
584,789,577,0,6
585,786,577,0,12
586,783,577,0,19
587,782,577,0,19
588,784,576,0,21
589,781,576,0,16
590,777,574,0,14
591,768,577,0,7
592,766,578,0,5
593,765,578,0,357
594,763,573,0,355
595,760,573,0,354
596,765,574,0,342
597,765,574,0,339
598,765,573,0,341
599,767,573,0,340
600,768,570,0,337
601,768,562,0,329
602,768,559,0,327
603,771,551,0,327
604,770,548,0,317
605,769,548,0,311
606,772,546,0,300
607,775,543,0,300
608,777,543,0,300
609,777,541,0,298
610,776,539,0,300
611,775,538,0,301
612,776,536,0,302
613,777,534,0,307
614,775,532,0,311
615,768,534,0,312
616,764,533,0,313
617,762,529,0,316
618,760,528,0,314
619,757,526,0,314
620,756,524,0,312
621,755,523,0,312
622,754,522,0,313
623,753,523,0,312
624,753,523,0,312
625,754,523,0,313
626,754,523,0,312
627,754,523,0,312
628,753,523,0,313
629,753,523,0,305
630,754,519,0,297
631,752,518,0,292
632,752,517,0,292
633,753,515,0,288
634,752,514,0,291
635,752,512,0,287
636,753,510,0,283
637,749,508,0,281
638,743,507,0,277
639,742,506,0,271
640,741,504,0,268
641,741,503,0,270
642,742,506,0,264
643,742,502,0,260
644,738,503,0,259
645,736,500,0,253
646,735,499,0,249
647,733,499,0,250
648,731,500,0,248
649,731,501,0,245
650,731,501,0,241
651,733,501,0,231
652,736,500,0,224
653,737,497,0,218
654,737,500,0,221
655,739,500,0,220
656,741,499,0,223
657,740,499,0,223
658,740,500,0,225
659,737,500,0,225
660,736,500,0,226
661,738,500,0,224
662,738,500,0,223
663,740,499,0,226
664,743,500,0,226
665,744,499,0,222
666,746,499,0,221
667,748,499,0,221
668,755,499,0,217
669,760,498,0,215
670,761,496,0,209
671,763,497,0,201
672,765,496,0,193
673,769,495,0,189
674,772,495,0,186
675,776,493,0,170
676,776,497,0,167
677,778,499,0,164
678,778,499,0,163
679,783,500,0,163
680,788,501,0,165
681,790,499,0,162
682,788,497,0,168
683,785,496,0,166
684,789,498,0,150
685,791,500,0,141
686,790,503,0,136
687,790,504,0,132
688,791,507,0,129
689,793,509,0,132
690,794,508,0,139
691,795,507,0,142
692,796,506,0,143
693,797,506,0,145
694,798,506,0,144
695,797,504,0,144
696,797,504,0,145
697,798,504,0,146
698,800,505,0,145
699,804,506,0,142
700,804,508,0,135
701,803,509,0,135
702,801,508,0,138
703,803,508,0,130
704,805,511,0,130
705,805,510,0,126
706,804,511,0,129
707,803,514,0,106
708,802,512,0,121
709,803,515,0,112
710,801,516,0,109
711,801,518,0,106
712,798,518,0,99
713,797,521,0,99
714,796,524,0,97
715,795,525,0,93
716,793,525,0,85
717,792,525,0,80
718,792,524,0,77
719,793,522,0,80
720,792,521,0,79
721,791,521,0,76
722,789,524,0,67
723,787,525,0,68
724,786,524,0,65
725,783,524,0,63
726,783,523,0,61
727,784,522,0,60
728,785,521,0,59
729,784,521,0,59
730,784,522,0,59
731,783,522,0,59
732,785,521,0,53
733,785,521,0,50
734,784,521,0,53
735,785,521,0,48
736,788,522,0,42
737,789,522,0,41
738,789,524,0,34
739,788,524,0,39
740,788,524,0,40
741,788,524,0,41
742,787,527,0,43
743,787,530,0,40
744,787,529,0,37
745,787,530,0,39
746,787,531,0,40
747,788,531,0,33
748,788,531,0,33
749,788,530,0,37
750,787,532,0,41
751,788,533,0,33
752,788,533,0,28
753,786,534,0,30
754,787,535,0,27
755,786,535,0,26
756,785,533,0,25
757,789,528,0,12
758,787,528,0,10
759,784,530,0,18
760,782,531,0,21
761,782,531,0,19
762,782,531,0,18
763,782,532,0,20
764,782,534,0,20
765,781,533,0,18
766,784,535,0,16
767,785,537,0,17
768,784,540,0,15
769,784,539,0,16
770,781,541,0,19
771,776,542,0,21
772,776,544,0,21
773,776,544,0,21
774,776,544,0,25
775,777,545,0,23
776,778,544,0,23
777,780,544,0,17
778,781,543,0,21
779,783,544,0,18
780,782,543,0,19
781,781,541,0,19
782,781,540,0,19
783,780,540,0,20
784,776,538,0,23
785,776,537,0,20
786,774,537,0,20
787,774,536,0,19
788,774,536,0,21
789,773,537,0,14
790,771,537,0,14
791,771,537,0,14
792,772,537,0,14
793,771,537,0,14
794,771,537,0,14
795,771,538,0,14
796,771,538,0,13
797,769,536,0,16
798,769,534,0,17
799,769,532,0,22
800,774,536,0,20
801,774,537,0,20
802,777,535,0,17
803,777,536,0,25
804,775,535,0,27
805,769,535,0,37
806,771,538,0,42
807,772,536,0,55
808,770,537,0,55
809,770,537,0,54
810,771,536,0,46
811,769,537,0,51
812,767,541,0,45
813,770,540,0,43
814,766,538,0,38
815,767,541,0,46
816,768,542,0,50
817,768,546,0,41
818,771,547,0,36
819,777,557,0,41
820,781,556,0,62
821,784,553,0,67
822,782,554,0,71
823,783,558,0,74
824,786,561,0,78
825,788,561,0,81
826,786,564,0,81
827,785,565,0,82
828,786,560,0,86
829,790,562,0,89
830,789,560,0,91
831,790,558,0,75
832,789,555,0,65
833,788,555,0,51
834,787,550,0,47
835,788,546,0,39
836,787,544,0,26
837,789,547,0,15
838,785,546,0,12
839,785,544,0,12
840,783,541,0,16
841,782,538,0,16
842,786,543,0,5
843,787,546,0,1
844,786,546,0,4
845,787,547,0,4
846,785,543,0,8
847,781,540,0,13
848,782,539,0,7
849,785,542,0,5
850,785,545,0,5
851,784,544,0,7
852,784,540,0,7
853,786,538,0,357
854,783,545,0,0
855,783,551,0,357
856,786,550,0,2
857,786,551,0,1
858,783,551,0,3
859,777,548,0,3
860,773,548,0,358
861,777,546,0,356
862,783,550,0,355
863,779,553,0,353
864,779,553,0,355
865,774,555,0,359
866,774,557,0,354
867,772,560,0,350
868,773,562,0,351
869,775,564,0,343
870,776,565,0,343
871,773,565,0,344
872,771,565,0,342
873,771,564,0,344
874,774,564,0,342
875,773,560,0,336
876,772,556,0,340
877,768,547,0,346
878,767,542,0,350
879,766,543,0,348
880,765,542,0,346
881,764,541,0,350
882,763,539,0,352
883,764,540,0,352
884,763,540,0,352
885,762,541,0,353
886,762,540,0,349
887,760,539,0,351
888,760,538,0,350
889,762,538,0,344
890,762,540,0,337
891,766,537,0,337
892,766,537,0,336
893,764,536,0,338
894,774,527,0,320
895,772,526,0,333
896,774,525,0,333
897,771,525,0,337
898,766,528,0,334
899,766,525,0,322
900,767,524,0,325
901,766,523,0,328
902,765,522,0,333
903,765,520,0,336
904,764,519,0,341
905,765,520,0,342
906,769,523,0,334
907,770,527,0,334
908,770,527,0,335
909,768,529,0,326
910,771,528,0,332
911,771,531,0,342
912,771,530,0,349
913,770,529,0,354
914,771,531,0,358
915,770,533,0,0
916,773,532,0,358
917,773,534,0,4
918,771,537,0,10
919,775,538,0,10
920,776,533,0,11
921,775,534,0,9
922,776,536,0,10
923,776,537,0,10
924,777,538,0,6
925,779,542,0,9
926,779,543,0,13
927,781,544,0,11
928,779,548,0,10
929,778,551,0,8
930,778,550,0,4
931,775,545,0,358
932,773,545,0,354
933,771,546,0,355
934,768,548,0,357
935,765,551,0,355
936,765,552,0,355
937,768,552,0,355
938,766,551,0,359
939,764,551,0,0
940,761,550,0,0
941,759,549,0,352
942,756,548,0,349
943,759,545,0,348
944,759,544,0,345
945,758,543,0,341
946,757,541,0,339
947,758,540,0,334
948,757,541,0,334
949,757,539,0,330
950,758,541,0,330
951,759,541,0,336
952,759,542,0,336
953,759,542,0,337
954,758,541,0,336
955,757,537,0,334
956,760,532,0,333
957,756,535,0,332
958,761,527,0,334
959,756,528,0,334
960,754,527,0,333
961,751,526,0,333
962,748,526,0,337
963,744,527,0,341
964,743,527,0,343
965,743,528,0,341
966,744,528,0,337
967,743,528,0,336
968,741,527,0,341
969,741,527,0,339
970,741,527,0,340
971,740,527,0,340
972,740,528,0,340
973,741,528,0,342
974,742,529,0,340
975,740,530,0,339
976,739,530,0,340
977,740,530,0,340
978,740,530,0,340
979,740,529,0,341
980,739,530,0,340
981,740,530,0,340
982,739,530,0,342
983,739,530,0,340
984,740,529,0,344
985,740,529,0,344
986,740,529,0,345
987,740,529,0,347
988,739,528,0,347
989,739,526,0,349
990,739,526,0,349
991,739,526,0,352
992,738,524,0,357
993,737,524,0,355
994,737,525,0,355
995,738,525,0,356
996,738,525,0,356
997,738,525,0,355
998,737,525,0,355
999,737,526,0,352
1000,738,526,0,351
1001,737,526,0,350
1002,737,526,0,351
1003,738,527,0,351
1004,738,527,0,350
1005,739,527,0,349
1006,738,528,0,348
1007,739,527,0,347
1008,742,533,0,346
1009,748,529,0,338
1010,750,526,0,334
1011,751,525,0,332
1012,753,527,0,325
1013,753,527,0,322
1014,755,526,0,319
1015,754,526,0,314
1016,756,525,0,309
1017,758,525,0,308
1018,769,520,0,304
1019,774,517,0,294
1020,781,516,0,293
1021,785,516,0,287
1022,787,514,0,278
1023,790,515,0,277
1024,790,518,0,279
1025,790,517,0,265
1026,793,516,0,252
1027,800,516,0,247
1028,806,515,0,259
1029,814,510,0,257
1030,820,509,0,257
1031,824,505,0,251
1032,823,499,0,242
1033,824,493,0,250
1034,829,490,0,247
1035,832,487,0,252
1036,835,486,0,241
1037,842,478,0,243
1038,846,475,0,241
1039,847,472,0,243
1040,848,472,0,241
1041,848,472,0,239
1042,847,475,0,236
1043,848,475,0,232
1044,850,475,0,224
1045,849,472,0,215
1046,847,469,0,221
1047,851,468,0,236
1048,849,466,0,236
1049,848,466,0,238
1050,847,465,0,243
1051,847,465,0,239
1052,849,462,0,233
1053,850,460,0,229
1054,853,457,0,242
1055,852,457,0,245
1056,852,456,0,243
1057,853,455,0,244
1058,854,456,0,244
1059,855,455,0,243
1060,853,454,0,243
1061,855,453,0,239
1062,855,452,0,239
1063,856,449,0,237
1064,859,448,0,239
1065,859,447,0,238
1066,860,447,0,238
1067,860,447,0,237
1068,860,446,0,234
1069,860,444,0,236
1070,861,443,0,235
1071,861,442,0,237
1072,863,440,0,237
1073,862,441,0,238
1074,861,442,0,238
1075,861,442,0,236
1076,861,441,0,240
1077,861,441,0,241
1078,861,441,0,242
1079,861,442,0,237
1080,860,443,0,232
1081,861,446,0,238
1082,859,447,0,233
1083,857,448,0,231
1084,854,448,0,235
1085,853,449,0,244
1086,853,447,0,250
1087,859,443,0,251
1088,860,444,0,250
1089,863,440,0,243
1090,866,438,0,247
1091,866,436,0,249
1092,865,435,0,243
1093,868,433,0,249
1094,870,431,0,248
1095,872,429,0,239
1096,872,429,0,232
1097,872,430,0,227
1098,871,428,0,237
1099,872,426,0,239
1100,875,424,0,236
1101,876,422,0,234
1102,877,418,0,234
1103,880,416,0,228
1104,883,416,0,227
1105,885,420,0,219
1106,887,421,0,220
1107,886,421,0,221
1108,885,421,0,223
1109,886,420,0,227
1110,887,419,0,240
1111,886,420,0,243
1112,882,422,0,234
1113,880,426,0,228
1114,878,430,0,228
1115,877,433,0,228
1116,877,434,0,232
1117,877,434,0,227
1118,878,434,0,238
1119,879,434,0,248
1120,878,433,0,248
1121,876,433,0,247
1122,874,433,0,257
1123,872,431,0,266
1124,869,430,0,263
1125,868,428,0,261
1126,868,427,0,265
1127,868,426,0,266
1128,867,425,0,263
1129,865,422,0,264
1130,865,419,0,265
1131,865,419,0,265
1132,864,420,0,266
1133,865,419,0,268
1134,865,419,0,268
1135,866,420,0,268
1136,867,420,0,267
1137,868,420,0,266
1138,868,420,0,266
1139,868,420,0,266
1140,868,420,0,267
1141,868,420,0,266
1142,869,420,0,265
1143,869,420,0,266
1144,868,420,0,267
1145,869,423,0,265
1146,869,425,0,266
1147,868,428,0,266
1148,866,431,0,270
1149,867,433,0,283
1150,867,431,0,295
1151,865,431,0,297
1152,865,432,0,305
1153,865,433,0,313
1154,864,434,0,316
1155,863,433,0,322
1156,865,433,0,327
1157,867,432,0,333
1158,865,432,0,336
1159,864,433,0,341
1160,869,427,0,342
1161,867,428,0,348
1162,865,431,0,351
1163,862,433,0,355
1164,861,433,0,357
1165,858,438,0,3
1166,858,439,0,4
1167,859,440,0,6
1168,860,439,0,7
1169,859,440,0,6
1170,859,443,0,6
1171,857,440,0,11
1172,855,443,0,3
1173,852,443,0,2
1174,850,443,0,6
1175,843,441,0,3
1176,841,441,0,3
1177,841,443,0,359
1178,839,445,0,5
1179,836,445,0,4
1180,832,444,0,7
1181,831,443,0,9
1182,831,441,0,10
1183,831,443,0,10
1184,828,444,0,12
1185,823,442,0,21
1186,820,440,0,13
1187,818,443,0,7
1188,814,444,0,12
1189,806,442,0,13
1190,798,443,0,15
1191,794,441,0,16
1192,793,442,0,16
1193,790,444,0,18
1194,787,444,0,15
1195,788,444,0,22
1196,788,443,0,20
1197,785,446,0,23
1198,779,448,0,16
1199,776,448,0,13
1200,773,449,0,11
1201,770,449,0,18
1202,766,451,0,22
1203,762,449,0,27
1204,758,450,0,22
1205,757,454,0,28
1206,757,453,0,22
1207,760,453,0,16
1208,763,453,0,14
1209,760,454,0,16
1210,755,455,0,8
1211,752,453,0,4
1212,749,456,0,4
1213,749,457,0,5
1214,749,459,0,4
1215,745,461,0,2
1216,740,459,0,359
1217,743,459,0,351
1218,750,459,0,353
1219,747,457,0,352
1220,745,455,0,354
1221,737,453,0,350
1222,735,452,0,346
1223,730,452,0,336
1224,726,452,0,325
1225,726,451,0,318
1226,725,452,0,319
1227,724,450,0,319
1228,718,451,0,315
1229,716,449,0,314
1230,711,448,0,312
1231,710,444,0,312
1232,708,443,0,311
1233,703,439,0,311
1234,705,436,0,307
1235,706,436,0,305
1236,705,437,0,297
1237,706,435,0,296
1238,709,431,0,298
1239,709,432,0,294
1240,712,430,0,285
1241,714,427,0,277
1242,715,428,0,279
1243,714,428,0,275
1244,715,429,0,277
1245,715,431,0,278
1246,716,436,0,279
1247,717,438,0,275
1248,719,438,0,272
1249,721,438,0,269
1250,725,435,0,262
1251,727,444,0,264
1252,724,453,0,268
1253,727,452,0,283
1254,724,453,0,282
1255,727,449,0,281
1256,727,449,0,279
1257,736,450,0,278
1258,743,450,0,293
1259,747,447,0,304
1260,738,451,0,301
1261,735,450,0,302
1262,730,452,0,293
1263,727,451,0,293
1264,721,450,0,287
1265,720,448,0,283
1266,719,448,0,281
1267,719,446,0,280
1268,721,443,0,279
1269,720,440,0,276
1270,722,440,0,281
1271,723,440,0,280
1272,722,437,0,273
1273,724,434,0,269
1274,725,436,0,268
1275,725,436,0,267
1276,725,442,0,272
1277,721,440,0,278
1278,720,440,0,275
1279,721,441,0,264
1280,720,444,0,264
1281,715,448,0,267
1282,711,446,0,271
1283,708,445,0,267
1284,700,444,0,255
1285,698,441,0,242
1286,699,439,0,228
1287,701,437,0,226
1288,699,441,0,222
1289,699,444,0,220
1290,698,446,0,223
1291,697,448,0,224
1292,693,451,0,228
1293,692,455,0,231
1294,691,456,0,228
1295,690,457,0,222
1296,690,456,0,213
1297,691,453,0,208
1298,692,449,0,206
1299,694,449,0,205
1300,697,448,0,209
1301,695,447,0,217
1302,693,446,0,226
1303,689,446,0,232
1304,687,448,0,235
1305,684,448,0,238
1306,684,448,0,241
1307,684,448,0,246
1308,684,448,0,248
1309,684,445,0,249
1310,679,440,0,255
1311,679,439,0,245
1312,679,437,0,239
1313,679,437,0,230
1314,683,436,0,217
1315,690,438,0,213
1316,693,438,0,209
1317,695,443,0,217
1318,692,445,0,220
1319,690,448,0,224
1320,689,449,0,232
1321,687,454,0,240
1322,686,454,0,250
1323,684,455,0,251
1324,684,453,0,261
1325,684,452,0,263
1326,684,452,0,273
1327,680,448,0,270
1328,679,446,0,265
1329,678,449,0,263
1330,678,451,0,259
1331,679,452,0,273
1332,678,449,0,280
1333,675,445,0,280
1334,672,446,0,278
1335,669,447,0,277
1336,667,447,0,272
1337,664,442,0,258
1338,667,439,0,246
1339,669,438,0,244
1340,671,435,0,241
1341,670,432,0,241
1342,676,427,0,230
1343,679,429,0,229
1344,680,431,0,231
1345,681,430,0,229
1346,683,430,0,226
1347,685,428,0,225
1348,686,430,0,223
1349,688,435,0,215
1350,688,441,0,223
1351,689,448,0,224
1352,691,451,0,219
1353,693,447,0,220
1354,697,444,0,222
1355,698,437,0,223
1356,699,436,0,220
1357,701,436,0,219
1358,702,436,0,225
1359,701,434,0,225
1360,700,431,0,223
1361,699,429,0,226
1362,700,429,0,229
1363,700,428,0,232
1364,700,428,0,233
1365,699,429,0,231
1366,699,427,0,230
1367,699,426,0,234
1368,698,426,0,235
1369,698,423,0,240
1370,697,422,0,245
1371,693,422,0,248
1372,691,421,0,247
1373,692,420,0,245
1374,690,421,0,243
1375,689,421,0,243
1376,692,421,0,240
1377,692,421,0,239
1378,695,421,0,237
1379,695,422,0,238
1380,696,421,0,237
1381,696,421,0,238
1382,697,421,0,239
1383,698,421,0,238
1384,698,422,0,239
1385,697,423,0,240
1386,696,425,0,240
1387,697,424,0,241
1388,698,424,0,240
1389,699,423,0,240
1390,698,423,0,240
1391,697,425,0,241
1392,696,425,0,237
1393,698,423,0,237
1394,698,425,0,235
1395,699,425,0,234
1396,698,426,0,237
1397,696,426,0,239
1398,694,427,0,239
1399,693,427,0,234
1400,691,431,0,235
1401,691,433,0,235
1402,690,435,0,244
1403,688,436,0,247
1404,686,439,0,254
1405,683,443,0,252
1406,680,444,0,256
1407,678,443,0,257
1408,676,443,0,260
1409,676,443,0,263
1410,674,443,0,266
1411,674,441,0,267
1412,674,440,0,264
1413,673,438,0,261
1414,673,437,0,258
1415,672,438,0,256
1416,673,437,0,255
1417,675,435,0,254
1418,677,434,0,245
1419,677,435,0,244
1420,679,434,0,247
1421,680,432,0,242
1422,680,431,0,237
1423,681,431,0,235
1424,682,431,0,238
1425,683,431,0,240
1426,679,432,0,243
1427,679,430,0,242
1428,685,425,0,239
1429,684,424,0,235
1430,687,424,0,233
1431,692,421,0,230
1432,695,420,0,230
1433,695,420,0,232
1434,694,421,0,233
1435,693,421,0,231
1436,692,421,0,236
1437,692,421,0,236
1438,693,419,0,236
1439,690,421,0,233
1440,688,425,0,233
1441,688,427,0,235
1442,687,428,0,236
1443,684,432,0,239
1444,682,436,0,239
1445,682,437,0,237
1446,682,437,0,237
1447,679,436,0,239
1448,678,437,0,240
1449,679,437,0,244
1450,678,436,0,248
1451,678,436,0,250
1452,678,433,0,254
1453,677,432,0,255
1454,677,431,0,252
1455,677,430,0,248
1456,678,434,0,243
1457,677,436,0,242
1458,676,437,0,238
1459,676,439,0,233
1460,678,437,0,238
1461,678,435,0,238
1462,677,436,0,240
1463,677,435,0,242
1464,677,437,0,242
1465,674,438,0,244
1466,674,443,0,247
1467,673,444,0,251
1468,672,442,0,245
1469,670,444,0,236
1470,673,446,0,235
1471,667,455,0,223
1472,671,453,0,221
1473,676,455,0,225
1474,672,454,0,231
1475,671,456,0,234
1476,669,457,0,226
1477,671,455,0,226
1478,671,454,0,225
1479,671,455,0,229
1480,675,456,0,242
1481,672,458,0,242
1482,669,458,0,235
1483,668,457,0,226
1484,667,457,0,226
1485,666,458,0,237
1486,670,457,0,238
1487,672,455,0,243
1488,675,452,0,243
1489,679,447,0,239
1490,679,445,0,240
1491,676,443,0,242
1492,673,440,0,243
1493,672,439,0,252
1494,671,440,0,257
1495,675,438,0,272
1496,672,437,0,277
1497,669,434,0,278
1498,668,433,0,285
1499,669,432,0,289
1500,667,431,0,290
1501,664,431,0,294
1502,661,429,0,295
1503,659,429,0,297
1504,657,429,0,303
1505,656,431,0,302
1506,656,434,0,307
1507,654,433,0,310
1508,653,428,0,312
1509,652,421,0,315
1510,649,419,0,312
1511,648,420,0,314
1512,647,421,0,308
1513,645,420,0,304
1514,645,420,0,299
1515,645,420,0,297
1516,647,422,0,296
1517,647,420,0,295
1518,645,418,0,286
1519,646,416,0,279
1520,647,414,0,279
1521,648,414,0,278
1522,651,414,0,279
1523,654,418,0,270
1524,658,420,0,262
1525,660,419,0,255
1526,664,419,0,247
1528,673,414,0,222
1529,678,416,0,217
1530,682,415,0,215
1531,684,414,0,214
1532,686,414,0,215
1533,687,413,0,212
1534,687,414,0,212
1535,688,416,0,213
1536,689,418,0,212
1537,694,413,0,217
1538,694,411,0,216
1539,692,416,0,216
1540,691,420,0,217
1541,692,421,0,217
1542,691,422,0,219
1543,690,422,0,218
1544,692,420,0,224
1545,693,418,0,224
1546,693,417,0,223
1547,693,417,0,225
1548,694,417,0,223
1549,694,417,0,222
1550,695,416,0,225
1551,696,416,0,225
1552,696,416,0,228
1553,696,416,0,227
1554,696,417,0,228
1555,696,417,0,229
1556,696,417,0,229
1557,697,418,0,227
1558,697,419,0,227
1559,697,420,0,229
1560,695,421,0,235
1561,691,419,0,240
1562,690,418,0,239
1563,690,416,0,232
1564,690,418,0,234
1565,689,420,0,225
1566,691,423,0,224
1567,689,427,0,225
1568,687,433,0,223
1569,684,439,0,226
1570,684,441,0,229
1571,683,442,0,234
1572,682,443,0,235
1573,682,442,0,228
1574,681,442,0,222
1575,681,439,0,216
1576,682,436,0,216
1577,680,437,0,224
1578,680,437,0,229
1579,679,438,0,229
1580,679,440,0,232
1581,676,443,0,247
1582,672,443,0,250
1583,673,442,0,249
1584,678,454,0,255
1585,675,456,0,257
1586,673,455,0,249
1587,672,460,0,246
1588,671,460,0,244
1589,667,464,0,234
1590,669,465,0,240
1591,667,470,0,241
1592,667,472,0,252
1593,667,470,0,247
1594,667,471,0,242
1595,668,472,0,238
1597,666,475,0,243
1598,664,475,0,246
1599,666,471,0,232
1600,666,468,0,212
1601,673,463,0,197
1602,679,464,0,186
1603,680,466,0,187
1604,685,473,0,184
1605,685,478,0,175
1606,689,479,0,161
1607,690,482,0,151
1608,694,486,0,145
1609,694,494,0,132
1610,698,496,0,132
1611,701,495,0,137
1612,695,502,0,132
1613,696,515,0,128
1614,701,524,0,137
1615,701,527,0,138
1616,708,533,0,144
1617,709,536,0,141
1618,706,542,0,133
1619,704,547,0,128
1620,707,555,0,125
1621,707,564,0,132
1622,708,568,0,143
1623,709,576,0,148
1624,715,586,0,160
1625,718,585,0,162
1626,727,585,0,171
1627,737,588,0,181
1628,740,588,0,178
1629,751,590,0,177
1630,763,594,0,176
1631,771,597,0,176
1632,778,600,0,179
1633,786,596,0,187
1634,795,598,0,200
1635,801,598,0,202
1636,812,593,0,211
1637,817,592,0,212
1638,822,590,0,211
1639,827,585,0,205
1640,837,578,0,206
1641,843,578,0,214
1642,847,580,0,210
1643,854,583,0,204
1644,863,583,0,197
1645,868,582,0,200
1646,870,578,0,189
1647,877,581,0,187
1648,879,581,0,188
1649,875,584,0,185
1650,873,588,0,206
1651,873,588,0,210
1653,872,589,0,220
1654,872,588,0,223
1655,876,586,0,241
1656,873,586,0,248
1657,872,587,0,256
1658,873,589,0,258
1659,872,589,0,257
1660,872,588,0,259
1661,871,586,0,263
1662,871,586,0,264
1663,871,584,0,267
1664,872,583,0,260
1665,872,577,0,262
1666,870,573,0,264
1667,870,571,0,266
1668,869,569,0,267
1669,865,564,0,271
1670,865,561,0,270
1671,865,561,0,273
1672,863,556,0,269
1673,864,553,0,271
1674,864,551,0,271
1675,864,551,0,273
1676,864,550,0,272
1677,863,550,0,272
1678,862,550,0,273
1679,862,549,0,277
1680,862,549,0,280
1681,860,549,0,279
1682,858,547,0,281
1683,858,546,0,283
1684,859,544,0,284
1685,859,543,0,277
1686,858,539,0,275
1687,862,540,0,280
1688,863,540,0,278
1689,863,540,0,273
1690,865,538,0,271
1691,869,538,0,265
1692,869,539,0,267
1693,870,541,0,263
1694,869,537,0,261
1695,868,529,0,255
1696,869,524,0,257
1697,868,520,0,257
1698,869,518,0,256
1699,867,517,0,251
1700,869,515,0,248
1701,872,514,0,243
1702,873,512,0,242
1703,874,509,0,241
1704,872,513,0,245
1705,872,512,0,252
1706,872,510,0,256
1707,871,509,0,257
1708,870,509,0,256
1709,869,509,0,259
1710,869,510,0,263
1711,867,510,0,263
1712,867,509,0,264
1713,867,509,0,267
1714,869,510,0,268
1715,869,514,0,272
1716,863,520,0,285
1717,859,518,0,293
1718,857,520,0,293
1719,854,521,0,298
1720,852,523,0,304
1721,850,523,0,309
1722,849,523,0,314
1723,852,520,0,311
1724,848,521,0,309
1725,844,521,0,310
1726,843,519,0,311
1727,843,518,0,314
1728,843,518,0,312
1729,843,518,0,315
1730,842,517,0,314
1731,841,516,0,314
1732,839,514,0,315
1733,838,513,0,314
1734,838,514,0,313
1735,838,514,0,310
1736,836,514,0,306
1737,835,516,0,300
1738,834,521,0,300
1739,835,521,0,301
1740,833,516,0,304
1741,831,516,0,307
1742,829,516,0,311
1743,828,516,0,313
1744,826,516,0,311
1745,824,515,0,310
1746,822,515,0,315
1747,821,518,0,330
1748,821,518,0,333
1749,820,517,0,333
1750,823,517,0,328
1751,826,513,0,323
1752,825,513,0,316
1753,823,514,0,313
1754,823,513,0,310
1755,824,512,0,303
1756,823,510,0,298
1757,823,510,0,300
1758,823,511,0,300
1759,822,510,0,301
1760,822,510,0,302
1761,821,511,0,300
1762,821,510,0,302
1763,821,511,0,304
1764,820,510,0,306
1765,818,509,0,306
1766,818,511,0,308
1767,819,512,0,309
1768,820,513,0,308
1769,819,511,0,305
1770,817,513,0,313
1771,816,515,0,314
1772,817,516,0,310
1773,817,515,0,307
1774,815,514,0,307
1775,815,513,0,308
1776,815,513,0,307
1777,813,513,0,304
1778,813,514,0,299
1779,810,513,0,294
1780,809,515,0,294
1781,809,516,0,285
1782,806,516,0,281
1783,806,516,0,274
1784,807,516,0,272
1785,809,516,0,268
1786,814,513,0,266
1787,814,512,0,266
1788,815,509,0,258
1789,816,508,0,260
1790,814,506,0,256
1791,814,503,0,250
1792,816,501,0,239
1793,820,500,0,236
1794,823,501,0,236
1795,828,501,0,235
1796,830,498,0,229
1797,835,498,0,218
1798,839,499,0,205
1799,845,496,0,208
1800,848,496,0,209
1801,851,496,0,208
1802,858,492,0,206
1803,862,495,0,198
1804,863,494,0,188
1805,867,491,0,186
1806,869,491,0,191
1807,872,485,0,202
1808,879,481,0,211
1809,881,483,0,209
1810,882,483,0,210
1811,886,482,0,206
1812,890,479,0,207
1813,891,478,0,206
1814,890,478,0,206
1815,891,478,0,206
1816,891,478,0,202
1817,889,477,0,193
1818,893,480,0,185
1819,896,481,0,182
1820,899,480,0,179
1821,902,480,0,175
1822,904,482,0,175
1823,905,483,0,175
1824,906,484,0,178
1825,909,483,0,174
1826,910,484,0,172
1827,913,486,0,177
1828,914,486,0,184
1829,915,485,0,192
1830,914,483,0,195
1831,913,481,0,199
1832,915,476,0,194
1833,915,474,0,197
1834,918,475,0,198
1835,921,472,0,202
1836,924,470,0,199
1837,929,470,0,199
1838,932,470,0,198
1839,937,469,0,197
1840,940,470,0,189
1841,943,471,0,177
1842,945,473,0,174
1843,946,473,0,178
1844,947,472,0,179
1845,948,473,0,180
1846,948,472,0,183
1847,949,471,0,187
1848,953,469,0,195
1849,954,466,0,199
1850,955,464,0,204
1851,956,463,0,200
1852,957,464,0,199
1853,962,463,0,195
1854,963,464,0,195
1855,964,462,0,201
1856,968,460,0,201
1857,971,461,0,206
1858,976,462,0,211
1859,978,459,0,212
1860,979,461,0,208
1861,980,463,0,205
1862,981,464,0,202
1863,984,465,0,200
1864,985,464,0,199
1865,985,464,0,201
1866,986,463,0,201
1867,986,464,0,196
1868,984,468,0,196
1869,981,468,0,187
1870,979,469,0,182
1871,979,471,0,177
1872,978,472,0,180
1873,978,473,0,180
1874,978,473,0,183
1875,977,474,0,192
1876,975,471,0,201
1877,973,471,0,215
1878,973,470,0,219
1879,973,468,0,219
1880,971,467,0,224
1881,969,467,0,228
1882,967,466,0,244
1883,962,464,0,259
1884,962,463,0,265
1885,959,461,0,276
1886,958,460,0,278
1888,958,462,0,292
1891,958,462,0,294
1892,957,461,0,299
1893,956,461,0,305
1894,956,463,0,308
1895,954,465,0,313
1896,957,467,0,322
1897,957,467,0,323
1898,957,466,0,329
1899,956,467,0,339
1900,952,469,0,345
1901,950,469,0,348
1902,946,469,0,347
1903,942,467,0,348
1904,942,467,0,349
1905,940,468,0,352
1906,940,471,0,356
1907,940,471,0,358
1908,938,472,0,358
1909,938,472,0,357
1910,938,472,0,1
1911,937,472,0,0
1912,937,472,0,0
1913,936,473,0,4
1914,935,475,0,4
1915,935,475,0,4
1916,933,480,0,4
1917,933,478,0,3
1918,931,477,0,3
1919,931,478,0,359
1920,930,478,0,358
1921,928,476,0,359
1922,926,476,0,2
1923,925,478,0,3
1924,924,476,0,1
1925,924,478,0,359
1926,924,479,0,2
1927,924,479,0,3
1928,927,479,0,4
1929,926,478,0,6
1930,926,479,0,6
1931,926,478,0,4
1932,926,478,0,359
1933,926,477,0,356
1934,924,478,0,352
1935,924,477,0,349
1936,925,477,0,348
1937,924,477,0,346
1938,924,477,0,346
1939,925,477,0,347
1940,925,479,0,345
1941,924,478,0,347
1942,923,478,0,353
1943,922,480,0,350
1944,922,480,0,348
1945,921,481,0,346
1946,919,481,0,349
1947,919,481,0,349
1948,921,483,0,348
1949,920,483,0,347
1950,917,481,0,349
1951,912,473,0,11
1952,911,474,0,7
1953,911,480,0,0
1954,913,481,0,1
1955,911,483,0,359
1956,909,487,0,6
1957,909,485,0,2
1958,910,486,0,8
1959,914,483,0,7
1960,916,483,0,14
1961,918,482,0,14
1962,916,484,0,24
1963,917,486,0,32
1964,919,488,0,37
1965,918,489,0,43
1966,918,491,0,40
1967,920,495,0,60
1968,919,499,0,66
1969,920,502,0,70
1970,920,503,0,79
1971,922,507,0,83
1972,923,508,0,84
1973,924,510,0,79
1974,922,518,0,65
1975,920,523,0,63
1976,919,525,0,67
1977,916,528,0,66
1978,913,532,0,57
1979,916,538,0,47
1980,916,540,0,50
1981,916,543,0,45
1982,915,546,0,43
1983,913,552,0,46
1984,908,551,0,46
1985,905,552,0,46
1986,904,553,0,47
1987,902,553,0,48
1988,901,555,0,42
1989,896,555,0,41
1990,893,558,0,39
1991,892,560,0,37
1992,891,564,0,39
1993,889,563,0,38
1994,889,565,0,38
1995,886,566,0,37
1996,883,568,0,35
1997,881,569,0,35
1998,884,571,0,33
1999,883,572,0,33
2000,884,571,0,36
2001,886,573,0,42
2002,886,572,0,49
2003,890,576,0,39
2004,889,577,0,46
2005,888,579,0,51
2006,890,581,0,61
2007,889,583,0,63
2008,888,585,0,69
2009,886,587,0,72
2010,885,589,0,73
2011,885,589,0,72
2012,885,590,0,76
2013,885,590,0,78
2014,884,591,0,76
2015,884,592,0,81
2016,880,594,0,81
2017,883,596,0,71
2018,882,596,0,67
2019,882,592,0,67
2020,885,591,0,68
2021,886,590,0,72
2022,884,589,0,75
2023,885,589,0,82
2024,884,591,0,84
2025,885,592,0,81
2026,886,592,0,78
2027,885,592,0,79
2028,884,593,0,80
2029,884,594,0,82
2030,884,596,0,81
2031,884,597,0,83
2032,885,597,0,81
2033,884,596,0,79
2034,882,595,0,78
2035,883,597,0,75
2036,884,598,0,78
2037,885,597,0,79
2038,885,596,0,74
2039,884,591,0,65
2040,887,588,0,60
2041,886,585,0,59
2042,889,584,0,49
2043,889,581,0,40
2044,889,576,0,31
2045,891,573,0,32
2046,891,572,0,31
2047,892,568,0,23
2048,892,567,0,16
2049,891,566,0,8
2050,893,564,0,357
2051,888,561,0,344
2052,885,559,0,341
2053,882,554,0,326
2054,874,552,0,317
2055,871,552,0,308
2056,870,550,0,299
2057,873,550,0,293
2058,875,550,0,297
2059,872,551,0,293
2060,871,550,0,288
2061,871,549,0,280
2062,871,547,0,278
2063,869,547,0,277
2064,868,546,0,276
2065,869,540,0,270
2066,870,539,0,267
2067,871,538,0,261
2068,871,533,0,250
2069,873,530,0,243
2071,875,526,0,238
2072,876,525,0,239
2073,877,525,0,238
2074,879,524,0,235
2075,880,526,0,233
2076,881,526,0,231
2077,881,525,0,233
2078,881,524,0,234
2079,880,521,0,228
2080,882,522,0,220
2081,882,523,0,220
2082,879,524,0,226
2083,879,522,0,226
2084,875,522,0,225
2085,872,522,0,229
2086,868,521,0,223
2087,868,519,0,216
2088,870,517,0,215
2089,870,516,0,211
2090,871,514,0,208
2091,877,510,0,197
2092,879,512,0,194
2093,883,513,0,194
2094,886,512,0,191
2095,889,514,0,188
2096,893,518,0,182
2097,895,519,0,183
2098,896,519,0,182
2099,898,520,0,180
2100,899,520,0,180
2101,901,521,0,175
2102,903,522,0,169
2103,903,523,0,169
2104,905,523,0,166
2105,906,521,0,172
2106,904,521,0,169
2107,898,521,0,171
2108,892,519,0,171
2109,892,519,0,169
2110,891,519,0,170
2111,886,518,0,168
2112,885,519,0,169
2113,883,520,0,168
2114,884,520,0,151
2115,885,521,0,148
2116,888,523,0,150
2117,891,528,0,154
2118,892,531,0,157
2119,893,534,0,160
2120,896,534,0,161
2121,897,534,0,162
2122,899,534,0,161
2123,906,536,0,163
2124,908,536,0,167
2125,908,537,0,171
2126,911,540,0,186
2127,911,539,0,188
2128,909,537,0,189
2129,908,536,0,190
2130,915,535,0,184
2131,915,536,0,185
2132,912,535,0,190
2133,912,535,0,190
2134,910,534,0,193
2135,911,534,0,192
2136,911,534,0,190
2137,909,535,0,187
2138,907,539,0,192
2139,904,541,0,200
2140,903,541,0,199
2141,903,541,0,200
2142,903,541,0,194
2143,905,541,0,185
2144,905,541,0,185
2145,906,540,0,190
2146,905,540,0,190
2147,904,539,0,188
2148,901,539,0,189
2149,901,539,0,190
2150,900,540,0,191
2151,901,539,0,189
2152,901,539,0,190
2153,900,539,0,190
2154,898,538,0,181
2155,896,536,0,173
2156,896,534,0,155
2157,898,534,0,162
2158,903,536,0,173
2159,906,537,0,179
2160,907,539,0,171
2161,909,540,0,169
2162,911,541,0,176
2163,913,539,0,176
2164,913,539,0,176
2165,909,534,0,177
2166,905,531,0,179
2167,903,529,0,177
2168,903,530,0,166
2169,904,534,0,154
2170,904,538,0,140
2171,906,540,0,133
2172,909,546,0,140
2173,911,548,0,147
2174,912,553,0,150
2175,914,554,0,149
2176,914,556,0,145
2177,914,560,0,140
2178,917,562,0,136
2179,919,563,0,135
2180,922,561,0,138
2181,927,562,0,143
2182,929,561,0,147
2183,930,560,0,151
2184,931,559,0,152
2185,936,557,0,151
2186,936,560,0,150
2187,937,564,0,144
2188,937,569,0,143
2189,938,572,0,133
2190,939,570,0,139
2191,938,571,0,135
2192,939,573,0,133
2193,942,576,0,137
2194,942,579,0,129
2195,942,579,0,128
2196,942,581,0,128
2197,944,581,0,131
2198,946,581,0,136
2199,946,580,0,137
2200,945,580,0,128
2201,942,579,0,124
2202,938,576,0,117
2203,936,575,0,113
2204,938,576,0,108
2205,940,580,0,102
2206,941,584,0,97
2207,942,590,0,85
2208,938,590,0,85
2209,940,583,0,84
2210,937,583,0,88
2211,932,582,0,87
2212,930,581,0,88
2213,932,578,0,84
2214,932,576,0,77
2215,932,577,0,68
2216,931,579,0,62
2217,929,579,0,61
2218,926,579,0,54
2219,922,580,0,47
2220,921,584,0,39
2221,917,584,0,39
2222,913,586,0,35
2223,908,584,0,31
2224,906,585,0,26
2225,904,583,0,18
2226,900,583,0,14
2227,897,584,0,12
2228,893,582,0,9
2229,891,579,0,6
2230,886,579,0,359
2231,884,579,0,355
2232,883,581,0,354
2233,883,581,0,355
2234,882,581,0,356
2235,883,582,0,357
2236,885,584,0,356
2237,885,584,0,356
2238,884,584,0,356
2239,886,583,0,358
2240,885,584,0,359
2241,885,584,0,356
2242,884,584,0,354
2243,886,585,0,356
2244,886,586,0,351
2245,887,586,0,341
2246,892,584,0,330
2247,890,583,0,325
2248,892,581,0,328
2249,892,581,0,329
2250,890,580,0,324
2251,886,579,0,319
2252,883,578,0,315
2253,879,575,0,316
2254,877,572,0,309
2255,877,572,0,309
2256,876,571,0,308
2257,874,570,0,305
2258,870,568,0,303
2259,868,564,0,305
2260,866,563,0,306
2261,863,564,0,309
2262,863,564,0,313
2263,862,563,0,316
2264,861,563,0,317
2265,861,563,0,319
2266,860,563,0,319
2267,858,562,0,316
2268,856,561,0,316
2269,854,560,0,316
2270,855,560,0,313
2271,855,559,0,310
2272,854,558,0,310
2273,854,559,0,311
2274,853,559,0,312
2275,852,560,0,313
2276,851,563,0,314
2277,849,564,0,320
2278,848,564,0,322
2279,847,564,0,322
2280,845,565,0,320
2281,844,564,0,322
2282,844,564,0,325
2283,842,564,0,327
2284,841,564,0,331
2285,840,564,0,332
2286,839,566,0,337
2287,839,567,0,339
2288,839,568,0,339
2289,838,569,0,336
2290,839,571,0,340
2291,842,577,0,350
2292,839,581,0,355
2293,837,581,0,358
2294,834,580,0,356
2295,827,580,0,351
2296,823,582,0,349
2297,818,580,0,346
2298,818,578,0,341
2299,816,575,0,335
2300,813,576,0,332
2301,810,575,0,337
2302,806,574,0,338
2303,803,575,0,331
2304,802,570,0,333
2305,801,569,0,333
2306,800,567,0,331
2307,797,570,0,329
2308,799,575,0,335
2309,800,579,0,342
2310,798,578,0,337
2311,795,576,0,337
2312,799,578,0,344
2313,799,578,0,343
2314,799,578,0,347
2315,799,577,0,344
2316,798,575,0,336
2317,798,576,0,336
2318,801,575,0,333
2319,801,575,0,334
2320,801,574,0,333
2321,801,574,0,336
2322,804,575,0,335
2323,805,575,0,334
2324,803,575,0,332
2325,802,572,0,328
2326,803,570,0,328
2327,804,571,0,327
2328,802,572,0,329
2329,800,573,0,332
2330,800,571,0,330
2331,799,570,0,329
2332,799,570,0,328
2333,799,568,0,329
2334,798,568,0,326
2335,799,568,0,326
2336,798,567,0,324
2337,799,565,0,322
2338,799,565,0,324
2339,797,567,0,323
2340,798,567,0,323
2341,797,570,0,325
2342,797,567,0,324
2343,798,565,0,320
2344,798,566,0,317
2345,797,566,0,320
2346,796,563,0,320
2347,796,563,0,316
2348,799,562,0,314
2349,797,561,0,315
2350,796,560,0,314
2351,796,558,0,308
2352,795,560,0,298
2353,796,559,0,292
2354,795,560,0,291
2355,793,559,0,285
2356,793,557,0,282
2357,794,554,0,285
2358,795,553,0,285
2359,795,551,0,287
2360,794,549,0,280
2361,796,547,0,275
2362,798,541,0,273
2363,798,537,0,273
2364,797,534,0,273
2365,796,531,0,270
2366,796,529,0,273
2367,795,528,0,274
2368,795,527,0,276
2369,793,525,0,275
2370,793,523,0,276
2371,794,520,0,278
2372,794,514,0,282
2373,794,511,0,282
2374,792,509,0,283
2375,791,507,0,283
2376,789,506,0,280
2377,789,504,0,280
2378,790,506,0,276
2379,791,511,0,277
2380,791,513,0,277
2381,791,514,0,273
2382,790,515,0,266
2383,791,512,0,265
2384,791,510,0,267
2385,790,510,0,267
2386,790,509,0,264
2387,792,509,0,261
2388,794,509,0,258
2389,794,510,0,258
2390,795,512,0,252
2391,796,513,0,253
2392,799,510,0,258
2393,799,511,0,258
2394,799,509,0,253
2395,798,511,0,254
2396,797,512,0,245
2397,798,511,0,253
2398,799,508,0,249
2399,802,507,0,243
2400,808,508,0,239
2401,807,506,0,235
2402,813,506,0,228
2403,813,507,0,226
2404,816,505,0,224
2405,820,505,0,223
2406,821,506,0,222
2407,821,504,0,215
2408,821,505,0,217
2409,822,505,0,216
2410,821,502,0,209
2411,825,502,0,205
2412,827,501,0,199
2413,829,505,0,186
2414,829,508,0,184
2415,831,511,0,183
2416,832,511,0,177
2417,835,513,0,164
2418,837,516,0,156
2419,839,519,0,156
2420,841,519,0,161
2421,841,519,0,161
2422,841,519,0,156
2423,840,520,0,148
2424,837,520,0,144
2425,836,520,0,142
2426,835,521,0,136
2427,835,522,0,135
2428,836,523,0,144
2429,837,523,0,150
2430,840,528,0,147
2431,841,530,0,145
2432,842,535,0,142
2433,842,537,0,140
2434,842,540,0,129
2435,841,545,0,110
2436,840,546,0,102
2437,840,549,0,94
2438,837,549,0,96
2439,835,551,0,84
2440,833,555,0,75
2441,829,556,0,67
2442,828,557,0,66
2443,825,559,0,65
2444,823,559,0,66
2445,822,560,0,65
2446,822,562,0,65
2447,819,564,0,64
2448,816,566,0,60
2449,815,568,0,55
2450,815,571,0,55
2451,815,574,0,51
2452,812,576,0,51
2453,811,577,0,52
2454,810,578,0,54
2455,810,579,0,53
2456,810,581,0,48
2457,810,583,0,45
2458,809,583,0,44
2459,809,584,0,46
2460,808,584,0,45
2461,807,585,0,37
2462,810,583,0,34
2463,809,588,0,41
2464,807,591,0,44
2465,801,595,0,51
2466,799,599,0,54
2467,796,598,0,53
2468,793,600,0,51
2469,790,604,0,47
2470,786,605,0,48
2471,785,606,0,32
2472,780,606,0,37
2473,779,609,0,29
2474,777,613,0,30
2475,773,614,0,34
2476,771,616,0,38
2477,770,621,0,37
2478,766,622,0,33
2479,764,622,0,23
2480,760,627,0,25
2481,756,632,0,22
2482,754,634,0,16
2483,756,636,0,356
2484,754,635,0,355
2485,754,638,0,348
2486,755,637,0,342
2487,750,638,0,347
2488,741,638,0,350
2489,739,637,0,352
2490,733,639,0,354
2491,730,636,0,355
2492,728,636,0,357
2493,723,636,0,354
2494,720,635,0,351
2495,718,634,0,350
2496,714,634,0,352
2497,714,635,0,359
2498,709,634,0,357
2499,706,635,0,0
2500,703,637,0,4
2501,702,639,0,4
2502,699,638,0,3
2503,695,640,0,5
2504,698,641,0,5
2505,698,642,0,7
2506,694,646,0,6
2507,691,646,0,10
2508,689,648,0,16
2509,688,646,0,19
2510,686,650,0,23
2511,684,651,0,27
2512,681,652,0,30
2513,686,651,0,23
2514,686,654,0,24
2515,685,657,0,21
2516,680,659,0,21
2517,674,661,0,21
2518,674,662,0,17
2519,673,665,0,19
2520,671,666,0,18
2521,669,665,0,18
2522,665,665,0,20
2523,663,666,0,12
2524,660,666,0,13
2525,657,666,0,12
2526,656,667,0,14
2527,654,667,0,13
2528,653,667,0,14
2529,652,671,0,9
2530,648,667,0,14
2531,649,667,0,13
2532,647,668,0,15
2533,645,670,0,19
2534,644,672,0,21
2535,642,673,0,17
2536,639,674,0,16
2537,642,674,0,12
2538,643,676,0,16
2539,647,678,0,24
2540,649,677,0,28
2541,653,680,0,34
2542,655,681,0,40
2543,655,683,0,40
2544,657,685,0,33
2545,659,684,0,36
2546,659,683,0,42
2547,659,681,0,46
2548,660,681,0,50
2549,659,681,0,47
2550,659,679,0,43
2551,659,679,0,42
2552,662,685,0,51
2553,660,686,0,43
2554,660,687,0,48
2555,659,689,0,51
2556,655,692,0,54
2557,654,693,0,54
2558,651,694,0,56
2559,650,695,0,55
2560,648,695,0,53
2561,647,697,0,48
2562,647,699,0,48
2563,646,702,0,38
2564,644,704,0,35
2565,643,706,0,38
2566,640,709,0,40
2567,638,709,0,47
2568,636,708,0,42
2569,637,711,0,42
2570,635,711,0,46
2571,633,712,0,47
2572,632,714,0,43
2573,628,715,0,40
2574,630,714,0,43
2575,631,714,0,46
2576,631,716,0,49
2577,630,718,0,48
2578,626,720,0,42
2579,625,719,0,42
2580,624,718,0,49
2581,623,718,0,50
2582,623,720,0,46
2583,621,725,0,48
2584,620,725,0,45
2585,619,724,0,49
2586,618,725,0,56
2587,616,728,0,52
2588,615,731,0,47
2589,615,732,0,46
2590,615,733,0,46
2591,614,733,0,47
2592,614,733,0,45
2593,615,732,0,49
2594,615,733,0,53
2595,615,734,0,54
2596,615,734,0,51
2597,614,734,0,54
2598,615,735,0,53
2599,614,737,0,53
2600,614,737,0,51
2601,615,739,0,51
2602,615,740,0,52
2603,615,739,0,48
2604,615,737,0,46
2605,614,737,0,49
2606,613,737,0,51
2607,612,737,0,53
2608,612,739,0,51
2609,613,740,0,51
2610,613,740,0,56
2611,613,743,0,60
2612,613,745,0,60
2613,614,745,0,67
2614,615,747,0,64
2615,614,752,0,59
2616,613,757,0,55
2617,612,758,0,47
2618,609,760,0,46
2619,610,761,0,41
2620,610,762,0,40
2621,610,764,0,41
2622,610,766,0,37
2623,610,767,0,42
2624,607,772,0,38
2625,608,782,0,38
2626,603,786,0,45
2627,606,787,0,32
2628,602,788,0,37
2629,598,790,0,36
2630,596,791,0,36
2631,597,791,0,31
2632,598,792,0,32
2633,598,790,0,28
2634,602,789,0,35
2635,604,792,0,39
2636,609,799,0,45
2637,609,798,0,53
2638,608,795,0,55
2639,607,796,0,65
2640,606,801,0,71
2641,605,804,0,75
2642,608,805,0,71
2643,610,806,0,74
2644,616,805,0,71
2645,617,811,0,72
2646,614,806,0,74
2647,610,808,0,68
2648,603,811,0,75
2649,603,816,0,68
2650,601,816,0,68
2651,607,825,0,61
2652,604,824,0,65
2653,601,822,0,63
2654,601,821,0,58
2655,605,828,0,53
2656,603,826,0,62
2657,605,825,0,60
2658,603,824,0,51
2659,605,826,0,49
2660,608,829,0,46
2661,609,829,0,47
2662,609,830,0,50
2663,609,831,0,53
2664,610,831,0,54
2665,611,831,0,57
2666,611,832,0,56
2667,612,834,0,51
2668,614,838,0,45
2669,617,841,0,45
2670,618,840,0,47
2671,616,839,0,52
2672,616,840,0,49
2673,618,840,0,50
2674,617,840,0,52
2675,617,838,0,50
2676,617,838,0,53
2677,616,838,0,53
2678,614,839,0,52
2679,614,841,0,51
2680,614,839,0,52
2681,613,841,0,50
2682,610,843,0,50
2683,609,844,0,46
2684,608,843,0,43
2685,607,845,0,44
2686,607,847,0,43
2687,604,848,0,48
2688,603,850,0,50
2689,602,852,0,50
2690,603,852,0,41
2691,604,851,0,38
2692,604,851,0,42
2693,602,854,0,42
2694,601,855,0,39
2695,603,858,0,37
2696,603,859,0,38
2697,599,862,0,31
2698,598,863,0,24
2699,600,864,0,22
2700,600,863,0,33
2701,599,861,0,35
2702,598,861,0,40
2703,597,863,0,39
2704,599,860,0,43
2705,606,853,0,40
2706,605,853,0,49
2707,605,851,0,49
2708,606,849,0,51
2709,606,851,0,57
2710,604,851,0,74
2711,605,850,0,80
2712,607,851,0,82
2713,607,852,0,84
2714,610,851,0,81
2715,613,852,0,95
2716,615,852,0,96
2717,617,854,0,98
2718,616,854,0,99
2719,616,855,0,102
2720,615,857,0,109
2721,615,859,0,106
2722,616,860,0,107
2723,613,860,0,109
2724,615,860,0,108
2725,616,861,0,106
2726,617,860,0,104
2727,617,860,0,104
2728,617,860,0,109
2729,617,862,0,111
2730,618,863,0,105
2731,619,865,0,106
2732,618,864,0,113
2733,617,865,0,109
2734,618,859,0,101
2735,616,860,0,109
2736,615,860,0,109
2737,614,859,0,108
2738,614,859,0,105
2739,614,859,0,104
2740,615,858,0,103
2741,615,856,0,102
2742,618,854,0,92
2743,617,851,0,95
2744,617,851,0,95
2745,614,851,0,101
2746,614,852,0,105
2747,614,856,0,110
2748,614,852,0,106
2749,613,852,0,106
2750,614,854,0,102
2751,616,855,0,98
2752,616,856,0,99
2753,616,855,0,101
2754,617,856,0,97
2755,618,855,0,89
2756,618,857,0,92
2757,619,857,0,89
2758,619,857,0,88
2759,617,858,0,90
2760,617,859,0,87
2761,617,859,0,93
2762,615,859,0,91
2763,615,860,0,104
2764,619,862,0,100
2765,619,863,0,101
2766,619,863,0,101
2767,620,862,0,99
2768,620,860,0,97
2769,618,862,0,108
2770,620,862,0,104
2771,620,863,0,104
2772,619,863,0,105
2773,621,859,0,92
2774,620,853,0,84
2775,621,845,0,76
2776,620,847,0,63
2777,619,848,0,62
2778,620,849,0,59
2779,620,850,0,48
2780,618,851,0,41
2781,615,852,0,38
2782,612,850,0,36
2783,610,851,0,34
2784,607,854,0,29
2785,604,857,0,27
2786,602,858,0,29
2787,601,857,0,29
2788,601,855,0,26
2789,600,862,0,24
2790,600,865,0,20
2791,598,867,0,22
2792,595,865,0,27
2793,594,864,0,34
2794,593,866,0,33
2795,594,865,0,33
2796,595,868,0,33
2797,597,866,0,30
2798,600,866,0,29
2799,599,863,0,35
2800,600,862,0,30
2801,599,863,0,23
2802,598,864,0,26
2803,597,863,0,24
2804,596,867,0,20
2805,594,870,0,17
2806,594,873,0,6
2807,594,873,0,6
2808,593,870,0,5
2809,592,868,0,6
2810,591,864,0,8
2811,590,868,0,13
2812,589,868,0,9
2813,587,867,0,4
2814,586,867,0,2
2815,585,866,0,356
2816,582,862,0,2
2817,583,861,0,358
2818,583,862,0,356
2819,582,861,0,358
2820,582,859,0,352
2821,581,858,0,351
2822,581,858,0,350
2823,582,858,0,348
2824,580,862,0,348
2825,580,864,0,343
2826,578,862,0,348
2827,575,864,0,347
2828,572,865,0,345
2829,570,864,0,344
2830,571,864,0,345
2831,571,864,0,345
2832,569,864,0,347
2833,571,865,0,343
2834,571,864,0,340
2835,572,861,0,333
2836,572,859,0,333
2837,571,857,0,327
2838,569,853,0,329
2839,571,854,0,333
2840,572,855,0,336
2841,572,857,0,337
2842,571,856,0,335
2843,570,856,0,334
2844,569,857,0,336
2845,569,857,0,331
2846,571,855,0,333
2847,567,857,0,326
2848,564,858,0,321
2849,565,856,0,321
2850,564,853,0,320
2851,564,850,0,321
2852,562,850,0,322
2853,564,848,0,325
2854,563,847,0,327
2855,565,843,0,316
2856,562,839,0,310
2857,558,834,0,306
2858,553,831,0,299
2859,555,827,0,300
2860,553,826,0,301
2861,555,823,0,301
2862,549,824,0,300
2863,547,822,0,297
2864,548,819,0,283
2865,549,817,0,277
2866,550,815,0,274
2867,551,814,0,271
2868,553,813,0,268
2869,556,814,0,261
2870,558,814,0,255
2871,563,813,0,251
2872,566,814,0,247
2873,568,813,0,243
2874,570,813,0,242
2875,577,812,0,242
2876,578,813,0,244
2877,581,811,0,239
2878,579,810,0,234
2879,579,809,0,231
2880,579,807,0,221
2881,582,806,0,219
2882,585,805,0,217
2883,587,803,0,221
2884,589,802,0,228
2885,589,796,0,228
2886,590,793,0,231
2887,593,792,0,235
2888,595,790,0,234
2889,595,790,0,228
2890,594,791,0,227
2891,594,795,0,225
2892,592,795,0,217
2893,596,800,0,209
2894,595,799,0,207
2895,596,799,0,201
2896,594,800,0,196
2897,593,800,0,186
2898,593,801,0,169
2899,597,805,0,167
2900,599,809,0,164
2901,602,812,0,173
2902,604,811,0,172
2903,618,808,0,179
2904,622,807,0,171
2905,635,799,0,187
2906,639,799,0,193
2907,642,797,0,187
2908,651,792,0,190
2909,656,791,0,188
2910,658,795,0,182
2911,661,796,0,176
2912,662,794,0,173
2913,667,792,0,181
2914,674,793,0,174
2915,678,794,0,167
2916,681,792,0,175
2917,683,793,0,171
2918,684,793,0,174
2919,685,794,0,177
2920,685,795,0,176
2921,686,796,0,177
2922,687,797,0,184
2923,688,797,0,186
2924,691,797,0,183
2925,691,797,0,183
2926,691,797,0,179
2927,693,797,0,172
2928,693,797,0,172
2929,693,797,0,173
2930,692,797,0,174
2931,691,798,0,175
2932,690,798,0,174
2933,692,798,0,178
2934,693,797,0,185
2935,693,798,0,178
2936,693,798,0,178
2937,693,798,0,175
2938,692,798,0,179
2939,693,798,0,179
2940,692,798,0,181
2941,692,799,0,190
2942,691,798,0,189
2943,689,796,0,186
2944,684,796,0,179
2945,681,797,0,184
2946,681,797,0,185
2947,683,799,0,195
2948,685,796,0,203
2949,685,795,0,198
2950,686,794,0,193
2951,689,796,0,190
2952,693,797,0,182
2953,701,800,0,178
2954,702,802,0,177
2955,705,798,0,180
2956,704,793,0,181
2957,705,793,0,189
2958,709,795,0,201
2959,710,794,0,196
2960,711,794,0,196
2961,712,796,0,190
2962,712,794,0,182
2963,711,795,0,184
2964,709,795,0,179
2965,709,793,0,182
2966,708,793,0,188
2967,708,793,0,200
2968,707,793,0,205
2969,706,792,0,204
2970,705,791,0,206
2971,705,791,0,205
2972,705,791,0,203
2973,706,791,0,200
2974,706,791,0,199
2975,706,791,0,200
2976,706,792,0,199
2977,706,792,0,200
2978,706,793,0,198
2979,707,792,0,193
2980,707,792,0,190
2981,705,794,0,178
2982,706,794,0,159
2983,708,794,0,161
2984,710,796,0,165
2985,709,797,0,169
2986,710,799,0,173
2987,708,800,0,173
2988,707,798,0,192
2989,706,798,0,197
2990,706,796,0,205
2991,706,795,0,209
2992,707,794,0,206
2993,707,794,0,208
2994,707,795,0,206
2995,708,794,0,207
2996,709,792,0,205
2997,709,793,0,210
2998,709,793,0,209
2999,710,794,0,210
