0,2448,2517,0,56
1,2448,2517,0,54
2,2448,2517,0,54
3,2448,2517,0,53
4,2448,2517,0,52
5,2448,2517,0,53
6,2448,2517,0,52
7,2448,2517,0,52
8,2448,2517,0,52
9,2448,2517,0,52
10,2448,2517,0,52
11,2448,2517,0,52
12,2448,2517,0,50
13,2448,2517,0,51
14,2448,2517,0,47
15,2448,2517,0,50
16,2448,2517,0,50
17,2448,2517,0,50
18,2448,2517,0,51
19,2448,2517,0,51
20,2448,2517,0,51
21,2448,2517,0,49
22,2448,2517,0,50
23,2448,2517,0,50
24,2448,2517,0,52
25,2448,2517,0,49
26,2448,2517,0,48
27,2448,2517,0,51
28,2448,2517,0,52
29,2448,2517,0,53
30,2448,2517,0,51
31,2449,2517,0,51
32,2449,2517,0,50
33,2448,2517,0,52
34,2449,2517,0,52
35,2448,2517,0,53
36,2448,2517,0,51
37,2448,2517,0,53
38,2448,2517,0,52
39,2448,2517,0,53
40,2448,2517,0,54
41,2448,2518,0,51
42,2448,2518,0,52
43,2448,2518,0,52
44,2448,2518,0,54
45,2448,2518,0,51
46,2448,2518,0,55
47,2448,2518,0,51
48,2448,2518,0,54
49,2448,2518,0,55
50,2448,2518,0,53
51,2448,2518,0,51
52,2448,2518,0,54
53,2448,2518,0,54
54,2448,2518,0,51
55,2449,2518,0,53
56,2449,2517,0,58
57,2449,2518,0,62
58,2449,2517,0,51
59,2449,2518,0,52
60,2449,2518,0,56
61,2448,2518,0,51
62,2448,2518,0,51
63,2448,2518,0,52
64,2448,2518,0,53
65,2448,2518,0,52
66,2448,2518,0,52
67,2448,2518,0,52
68,2449,2518,0,53
69,2449,2517,0,48
70,2449,2518,0,52
71,2449,2518,0,51
72,2449,2517,0,53
73,2449,2517,0,54
74,2449,2517,0,49
75,2449,2517,0,54
76,2449,2517,0,56
77,2449,2517,0,51
78,2449,2517,0,53
79,2449,2517,0,50
80,2449,2517,0,51
81,2449,2517,0,50
82,2449,2517,0,50
83,2449,2518,0,60
84,2449,2518,0,61
85,2449,2518,0,60
86,2449,2517,0,54
87,2449,2517,0,52
88,2448,2517,0,51
89,2449,2517,0,52
90,2449,2517,0,50
91,2449,2517,0,54
92,2448,2517,0,49
93,2448,2517,0,47
94,2448,2517,0,48
95,2448,2517,0,49
96,2449,2517,0,50
97,2449,2517,0,50
98,2448,2517,0,46
99,2448,2517,0,47
100,2448,2517,0,48
101,2448,2517,0,49
102,2449,2517,0,51
103,2449,2517,0,50
104,2449,2517,0,52
105,2449,2517,0,49
106,2449,2517,0,51
107,2449,2517,0,50
108,2449,2517,0,54
109,2449,2517,0,50
110,2449,2517,0,47
111,2449,2517,0,50
112,2449,2517,0,48
113,2449,2517,0,53
114,2449,2517,0,48
115,2449,2517,0,50
116,2449,2517,0,53
117,2449,2517,0,53
118,2450,2517,0,53
119,2450,2517,0,53
120,2450,2517,0,52
121,2450,2517,0,53
122,2450,2517,0,52
123,2450,2516,0,51
124,2449,2516,0,48
125,2449,2516,0,50
126,2449,2516,0,52
127,2449,2517,0,54
128,2449,2517,0,54
129,2448,2517,0,47
130,2448,2517,0,42
131,2448,2517,0,42
132,2448,2517,0,45
133,2448,2517,0,43
134,2448,2517,0,44
135,2448,2517,0,43
136,2448,2517,0,43
137,2448,2517,0,44
138,2448,2517,0,43
139,2448,2517,0,44
140,2448,2517,0,45
141,2448,2517,0,42
142,2448,2517,0,45
143,2448,2517,0,43
144,2448,2517,0,43
145,2448,2517,0,44
146,2448,2517,0,43
147,2448,2517,0,46
148,2448,2517,0,46
149,2448,2517,0,45
150,2448,2517,0,46
151,2448,2517,0,48
152,2448,2517,0,45
153,2448,2517,0,46
154,2447,2517,0,49
155,2447,2517,0,50
156,2447,2517,0,50
157,2447,2517,0,50
158,2448,2517,0,47
159,2447,2517,0,51
160,2448,2517,0,48
161,2447,2517,0,49
162,2448,2517,0,49
163,2448,2517,0,48
164,2447,2517,0,50
165,2447,2517,0,50
166,2447,2517,0,53
167,2447,2517,0,50
168,2447,2517,0,50
169,2447,2517,0,50
170,2447,2517,0,50
171,2447,2517,0,51
172,2447,2517,0,50
173,2447,2517,0,53
174,2447,2517,0,54
175,2447,2517,0,53
176,2447,2517,0,51
177,2447,2517,0,49
178,2447,2517,0,51
179,2447,2517,0,47
180,2447,2517,0,48
181,2447,2517,0,53
182,2447,2517,0,55
183,2448,2518,0,56
184,2448,2518,0,57
185,2447,2518,0,57
186,2448,2518,0,58
187,2448,2517,0,59
188,2448,2518,0,57
189,2448,2518,0,60
190,2448,2518,0,57
191,2448,2518,0,59
192,2448,2518,0,59
193,2448,2518,0,63
194,2448,2518,0,61
195,2448,2518,0,64
196,2448,2518,0,62
197,2448,2518,0,60
198,2448,2518,0,68
199,2448,2518,0,62
200,2448,2518,0,65
201,2448,2518,0,65
202,2448,2518,0,67
203,2448,2518,0,60
204,2448,2518,0,68
205,2448,2518,0,66
206,2448,2518,0,68
207,2448,2518,0,68
208,2448,2518,0,65
209,2448,2518,0,66
210,2448,2518,0,64
211,2448,2518,0,69
212,2448,2518,0,60
213,2448,2518,0,65
214,2448,2518,0,66
215,2448,2518,0,64
216,2448,2518,0,62
217,2448,2518,0,60
218,2448,2518,0,64
219,2448,2518,0,66
220,2448,2518,0,64
221,2448,2518,0,61
222,2448,2518,0,61
223,2447,2518,0,64
224,2447,2518,0,64
225,2447,2518,0,58
226,2447,2518,0,65
227,2447,2518,0,65
228,2448,2519,0,62
229,2448,2518,0,64
230,2447,2517,0,64
231,2447,2518,0,63
232,2447,2518,0,62
233,2448,2519,0,70
234,2445,2510,0,103
235,2447,2517,0,76
236,2447,2517,0,64
237,2447,2517,0,67
238,2447,2516,0,60
239,2447,2518,0,53
240,2447,2518,0,53
241,2447,2518,0,64
242,2447,2517,0,58
243,2447,2517,0,54
244,2445,2517,0,22
247,2447,2517,0,58
248,2447,2516,0,84
249,2448,2515,0,58
250,2449,2515,0,58
251,2448,2515,0,60
252,2448,2514,0,55
253,2448,2515,0,54
254,2449,2514,0,53
255,2444,2515,0,21
256,2445,2515,0,22
257,2447,2515,0,25
258,2447,2515,0,22
259,2449,2514,0,33
260,2448,2515,0,38
261,2449,2515,0,47
262,2450,2515,0,48
263,2451,2516,0,52
264,2450,2516,0,48
265,2451,2516,0,65
266,2451,2516,0,48
267,2451,2517,0,53
268,2451,2518,0,57
269,2451,2519,0,56
270,2451,2519,0,60
271,2452,2520,0,62
272,2452,2519,0,58
273,2452,2518,0,59
274,2452,2519,0,59
275,2449,2517,0,26
276,2449,2518,0,57
277,2450,2518,0,63
278,2450,2518,0,68
279,2450,2518,0,77
280,2450,2518,0,63
281,2451,2518,0,54
282,2450,2518,0,58
283,2451,2518,0,63
284,2451,2517,0,58
285,2452,2517,0,55
286,2452,2518,0,57
287,2452,2517,0,48
288,2450,2517,0,35
289,2450,2518,0,30
290,2451,2518,0,32
291,2451,2518,0,34
292,2452,2518,0,44
293,2451,2518,0,31
294,2452,2517,0,44
295,2451,2518,0,44
296,2451,2518,0,36
297,2451,2519,0,47
298,2450,2518,0,33
299,2448,2517,0,12
300,2450,2518,0,27
301,2451,2519,0,24
302,2451,2519,0,22
303,2451,2519,0,20
304,2450,2519,0,20
305,2451,2519,0,20
306,2450,2519,0,18
307,2451,2519,0,23
308,2450,2519,0,19
309,2451,2519,0,25
310,2450,2519,0,18
311,2450,2520,0,16
312,2451,2520,0,27
313,2450,2519,0,24
314,2450,2520,0,21
315,2450,2520,0,24
316,2450,2520,0,27
317,2450,2520,0,26
318,2450,2519,0,20
319,2450,2520,0,18
320,2450,2520,0,17
321,2450,2520,0,16
322,2450,2519,0,21
323,2450,2520,0,18
324,2449,2520,0,15
325,2449,2520,0,11
326,2450,2520,0,20
327,2450,2520,0,30
328,2450,2519,0,29
329,2450,2520,0,24
330,2450,2520,0,28
331,2449,2519,0,20
332,2450,2519,0,30
333,2450,2519,0,26
334,2450,2520,0,21
335,2450,2520,0,22
336,2450,2520,0,22
337,2450,2519,0,26
338,2450,2519,0,35
339,2450,2519,0,30
340,2450,2519,0,27
341,2450,2519,0,33
342,2451,2519,0,36
343,2451,2519,0,31
344,2451,2519,0,33
345,2451,2519,0,45
346,2451,2519,0,36
347,2451,2519,0,44
348,2451,2519,0,48
349,2451,2519,0,43
350,2450,2519,0,39
351,2451,2519,0,51
352,2451,2519,0,47
353,2451,2519,0,37
354,2451,2519,0,47
355,2451,2519,0,36
356,2451,2519,0,45
357,2451,2519,0,38
358,2451,2519,0,44
359,2450,2519,0,34
360,2451,2518,0,46
361,2450,2519,0,30
362,2450,2518,0,41
363,2451,2519,0,40
364,2451,2519,0,46
365,2451,2519,0,31
366,2451,2519,0,39
367,2451,2519,0,41
368,2452,2519,0,58
369,2451,2519,0,45
370,2451,2518,0,54
371,2451,2519,0,50
372,2452,2518,0,48
373,2452,2519,0,43
374,2452,2518,0,48
375,2452,2519,0,48
376,2452,2518,0,50
377,2452,2518,0,47
378,2452,2518,0,49
379,2452,2518,0,46
380,2452,2518,0,46
381,2452,2518,0,45
382,2452,2518,0,49
383,2452,2518,0,48
384,2452,2518,0,44
385,2451,2519,0,40
386,2451,2519,0,35
387,2451,2519,0,35
388,2452,2519,0,43
389,2452,2519,0,46
390,2452,2518,0,48
391,2452,2518,0,45
392,2452,2519,0,41
393,2452,2519,0,46
394,2452,2519,0,42
395,2452,2519,0,44
396,2452,2519,0,45
397,2451,2519,0,38
398,2452,2518,0,40
399,2451,2518,0,43
400,2451,2518,0,37
401,2451,2519,0,40
402,2451,2519,0,39
403,2452,2519,0,45
404,2452,2518,0,40
405,2452,2518,0,40
406,2452,2518,0,39
407,2451,2518,0,25
408,2451,2519,0,27
409,2451,2518,0,34
410,2452,2518,0,39
411,2452,2518,0,42
412,2452,2518,0,44
413,2451,2518,0,37
414,2451,2518,0,36
415,2452,2518,0,38
416,2452,2518,0,44
417,2452,2518,0,40
418,2452,2518,0,45
419,2452,2518,0,46
420,2452,2518,0,45
421,2452,2518,0,45
422,2452,2518,0,44
423,2451,2518,0,44
424,2451,2518,0,39
425,2451,2518,0,42
426,2451,2518,0,40
427,2451,2518,0,43
428,2451,2518,0,39
429,2451,2518,0,37
430,2451,2519,0,36
431,2451,2518,0,37
432,2451,2519,0,31
433,2451,2519,0,40
434,2451,2519,0,38
435,2451,2519,0,40
436,2451,2519,0,40
437,2451,2519,0,31
438,2451,2518,0,34
439,2451,2519,0,29
440,2451,2518,0,35
441,2451,2518,0,35
442,2451,2519,0,29
443,2451,2519,0,30
444,2451,2519,0,30
445,2451,2519,0,28
446,2451,2519,0,31
447,2451,2519,0,27
448,2450,2519,0,30
449,2450,2519,0,29
450,2450,2519,0,24
451,2450,2519,0,25
452,2450,2519,0,26
453,2451,2519,0,29
454,2450,2518,0,30
455,2451,2518,0,32
456,2450,2519,0,22
457,2451,2519,0,30
458,2450,2519,0,27
459,2451,2518,0,39
460,2451,2519,0,25
461,2451,2518,0,37
462,2450,2518,0,29
463,2450,2518,0,25
464,2450,2519,0,25
465,2450,2518,0,20
466,2450,2518,0,23
467,2451,2518,0,39
468,2451,2518,0,44
469,2451,2518,0,37
470,2451,2518,0,45
471,2451,2518,0,33
472,2451,2518,0,38
473,2451,2518,0,35
474,2451,2518,0,47
475,2451,2518,0,38
476,2451,2518,0,47
477,2451,2518,0,37
478,2451,2518,0,46
479,2451,2519,0,40
480,2451,2518,0,45
481,2451,2519,0,39
482,2451,2519,0,35
483,2451,2519,0,38
484,2451,2519,0,41
485,2451,2519,0,43
486,2451,2519,0,39
487,2451,2518,0,39
488,2451,2519,0,33
489,2451,2519,0,29
490,2451,2519,0,29
491,2451,2518,0,42
492,2451,2518,0,40
493,2452,2518,0,43
494,2451,2518,0,41
495,2451,2518,0,46
496,2451,2518,0,48
497,2451,2518,0,49
498,2451,2518,0,40
499,2451,2518,0,43
500,2451,2518,0,39
501,2450,2518,0,37
502,2451,2518,0,40
503,2451,2518,0,37
504,2451,2518,0,35
505,2451,2518,0,37
506,2451,2518,0,40
507,2451,2518,0,39
508,2451,2518,0,44
509,2451,2518,0,45
510,2451,2518,0,44
511,2451,2518,0,43
512,2451,2518,0,46
513,2451,2518,0,45
514,2452,2518,0,50
515,2452,2518,0,49
516,2452,2518,0,51
517,2452,2518,0,51
518,2451,2518,0,47
519,2451,2518,0,44
520,2452,2518,0,48
521,2451,2518,0,45
522,2451,2518,0,44
523,2451,2518,0,38
524,2451,2518,0,41
525,2451,2518,0,44
526,2451,2518,0,49
527,2451,2518,0,50
528,2451,2518,0,48
529,2451,2518,0,45
530,2451,2518,0,44
531,2451,2518,0,50
532,2451,2518,0,48
533,2451,2518,0,56
534,2451,2518,0,54
535,2451,2518,0,49
536,2451,2518,0,52
537,2452,2518,0,48
538,2452,2518,0,49
539,2451,2518,0,50
540,2451,2518,0,56
541,2452,2518,0,55
542,2451,2518,0,51
543,2451,2518,0,54
544,2452,2518,0,54
545,2451,2518,0,52
546,2451,2518,0,50
547,2451,2518,0,48
548,2451,2518,0,47
549,2451,2518,0,45
550,2451,2518,0,46
551,2451,2518,0,37
552,2451,2518,0,46
553,2451,2518,0,47
554,2452,2518,0,55
555,2452,2518,0,56
556,2451,2518,0,54
557,2451,2518,0,49
558,2451,2518,0,51
559,2452,2518,0,48
560,2451,2518,0,52
561,2451,2517,0,44
562,2451,2517,0,48
563,2451,2518,0,44
564,2451,2518,0,49
565,2451,2518,0,46
566,2451,2518,0,47
567,2451,2518,0,46
568,2451,2518,0,45
569,2451,2518,0,40
570,2451,2518,0,46
571,2450,2518,0,38
572,2451,2518,0,42
573,2451,2518,0,41
574,2451,2518,0,42
575,2450,2518,0,38
576,2451,2518,0,42
577,2450,2518,0,37
578,2451,2518,0,43
579,2450,2518,0,39
580,2451,2518,0,47
581,2450,2518,0,31
582,2450,2518,0,31
583,2451,2519,0,41
584,2451,2518,0,47
585,2450,2518,0,35
586,2451,2518,0,39
587,2451,2519,0,40
588,2451,2518,0,47
589,2451,2518,0,48
590,2450,2518,0,41
591,2450,2519,0,37
592,2450,2518,0,38
593,2450,2518,0,39
594,2450,2519,0,38
595,2450,2518,0,41
596,2450,2519,0,35
597,2450,2518,0,34
598,2450,2519,0,36
599,2450,2519,0,35
600,2450,2519,0,34
601,2450,2518,0,42
602,2450,2518,0,39
603,2450,2518,0,41
604,2450,2518,0,43
605,2451,2519,0,40
606,2450,2518,0,40
607,2450,2518,0,39
608,2450,2518,0,39
609,2450,2518,0,36
610,2450,2518,0,44
611,2450,2518,0,40
612,2451,2518,0,44
613,2451,2518,0,46
614,2451,2518,0,51
615,2451,2518,0,45
616,2451,2518,0,47
617,2451,2518,0,49
618,2451,2518,0,47
619,2451,2518,0,44
620,2451,2518,0,43
621,2451,2518,0,43
622,2450,2518,0,42
623,2451,2518,0,38
624,2450,2518,0,42
625,2450,2518,0,39
626,2450,2518,0,33
627,2451,2518,0,46
628,2451,2518,0,49
629,2451,2518,0,50
630,2451,2518,0,50
631,2451,2518,0,49
632,2451,2518,0,48
633,2451,2518,0,47
634,2451,2518,0,45
635,2451,2518,0,47
636,2451,2518,0,51
637,2451,2518,0,50
638,2451,2518,0,44
639,2450,2518,0,46
640,2450,2518,0,46
641,2451,2518,0,45
642,2450,2518,0,47
643,2451,2518,0,47
644,2451,2518,0,48
645,2451,2518,0,48
646,2451,2518,0,48
647,2451,2518,0,46
648,2451,2518,0,44
649,2451,2518,0,49
650,2451,2518,0,49
651,2451,2518,0,50
652,2451,2518,0,45
653,2451,2518,0,51
654,2451,2518,0,46
655,2451,2518,0,46
656,2450,2518,0,45
657,2451,2518,0,42
658,2450,2518,0,43
659,2451,2518,0,46
660,2451,2518,0,46
661,2451,2518,0,46
662,2451,2518,0,50
663,2451,2518,0,51
664,2451,2518,0,53
665,2451,2518,0,45
666,2450,2518,0,46
667,2450,2518,0,48
668,2451,2518,0,56
669,2451,2519,0,48
670,2451,2519,0,50
671,2450,2519,0,49
672,2451,2518,0,55
673,2451,2518,0,53
674,2451,2518,0,53
675,2451,2518,0,53
676,2452,2518,0,54
677,2451,2518,0,54
678,2451,2518,0,52
679,2451,2518,0,53
680,2451,2519,0,50
681,2451,2519,0,53
682,2451,2519,0,50
683,2451,2519,0,49
684,2451,2518,0,53
685,2451,2518,0,52
686,2451,2519,0,50
687,2451,2518,0,54
688,2450,2518,0,47
689,2449,2518,0,23
690,2450,2518,0,38
691,2451,2518,0,41
692,2451,2519,0,41
693,2451,2519,0,42
694,2451,2518,0,38
695,2450,2518,0,41
696,2451,2518,0,42
697,2451,2518,0,51
698,2451,2518,0,48
699,2451,2518,0,47
700,2450,2518,0,44
701,2450,2518,0,43
702,2450,2518,0,42
703,2451,2518,0,47
704,2451,2518,0,47
705,2451,2518,0,46
706,2451,2518,0,47
707,2451,2518,0,50
708,2451,2518,0,49
709,2451,2518,0,52
710,2452,2518,0,51
711,2452,2518,0,53
712,2452,2518,0,51
713,2452,2518,0,52
714,2451,2518,0,49
715,2452,2518,0,51
716,2452,2518,0,51
717,2451,2518,0,50
718,2451,2518,0,50
719,2451,2518,0,50
720,2451,2518,0,49
721,2451,2518,0,45
722,2452,2518,0,50
723,2451,2518,0,51
724,2451,2518,0,52
725,2451,2518,0,50
726,2452,2518,0,53
727,2452,2518,0,50
728,2451,2518,0,45
729,2451,2518,0,45
730,2452,2518,0,51
731,2451,2518,0,47
732,2451,2518,0,47
733,2452,2517,0,50
734,2452,2517,0,49
735,2452,2518,0,50
736,2452,2517,0,50
737,2451,2518,0,46
738,2451,2517,0,46
739,2452,2517,0,50
740,2451,2517,0,47
741,2451,2518,0,44
742,2451,2518,0,45
743,2451,2517,0,47
744,2451,2518,0,47
745,2451,2518,0,48
746,2451,2518,0,47
747,2450,2518,0,50
748,2450,2519,0,43
749,2450,2518,0,46
750,2449,2518,0,51
751,2449,2517,0,55
752,2450,2517,0,46
753,2450,2517,0,49
754,2450,2517,0,52
755,2450,2518,0,47
756,2450,2517,0,45
757,2449,2517,0,59
758,2450,2517,0,52
759,2449,2517,0,42
760,2450,2518,0,40
761,2450,2518,0,42
762,2448,2517,0,32
763,2448,2518,0,29
764,2449,2517,0,34
765,2448,2517,0,54
766,2448,2517,0,31
767,2449,2517,0,40
768,2448,2517,0,46
769,2450,2516,0,66
770,2450,2517,0,55
771,2451,2517,0,52
772,2452,2517,0,56
773,2452,2517,0,58
774,2452,2518,0,59
775,2452,2518,0,61
776,2453,2518,0,61
777,2452,2518,0,62
778,2451,2518,0,59
779,2451,2517,0,53
780,2452,2518,0,57
781,2452,2518,0,55
782,2452,2518,0,57
783,2452,2518,0,52
784,2451,2518,0,52
785,2452,2518,0,60
786,2452,2518,0,60
787,2452,2518,0,60
788,2453,2518,0,59
789,2452,2518,0,54
790,2451,2518,0,47
791,2450,2518,0,49
792,2450,2518,0,57
793,2450,2518,0,51
794,2450,2517,0,57
795,2450,2518,0,52
796,2450,2517,0,46
797,2452,2518,0,65
798,2451,2518,0,43
799,2450,2517,0,49
800,2450,2518,0,51
801,2451,2518,0,57
802,2452,2518,0,60
803,2452,2517,0,58
804,2451,2517,0,43
805,2450,2517,0,43
806,2450,2517,0,34
807,2450,2517,0,42
808,2452,2516,0,56
809,2453,2515,0,58
810,2453,2515,0,58
811,2453,2515,0,66
812,2452,2515,0,68
813,2453,2515,0,65
814,2453,2515,0,64
815,2453,2514,0,65
816,2454,2515,0,64
817,2454,2516,0,62
818,2453,2516,0,54
819,2453,2517,0,54
820,2452,2517,0,57
821,2451,2518,0,58
822,2452,2519,0,60
823,2453,2518,0,61
824,2453,2518,0,61
825,2453,2518,0,59
826,2452,2518,0,57
827,2452,2518,0,58
828,2453,2518,0,57
829,2453,2518,0,56
830,2453,2518,0,56
831,2453,2518,0,57
832,2453,2518,0,57
833,2453,2518,0,56
834,2452,2518,0,57
835,2452,2518,0,57
836,2452,2518,0,55
837,2452,2518,0,58
838,2453,2518,0,56
839,2453,2518,0,55
840,2453,2518,0,54
841,2453,2518,0,55
842,2453,2519,0,59
843,2453,2518,0,59
844,2453,2519,0,59
845,2453,2518,0,55
846,2453,2518,0,58
847,2453,2519,0,58
848,2452,2519,0,59
849,2453,2518,0,56
850,2452,2519,0,56
851,2453,2519,0,57
852,2453,2518,0,60
853,2453,2518,0,61
854,2453,2518,0,58
855,2453,2518,0,61
856,2453,2518,0,60
857,2453,2519,0,62
858,2453,2518,0,61
859,2452,2518,0,60
860,2453,2518,0,61
861,2453,2518,0,59
862,2453,2518,0,60
863,2453,2518,0,59
864,2453,2518,0,61
865,2453,2518,0,61
866,2453,2518,0,62
867,2453,2518,0,61
868,2453,2518,0,62
869,2453,2518,0,61
870,2453,2518,0,58
871,2453,2518,0,59
872,2452,2518,0,55
873,2453,2518,0,57
874,2453,2519,0,61
875,2453,2519,0,61
876,2453,2519,0,60
877,2453,2518,0,58
878,2453,2519,0,59
879,2452,2519,0,58
880,2453,2519,0,59
881,2452,2520,0,62
882,2452,2519,0,61
883,2452,2519,0,57
884,2452,2520,0,54
885,2452,2519,0,60
886,2452,2519,0,54
887,2452,2520,0,56
888,2452,2519,0,54
889,2452,2519,0,56
890,2451,2519,0,63
891,2452,2519,0,58
892,2452,2519,0,54
893,2452,2519,0,45
894,2452,2518,0,46
895,2452,2518,0,45
896,2452,2519,0,44
897,2451,2518,0,36
898,2452,2517,0,45
899,2451,2517,0,60
900,2452,2519,0,66
901,2453,2519,0,63
902,2453,2518,0,63
903,2452,2518,0,63
904,2453,2518,0,62
905,2453,2518,0,63
906,2452,2517,0,61
907,2452,2516,0,63
908,2450,2516,0,59
909,2449,2516,0,40
910,2449,2516,0,28
911,2451,2516,0,50
914,2449,2516,0,76
915,2450,2516,0,94
916,2449,2515,0,58
917,2450,2516,0,57
918,2450,2516,0,58
919,2450,2517,0,50
920,2451,2517,0,51
921,2451,2516,0,46
922,2452,2516,0,58
923,2452,2516,0,55
924,2451,2517,0,52
925,2451,2517,0,65
930,2451,2514,0,93
934,2451,2516,0,63
935,2451,2516,0,60
936,2451,2516,0,51
937,2449,2516,0,38
938,2450,2515,0,25
939,2451,2515,0,64
940,2451,2516,0,62
941,2451,2517,0,59
946,2452,2517,0,69
947,2453,2516,0,68
948,2453,2517,0,68
949,2451,2516,0,52
950,2451,2517,0,59
951,2452,2515,0,55
952,2452,2516,0,59
953,2452,2517,0,61
954,2453,2517,0,63
955,2453,2517,0,65
956,2453,2518,0,65
957,2453,2519,0,65
958,2453,2518,0,66
959,2454,2518,0,65
960,2453,2518,0,63
961,2453,2519,0,64
962,2453,2519,0,66
963,2453,2519,0,63
964,2453,2519,0,64
965,2453,2519,0,63
966,2453,2519,0,63
967,2453,2519,0,64
968,2452,2517,0,58
969,2452,2517,0,58
970,2453,2518,0,61
971,2453,2518,0,62
972,2453,2519,0,62
973,2453,2519,0,61
974,2453,2519,0,62
975,2453,2519,0,62
976,2453,2519,0,61
977,2453,2519,0,61
978,2453,2519,0,62
979,2453,2519,0,62
980,2453,2518,0,62
981,2453,2518,0,61
982,2453,2518,0,63
983,2453,2518,0,65
984,2454,2518,0,65
985,2454,2518,0,69
986,2453,2517,0,60
987,2453,2517,0,56
988,2453,2517,0,56
989,2454,2517,0,59
990,2454,2517,0,63
991,2454,2517,0,65
992,2453,2518,0,68
993,2453,2519,0,70
994,2453,2518,0,70
995,2454,2518,0,65
996,2453,2518,0,67
997,2453,2518,0,68
998,2453,2518,0,68
999,2453,2518,0,66
1000,2453,2518,0,65
1001,2453,2518,0,65
1002,2453,2518,0,67
1003,2453,2519,0,69
1004,2453,2518,0,65
1005,2453,2518,0,65
1006,2453,2518,0,66
1007,2453,2518,0,65
1008,2453,2518,0,65
1009,2453,2518,0,66
1010,2453,2518,0,65
1011,2453,2519,0,67
1012,2453,2518,0,67
1013,2453,2519,0,67
1014,2453,2518,0,64
1015,2453,2518,0,63
1016,2453,2518,0,63
1017,2453,2518,0,61
1018,2453,2518,0,64
1019,2453,2518,0,65
1020,2453,2518,0,65
1021,2453,2518,0,67
1022,2453,2518,0,65
1023,2453,2518,0,67
1024,2453,2518,0,65
1025,2453,2518,0,68
1026,2454,2518,0,67
1027,2453,2518,0,69
1028,2453,2518,0,68
1029,2453,2518,0,70
1030,2454,2519,0,66
1031,2453,2519,0,64
1032,2452,2519,0,68
1033,2451,2518,0,74
1037,2448,2513,0,116
1038,2448,2514,0,114
1039,2447,2513,0,119
1042,2445,2512,0,338
1043,2448,2514,0,349
1044,2447,2514,0,4
1045,2448,2513,0,359
1046,2449,2514,0,15
1047,2448,2514,0,352
1050,2453,2518,0,79
1051,2454,2518,0,65
1052,2454,2518,0,66
1053,2454,2518,0,64
1054,2454,2518,0,64
1055,2454,2518,0,64
1056,2453,2520,0,64
1057,2453,2519,0,65
1058,2454,2519,0,66
1059,2454,2519,0,64
1060,2453,2519,0,69
1061,2452,2518,0,71
1062,2453,2519,0,63
1063,2453,2520,0,60
1064,2452,2519,0,61
1065,2453,2518,0,62
1066,2453,2517,0,61
1067,2454,2516,0,62
1068,2453,2517,0,60
1069,2453,2518,0,62
1070,2453,2519,0,61
1071,2453,2519,0,62
1072,2453,2519,0,60
1073,2453,2519,0,62
1074,2453,2519,0,62
1075,2453,2519,0,63
1076,2453,2519,0,62
1077,2453,2519,0,60
1078,2453,2519,0,63
1079,2453,2519,0,63
1080,2453,2520,0,63
1081,2453,2519,0,61
1082,2453,2519,0,62
1083,2453,2519,0,63
1084,2453,2519,0,63
1085,2453,2519,0,63
1086,2453,2519,0,62
1087,2453,2519,0,62
1088,2453,2519,0,63
1089,2453,2519,0,62
1090,2453,2519,0,62
1091,2453,2518,0,60
1092,2453,2519,0,60
1093,2453,2519,0,62
1094,2453,2519,0,61
1095,2453,2519,0,62
1096,2453,2519,0,63
1097,2453,2519,0,63
1098,2453,2519,0,61
1099,2453,2519,0,61
1100,2453,2519,0,61
1101,2453,2519,0,63
1102,2453,2519,0,63
1103,2453,2518,0,61
1104,2453,2519,0,62
1105,2453,2518,0,62
1106,2453,2519,0,64
1107,2453,2519,0,63
1108,2453,2519,0,62
1109,2453,2518,0,62
1110,2453,2518,0,61
1111,2453,2518,0,61
1112,2453,2518,0,61
1113,2453,2518,0,60
1114,2453,2518,0,62
1115,2453,2518,0,61
1116,2453,2518,0,61
1117,2453,2518,0,62
1118,2453,2518,0,62
1119,2453,2518,0,60
1120,2453,2518,0,59
1121,2453,2518,0,60
1122,2453,2518,0,59
1123,2453,2518,0,58
1124,2453,2518,0,58
1125,2453,2518,0,60
1126,2453,2518,0,62
1127,2454,2518,0,60
1128,2454,2518,0,60
1129,2453,2518,0,60
1130,2453,2518,0,60
1131,2453,2518,0,61
1132,2453,2518,0,62
1133,2453,2518,0,61
1134,2453,2518,0,60
1135,2453,2518,0,63
1136,2453,2518,0,62
1137,2453,2518,0,61
1138,2453,2518,0,61
1139,2453,2518,0,63
1140,2453,2518,0,61
1141,2453,2518,0,61
1142,2453,2518,0,59
1143,2453,2518,0,59
1144,2453,2519,0,61
1145,2453,2519,0,61
1146,2453,2519,0,62
1147,2453,2518,0,62
1148,2453,2518,0,63
1149,2453,2518,0,62
1150,2454,2518,0,62
1151,2453,2518,0,62
1152,2454,2518,0,62
1153,2453,2518,0,62
1154,2453,2518,0,61
1155,2453,2519,0,61
1156,2453,2519,0,61
1157,2453,2519,0,62
1158,2453,2519,0,61
1159,2453,2519,0,60
1160,2452,2519,0,58
1161,2453,2518,0,63
1162,2453,2519,0,59
1163,2452,2519,0,58
1164,2453,2519,0,62
1165,2453,2519,0,61
1166,2453,2519,0,59
1167,2452,2519,0,58
1168,2453,2519,0,60
1169,2452,2519,0,58
1170,2453,2519,0,57
1171,2453,2519,0,58
1172,2453,2519,0,59
1173,2453,2518,0,60
1174,2453,2519,0,64
1175,2453,2519,0,64
1176,2453,2519,0,65
1177,2453,2519,0,65
1178,2453,2519,0,64
1179,2453,2520,0,67
1180,2453,2520,0,66
1181,2453,2519,0,64
1182,2453,2519,0,66
1183,2453,2519,0,60
1184,2453,2519,0,59
1185,2452,2519,0,61
1186,2452,2519,0,61
1187,2452,2519,0,59
1188,2453,2520,0,62
1189,2453,2520,0,63
1190,2452,2519,0,59
1191,2452,2519,0,61
1192,2452,2519,0,58
1193,2452,2519,0,61
1194,2453,2519,0,59
1195,2452,2519,0,61
1196,2453,2519,0,58
1197,2453,2520,0,61
1198,2453,2520,0,63
1199,2453,2519,0,60
1200,2453,2519,0,62
1201,2453,2519,0,62
1202,2453,2519,0,60
1203,2453,2519,0,60
1204,2453,2519,0,61
1205,2453,2519,0,59
1206,2453,2519,0,62
1207,2453,2519,0,59
1208,2453,2519,0,59
1209,2453,2519,0,58
1210,2453,2519,0,57
1211,2453,2519,0,57
1212,2453,2519,0,58
1213,2452,2519,0,59
1214,2453,2519,0,57
1215,2453,2519,0,58
1216,2453,2519,0,57
1217,2453,2519,0,60
1218,2453,2519,0,60
1219,2452,2519,0,62
1220,2452,2519,0,63
1221,2452,2519,0,62
1222,2452,2520,0,61
1223,2452,2520,0,62
1224,2452,2520,0,60
1225,2452,2519,0,58
1226,2453,2519,0,62
1227,2452,2520,0,62
1228,2452,2520,0,62
1229,2452,2519,0,61
1230,2453,2519,0,62
1231,2453,2519,0,63
1232,2452,2520,0,63
1233,2453,2519,0,63
1234,2452,2520,0,62
1235,2453,2519,0,59
1236,2452,2519,0,61
1237,2452,2519,0,60
1238,2453,2519,0,64
1239,2453,2519,0,65
1240,2453,2519,0,61
1241,2453,2519,0,61
1242,2453,2519,0,62
1243,2452,2519,0,60
1244,2452,2519,0,61
1245,2452,2519,0,61
1246,2452,2519,0,63
1247,2452,2519,0,64
1248,2452,2519,0,64
1249,2453,2519,0,63
1250,2452,2519,0,62
1251,2453,2519,0,62
1252,2452,2519,0,61
1253,2452,2519,0,60
1254,2452,2519,0,65
1255,2453,2519,0,63
1256,2452,2519,0,65
1257,2452,2519,0,65
1258,2452,2519,0,63
1259,2452,2519,0,65
1260,2452,2519,0,61
1261,2452,2519,0,60
1262,2452,2519,0,60
1263,2452,2519,0,60
1264,2452,2519,0,61
1265,2453,2519,0,64
1266,2452,2519,0,60
1267,2453,2519,0,59
1268,2453,2519,0,61
1269,2453,2519,0,63
1270,2453,2519,0,62
1271,2453,2519,0,61
1272,2452,2519,0,61
1273,2452,2518,0,56
1274,2452,2519,0,57
1275,2452,2519,0,58
1276,2453,2519,0,58
1277,2452,2519,0,61
1278,2453,2519,0,57
1279,2453,2519,0,57
1280,2453,2518,0,54
1281,2453,2519,0,58
1282,2453,2518,0,57
1283,2453,2519,0,58
1284,2453,2518,0,57
1285,2453,2519,0,57
1286,2453,2519,0,58
1287,2453,2519,0,61
1288,2452,2519,0,59
1289,2453,2519,0,55
1290,2453,2519,0,58
1291,2452,2519,0,57
1292,2452,2519,0,59
1293,2452,2520,0,62
1294,2452,2519,0,59
1295,2452,2519,0,61
1296,2452,2519,0,62
1297,2452,2520,0,63
1298,2452,2520,0,61
1299,2453,2520,0,61
1300,2452,2519,0,59
1301,2452,2519,0,57
1302,2452,2519,0,58
1303,2452,2519,0,54
1304,2452,2519,0,53
1305,2452,2519,0,57
1306,2452,2519,0,55
1307,2452,2519,0,53
1308,2453,2519,0,58
1309,2452,2519,0,55
1310,2452,2519,0,59
1311,2452,2519,0,59
1312,2452,2519,0,57
1313,2452,2519,0,58
1314,2452,2519,0,57
1315,2452,2519,0,54
1316,2452,2519,0,58
1317,2452,2519,0,57
1318,2452,2519,0,59
1319,2452,2519,0,58
1320,2452,2519,0,56
1321,2452,2519,0,58
1322,2452,2518,0,55
1323,2452,2519,0,55
1324,2452,2519,0,54
1325,2452,2518,0,55
1326,2452,2519,0,56
1327,2452,2519,0,57
1328,2452,2519,0,58
1329,2452,2519,0,56
1330,2453,2519,0,58
1331,2452,2519,0,57
1332,2452,2518,0,51
1333,2452,2519,0,57
1334,2453,2518,0,56
1335,2452,2518,0,57
1336,2453,2519,0,61
1337,2453,2519,0,60
1338,2453,2519,0,65
1339,2453,2519,0,66
1340,2453,2519,0,65
1341,2453,2519,0,67
1342,2454,2519,0,65
1343,2453,2519,0,66
1344,2453,2519,0,69
1345,2453,2519,0,69
1346,2453,2519,0,70
1347,2453,2519,0,70
1348,2454,2518,0,69
1349,2454,2518,0,68
1350,2453,2519,0,69
1351,2454,2518,0,68
1352,2453,2519,0,69
1353,2453,2518,0,70
1354,2453,2519,0,71
1355,2453,2519,0,69
1356,2453,2519,0,70
1357,2453,2519,0,69
1358,2453,2519,0,69
1359,2453,2519,0,68
1360,2453,2519,0,67
1361,2453,2519,0,69
1362,2453,2519,0,70
1363,2453,2520,0,68
1364,2453,2520,0,69
1365,2453,2520,0,69
1366,2453,2519,0,68
1367,2453,2519,0,69
1368,2453,2519,0,66
1369,2453,2519,0,69
1370,2453,2519,0,71
1371,2453,2519,0,67
1372,2453,2519,0,66
1373,2453,2519,0,68
1374,2453,2519,0,67
1375,2453,2519,0,68
1376,2453,2519,0,68
1377,2453,2519,0,69
1378,2453,2519,0,67
1379,2453,2519,0,70
1380,2453,2519,0,68
1381,2453,2519,0,68
1382,2453,2519,0,68
1383,2453,2519,0,66
1384,2453,2519,0,66
1385,2453,2519,0,66
1386,2453,2519,0,66
1387,2453,2519,0,66
1388,2453,2519,0,67
1389,2453,2519,0,66
1390,2453,2519,0,64
1391,2453,2519,0,67
1392,2453,2519,0,67
1393,2453,2519,0,67
1394,2453,2519,0,65
1395,2453,2519,0,67
1396,2452,2519,0,67
1397,2453,2519,0,68
1398,2453,2519,0,67
1399,2453,2519,0,66
1400,2453,2519,0,66
1401,2453,2519,0,64
1402,2453,2519,0,67
1403,2453,2519,0,66
1404,2453,2519,0,65
1405,2453,2519,0,66
1406,2453,2519,0,64
1407,2453,2519,0,64
1408,2453,2519,0,63
1409,2453,2519,0,64
1410,2453,2519,0,65
1411,2453,2519,0,64
1412,2453,2518,0,65
1413,2453,2519,0,66
1414,2453,2519,0,65
1415,2453,2519,0,64
1416,2453,2519,0,65
1417,2453,2519,0,66
1418,2453,2519,0,64
1419,2453,2519,0,65
1420,2453,2519,0,66
1421,2453,2519,0,65
1422,2453,2519,0,65
1423,2453,2519,0,64
1424,2453,2519,0,65
1425,2453,2519,0,65
1426,2453,2519,0,65
1427,2453,2519,0,64
1428,2453,2519,0,66
1429,2453,2519,0,64
1430,2452,2519,0,65
1431,2453,2519,0,64
1432,2453,2519,0,67
1433,2453,2519,0,65
1434,2453,2519,0,67
1435,2453,2519,0,65
1436,2453,2519,0,65
1437,2453,2519,0,67
1438,2453,2519,0,67
1439,2453,2519,0,68
1440,2453,2520,0,67
1441,2453,2520,0,67
1442,2453,2519,0,66
1443,2453,2520,0,70
1444,2453,2520,0,71
1445,2453,2520,0,72
1446,2453,2520,0,68
1447,2453,2520,0,67
1448,2453,2520,0,69
1449,2453,2520,0,69
1450,2453,2520,0,68
1451,2453,2520,0,70
1452,2453,2520,0,69
1453,2453,2519,0,69
1454,2453,2519,0,71
1455,2453,2520,0,69
1456,2452,2520,0,70
1457,2453,2520,0,66
1458,2453,2519,0,67
1459,2453,2519,0,68
1460,2453,2519,0,68
1461,2453,2519,0,67
1462,2453,2519,0,66
1463,2453,2519,0,66
1464,2453,2519,0,66
1465,2453,2519,0,69
1466,2453,2519,0,66
1467,2453,2519,0,67
1468,2453,2519,0,66
1469,2453,2518,0,68
1470,2452,2519,0,66
1471,2452,2519,0,65
1472,2453,2519,0,66
1473,2453,2519,0,65
1474,2453,2519,0,66
1475,2453,2519,0,64
1476,2453,2519,0,63
1477,2453,2519,0,67
1478,2453,2518,0,65
1479,2453,2518,0,63
1480,2453,2518,0,64
1481,2453,2518,0,63
1482,2453,2518,0,63
1483,2453,2518,0,63
1484,2453,2518,0,63
1485,2453,2518,0,66
1486,2453,2519,0,66
1487,2453,2519,0,66
1488,2453,2518,0,62
1489,2453,2518,0,64
1490,2453,2518,0,64
1491,2453,2518,0,65
1492,2453,2518,0,65
1493,2453,2518,0,61
1494,2452,2519,0,63
1495,2453,2519,0,66
1496,2453,2518,0,68
1497,2453,2519,0,67
1498,2453,2519,0,67
1499,2453,2519,0,63
1500,2453,2519,0,66
1501,2453,2519,0,66
1502,2453,2519,0,65
1503,2453,2519,0,64
1504,2453,2519,0,68
1505,2453,2519,0,67
1506,2453,2519,0,67
1507,2453,2519,0,66
1508,2453,2519,0,68
1509,2453,2519,0,65
1510,2453,2519,0,66
1511,2453,2519,0,66
1512,2453,2519,0,65
1513,2453,2519,0,64
1514,2453,2519,0,65
1515,2453,2519,0,66
1516,2453,2519,0,67
1517,2453,2519,0,67
1518,2453,2519,0,66
1519,2453,2519,0,67
1520,2453,2519,0,67
1521,2453,2519,0,67
1522,2453,2519,0,66
1523,2453,2519,0,67
1524,2453,2520,0,68
1525,2453,2519,0,66
1526,2453,2519,0,66
1527,2453,2520,0,65
1528,2452,2519,0,67
1529,2452,2520,0,67
1530,2452,2520,0,66
1531,2452,2520,0,63
1532,2452,2520,0,70
1533,2452,2520,0,63
1534,2452,2519,0,64
1535,2453,2519,0,63
1536,2453,2518,0,61
1537,2453,2518,0,60
1538,2453,2519,0,64
1539,2453,2519,0,64
1540,2453,2519,0,65
1541,2453,2519,0,61
1542,2452,2519,0,63
1543,2453,2519,0,64
1544,2452,2519,0,60
1545,2453,2519,0,64
1546,2453,2519,0,63
1547,2453,2519,0,64
1548,2453,2519,0,67
1549,2453,2518,0,58
1550,2453,2518,0,61
1551,2453,2518,0,60
1552,2453,2518,0,60
1553,2453,2518,0,63
1554,2453,2518,0,64
1555,2453,2518,0,61
1556,2453,2518,0,64
1557,2453,2518,0,62
1558,2453,2518,0,62
1559,2453,2518,0,62
1560,2453,2518,0,62
1561,2453,2518,0,60
1562,2453,2518,0,64
1563,2453,2519,0,61
1564,2453,2518,0,60
1565,2453,2519,0,61
1566,2453,2518,0,61
1567,2453,2519,0,59
1568,2452,2518,0,59
1569,2453,2519,0,60
1570,2453,2519,0,61
1571,2453,2519,0,63
1572,2452,2519,0,62
1573,2453,2519,0,60
1574,2453,2519,0,61
1575,2453,2519,0,62
1576,2453,2519,0,60
1577,2452,2519,0,61
1578,2452,2519,0,60
1579,2452,2519,0,56
1580,2453,2519,0,63
1581,2453,2519,0,59
1582,2452,2519,0,62
1583,2453,2519,0,60
1584,2453,2519,0,59
1585,2452,2519,0,57
1586,2452,2519,0,63
1587,2452,2519,0,61
1588,2452,2519,0,62
1589,2453,2519,0,64
1590,2453,2519,0,64
1591,2453,2519,0,63
1592,2453,2519,0,63
1593,2453,2519,0,62
1594,2452,2519,0,59
1595,2453,2519,0,62
1596,2453,2519,0,61
1597,2452,2519,0,60
1598,2452,2519,0,60
1599,2452,2519,0,61
1600,2452,2519,0,61
1601,2452,2519,0,60
1602,2453,2519,0,62
1603,2452,2519,0,59
1604,2452,2519,0,61
1605,2452,2519,0,56
1606,2452,2520,0,64
1607,2452,2519,0,60
1608,2452,2519,0,64
1609,2452,2519,0,62
1610,2453,2519,0,62
1611,2453,2519,0,64
1612,2452,2519,0,68
1613,2452,2519,0,62
1614,2452,2520,0,65
1615,2453,2520,0,67
1616,2453,2519,0,69
1617,2453,2519,0,68
1618,2453,2520,0,68
1619,2453,2519,0,68
1620,2453,2519,0,67
1621,2453,2519,0,66
1622,2453,2519,0,61
1623,2453,2519,0,62
1624,2453,2519,0,65
1625,2453,2519,0,58
1626,2453,2519,0,61
1627,2453,2518,0,60
1628,2453,2518,0,61
1629,2453,2519,0,63
1630,2453,2518,0,61
1631,2453,2519,0,65
1632,2453,2519,0,63
1633,2453,2519,0,61
1634,2453,2518,0,60
1635,2453,2519,0,62
1636,2453,2519,0,59
1637,2453,2519,0,62
1638,2452,2518,0,60
1639,2453,2518,0,61
1640,2453,2519,0,63
1641,2453,2519,0,62
1642,2453,2519,0,62
1643,2453,2519,0,66
1644,2453,2519,0,63
1645,2453,2518,0,62
1646,2453,2518,0,62
1647,2453,2518,0,60
1648,2453,2518,0,61
1649,2453,2518,0,62
1650,2453,2518,0,62
1651,2453,2518,0,65
1652,2453,2518,0,64
1653,2453,2519,0,63
1654,2453,2519,0,65
1655,2453,2518,0,65
1656,2453,2518,0,65
1657,2453,2518,0,64
1658,2453,2518,0,67
1659,2453,2518,0,64
1660,2453,2518,0,63
1661,2453,2518,0,64
1662,2453,2518,0,64
1663,2453,2518,0,62
1664,2453,2518,0,66
1665,2453,2518,0,64
1666,2453,2518,0,62
1667,2453,2518,0,63
1668,2453,2519,0,65
1669,2453,2519,0,66
1670,2453,2519,0,66
1671,2453,2519,0,66
1672,2453,2519,0,66
1673,2453,2519,0,66
1674,2453,2519,0,67
1675,2453,2519,0,65
1676,2453,2519,0,68
1677,2453,2519,0,65
1678,2453,2519,0,66
1679,2453,2519,0,65
1680,2453,2519,0,66
1681,2453,2519,0,66
1682,2453,2519,0,65
1683,2453,2519,0,65
1684,2453,2519,0,66
1685,2453,2519,0,67
1686,2453,2519,0,63
1687,2453,2519,0,63
1688,2453,2519,0,67
1689,2453,2518,0,62
1690,2454,2519,0,64
1691,2454,2519,0,68
1692,2454,2518,0,67
1693,2454,2518,0,67
1694,2453,2518,0,65
1695,2453,2519,0,66
1696,2453,2518,0,65
1697,2453,2518,0,64
1698,2453,2518,0,63
1699,2453,2518,0,64
1700,2453,2518,0,62
1701,2454,2518,0,63
1702,2453,2518,0,61
1703,2453,2518,0,60
1704,2453,2518,0,63
1705,2453,2518,0,63
1706,2453,2518,0,61
1707,2453,2518,0,63
1708,2453,2518,0,65
1709,2453,2518,0,65
1710,2453,2518,0,65
1711,2453,2519,0,63
1712,2453,2518,0,65
1713,2455,2519,0,71
1714,2454,2519,0,70
1715,2455,2518,0,69
1716,2454,2518,0,66
1717,2454,2518,0,66
1718,2454,2518,0,65
1719,2454,2518,0,64
1720,2454,2518,0,67
1721,2454,2517,0,68
1722,2454,2517,0,67
1723,2454,2517,0,66
1724,2454,2517,0,65
1725,2454,2517,0,62
1726,2454,2518,0,62
1727,2454,2518,0,61
1728,2454,2517,0,60
1729,2454,2517,0,60
1730,2454,2518,0,60
1731,2454,2518,0,61
1732,2454,2517,0,58
1733,2453,2518,0,59
1734,2454,2518,0,59
1735,2454,2517,0,57
1736,2453,2518,0,58
1737,2453,2518,0,57
1738,2453,2518,0,57
1739,2453,2518,0,57
1740,2453,2518,0,56
1741,2453,2518,0,57
1742,2453,2518,0,57
1743,2453,2518,0,57
1744,2453,2518,0,55
1745,2453,2518,0,58
1746,2453,2518,0,57
1747,2453,2518,0,57
1748,2453,2518,0,59
1749,2453,2518,0,59
1750,2454,2518,0,59
1751,2454,2518,0,60
1752,2453,2518,0,59
1753,2453,2518,0,60
1754,2454,2517,0,60
1755,2453,2517,0,55
1756,2454,2517,0,53
1757,2454,2517,0,59
1758,2454,2517,0,59
1759,2454,2517,0,60
1760,2454,2517,0,58
1761,2454,2517,0,58
1762,2454,2517,0,59
1763,2454,2517,0,59
1764,2454,2517,0,58
1765,2454,2517,0,58
1766,2454,2517,0,55
1767,2454,2517,0,55
1768,2454,2517,0,58
1769,2454,2517,0,58
1770,2454,2517,0,63
1771,2453,2518,0,62
1772,2453,2518,0,57
1773,2453,2518,0,53
1774,2453,2518,0,52
1775,2454,2517,0,53
1776,2454,2517,0,55
1777,2454,2517,0,56
1778,2454,2517,0,56
1779,2454,2517,0,54
1780,2454,2517,0,55
1781,2454,2517,0,54
1782,2454,2517,0,56
1783,2454,2517,0,55
1784,2454,2517,0,54
1785,2454,2517,0,54
1786,2453,2517,0,55
1787,2453,2517,0,56
1788,2453,2517,0,55
1789,2453,2517,0,56
1790,2454,2517,0,53
1791,2453,2517,0,57
1792,2453,2517,0,57
1793,2454,2517,0,56
1794,2453,2517,0,58
1795,2453,2517,0,55
1796,2453,2517,0,58
1797,2453,2517,0,58
1798,2453,2517,0,59
1799,2453,2517,0,59
1800,2453,2517,0,59
1801,2453,2517,0,56
1802,2453,2517,0,57
1803,2453,2517,0,56
1804,2453,2517,0,59
1805,2453,2517,0,59
1806,2453,2518,0,59
1807,2453,2518,0,59
1808,2453,2517,0,57
1809,2453,2517,0,59
1810,2453,2517,0,59
1811,2454,2517,0,60
1812,2454,2517,0,59
1813,2454,2517,0,60
1814,2453,2518,0,60
1815,2454,2517,0,60
1816,2453,2518,0,58
1817,2454,2518,0,61
1818,2454,2518,0,60
1819,2454,2518,0,62
1820,2454,2517,0,60
1821,2454,2518,0,59
1822,2454,2517,0,60
1823,2454,2517,0,59
1824,2453,2517,0,59
1825,2453,2518,0,58
1826,2453,2517,0,60
1827,2454,2517,0,58
1828,2454,2517,0,60
1829,2454,2517,0,59
1830,2454,2517,0,58
1831,2454,2517,0,58
1832,2454,2517,0,57
1833,2454,2517,0,57
1834,2454,2517,0,59
1835,2454,2517,0,60
1836,2454,2517,0,58
1837,2454,2517,0,56
1838,2454,2518,0,57
1839,2454,2518,0,59
1840,2453,2517,0,56
1841,2454,2518,0,58
1842,2453,2517,0,57
1843,2453,2518,0,57
1844,2453,2518,0,58
1845,2453,2518,0,57
1846,2453,2518,0,52
1847,2454,2518,0,53
1848,2453,2517,0,52
1849,2454,2518,0,54
1850,2454,2517,0,55
1851,2454,2517,0,55
1852,2454,2517,0,56
1853,2454,2517,0,60
1854,2454,2518,0,56
1855,2454,2517,0,61
1856,2454,2517,0,58
1857,2453,2518,0,58
1858,2454,2518,0,59
1859,2454,2518,0,61
1860,2454,2518,0,61
1861,2454,2518,0,59
1862,2454,2518,0,61
1863,2454,2517,0,59
1864,2454,2518,0,61
1865,2453,2518,0,59
1866,2453,2517,0,56
1867,2453,2518,0,58
1868,2453,2518,0,61
1869,2453,2518,0,60
1870,2454,2518,0,62
1871,2454,2518,0,61
1872,2454,2518,0,61
1873,2454,2517,0,61
1874,2454,2517,0,61
1875,2454,2517,0,61
1876,2453,2518,0,59
1877,2453,2518,0,60
1878,2453,2517,0,60
1879,2453,2517,0,59
1880,2453,2517,0,59
1881,2454,2518,0,61
1882,2454,2517,0,60
1883,2454,2517,0,59
1884,2453,2517,0,60
1885,2454,2517,0,60
1886,2454,2517,0,60
1887,2454,2517,0,60
1888,2454,2517,0,60
1889,2454,2517,0,61
1890,2454,2517,0,60
1891,2454,2517,0,59
1892,2454,2517,0,63
1893,2454,2517,0,60
1894,2454,2517,0,64
1895,2454,2517,0,63
1896,2454,2517,0,61
1897,2454,2517,0,61
1898,2454,2517,0,64
1899,2454,2517,0,63
1900,2454,2517,0,63
1901,2454,2517,0,64
1902,2454,2517,0,62
1903,2454,2517,0,64
1904,2454,2517,0,64
1905,2454,2517,0,65
1906,2454,2517,0,62
1907,2454,2517,0,62
1908,2454,2517,0,61
1909,2454,2517,0,64
1910,2454,2517,0,61
1911,2454,2517,0,64
1912,2454,2517,0,63
1913,2454,2517,0,63
1914,2454,2517,0,60
1915,2454,2517,0,63
1916,2454,2517,0,61
1917,2454,2517,0,64
1918,2454,2517,0,63
1919,2454,2517,0,63
1920,2454,2517,0,62
1921,2454,2517,0,63
1922,2454,2517,0,61
1923,2454,2517,0,62
1924,2454,2517,0,62
1925,2454,2517,0,60
1926,2454,2517,0,61
1927,2454,2517,0,63
1928,2454,2517,0,63
1929,2454,2517,0,61
1930,2454,2517,0,64
1931,2454,2517,0,62
1932,2454,2517,0,59
1933,2454,2517,0,60
1934,2454,2517,0,60
1935,2454,2518,0,60
1936,2454,2517,0,59
1937,2454,2517,0,60
1938,2454,2517,0,62
1939,2454,2517,0,60
1940,2454,2517,0,59
1941,2454,2517,0,62
1942,2454,2517,0,56
1943,2454,2517,0,59
1944,2454,2517,0,56
1945,2453,2517,0,54
1946,2453,2517,0,60
1947,2454,2517,0,59
1948,2453,2517,0,60
1949,2454,2517,0,61
1950,2453,2517,0,59
1951,2454,2517,0,63
1952,2453,2516,0,54
1953,2453,2516,0,58
1954,2454,2516,0,63
1955,2452,2516,0,55
1956,2452,2516,0,56
1957,2452,2516,0,54
1958,2452,2516,0,51
1959,2452,2516,0,54
1960,2454,2515,0,60
1961,2452,2516,0,54
1962,2452,2516,0,50
1963,2451,2516,0,52
1964,2453,2516,0,53
1965,2453,2515,0,59
1966,2452,2515,0,57
1967,2452,2515,0,60
1968,2452,2514,0,61
1969,2452,2513,0,61
1970,2451,2514,0,59
1971,2450,2514,0,65
1972,2449,2513,0,65
1973,2449,2513,0,69
1974,2449,2514,0,69
1975,2448,2513,0,70
1976,2447,2513,0,74
1977,2447,2513,0,70
1978,2447,2512,0,72
1979,2447,2511,0,72
1980,2445,2509,0,76
1981,2443,2509,0,73
1982,2442,2508,0,90
1983,2439,2506,0,97
1984,2440,2506,0,89
1985,2440,2506,0,99
1986,2440,2504,0,102
1987,2439,2501,0,104
1988,2439,2495,0,97
1989,2435,2486,0,102
1990,2438,2483,0,108
1991,2436,2479,0,103
1992,2435,2481,0,78
1993,2436,2475,0,101
1994,2433,2473,0,88
1995,2431,2474,0,84
1996,2428,2474,0,74
1997,2426,2474,0,74
1998,2426,2473,0,60
1999,2425,2474,0,47
2000,2425,2474,0,41
2001,2424,2473,0,37
2002,2423,2472,0,30
2003,2420,2471,0,26
2004,2420,2471,0,24
2005,2418,2471,0,21
2006,2420,2469,0,14
2007,2423,2468,0,11
2008,2418,2468,0,6
2009,2416,2467,0,3
2010,2412,2470,0,9
2011,2411,2471,0,13
2012,2407,2471,0,11
2013,2402,2469,0,7
2014,2399,2470,0,9
2015,2396,2469,0,10
2016,2396,2470,0,15
2017,2396,2471,0,15
2018,2395,2471,0,18
2019,2395,2471,0,23
2020,2394,2472,0,24
2021,2394,2471,0,21
2022,2395,2470,0,16
2023,2393,2471,0,18
2024,2393,2471,0,20
2025,2393,2472,0,16
2026,2392,2473,0,17
2027,2392,2473,0,15
2028,2393,2473,0,16
2029,2392,2474,0,18
2030,2394,2475,0,17
2031,2394,2472,0,17
2032,2394,2471,0,14
2033,2393,2471,0,13
2034,2392,2471,0,14
2035,2392,2472,0,14
2036,2391,2474,0,12
2037,2390,2475,0,15
2038,2391,2476,0,16
2039,2391,2476,0,20
2040,2391,2477,0,21
2041,2389,2476,0,22
2042,2388,2475,0,22
2043,2388,2471,0,32
2044,2389,2471,0,30
2045,2388,2474,0,30
2046,2386,2474,0,26
2047,2377,2478,0,55
2048,2376,2478,0,64
2049,2377,2478,0,58
2050,2387,2475,0,28
2051,2392,2479,0,22
2052,2392,2478,0,22
2053,2393,2478,0,25
2054,2395,2477,0,24
2055,2395,2477,0,24
2056,2393,2475,0,29
2057,2395,2473,0,27
2058,2396,2472,0,30
2059,2398,2472,0,33
2060,2393,2473,0,39
2061,2393,2471,0,50
2062,2393,2467,0,51
2063,2391,2467,0,57
2064,2391,2468,0,64
2065,2391,2465,0,61
2066,2392,2463,0,52
2067,2389,2466,0,67
2068,2386,2464,0,61
2069,2386,2464,0,62
2070,2385,2464,0,66
2071,2384,2465,0,75
2072,2383,2466,0,82
2073,2383,2466,0,89
2074,2383,2466,0,90
2075,2383,2464,0,92
2076,2381,2465,0,106
2077,2381,2466,0,115
2078,2379,2465,0,107
2079,2380,2467,0,119
2080,2380,2470,0,129
2081,2381,2472,0,128
2082,2382,2473,0,139
2083,2383,2474,0,146
2084,2382,2474,0,140
2085,2380,2474,0,137
2086,2381,2472,0,134
2087,2382,2472,0,130
2088,2384,2474,0,140
2089,2383,2472,0,139
2090,2385,2471,0,143
2091,2385,2470,0,149
2092,2384,2471,0,152
2093,2382,2470,0,150
2094,2382,2470,0,157
2095,2382,2470,0,159
2096,2385,2470,0,162
2097,2385,2470,0,163
2098,2385,2469,0,168
2099,2384,2467,0,174
2100,2385,2468,0,173
2101,2385,2467,0,174
2102,2385,2467,0,164
2103,2384,2470,0,141
2104,2386,2473,0,138
2105,2386,2475,0,126
2106,2384,2475,0,115
2108,2383,2476,0,110
2112,2382,2475,0,101
2115,2382,2471,0,95
2116,2380,2466,0,70
2117,2381,2466,0,67
2118,2382,2464,0,61
2119,2382,2464,0,55
2120,2382,2464,0,57
2121,2383,2464,0,52
2122,2384,2465,0,48
2123,2387,2463,0,33
2124,2387,2463,0,29
2125,2387,2463,0,31
2126,2389,2465,0,32
2127,2381,2472,0,25
2128,2378,2476,0,23
2129,2375,2480,0,21
2130,2372,2483,0,20
2131,2370,2483,0,14
2132,2366,2481,0,4
2133,2363,2484,0,355
2134,2362,2481,0,355
2135,2363,2478,0,343
2136,2362,2479,0,333
2137,2358,2477,0,338
2138,2354,2475,0,339
2139,2352,2474,0,339
2140,2349,2473,0,339
2141,2349,2474,0,335
2142,2348,2473,0,333
2143,2349,2472,0,328
2144,2350,2472,0,320
2145,2349,2470,0,311
2146,2348,2469,0,309
2147,2347,2469,0,296
2148,2348,2470,0,291
2149,2349,2470,0,278
2150,2350,2469,0,272
2151,2354,2467,0,264
2152,2356,2465,0,259
2153,2356,2462,0,257
2154,2356,2459,0,243
2155,2358,2456,0,237
2156,2359,2455,0,231
2157,2360,2455,0,211
2158,2363,2455,0,206
2159,2365,2456,0,201
2160,2369,2456,0,202
2161,2373,2456,0,201
2162,2373,2455,0,200
2163,2376,2454,0,180
2164,2381,2455,0,173
2165,2384,2455,0,170
2166,2385,2456,0,172
2167,2386,2457,0,171
2168,2385,2457,0,167
2169,2384,2459,0,160
2170,2386,2463,0,151
2171,2384,2466,0,143
2174,2381,2484,0,73
2175,2383,2481,0,86
2176,2380,2484,0,65
2177,2384,2475,0,98
2178,2383,2474,0,78
2179,2380,2470,0,58
2180,2377,2472,0,58
2181,2377,2471,0,58
2182,2378,2469,0,63
2183,2376,2470,0,72
2184,2375,2471,0,89
2185,2376,2474,0,106
2186,2378,2476,0,119
2187,2379,2476,0,126
2188,2385,2478,0,135
2189,2390,2473,0,137
2190,2393,2474,0,141
2191,2397,2472,0,151
2192,2402,2475,0,155
2193,2405,2478,0,154
2194,2409,2480,0,159
2195,2417,2487,0,159
2196,2418,2489,0,171
2197,2420,2491,0,173
2198,2422,2488,0,182
2199,2422,2488,0,184
2200,2423,2487,0,186
2201,2424,2486,0,193
2202,2425,2486,0,190
2203,2425,2486,0,192
2204,2425,2486,0,191
2205,2424,2487,0,189
2206,2423,2487,0,188
2207,2424,2487,0,188
2208,2421,2486,0,192
2209,2419,2484,0,193
2210,2420,2484,0,193
2211,2419,2484,0,192
2212,2418,2483,0,190
2213,2419,2483,0,187
2214,2418,2482,0,180
2215,2419,2482,0,174
2216,2417,2483,0,168
2217,2417,2483,0,145
2220,2407,2486,0,249
2221,2402,2483,0,233
2225,2412,2479,0,122
2226,2413,2477,0,120
2227,2417,2478,0,144
2228,2420,2481,0,156
2229,2420,2481,0,160
2230,2422,2481,0,165
2231,2427,2479,0,170
2232,2422,2477,0,162
2233,2421,2475,0,164
2234,2421,2473,0,168
2235,2421,2474,0,170
2236,2423,2475,0,166
2237,2421,2476,0,142
2238,2420,2476,0,123
2239,2419,2476,0,120
2240,2417,2475,0,121
2241,2415,2473,0,114
2242,2412,2473,0,108
2243,2410,2474,0,116
2244,2411,2475,0,112
2250,2410,2478,0,110
2251,2411,2478,0,113
2252,2414,2478,0,134
2253,2416,2481,0,145
2254,2420,2484,0,131
2255,2421,2486,0,129
2256,2422,2489,0,135
2257,2422,2489,0,141
2258,2425,2495,0,162
2259,2426,2493,0,154
2260,2422,2496,0,114
2261,2417,2489,0,131
2262,2415,2482,0,162
2263,2414,2482,0,165
2264,2413,2480,0,168
2265,2415,2482,0,183
2266,2417,2484,0,191
2267,2415,2484,0,193
2268,2418,2484,0,190
2269,2418,2485,0,190
2270,2418,2484,0,186
2271,2420,2483,0,191
2272,2420,2483,0,193
2273,2421,2484,0,194
2274,2420,2483,0,198
2275,2418,2483,0,204
2276,2415,2482,0,217
2277,2413,2482,0,228
2278,2412,2479,0,237
2279,2411,2472,0,245
2280,2410,2467,0,258
2281,2410,2452,0,273
2282,2414,2442,0,270
2283,2415,2439,0,265
2284,2421,2428,0,257
2285,2419,2424,0,281
2286,2424,2410,0,274
2287,2428,2404,0,261
2288,2429,2401,0,260
2289,2429,2405,0,264
2290,2427,2407,0,274
2291,2426,2402,0,273
2292,2426,2402,0,268
2293,2424,2402,0,261
2294,2423,2400,0,261
2295,2421,2397,0,266
2296,2422,2401,0,265
2297,2419,2400,0,253
2298,2421,2398,0,255
2299,2426,2394,0,252
2300,2423,2393,0,256
2301,2424,2401,0,287
2302,2421,2401,0,289
2303,2417,2401,0,300
2304,2418,2403,0,309
2305,2420,2406,0,311
2306,2422,2408,0,318
2307,2423,2408,0,320
2308,2422,2407,0,319
2309,2423,2406,0,311
2310,2419,2400,0,325
2311,2418,2400,0,325
2312,2415,2401,0,330
2313,2413,2402,0,335
2314,2410,2406,0,354
2315,2408,2408,0,4
2316,2407,2410,0,4
2317,2403,2413,0,13
2318,2404,2414,0,19
2319,2404,2414,0,19
2320,2404,2413,0,23
2321,2403,2415,0,29
2322,2399,2416,0,32
2323,2393,2419,0,40
2324,2392,2423,0,54
2325,2393,2428,0,59
2326,2392,2431,0,59
2327,2391,2426,0,54
2328,2393,2425,0,56
2329,2393,2425,0,64
2330,2392,2419,0,49
2331,2394,2416,0,43
2332,2393,2421,0,77
2333,2392,2422,0,70
2334,2392,2421,0,66
2335,2393,2416,0,39
2336,2395,2414,0,37
2337,2394,2413,0,37
2338,2395,2412,0,39
2339,2396,2412,0,46
2340,2396,2413,0,45
2341,2395,2413,0,43
2342,2395,2414,0,42
2343,2393,2414,0,39
2344,2394,2415,0,45
2345,2394,2415,0,43
2346,2395,2414,0,50
2347,2395,2413,0,45
2348,2397,2410,0,45
2349,2395,2412,0,41
2350,2395,2412,0,40
2351,2395,2412,0,40
2352,2393,2415,0,40
2353,2391,2418,0,36
2354,2390,2420,0,30
2355,2390,2420,0,28
2356,2387,2423,0,21
2357,2387,2425,0,17
2358,2383,2428,0,24
2359,2380,2429,0,27
2360,2375,2430,0,20
2361,2370,2434,0,22
2362,2370,2434,0,24
2363,2370,2434,0,22
2364,2369,2435,0,21
2365,2365,2439,0,20
2366,2361,2441,0,20
2367,2354,2443,0,15
2368,2343,2444,0,18
2369,2339,2450,0,27
2370,2341,2451,0,22
2371,2332,2455,0,23
2372,2331,2453,0,23
2373,2329,2452,0,26
2374,2329,2452,0,20
2375,2341,2448,0,11
2376,2337,2448,0,10
2377,2331,2450,0,21
2378,2330,2451,0,12
2379,2326,2452,0,7
2380,2324,2455,0,0
2381,2324,2455,0,7
2382,2325,2456,0,10
2383,2324,2455,0,10
2384,2323,2458,0,13
2385,2321,2461,0,4
2386,2321,2465,0,1
2387,2320,2471,0,355
2388,2322,2471,0,353
2389,2320,2471,0,348
2390,2320,2470,0,351
2391,2322,2471,0,353
2392,2319,2472,0,352
2393,2317,2471,0,347
2394,2316,2467,0,341
2395,2316,2465,0,330
2397,2318,2465,0,331
2400,2316,2456,0,336
2441,2153,2413,1,91
2444,2124,2393,1,327
2446,2113,2388,1,315
2447,2108,2387,1,329
2451,2100,2384,1,52
2452,2101,2385,1,57
2453,2098,2383,1,44
2457,2112,2385,1,36
2458,2110,2382,1,356
2461,2106,2373,1,86
2462,2108,2372,1,79
2463,2112,2370,1,80
2464,2114,2368,1,57
2465,2114,2368,1,57
2466,2112,2368,1,88
2468,2108,2367,1,90
2471,2103,2358,1,59
2472,2103,2355,1,81
2474,2101,2353,1,56
2475,2101,2352,1,82
2480,2101,2354,1,83
2483,2103,2351,1,5
2491,2086,2335,1,72
2493,2089,2333,1,339
2494,2090,2335,1,352
2496,2090,2336,1,59
2499,2086,2330,1,324
2502,2086,2330,1,16
2503,2086,2332,1,45
2504,2085,2335,1,20
2505,2088,2332,1,358
2510,2086,2325,1,40
2518,2081,2325,1,279
2522,2114,2334,0,351
2526,2067,2310,1,16
2529,2049,2295,1,90
2532,2019,2300,1,333
2541,1795,2366,0,200
2542,1814,2365,0,173
2543,1845,2378,0,169
2545,1888,2370,0,209
2546,1917,2363,0,186
2547,1942,2355,0,197
2549,2003,2349,0,191
2550,2025,2345,0,187
2551,2047,2355,0,164
2552,2063,2361,0,157
2553,2078,2365,0,178
2554,2100,2383,0,141
2555,2107,2385,0,169
2556,2125,2386,0,189
2557,2149,2382,0,217
2558,2164,2371,0,221
2562,2247,2311,0,221
2568,2304,2376,0,83
2569,2295,2385,0,57
2570,2277,2398,0,52
2577,2167,2464,0,32
2578,2148,2470,0,28
2579,2139,2470,0,20
2580,2122,2466,0,15
2581,2099,2462,0,3
2582,2084,2464,0,11
2583,2059,2470,0,24
2584,2043,2468,0,20
2585,2029,2456,0,357
2586,2003,2457,0,4
2587,1974,2461,0,356
2588,1947,2469,0,22
2589,1936,2470,0,19
2590,1918,2469,0,9
2591,1870,2485,1,28
2592,1878,2469,0,15
2594,1826,2472,0,19
2595,1814,2472,0,17
2596,1797,2469,0,7
2597,1787,2458,0,348
2600,1745,2464,0,11
2601,1720,2466,0,22
2602,1703,2469,0,56
2603,1683,2467,0,44
2604,1660,2483,1,57
2605,1666,2468,0,20
2606,1640,2469,0,16
2607,1616,2471,0,12
2608,1595,2474,0,6
2609,1575,2473,0,6
2610,1554,2478,0,19
2611,1502,2477,1,16
2612,1506,2477,0,14
2613,1486,2475,0,18
2614,1470,2470,0,359
2616,1421,2477,0,15
2618,1382,2474,0,356
2619,1376,2470,0,10
2620,1376,2464,0,349
2623,1433,2457,0,348
2624,1420,2459,0,356
2625,1407,2466,0,5
2626,1402,2470,0,18
2630,1343,2460,0,341
2636,1242,2508,0,351
2637,1244,2507,0,358
2658,1428,2453,0,196
2659,1452,2460,0,160
2662,1516,2471,0,156
2663,1524,2468,0,175
2664,1538,2466,0,176
2665,1562,2464,0,178
2666,1592,2463,0,176
2667,1619,2469,0,159
2668,1648,2470,0,158
2669,1659,2470,0,172
2670,1681,2466,0,186
2671,1689,2445,0,226
2672,1716,2430,0,233
2673,1736,2402,0,242
2674,1755,2389,0,222
2675,1778,2371,0,225
2676,1797,2355,0,224
2677,1826,2349,0,195
2678,1853,2348,0,189
2679,1879,2346,0,165
2680,1899,2353,0,156
2681,1927,2370,0,145
2683,1966,2401,0,134
2684,1992,2420,0,145
2685,2014,2416,0,171
2689,2069,2344,0,226
2691,2104,2281,0,265
2692,2119,2257,0,249
2693,2130,2232,0,262
2694,2147,2228,0,232
2695,2166,2219,0,223
2696,2188,2215,0,216
2697,2200,2212,0,199
2698,2215,2214,0,184
2699,2223,2223,0,160
2700,2241,2229,0,160
2701,2266,2249,1,120
2702,2265,2253,1,86
2704,2263,2250,0,126
2706,2267,2268,0,119
2708,2256,2262,0,95
2710,2265,2289,0,105
2711,2269,2302,0,125
2712,2273,2303,0,138
2713,2285,2306,0,160
2714,2281,2307,0,164
2715,2285,2305,0,173
2716,2291,2305,0,175
2717,2304,2305,0,186
2720,2304,2286,0,269
2721,2298,2281,0,288
2722,2288,2264,0,305
2723,2284,2260,0,155
2724,2273,2223,0,306
2740,2407,1945,0,203
2741,2405,1936,0,234
2742,2404,1921,0,259
2745,2383,1895,0,336
2746,2363,1870,0,334
2747,2349,1874,0,327
2748,2326,1869,0,346
2749,2307,1870,0,343
2751,2269,1875,0,12
2752,2245,1891,0,0
2753,2225,1898,0,27
2755,2188,1915,0,28
2756,2169,1925,0,19
2757,2155,1927,0,18
2759,2113,1939,0,11
2760,2093,1942,0,13
2761,2071,1956,0,9
2762,2052,1954,0,8
2763,2032,1962,0,5
2764,2009,1958,0,1
2765,1965,1952,1,338
2769,1912,1964,0,359
2770,1907,1980,0,353
2771,1898,1973,0,353
2772,1874,1971,0,351
2773,1849,1964,0,6
2774,1832,1972,0,359
2775,1812,1973,0,22
2776,1786,1981,0,6
2777,1755,1986,0,10
2781,1669,1979,0,356
2782,1649,1980,0,2
2783,1599,1976,1,6
2784,1608,1975,0,0
2785,1584,1976,0,358
2786,1557,1986,0,6
2787,1535,1991,0,14
2788,1516,1999,0,15
2789,1511,1999,0,12
2790,1501,1997,0,354
2791,1481,1998,0,6
2792,1461,2001,0,4
2793,1441,2004,0,11
2794,1423,2015,0,6
2795,1405,2021,0,18
2796,1389,2030,0,14
2797,1372,2037,0,23
2831,1714,2188,0,243
2832,1724,2177,0,257
2833,1725,2177,0,245
2834,1725,2179,0,239
