68,421,942,0,78
69,421,943,0,78
74,421,942,0,78
76,421,942,0,77
77,421,943,0,79
88,421,941,0,78
89,421,941,0,78
90,421,942,0,78
91,421,942,0,76
92,422,940,0,73
93,421,941,0,75
94,421,942,0,77
95,420,941,0,79
96,420,943,0,82
97,420,942,0,80
99,421,942,0,80
100,421,942,0,79
101,421,942,0,79
102,420,942,0,80
103,420,942,0,82
107,419,942,0,83
110,416,941,0,96
111,418,944,0,85
112,419,944,0,86
113,418,944,0,87
114,418,944,0,87
115,418,943,0,87
121,418,943,0,89
122,418,943,0,88
125,418,941,0,85
126,418,942,0,83
127,417,944,0,86
128,417,945,0,88
129,417,944,0,88
130,418,943,0,87
131,418,942,0,85
132,419,942,0,84
133,418,944,0,87
134,418,944,0,89
135,418,943,0,86
136,419,942,0,82
137,420,941,0,80
138,420,941,0,80
139,420,942,0,81
140,419,942,0,82
141,419,942,0,83
142,418,956,0,99
143,418,955,0,102
144,420,941,0,81
145,420,942,0,80
146,420,941,0,81
147,419,942,0,83
148,420,943,0,83
149,420,942,0,83
150,419,957,0,100
156,420,958,0,100
157,420,959,0,100
158,420,959,0,98
159,420,958,0,101
160,419,958,0,98
161,419,958,0,97
162,419,957,0,97
163,419,957,0,97
164,420,958,0,97
165,420,958,0,97
166,420,958,0,100
167,420,958,0,102
168,419,958,0,101
169,420,960,0,100
170,420,960,0,101
171,420,961,0,101
172,420,961,0,101
173,420,959,0,102
174,421,961,0,101
175,420,960,0,101
176,420,960,0,101
177,420,959,0,99
178,420,957,0,98
179,420,960,0,100
180,420,961,0,97
181,420,960,0,98
182,419,959,0,100
183,419,959,0,102
184,420,959,0,101
185,420,959,0,99
186,420,960,0,104
187,420,960,0,106
188,420,960,0,105
189,420,960,0,104
190,420,960,0,104
191,420,959,0,103
192,420,958,0,104
193,420,959,0,102
194,420,961,0,99
195,420,959,0,103
196,420,958,0,105
197,419,958,0,107
198,420,958,0,106
199,419,958,0,107
200,420,959,0,104
201,420,960,0,103
202,420,959,0,104
203,420,958,0,105
204,419,958,0,105
205,419,957,0,106
206,420,961,0,104
207,420,961,0,105
208,420,959,0,108
209,419,956,0,107
210,419,955,0,105
211,419,956,0,107
212,419,956,0,109
213,418,955,0,109
214,420,960,0,105
215,420,960,0,103
216,420,960,0,103
217,420,957,0,105
218,420,961,0,103
219,421,960,0,102
220,421,960,0,104
221,420,958,0,105
222,420,959,0,101
223,421,960,0,102
224,420,958,0,103
225,420,958,0,106
226,421,960,0,108
227,423,961,0,112
228,423,960,0,111
229,422,959,0,112
230,422,957,0,104
231,423,960,0,112
232,422,959,0,113
233,421,958,0,109
234,422,960,0,111
235,421,961,0,96
236,422,960,0,102
237,421,959,0,106
238,422,964,0,100
239,422,964,0,95
240,421,965,0,96
241,421,963,0,103
242,421,961,0,98
243,421,960,0,101
244,421,959,0,102
245,421,959,0,101
246,420,959,0,100
247,420,960,0,100
248,421,961,0,97
249,420,958,0,100
250,420,955,0,99
251,420,958,0,103
252,420,960,0,101
253,420,958,0,97
254,420,959,0,94
255,421,959,0,96
256,421,958,0,96
257,421,959,0,99
258,421,961,0,103
259,420,958,0,103
260,421,963,0,97
261,422,962,0,99
262,422,963,0,97
263,421,962,0,98
264,421,960,0,99
265,422,962,0,97
266,421,959,0,100
267,421,962,0,105
268,420,959,0,98
269,421,961,0,97
270,421,962,0,98
271,421,962,0,98
272,421,962,0,96
273,421,963,0,95
274,421,963,0,96
275,421,961,0,95
276,421,959,0,97
277,420,959,0,98
278,420,960,0,99
279,420,959,0,102
280,421,961,0,101
281,421,960,0,100
282,421,961,0,100
283,421,960,0,99
284,421,961,0,100
285,421,962,0,98
286,421,959,0,99
287,421,960,0,96
288,420,957,0,98
289,421,957,0,102
290,421,959,0,101
291,421,959,0,101
292,422,960,0,101
293,421,961,0,103
294,421,960,0,101
295,421,961,0,102
296,421,961,0,102
297,421,962,0,102
298,421,963,0,103
299,420,958,0,105
300,421,962,0,103
301,421,962,0,104
302,421,959,0,105
303,421,961,0,103
304,421,961,0,100
305,421,961,0,103
306,421,962,0,106
307,420,957,0,108
308,421,959,0,106
310,422,963,0,111
311,421,959,0,101
312,420,956,0,102
313,420,956,0,101
314,421,960,0,111
315,419,954,0,104
316,420,958,0,102
317,419,948,0,93
318,419,955,0,110
319,419,952,0,107
320,419,953,0,106
321,419,955,0,107
322,419,954,0,106
323,419,954,0,105
324,419,953,0,93
325,419,951,0,88
326,420,950,0,89
327,420,950,0,91
328,419,949,0,91
329,420,947,0,90
330,417,947,0,96
331,417,947,0,98
332,417,946,0,100
333,417,947,0,105
334,418,945,0,94
335,415,944,0,101
336,412,942,0,109
337,412,944,0,106
338,407,943,0,112
339,408,942,0,109
340,407,941,0,115
341,407,941,0,117
342,406,943,0,125
343,407,944,0,123
344,407,942,0,117
345,408,942,0,111
346,408,943,0,107
347,410,945,0,106
348,408,944,0,105
349,408,945,0,102
350,409,946,0,101
351,408,948,0,100
352,411,952,0,96
353,411,957,0,94
354,412,962,0,96
355,408,965,0,102
356,404,967,0,102
357,402,966,0,104
358,402,966,0,99
359,402,966,0,100
360,403,967,0,96
361,404,966,0,92
362,404,967,0,93
363,403,967,0,92
364,402,968,0,97
365,402,967,0,96
366,402,966,0,97
367,402,964,0,92
368,403,965,0,89
369,402,966,0,95
370,402,966,0,96
371,402,967,0,93
372,402,968,0,91
373,400,968,0,85
374,399,970,0,80
375,400,971,0,75
376,400,971,0,70
377,399,971,0,65
378,398,971,0,62
379,398,971,0,59
380,397,971,0,59
381,397,969,0,56
382,397,969,0,57
383,397,970,0,58
384,395,970,0,57
385,394,970,0,58
386,392,968,0,62
387,389,970,0,59
388,390,970,0,50
389,391,969,0,43
390,391,970,0,41
391,392,971,0,35
392,394,971,0,24
393,394,970,0,15
394,392,972,0,14
395,391,972,0,22
396,390,974,0,39
397,389,974,0,46
398,390,974,0,46
399,390,976,0,49
400,392,977,0,54
401,391,977,0,59
402,392,978,0,62
403,392,980,0,73
404,394,982,0,76
405,394,982,0,79
406,393,984,0,82
407,393,986,0,89
408,395,986,0,98
409,395,987,0,117
410,397,991,0,125
411,399,993,0,132
412,398,993,0,136
413,401,994,0,151
414,407,998,0,156
415,410,998,0,157
416,412,995,0,166
417,417,989,0,170
418,419,986,0,178
419,423,987,0,189
420,423,986,0,191
421,422,985,0,194
422,420,984,0,193
423,417,984,0,193
424,420,982,0,202
425,423,979,0,205
426,427,972,0,204
427,430,971,0,209
428,433,971,0,216
429,433,971,0,212
430,427,974,0,199
431,435,970,0,215
432,437,969,0,213
433,439,967,0,212
434,439,966,0,211
435,450,964,0,221
436,450,959,0,222
437,453,957,0,222
438,453,954,0,222
439,454,954,0,220
440,457,956,0,217
441,464,957,0,213
442,472,952,0,213
443,473,950,0,210
444,475,948,0,205
445,476,947,0,202
446,472,948,0,201
447,471,948,0,207
448,467,949,0,221
449,470,947,0,229
450,470,945,0,234
451,470,941,0,252
452,470,938,0,256
453,469,937,0,257
454,469,934,0,259
455,468,931,0,262
456,467,928,0,261
457,466,926,0,263
458,465,928,0,264
459,465,932,0,268
460,464,932,0,285
461,462,932,0,289
462,460,929,0,285
463,459,927,0,286
464,460,925,0,283
465,457,922,0,289
466,454,920,0,282
467,453,918,0,286
468,454,913,0,296
469,450,910,0,298
470,450,907,0,298
471,444,905,0,298
472,445,901,0,302
473,443,898,0,299
474,442,898,0,295
475,441,897,0,292
476,442,895,0,288
477,442,895,0,288
478,443,893,0,288
479,443,891,0,292
480,445,890,0,301
481,448,892,0,309
482,447,888,0,301
483,445,886,0,302
484,445,885,0,298
485,445,884,0,288
486,446,883,0,285
487,446,881,0,282
488,445,879,0,285
489,446,879,0,288
490,446,878,0,288
491,446,876,0,286
492,446,876,0,288
493,446,876,0,290
494,447,876,0,291
495,447,878,0,294
496,444,878,0,292
497,445,879,0,294
498,444,876,0,295
499,447,876,0,288
500,447,876,0,292
501,446,875,0,292
502,447,877,0,297
503,445,876,0,291
504,444,873,0,300
505,444,872,0,298
506,446,872,0,293
507,445,872,0,294
508,445,873,0,297
509,444,872,0,300
510,443,868,0,299
511,443,868,0,299
512,444,869,0,299
513,444,868,0,298
514,445,868,0,300
515,444,868,0,298
516,442,868,0,297
517,443,868,0,300
518,442,867,0,297
519,441,868,0,300
520,441,867,0,301
521,440,868,0,303
522,442,867,0,306
523,442,867,0,307
524,441,867,0,306
525,443,868,0,308
526,443,867,0,308
527,443,869,0,310
528,443,870,0,310
529,444,871,0,311
530,444,871,0,308
531,443,871,0,310
532,443,870,0,309
533,443,871,0,307
534,443,871,0,309
535,442,871,0,308
536,443,871,0,309
537,443,871,0,308
538,442,871,0,308
539,442,871,0,309
540,443,871,0,309
541,442,870,0,309
542,443,871,0,309
543,442,870,0,307
544,441,869,0,307
545,441,869,0,306
546,439,870,0,306
547,439,870,0,305
548,441,871,0,307
549,440,872,0,306
550,440,872,0,308
551,441,872,0,307
552,441,873,0,309
553,439,873,0,308
554,439,871,0,306
555,440,871,0,306
556,439,871,0,307
557,439,871,0,306
558,440,872,0,304
559,439,873,0,303
560,440,873,0,305
561,439,872,0,305
562,440,872,0,304
563,440,872,0,304
564,439,872,0,304
565,439,873,0,307
566,438,873,0,307
567,438,872,0,305
568,438,873,0,305
569,437,874,0,303
570,436,874,0,304
571,437,874,0,305
572,437,874,0,302
573,437,873,0,303
574,436,873,0,303
575,436,873,0,301
576,436,873,0,300
577,437,873,0,303
578,436,873,0,300
579,435,873,0,302
580,436,873,0,304
581,436,870,0,303
582,435,870,0,302
583,434,869,0,299
584,434,868,0,301
585,434,868,0,300
586,434,869,0,301
587,435,869,0,304
588,434,870,0,305
589,433,869,0,302
590,434,869,0,305
591,433,869,0,302
592,434,868,0,305
593,434,868,0,306
594,434,868,0,307
595,434,869,0,303
596,435,867,0,306
597,435,867,0,303
598,434,867,0,302
599,435,867,0,302
600,436,867,0,301
601,436,866,0,305
602,435,866,0,307
603,436,866,0,309
604,437,866,0,309
605,438,868,0,303
606,437,868,0,305
607,438,869,0,305
608,437,868,0,307
609,436,868,0,304
610,436,869,0,305
611,436,868,0,308
612,436,868,0,304
613,435,868,0,304
614,436,867,0,303
615,436,867,0,296
616,436,866,0,301
617,436,866,0,307
618,437,867,0,305
619,436,867,0,305
620,435,868,0,305
621,435,869,0,302
622,436,868,0,303
623,434,867,0,304
624,435,868,0,304
625,437,869,0,308
626,436,867,0,306
627,436,866,0,305
628,436,867,0,306
629,435,867,0,306
630,436,867,0,308
631,435,867,0,304
632,435,866,0,306
633,436,866,0,311
634,437,865,0,308
635,438,863,0,311
636,437,864,0,307
637,437,864,0,307
638,437,864,0,309
639,437,864,0,306
640,438,863,0,309
641,437,864,0,309
642,436,864,0,303
643,437,864,0,305
644,436,864,0,303
645,438,864,0,308
646,438,862,0,310
647,437,863,0,307
648,437,864,0,306
649,437,863,0,308
650,438,863,0,311
651,438,862,0,314
652,438,862,0,313
653,438,862,0,312
654,438,863,0,310
655,440,863,0,314
656,439,864,0,312
657,438,864,0,312
658,438,863,0,311
659,438,863,0,310
660,439,862,0,311
661,440,861,0,311
662,442,862,0,303
663,444,859,0,317
664,445,857,0,316
665,444,857,0,314
666,446,856,0,323
667,445,856,0,319
668,445,856,0,314
669,445,856,0,317
670,446,855,0,323
671,446,857,0,322
672,447,856,0,326
673,447,855,0,327
674,447,854,0,325
675,446,853,0,325
676,446,852,0,324
677,447,853,0,325
678,447,853,0,325
679,447,852,0,327
680,447,851,0,325
681,447,852,0,326
682,448,852,0,326
683,447,852,0,324
684,448,851,0,325
685,447,851,0,325
686,448,851,0,326
687,447,851,0,325
688,447,851,0,324
689,447,850,0,328
690,447,850,0,327
691,447,851,0,326
692,447,851,0,327
693,448,852,0,332
694,447,854,0,329
695,446,853,0,333
696,445,853,0,336
697,445,853,0,334
698,446,855,0,332
699,445,855,0,332
700,446,855,0,335
701,448,858,0,333
702,449,859,0,334
703,449,861,0,335
704,452,862,0,336
705,452,858,0,334
706,453,857,0,340
707,454,857,0,339
708,453,858,0,338
709,452,859,0,340
710,451,859,0,339
711,452,859,0,338
712,451,859,0,339
713,453,860,0,342
714,453,857,0,345
715,453,858,0,345
716,454,860,0,341
717,453,860,0,340
718,451,862,0,340
719,453,863,0,344
720,454,866,0,336
721,452,867,0,332
722,452,868,0,332
723,453,868,0,335
724,453,868,0,331
725,452,869,0,332
726,451,870,0,330
727,450,869,0,328
728,451,868,0,326
729,452,868,0,330
730,452,867,0,329
731,451,866,0,329
732,450,866,0,327
733,449,866,0,327
734,449,866,0,326
735,449,865,0,327
736,446,864,0,319
737,444,863,0,314
738,444,862,0,313
739,444,862,0,316
740,445,862,0,317
741,443,859,0,315
742,444,859,0,318
743,444,859,0,321
744,442,858,0,320
745,440,857,0,317
746,439,854,0,316
747,438,853,0,317
748,436,853,0,317
749,436,854,0,324
750,436,854,0,324
751,435,853,0,325
752,435,854,0,327
753,436,854,0,330
754,436,854,0,329
755,436,854,0,326
756,435,853,0,325
757,437,853,0,326
758,438,854,0,329
759,437,853,0,329
760,437,854,0,329
761,436,855,0,331
762,437,853,0,330
763,438,853,0,329
764,438,852,0,328
765,437,851,0,331
766,437,851,0,328
767,437,851,0,329
768,437,850,0,330
769,438,850,0,328
770,438,851,0,328
771,438,850,0,329
772,438,850,0,329
773,438,850,0,329
774,438,850,0,330
775,437,850,0,330
776,436,850,0,326
777,435,850,0,325
778,435,850,0,324
779,434,850,0,325
780,436,850,0,324
781,437,850,0,326
782,437,850,0,326
783,439,851,0,325
784,438,851,0,327
785,439,851,0,328
786,440,851,0,327
787,441,851,0,327
788,441,850,0,330
789,440,850,0,333
790,441,852,0,336
791,444,854,0,333
792,445,854,0,341
793,446,853,0,340
794,446,850,0,344
795,445,851,0,340
796,447,852,0,328
797,446,851,0,330
798,444,851,0,330
799,444,850,0,335
800,444,848,0,337
801,443,847,0,336
802,443,848,0,337
803,442,846,0,337
804,440,845,0,337
805,440,845,0,337
806,439,844,0,335
807,440,845,0,335
808,439,844,0,335
809,440,844,0,336
810,440,845,0,336
811,440,845,0,335
812,440,845,0,334
813,440,845,0,334
814,440,845,0,334
815,440,845,0,334
816,440,845,0,333
817,440,842,0,336
818,440,843,0,330
819,441,843,0,326
820,441,843,0,326
821,441,843,0,325
822,441,843,0,326
823,441,843,0,325
824,441,843,0,325
825,441,843,0,324
826,441,843,0,324
827,441,843,0,324
828,440,843,0,325
829,441,844,0,325
830,441,844,0,325
831,441,844,0,324
832,440,844,0,325
833,440,844,0,325
834,440,844,0,325
835,440,844,0,325
836,440,844,0,324
837,441,843,0,324
838,440,843,0,325
839,440,843,0,324
840,440,844,0,325
841,440,844,0,324
842,440,844,0,324
843,441,844,0,323
844,440,843,0,322
845,440,843,0,322
846,439,843,0,322
847,439,843,0,322
848,439,843,0,321
849,439,843,0,321
850,438,843,0,321
851,439,843,0,320
852,439,843,0,321
853,438,843,0,320
854,438,843,0,321
855,438,843,0,318
856,438,843,0,319
857,438,843,0,319
858,438,843,0,319
859,438,843,0,320
860,438,844,0,319
861,438,843,0,320
862,438,842,0,322
863,439,841,0,322
864,439,842,0,321
865,439,842,0,321
866,439,841,0,321
867,439,841,0,320
868,439,841,0,318
869,439,841,0,316
870,439,841,0,317
871,439,840,0,318
872,438,840,0,319
873,438,840,0,320
874,439,840,0,321
875,439,840,0,320
876,438,840,0,320
877,438,840,0,319
878,438,840,0,321
879,438,839,0,323
880,441,840,0,324
881,441,839,0,324
882,443,838,0,324
883,444,838,0,322
884,446,837,0,321
885,446,837,0,321
886,447,837,0,325
887,450,837,0,326
888,451,836,0,325
889,452,834,0,324
890,453,835,0,322
891,457,836,0,332
892,452,837,0,334
893,450,837,0,338
894,448,837,0,342
895,447,838,0,344
896,447,839,0,346
897,446,839,0,347
898,446,839,0,347
899,446,838,0,347
900,445,839,0,346
901,445,839,0,346
902,445,838,0,345
903,445,838,0,345
904,445,838,0,345
905,445,838,0,345
906,445,838,0,345
907,444,838,0,344
908,444,839,0,345
909,444,839,0,343
910,444,839,0,345
911,444,839,0,344
912,444,838,0,344
913,444,839,0,344
914,443,839,0,343
915,444,839,0,344
916,446,839,0,342
917,446,839,0,343
918,446,839,0,341
919,446,838,0,339
920,446,839,0,340
921,445,838,0,341
922,445,838,0,340
923,444,838,0,341
924,444,838,0,342
925,445,839,0,343
926,444,839,0,343
927,444,838,0,343
928,443,838,0,342
929,443,838,0,342
930,443,838,0,341
931,443,838,0,342
932,442,838,0,340
933,442,838,0,342
934,442,838,0,342
935,442,838,0,340
936,442,838,0,342
937,442,838,0,341
938,443,838,0,341
939,443,838,0,342
940,443,838,0,342
941,443,838,0,342
942,443,838,0,342
943,444,838,0,343
944,443,838,0,342
945,443,838,0,341
946,443,838,0,342
947,443,838,0,343
948,443,838,0,342
949,443,838,0,342
950,444,838,0,342
951,444,838,0,342
952,443,838,0,343
953,443,838,0,342
954,443,838,0,341
955,443,838,0,342
956,443,838,0,343
957,443,838,0,343
958,442,838,0,341
959,443,838,0,341
960,443,838,0,342
961,443,838,0,340
962,443,838,0,341
963,443,838,0,342
964,443,838,0,342
965,442,838,0,341
966,442,838,0,340
967,443,838,0,341
968,442,838,0,341
969,442,838,0,341
970,442,838,0,340
971,443,838,0,340
972,443,838,0,341
973,443,838,0,342
974,443,838,0,342
975,443,838,0,342
976,443,838,0,341
977,442,838,0,341
978,442,838,0,340
979,442,838,0,341
980,442,838,0,340
981,443,838,0,340
982,442,838,0,341
983,442,838,0,341
984,442,838,0,340
985,442,838,0,340
986,442,838,0,340
987,442,838,0,341
988,443,838,0,340
989,443,838,0,341
990,442,838,0,342
991,442,838,0,342
992,442,838,0,341
993,443,838,0,342
994,442,838,0,341
995,443,838,0,342
996,442,838,0,342
997,442,838,0,341
998,442,838,0,339
999,443,839,0,341
1000,443,838,0,341
1001,442,838,0,341
1002,442,838,0,341
1003,442,838,0,341
1004,442,838,0,340
1005,442,838,0,340
1006,442,838,0,340
1007,442,837,0,340
1008,442,838,0,339
1009,444,838,0,339
1010,445,838,0,336
1011,444,838,0,340
1012,444,838,0,341
1013,444,838,0,341
1014,444,838,0,342
1015,444,838,0,342
1016,443,838,0,342
1017,444,838,0,341
1018,444,838,0,341
1019,444,838,0,341
1020,443,838,0,340
1021,443,838,0,340
1022,443,838,0,342
1023,443,838,0,342
1024,442,838,0,342
1025,442,838,0,342
1026,442,838,0,342
1027,442,838,0,341
1028,443,838,0,342
1029,442,838,0,342
1030,442,838,0,341
1031,442,838,0,343
1032,442,838,0,341
1033,442,838,0,343
1034,442,838,0,343
1035,441,838,0,342
1036,442,838,0,344
1037,442,838,0,342
1038,442,838,0,341
1039,442,838,0,341
1040,442,838,0,341
1041,443,838,0,341
1042,442,838,0,341
1043,443,838,0,342
1044,442,838,0,342
1045,442,838,0,341
1046,442,838,0,342
1047,442,838,0,342
1048,442,838,0,341
1049,442,838,0,341
1050,442,838,0,341
1051,442,838,0,341
1052,442,838,0,341
1053,442,838,0,341
1054,442,838,0,341
1055,442,838,0,341
1056,442,838,0,341
1057,442,838,0,341
1058,443,838,0,341
1059,442,838,0,341
1060,442,838,0,341
1061,442,838,0,341
1062,442,838,0,341
1063,442,838,0,340
1064,442,838,0,340
1065,442,838,0,341
1066,442,838,0,341
1067,442,838,0,341
1068,442,838,0,340
1069,442,838,0,341
1070,442,838,0,340
1071,442,838,0,340
1072,442,838,0,340
1073,442,838,0,340
1074,442,838,0,341
1075,442,839,0,340
1076,442,839,0,340
1077,442,839,0,340
1078,442,839,0,340
1079,442,839,0,340
1080,442,838,0,340
1081,442,838,0,340
1082,442,839,0,339
1083,442,839,0,339
1084,442,838,0,340
1085,442,839,0,339
1086,442,838,0,339
1087,442,838,0,340
1088,442,838,0,340
1089,442,838,0,340
1090,442,838,0,340
1091,442,838,0,339
1092,443,838,0,339
1093,444,838,0,334
1094,445,838,0,339
1095,445,839,0,339
1096,446,839,0,341
1097,447,839,0,347
1098,446,838,0,349
1099,446,839,0,346
1100,446,839,0,346
1101,445,839,0,347
1102,446,839,0,347
1103,443,839,0,344
1104,442,839,0,344
1105,443,840,0,347
1106,443,840,0,347
1107,443,840,0,346
1108,443,840,0,346
1109,444,841,0,345
1110,445,841,0,349
1111,445,841,0,350
1112,445,841,0,350
1113,446,842,0,350
1114,446,841,0,352
1115,447,842,0,352
1116,447,843,0,354
1117,446,844,0,352
1118,444,843,0,351
1119,443,844,0,351
1120,443,844,0,350
1121,443,843,0,349
1122,443,844,0,351
1123,443,845,0,351
1124,443,844,0,351
1125,443,843,0,354
1126,443,843,0,350
1127,443,844,0,351
1128,444,844,0,353
1129,444,844,0,352
1130,443,844,0,351
1131,443,844,0,352
1132,443,845,0,350
1133,443,844,0,351
1134,443,844,0,350
1135,443,844,0,349
1136,443,844,0,350
1137,443,843,0,353
1138,444,843,0,352
1139,444,842,0,350
1140,444,842,0,351
1141,445,841,0,351
1142,446,841,0,352
1143,447,842,0,353
1144,448,842,0,354
1145,449,841,0,352
1146,450,840,0,349
1147,450,840,0,348
1148,451,840,0,348
1149,452,840,0,349
1150,453,840,0,349
1151,453,841,0,351
1152,452,841,0,352
1153,452,842,0,352
1154,453,841,0,353
1155,453,841,0,354
1156,454,841,0,352
1157,453,840,0,353
1158,454,839,0,353
1159,453,839,0,354
1160,452,840,0,354
1161,452,842,0,356
1162,451,843,0,355
1163,452,843,0,354
1164,451,844,0,353
1165,451,844,0,353
1166,451,844,0,353
1167,451,845,0,353
1168,451,845,0,352
1169,451,846,0,353
1170,452,846,0,352
1171,452,845,0,351
1172,452,846,0,351
1173,451,846,0,349
1174,450,846,0,348
1175,450,847,0,347
1176,450,847,0,346
1177,449,848,0,345
1178,449,848,0,346
1179,449,849,0,346
1180,449,847,0,348
1181,448,847,0,348
1182,447,847,0,349
1183,447,846,0,349
1184,447,846,0,348
1185,447,846,0,349
1186,447,846,0,347
1187,446,847,0,346
1188,446,847,0,347
1189,446,846,0,347
1190,445,846,0,349
1191,445,846,0,347
1192,444,846,0,347
1193,444,846,0,344
1194,444,845,0,347
1195,444,845,0,348
1196,445,845,0,349
1197,445,845,0,350
1198,445,845,0,350
1199,446,845,0,351
1200,446,845,0,351
1201,447,845,0,352
1202,447,845,0,352
1203,448,845,0,352
1204,448,845,0,354
1205,447,844,0,356
1206,449,844,0,355
1207,449,845,0,353
1208,449,845,0,355
1209,449,845,0,355
1210,449,846,0,354
1211,449,846,0,354
1212,449,846,0,355
1213,449,846,0,353
1214,449,846,0,354
1215,450,846,0,356
1216,450,846,0,355
1217,449,845,0,356
1218,449,846,0,354
1219,450,847,0,352
1220,450,846,0,354
1221,449,846,0,353
1222,448,846,0,353
1223,449,846,0,353
1224,449,846,0,353
1225,449,846,0,353
1226,449,846,0,354
1227,449,845,0,353
1228,449,846,0,353
1229,448,846,0,352
1230,447,846,0,351
1231,447,846,0,351
1232,447,846,0,350
1233,447,846,0,348
1234,447,846,0,349
1235,447,846,0,349
1236,447,847,0,350
1237,447,847,0,349
1238,447,847,0,349
1239,447,847,0,348
1240,446,847,0,348
1241,446,847,0,347
1242,446,847,0,349
1243,446,848,0,349
1244,446,848,0,348
1245,446,848,0,348
1246,446,848,0,350
1247,446,848,0,350
1248,446,847,0,350
1249,446,847,0,350
1250,446,848,0,350
1251,446,848,0,350
1252,447,848,0,350
1253,446,847,0,349
1254,446,847,0,349
1255,445,847,0,350
1256,445,846,0,349
1257,445,846,0,348
1258,445,846,0,348
1259,445,846,0,347
1260,445,846,0,347
1261,446,847,0,344
1262,446,846,0,346
1263,446,846,0,348
1264,446,846,0,348
1265,446,846,0,347
1266,445,846,0,347
1267,445,846,0,346
1268,445,846,0,346
1269,445,846,0,346
1270,445,846,0,346
1271,445,846,0,347
1272,445,846,0,347
1273,446,845,0,350
1274,445,846,0,350
1275,445,845,0,350
1276,446,845,0,348
1277,446,845,0,349
1278,445,845,0,349
1279,445,845,0,349
1280,445,845,0,349
1281,445,845,0,349
1282,445,845,0,350
1283,444,844,0,349
1284,445,844,0,350
1285,443,844,0,351
1286,443,844,0,350
1287,443,844,0,347
1288,443,844,0,348
1289,443,845,0,348
1290,443,845,0,347
1291,443,845,0,347
1292,444,844,0,349
1293,444,845,0,346
1294,445,844,0,348
1295,445,845,0,349
1296,444,845,0,349
1297,444,845,0,348
1298,444,845,0,346
1299,445,845,0,346
1300,444,845,0,346
1301,445,845,0,347
1302,445,845,0,347
1303,445,845,0,347
1304,444,846,0,345
1305,444,846,0,345
1306,445,845,0,345
1307,445,845,0,345
1308,445,844,0,346
1309,444,844,0,345
1310,445,845,0,346
1311,445,844,0,346
1312,445,844,0,346
1313,445,844,0,347
1314,445,844,0,347
1315,445,845,0,347
1316,445,845,0,347
1317,446,845,0,347
1318,445,845,0,346
1319,445,845,0,348
1320,445,845,0,347
1321,445,845,0,347
1322,445,845,0,347
1323,445,845,0,347
1324,445,845,0,348
1325,445,845,0,348
1326,445,845,0,348
1327,445,845,0,348
1328,445,845,0,348
1329,445,845,0,348
1330,445,845,0,347
1331,445,845,0,347
1332,445,845,0,347
1333,445,845,0,347
1334,445,845,0,347
1335,445,845,0,346
1336,445,845,0,347
1337,445,845,0,346
1338,445,845,0,347
1339,445,845,0,347
1340,445,845,0,347
1341,446,845,0,348
1342,445,845,0,345
1343,447,845,0,344
1344,445,845,0,346
1345,445,844,0,350
1346,444,845,0,344
1347,445,844,0,346
1348,445,844,0,342
1349,446,845,0,341
1350,446,845,0,345
1351,447,845,0,344
1352,447,845,0,345
1353,447,845,0,344
1354,447,845,0,346
1355,446,846,0,341
1356,449,847,0,341
1357,449,847,0,340
1358,450,848,0,338
1359,448,848,0,340
1360,448,849,0,344
1361,449,850,0,343
1362,449,849,0,343
1363,448,850,0,348
1364,448,851,0,347
1365,449,851,0,346
1366,449,852,0,342
1367,449,851,0,341
1368,448,851,0,341
1369,449,851,0,343
1370,449,850,0,344
1371,449,850,0,345
1372,449,850,0,343
1373,449,851,0,345
1374,449,851,0,345
1375,449,850,0,346
1376,449,850,0,346
1377,449,851,0,346
1378,449,850,0,346
1379,448,850,0,346
1380,449,850,0,346
1381,449,850,0,347
1382,449,850,0,345
1383,449,850,0,344
1384,449,850,0,346
1385,449,850,0,343
1386,449,850,0,344
1387,449,850,0,345
1388,449,850,0,343
1389,449,850,0,344
1390,449,850,0,344
1391,449,850,0,343
1392,449,850,0,343
1393,449,850,0,342
1394,449,850,0,343
1395,449,850,0,343
1396,449,850,0,342
1397,449,850,0,341
1398,449,850,0,342
1399,449,850,0,340
1400,449,850,0,341
1401,450,850,0,341
1402,449,850,0,341
1403,449,850,0,340
1404,449,850,0,339
1405,449,850,0,340
1406,449,850,0,340
1407,449,850,0,340
1408,449,850,0,339
1409,449,850,0,339
1410,449,850,0,339
1411,449,850,0,341
1412,449,850,0,342
1413,450,850,0,342
1414,449,850,0,342
1415,449,850,0,343
1416,449,850,0,342
1417,449,850,0,340
1418,449,850,0,339
1419,449,850,0,339
1420,449,849,0,340
1421,449,850,0,340
1422,449,849,0,340
1423,449,849,0,340
1424,449,849,0,340
1425,448,850,0,340
1426,448,850,0,340
1427,449,849,0,340
1428,449,849,0,340
1429,448,849,0,341
1430,448,848,0,340
1431,447,847,0,341
1432,447,847,0,341
1433,446,847,0,341
1434,446,846,0,340
1435,446,845,0,340
1436,447,846,0,340
1437,446,846,0,339
1438,445,846,0,338
1439,447,846,0,340
1440,447,846,0,341
1441,447,847,0,341
1442,447,847,0,343
1443,447,847,0,341
1444,448,846,0,343
1445,448,846,0,344
1446,448,847,0,344
1447,448,847,0,345
1448,448,847,0,343
1449,448,847,0,342
1450,448,847,0,343
1451,448,847,0,343
1452,448,847,0,342
1453,448,847,0,343
1454,448,847,0,342
1455,449,847,0,344
1456,448,847,0,344
1457,449,847,0,347
1458,448,846,0,344
1459,448,846,0,343
1460,448,846,0,343
1461,448,847,0,343
1462,448,847,0,344
1463,448,847,0,343
1464,448,847,0,343
1465,448,847,0,344
1466,448,847,0,345
1467,448,847,0,342
1468,448,847,0,343
1469,449,847,0,344
1470,449,847,0,345
1471,449,847,0,346
1472,449,847,0,345
1473,449,847,0,345
1474,449,848,0,346
1475,449,847,0,346
1476,449,847,0,345
1477,449,847,0,346
1478,449,847,0,345
1479,449,847,0,345
1480,449,847,0,345
1481,449,847,0,345
1482,449,847,0,346
1483,449,847,0,346
1484,449,847,0,346
1485,449,847,0,345
1486,449,847,0,346
1487,450,848,0,346
1488,449,847,0,345
1489,449,847,0,346
1490,449,847,0,346
1491,449,848,0,346
1492,448,848,0,346
1493,448,848,0,346
1494,448,847,0,346
1495,448,848,0,346
1496,448,848,0,346
1497,448,848,0,346
1498,448,848,0,345
1499,448,848,0,347
1500,448,848,0,347
1501,448,848,0,344
1502,448,848,0,346
1503,448,848,0,344
1504,447,847,0,344
1505,447,848,0,345
1506,447,848,0,344
1507,448,848,0,345
1508,448,848,0,345
1509,448,848,0,346
1510,447,848,0,345
1511,448,848,0,345
1512,448,848,0,347
1513,448,848,0,347
1514,449,848,0,345
1515,448,848,0,345
1516,448,848,0,348
1517,449,848,0,345
1518,449,848,0,343
1519,449,848,0,343
1520,450,848,0,342
1521,449,848,0,341
1522,449,849,0,342
1523,449,849,0,342
1524,449,848,0,338
1525,449,848,0,339
1526,450,849,0,340
1527,450,848,0,339
1528,450,848,0,338
1529,450,849,0,340
1530,450,848,0,341
1531,450,848,0,341
1532,450,849,0,341
1533,450,849,0,342
1534,450,848,0,341
1535,451,848,0,342
1536,450,848,0,342
1537,451,848,0,343
1538,451,848,0,342
1539,450,848,0,343
1540,450,848,0,342
1541,450,848,0,342
1542,450,848,0,342
1543,451,848,0,342
1544,451,848,0,342
1545,450,848,0,342
1546,451,848,0,342
1547,451,848,0,342
1548,451,848,0,343
1549,451,848,0,343
1550,451,849,0,344
1551,451,849,0,343
1552,451,849,0,342
1553,451,849,0,343
1554,451,849,0,342
1555,451,849,0,342
1556,451,849,0,343
1557,451,848,0,342
1558,451,849,0,343
1559,450,848,0,343
1560,451,849,0,342
1561,451,849,0,344
1562,450,849,0,343
1563,451,849,0,342
1564,451,849,0,342
1565,450,849,0,345
1566,449,848,0,345
1567,448,848,0,346
1568,448,848,0,345
1569,449,848,0,343
1570,449,848,0,343
1571,448,848,0,345
1572,448,847,0,348
1573,447,847,0,348
1574,447,847,0,348
1575,447,847,0,349
1576,448,846,0,350
1577,448,847,0,351
1578,448,846,0,351
1579,448,846,0,350
1580,447,845,0,345
1581,449,845,0,345
1582,451,845,0,343
1583,451,845,0,342
1584,452,846,0,341
1585,451,846,0,348
1586,451,846,0,347
1587,451,845,0,348
1588,451,845,0,349
1589,451,845,0,348
1590,451,845,0,348
1591,451,845,0,347
1592,451,845,0,346
1593,452,845,0,348
1594,453,845,0,348
1595,453,844,0,354
1596,453,844,0,356
1597,452,842,0,356
1598,451,841,0,359
1599,449,840,0,359
1600,449,840,0,354
1601,450,840,0,352
1602,451,842,0,351
1603,451,844,0,347
1604,452,844,0,342
1605,452,843,0,342
1606,453,843,0,337
1607,454,844,0,336
1608,454,844,0,337
1609,454,844,0,341
1610,454,844,0,343
1611,453,845,0,346
1612,453,846,0,349
1613,453,846,0,351
1614,454,846,0,351
1615,454,846,0,350
1616,452,846,0,349
1617,452,846,0,350
1618,452,846,0,350
1619,452,846,0,351
1620,452,845,0,354
1621,453,843,0,355
1622,453,838,0,356
1623,458,832,0,6
1624,463,830,0,4
1625,460,830,0,11
1626,459,830,0,13
1627,458,830,0,13
1628,457,828,0,16
1629,453,828,0,19
1630,452,829,0,14
1631,452,833,0,7
1632,452,834,0,4
1633,451,835,0,0
1634,454,833,0,5
1635,453,835,0,3
1636,451,836,0,4
1637,452,836,0,1
1638,452,834,0,7
1639,451,834,0,4
1640,451,835,0,4
1641,450,833,0,6
1642,450,832,0,4
1643,449,830,0,4
1644,450,832,0,3
1645,448,833,0,2
1646,448,831,0,4
1647,448,830,0,5
1648,448,831,0,3
1649,448,829,0,8
1650,447,828,0,10
1651,446,829,0,5
1652,446,829,0,4
1653,444,832,0,358
1654,446,828,0,4
1655,444,827,0,1
1656,445,824,0,358
1657,447,822,0,355
1658,448,821,0,349
1659,448,819,0,346
1660,448,816,0,342
1661,447,817,0,338
1662,443,818,0,333
1663,443,817,0,336
1664,440,817,0,337
1665,439,820,0,336
1666,439,819,0,339
1667,439,820,0,339
1668,440,823,0,336
1669,439,824,0,334
1670,438,822,0,337
1671,441,823,0,336
1672,443,823,0,330
1673,444,823,0,325
1674,446,824,0,324
1675,445,831,0,320
1676,447,841,0,340
1677,442,843,0,330
1678,439,846,0,329
1679,438,848,0,321
1680,440,846,0,325
1681,440,851,0,329
1682,441,851,0,326
1683,441,849,0,332
1684,440,850,0,332
1685,438,848,0,328
1686,437,845,0,324
1687,435,842,0,319
1688,433,840,0,320
1689,431,839,0,318
1690,431,839,0,322
1691,430,839,0,321
1692,429,838,0,325
1693,428,839,0,321
1694,429,839,0,318
1695,430,841,0,312
1696,430,841,0,309
1697,431,841,0,309
1698,430,841,0,308
1699,432,842,0,309
1700,433,843,0,306
1701,435,843,0,302
1702,436,842,0,296
1703,437,843,0,293
1704,437,843,0,289
1705,438,842,0,288
1706,438,841,0,284
1707,438,840,0,282
1708,439,841,0,289
1709,439,845,0,293
1710,436,846,0,307
1711,436,845,0,310
1712,435,842,0,313
1713,433,839,0,312
1714,432,837,0,310
1715,433,834,0,311
1716,433,833,0,310
1717,434,841,0,318
1718,433,846,0,322
1719,435,847,0,326
1720,437,849,0,328
1721,441,852,0,328
1722,441,852,0,324
1723,440,851,0,322
1724,439,850,0,322
1725,439,850,0,329
1726,439,848,0,333
1727,438,848,0,334
1728,437,852,0,343
1729,437,852,0,351
1730,437,854,0,353
1731,436,851,0,352
1732,437,852,0,0
1733,439,852,0,3
1734,438,852,0,3
1735,438,852,0,4
1736,438,851,0,1
1737,437,849,0,354
1738,437,848,0,356
1739,436,848,0,356
1740,436,848,0,356
1741,434,849,0,354
1742,435,850,0,354
1743,437,850,0,356
1744,439,848,0,355
1745,440,847,0,355
1746,439,847,0,354
1747,438,848,0,353
1748,438,846,0,350
1749,439,846,0,352
1750,440,847,0,353
1751,439,847,0,354
1752,437,848,0,352
1753,436,849,0,353
1754,435,849,0,354
1755,436,849,0,355
1756,436,850,0,351
1757,437,851,0,346
1758,438,851,0,345
1759,437,852,0,345
1760,434,850,0,349
1761,432,851,0,348
1762,430,851,0,355
1763,428,851,0,357
1764,426,853,0,347
1765,426,854,0,341
1766,424,857,0,341
1767,424,861,0,344
1768,423,862,0,345
1769,427,865,0,341
1770,426,867,0,344
1771,426,868,0,343
1772,424,867,0,338
1773,426,865,0,337
1774,427,865,0,337
1775,428,866,0,337
1776,430,866,0,341
1777,427,865,0,343
1778,426,865,0,343
1779,425,867,0,340
1780,426,866,0,348
1781,425,865,0,350
1782,425,866,0,346
1783,425,867,0,343
1784,426,867,0,342
1785,426,868,0,346
1786,424,871,0,340
1787,424,872,0,338
1788,423,873,0,340
1790,422,873,0,342
1791,421,878,0,341
1792,426,877,0,337
1793,429,879,0,341
1794,428,872,0,345
1795,430,869,0,344
1796,430,867,0,348
1797,432,862,0,355
1798,431,865,0,355
1799,430,866,0,355
1800,430,872,0,349
1801,429,870,0,346
1802,427,871,0,343
1803,429,873,0,346
1805,427,875,0,351
1806,430,881,0,347
1807,429,878,0,346
1808,430,878,0,344
1809,428,877,0,342
1810,436,878,0,349
1811,438,881,0,349
1812,440,881,0,352
1813,444,881,0,342
1814,448,882,0,326
1815,448,882,0,320
1816,448,881,0,312
1817,449,879,0,308
1818,450,882,0,303
1819,451,883,0,293
1820,453,883,0,291
1821,457,884,0,295
1822,456,882,0,294
1823,456,882,0,287
1824,456,881,0,282
1825,457,880,0,283
1826,454,879,0,277
1827,454,878,0,282
1828,456,878,0,283
1829,460,877,0,278
1830,470,882,0,283
1831,476,882,0,290
1832,483,878,0,293
1833,482,876,0,299
1834,482,868,0,298
1835,480,859,0,305
1836,477,854,0,313
1837,474,854,0,313
1838,467,850,0,312
1839,466,848,0,312
1840,468,847,0,316
1841,465,846,0,306
1842,464,845,0,308
1843,463,845,0,310
1844,463,844,0,309
1845,462,843,0,307
1846,461,841,0,304
1847,459,839,0,301
1848,459,840,0,300
1849,460,839,0,295
1850,460,838,0,291
1851,460,837,0,292
1852,460,836,0,294
1853,459,833,0,292
1854,458,830,0,294
1855,459,829,0,295
1856,459,831,0,300
1857,459,834,0,301
1858,460,832,0,311
1859,460,831,0,310
1860,458,830,0,315
1861,457,830,0,315
1862,456,831,0,315
1863,456,831,0,318
1864,456,831,0,322
1865,456,832,0,322
1866,455,834,0,324
1867,456,836,0,320
1868,460,831,0,316
1869,460,829,0,311
1870,461,827,0,307
1871,460,827,0,305
1872,457,826,0,299
1873,456,824,0,303
1874,454,825,0,299
1875,452,825,0,304
1876,454,826,0,307
1877,454,827,0,305
1878,455,821,0,312
1879,454,822,0,307
1880,451,823,0,301
1881,452,820,0,305
1882,445,821,0,287
1883,445,820,0,282
1884,442,820,0,277
1885,433,818,0,283
1886,434,815,0,280
1887,431,814,0,278
1888,433,813,0,280
1889,434,813,0,280
1890,435,813,0,276
1891,435,813,0,274
1892,436,814,0,276
1893,443,815,0,290
1894,439,812,0,278
1895,439,814,0,280
1896,439,816,0,284
1897,435,816,0,284
1898,435,817,0,285
1899,437,817,0,283
1900,437,816,0,283
1901,437,814,0,281
1902,437,814,0,284
1903,436,813,0,282
1904,436,811,0,283
1905,436,811,0,283
1906,437,811,0,282
1907,436,811,0,281
1908,438,815,0,277
1909,437,817,0,276
1910,438,820,0,279
1911,439,821,0,277
1912,443,822,0,275
1913,442,823,0,273
1914,442,820,0,274
1915,442,816,0,269
1916,440,817,0,265
1917,439,813,0,258
1918,441,809,0,253
1919,440,814,0,249
1920,440,814,0,248
1921,440,814,0,242
1922,442,811,0,241
1923,444,812,0,238
1924,443,812,0,240
1925,441,815,0,229
1926,439,817,0,227
1927,436,821,0,220
1928,438,819,0,207
1929,437,817,0,218
1930,438,816,0,217
1931,439,815,0,220
1932,444,813,0,223
1933,445,811,0,219
1934,445,808,0,219
1935,448,805,0,229
1936,450,801,0,232
1937,451,797,0,228
1938,449,799,0,225
1939,448,801,0,221
1940,450,801,0,206
1941,454,804,0,200
1942,457,806,0,189
1943,461,807,0,186
1944,464,812,0,182
1945,464,815,0,177
1946,463,820,0,168
1947,464,821,0,164
1948,463,821,0,158
1949,463,821,0,154
1950,463,824,0,158
1951,463,823,0,162
1952,463,822,0,160
1953,463,825,0,164
1954,464,825,0,166
1955,468,827,0,169
1956,469,827,0,172
1957,470,825,0,166
1958,472,825,0,166
1959,472,825,0,163
1960,472,824,0,163
1961,479,824,0,167
1962,481,825,0,174
1963,479,824,0,168
1964,475,824,0,155
1965,472,826,0,146
1966,469,828,0,142
1967,467,832,0,142
1968,466,831,0,141
1969,464,830,0,135
1970,463,832,0,123
1971,464,835,0,122
1972,464,837,0,122
1973,464,837,0,113
1974,463,838,0,117
1975,462,838,0,117
1976,461,841,0,129
1977,461,841,0,130
1979,462,843,0,128
1980,462,841,0,130
1981,463,841,0,135
1982,465,843,0,134
1983,465,845,0,133
1984,465,846,0,134
1985,465,847,0,135
1986,469,851,0,125
1987,470,854,0,129
1988,469,852,0,122
1989,469,852,0,122
1990,469,851,0,119
1991,469,852,0,123
1992,469,852,0,117
1993,469,852,0,118
1994,470,852,0,122
1995,470,854,0,124
1996,472,855,0,121
1997,473,856,0,124
1998,472,856,0,130
1999,470,851,0,119
2000,466,851,0,116
2001,463,849,0,113
2002,460,848,0,116
2003,459,845,0,117
2004,460,844,0,114
2005,460,844,0,112
2006,460,845,0,110
2007,460,844,0,103
2008,460,845,0,101
2009,460,845,0,101
2010,461,845,0,105
2011,462,845,0,110
2012,464,848,0,113
2013,467,851,0,121
2014,469,855,0,121
2015,469,857,0,124
2016,469,859,0,125
2017,468,857,0,129
2018,465,856,0,134
2019,467,855,0,135
2020,466,856,0,133
2021,468,856,0,133
2022,469,857,0,137
2023,470,861,0,136
2024,473,866,0,141
2025,474,869,0,146
2026,478,869,0,143
2027,481,873,0,151
2028,485,872,0,150
2029,492,875,0,150
2030,500,879,0,160
2031,497,882,0,155
2032,495,883,0,165
2033,495,881,0,177
2034,499,879,0,184
2035,500,878,0,187
2036,500,877,0,190
2037,500,876,0,194
2038,507,875,0,196
2039,512,873,0,203
2040,515,869,0,206
2041,518,867,0,205
2042,520,864,0,205
2043,519,863,0,203
2044,517,865,0,213
2045,517,866,0,221
2046,515,859,0,224
2047,516,858,0,228
2048,516,854,0,232
2049,516,852,0,231
2050,516,851,0,233
2051,517,850,0,232
2052,515,850,0,229
2053,516,850,0,228
2054,517,849,0,226
2055,518,849,0,225
2056,517,848,0,229
2057,517,848,0,229
2058,515,847,0,235
2059,515,848,0,242
2060,514,848,0,247
2061,511,849,0,250
2062,509,850,0,252
2063,510,847,0,255
2064,508,848,0,258
2065,508,849,0,257
2066,507,849,0,255
2067,507,851,0,245
2068,508,849,0,238
2069,510,849,0,230
2070,513,849,0,223
2071,517,848,0,219
2072,520,848,0,216
2073,519,847,0,220
2074,523,847,0,219
2075,523,847,0,219
2076,521,846,0,218
2077,523,845,0,217
2078,525,844,0,215
2079,526,842,0,217
2080,530,839,0,213
2081,533,837,0,209
2082,537,835,0,208
2083,539,835,0,210
2084,543,836,0,215
2085,544,835,0,214
2086,544,836,0,214
2087,544,837,0,212
2088,543,837,0,211
2089,536,840,0,218
2090,533,841,0,225
2091,535,842,0,224
2092,537,842,0,218
2093,536,839,0,206
2094,538,839,0,210
2095,538,838,0,211
2096,539,835,0,209
2097,541,836,0,209
2098,544,834,0,208
2099,544,834,0,209
2100,546,834,0,205
2101,548,837,0,199
2102,548,837,0,195
2103,553,837,0,190
2104,551,836,0,178
2105,549,839,0,168
2106,551,843,0,160
2107,552,845,0,169
2108,559,837,0,152
2109,562,837,0,146
2110,564,835,0,141
2111,564,834,0,137
2112,565,833,0,132
2113,566,834,0,122
2114,572,838,0,102
2115,573,839,0,103
2116,574,842,0,103
2117,572,845,0,113
2118,572,844,0,119
2119,572,841,0,113
2120,571,840,0,97
2121,569,840,0,86
2122,567,841,0,74
2123,564,843,0,63
2124,563,847,0,55
2125,560,847,0,63
2126,561,846,0,56
2127,555,849,0,52
2128,553,854,0,55
2129,554,857,0,48
2130,551,858,0,52
2131,549,859,0,52
2132,546,859,0,56
2133,546,859,0,58
2134,556,860,0,59
2135,550,859,0,58
2136,551,859,0,54
2137,553,854,0,41
2138,555,843,0,28
2139,552,841,0,25
2140,560,841,0,7
2141,557,841,0,3
2142,555,839,0,354
2143,552,836,0,351
2144,549,834,0,355
2145,547,834,0,357
2146,547,834,0,357
2147,546,833,0,354
2148,546,831,0,354
2149,545,830,0,358
2150,544,830,0,2
2151,542,832,0,4
2152,541,831,0,10
2153,538,830,0,9
2154,536,832,0,11
2155,536,832,0,10
2156,532,832,0,10
2157,528,831,0,11
2158,526,831,0,11
2159,525,833,0,7
2160,526,833,0,6
2161,525,833,0,11
2162,526,833,0,11
2163,525,835,0,11
2164,524,836,0,10
2165,524,833,0,9
2166,522,831,0,4
2167,521,830,0,2
2168,520,831,0,6
2169,520,832,0,8
2170,521,834,0,11
2171,522,838,0,9
2172,520,829,0,4
2173,518,823,0,13
2174,519,823,0,9
2175,520,821,0,12
2176,523,825,0,11
2177,522,826,0,14
2178,523,827,0,15
2179,521,826,0,15
2180,519,829,0,11
2181,519,828,0,12
2182,514,827,0,16
2183,511,826,0,15
2184,510,828,0,13
2185,505,831,0,17
2186,505,829,0,16
2187,502,829,0,11
2188,501,827,0,10
2189,499,827,0,12
2190,496,826,0,8
2191,493,826,0,355
2192,493,827,0,352
2193,493,826,0,348
2194,496,826,0,345
2195,496,823,0,345
2196,496,825,0,345
2197,494,824,0,348
2198,496,826,0,349
2199,496,826,0,352
2200,495,824,0,357
2201,494,825,0,355
2202,494,826,0,357
2203,492,828,0,3
2204,492,831,0,11
2205,493,832,0,17
2206,492,832,0,14
2207,489,830,0,20
2208,487,832,0,20
2209,485,833,0,21
2210,483,832,0,26
2211,486,833,0,19
2212,486,834,0,17
2213,487,834,0,17
2214,488,833,0,18
2215,489,831,0,22
2216,485,829,0,23
2217,484,829,0,23
2218,484,829,0,20
2219,484,830,0,17
2220,484,831,0,18
2221,484,830,0,17
2222,481,830,0,16
2223,482,829,0,14
2224,482,829,0,12
2225,481,830,0,15
2226,482,830,0,16
2227,483,831,0,18
2228,484,832,0,21
2229,485,833,0,21
2230,484,832,0,18
2231,483,832,0,16
2232,483,832,0,15
2233,485,833,0,14
2234,487,835,0,14
2235,488,834,0,14
2236,485,835,0,12
2237,483,837,0,11
2238,482,840,0,10
2239,482,840,0,9
2240,487,843,0,11
2241,489,838,0,19
2242,489,841,0,16
2243,488,840,0,21
2244,486,842,0,14
2245,486,841,0,22
2246,486,841,0,22
2247,487,841,0,20
2248,485,844,0,17
2249,487,843,0,18
2250,487,843,0,15
2251,485,843,0,15
2252,484,843,0,11
2253,485,843,0,12
2254,484,844,0,11
2255,483,845,0,11
2256,485,843,0,13
2257,486,842,0,12
2258,484,842,0,9
2259,486,841,0,11
2260,485,841,0,6
2261,485,842,0,8
2262,483,843,0,6
2263,481,844,0,5
2264,481,846,0,3
2265,482,850,0,353
2266,479,850,0,351
2267,479,848,0,354
2268,477,844,0,4
2269,474,843,0,7
2270,479,846,0,2
2271,481,845,0,4
2272,480,844,0,16
2273,484,846,0,14
2274,483,848,0,8
2275,483,844,0,17
2276,481,844,0,17
2277,477,845,0,12
2278,481,845,0,11
2279,479,846,0,12
2280,476,848,0,11
2281,478,847,0,6
2282,479,846,0,4
2283,477,847,0,6
2284,480,847,0,4
2285,479,847,0,1
2286,479,845,0,1
2287,479,843,0,12
2288,481,844,0,5
2289,481,844,0,10
2290,484,844,0,7
2291,485,844,0,11
2292,485,841,0,19
2293,481,845,0,5
2294,485,846,0,359
2295,481,845,0,4
2296,480,844,0,10
2297,481,842,0,12
2298,483,838,0,15
2299,483,838,0,12
2300,482,837,0,15
2301,485,839,0,14
2302,486,839,0,8
2303,486,839,0,8
2304,487,840,0,3
2305,486,839,0,2
2306,485,840,0,0
2307,482,838,0,3
2308,480,836,0,1
2309,478,835,0,358
2310,475,836,0,4
2311,474,837,0,5
2312,476,838,0,10
2313,475,838,0,10
2314,472,839,0,12
2315,472,840,0,12
2316,467,841,0,17
2317,466,842,0,21
2318,467,845,0,17
2319,466,846,0,13
2320,465,846,0,14
2321,467,845,0,16
2322,467,843,0,13
2323,469,840,0,17
2324,468,840,0,19
2325,467,840,0,21
2326,467,843,0,15
2327,467,843,0,17
2328,466,842,0,20
2329,467,841,0,19
2330,465,839,0,24
2331,461,839,0,31
2332,461,842,0,24
2333,462,845,0,18
2334,463,846,0,15
2336,460,845,0,21
2337,460,845,0,19
2338,459,847,0,14
2341,462,844,0,13
2344,465,841,0,199
2354,463,839,0,25
2355,467,842,0,12
2356,467,842,0,16
2357,467,839,0,19
2358,466,838,0,20
2359,466,840,0,20
2360,469,839,0,21
2361,470,838,0,19
2362,470,838,0,19
2363,469,838,0,18
2364,469,837,0,19
2365,468,837,0,20
2366,469,836,0,19
2367,467,837,0,21
2368,467,836,0,21
2369,466,837,0,23
2370,466,839,0,24
2371,466,839,0,20
2372,465,840,0,19
2373,465,840,0,17
2374,465,840,0,17
2375,465,840,0,16
2376,465,840,0,16
2377,464,837,0,27
2378,464,836,0,28
2379,465,835,0,30
2380,465,837,0,29
2381,466,840,0,29
2382,467,840,0,26
2383,468,839,0,26
2384,469,838,0,20
2385,468,838,0,24
2386,466,837,0,32
2387,466,838,0,30
2388,467,838,0,28
2389,466,838,0,27
2390,467,839,0,28
2391,467,839,0,26
2392,468,840,0,26
2393,470,837,0,24
2394,470,840,0,19
2395,470,839,0,19
2396,469,838,0,19
2397,467,839,0,22
2398,467,839,0,21
2399,468,839,0,19
2400,469,839,0,22
2401,468,840,0,21
2402,467,838,0,21
2403,468,841,0,15
2404,468,840,0,15
2405,468,839,0,14
2406,467,838,0,18
2407,467,837,0,19
2408,467,837,0,21
2409,467,837,0,21
2410,468,836,0,28
2411,467,833,0,33
2412,466,832,0,33
2413,465,834,0,33
2414,468,836,0,27
2415,469,838,0,22
2416,469,837,0,22
2417,473,836,0,23
2418,474,836,0,22
2419,469,836,0,27
2420,467,836,0,29
2421,467,838,0,21
2422,468,834,0,23
2423,466,833,0,25
2424,465,833,0,26
2425,463,835,0,26
2426,458,836,0,23
2427,458,838,0,18
2428,457,840,0,14
2429,457,841,0,12
2430,454,843,0,0
2431,454,841,0,0
2432,455,840,0,353
2433,456,837,0,352
2434,458,828,0,347
2435,456,830,0,344
2436,459,824,0,344
2437,462,826,0,341
2438,463,825,0,332
2439,463,822,0,331
2440,462,820,0,325
2441,461,819,0,325
2442,461,820,0,327
2443,463,821,0,327
2444,463,819,0,330
2448,462,818,0,328
