0,1407,1766,0,33
1,1407,1765,0,35
2,1411,1760,0,36
3,1410,1759,0,36
4,1411,1762,0,41
5,1411,1763,0,40
6,1411,1762,0,42
7,1411,1759,0,41
8,1411,1758,0,48
9,1408,1758,0,65
10,1408,1760,0,75
11,1406,1761,0,89
12,1408,1762,0,87
13,1409,1762,0,87
14,1409,1761,0,86
15,1409,1760,0,92
16,1411,1759,0,85
17,1411,1762,0,86
18,1410,1766,0,96
19,1410,1767,0,92
20,1411,1768,0,91
21,1411,1770,0,95
22,1411,1771,0,100
23,1412,1770,0,103
24,1412,1770,0,99
25,1411,1771,0,105
26,1410,1770,0,110
27,1407,1770,0,113
28,1407,1772,0,120
29,1407,1772,0,131
30,1405,1773,0,139
31,1404,1774,0,138
32,1403,1776,0,141
33,1402,1775,0,142
34,1401,1774,0,145
35,1401,1774,0,145
36,1401,1775,0,141
37,1401,1774,0,137
38,1401,1773,0,129
39,1401,1771,0,118
40,1403,1770,0,118
41,1404,1770,0,112
42,1405,1771,0,110
43,1405,1770,0,108
44,1405,1771,0,109
45,1404,1774,0,123
46,1400,1781,0,151
47,1402,1784,0,171
48,1404,1789,0,209
49,1400,1796,0,199
50,1392,1801,0,177
51,1390,1805,0,155
52,1391,1811,0,156
53,1394,1819,0,162
54,1396,1826,0,200
55,1396,1827,0,202
56,1398,1832,0,223
57,1398,1833,0,217
58,1401,1838,0,234
59,1404,1838,0,242
60,1408,1837,0,254
61,1412,1829,0,251
62,1413,1826,0,248
63,1414,1822,0,247
64,1414,1817,0,247
65,1416,1813,0,248
66,1414,1812,0,258
67,1413,1808,0,261
68,1410,1803,0,269
69,1411,1800,0,267
70,1412,1794,0,260
71,1413,1792,0,259
72,1414,1787,0,263
73,1414,1786,0,265
74,1415,1785,0,264
75,1415,1785,0,265
76,1415,1783,0,268
77,1415,1784,0,274
78,1414,1782,0,276
79,1415,1781,0,276
80,1415,1782,0,277
81,1416,1782,0,279
82,1417,1782,0,280
83,1417,1782,0,280
84,1417,1782,0,279
85,1417,1782,0,279
86,1417,1782,0,278
87,1417,1782,0,278
88,1418,1782,0,279
89,1417,1782,0,280
90,1417,1782,0,278
91,1418,1782,0,279
92,1418,1782,0,281
93,1418,1785,0,281
94,1418,1788,0,277
95,1417,1787,0,272
96,1417,1788,0,277
97,1417,1791,0,283
98,1418,1793,0,287
99,1419,1794,0,281
100,1419,1795,0,274
101,1421,1795,0,275
102,1423,1797,0,270
103,1425,1797,0,273
104,1428,1800,0,266
105,1435,1791,0,258
106,1437,1787,0,263
107,1439,1785,0,270
108,1442,1784,0,279
109,1442,1782,0,280
110,1443,1779,0,275
111,1445,1782,0,272
112,1442,1785,0,264
113,1442,1789,0,256
114,1443,1791,0,261
115,1444,1790,0,262
116,1445,1790,0,266
117,1445,1788,0,267
118,1445,1788,0,265
119,1444,1789,0,268
120,1444,1789,0,269
121,1444,1789,0,265
122,1443,1788,0,264
123,1442,1788,0,263
124,1442,1786,0,265
125,1442,1785,0,268
126,1442,1785,0,266
127,1442,1784,0,267
128,1442,1783,0,268
129,1441,1783,0,265
130,1440,1779,0,267
131,1440,1777,0,268
132,1439,1775,0,264
133,1437,1774,0,260
134,1437,1775,0,256
135,1437,1774,0,258
136,1436,1775,0,260
137,1436,1774,0,258
138,1436,1774,0,255
139,1435,1774,0,252
140,1435,1774,0,253
141,1435,1775,0,244
142,1432,1774,0,231
143,1430,1773,0,232
144,1426,1775,0,230
145,1424,1777,0,242
146,1422,1772,0,245
147,1420,1776,0,248
148,1421,1776,0,253
149,1421,1778,0,255
150,1422,1779,0,259
151,1422,1780,0,263
152,1423,1780,0,265
153,1423,1780,0,266
154,1424,1781,0,267
155,1423,1787,0,274
156,1425,1787,0,287
157,1426,1790,0,293
158,1426,1789,0,300
159,1431,1788,0,298
160,1431,1789,0,298
161,1430,1791,0,298
162,1430,1792,0,301
163,1431,1795,0,314
164,1432,1797,0,329
165,1437,1799,0,332
166,1436,1797,0,332
167,1437,1799,0,329
168,1437,1799,0,327
169,1434,1797,0,334
170,1432,1797,0,337
171,1432,1794,0,325
172,1425,1793,0,325
173,1424,1791,0,330
174,1425,1792,0,329
175,1425,1791,0,328
176,1425,1788,0,327
177,1424,1785,0,326
178,1423,1788,0,333
179,1423,1790,0,332
180,1422,1792,0,330
181,1420,1789,0,331
182,1420,1787,0,330
183,1422,1788,0,329
184,1421,1786,0,322
185,1425,1777,0,330
186,1424,1774,0,335
187,1420,1778,0,331
188,1420,1781,0,331
189,1418,1782,0,329
190,1416,1781,0,325
191,1413,1780,0,322
192,1411,1778,0,325
193,1413,1779,0,328
194,1412,1778,0,327
195,1410,1781,0,325
196,1407,1781,0,321
197,1405,1780,0,317
198,1403,1781,0,312
199,1403,1777,0,304
200,1408,1772,0,303
201,1409,1772,0,295
202,1413,1773,0,276
203,1415,1773,0,271
204,1419,1769,0,263
205,1417,1768,0,248
206,1415,1765,0,239
207,1414,1766,0,227
208,1413,1764,0,231
209,1413,1761,0,227
210,1414,1761,0,211
211,1416,1759,0,219
212,1415,1759,0,206
213,1416,1756,0,206
214,1419,1755,0,204
215,1421,1754,0,200
216,1420,1754,0,204
217,1420,1755,0,204
218,1416,1757,0,195
219,1417,1756,0,197
220,1410,1757,0,203
221,1409,1757,0,205
222,1411,1756,0,220
223,1414,1755,0,243
224,1415,1752,0,235
225,1415,1751,0,225
226,1417,1750,0,224
227,1418,1750,0,220
228,1418,1750,0,220
229,1419,1750,0,220
230,1419,1749,0,221
231,1417,1752,0,229
232,1413,1758,0,259
233,1413,1758,0,264
234,1411,1757,0,265
235,1408,1755,0,255
236,1409,1752,0,254
237,1409,1751,0,254
238,1409,1751,0,250
239,1409,1749,0,249
240,1409,1749,0,248
241,1409,1748,0,246
242,1409,1748,0,247
243,1409,1748,0,249
244,1409,1748,0,248
245,1409,1748,0,249
246,1410,1749,0,250
247,1409,1749,0,249
248,1410,1750,0,248
249,1410,1749,0,248
250,1409,1751,0,249
251,1408,1751,0,252
252,1408,1750,0,249
253,1408,1750,0,251
254,1408,1751,0,251
255,1408,1750,0,251
256,1408,1751,0,252
257,1408,1751,0,253
258,1408,1751,0,252
259,1408,1752,0,254
260,1409,1751,0,253
261,1409,1751,0,253
262,1409,1751,0,254
263,1409,1751,0,254
264,1409,1751,0,253
265,1409,1751,0,253
266,1409,1751,0,252
267,1410,1754,0,253
268,1409,1757,0,256
269,1410,1759,0,267
270,1413,1763,0,292
271,1412,1761,0,308
272,1415,1759,0,335
273,1417,1757,0,339
274,1416,1755,0,340
275,1414,1754,0,338
276,1414,1753,0,339
277,1413,1754,0,339
278,1412,1754,0,337
279,1412,1754,0,336
280,1412,1753,0,333
281,1413,1753,0,334
282,1413,1753,0,336
283,1414,1754,0,339
284,1417,1754,0,346
285,1416,1755,0,1
286,1421,1751,0,19
287,1417,1757,0,26
288,1415,1757,0,26
289,1412,1758,0,31
290,1414,1763,0,31
291,1412,1763,0,28
292,1408,1766,0,29
293,1409,1765,0,30
294,1409,1765,0,30
295,1409,1765,0,31
296,1408,1766,0,31
297,1409,1766,0,30
298,1410,1766,0,29
299,1410,1766,0,29
300,1411,1766,0,28
301,1413,1764,0,29
302,1412,1762,0,34
303,1408,1765,0,32
304,1406,1765,0,28
305,1408,1763,0,26
306,1413,1762,0,24
307,1412,1764,0,33
308,1413,1764,0,37
309,1416,1763,0,44
310,1417,1761,0,53
311,1418,1763,0,71
312,1417,1766,0,71
313,1419,1767,0,85
314,1420,1767,0,86
315,1420,1767,0,96
316,1421,1772,0,97
317,1420,1771,0,98
318,1418,1777,0,113
319,1418,1776,0,112
320,1427,1771,0,87
321,1429,1771,0,74
322,1422,1772,0,77
323,1425,1776,0,63
324,1425,1778,0,59
325,1425,1781,0,52
326,1426,1780,0,49
327,1422,1780,0,53
328,1419,1779,0,53
329,1419,1778,0,44
330,1422,1780,0,44
331,1422,1780,0,43
332,1418,1779,0,45
333,1420,1779,0,34
334,1418,1777,0,26
335,1416,1777,0,14
336,1414,1778,0,6
337,1410,1776,0,1
338,1405,1779,0,352
339,1404,1778,0,352
340,1405,1777,0,351
341,1403,1777,0,353
342,1405,1775,0,351
343,1402,1775,0,348
344,1401,1776,0,351
345,1400,1776,0,350
346,1400,1777,0,349
347,1399,1778,0,349
348,1397,1777,0,337
349,1396,1775,0,331
350,1396,1776,0,327
351,1397,1777,0,324
352,1396,1778,0,324
353,1397,1775,0,324
354,1396,1775,0,324
355,1397,1775,0,335
356,1396,1773,0,336
357,1395,1772,0,336
358,1394,1772,0,336
359,1393,1772,0,333
360,1391,1771,0,334
361,1389,1772,0,335
362,1390,1774,0,342
363,1390,1772,0,337
364,1389,1771,0,333
365,1389,1771,0,331
366,1390,1772,0,334
367,1390,1772,0,336
368,1389,1771,0,337
369,1389,1772,0,337
370,1389,1771,0,339
371,1389,1771,0,338
372,1390,1771,0,339
373,1390,1771,0,339
374,1390,1771,0,339
375,1390,1771,0,340
376,1390,1771,0,339
377,1390,1771,0,338
378,1390,1771,0,341
379,1391,1770,0,340
380,1391,1770,0,339
381,1391,1770,0,342
382,1391,1770,0,342
383,1390,1770,0,344
384,1391,1771,0,340
385,1391,1770,0,336
386,1391,1770,0,335
387,1392,1770,0,333
388,1393,1771,0,337
389,1394,1773,0,336
390,1394,1775,0,334
391,1395,1775,0,332
392,1394,1774,0,339
393,1391,1773,0,343
394,1390,1773,0,343
395,1390,1773,0,342
396,1390,1774,0,343
397,1390,1774,0,344
398,1391,1774,0,343
399,1390,1773,0,341
400,1390,1772,0,339
401,1390,1772,0,339
402,1390,1773,0,340
403,1392,1773,0,337
404,1393,1773,0,334
405,1396,1771,0,334
406,1398,1769,0,324
407,1396,1771,0,314
408,1395,1770,0,307
409,1397,1774,0,312
410,1398,1776,0,316
411,1397,1772,0,317
412,1396,1769,0,320
413,1394,1767,0,314
414,1395,1766,0,316
415,1397,1765,0,307
416,1398,1765,0,305
417,1398,1764,0,302
418,1398,1765,0,299
419,1397,1765,0,297
420,1394,1763,0,295
421,1392,1760,0,298
422,1389,1760,0,298
423,1387,1757,0,298
424,1385,1755,0,298
425,1384,1755,0,300
426,1385,1755,0,299
427,1385,1755,0,296
428,1386,1755,0,295
429,1386,1756,0,296
430,1386,1756,0,296
431,1386,1756,0,295
432,1386,1756,0,296
433,1386,1756,0,294
434,1384,1756,0,290
435,1383,1755,0,289
436,1383,1756,0,274
437,1384,1755,0,271
438,1384,1754,0,265
439,1384,1750,0,263
440,1382,1747,0,258
441,1384,1747,0,255
442,1384,1748,0,255
443,1384,1750,0,267
444,1379,1747,0,277
445,1373,1741,0,275
446,1374,1737,0,292
447,1372,1738,0,289
448,1372,1736,0,287
449,1370,1736,0,281
450,1370,1735,0,287
451,1370,1736,0,285
452,1371,1735,0,284
453,1370,1734,0,288
454,1371,1732,0,290
455,1372,1733,0,297
456,1374,1736,0,306
457,1375,1739,0,316
458,1375,1738,0,322
459,1375,1738,0,325
460,1374,1735,0,333
461,1374,1732,0,338
462,1374,1730,0,347
463,1375,1730,0,351
464,1373,1728,0,2
465,1371,1730,0,7
466,1368,1729,0,10
467,1367,1729,0,8
468,1364,1726,0,6
469,1361,1725,0,2
470,1360,1719,0,352
471,1360,1720,0,348
472,1359,1717,0,344
473,1356,1716,0,351
474,1350,1717,0,1
475,1349,1718,0,8
476,1352,1718,0,20
477,1352,1721,0,39
478,1356,1725,0,50
479,1359,1726,0,67
480,1359,1730,0,54
481,1360,1730,0,44
482,1360,1729,0,47
483,1359,1730,0,45
484,1361,1729,0,53
485,1362,1727,0,56
486,1362,1724,0,55
487,1358,1731,0,61
488,1358,1735,0,68
489,1355,1738,0,76
490,1355,1742,0,78
491,1355,1744,0,81
492,1354,1751,0,81
493,1358,1754,0,73
494,1356,1751,0,80
495,1354,1746,0,81
496,1353,1745,0,85
497,1352,1748,0,87
498,1351,1748,0,96
499,1352,1748,0,89
500,1350,1746,0,90
501,1347,1749,0,73
502,1348,1748,0,85
503,1350,1748,0,79
504,1352,1750,0,91
505,1348,1751,0,105
506,1349,1753,0,111
507,1349,1753,0,122
508,1347,1753,0,123
509,1346,1753,0,135
510,1348,1757,0,153
511,1352,1766,0,187
512,1352,1764,0,190
513,1353,1764,0,192
514,1353,1764,0,193
515,1352,1766,0,196
516,1352,1766,0,191
517,1353,1766,0,191
518,1352,1769,0,200
519,1355,1769,0,202
520,1355,1769,0,207
521,1355,1770,0,201
522,1354,1769,0,201
523,1355,1769,0,204
524,1355,1768,0,209
525,1354,1768,0,208
526,1354,1767,0,206
527,1355,1767,0,205
528,1356,1768,0,210
529,1356,1768,0,211
530,1358,1769,0,213
531,1358,1768,0,209
532,1358,1771,0,215
533,1359,1770,0,216
534,1359,1770,0,213
535,1359,1770,0,215
536,1358,1771,0,215
537,1359,1772,0,218
538,1360,1772,0,218
539,1359,1772,0,218
540,1359,1772,0,217
541,1360,1773,0,219
542,1359,1773,0,218
543,1360,1771,0,214
544,1360,1771,0,215
545,1360,1771,0,217
546,1359,1771,0,217
547,1360,1772,0,221
548,1363,1775,0,228
549,1360,1773,0,220
550,1359,1773,0,217
551,1358,1773,0,221
552,1357,1772,0,219
553,1357,1772,0,219
554,1357,1772,0,218
555,1356,1773,0,217
556,1357,1772,0,219
557,1357,1773,0,222
558,1357,1773,0,222
559,1358,1773,0,221
560,1358,1772,0,220
561,1357,1773,0,220
562,1357,1774,0,218
563,1358,1774,0,217
564,1358,1774,0,217
565,1358,1775,0,216
566,1358,1775,0,216
567,1357,1775,0,218
568,1358,1775,0,219
569,1357,1774,0,219
570,1357,1774,0,220
571,1358,1774,0,220
572,1358,1774,0,223
573,1359,1773,0,222
574,1358,1773,0,219
575,1358,1772,0,217
576,1358,1771,0,215
577,1357,1770,0,216
578,1357,1770,0,213
579,1358,1770,0,215
580,1358,1771,0,216
581,1359,1770,0,217
582,1359,1770,0,217
583,1358,1771,0,218
584,1358,1772,0,218
585,1357,1772,0,218
586,1358,1771,0,217
587,1357,1771,0,215
588,1358,1770,0,217
589,1358,1770,0,214
590,1357,1771,0,217
591,1357,1771,0,218
592,1357,1771,0,216
593,1358,1769,0,212
594,1357,1769,0,212
595,1358,1769,0,210
596,1357,1770,0,212
597,1359,1770,0,214
598,1359,1770,0,213
599,1358,1770,0,214
600,1357,1770,0,213
601,1358,1770,0,214
602,1358,1770,0,214
603,1358,1770,0,216
604,1358,1770,0,215
605,1359,1770,0,218
606,1358,1770,0,220
607,1357,1771,0,218
608,1357,1770,0,212
609,1355,1770,0,209
610,1353,1771,0,208
611,1354,1771,0,209
612,1353,1773,0,211
613,1353,1772,0,209
614,1352,1771,0,207
615,1351,1769,0,203
616,1351,1768,0,205
617,1350,1766,0,197
618,1350,1766,0,195
619,1350,1765,0,194
620,1350,1765,0,201
621,1350,1765,0,203
622,1351,1765,0,203
623,1351,1765,0,204
624,1351,1765,0,206
625,1350,1765,0,206
626,1350,1765,0,207
627,1351,1765,0,206
628,1351,1766,0,207
629,1352,1767,0,210
630,1352,1767,0,210
631,1352,1768,0,215
632,1352,1768,0,215
633,1353,1768,0,217
634,1353,1768,0,219
635,1353,1769,0,219
636,1353,1769,0,218
637,1352,1770,0,218
638,1352,1770,0,218
639,1353,1770,0,221
640,1357,1774,0,225
641,1359,1773,0,220
642,1358,1773,0,222
643,1358,1774,0,223
644,1354,1769,0,211
645,1354,1768,0,209
646,1354,1766,0,209
647,1355,1767,0,212
648,1354,1768,0,216
649,1354,1768,0,220
650,1354,1768,0,221
651,1354,1768,0,221
652,1356,1770,0,212
653,1359,1776,0,220
654,1358,1777,0,219
655,1357,1775,0,220
656,1358,1772,0,220
657,1359,1773,0,220
658,1359,1772,0,221
659,1359,1770,0,214
660,1357,1767,0,201
661,1356,1769,0,206
662,1353,1769,0,201
663,1352,1761,0,162
664,1353,1763,0,163
665,1355,1767,0,170
666,1358,1767,0,148
667,1358,1766,0,151
668,1355,1768,0,139
669,1356,1768,0,133
670,1355,1769,0,132
671,1355,1771,0,139
672,1357,1771,0,136
673,1358,1771,0,132
674,1357,1772,0,133
675,1357,1774,0,128
676,1356,1773,0,128
677,1355,1773,0,131
678,1354,1774,0,135
679,1355,1774,0,134
680,1354,1774,0,135
681,1355,1774,0,133
682,1356,1774,0,130
683,1355,1774,0,130
684,1356,1774,0,127
685,1357,1775,0,127
686,1357,1775,0,127
687,1357,1775,0,127
688,1357,1775,0,124
689,1358,1775,0,123
690,1360,1777,0,120
691,1359,1777,0,124
692,1360,1778,0,124
693,1360,1778,0,122
694,1359,1777,0,120
695,1359,1777,0,121
696,1359,1777,0,121
697,1360,1778,0,119
698,1361,1778,0,121
699,1361,1778,0,122
700,1362,1777,0,120
701,1363,1777,0,117
702,1363,1776,0,118
703,1362,1775,0,118
704,1362,1773,0,111
705,1363,1773,0,114
706,1364,1774,0,113
707,1364,1775,0,112
708,1365,1776,0,112
709,1366,1776,0,109
710,1365,1776,0,110
711,1366,1776,0,108
712,1367,1775,0,106
713,1368,1774,0,104
714,1366,1775,0,105
715,1366,1774,0,104
716,1368,1774,0,100
717,1367,1774,0,100
718,1367,1774,0,101
719,1367,1774,0,102
720,1367,1773,0,102
721,1366,1775,0,105
722,1365,1774,0,103
723,1366,1775,0,104
724,1366,1774,0,106
725,1367,1774,0,104
726,1367,1774,0,103
727,1367,1773,0,103
728,1367,1774,0,100
729,1367,1775,0,102
730,1367,1774,0,98
731,1365,1773,0,102
732,1365,1773,0,104
733,1364,1773,0,106
734,1363,1773,0,108
735,1364,1773,0,112
736,1364,1775,0,113
737,1364,1775,0,112
738,1364,1776,0,112
739,1365,1776,0,110
740,1365,1778,0,111
741,1365,1777,0,109
742,1365,1777,0,110
743,1365,1777,0,110
744,1365,1777,0,107
745,1364,1776,0,107
746,1364,1776,0,108
747,1363,1775,0,110
748,1363,1776,0,111
749,1364,1776,0,113
750,1365,1776,0,107
751,1365,1777,0,108
752,1367,1779,0,105
753,1369,1780,0,95
754,1372,1781,0,91
755,1374,1778,0,90
756,1377,1776,0,82
757,1382,1776,0,77
758,1389,1777,0,62
759,1393,1777,0,57
760,1392,1783,0,44
761,1390,1784,0,33
762,1384,1786,0,26
763,1381,1785,0,29
764,1377,1783,0,31
765,1374,1783,0,30
766,1375,1780,0,21
767,1374,1778,0,18
768,1372,1776,0,7
769,1375,1775,0,13
770,1373,1780,0,38
771,1368,1780,0,51
772,1363,1781,0,52
773,1363,1781,0,59
774,1359,1781,0,60
775,1361,1779,0,62
776,1361,1779,0,59
777,1363,1779,0,66
778,1363,1783,0,82
779,1366,1785,0,89
780,1366,1789,0,81
781,1363,1797,0,78
782,1366,1804,0,69
783,1364,1806,0,77
784,1365,1799,0,77
785,1367,1798,0,77
786,1366,1798,0,84
787,1366,1800,0,93
788,1364,1798,0,95
789,1366,1802,0,100
790,1368,1800,0,108
791,1369,1799,0,122
792,1368,1805,0,126
793,1373,1806,0,118
794,1375,1810,0,108
795,1376,1813,0,108
796,1374,1811,0,117
797,1372,1810,0,127
798,1373,1811,0,138
799,1376,1804,0,153
800,1373,1809,0,174
801,1370,1809,0,181
802,1375,1810,0,179
803,1376,1812,0,197
804,1377,1812,0,201
805,1377,1811,0,202
806,1377,1811,0,203
807,1377,1812,0,201
808,1372,1811,0,202
809,1369,1813,0,206
810,1368,1813,0,190
811,1371,1813,0,175
812,1369,1811,0,179
813,1368,1814,0,212
814,1372,1810,0,210
815,1373,1808,0,223
816,1372,1808,0,227
817,1373,1813,0,238
818,1373,1814,0,239
819,1379,1818,0,266
820,1384,1814,0,262
821,1385,1809,0,273
822,1387,1810,0,272
823,1385,1810,0,269
824,1383,1808,0,263
825,1384,1805,0,262
826,1384,1804,0,260
827,1383,1803,0,258
828,1383,1802,0,257
829,1384,1800,0,255
830,1383,1800,0,256
831,1383,1799,0,257
832,1382,1799,0,256
833,1382,1801,0,258
834,1382,1802,0,260
835,1382,1800,0,261
836,1382,1799,0,257
837,1384,1798,0,256
838,1384,1797,0,257
839,1384,1796,0,259
840,1383,1798,0,260
841,1383,1799,0,262
842,1384,1799,0,261
843,1384,1799,0,259
844,1384,1802,0,258
845,1383,1805,0,261
846,1383,1805,0,264
847,1381,1806,0,265
848,1381,1807,0,261
849,1380,1805,0,256
850,1382,1801,0,254
851,1382,1800,0,255
852,1382,1799,0,256
853,1381,1799,0,259
854,1381,1799,0,259
855,1380,1800,0,258
856,1382,1803,0,259
857,1381,1807,0,259
858,1379,1808,0,262
859,1379,1810,0,261
860,1381,1813,0,285
861,1381,1813,0,284
862,1381,1811,0,287
863,1382,1809,0,297
864,1384,1807,0,310
865,1382,1807,0,313
866,1383,1809,0,301
867,1381,1809,0,294
868,1380,1809,0,294
869,1380,1808,0,294
870,1379,1808,0,292
871,1379,1808,0,291
872,1379,1808,0,293
873,1379,1808,0,294
874,1379,1809,0,294
875,1380,1810,0,288
876,1379,1811,0,298
877,1378,1808,0,317
878,1376,1806,0,331
879,1374,1807,0,347
880,1375,1809,0,352
881,1374,1810,0,348
882,1372,1811,0,342
883,1371,1818,0,334
884,1374,1825,0,332
885,1374,1817,0,311
886,1375,1810,0,299
887,1373,1808,0,291
888,1374,1810,0,288
889,1370,1805,0,300
890,1367,1798,0,296
891,1368,1794,0,303
892,1363,1794,0,297
893,1362,1795,0,295
894,1362,1798,0,292
895,1360,1796,0,284
896,1358,1792,0,282
897,1358,1789,0,290
898,1361,1782,0,294
899,1358,1778,0,289
900,1355,1775,0,287
901,1358,1769,0,299
902,1354,1766,0,283
903,1352,1769,0,289
904,1358,1772,0,285
905,1354,1780,0,277
906,1350,1782,0,262
907,1349,1783,0,237
908,1348,1778,0,218
909,1351,1778,0,220
910,1358,1783,0,240
911,1356,1783,0,231
912,1356,1789,0,230
913,1364,1791,0,253
914,1364,1790,0,251
915,1373,1794,0,249
916,1386,1805,0,271
917,1387,1799,0,293
918,1384,1791,0,302
919,1385,1780,0,311
920,1381,1780,0,314
921,1383,1779,0,310
922,1385,1784,0,312
923,1385,1788,0,306
924,1382,1784,0,299
925,1380,1784,0,292
926,1381,1783,0,294
927,1380,1784,0,293
928,1380,1783,0,293
929,1379,1781,0,294
930,1379,1780,0,293
931,1380,1779,0,298
932,1381,1779,0,299
933,1380,1777,0,301
934,1380,1776,0,301
935,1378,1774,0,299
936,1379,1772,0,301
937,1379,1771,0,302
938,1382,1778,0,298
939,1383,1783,0,297
940,1383,1786,0,299
941,1385,1786,0,303
942,1384,1787,0,314
943,1382,1788,0,324
944,1377,1784,0,328
945,1375,1781,0,318
946,1372,1774,0,310
947,1368,1773,0,303
948,1368,1770,0,302
949,1368,1767,0,304
950,1365,1766,0,299
951,1361,1766,0,290
952,1357,1765,0,291
953,1354,1758,0,298
954,1350,1749,0,302
955,1349,1748,0,299
956,1347,1743,0,301
957,1348,1744,0,294
958,1347,1742,0,280
959,1347,1743,0,273
960,1348,1746,0,262
961,1347,1746,0,263
962,1345,1746,0,265
963,1345,1746,0,268
964,1344,1746,0,271
965,1345,1745,0,276
966,1346,1746,0,277
967,1347,1746,0,274
968,1347,1748,0,273
969,1347,1749,0,275
970,1348,1750,0,274
971,1349,1750,0,271
972,1349,1748,0,267
973,1348,1748,0,262
974,1348,1748,0,266
975,1349,1749,0,266
976,1349,1746,0,265
977,1348,1746,0,264
978,1348,1746,0,269
979,1347,1744,0,266
980,1346,1743,0,272
981,1346,1744,0,271
982,1345,1744,0,270
983,1345,1744,0,267
984,1343,1745,0,263
985,1344,1746,0,261
986,1345,1745,0,266
987,1344,1745,0,266
988,1345,1745,0,268
989,1345,1745,0,268
990,1345,1745,0,269
991,1344,1745,0,266
992,1344,1746,0,264
993,1343,1746,0,264
994,1344,1746,0,265
995,1344,1746,0,263
996,1344,1747,0,264
997,1344,1747,0,266
998,1344,1747,0,259
999,1345,1748,0,261
1000,1345,1748,0,263
1001,1347,1748,0,268
1002,1347,1750,0,264
1003,1346,1749,0,258
1004,1345,1747,0,263
1005,1345,1746,0,264
1006,1346,1746,0,265
1007,1346,1746,0,262
1008,1346,1747,0,261
1009,1346,1746,0,261
1010,1347,1747,0,263
1011,1347,1747,0,267
1012,1346,1747,0,270
1013,1346,1747,0,270
1014,1346,1746,0,273
1015,1345,1746,0,272
1016,1345,1746,0,269
1017,1344,1746,0,266
1018,1344,1748,0,263
1019,1344,1748,0,265
1020,1344,1748,0,266
1021,1344,1749,0,263
1022,1344,1750,0,260
1023,1344,1751,0,266
1024,1345,1750,0,261
1025,1344,1750,0,259
1026,1345,1748,0,264
1027,1344,1748,0,266
1028,1350,1751,0,271
1029,1353,1753,0,284
1030,1354,1752,0,285
1031,1353,1752,0,274
1032,1352,1751,0,269
1033,1350,1750,0,260
1034,1348,1751,0,260
1035,1349,1749,0,258
1036,1351,1748,0,247
1037,1353,1743,0,255
1038,1355,1743,0,260
1039,1355,1746,0,270
1040,1353,1743,0,278
1041,1352,1743,0,277
1042,1351,1742,0,269
1043,1351,1740,0,266
1044,1352,1740,0,270
1045,1351,1736,0,272
1046,1351,1736,0,271
1047,1351,1735,0,271
1048,1354,1731,0,273
1049,1352,1732,0,268
1050,1352,1735,0,258
1053,1355,1739,0,247
1054,1357,1737,0,256
1055,1356,1736,0,257
1056,1355,1733,0,262
1057,1355,1732,0,270
1058,1355,1729,0,268
1059,1355,1725,0,268
1060,1357,1724,0,260
1061,1358,1721,0,260
1062,1359,1718,0,259
1063,1369,1721,0,274
1064,1368,1719,0,266
1065,1366,1717,0,257
1066,1368,1717,0,262
1067,1370,1723,0,271
1068,1369,1728,0,272
1069,1364,1735,0,278
1070,1367,1737,0,268
1071,1369,1736,0,257
1072,1369,1733,0,243
1073,1373,1733,0,236
1074,1377,1730,0,232
1075,1379,1730,0,228
1076,1379,1729,0,224
1077,1382,1730,0,220
1078,1385,1733,0,230
1079,1385,1737,0,227
1080,1383,1738,0,228
1081,1379,1738,0,240
1082,1376,1740,0,233
1083,1376,1739,0,218
1084,1376,1738,0,185
1085,1374,1735,0,150
1086,1374,1737,0,151
1087,1373,1739,0,155
1088,1376,1744,0,155
1089,1377,1740,0,146
1090,1376,1740,0,148
1091,1377,1742,0,149
1092,1378,1743,0,152
1093,1378,1741,0,142
1094,1375,1739,0,140
1095,1372,1741,0,143
1096,1374,1743,0,145
1097,1373,1742,0,151
1098,1371,1743,0,150
1101,1379,1736,0,82
1102,1381,1734,0,73
1103,1384,1736,0,67
1104,1385,1736,0,62
1105,1383,1736,0,55
1106,1380,1736,0,60
1107,1380,1737,0,58
1108,1380,1736,0,59
1109,1381,1736,0,59
1110,1382,1735,0,64
1111,1383,1735,0,67
1112,1382,1734,0,69
1113,1382,1735,0,69
1114,1383,1735,0,69
1115,1382,1735,0,68
1116,1381,1735,0,65
1117,1381,1735,0,68
1118,1381,1734,0,66
1119,1381,1734,0,66
1120,1381,1735,0,64
1121,1380,1734,0,65
1122,1380,1734,0,61
1123,1380,1734,0,61
1124,1380,1734,0,57
1125,1381,1734,0,57
1126,1381,1734,0,56
1127,1380,1734,0,58
1128,1380,1734,0,65
1129,1380,1734,0,62
1130,1380,1733,0,64
1131,1379,1732,0,70
1132,1379,1733,0,64
1133,1379,1734,0,60
1137,1378,1733,0,71
1138,1378,1733,0,73
1139,1379,1733,0,70
1140,1380,1734,0,66
1141,1382,1735,0,60
1142,1381,1737,0,60
1143,1382,1735,0,64
1144,1382,1735,0,62
1145,1381,1737,0,69
1146,1381,1737,0,64
1147,1381,1737,0,61
1148,1381,1737,0,63
1149,1381,1738,0,66
1150,1381,1738,0,71
1151,1381,1738,0,75
1152,1382,1740,0,78
1153,1381,1741,0,82
1154,1381,1742,0,82
1155,1382,1743,0,80
1156,1383,1743,0,78
1157,1383,1744,0,76
1158,1384,1743,0,76
1159,1385,1742,0,83
1160,1384,1742,0,89
1161,1384,1747,0,89
1162,1385,1747,0,89
1163,1386,1748,0,89
1164,1388,1749,0,88
1165,1388,1751,0,88
1166,1386,1751,0,88
1167,1386,1751,0,90
1168,1386,1752,0,92
1169,1386,1752,0,94
1170,1385,1753,0,100
1171,1385,1754,0,100
1172,1386,1755,0,102
1173,1387,1755,0,97
1174,1387,1754,0,95
1175,1387,1754,0,93
1176,1387,1754,0,91
1177,1387,1752,0,86
1178,1388,1754,0,89
1179,1389,1754,0,88
1180,1389,1755,0,86
1181,1390,1756,0,81
1182,1389,1755,0,85
1183,1389,1755,0,86
1184,1390,1759,0,88
1185,1391,1759,0,90
1186,1391,1758,0,90
1187,1391,1757,0,92
1188,1390,1756,0,94
1189,1390,1756,0,97
1190,1390,1756,0,93
1191,1390,1757,0,97
1192,1390,1756,0,96
1193,1389,1757,0,94
1194,1390,1757,0,93
1195,1389,1755,0,93
1196,1387,1757,0,102
1197,1385,1755,0,106
1198,1384,1753,0,102
1199,1384,1752,0,100
1200,1385,1753,0,99
1201,1386,1752,0,93
1202,1386,1755,0,97
1203,1385,1758,0,100
1204,1385,1759,0,99
1205,1385,1759,0,95
1206,1386,1759,0,95
1207,1386,1758,0,94
1208,1386,1758,0,97
1209,1386,1759,0,95
1210,1386,1760,0,96
1211,1386,1759,0,98
1212,1386,1759,0,97
1213,1384,1758,0,101
1214,1384,1756,0,96
1215,1386,1753,0,99
1216,1388,1749,0,86
1217,1389,1747,0,62
1218,1387,1746,0,45
1219,1384,1748,0,37
1220,1382,1749,0,25
1221,1381,1748,0,19
1222,1379,1748,0,16
1223,1375,1749,0,12
1224,1376,1751,0,3
1225,1378,1751,0,0
1226,1377,1750,0,359
1227,1373,1748,0,0
1228,1377,1750,0,359
1229,1378,1748,0,7
1230,1376,1748,0,17
1231,1373,1750,0,32
1232,1371,1751,0,42
1233,1369,1754,0,45
1234,1367,1755,0,44
1235,1369,1757,0,36
1236,1371,1757,0,35
1237,1373,1760,0,35
1238,1370,1762,0,33
1239,1369,1762,0,32
1240,1369,1761,0,34
1241,1369,1762,0,32
1242,1368,1763,0,30
1243,1366,1764,0,23
1244,1365,1763,0,21
1245,1365,1763,0,22
1246,1367,1762,0,22
1247,1367,1762,0,23
1248,1367,1763,0,24
1249,1366,1763,0,23
1250,1367,1763,0,22
1251,1367,1764,0,22
1252,1366,1764,0,23
1253,1367,1763,0,26
1254,1368,1759,0,32
1255,1372,1760,0,32
1256,1373,1760,0,35
1257,1376,1759,0,41
1258,1376,1755,0,61
1259,1374,1754,0,82
1260,1372,1755,0,85
1261,1370,1760,0,99
1262,1374,1758,0,94
1263,1376,1760,0,90
1264,1380,1757,0,93
1265,1374,1754,0,104
1266,1374,1756,0,109
1267,1377,1758,0,113
1268,1377,1762,0,121
1269,1379,1763,0,123
1270,1380,1763,0,122
1271,1384,1763,0,123
1272,1381,1762,0,128
1273,1381,1763,0,130
1274,1382,1764,0,129
1275,1382,1763,0,128
1276,1384,1766,0,131
1277,1384,1765,0,127
1278,1384,1766,0,129
1279,1383,1765,0,128
1280,1381,1764,0,125
1281,1377,1763,0,136
1282,1376,1762,0,139
1283,1372,1759,0,141
1284,1378,1758,0,131
1285,1375,1760,0,137
1286,1375,1761,0,144
1287,1377,1764,0,152
1288,1376,1767,0,151
1289,1377,1769,0,158
1290,1377,1770,0,158
1291,1378,1770,0,164
1292,1377,1766,0,171
1293,1380,1765,0,182
1294,1379,1769,0,193
1295,1378,1769,0,195
1296,1379,1768,0,199
1297,1379,1768,0,211
1298,1382,1773,0,213
1299,1395,1770,0,250
1300,1392,1769,0,247
1301,1395,1777,0,247
1302,1409,1780,0,250
1303,1404,1778,0,261
1304,1405,1775,0,261
1305,1403,1774,0,263
1306,1402,1773,0,265
1307,1403,1775,0,268
1308,1399,1777,0,279
1309,1392,1776,0,292
1310,1389,1776,0,308
1311,1385,1772,0,319
1312,1386,1774,0,328
1313,1387,1774,0,329
1314,1387,1772,0,334
1315,1385,1771,0,333
1316,1384,1768,0,327
1317,1383,1767,0,322
1318,1384,1767,0,324
1319,1386,1767,0,327
1320,1387,1769,0,330
1321,1388,1771,0,334
1322,1386,1772,0,335
1323,1384,1772,0,339
1324,1383,1772,0,341
1325,1379,1773,0,345
1326,1378,1773,0,352
1327,1377,1776,0,356
1328,1377,1777,0,357
1329,1376,1778,0,355
1330,1375,1777,0,354
1331,1373,1777,0,356
1332,1373,1777,0,355
1333,1374,1777,0,356
1334,1376,1776,0,357
1335,1376,1776,0,358
1336,1374,1777,0,358
1337,1374,1777,0,357
1338,1373,1777,0,359
1339,1373,1777,0,359
1340,1372,1776,0,358
1341,1374,1777,0,356
1342,1374,1777,0,353
1343,1379,1778,0,352
1344,1380,1779,0,348
1345,1379,1778,0,340
1346,1378,1777,0,331
1347,1378,1778,0,344
1348,1377,1779,0,337
1349,1376,1779,0,337
1350,1377,1778,0,340
1351,1376,1778,0,341
1352,1377,1779,0,345
1353,1378,1779,0,343
1354,1381,1771,0,346
1355,1384,1771,0,346
1356,1386,1771,0,342
1357,1386,1772,0,339
1358,1390,1779,0,334
1359,1394,1783,0,336
1360,1390,1781,0,315
1361,1389,1782,0,307
1362,1392,1778,0,307
1363,1392,1781,0,311
1364,1393,1784,0,306
1365,1396,1783,0,294
1366,1396,1780,0,289
1367,1409,1774,0,294
1368,1406,1771,0,289
1369,1406,1768,0,285
1370,1406,1760,0,283
1371,1406,1754,0,275
1372,1407,1752,0,272
1373,1407,1751,0,271
1374,1406,1746,0,272
1375,1405,1746,0,273
1376,1407,1747,0,266
1377,1408,1742,0,262
1378,1410,1740,0,268
1379,1413,1733,0,273
1380,1408,1731,0,262
1381,1408,1731,0,263
1382,1407,1734,0,257
1383,1406,1735,0,258
1384,1406,1734,0,262
1385,1407,1733,0,273
1386,1406,1733,0,276
1387,1406,1739,0,291
1388,1403,1738,0,295
1389,1403,1738,0,294
1390,1402,1738,0,297
1391,1401,1737,0,297
1392,1402,1737,0,299
1393,1402,1736,0,300
1394,1401,1736,0,300
1395,1401,1736,0,299
1396,1401,1736,0,299
1397,1401,1736,0,301
1398,1402,1736,0,301
1399,1402,1736,0,300
1400,1400,1736,0,297
1401,1400,1736,0,297
1402,1400,1737,0,299
1403,1401,1737,0,297
1404,1402,1737,0,297
1405,1402,1738,0,295
1406,1402,1738,0,297
1407,1401,1739,0,295
1408,1400,1738,0,297
1409,1401,1739,0,293
1410,1401,1739,0,290
1411,1400,1739,0,290
1412,1401,1738,0,295
1413,1402,1739,0,295
1414,1401,1738,0,297
1415,1403,1739,0,297
1416,1402,1739,0,300
1417,1403,1740,0,298
1418,1403,1740,0,295
1419,1402,1739,0,297
1420,1401,1740,0,298
1421,1402,1740,0,298
1422,1402,1740,0,298
1423,1402,1739,0,299
1424,1402,1738,0,298
1425,1403,1738,0,295
1426,1402,1739,0,297
1427,1402,1738,0,300
1428,1402,1739,0,299
1429,1402,1738,0,300
1430,1402,1739,0,297
1431,1402,1738,0,298
1432,1402,1738,0,298
1433,1402,1738,0,299
1434,1401,1738,0,300
1435,1401,1739,0,299
1436,1401,1740,0,299
1437,1402,1742,0,302
1438,1402,1743,0,304
1439,1404,1745,0,302
1440,1407,1749,0,306
1441,1408,1751,0,308
1442,1409,1753,0,318
1443,1408,1753,0,319
1444,1406,1747,0,307
1445,1407,1749,0,303
1446,1408,1748,0,304
1447,1407,1747,0,299
1448,1406,1746,0,299
1449,1406,1744,0,295
1450,1406,1741,0,291
1451,1407,1741,0,293
1452,1407,1741,0,297
1453,1404,1741,0,297
1454,1404,1743,0,299
1455,1405,1747,0,297
1456,1405,1749,0,294
1457,1402,1747,0,295
1458,1401,1748,0,296
1459,1400,1748,0,297
1460,1399,1748,0,305
1461,1399,1749,0,316
1462,1399,1749,0,319
1463,1398,1747,0,332
1464,1398,1747,0,332
1465,1398,1747,0,333
1466,1396,1749,0,333
1467,1395,1749,0,336
1468,1395,1751,0,343
1469,1392,1750,0,345
1470,1388,1748,0,357
1471,1387,1748,0,9
1472,1390,1748,0,16
1473,1390,1748,0,23
1474,1390,1748,0,24
1475,1389,1748,0,21
1476,1391,1748,0,22
1477,1389,1748,0,15
1478,1387,1748,0,1
1479,1382,1747,0,0
1480,1386,1748,0,357
1481,1386,1751,0,342
1482,1385,1751,0,345
1483,1384,1752,0,345
1484,1381,1754,0,341
1485,1380,1755,0,343
1486,1379,1755,0,342
1487,1379,1753,0,345
1488,1383,1753,0,348
1489,1378,1757,0,336
1490,1376,1754,0,334
1491,1376,1755,0,334
1492,1374,1756,0,324
1493,1374,1755,0,328
1494,1373,1755,0,326
1495,1373,1752,0,325
1496,1371,1764,0,317
1497,1370,1776,0,315
1498,1370,1776,0,317
1499,1369,1771,0,313
1500,1367,1769,0,323
1501,1367,1761,0,334
1502,1362,1759,0,332
1503,1359,1754,0,322
1504,1360,1753,0,318
1505,1360,1751,0,308
1506,1359,1751,0,294
1507,1364,1751,0,284
1508,1367,1748,0,278
1509,1367,1744,0,278
1510,1367,1739,0,278
1511,1369,1741,0,286
1512,1370,1736,0,285
1513,1369,1733,0,289
1514,1368,1730,0,288
1515,1371,1727,0,296
1516,1371,1726,0,294
1517,1368,1728,0,292
1518,1367,1730,0,291
1519,1369,1733,0,301
1520,1370,1736,0,312
1521,1371,1736,0,312
1522,1377,1742,0,339
1523,1375,1739,0,346
1524,1375,1733,0,351
1525,1373,1733,0,347
1526,1371,1731,0,346
1527,1370,1729,0,345
1528,1366,1726,0,345
1529,1364,1724,0,346
1530,1360,1724,0,347
1531,1353,1724,0,351
1532,1352,1724,0,350
1533,1350,1723,0,352
1534,1343,1726,0,357
1535,1342,1728,0,5
1536,1339,1731,0,14
1537,1339,1731,0,15
1538,1341,1731,0,20
1539,1346,1728,0,15
1540,1347,1729,0,12
1541,1344,1730,0,17
1542,1338,1732,0,23
1543,1334,1736,0,27
1544,1326,1739,0,23
1545,1323,1739,0,20
1546,1318,1748,0,12
1547,1312,1749,0,7
1548,1306,1748,0,11
1549,1302,1748,0,2
1550,1304,1747,0,355
1551,1304,1745,0,352
1552,1305,1743,0,350
1553,1303,1743,0,342
1554,1302,1742,0,338
1555,1305,1750,0,331
1556,1307,1753,0,345
1557,1308,1753,0,350
1558,1308,1753,0,354
1559,1307,1751,0,2
1560,1306,1750,0,4
1561,1304,1749,0,2
1562,1301,1749,0,358
1563,1304,1748,0,4
1564,1308,1743,0,14
1565,1310,1742,0,28
1566,1311,1743,0,36
1567,1313,1748,0,43
1568,1315,1747,0,45
1569,1313,1747,0,49
1570,1315,1749,0,59
1571,1312,1748,0,70
1572,1309,1749,0,73
1573,1310,1751,0,79
1574,1312,1753,0,84
1575,1312,1756,0,88
1576,1312,1756,0,97
1577,1309,1757,0,122
1578,1311,1758,0,131
1579,1318,1757,0,142
1580,1324,1756,0,147
1581,1324,1755,0,154
1582,1322,1756,0,151
1583,1323,1759,0,148
1584,1321,1754,0,148
1585,1324,1754,0,158
1586,1325,1755,0,154
1587,1325,1757,0,149
1588,1325,1756,0,147
1589,1325,1755,0,145
1590,1326,1756,0,146
1591,1329,1753,0,144
1592,1342,1749,0,127
1593,1340,1750,0,124
1594,1333,1752,0,137
1595,1327,1756,0,159
1596,1330,1761,0,178
1597,1332,1763,0,201
1598,1331,1762,0,203
1599,1334,1761,0,215
1600,1337,1763,0,229
1601,1342,1763,0,240
1602,1340,1763,0,235
1603,1339,1762,0,233
1604,1340,1762,0,244
1605,1343,1759,0,253
1606,1345,1755,0,271
1607,1345,1754,0,271
1608,1344,1754,0,268
1609,1342,1756,0,258
1610,1339,1757,0,258
1611,1336,1757,0,249
1612,1335,1758,0,245
1613,1334,1761,0,243
1614,1332,1760,0,246
1615,1329,1759,0,245
1616,1329,1757,0,249
1617,1328,1757,0,256
1618,1330,1751,0,263
1619,1332,1740,0,282
1620,1332,1738,0,287
1621,1331,1736,0,289
1622,1329,1734,0,291
1623,1328,1733,0,294
1624,1329,1732,0,307
1625,1326,1729,0,315
1626,1324,1725,0,307
1627,1321,1725,0,312
1628,1317,1722,0,320
1629,1319,1724,0,316
1630,1320,1722,0,314
1631,1317,1719,0,313
1632,1317,1720,0,313
1633,1314,1720,0,313
1634,1310,1720,0,317
1635,1305,1718,0,321
1636,1305,1715,0,320
1637,1303,1713,0,319
1638,1303,1710,0,306
1639,1301,1707,0,302
1640,1299,1706,0,294
1641,1297,1699,0,292
1642,1297,1694,0,288
1643,1297,1692,0,288
1644,1297,1687,0,288
1645,1297,1685,0,285
1646,1299,1687,0,281
1647,1300,1689,0,282
1648,1297,1694,0,270
1649,1298,1695,0,266
1650,1300,1690,0,249
1651,1302,1687,0,250
1652,1304,1685,0,254
1653,1305,1681,0,257
1654,1306,1682,0,262
1655,1306,1683,0,272
1656,1305,1688,0,278
1657,1303,1691,0,288
1658,1303,1691,0,291
1659,1305,1688,0,294
1660,1302,1685,0,294
1661,1300,1682,0,294
1662,1296,1675,0,289
1663,1296,1675,0,292
1664,1296,1675,0,290
1665,1298,1674,0,283
1666,1299,1668,0,277
1667,1300,1668,0,264
1668,1301,1668,0,249
1669,1303,1667,0,240
1670,1305,1667,0,232
1671,1306,1665,0,230
1672,1309,1658,0,220
1673,1316,1654,0,216
1674,1316,1652,0,203
1675,1311,1654,0,192
1676,1303,1655,0,183
1677,1297,1657,0,191
1678,1299,1656,0,187
1679,1307,1656,0,180
1680,1315,1656,0,183
1681,1315,1657,0,185
1682,1315,1657,0,176
1683,1312,1658,0,167
1684,1305,1657,0,155
1685,1296,1657,0,160
1686,1293,1653,0,148
1687,1300,1660,0,148
1688,1303,1662,0,152
1689,1311,1665,0,156
1690,1315,1664,0,142
1691,1320,1664,0,128
1692,1318,1662,0,107
1693,1316,1657,0,99
1694,1313,1655,0,92
1695,1317,1663,0,81
1696,1317,1666,0,77
1697,1317,1664,0,75
1698,1316,1668,0,83
1699,1312,1672,0,89
1700,1312,1672,0,85
1701,1312,1662,0,85
1702,1315,1659,0,85
1703,1317,1669,0,92
1704,1317,1674,0,99
1705,1316,1683,0,105
1706,1317,1688,0,113
1707,1318,1684,0,127
1708,1321,1682,0,136
1709,1324,1686,0,134
1710,1325,1686,0,133
1711,1329,1690,0,136
1712,1327,1697,0,155
1714,1332,1704,0,168
1715,1331,1705,0,184
1716,1335,1709,0,180
1717,1338,1710,0,182
1718,1341,1709,0,185
1719,1343,1711,0,188
1720,1342,1716,0,202
1721,1340,1715,0,200
1722,1338,1715,0,205
1723,1340,1716,0,218
1724,1340,1715,0,231
1725,1340,1712,0,234
1726,1341,1712,0,238
1727,1341,1714,0,246
1728,1341,1713,0,245
1729,1343,1714,0,243
1730,1341,1714,0,242
1731,1339,1715,0,242
1732,1339,1715,0,239
1733,1336,1714,0,228
1734,1334,1713,0,223
1735,1334,1713,0,222
1736,1334,1713,0,218
1737,1333,1711,0,214
1738,1333,1711,0,213
1739,1333,1710,0,210
1740,1332,1711,0,210
1741,1336,1710,0,200
1742,1338,1708,0,196
1743,1340,1705,0,172
1744,1341,1703,0,153
1745,1343,1701,0,143
1746,1345,1701,0,142
1747,1347,1700,0,138
1748,1347,1702,0,140
1749,1348,1703,0,137
1750,1350,1706,0,135
1751,1351,1708,0,141
1752,1356,1711,0,141
1753,1357,1711,0,138
1754,1357,1709,0,130
1755,1354,1704,0,120
1756,1349,1702,0,119
1757,1344,1704,0,131
1758,1342,1703,0,125
1759,1340,1707,0,128
1760,1339,1705,0,129
1761,1342,1698,0,118
1762,1338,1690,0,103
1763,1341,1688,0,95
1764,1337,1694,0,91
1765,1339,1703,0,81
1766,1336,1703,0,78
1767,1329,1709,0,73
1768,1331,1716,0,63
1769,1329,1719,0,70
1770,1325,1721,0,74
1771,1322,1729,0,72
1772,1315,1737,0,61
1773,1311,1744,0,70
1774,1309,1745,0,70
1775,1308,1748,0,74
1776,1305,1748,0,78
1777,1304,1744,0,92
1778,1309,1739,0,94
1779,1310,1741,0,103
1780,1307,1747,0,123
1781,1309,1748,0,126
1782,1313,1751,0,126
1783,1313,1753,0,132
1784,1318,1757,0,145
1785,1322,1758,0,146
1786,1323,1758,0,149
1787,1318,1754,0,141
1788,1315,1752,0,136
1789,1313,1752,0,136
1790,1312,1753,0,138
1791,1311,1752,0,136
1792,1311,1754,0,131
1793,1315,1755,0,140
1794,1321,1757,0,147
1795,1324,1757,0,149
1796,1328,1758,0,149
1797,1328,1757,0,148
1798,1327,1759,0,147
1799,1329,1752,0,137
1800,1327,1752,0,140
1801,1326,1755,0,146
1802,1326,1755,0,145
1803,1326,1753,0,142
1804,1325,1758,0,137
1805,1326,1762,0,143
1806,1328,1764,0,146
1807,1327,1766,0,146
1808,1330,1767,0,125
1809,1334,1758,0,104
1810,1333,1764,0,105
1811,1334,1765,0,104
1812,1335,1766,0,94
1813,1339,1765,0,75
1814,1336,1766,0,65
1815,1334,1765,0,57
1816,1331,1768,0,62
1817,1332,1765,0,59
1818,1333,1759,0,54
1819,1337,1756,0,54
1820,1336,1758,0,53
1821,1331,1762,0,57
1822,1328,1762,0,47
1823,1325,1762,0,30
1824,1320,1761,0,25
1825,1316,1762,0,21
1826,1309,1764,0,14
1827,1306,1763,0,11
1828,1308,1762,0,0
1829,1304,1762,0,355
1830,1306,1757,0,347
1831,1309,1764,0,340
1832,1310,1767,0,336
1833,1310,1767,0,334
1834,1308,1764,0,328
1835,1306,1763,0,329
1836,1306,1760,0,328
1837,1305,1759,0,338
1838,1306,1759,0,349
1839,1307,1761,0,348
1840,1309,1763,0,349
1841,1304,1761,0,353
1842,1302,1762,0,353
1843,1299,1763,0,357
1844,1295,1766,0,3
1845,1292,1766,0,11
1846,1291,1766,0,14
1847,1290,1766,0,17
1848,1287,1768,0,24
1849,1281,1770,0,26
1850,1278,1771,0,26
1851,1275,1770,0,28
1852,1276,1771,0,30
1855,1280,1765,0,14
1856,1280,1767,0,9
1857,1279,1773,0,3
1858,1277,1772,0,357
1859,1276,1769,0,353
1860,1274,1768,0,352
1861,1273,1768,0,350
1862,1270,1768,0,349
1863,1265,1766,0,349
1864,1262,1763,0,344
1865,1261,1760,0,348
1866,1259,1756,0,337
1867,1253,1754,0,339
1868,1244,1751,0,338
1869,1238,1747,0,338
1870,1232,1745,0,345
1871,1230,1744,0,340
1872,1231,1744,0,344
1873,1228,1745,0,345
1874,1226,1744,0,349
1875,1224,1743,0,345
1876,1227,1742,0,345
1877,1228,1744,0,336
1878,1228,1743,0,333
1879,1229,1742,0,324
1880,1228,1741,0,316
1881,1226,1738,0,317
1882,1228,1741,0,312
1883,1228,1741,0,313
1884,1228,1741,0,311
1885,1228,1743,0,312
1886,1231,1747,0,304
1887,1232,1748,0,299
1888,1237,1754,0,306
1889,1236,1756,0,315
1890,1234,1755,0,283
1891,1233,1754,0,260
1892,1232,1751,0,260
1893,1233,1750,0,265
1894,1234,1750,0,253
1895,1233,1751,0,245
1896,1230,1757,0,242
1897,1229,1761,0,249
1898,1230,1755,0,241
1899,1238,1748,0,226
1900,1240,1745,0,227
1901,1240,1746,0,233
1902,1240,1751,0,249
1903,1240,1757,0,261
1904,1241,1753,0,234
1905,1247,1754,0,232
1906,1248,1755,0,225
1907,1251,1756,0,220
1908,1250,1757,0,214
1909,1249,1760,0,209
1910,1249,1761,0,200
1911,1251,1765,0,183
1912,1249,1768,0,187
1913,1249,1769,0,189
1914,1248,1766,0,196
1915,1247,1761,0,215
1916,1248,1759,0,218
1917,1249,1757,0,215
1918,1247,1755,0,224
1919,1247,1754,0,235
1920,1248,1747,0,241
1921,1247,1745,0,247
1922,1244,1745,0,248
1923,1241,1747,0,262
1924,1238,1742,0,277
1925,1237,1738,0,280
1926,1235,1737,0,289
1927,1234,1736,0,296
1928,1234,1735,0,304
1929,1231,1729,0,314
1930,1228,1725,0,322
1931,1219,1721,0,314
1932,1220,1720,0,321
1933,1219,1721,0,325
1934,1218,1720,0,324
1935,1219,1718,0,327
1936,1216,1717,0,324
1937,1217,1714,0,324
1938,1214,1712,0,323
1939,1214,1711,0,329
1940,1214,1710,0,328
1941,1214,1711,0,326
1942,1213,1710,0,328
1943,1213,1710,0,327
1944,1214,1711,0,324
1945,1216,1711,0,327
1946,1218,1713,0,330
1947,1220,1714,0,328
1948,1222,1725,0,322
1949,1221,1724,0,329
1950,1221,1723,0,330
1951,1220,1723,0,341
1952,1217,1724,0,343
1953,1215,1724,0,350
1954,1212,1724,0,356
1955,1211,1725,0,359
1956,1213,1725,0,4
1957,1213,1725,0,14
1958,1209,1727,0,17
1959,1206,1728,0,21
1960,1205,1727,0,26
1961,1205,1728,0,25
1962,1206,1729,0,27
1963,1206,1730,0,25
1964,1207,1730,0,26
1965,1208,1730,0,27
1966,1209,1730,0,21
1967,1208,1729,0,13
1968,1207,1727,0,13
1969,1210,1725,0,12
1970,1213,1725,0,10
1971,1208,1726,0,2
1972,1206,1724,0,357
1973,1205,1725,0,354
1974,1202,1724,0,350
1975,1200,1724,0,349
1976,1199,1726,0,350
1977,1196,1725,0,349
1978,1192,1725,0,349
1979,1191,1725,0,347
1980,1188,1723,0,345
1981,1187,1723,0,345
1982,1190,1724,0,347
1983,1191,1724,0,349
1984,1191,1724,0,348
1985,1191,1724,0,350
1986,1191,1724,0,350
1987,1189,1723,0,350
1988,1188,1723,0,350
1989,1189,1723,0,349
1990,1188,1723,0,347
1991,1196,1723,0,353
1992,1198,1721,0,354
1993,1200,1717,0,4
1994,1202,1716,0,6
1995,1203,1712,0,15
1996,1200,1709,0,30
1997,1202,1709,0,38
1998,1204,1712,0,48
1999,1208,1714,0,54
2000,1213,1715,0,56
2001,1214,1714,0,57
2002,1215,1715,0,55
2003,1215,1718,0,48
2004,1216,1720,0,48
2005,1216,1721,0,46
2006,1215,1721,0,47
2007,1218,1721,0,49
2008,1217,1722,0,51
2009,1217,1722,0,47
2010,1216,1722,0,51
2011,1216,1722,0,47
2012,1216,1721,0,51
2013,1215,1721,0,51
2014,1215,1722,0,53
2015,1216,1721,0,53
2016,1216,1721,0,54
2017,1216,1720,0,55
2018,1217,1719,0,57
2019,1217,1720,0,55
2020,1217,1720,0,56
2021,1216,1721,0,55
2022,1216,1720,0,56
2023,1217,1720,0,55
2024,1217,1719,0,55
2025,1217,1720,0,53
2026,1217,1719,0,54
2027,1218,1720,0,54
2028,1217,1719,0,57
2029,1216,1719,0,55
2030,1216,1718,0,54
2031,1216,1719,0,53
2032,1217,1717,0,57
2033,1216,1718,0,59
2034,1216,1719,0,55
2035,1217,1720,0,56
2036,1216,1720,0,55
2037,1216,1720,0,51
2038,1216,1721,0,48
2039,1216,1721,0,50
2040,1216,1721,0,52
2041,1216,1721,0,48
2042,1217,1721,0,50
2043,1218,1720,0,55
2044,1219,1720,0,54
2045,1219,1719,0,53
2046,1218,1720,0,55
2047,1221,1716,0,54
2048,1221,1716,0,58
2049,1222,1715,0,67
2050,1219,1711,0,69
2051,1221,1711,0,71
2052,1222,1712,0,72
2053,1222,1710,0,69
2054,1221,1706,0,51
2055,1222,1708,0,36
2056,1219,1708,0,28
2057,1214,1709,0,19
2058,1212,1703,0,13
2059,1205,1704,0,8
2060,1200,1702,0,12
2061,1198,1701,0,7
2062,1195,1701,0,2
2063,1193,1702,0,358
2064,1190,1705,0,357
2065,1185,1706,0,357
2066,1180,1707,0,357
2067,1178,1709,0,342
2068,1177,1709,0,341
2069,1175,1711,0,350
2070,1169,1709,0,346
2071,1169,1710,0,346
2072,1167,1712,0,339
2073,1167,1713,0,335
2074,1167,1713,0,327
2075,1167,1713,0,330
2076,1165,1715,0,326
2077,1165,1715,0,322
2078,1163,1714,0,322
2079,1161,1715,0,310
2080,1159,1715,0,306
2081,1158,1715,0,304
2082,1159,1714,0,305
2083,1159,1714,0,304
2084,1160,1718,0,301
2085,1164,1721,0,306
2086,1166,1719,0,304
2087,1166,1721,0,308
2088,1164,1721,0,312
2089,1165,1721,0,319
2090,1167,1720,0,321
2091,1166,1719,0,322
2092,1166,1720,0,320
2093,1165,1719,0,323
2094,1165,1718,0,328
2095,1165,1717,0,328
2096,1165,1717,0,330
2097,1165,1716,0,331
2098,1165,1717,0,333
2099,1166,1717,0,331
2100,1169,1717,0,327
2101,1170,1719,0,320
2102,1168,1719,0,323
2103,1166,1720,0,322
2104,1166,1719,0,328
2105,1166,1718,0,325
2106,1166,1718,0,326
2107,1165,1717,0,327
2108,1166,1716,0,326
2109,1167,1715,0,322
2110,1167,1715,0,321
2111,1166,1716,0,320
2112,1167,1714,0,321
2113,1166,1715,0,319
2114,1167,1715,0,322
2115,1167,1715,0,323
2116,1168,1715,0,322
2117,1170,1713,0,333
2118,1173,1712,0,332
2119,1173,1711,0,336
2120,1172,1710,0,334
2121,1171,1711,0,332
2122,1171,1710,0,333
2123,1170,1710,0,334
2124,1171,1709,0,333
2125,1170,1710,0,333
2126,1170,1710,0,333
2127,1169,1711,0,332
2128,1170,1712,0,333
2129,1170,1711,0,331
2130,1170,1712,0,330
2131,1169,1713,0,331
2132,1169,1713,0,330
2133,1168,1713,0,329
2134,1168,1714,0,330
2135,1168,1713,0,327
2136,1167,1715,0,329
2137,1168,1714,0,327
2138,1167,1715,0,327
2139,1168,1714,0,328
2140,1169,1712,0,332
2141,1169,1713,0,329
2142,1169,1713,0,331
2143,1169,1712,0,332
2144,1168,1714,0,330
2145,1169,1713,0,328
2146,1168,1713,0,330
2147,1169,1714,0,329
2148,1170,1712,0,332
2149,1173,1715,0,334
2150,1175,1716,0,353
2151,1173,1714,0,358
2152,1175,1714,0,359
2153,1178,1715,0,4
2154,1179,1714,0,9
2155,1183,1714,0,13
2156,1186,1718,0,34
2157,1187,1723,0,40
2158,1189,1724,0,43
2159,1187,1721,0,62
2160,1185,1723,0,60
2161,1185,1725,0,67
2162,1180,1726,0,69
2163,1180,1726,0,70
2164,1180,1727,0,68
2165,1180,1727,0,67
2166,1180,1727,0,67
2167,1183,1725,0,71
2168,1182,1726,0,77
2169,1182,1720,0,87
2170,1179,1722,0,100
2171,1183,1721,0,109
2172,1183,1723,0,124
2173,1182,1723,0,128
2174,1182,1722,0,135
2175,1183,1721,0,135
2176,1187,1720,0,129
2177,1184,1720,0,138
2178,1186,1723,0,175
2179,1189,1726,0,200
2180,1194,1724,0,215
2181,1197,1725,0,236
2182,1198,1723,0,248
2183,1196,1724,0,242
2184,1193,1725,0,237
2185,1192,1724,0,237
2186,1191,1724,0,236
2187,1191,1722,0,233
2188,1189,1723,0,228
2189,1188,1720,0,227
2190,1189,1719,0,227
2191,1189,1718,0,228
2192,1190,1717,0,233
2193,1191,1716,0,231
2194,1195,1714,0,235
2195,1195,1714,0,231
2196,1193,1715,0,226
2197,1190,1717,0,227
2198,1187,1719,0,222
2199,1187,1722,0,222
2200,1188,1723,0,225
2201,1182,1724,0,206
2202,1186,1720,0,189
2203,1187,1718,0,173
2204,1188,1718,0,169
2205,1191,1718,0,165
2206,1191,1722,0,156
2207,1193,1725,0,156
2208,1190,1726,0,157
2209,1187,1726,0,150
2210,1187,1725,0,138
2211,1185,1727,0,137
2212,1182,1727,0,140
2213,1181,1729,0,146
2214,1181,1728,0,146
2215,1183,1726,0,127
2216,1181,1727,0,125
2217,1181,1729,0,122
2218,1185,1728,0,103
2219,1188,1731,0,103
2220,1191,1735,0,100
2221,1187,1737,0,113
2222,1186,1738,0,123
2223,1189,1739,0,115
2224,1189,1740,0,115
2225,1187,1740,0,125
2226,1188,1740,0,144
2227,1192,1739,0,158
2228,1195,1740,0,165
2229,1197,1735,0,183
2230,1198,1731,0,200
2231,1203,1728,0,213
2232,1209,1722,0,206
2233,1216,1722,0,228
2234,1218,1715,0,255
2235,1220,1709,0,264
2236,1218,1700,0,274
2237,1219,1695,0,278
2238,1222,1691,0,272
2239,1223,1689,0,279
2240,1224,1689,0,287
2241,1223,1688,0,291
2242,1225,1687,0,293
2243,1227,1686,0,303
2244,1224,1685,0,321
2245,1225,1681,0,320
2246,1230,1682,0,312
2247,1231,1679,0,306
2248,1230,1680,0,304
2249,1232,1681,0,298
2250,1236,1690,0,285
2251,1238,1679,0,276
2252,1241,1670,0,257
2253,1247,1669,0,256
2254,1252,1663,0,239
2255,1256,1661,0,237
2256,1255,1666,0,238
2257,1254,1668,0,242
2258,1252,1665,0,242
2259,1253,1660,0,241
2260,1258,1656,0,248
2261,1269,1645,0,255
2262,1272,1640,0,264
2263,1278,1628,0,261
2264,1280,1626,0,258
2265,1284,1623,0,261
2266,1291,1610,0,261
2267,1294,1598,0,263
2268,1297,1589,0,267
2269,1297,1578,0,279
2270,1298,1577,0,283
2271,1300,1577,0,291
2272,1301,1570,0,301
2273,1298,1566,0,305
2274,1289,1559,0,313
2275,1281,1553,0,318
2276,1275,1544,0,320
2277,1268,1542,0,324
2278,1261,1533,0,318
2279,1257,1531,0,314
2280,1254,1528,0,326
2281,1248,1525,0,326
2282,1238,1521,0,329
2283,1238,1522,0,329
2284,1239,1525,0,329
2285,1236,1524,0,335
2286,1231,1522,0,338
2287,1229,1520,0,337
2288,1227,1516,0,336
2289,1222,1515,0,336
2290,1214,1511,0,337
2291,1208,1509,0,342
2292,1204,1510,0,340
2293,1203,1508,0,347
2294,1198,1507,0,345
2295,1198,1507,0,343
2296,1200,1507,0,345
2297,1204,1510,0,340
2298,1205,1511,0,339
2299,1203,1508,0,323
2300,1205,1502,0,324
2301,1204,1493,0,319
2302,1201,1492,0,321
2303,1200,1491,0,326
2304,1197,1491,0,326
2305,1197,1491,0,323
2306,1198,1487,0,331
2307,1197,1487,0,332
2308,1197,1486,0,330
2309,1195,1485,0,329
2310,1199,1486,0,332
2311,1199,1490,0,325
2312,1202,1489,0,312
2313,1201,1486,0,302
2314,1205,1482,0,294
2315,1214,1483,0,280
2316,1213,1484,0,282
2317,1217,1481,0,272
2318,1221,1483,0,252
2319,1224,1480,0,250
2320,1225,1481,0,263
2321,1225,1483,0,266
2322,1223,1485,0,265
2323,1223,1486,0,269
2324,1224,1486,0,271
2325,1225,1486,0,271
2326,1226,1483,0,270
2327,1227,1481,0,272
2328,1227,1483,0,271
2329,1226,1489,0,263
2330,1227,1494,0,279
2331,1227,1493,0,287
2332,1222,1488,0,297
2333,1215,1483,0,300
2334,1216,1484,0,301
2335,1218,1483,0,304
2336,1217,1481,0,299
2337,1217,1482,0,297
2338,1217,1480,0,295
2339,1217,1479,0,296
2340,1218,1477,0,290
2341,1220,1473,0,294
2342,1213,1467,0,302
2343,1215,1458,0,297
2344,1211,1457,0,286
2345,1213,1458,0,287
2346,1215,1458,0,289
2347,1218,1456,0,281
2348,1219,1455,0,267
2349,1224,1451,0,254
2350,1228,1446,0,260
2351,1230,1440,0,267
2352,1232,1435,0,280
2353,1233,1437,0,280
2354,1234,1440,0,276
2355,1236,1441,0,267
2356,1238,1440,0,261
2357,1237,1430,0,266
2358,1234,1425,0,282
2359,1234,1419,0,275
2360,1234,1419,0,290
2361,1234,1412,0,301
2362,1236,1401,0,309
2363,1236,1388,0,319
2364,1228,1387,0,303
2365,1227,1382,0,309
2366,1227,1380,0,316
2367,1230,1381,0,325
2370,1226,1375,0,4
2371,1221,1373,0,12
2372,1216,1373,0,11
2373,1209,1375,0,10
2374,1207,1374,0,17
2375,1207,1377,0,22
2376,1206,1377,0,20
2377,1204,1378,0,19
2378,1202,1377,0,20
2379,1200,1376,0,20
2380,1199,1375,0,19
2381,1199,1374,0,22
2382,1199,1374,0,22
2383,1199,1374,0,23
2384,1199,1374,0,23
2385,1198,1374,0,24
2386,1197,1373,0,30
2387,1197,1373,0,27
2388,1196,1373,0,24
2389,1197,1372,0,23
2390,1197,1371,0,26
2391,1199,1371,0,25
2392,1200,1371,0,24
2393,1199,1371,0,25
2394,1200,1371,0,23
2395,1200,1371,0,23
2396,1201,1371,0,23
2397,1201,1370,0,21
2398,1200,1371,0,23
2399,1200,1371,0,22
2400,1199,1372,0,20
2401,1199,1372,0,18
2402,1200,1372,0,17
2403,1200,1373,0,15
2404,1200,1372,0,17
2405,1199,1372,0,17
2406,1201,1371,0,20
2407,1201,1371,0,20
2408,1201,1372,0,22
2409,1201,1373,0,19
2410,1201,1374,0,18
2411,1201,1374,0,16
2412,1198,1375,0,15
2413,1197,1375,0,15
2414,1198,1375,0,18
2415,1198,1373,0,19
2416,1199,1373,0,23
2417,1200,1372,0,21
2418,1201,1373,0,19
2419,1201,1373,0,19
2420,1201,1373,0,19
2421,1201,1373,0,18
2422,1200,1373,0,18
2423,1200,1373,0,19
2424,1201,1374,0,19
2425,1202,1374,0,20
2426,1203,1374,0,17
2427,1202,1376,0,19
2428,1204,1375,0,17
2429,1206,1377,0,11
2430,1204,1377,0,16
2431,1199,1376,0,16
2432,1197,1376,0,13
2433,1197,1376,0,13
2434,1198,1376,0,11
2435,1198,1377,0,10
2436,1198,1379,0,4
2437,1202,1378,0,2
2438,1205,1378,0,1
2439,1206,1375,0,15
2440,1211,1370,0,17
2441,1214,1367,0,24
2442,1215,1369,0,26
2443,1213,1370,0,37
2444,1217,1369,0,41
2445,1220,1370,0,44
2446,1226,1374,0,38
2447,1230,1380,0,30
2448,1226,1383,0,19
2449,1228,1383,0,14
2450,1236,1383,0,8
2451,1236,1381,0,17
2452,1237,1382,0,21
2453,1239,1378,0,25
2454,1238,1383,0,34
2455,1236,1381,0,36
2456,1237,1380,0,36
2457,1241,1384,0,45
2458,1241,1377,0,55
2459,1239,1382,0,58
2460,1238,1389,0,53
2461,1233,1393,0,48
2462,1230,1397,0,46
2463,1232,1396,0,35
2464,1229,1393,0,27
2465,1227,1389,0,30
2466,1234,1383,0,13
2467,1239,1378,0,14
2468,1242,1379,0,9
2469,1245,1376,0,12
2470,1241,1376,0,14
2471,1247,1377,0,3
2472,1248,1375,0,10
2473,1256,1378,0,348
2474,1256,1380,0,350
2475,1271,1381,0,342
2476,1274,1383,0,349
2477,1267,1382,0,351
2478,1265,1382,0,357
2479,1259,1384,0,1
2480,1246,1384,0,12
2481,1243,1388,0,22
2482,1243,1388,0,23
2483,1238,1387,0,4
2484,1235,1392,0,13
2485,1232,1395,0,357
2486,1236,1395,0,356
2487,1234,1398,0,351
2488,1233,1396,0,341
2489,1235,1398,0,346
2490,1238,1403,0,356
2491,1236,1405,0,359
2492,1229,1408,0,359
2493,1234,1416,0,349
2494,1231,1418,0,322
2495,1227,1416,0,328
2496,1229,1414,0,315
2497,1227,1414,0,307
2498,1230,1414,0,294
2499,1230,1403,0,287
2500,1236,1405,0,282
2501,1239,1405,0,287
2502,1242,1400,0,270
2503,1244,1409,0,281
2504,1244,1411,0,283
2505,1246,1409,0,281
2506,1248,1405,0,284
2507,1249,1405,0,267
2508,1249,1407,0,279
2509,1246,1410,0,295
2510,1242,1402,0,315
2511,1239,1390,0,329
2512,1237,1389,0,333
2513,1234,1386,0,335
2514,1230,1384,0,339
2515,1227,1383,0,341
2516,1225,1380,0,344
2517,1223,1378,0,353
2518,1224,1374,0,351
2519,1223,1369,0,341
2520,1218,1366,0,346
2521,1214,1362,0,354
2522,1208,1360,0,353
2523,1207,1358,0,351
2524,1205,1361,0,348
2525,1201,1364,0,344
2526,1198,1362,0,348
2527,1196,1362,0,349
2528,1196,1361,0,350
2529,1195,1361,0,352
2530,1196,1359,0,348
2531,1195,1360,0,349
2532,1197,1359,0,349
2533,1197,1359,0,348
2534,1199,1357,0,351
2535,1196,1360,0,347
2536,1193,1362,0,341
2537,1195,1363,0,339
2538,1194,1363,0,340
2539,1194,1363,0,340
2540,1194,1363,0,344
2541,1193,1361,0,343
2542,1193,1362,0,345
2543,1193,1362,0,346
2544,1193,1362,0,345
2545,1193,1362,0,346
2546,1194,1363,0,345
2547,1200,1361,0,343
2548,1203,1362,0,347
2549,1205,1363,0,349
2550,1204,1364,0,354
2551,1206,1363,0,347
2552,1206,1363,0,345
2553,1202,1361,0,340
2554,1204,1361,0,329
2555,1205,1358,0,315
2556,1211,1359,0,294
2557,1213,1360,0,286
2558,1213,1359,0,291
2559,1214,1360,0,295
2560,1213,1361,0,298
2561,1212,1362,0,292
2562,1211,1361,0,290
2563,1209,1362,0,275
2564,1213,1357,0,282
2565,1212,1349,0,284
2566,1210,1342,0,282
2567,1211,1339,0,283
2568,1210,1336,0,279
2569,1213,1334,0,283
2570,1214,1331,0,286
2571,1212,1328,0,283
2572,1212,1326,0,283
2573,1211,1323,0,286
2574,1211,1326,0,279
2575,1213,1329,0,278
2576,1213,1329,0,279
2577,1213,1328,0,283
2578,1213,1328,0,287
2579,1214,1328,0,289
2580,1216,1327,0,292
2581,1216,1326,0,294
2582,1216,1326,0,292
2583,1216,1325,0,295
2584,1217,1325,0,295
2585,1218,1325,0,293
2586,1217,1325,0,293
2587,1218,1326,0,292
2588,1217,1325,0,295
2589,1216,1325,0,296
2590,1215,1324,0,295
2591,1214,1323,0,289
2592,1214,1324,0,289
2593,1213,1324,0,288
2594,1213,1324,0,287
2595,1214,1326,0,287
2596,1216,1328,0,286
2597,1216,1328,0,288
2598,1214,1330,0,293
2599,1212,1331,0,289
2600,1211,1331,0,286
2601,1211,1331,0,285
2602,1213,1329,0,287
2603,1213,1329,0,282
2604,1212,1331,0,286
2605,1212,1333,0,284
2606,1217,1331,0,283
2607,1218,1333,0,270
2608,1219,1334,0,256
2609,1217,1332,0,226
2610,1216,1331,0,216
2611,1216,1338,0,201
2612,1218,1339,0,205
2613,1219,1338,0,208
2614,1222,1339,0,234
2615,1224,1340,0,269
2616,1223,1337,0,275
2617,1226,1330,0,289
2618,1227,1323,0,306
2619,1229,1319,0,327
2620,1228,1316,0,325
2621,1229,1315,0,327
2622,1230,1315,0,332
2623,1231,1317,0,335
2624,1229,1316,0,348
2625,1228,1318,0,358
2626,1233,1322,0,4
2627,1231,1321,0,11
2628,1227,1320,0,9
2629,1224,1321,0,9
2630,1219,1323,0,10
2631,1212,1323,0,6
2632,1210,1323,0,3
2633,1208,1324,0,3
2634,1210,1325,0,3
2635,1214,1326,0,12
2636,1214,1328,0,25
2637,1211,1330,0,35
2638,1211,1344,0,24
2639,1208,1338,0,33
2640,1207,1336,0,30
2641,1204,1337,0,34
2642,1202,1341,0,35
2643,1197,1346,0,33
2644,1194,1351,0,31
2645,1191,1353,0,38
2646,1188,1357,0,41
2647,1188,1358,0,42
2648,1188,1358,0,51
2649,1189,1360,0,59
2650,1188,1362,0,71
2651,1190,1364,0,73
2652,1186,1368,0,82
2653,1188,1371,0,75
2654,1187,1371,0,76
2655,1189,1374,0,71
2656,1193,1380,0,65
2657,1191,1384,0,50
2658,1188,1384,0,56
2659,1188,1386,0,54
2660,1189,1385,0,59
2661,1191,1387,0,69
2662,1193,1387,0,80
2663,1194,1388,0,88
2664,1197,1389,0,84
2665,1199,1390,0,82
2666,1206,1392,0,79
2667,1206,1393,0,83
2668,1208,1393,0,84
2669,1210,1393,0,93
2670,1209,1399,0,106
2671,1212,1402,0,110
2672,1215,1403,0,102
2673,1216,1405,0,103
2674,1217,1403,0,105
2675,1219,1400,0,124
2676,1219,1398,0,134
2677,1221,1395,0,137
2678,1220,1393,0,141
2679,1218,1392,0,143
2680,1218,1393,0,136
2681,1220,1388,0,131
2682,1220,1386,0,133
2683,1217,1385,0,133
2684,1217,1385,0,131
2685,1219,1384,0,116
2686,1218,1383,0,101
2687,1216,1381,0,94
2688,1215,1381,0,91
2689,1213,1382,0,85
2690,1211,1381,0,73
2691,1208,1384,0,69
2692,1208,1388,0,70
2693,1204,1387,0,75
2694,1201,1389,0,70
2695,1200,1385,0,57
2696,1197,1389,0,59
2697,1193,1392,0,50
2698,1190,1397,0,48
2699,1184,1402,0,46
2700,1176,1409,0,49
2701,1172,1414,0,48
2702,1166,1424,0,39
2703,1158,1433,0,29
2704,1155,1439,0,22
2705,1153,1445,0,22
2706,1152,1449,0,21
2707,1155,1450,0,5
2708,1155,1449,0,354
2709,1157,1446,0,348
2710,1154,1449,0,345
2711,1152,1449,0,340
2712,1152,1444,0,331
2713,1147,1445,0,328
2714,1146,1445,0,330
2715,1145,1441,0,338
2716,1142,1439,0,342
2717,1138,1436,0,336
2718,1134,1432,0,332
2719,1132,1430,0,330
2720,1128,1426,0,328
2721,1121,1420,0,322
2722,1121,1416,0,317
2723,1118,1413,0,319
2724,1118,1413,0,315
2725,1117,1412,0,316
2726,1120,1412,0,323
2727,1117,1410,0,328
2728,1109,1409,0,336
2729,1100,1404,0,339
2730,1094,1401,0,345
2731,1089,1400,0,346
2732,1084,1400,0,351
2733,1077,1398,0,350
2734,1077,1398,0,354
2735,1073,1399,0,357
2736,1071,1401,0,1
2737,1064,1401,0,5
2738,1057,1409,0,6
2739,1059,1413,0,357
2740,1062,1414,0,354
2741,1066,1421,0,354
2742,1068,1431,0,351
2743,1070,1437,0,351
2744,1077,1443,0,342
2745,1083,1442,0,349
2746,1089,1446,0,359
2747,1095,1448,0,351
2748,1099,1446,0,352
2749,1099,1442,0,347
2750,1097,1442,0,347
2751,1090,1435,0,351
2752,1084,1437,0,356
2753,1072,1435,0,359
2754,1064,1433,0,355
2755,1065,1428,0,340
2756,1065,1424,0,337
2757,1063,1422,0,335
2758,1063,1418,0,334
2759,1058,1412,0,332
2760,1062,1405,0,324
2761,1057,1400,0,320
2762,1056,1397,0,312
2763,1060,1399,0,317
2764,1064,1405,0,316
2765,1067,1404,0,307
2766,1068,1406,0,303
2767,1078,1403,0,300
2768,1079,1398,0,290
2769,1075,1391,0,290
2770,1074,1385,0,295
2771,1076,1383,0,291
2772,1077,1376,0,287
2773,1080,1370,0,278
2774,1088,1359,0,289
2775,1087,1357,0,292
2776,1088,1350,0,298
2777,1086,1347,0,298
2778,1083,1346,0,302
2779,1083,1347,0,302
2780,1083,1346,0,302
2781,1082,1343,0,303
2782,1084,1345,0,297
2783,1087,1345,0,287
2784,1088,1347,0,288
2785,1090,1350,0,287
2786,1092,1353,0,284
2787,1092,1351,0,276
2788,1094,1349,0,272
2789,1094,1351,0,271
2790,1094,1350,0,272
2791,1094,1352,0,286
2792,1094,1349,0,291
2793,1094,1346,0,299
2794,1090,1345,0,305
2795,1089,1346,0,313
2796,1086,1344,0,325
2797,1077,1342,0,331
2798,1073,1342,0,338
2799,1068,1342,0,343
2800,1059,1343,0,342
2801,1051,1343,0,341
2802,1047,1340,0,333
2803,1047,1336,0,332
2804,1045,1336,0,328
2805,1043,1336,0,330
2806,1040,1333,0,332
2807,1038,1333,0,337
2808,1038,1333,0,338
2809,1040,1335,0,342
2810,1037,1331,0,342
2811,1039,1332,0,347
2812,1039,1336,0,355
2813,1040,1335,0,359
2814,1038,1336,0,12
2815,1036,1343,0,14
2816,1039,1352,0,20
2817,1039,1358,0,25
2818,1027,1359,0,25
2819,1021,1366,0,13
2820,1018,1373,0,21
2821,1013,1379,0,29
2822,1013,1389,0,26
2823,1012,1387,0,26
2824,1010,1389,0,30
2825,1006,1394,0,28
2826,1003,1393,0,18
2827,999,1396,0,16
2828,999,1395,0,10
2829,1006,1392,0,8
2830,1004,1391,0,356
2831,1008,1395,0,11
2832,1007,1396,0,18
2833,1008,1397,0,26
2834,1005,1404,0,40
2835,1010,1408,0,37
2836,1013,1408,0,38
2837,1014,1411,0,40
2838,1017,1411,0,38
2839,1018,1409,0,38
2840,1024,1406,0,31
2841,1029,1408,0,46
2842,1028,1407,0,51
2843,1026,1408,0,56
2844,1025,1414,0,62
2845,1029,1420,0,68
2846,1027,1422,0,66
2847,1029,1424,0,74
2848,1031,1426,0,86
2849,1036,1431,0,89
2850,1037,1433,0,90
2851,1040,1433,0,97
2852,1040,1431,0,97
2853,1040,1432,0,92
2854,1041,1433,0,89
2855,1040,1433,0,88
2856,1039,1433,0,85
2857,1038,1433,0,84
2858,1039,1433,0,85
2859,1039,1433,0,85
2860,1039,1432,0,84
2861,1040,1431,0,85
2862,1042,1433,0,89
2863,1042,1438,0,83
2864,1040,1443,0,72
2865,1037,1449,0,69
2866,1039,1451,0,69
2867,1038,1451,0,67
2868,1038,1452,0,62
2869,1038,1452,0,58
2870,1043,1447,0,55
2871,1041,1447,0,48
2872,1038,1449,0,41
2873,1036,1451,0,40
2874,1032,1455,0,33
2875,1025,1461,0,23
2876,1020,1459,0,18
2877,1020,1459,0,20
2878,1016,1462,0,26
2879,1011,1467,0,29
2880,1011,1465,0,30
2881,1009,1468,0,31
2882,1005,1472,0,28
2883,1006,1479,0,28
2884,1003,1481,0,32
2885,1000,1484,0,36
2886,1000,1489,0,38
2887,996,1489,0,33
2888,991,1492,0,27
2889,988,1499,0,28
2890,986,1502,0,25
2891,982,1505,0,25
2892,979,1506,0,21
2893,978,1511,0,22
2894,974,1513,0,23
2895,975,1515,0,29
2896,971,1516,0,29
2897,968,1521,0,26
2898,963,1528,0,25
2899,962,1531,0,23
2900,965,1529,0,15
2901,961,1532,0,15
2902,956,1531,0,7
2903,958,1530,0,2
2904,956,1529,0,358
2905,958,1531,0,357
2906,962,1527,0,353
2907,967,1530,0,355
2908,966,1531,0,355
2909,970,1531,0,10
2910,979,1527,0,26
2911,983,1525,0,41
2912,993,1527,0,60
2913,994,1533,0,63
2914,1006,1543,0,59
2915,1001,1555,0,69
2916,999,1554,0,73
2917,1004,1559,0,67
2918,1009,1567,0,55
2919,1013,1566,0,57
2920,1013,1571,0,43
2921,1008,1572,0,48
2922,1002,1573,0,49
2923,1000,1581,0,54
2924,995,1581,0,49
2925,989,1586,0,50
2926,990,1587,0,47
2927,990,1592,0,56
2928,986,1594,0,63
2929,984,1597,0,68
2930,981,1599,0,69
2931,983,1594,0,74
2932,986,1595,0,81
2933,983,1602,0,85
2934,980,1614,0,81
2935,984,1624,0,88
2936,986,1625,0,99
2937,990,1634,0,97
2938,993,1643,0,96
2939,992,1656,0,102
2940,994,1662,0,108
2941,997,1673,0,108
2942,1000,1681,0,109
2943,1007,1686,0,115
2944,1009,1691,0,120
2945,1010,1696,0,124
2946,1020,1704,0,129
2947,1023,1708,0,124
2948,1026,1710,0,120
2949,1027,1709,0,115
2950,1027,1709,0,120
2951,1026,1712,0,118
2952,1031,1719,0,118
2953,1036,1725,0,118
2954,1037,1724,0,116
2955,1038,1725,0,125
2956,1042,1725,0,132
2957,1044,1726,0,136
2958,1044,1726,0,137
2959,1047,1728,0,137
2960,1047,1727,0,136
2961,1048,1727,0,136
2962,1048,1731,0,131
2963,1050,1735,0,119
2964,1050,1737,0,106
2965,1051,1743,0,99
2966,1054,1749,0,97
2967,1054,1753,0,96
2968,1052,1757,0,95
2969,1052,1758,0,89
2970,1054,1762,0,75
2971,1056,1766,0,71
2972,1054,1768,0,70
2973,1056,1768,0,69
2974,1055,1769,0,67
2975,1054,1770,0,70
2976,1051,1776,0,73
2977,1050,1786,0,72
2978,1048,1792,0,74
2979,1047,1791,0,77
2980,1047,1791,0,77
2981,1047,1795,0,78
2982,1047,1793,0,84
2983,1047,1793,0,94
2984,1047,1793,0,102
2985,1047,1793,0,105
2986,1048,1796,0,103
2987,1049,1799,0,100
2988,1050,1803,0,100
2989,1053,1805,0,101
2990,1056,1806,0,103
2991,1058,1809,0,100
2992,1062,1812,0,107
2993,1061,1813,0,104
2994,1061,1812,0,104
2995,1062,1812,0,106
2996,1063,1812,0,106
2997,1060,1804,0,99
2998,1061,1796,0,81
2999,1080,1798,0,56
