0,285,1245,0,345
1,286,1241,0,348
2,282,1243,0,348
3,283,1243,0,353
4,282,1251,0,11
5,277,1255,0,15
6,276,1256,0,22
7,273,1259,0,21
8,274,1254,0,29
9,272,1261,0,37
10,269,1266,0,47
11,273,1277,0,53
12,279,1286,0,52
13,283,1278,0,67
14,271,1279,0,54
15,265,1282,0,59
16,261,1289,0,59
17,260,1293,0,60
18,260,1296,0,54
19,258,1299,0,50
20,255,1302,0,50
21,253,1302,0,46
22,251,1301,0,50
23,251,1304,0,51
24,251,1307,0,54
25,248,1311,0,57
26,247,1312,0,62
27,246,1311,0,62
28,246,1313,0,59
29,246,1310,0,57
30,245,1305,0,52
31,244,1307,0,44
32,244,1304,0,41
33,244,1305,0,41
34,244,1306,0,40
35,242,1306,0,39
36,243,1307,0,42
37,242,1309,0,43
38,240,1310,0,43
39,240,1311,0,39
40,241,1309,0,29
41,240,1308,0,33
42,240,1310,0,29
43,239,1314,0,33
44,236,1315,0,33
45,235,1314,0,27
46,239,1314,0,25
47,238,1312,0,29
48,237,1313,0,24
49,236,1315,0,27
50,235,1315,0,29
51,233,1316,0,31
52,231,1316,0,34
53,228,1318,0,32
54,227,1318,0,32
55,224,1319,0,31
56,224,1320,0,29
57,224,1319,0,28
58,225,1319,0,28
59,225,1319,0,29
60,224,1318,0,35
61,221,1318,0,33
62,220,1316,0,37
63,220,1316,0,38
64,220,1316,0,37
65,221,1317,0,36
66,218,1319,0,35
67,218,1319,0,34
68,218,1319,0,34
69,222,1317,0,34
70,224,1317,0,31
71,224,1318,0,33
72,223,1318,0,34
73,223,1318,0,34
74,223,1317,0,35
75,223,1318,0,36
76,223,1318,0,37
77,223,1318,0,37
78,223,1318,0,35
79,222,1318,0,35
80,222,1318,0,36
81,222,1318,0,35
82,222,1318,0,34
83,222,1317,0,33
84,221,1317,0,33
85,221,1317,0,33
86,220,1318,0,32
87,220,1318,0,34
88,219,1318,0,34
89,220,1317,0,34
90,220,1317,0,35
91,220,1318,0,35
92,219,1318,0,34
93,221,1318,0,35
94,222,1318,0,36
95,224,1319,0,36
96,225,1318,0,34
97,225,1318,0,36
98,225,1317,0,37
99,226,1317,0,34
100,226,1316,0,31
101,227,1317,0,30
102,228,1317,0,32
103,228,1317,0,31
104,229,1317,0,30
105,229,1318,0,29
106,228,1318,0,27
107,228,1317,0,31
108,228,1317,0,30
109,228,1317,0,30
110,227,1317,0,29
111,227,1317,0,29
112,227,1316,0,31
113,227,1316,0,31
114,226,1317,0,31
115,225,1316,0,33
116,224,1317,0,35
117,224,1317,0,33
118,223,1317,0,36
119,223,1318,0,34
120,223,1318,0,33
121,222,1319,0,32
122,222,1319,0,33
123,223,1318,0,33
124,222,1320,0,29
125,221,1319,0,35
126,222,1318,0,30
127,222,1318,0,31
128,222,1319,0,31
129,221,1318,0,31
130,221,1319,0,31
131,221,1319,0,31
132,222,1319,0,31
133,221,1319,0,30
134,221,1319,0,30
135,222,1319,0,31
136,222,1319,0,30
137,223,1319,0,31
138,222,1319,0,31
139,221,1320,0,29
140,221,1320,0,28
141,221,1321,0,26
142,221,1320,0,27
143,221,1320,0,28
144,220,1320,0,28
145,220,1320,0,30
146,221,1319,0,33
147,221,1319,0,34
148,220,1319,0,34
149,220,1319,0,34
150,219,1319,0,33
151,219,1319,0,32
152,220,1319,0,32
153,220,1318,0,33
154,220,1319,0,33
155,220,1319,0,34
156,219,1319,0,33
157,220,1319,0,32
158,220,1319,0,33
159,220,1319,0,33
160,221,1319,0,33
161,221,1319,0,32
162,220,1319,0,34
163,220,1320,0,31
164,220,1320,0,33
165,220,1319,0,32
166,221,1319,0,33
167,221,1319,0,35
168,222,1318,0,33
169,223,1318,0,33
170,224,1317,0,35
171,225,1316,0,32
172,228,1314,0,27
173,233,1310,0,29
174,234,1311,0,28
175,233,1313,0,28
176,232,1313,0,29
177,232,1314,0,29
178,232,1315,0,28
179,232,1314,0,28
180,231,1313,0,29
181,231,1314,0,30
182,232,1313,0,29
183,233,1313,0,31
184,233,1313,0,31
185,232,1314,0,30
186,232,1315,0,29
187,231,1315,0,29
188,231,1316,0,29
189,232,1314,0,27
190,232,1316,0,29
191,232,1316,0,29
192,232,1315,0,28
193,232,1315,0,27
194,231,1316,0,29
195,231,1316,0,29
196,232,1318,0,29
197,231,1319,0,23
198,231,1319,0,22
199,230,1319,0,21
200,231,1318,0,24
201,231,1317,0,26
202,230,1317,0,25
203,230,1318,0,24
204,228,1320,0,24
205,225,1320,0,29
206,221,1321,0,33
207,220,1320,0,38
208,219,1320,0,36
209,219,1320,0,37
210,218,1320,0,33
211,217,1321,0,31
212,215,1322,0,30
213,215,1322,0,28
214,216,1322,0,28
215,215,1321,0,27
216,215,1321,0,30
217,215,1320,0,33
218,218,1318,0,45
219,220,1316,0,39
220,223,1314,0,36
221,226,1312,0,40
222,229,1311,0,43
223,231,1313,0,39
224,233,1314,0,27
225,231,1317,0,27
226,230,1316,0,26
227,229,1318,0,31
228,230,1318,0,27
229,229,1317,0,31
230,228,1316,0,33
231,230,1310,0,34
232,233,1311,0,34
233,231,1308,0,34
234,231,1307,0,33
235,231,1306,0,32
236,232,1306,0,30
237,235,1306,0,21
238,238,1306,0,11
239,238,1307,0,14
240,239,1308,0,20
241,238,1307,0,29
242,239,1303,0,22
243,239,1303,0,20
244,240,1304,0,16
245,240,1305,0,11
246,238,1307,0,356
247,235,1309,0,352
248,234,1309,0,353
249,233,1308,0,354
250,232,1307,0,354
251,228,1307,0,350
252,227,1306,0,341
253,226,1307,0,342
254,223,1307,0,340
255,223,1307,0,327
256,223,1308,0,337
257,222,1308,0,335
258,224,1310,0,325
259,231,1323,0,296
260,222,1306,0,330
261,222,1306,0,332
262,218,1304,0,339
263,217,1303,0,336
264,219,1303,0,329
265,218,1303,0,336
266,219,1303,0,334
267,219,1302,0,335
268,218,1303,0,337
269,216,1302,0,341
270,218,1302,0,339
271,218,1302,0,338
272,218,1302,0,337
273,218,1302,0,339
274,218,1302,0,338
275,218,1302,0,340
276,218,1303,0,340
277,218,1302,0,338
278,217,1302,0,338
279,217,1303,0,339
280,216,1302,0,331
281,215,1301,0,329
282,214,1301,0,327
283,214,1301,0,329
284,215,1301,0,329
285,214,1300,0,329
286,214,1301,0,330
287,214,1301,0,331
288,213,1301,0,330
289,213,1302,0,337
290,213,1302,0,341
291,213,1301,0,327
292,213,1302,0,327
293,213,1302,0,328
294,214,1303,0,336
295,215,1303,0,336
296,216,1303,0,333
297,215,1303,0,339
298,214,1303,0,342
299,215,1303,0,340
300,215,1304,0,343
301,215,1304,0,345
302,215,1304,0,346
303,214,1303,0,343
304,215,1303,0,344
305,215,1303,0,343
306,214,1303,0,345
307,214,1303,0,346
308,214,1302,0,344
309,215,1302,0,339
310,215,1302,0,337
311,215,1303,0,343
312,214,1303,0,342
313,215,1302,0,343
314,215,1302,0,342
315,215,1303,0,342
316,214,1302,0,343
317,214,1302,0,343
318,214,1302,0,341
319,214,1302,0,342
320,213,1301,0,341
321,214,1302,0,342
322,214,1302,0,336
323,215,1302,0,331
324,215,1302,0,332
325,215,1302,0,335
326,215,1302,0,334
327,216,1302,0,335
328,216,1302,0,336
329,216,1302,0,337
330,215,1302,0,337
331,215,1301,0,337
332,216,1301,0,333
333,215,1300,0,333
334,215,1300,0,333
335,214,1299,0,339
336,210,1295,0,343
337,208,1295,0,345
338,209,1294,0,353
339,209,1293,0,357
340,208,1293,0,0
341,208,1294,0,2
342,209,1293,0,1
343,208,1293,0,359
344,208,1293,0,0
345,209,1294,0,1
346,208,1294,0,359
347,209,1294,0,356
348,210,1294,0,357
349,211,1294,0,356
350,211,1294,0,357
351,212,1295,0,357
352,213,1295,0,357
353,212,1296,0,357
354,213,1295,0,352
355,213,1295,0,353
356,213,1296,0,355
357,212,1296,0,355
358,212,1296,0,354
359,212,1296,0,354
360,212,1296,0,353
361,212,1296,0,351
362,212,1296,0,349
363,211,1296,0,349
364,210,1296,0,350
365,209,1296,0,347
366,209,1296,0,348
367,212,1296,0,344
368,213,1297,0,346
369,211,1297,0,348
370,211,1297,0,348
371,212,1298,0,347
372,210,1298,0,343
373,212,1298,0,339
374,211,1298,0,342
375,212,1298,0,342
376,213,1298,0,340
377,212,1298,0,342
378,211,1297,0,342
379,210,1296,0,342
380,210,1295,0,345
381,211,1295,0,349
382,209,1295,0,349
383,208,1295,0,350
384,209,1295,0,348
385,209,1295,0,346
386,209,1295,0,348
387,212,1295,0,351
388,212,1295,0,349
389,209,1295,0,349
390,208,1295,0,349
391,207,1294,0,348
392,207,1295,0,348
393,208,1295,0,348
394,209,1295,0,348
395,210,1295,0,349
396,211,1295,0,347
397,211,1295,0,347
398,211,1296,0,349
399,211,1296,0,347
400,211,1296,0,347
401,211,1296,0,349
402,212,1296,0,349
403,211,1297,0,349
404,211,1296,0,347
405,212,1296,0,349
406,209,1295,0,346
407,209,1295,0,346
408,208,1295,0,344
409,208,1295,0,348
410,209,1295,0,350
411,210,1295,0,346
412,209,1295,0,342
413,209,1295,0,346
414,208,1294,0,347
415,207,1294,0,347
416,207,1294,0,352
417,208,1294,0,350
418,207,1295,0,350
419,210,1295,0,351
420,209,1295,0,352
421,209,1295,0,351
422,209,1295,0,348
423,208,1295,0,350
424,209,1296,0,352
425,209,1296,0,349
426,209,1297,0,346
427,209,1297,0,343
428,209,1297,0,343
429,209,1297,0,344
430,210,1297,0,343
431,210,1298,0,342
432,210,1297,0,340
433,209,1297,0,340
434,210,1297,0,341
435,210,1297,0,340
436,210,1297,0,338
437,209,1297,0,339
438,210,1297,0,342
439,210,1298,0,342
440,209,1298,0,338
441,210,1298,0,340
442,210,1299,0,341
443,210,1299,0,342
444,210,1299,0,344
445,210,1299,0,341
446,210,1299,0,344
447,210,1300,0,344
448,211,1300,0,346
449,211,1300,0,340
450,210,1300,0,341
451,211,1300,0,344
452,211,1300,0,345
453,212,1301,0,348
454,211,1301,0,348
455,211,1300,0,349
456,212,1301,0,346
457,212,1301,0,343
458,213,1300,0,341
459,212,1300,0,343
460,212,1300,0,337
461,212,1300,0,337
462,212,1300,0,335
463,212,1300,0,336
464,214,1301,0,336
465,214,1301,0,336
466,216,1303,0,335
467,218,1303,0,335
468,219,1303,0,334
469,212,1301,0,336
470,215,1302,0,336
471,218,1303,0,334
472,215,1302,0,336
473,215,1302,0,335
474,213,1300,0,339
475,218,1303,0,332
476,214,1300,0,338
477,212,1300,0,340
478,212,1300,0,338
479,212,1300,0,337
480,213,1300,0,332
481,216,1302,0,334
482,214,1301,0,334
483,216,1302,0,335
484,217,1303,0,336
485,218,1303,0,336
486,219,1304,0,335
487,219,1304,0,335
488,220,1304,0,336
489,220,1304,0,337
490,219,1304,0,335
491,219,1304,0,336
492,219,1304,0,336
493,219,1304,0,335
494,218,1304,0,336
495,218,1304,0,336
496,219,1304,0,336
497,219,1304,0,336
498,219,1304,0,335
499,220,1304,0,335
500,220,1305,0,334
501,220,1305,0,334
502,221,1305,0,334
503,221,1305,0,335
504,222,1305,0,334
505,222,1305,0,334
506,222,1305,0,334
507,222,1305,0,334
508,221,1305,0,333
509,221,1305,0,334
510,221,1305,0,333
511,221,1305,0,333
512,221,1305,0,333
513,221,1305,0,333
514,221,1305,0,334
515,222,1305,0,332
516,222,1305,0,332
517,217,1303,0,332
518,220,1306,0,332
519,218,1304,0,332
520,215,1302,0,333
521,214,1302,0,331
522,215,1302,0,329
523,215,1303,0,328
524,217,1304,0,328
525,217,1304,0,327
526,217,1303,0,328
527,218,1305,0,327
528,217,1305,0,326
529,217,1304,0,324
530,217,1304,0,326
531,217,1305,0,328
532,217,1304,0,329
533,218,1305,0,328
534,219,1305,0,327
535,220,1306,0,330
536,221,1307,0,325
537,221,1306,0,326
538,221,1307,0,330
539,221,1308,0,339
540,223,1309,0,328
541,222,1310,0,327
542,223,1311,0,328
543,222,1309,0,328
544,222,1308,0,321
545,223,1309,0,320
546,223,1308,0,321
547,222,1307,0,321
548,222,1307,0,321
549,222,1307,0,322
550,222,1307,0,323
551,222,1307,0,327
552,222,1307,0,329
553,223,1307,0,324
554,223,1307,0,325
555,222,1307,0,324
556,222,1307,0,325
557,222,1307,0,325
558,222,1307,0,323
559,222,1308,0,322
560,221,1307,0,328
561,220,1307,0,332
562,219,1306,0,331
563,218,1306,0,328
564,217,1305,0,326
565,217,1306,0,325
566,217,1305,0,325
567,217,1306,0,325
568,217,1305,0,325
569,217,1305,0,326
570,217,1305,0,326
571,217,1306,0,326
572,217,1305,0,326
573,217,1305,0,325
574,217,1305,0,326
575,217,1305,0,325
576,217,1305,0,326
577,217,1305,0,326
578,217,1306,0,326
579,217,1306,0,326
580,217,1306,0,327
581,217,1305,0,326
582,217,1305,0,326
583,217,1305,0,325
584,217,1305,0,326
585,217,1305,0,324
586,217,1306,0,324
587,217,1306,0,324
588,217,1306,0,325
589,217,1305,0,325
590,217,1305,0,324
591,217,1305,0,324
592,217,1305,0,324
593,216,1305,0,325
594,216,1305,0,326
595,217,1305,0,326
596,216,1305,0,324
597,216,1305,0,325
598,216,1305,0,323
599,216,1305,0,323
600,217,1305,0,323
601,216,1305,0,323
602,217,1306,0,317
603,216,1304,0,324
604,216,1304,0,327
605,216,1304,0,325
606,216,1304,0,325
607,217,1304,0,324
608,216,1304,0,324
609,217,1304,0,325
610,217,1304,0,324
611,216,1304,0,325
612,217,1304,0,324
613,216,1304,0,327
614,217,1303,0,328
615,217,1303,0,326
616,217,1303,0,327
617,216,1303,0,327
618,216,1303,0,327
619,216,1303,0,329
620,216,1303,0,327
621,215,1303,0,328
622,215,1303,0,329
623,215,1303,0,329
624,215,1303,0,328
625,215,1303,0,327
626,215,1303,0,328
627,215,1303,0,327
628,215,1303,0,327
629,215,1303,0,326
630,215,1303,0,328
631,215,1303,0,328
632,215,1303,0,328
633,215,1304,0,330
634,215,1304,0,329
635,215,1304,0,328
636,215,1304,0,329
637,215,1304,0,328
638,215,1304,0,328
639,215,1304,0,328
640,215,1304,0,327
641,215,1304,0,326
642,215,1304,0,326
643,215,1304,0,326
644,215,1304,0,326
645,215,1304,0,328
646,215,1305,0,325
647,215,1304,0,325
648,214,1304,0,325
649,213,1303,0,324
650,213,1303,0,327
651,213,1303,0,328
652,213,1304,0,325
653,214,1304,0,327
654,213,1303,0,326
655,212,1302,0,328
656,212,1303,0,327
657,212,1302,0,327
658,212,1303,0,327
659,212,1302,0,326
660,212,1302,0,325
661,211,1302,0,325
662,212,1302,0,324
663,212,1302,0,325
664,212,1302,0,324
665,212,1303,0,326
666,213,1303,0,326
667,213,1303,0,326
668,213,1303,0,326
669,212,1302,0,325
670,212,1303,0,325
671,212,1302,0,326
672,213,1302,0,324
673,212,1302,0,324
674,212,1302,0,327
675,211,1302,0,330
676,211,1303,0,334
677,212,1303,0,331
678,210,1302,0,328
679,210,1302,0,325
680,211,1302,0,324
681,212,1303,0,321
682,212,1302,0,320
683,211,1303,0,326
684,212,1303,0,327
685,212,1303,0,329
686,213,1303,0,327
687,213,1303,0,323
688,213,1303,0,327
689,213,1303,0,328
690,213,1303,0,326
691,213,1303,0,327
692,212,1303,0,330
693,212,1303,0,329
694,212,1303,0,328
695,212,1303,0,327
696,212,1304,0,328
697,211,1303,0,323
698,211,1302,0,318
699,209,1300,0,313
700,210,1301,0,317
701,213,1304,0,323
702,213,1304,0,323
703,213,1303,0,324
704,212,1303,0,324
705,212,1304,0,329
706,214,1304,0,326
707,213,1303,0,326
708,213,1303,0,327
709,213,1305,0,328
710,212,1305,0,328
711,213,1305,0,326
712,213,1305,0,324
713,214,1306,0,327
714,213,1305,0,326
715,214,1305,0,326
716,214,1304,0,325
717,214,1304,0,327
718,215,1304,0,324
719,214,1305,0,327
720,215,1306,0,328
721,216,1307,0,326
722,216,1307,0,322
723,215,1305,0,323
724,215,1306,0,324
725,215,1305,0,322
726,215,1305,0,320
727,214,1304,0,319
728,215,1305,0,319
729,216,1306,0,321
730,216,1307,0,327
731,218,1307,0,332
732,220,1307,0,333
733,220,1308,0,339
734,223,1309,0,334
735,226,1309,0,327
736,224,1307,0,324
737,230,1310,0,318
739,221,1308,0,166
746,215,1296,0,8
748,222,1306,0,333
749,221,1306,0,334
750,217,1304,0,332
751,217,1304,0,332
752,217,1306,0,331
753,217,1306,0,326
754,217,1307,0,325
755,217,1308,0,326
756,218,1307,0,327
757,218,1307,0,326
758,216,1306,0,330
759,216,1305,0,330
760,215,1304,0,328
761,214,1303,0,329
762,214,1303,0,328
763,214,1303,0,327
764,214,1303,0,328
765,215,1303,0,329
766,215,1303,0,329
767,215,1303,0,329
768,215,1303,0,330
769,215,1303,0,333
770,215,1302,0,334
771,216,1302,0,333
772,216,1302,0,337
773,216,1302,0,337
774,216,1302,0,335
775,217,1302,0,341
776,217,1302,0,341
777,215,1301,0,342
778,216,1301,0,341
779,217,1301,0,338
780,216,1300,0,338
781,215,1301,0,343
782,215,1301,0,341
783,215,1302,0,335
784,215,1302,0,335
785,215,1302,0,333
786,216,1302,0,333
787,216,1302,0,332
788,216,1302,0,335
789,215,1302,0,336
790,216,1302,0,336
791,216,1302,0,335
792,216,1303,0,334
793,217,1303,0,334
794,216,1303,0,332
795,216,1303,0,333
796,216,1303,0,332
797,216,1303,0,331
798,215,1303,0,331
799,215,1303,0,331
800,215,1303,0,331
801,215,1303,0,331
802,215,1302,0,330
803,214,1302,0,329
804,214,1302,0,328
805,214,1303,0,328
806,215,1303,0,327
807,215,1303,0,327
808,215,1303,0,327
809,214,1303,0,327
810,214,1303,0,327
811,214,1303,0,326
812,214,1303,0,326
813,213,1303,0,326
814,214,1303,0,326
815,214,1303,0,326
816,213,1303,0,326
817,213,1303,0,326
818,213,1302,0,325
819,213,1303,0,322
820,211,1302,0,319
821,211,1302,0,316
822,210,1302,0,314
823,210,1301,0,313
824,209,1301,0,313
825,209,1302,0,314
826,210,1302,0,317
827,210,1302,0,315
828,209,1301,0,316
829,208,1301,0,314
830,208,1301,0,315
831,209,1301,0,316
832,208,1301,0,315
833,208,1301,0,316
834,209,1301,0,315
835,209,1301,0,315
836,209,1301,0,313
837,209,1301,0,315
838,210,1302,0,312
839,208,1300,0,312
840,208,1301,0,313
841,209,1302,0,314
842,208,1301,0,315
843,208,1300,0,315
844,209,1301,0,312
845,209,1301,0,312
846,210,1301,0,314
847,213,1304,0,319
848,215,1304,0,321
849,216,1305,0,323
850,215,1304,0,323
851,215,1304,0,325
852,216,1304,0,329
853,215,1303,0,331
854,214,1302,0,330
855,217,1304,0,329
856,215,1303,0,330
857,212,1301,0,332
858,213,1301,0,334
859,215,1303,0,332
860,215,1302,0,333
861,215,1302,0,334
862,215,1301,0,334
863,214,1302,0,331
864,213,1301,0,330
865,222,1306,0,324
868,214,1300,0,335
869,214,1300,0,335
870,212,1300,0,331
871,212,1300,0,330
872,213,1300,0,332
873,213,1300,0,331
874,213,1300,0,334
875,215,1299,0,338
876,217,1300,0,337
877,215,1301,0,331
878,215,1302,0,331
879,214,1300,0,334
880,214,1300,0,333
881,214,1299,0,332
882,214,1300,0,334
883,214,1299,0,334
884,212,1299,0,335
885,213,1299,0,333
886,213,1299,0,332
887,213,1300,0,329
888,213,1300,0,329
889,213,1300,0,329
890,213,1300,0,330
891,213,1300,0,329
892,214,1301,0,329
893,214,1301,0,330
894,214,1301,0,331
895,216,1301,0,334
896,215,1301,0,333
897,214,1301,0,332
898,215,1301,0,331
899,214,1300,0,332
900,216,1302,0,328
901,215,1301,0,328
902,215,1301,0,328
903,216,1302,0,327
904,213,1300,0,327
905,212,1300,0,328
906,213,1300,0,329
907,213,1300,0,330
908,214,1301,0,330
909,213,1300,0,330
910,213,1300,0,330
911,214,1301,0,332
912,213,1300,0,330
913,213,1300,0,331
914,215,1301,0,329
915,214,1301,0,329
916,216,1302,0,329
917,215,1302,0,329
918,216,1302,0,330
919,216,1302,0,330
920,216,1302,0,330
921,216,1302,0,331
922,216,1302,0,330
923,216,1302,0,330
924,216,1302,0,330
925,216,1302,0,330
926,216,1302,0,329
927,216,1302,0,329
928,216,1302,0,328
929,216,1303,0,327
930,216,1302,0,328
931,216,1302,0,329
932,216,1302,0,328
933,216,1302,0,327
934,217,1302,0,327
935,216,1302,0,327
936,216,1302,0,328
937,216,1302,0,329
938,217,1302,0,329
939,216,1302,0,329
940,216,1302,0,330
941,216,1302,0,330
942,216,1302,0,330
943,216,1302,0,330
944,216,1302,0,330
945,216,1303,0,332
946,217,1303,0,331
947,217,1303,0,332
948,217,1303,0,331
949,217,1303,0,332
950,217,1303,0,331
951,217,1303,0,330
952,217,1303,0,331
953,216,1303,0,331
954,216,1303,0,330
955,216,1303,0,329
956,216,1302,0,329
957,216,1303,0,330
958,216,1302,0,330
959,215,1302,0,329
960,215,1302,0,329
961,216,1302,0,328
962,215,1302,0,326
963,215,1302,0,325
964,215,1302,0,327
965,215,1302,0,327
966,216,1302,0,325
967,216,1302,0,326
968,215,1302,0,326
969,214,1302,0,327
970,215,1303,0,326
971,215,1303,0,325
972,215,1303,0,324
973,215,1303,0,324
974,215,1303,0,326
975,216,1303,0,328
976,216,1304,0,327
977,216,1304,0,327
978,216,1304,0,328
979,216,1304,0,327
980,216,1304,0,326
981,216,1304,0,325
982,216,1304,0,328
983,216,1304,0,327
984,216,1304,0,325
985,216,1304,0,325
986,216,1304,0,326
987,216,1304,0,326
988,216,1304,0,327
989,215,1303,0,328
990,215,1303,0,326
991,215,1303,0,325
992,215,1303,0,324
993,215,1304,0,324
994,215,1304,0,323
995,215,1304,0,323
996,215,1303,0,325
997,214,1303,0,324
998,215,1306,0,320
999,216,1306,0,319
1000,216,1305,0,322
1001,215,1305,0,322
1002,214,1304,0,318
1003,213,1303,0,312
1004,213,1303,0,314
1005,212,1303,0,312
1006,213,1303,0,313
1007,212,1304,0,310
1008,216,1307,0,312
1009,216,1308,0,313
1010,216,1306,0,319
1011,216,1305,0,318
1012,215,1304,0,321
1013,215,1304,0,321
1014,215,1304,0,323
1015,215,1303,0,318
1016,214,1304,0,320
1017,214,1304,0,318
1018,215,1305,0,319
1019,216,1307,0,316
1020,215,1306,0,319
1021,217,1307,0,321
1022,217,1307,0,321
1023,215,1307,0,321
1024,215,1306,0,322
1025,213,1305,0,323
1026,212,1304,0,321
1027,213,1305,0,326
1028,213,1305,0,329
1029,213,1305,0,325
1030,214,1306,0,324
1031,215,1306,0,322
1032,217,1310,0,319
1033,218,1311,0,317
1034,219,1312,0,320
1035,219,1309,0,318
1036,223,1312,0,322
1037,218,1307,0,320
1038,218,1307,0,320
1039,216,1305,0,320
1040,216,1304,0,319
1041,215,1303,0,321
1042,215,1302,0,315
1043,215,1303,0,319
1044,216,1302,0,317
1045,216,1302,0,319
1046,216,1302,0,319
1047,218,1305,0,318
1048,215,1302,0,320
1049,215,1302,0,322
1050,215,1302,0,323
1051,215,1302,0,324
1052,215,1302,0,325
1053,215,1301,0,330
1054,215,1301,0,330
1055,218,1303,0,328
1056,218,1302,0,328
1057,214,1300,0,331
1058,214,1300,0,337
1059,212,1299,0,336
1060,212,1299,0,335
1061,215,1300,0,336
1062,216,1300,0,338
1063,216,1300,0,338
1064,217,1300,0,340
1065,218,1300,0,344
1066,219,1301,0,344
1067,217,1300,0,345
1068,214,1300,0,343
1069,213,1299,0,341
1070,213,1299,0,343
1071,212,1299,0,342
1072,212,1299,0,340
1073,216,1301,0,337
1074,217,1301,0,335
1075,218,1301,0,333
1076,216,1300,0,335
1077,218,1301,0,333
1078,216,1301,0,335
1079,216,1300,0,335
1080,216,1300,0,336
1081,216,1300,0,335
1082,219,1304,0,320
1083,217,1302,0,329
1084,217,1301,0,328
1085,217,1302,0,329
1086,217,1302,0,326
1087,217,1302,0,326
1088,217,1302,0,326
1089,217,1303,0,326
1090,218,1303,0,326
1091,218,1302,0,326
1092,217,1302,0,325
1093,217,1302,0,324
1094,217,1302,0,324
1095,218,1303,0,324
1096,218,1303,0,323
1097,217,1302,0,323
1098,216,1302,0,323
1099,217,1302,0,324
1100,217,1302,0,324
1101,217,1302,0,324
1102,217,1303,0,323
1103,215,1302,0,323
1104,215,1302,0,324
1105,215,1302,0,323
1106,214,1302,0,324
1107,215,1302,0,324
1108,214,1302,0,322
1109,215,1302,0,322
1110,216,1303,0,323
1111,214,1302,0,320
1112,215,1302,0,319
1113,214,1302,0,319
1114,215,1302,0,322
1115,216,1303,0,317
1116,216,1303,0,320
1117,215,1304,0,322
1118,214,1303,0,319
1119,213,1302,0,318
1120,212,1302,0,318
1121,214,1303,0,320
1122,212,1302,0,319
1123,212,1302,0,318
1124,212,1301,0,318
1125,211,1301,0,318
1126,210,1301,0,317
1127,210,1301,0,319
1128,210,1301,0,318
1129,210,1301,0,319
1130,210,1302,0,317
1131,210,1302,0,318
1132,210,1302,0,317
1133,211,1302,0,317
1134,211,1302,0,318
1135,210,1301,0,319
1136,209,1301,0,320
1137,210,1301,0,323
1138,211,1302,0,323
1139,210,1301,0,320
1140,211,1301,0,322
1141,211,1301,0,322
1142,211,1301,0,322
1143,211,1301,0,322
1144,211,1301,0,320
1145,211,1302,0,320
1146,212,1302,0,322
1147,211,1301,0,320
1148,211,1301,0,320
1149,211,1302,0,320
1150,212,1302,0,323
1151,212,1302,0,323
1152,213,1302,0,324
1153,213,1302,0,324
1154,213,1302,0,324
1155,212,1302,0,323
1156,211,1301,0,321
1157,211,1301,0,316
1158,210,1301,0,316
1159,210,1300,0,315
1160,212,1301,0,321
1161,212,1301,0,323
1162,211,1301,0,323
1163,211,1300,0,321
1164,210,1300,0,320
1165,212,1301,0,320
1166,212,1302,0,320
1167,212,1302,0,322
1168,211,1302,0,320
1169,211,1301,0,317
1170,211,1301,0,320
1171,212,1302,0,324
1172,215,1303,0,327
1173,216,1304,0,328
1174,215,1303,0,329
1175,217,1303,0,329
1176,219,1304,0,329
1177,220,1304,0,328
1178,220,1304,0,329
1179,220,1304,0,330
1180,221,1304,0,329
1181,221,1304,0,329
1182,219,1303,0,329
1183,220,1303,0,328
1184,220,1304,0,329
1185,220,1304,0,330
1186,220,1303,0,330
1187,221,1303,0,331
1188,220,1303,0,331
1189,218,1302,0,331
1190,219,1302,0,328
1191,219,1302,0,328
1192,219,1302,0,329
1193,218,1302,0,328
1194,219,1302,0,327
1195,218,1302,0,326
1196,217,1302,0,327
1197,215,1301,0,333
1198,214,1301,0,336
1199,209,1299,0,334
1200,210,1299,0,335
1201,216,1301,0,334
1202,217,1302,0,333
1203,216,1301,0,330
1204,216,1302,0,331
1205,216,1301,0,330
1206,217,1302,0,330
1207,217,1301,0,331
1208,218,1302,0,332
1209,217,1301,0,332
1210,217,1300,0,336
1211,219,1301,0,339
1212,220,1302,0,338
1213,220,1302,0,341
1214,219,1302,0,336
1215,218,1302,0,337
1216,219,1303,0,340
1217,216,1303,0,337
1218,214,1303,0,328
1219,213,1303,0,322
1220,214,1303,0,322
1221,214,1303,0,323
1222,214,1303,0,324
1223,214,1303,0,325
1224,214,1303,0,326
1225,214,1303,0,326
1226,214,1303,0,323
1227,213,1303,0,321
1228,214,1303,0,321
1229,215,1303,0,325
1230,214,1303,0,325
1231,214,1303,0,324
1232,213,1302,0,320
1233,212,1302,0,320
1234,212,1303,0,320
1235,212,1302,0,318
1236,213,1303,0,322
1237,214,1304,0,321
1238,212,1304,0,323
1239,213,1304,0,322
1240,213,1305,0,322
1241,213,1304,0,321
1242,212,1303,0,321
1243,211,1303,0,319
1244,213,1305,0,318
1245,213,1305,0,318
1246,211,1304,0,313
1247,212,1305,0,313
1248,213,1306,0,314
1249,212,1307,0,313
1250,214,1307,0,305
1251,214,1306,0,311
1252,214,1306,0,314
1253,213,1307,0,308
1254,214,1307,0,305
1255,213,1307,0,309
1256,214,1307,0,302
1257,213,1308,0,301
1258,213,1307,0,294
1259,213,1308,0,294
1260,213,1308,0,292
1261,213,1308,0,290
1262,213,1308,0,292
1263,213,1308,0,290
1264,213,1309,0,292
1265,213,1309,0,292
1266,213,1309,0,289
1267,213,1310,0,287
1268,213,1309,0,286
1269,213,1311,0,289
1270,213,1310,0,289
1271,213,1310,0,291
1272,213,1310,0,291
1273,213,1310,0,291
1274,213,1311,0,293
1275,213,1311,0,292
1276,212,1310,0,292
1277,213,1311,0,292
1278,213,1310,0,294
1279,212,1311,0,293
1280,213,1313,0,291
1281,212,1313,0,291
1282,212,1313,0,291
1283,213,1315,0,290
1284,212,1314,0,289
1285,213,1314,0,289
1286,211,1309,0,288
1287,212,1310,0,288
1288,212,1310,0,292
1289,212,1312,0,293
1290,212,1312,0,292
1291,212,1312,0,292
1292,213,1315,0,293
1293,214,1315,0,292
1294,214,1315,0,293
1295,215,1316,0,294
1296,214,1316,0,294
1297,215,1315,0,293
1298,215,1314,0,294
1299,215,1314,0,294
1300,215,1313,0,295
1301,215,1313,0,292
1302,215,1313,0,293
1303,215,1313,0,294
1304,215,1312,0,292
1305,214,1311,0,292
1306,213,1309,0,290
1307,213,1309,0,291
1308,212,1309,0,290
1309,213,1310,0,289
1310,213,1310,0,291
1311,213,1310,0,292
1312,213,1310,0,292
1313,213,1310,0,290
1314,213,1311,0,290
1315,213,1309,0,291
1316,212,1310,0,293
1317,212,1309,0,293
1318,212,1309,0,293
1319,210,1307,0,303
1320,208,1307,0,310
1321,209,1308,0,306
1322,212,1309,0,293
1323,210,1307,0,305
1324,211,1309,0,294
1325,211,1309,0,295
1326,211,1309,0,294
1327,213,1308,0,282
1328,213,1309,0,279
1329,214,1309,0,282
1330,214,1309,0,284
1331,214,1308,0,286
1332,213,1308,0,287
1333,213,1308,0,286
1334,212,1306,0,283
1335,213,1306,0,280
1336,213,1307,0,280
1337,213,1307,0,276
1338,212,1308,0,277
1339,211,1308,0,281
1340,211,1308,0,281
1341,213,1311,0,278
1348,217,1308,0,286
1349,217,1308,0,286
1350,217,1308,0,286
1351,219,1308,0,285
1352,219,1309,0,285
1353,219,1309,0,286
1354,219,1308,0,285
1362,222,1310,0,307
1363,217,1305,0,318
1364,215,1305,0,321
1365,215,1306,0,317
1366,214,1305,0,319
1367,212,1304,0,326
1368,213,1304,0,327
1369,213,1305,0,327
1370,215,1306,0,324
1371,216,1306,0,318
1372,216,1307,0,316
1373,216,1308,0,314
1374,217,1308,0,312
1375,216,1308,0,313
1376,215,1307,0,314
1377,215,1308,0,310
1378,214,1308,0,311
1379,214,1307,0,310
1380,214,1307,0,312
1381,214,1308,0,310
1382,215,1308,0,305
1383,214,1307,0,306
1384,214,1307,0,305
1385,213,1307,0,305
1386,213,1307,0,306
1387,213,1308,0,306
1388,213,1308,0,306
1389,213,1308,0,305
1390,213,1308,0,305
1391,214,1308,0,301
1392,214,1308,0,299
1393,214,1308,0,300
1394,213,1308,0,301
1395,214,1308,0,300
1396,214,1308,0,299
1397,213,1308,0,298
1398,213,1309,0,299
1399,213,1309,0,298
1400,213,1309,0,295
1401,212,1309,0,297
1402,213,1310,0,292
1403,213,1309,0,291
1404,213,1311,0,288
1405,212,1308,0,290
1406,212,1308,0,290
1407,212,1308,0,290
1408,213,1308,0,290
1409,213,1308,0,291
1410,213,1308,0,291
1411,213,1307,0,290
1412,213,1307,0,288
1413,213,1307,0,287
1414,213,1307,0,288
1415,213,1307,0,290
1416,213,1307,0,289
1417,213,1307,0,287
1418,213,1308,0,289
1419,213,1308,0,291
1420,213,1307,0,289
1421,213,1307,0,289
1422,212,1307,0,289
1423,212,1307,0,290
1424,213,1307,0,290
1425,213,1307,0,289
1426,213,1307,0,286
1427,213,1307,0,292
1428,213,1308,0,293
1429,213,1308,0,294
1430,213,1308,0,294
1431,213,1308,0,295
1432,213,1308,0,295
1433,213,1307,0,295
1434,212,1307,0,295
1435,212,1307,0,295
1436,212,1307,0,296
1437,212,1308,0,295
1438,212,1308,0,296
1439,212,1307,0,295
1440,212,1308,0,296
1441,212,1308,0,296
1442,212,1308,0,294
1443,212,1307,0,293
1444,212,1307,0,290
1445,212,1307,0,290
1446,212,1307,0,291
1447,212,1307,0,290
1448,212,1310,0,285
1449,212,1311,0,286
1450,212,1310,0,289
1451,211,1306,0,292
1452,210,1306,0,296
1453,212,1307,0,288
1454,211,1306,0,288
1455,212,1307,0,290
1456,213,1307,0,294
1457,213,1307,0,293
1458,212,1308,0,290
1459,212,1308,0,289
1460,212,1308,0,288
1461,212,1308,0,289
1462,213,1307,0,290
1463,212,1307,0,291
1464,212,1307,0,290
1465,212,1308,0,289
1466,212,1308,0,289
1467,212,1308,0,289
1468,213,1307,0,293
1469,213,1307,0,291
1470,213,1306,0,294
1471,213,1307,0,293
1472,213,1307,0,290
1473,213,1307,0,284
1474,213,1307,0,284
1475,213,1308,0,282
1476,213,1308,0,282
1477,213,1308,0,284
1478,213,1308,0,284
1479,213,1308,0,285
1480,213,1308,0,283
1481,213,1308,0,283
1482,213,1309,0,284
1483,213,1308,0,282
1484,213,1308,0,283
1485,213,1308,0,284
1486,213,1308,0,285
1487,213,1308,0,286
1488,213,1309,0,285
1489,213,1309,0,284
1490,213,1309,0,282
1491,213,1309,0,284
1492,213,1308,0,285
1493,213,1308,0,284
1494,212,1308,0,282
1495,212,1308,0,283
1496,212,1308,0,284
1497,212,1307,0,284
1498,212,1307,0,287
1499,211,1307,0,291
1500,211,1310,0,284
1501,212,1307,0,281
1502,211,1306,0,280
1503,211,1306,0,289
1504,210,1305,0,292
1505,212,1307,0,289
1506,212,1308,0,279
1507,211,1308,0,278
1508,211,1308,0,271
1509,212,1309,0,269
1510,213,1309,0,273
1511,213,1308,0,276
1512,214,1309,0,267
1513,213,1309,0,265
1514,213,1309,0,266
1515,213,1309,0,266
1516,213,1309,0,266
1518,212,1309,0,269
1519,211,1309,0,261
1520,211,1308,0,258
1521,210,1315,0,262
1522,211,1304,0,271
1523,212,1305,0,268
1526,212,1306,0,274
1527,212,1306,0,279
1528,212,1305,0,281
1529,212,1305,0,279
1530,212,1305,0,277
1531,212,1307,0,273
1532,212,1308,0,276
1533,213,1308,0,280
1534,213,1307,0,271
1536,211,1308,0,264
1537,211,1311,0,266
1538,212,1307,0,267
1540,213,1313,0,268
1542,213,1307,0,269
1543,213,1308,0,274
1544,213,1308,0,275
1545,212,1307,0,272
1546,212,1308,0,271
1547,212,1308,0,271
1548,213,1309,0,272
1549,213,1309,0,276
1550,213,1309,0,275
1551,213,1309,0,274
1552,212,1309,0,272
1553,212,1308,0,272
1554,213,1309,0,273
1555,213,1310,0,276
1556,212,1310,0,273
1557,212,1310,0,269
1558,213,1311,0,269
1559,213,1311,0,268
1560,213,1310,0,272
1561,213,1310,0,272
1562,213,1310,0,271
1563,213,1310,0,272
1564,213,1309,0,272
1565,213,1309,0,271
1566,213,1309,0,269
1573,213,1308,0,262
1580,213,1308,0,266
1581,213,1308,0,267
1582,212,1308,0,268
1583,212,1307,0,269
1584,212,1307,0,270
1585,212,1307,0,271
1586,212,1307,0,270
1587,211,1307,0,271
1588,212,1307,0,275
1589,212,1307,0,277
1590,212,1306,0,274
1591,211,1307,0,273
1592,212,1307,0,275
1593,212,1307,0,274
1594,213,1307,0,277
1595,213,1307,0,278
1596,213,1307,0,274
1597,213,1307,0,276
1598,212,1307,0,275
1599,212,1306,0,275
1600,212,1306,0,274
1601,212,1306,0,276
1602,212,1307,0,277
1603,212,1307,0,281
1604,212,1307,0,283
1605,211,1307,0,283
1606,211,1307,0,281
1607,211,1306,0,280
1608,211,1306,0,281
1609,210,1305,0,283
1610,210,1305,0,283
1611,210,1304,0,282
1612,210,1304,0,283
1613,210,1304,0,284
1614,210,1305,0,281
1615,210,1305,0,282
1616,210,1304,0,285
1617,210,1305,0,285
1618,210,1306,0,286
1619,210,1306,0,288
1620,211,1306,0,287
1621,210,1306,0,286
1622,210,1305,0,284
1623,211,1305,0,287
1624,211,1304,0,285
1625,211,1305,0,287
1626,211,1305,0,286
1627,211,1305,0,285
1628,212,1306,0,287
1629,211,1305,0,287
1630,212,1305,0,286
1631,211,1305,0,285
1632,211,1304,0,285
1633,211,1305,0,282
1634,211,1306,0,285
1635,211,1305,0,285
1636,211,1306,0,283
1637,211,1306,0,284
1638,211,1306,0,284
1639,211,1306,0,283
1640,211,1306,0,283
1641,211,1306,0,282
1642,211,1306,0,283
1643,211,1304,0,279
1644,211,1304,0,280
1645,211,1305,0,279
1646,211,1305,0,283
1647,211,1305,0,286
1648,211,1305,0,285
1649,211,1305,0,289
1650,211,1305,0,287
1651,211,1304,0,287
1652,211,1304,0,287
1653,211,1305,0,284
1654,211,1305,0,290
1655,211,1304,0,287
1656,211,1305,0,292
1657,211,1305,0,292
1658,212,1305,0,289
1659,211,1306,0,292
1660,211,1305,0,291
1661,211,1305,0,291
1662,212,1306,0,290
1663,211,1305,0,290
1664,211,1304,0,285
1665,211,1304,0,288
1666,211,1305,0,288
1667,211,1305,0,289
1668,211,1304,0,293
1669,212,1305,0,292
1670,212,1305,0,290
1671,212,1304,0,291
1672,212,1304,0,288
1673,212,1304,0,289
1674,212,1305,0,287
1675,213,1305,0,289
1676,212,1306,0,292
1677,211,1307,0,288
1678,211,1307,0,284
1679,211,1307,0,283
1680,211,1306,0,280
1681,212,1306,0,283
1682,212,1305,0,287
1683,212,1307,0,282
1684,211,1308,0,281
1685,211,1309,0,276
1686,211,1308,0,278
1687,211,1307,0,279
1688,210,1307,0,279
1689,211,1307,0,273
1690,212,1308,0,273
1691,212,1307,0,278
1692,213,1307,0,273
1693,212,1308,0,273
1694,211,1307,0,275
1695,211,1306,0,275
1696,210,1306,0,280
1697,210,1304,0,275
1733,212,1303,0,287
1734,212,1304,0,288
1735,212,1303,0,285
1736,212,1302,0,281
1738,212,1302,0,293
1739,212,1303,0,292
1740,212,1305,0,285
1741,212,1304,0,283
1742,211,1305,0,280
1743,211,1306,0,271
1749,211,1305,0,267
1752,211,1306,0,271
1759,210,1304,0,266
1760,210,1305,0,265
1805,212,1306,0,274
1806,212,1306,0,284
1807,212,1309,0,288
1808,212,1306,0,289
1809,212,1306,0,291
1810,210,1303,0,294
1811,211,1307,0,292
1812,211,1309,0,290
1813,211,1308,0,291
1814,208,1306,0,298
1815,208,1305,0,280
1816,209,1308,0,269
1817,209,1310,0,268
1818,209,1310,0,272
1819,208,1308,0,268
1820,209,1302,0,246
1821,208,1302,0,245
1823,208,1302,0,235
1824,207,1298,0,239
1825,205,1301,0,222
1826,203,1304,0,230
1827,202,1304,0,230
1828,201,1307,0,238
1829,201,1306,0,237
1830,201,1307,0,238
1831,201,1307,0,238
1832,202,1307,0,238
1833,201,1309,0,236
1834,201,1309,0,235
1835,198,1310,0,216
1836,201,1310,0,233
1837,203,1308,0,237
1838,203,1307,0,237
1841,204,1306,0,231
1842,204,1307,0,229
1843,205,1308,0,232
1844,206,1307,0,227
1846,206,1305,0,232
1847,206,1306,0,234
1848,206,1306,0,227
1849,206,1306,0,230
1850,206,1306,0,228
1852,205,1309,0,233
1856,206,1306,0,226
1858,206,1306,0,233
1859,206,1307,0,233
1864,207,1305,0,227
1865,205,1305,0,227
1867,206,1305,0,226
1869,206,1305,0,224
1871,203,1307,0,217
1872,205,1307,0,225
1873,205,1307,0,226
1874,206,1307,0,229
1876,208,1306,0,221
1877,206,1307,0,217
1878,201,1310,0,210
1879,204,1309,0,208
1880,207,1308,0,219
1881,207,1309,0,211
1882,207,1311,0,213
1883,207,1312,0,218
1884,207,1312,0,212
1885,206,1312,0,230
1886,206,1314,0,240
1887,208,1311,0,227
1888,207,1311,0,224
1889,207,1310,0,212
1890,205,1311,0,228
1891,205,1312,0,235
1892,206,1310,0,234
1893,205,1310,0,232
1894,205,1310,0,233
1895,205,1309,0,224
1896,205,1310,0,225
1897,205,1310,0,219
1898,205,1310,0,223
1899,205,1310,0,223
1900,205,1310,0,229
1901,206,1310,0,228
1902,205,1311,0,229
1903,205,1310,0,230
1904,206,1308,0,217
1905,205,1309,0,224
1906,206,1308,0,227
1907,218,1298,0,220
1908,217,1298,0,224
1909,218,1297,0,225
1910,215,1299,0,227
1911,205,1309,0,239
1912,203,1311,0,240
1913,206,1309,0,239
1914,205,1312,0,239
1915,206,1313,0,237
1916,206,1312,0,238
1917,205,1311,0,236
1918,205,1309,0,234
1919,205,1307,0,235
1920,204,1307,0,234
1921,204,1306,0,234
1922,203,1304,0,231
1923,203,1306,0,227
1924,204,1305,0,233
1925,205,1305,0,235
1926,205,1306,0,237
1927,205,1307,0,234
1928,204,1308,0,236
1929,206,1307,0,239
1930,206,1304,0,239
1931,207,1305,0,240
1932,208,1304,0,241
1933,209,1302,0,243
1934,209,1303,0,241
1935,208,1302,0,236
1936,209,1302,0,238
1937,210,1301,0,240
1938,210,1302,0,244
1939,210,1303,0,247
1940,210,1303,0,246
1941,209,1305,0,252
1942,210,1304,0,248
1943,210,1304,0,245
1944,208,1310,0,251
1945,208,1306,0,243
1946,208,1305,0,240
1947,209,1306,0,242
1948,207,1308,0,245
1949,207,1308,0,245
1950,207,1307,0,244
1951,206,1308,0,244
1952,206,1309,0,242
1953,206,1309,0,243
1954,206,1309,0,248
1955,206,1311,0,251
1956,206,1309,0,251
1957,206,1308,0,252
1958,207,1309,0,254
1959,207,1310,0,257
1960,208,1309,0,259
1961,208,1308,0,258
1962,208,1308,0,258
1963,208,1307,0,257
1964,209,1308,0,256
1965,209,1308,0,257
1966,210,1308,0,257
1967,209,1309,0,259
1968,218,1298,0,233
1969,218,1297,0,230
1970,217,1299,0,234
1971,216,1299,0,234
1972,210,1304,0,245
1979,212,1303,0,237
1980,207,1310,0,248
1981,207,1310,0,249
1982,207,1308,0,246
1983,216,1296,0,227
1984,218,1294,0,226
1985,219,1292,0,226
1986,219,1293,0,227
1987,219,1294,0,226
1988,219,1294,0,226
1989,221,1295,0,227
1990,218,1296,0,230
1991,221,1292,0,225
1992,222,1292,0,224
1993,220,1292,0,225
1994,219,1294,0,226
1995,219,1294,0,227
1996,220,1292,0,225
1997,217,1297,0,230
1998,213,1302,0,234
1999,207,1310,0,248
2000,206,1311,0,250
2001,207,1310,0,249
2002,207,1309,0,248
2003,207,1309,0,249
2004,212,1303,0,239
2005,210,1305,0,243
2006,210,1306,0,244
2007,206,1311,0,252
2009,203,1320,0,258
2010,204,1314,0,256
2011,206,1306,0,239
2012,205,1307,0,232
2013,206,1307,0,235
2014,207,1307,0,239
2015,207,1308,0,238
2016,206,1309,0,239
2017,206,1308,0,236
2018,206,1309,0,235
2019,207,1307,0,232
2020,208,1308,0,233
2021,206,1313,0,250
2022,206,1313,0,244
2023,205,1312,0,232
2024,203,1315,0,247
2025,203,1313,0,236
2026,205,1311,0,237
2027,204,1310,0,241
2028,205,1309,0,240
2029,205,1308,0,246
2030,205,1307,0,249
2031,205,1308,0,245
2032,205,1310,0,242
2033,206,1309,0,241
2034,206,1309,0,240
2035,205,1309,0,241
2036,205,1308,0,246
2037,205,1307,0,243
2038,206,1308,0,241
2039,206,1308,0,240
2040,206,1308,0,240
2041,206,1309,0,238
2042,206,1309,0,239
2043,205,1309,0,243
2044,205,1311,0,249
2045,204,1310,0,244
2046,213,1300,0,228
2047,213,1300,0,228
2048,205,1311,0,251
2050,205,1309,0,251
2051,205,1309,0,250
2059,206,1311,0,240
2060,205,1313,0,248
2061,207,1314,0,247
2062,206,1314,0,245
2063,206,1314,0,241
2064,205,1317,0,245
2065,206,1311,0,244
2066,208,1307,0,241
2068,216,1299,0,238
2069,216,1299,0,238
2070,211,1302,0,238
2071,211,1301,0,226
2076,211,1309,0,262
2077,209,1317,0,250
2078,210,1318,0,244
2079,210,1313,0,251
2083,211,1308,0,257
2084,211,1308,0,259
2085,211,1308,0,260
2086,211,1307,0,261
2087,211,1307,0,265
2088,211,1306,0,266
2089,211,1306,0,267
2090,210,1306,0,269
2091,210,1307,0,271
2092,211,1309,0,276
2093,211,1306,0,275
2094,211,1304,0,277
2095,211,1305,0,286
2096,212,1304,0,291
2097,212,1305,0,295
2098,211,1305,0,298
2099,211,1304,0,297
2100,212,1306,0,301
2101,211,1304,0,302
2102,211,1304,0,299
2103,211,1305,0,285
2104,211,1303,0,279
2105,211,1304,0,281
2106,210,1304,0,275
2107,210,1305,0,273
2108,210,1304,0,275
2109,210,1306,0,274
2110,210,1307,0,274
2111,210,1307,0,270
2112,209,1308,0,264
2113,208,1309,0,258
2114,208,1307,0,263
2115,208,1304,0,256
2116,208,1302,0,246
2117,208,1303,0,250
2118,208,1302,0,252
2119,207,1307,0,252
2120,208,1305,0,251
2121,208,1308,0,253
2122,208,1307,0,255
2123,208,1307,0,254
2124,208,1307,0,252
2125,208,1305,0,251
2126,208,1309,0,254
2127,208,1308,0,254
2128,208,1310,0,258
2129,208,1309,0,256
2130,209,1308,0,257
2131,208,1309,0,257
2132,209,1308,0,257
2133,209,1308,0,256
2134,208,1310,0,257
2135,209,1310,0,260
2136,208,1310,0,261
2137,208,1309,0,258
2138,209,1308,0,259
2139,208,1310,0,258
2140,208,1309,0,260
2141,208,1309,0,259
2142,207,1310,0,258
2143,207,1309,0,259
2144,208,1307,0,257
2145,207,1309,0,256
2146,207,1308,0,256
2147,208,1307,0,255
2148,207,1309,0,258
2149,207,1309,0,258
2150,208,1307,0,259
2151,208,1308,0,258
2152,208,1308,0,258
2153,208,1309,0,260
2154,208,1308,0,261
2155,208,1308,0,259
2156,209,1307,0,264
2157,209,1308,0,260
2158,209,1308,0,267
2159,209,1308,0,263
2160,209,1307,0,259
2161,209,1307,0,259
2162,209,1307,0,260
2163,209,1307,0,260
2164,209,1307,0,261
2165,209,1307,0,261
2166,208,1308,0,262
2167,208,1308,0,264
2168,208,1309,0,262
2169,208,1309,0,263
2170,208,1309,0,263
2171,208,1308,0,265
2172,208,1308,0,264
2173,208,1309,0,264
2174,208,1308,0,265
2175,208,1308,0,264
2176,208,1308,0,264
2177,208,1308,0,265
2178,207,1308,0,263
2179,208,1308,0,264
2180,208,1308,0,264
2181,208,1308,0,262
2182,208,1308,0,264
2183,208,1308,0,264
2184,208,1308,0,265
2185,208,1307,0,264
2186,208,1308,0,263
2187,208,1307,0,264
2188,208,1308,0,263
2189,208,1307,0,264
2190,208,1307,0,264
2191,208,1307,0,264
2192,207,1307,0,264
2193,207,1307,0,263
2194,207,1308,0,261
2195,207,1308,0,260
2196,207,1308,0,260
2197,207,1308,0,259
2198,207,1308,0,260
2199,207,1306,0,262
2200,207,1307,0,260
2201,207,1306,0,264
2202,207,1307,0,263
2203,206,1306,0,265
2204,206,1307,0,262
2205,206,1306,0,262
2206,206,1306,0,261
2207,207,1306,0,261
2208,206,1306,0,262
2209,206,1307,0,262
2210,207,1307,0,262
2211,207,1306,0,263
2212,207,1306,0,264
2213,206,1307,0,265
2214,206,1306,0,267
2215,206,1306,0,265
2216,206,1306,0,265
2217,206,1306,0,265
2218,206,1307,0,264
2219,206,1306,0,265
2220,206,1306,0,266
2221,206,1306,0,265
2222,206,1306,0,265
2223,206,1307,0,266
2224,206,1307,0,266
2225,206,1307,0,265
2226,206,1307,0,266
2227,206,1306,0,264
2228,206,1307,0,266
2229,206,1307,0,266
2230,206,1307,0,265
2231,206,1307,0,263
2232,206,1307,0,261
2233,206,1307,0,260
2234,206,1308,0,261
2235,206,1308,0,261
2236,206,1307,0,258
2237,206,1307,0,260
2238,206,1307,0,263
2239,206,1307,0,262
2240,206,1307,0,263
2241,206,1307,0,262
2242,206,1308,0,261
2243,206,1307,0,261
2244,206,1307,0,251
2245,206,1307,0,255
2246,206,1307,0,253
2247,207,1308,0,247
2248,207,1308,0,244
2249,208,1309,0,246
2250,209,1309,0,249
2251,209,1309,0,250
2252,209,1309,0,257
2253,209,1310,0,259
2254,207,1309,0,273
2255,207,1311,0,273
2256,207,1311,0,269
2257,207,1313,0,265
2258,207,1313,0,264
2259,207,1319,0,268
2260,209,1313,0,265
2261,209,1321,0,269
2262,209,1322,0,268
2263,208,1320,0,271
2264,208,1312,0,271
2265,208,1312,0,270
2266,208,1312,0,271
2267,208,1312,0,271
2268,208,1312,0,270
2269,208,1312,0,270
2270,209,1312,0,269
2271,208,1311,0,271
2272,208,1310,0,272
2273,208,1310,0,272
2274,208,1309,0,272
2275,208,1309,0,272
2276,208,1310,0,271
2277,208,1310,0,270
2278,208,1311,0,270
2279,208,1311,0,271
2280,208,1311,0,271
2281,208,1311,0,272
2282,208,1312,0,270
2283,208,1318,0,270
2284,208,1317,0,270
2285,208,1318,0,270
2286,208,1317,0,270
2287,208,1317,0,269
2288,208,1318,0,269
2289,208,1319,0,269
2290,208,1319,0,269
2293,208,1319,0,269
2294,208,1319,0,269
2296,208,1319,0,269
2297,208,1317,0,270
2298,208,1316,0,269
2299,208,1311,0,265
2300,208,1312,0,264
2301,205,1312,0,260
2302,204,1312,0,260
2303,203,1313,0,256
2304,203,1310,0,253
2305,202,1309,0,253
2306,202,1309,0,253
2307,202,1309,0,252
2308,202,1309,0,252
2309,201,1309,0,254
2310,202,1309,0,251
2311,202,1310,0,254
2312,202,1310,0,257
2313,202,1310,0,255
2314,202,1310,0,252
2315,201,1310,0,255
2316,201,1309,0,256
2317,202,1309,0,253
2318,202,1309,0,254
2319,202,1308,0,251
2320,203,1308,0,253
2321,203,1308,0,257
2322,203,1308,0,254
2323,202,1308,0,251
2324,203,1306,0,253
2325,202,1306,0,247
2326,202,1305,0,246
2327,203,1306,0,242
2328,203,1305,0,242
2329,204,1305,0,240
2330,203,1306,0,245
2331,204,1304,0,242
2332,205,1305,0,246
2333,207,1304,0,238
2334,207,1303,0,241
2335,206,1304,0,246
2336,207,1304,0,246
2337,206,1303,0,246
2338,207,1303,0,253
2339,207,1303,0,242
2340,207,1303,0,212
2341,206,1303,0,233
2342,205,1304,0,227
2343,207,1304,0,225
2344,207,1305,0,237
2345,208,1305,0,231
2346,208,1305,0,233
2347,208,1306,0,230
2348,208,1305,0,232
2349,208,1306,0,227
2350,207,1305,0,229
2351,208,1303,0,212
2352,209,1302,0,215
2353,208,1304,0,220
2354,208,1305,0,215
2355,208,1304,0,228
2356,208,1304,0,223
2360,209,1304,0,203
2362,209,1303,0,223
2363,210,1302,0,215
2364,210,1303,0,219
2366,209,1304,0,228
2367,209,1304,0,223
2368,209,1304,0,222
2379,207,1319,1,315
2399,201,1316,1,68
2400,201,1317,1,69
2410,199,1317,1,60
2427,203,1320,1,295
2432,200,1322,1,315
2437,210,1303,0,230
2438,209,1303,0,231
2445,211,1303,0,234
2447,210,1304,0,241
2451,210,1302,0,242
