161,489,423,0,177
162,494,417,0,166
163,493,416,0,171
164,495,417,0,167
165,498,419,0,138
166,498,420,0,173
170,515,430,0,104
171,514,430,0,102
173,515,445,0,74
174,515,445,0,70
175,517,444,0,73
176,518,446,0,70
177,519,446,0,72
178,521,446,0,85
182,519,459,0,35
184,516,463,0,40
185,520,464,0,54
186,520,466,0,61
187,520,467,0,56
188,521,459,0,45
189,524,457,0,48
190,521,458,0,50
191,520,464,0,55
192,515,470,0,56
193,517,472,0,58
194,516,475,0,58
195,519,477,0,67
196,522,472,0,81
197,523,470,0,81
198,522,471,0,82
199,522,470,0,84
200,529,467,0,92
201,528,468,0,77
202,528,471,0,61
203,524,478,0,58
204,517,489,0,47
205,509,495,0,50
206,505,496,0,50
207,499,503,0,43
208,493,507,0,44
209,490,516,0,54
210,492,520,0,49
211,493,520,0,44
212,495,520,0,46
213,493,517,0,42
214,494,516,0,45
215,496,516,0,50
216,493,523,0,53
217,489,527,0,46
218,487,528,0,39
219,480,534,0,34
220,473,541,0,32
221,464,545,0,23
222,456,546,0,23
223,449,547,0,25
224,445,547,0,21
225,440,546,0,22
226,438,548,0,32
227,441,541,0,13
228,436,539,0,356
229,432,537,0,353
230,430,540,0,358
231,427,541,0,357
232,426,539,0,353
233,430,537,0,359
234,428,536,0,11
235,432,533,0,2
236,429,531,0,346
237,427,534,0,353
238,430,539,0,354
239,425,535,0,343
240,433,535,0,349
241,428,535,0,354
242,425,537,0,2
243,433,536,0,10
244,434,542,0,38
245,435,548,0,43
246,435,547,0,48
247,435,548,0,67
248,436,551,0,66
249,430,559,0,38
250,431,563,0,69
251,431,565,0,75
252,428,573,0,66
253,428,579,0,64
254,428,582,0,62
255,429,595,0,62
256,427,598,0,61
257,429,608,0,66
258,428,609,0,55
259,429,618,0,45
260,423,619,0,43
261,418,620,0,50
262,420,618,0,41
263,419,606,0,21
264,411,610,0,14
265,406,608,0,4
266,398,617,0,350
267,398,613,0,356
268,402,607,0,3
269,404,604,0,8
270,405,609,0,3
271,409,607,0,9
272,410,613,0,3
273,408,607,0,1
274,403,605,0,5
275,410,602,0,9
276,412,596,0,20
277,416,602,0,17
278,414,602,0,15
279,413,600,0,19
280,414,600,0,14
281,414,599,0,13
282,413,600,0,13
283,414,600,0,14
284,413,602,0,16
285,414,600,0,20
286,418,597,0,25
287,419,601,0,21
288,419,600,0,25
289,420,601,0,18
290,419,599,0,24
291,417,601,0,24
292,416,598,0,35
293,412,598,0,39
294,410,598,0,40
295,411,598,0,41
296,412,597,0,41
297,412,596,0,38
298,414,597,0,38
299,416,593,0,29
300,416,592,0,16
301,413,591,0,10
302,410,598,0,5
303,407,600,0,357
304,405,605,0,358
305,421,616,0,0
306,429,619,0,356
307,436,619,0,353
308,442,619,0,0
309,452,618,0,346
310,451,616,0,326
311,458,615,0,317
312,464,605,0,315
313,463,604,0,306
314,464,593,0,306
315,460,584,0,293
316,461,576,0,292
317,464,567,0,286
318,460,571,0,274
319,459,571,0,274
320,460,573,0,250
321,457,563,0,251
322,453,564,0,249
323,458,570,0,221
324,461,565,0,237
325,462,569,0,221
326,474,573,0,198
327,479,571,0,189
328,492,583,0,167
329,500,581,0,148
330,506,582,0,147
331,508,586,0,140
332,511,586,0,128
333,522,585,0,108
334,530,594,0,97
335,535,600,0,73
336,529,599,0,70
337,527,596,0,75
338,527,591,0,79
339,528,592,0,80
340,527,592,0,83
341,526,595,0,72
342,524,593,0,76
343,522,592,0,74
344,522,592,0,72
345,522,594,0,68
346,523,594,0,57
347,525,593,0,42
348,526,591,0,39
349,526,592,0,39
350,524,595,0,49
351,525,596,0,52
352,526,596,0,43
353,523,594,0,44
354,524,595,0,42
355,523,596,0,40
356,519,596,0,54
357,516,599,0,57
358,511,607,0,61
359,511,611,0,65
360,507,616,0,70
361,504,621,0,76
362,501,624,0,80
363,499,627,0,78
364,498,629,0,86
365,494,629,0,101
366,497,636,0,124
367,496,641,0,118
368,498,643,0,110
369,498,641,0,104
370,497,642,0,94
371,495,646,0,92
372,494,649,0,93
373,493,649,0,97
374,492,649,0,101
375,491,650,0,96
376,484,651,0,90
377,482,654,0,94
378,484,657,0,93
379,480,656,0,89
380,480,655,0,68
381,476,657,0,63
382,477,657,0,61
383,476,656,0,59
384,479,654,0,58
385,478,654,0,54
386,478,655,0,53
387,478,657,0,59
388,480,657,0,57
389,479,657,0,52
390,478,657,0,46
391,476,659,0,43
392,477,661,0,42
393,477,664,0,37
394,474,663,0,34
395,471,662,0,32
396,467,662,0,31
397,462,661,0,27
398,456,663,0,25
399,456,663,0,26
400,455,663,0,17
401,453,661,0,22
402,453,662,0,13
403,452,660,0,5
404,448,656,0,4
405,444,654,0,358
406,445,652,0,1
407,445,659,0,348
408,446,661,0,354
409,447,662,0,354
410,447,661,0,353
411,446,662,0,352
412,448,664,0,351
413,452,666,0,351
414,452,667,0,359
415,451,661,0,11
416,448,664,0,354
417,447,668,0,353
418,449,668,0,357
419,451,668,0,354
420,451,668,0,353
421,448,669,0,356
422,448,670,0,0
423,449,669,0,0
424,446,668,0,357
425,448,670,0,354
426,448,670,0,351
428,450,664,0,1
429,450,664,0,2
430,450,660,0,358
431,451,664,0,344
432,453,663,0,5
433,451,661,0,6
434,452,658,0,8
435,452,657,0,8
436,452,655,0,12
437,449,651,0,11
438,448,647,0,11
439,445,642,0,7
440,448,632,0,12
441,448,630,0,11
442,445,630,0,2
443,441,626,0,4
444,446,621,0,7
445,445,618,0,352
446,441,618,0,355
447,439,618,0,354
448,445,617,0,348
449,445,615,0,348
450,442,614,0,353
451,441,614,0,349
452,441,608,0,345
453,439,608,0,344
454,444,608,0,342
455,446,602,0,339
456,445,599,0,338
457,444,594,0,347
458,446,590,0,347
459,448,585,0,4
460,451,582,0,12
461,455,571,0,15
462,460,572,0,32
463,463,573,0,39
464,463,569,0,50
465,461,567,0,62
466,461,566,0,71
467,465,567,0,78
468,460,561,0,79
469,463,561,0,104
470,480,558,0,91
471,473,562,0,87
472,479,566,0,98
473,478,569,0,109
474,482,575,0,121
475,485,579,0,128
476,492,581,0,130
477,496,583,0,129
478,506,584,0,131
479,513,581,0,119
480,515,583,0,121
481,515,581,0,122
482,518,582,0,119
483,517,585,0,105
484,514,582,0,118
485,517,584,0,123
486,512,583,0,111
487,511,585,0,97
488,509,588,0,89
489,508,589,0,85
490,507,590,0,81
491,507,591,0,82
492,506,595,0,75
493,505,596,0,74
494,506,600,0,71
495,508,604,0,58
496,509,605,0,54
497,511,607,0,42
498,513,603,0,57
499,512,600,0,77
500,510,595,0,97
501,514,591,0,121
502,524,594,0,131
503,527,596,0,136
504,527,595,0,138
505,529,595,0,131
506,534,598,0,137
507,540,601,0,140
508,547,605,0,132
509,550,607,0,129
510,552,606,0,120
511,554,610,0,112
512,554,611,0,112
513,555,612,0,111
514,563,617,0,108
515,564,626,0,108
516,563,633,0,103
517,563,635,0,93
518,565,637,0,93
519,567,638,0,96
520,573,638,0,77
521,577,637,0,71
522,581,637,0,56
523,582,638,0,54
524,582,636,0,56
525,584,634,0,56
526,584,635,0,55
527,581,645,0,62
528,580,650,0,71
529,585,656,0,59
530,596,644,0,55
531,594,642,0,52
532,593,641,0,51
533,594,642,0,54
534,592,641,0,52
535,591,642,0,51
536,590,642,0,51
537,584,653,0,50
538,585,654,0,51
539,581,656,0,57
540,578,660,0,58
541,585,659,0,50
542,587,656,0,53
543,582,661,0,61
544,583,664,0,53
545,584,665,0,50
546,584,665,0,49
547,582,664,0,51
548,582,657,0,51
549,583,655,0,54
550,576,662,0,58
551,575,663,0,64
552,583,661,0,60
553,583,658,0,59
554,583,661,0,59
555,579,664,0,64
556,585,663,0,57
557,587,658,0,43
558,583,658,0,40
559,584,657,0,34
560,571,660,0,32
561,566,659,0,39
562,564,658,0,41
563,559,660,0,56
564,549,666,0,51
567,547,666,0,53
568,542,673,0,62
571,539,686,0,77
572,540,680,0,81
574,546,664,0,53
575,539,666,0,74
576,538,668,0,79
577,536,669,0,82
578,533,674,0,97
579,533,675,0,97
580,532,675,0,97
581,532,677,0,126
582,531,674,0,128
583,532,670,0,133
584,531,669,0,128
585,532,670,0,126
586,536,677,0,119
587,537,680,0,118
588,540,678,0,130
589,540,675,0,131
590,533,674,0,106
591,531,678,0,95
592,531,682,0,98
593,530,690,0,106
599,535,695,0,146
600,532,697,0,133
601,535,694,0,159
602,540,686,0,154
603,547,684,0,178
604,564,687,0,203
605,572,689,0,199
606,574,693,0,201
607,574,693,0,200
608,571,694,0,195
609,571,695,0,193
610,571,694,0,190
611,570,697,0,178
612,570,697,0,168
613,568,696,0,158
614,564,697,0,150
615,566,700,0,141
616,567,701,0,135
617,571,701,0,118
618,568,706,0,142
619,572,706,0,150
620,574,708,0,148
621,575,710,0,124
622,575,714,0,108
623,574,712,0,123
624,574,712,0,132
625,575,714,0,121
626,576,715,0,110
627,576,715,0,96
628,574,716,0,88
629,573,711,0,87
630,574,719,0,87
631,575,715,0,76
632,574,722,0,60
633,576,724,0,71
634,578,719,0,76
635,577,720,0,78
636,576,723,0,70
637,576,724,0,70
638,574,723,0,52
639,569,725,0,45
640,561,726,0,36
641,554,720,0,18
642,553,719,0,12
643,551,719,0,10
644,548,718,0,15
645,543,720,0,13
646,542,721,0,18
647,544,715,0,39
648,549,709,0,60
649,550,709,0,78
650,553,711,0,81
651,555,717,0,87
652,557,719,0,86
653,553,715,0,69
654,553,713,0,67
655,551,713,0,57
656,552,706,0,41
657,546,708,0,23
658,541,709,0,13
659,532,710,0,11
660,526,707,0,5
661,523,706,0,6
662,519,705,0,13
663,515,710,0,19
664,509,711,0,21
665,507,710,0,29
666,504,713,0,29
667,503,714,0,38
668,505,718,0,41
669,505,720,0,44
670,508,718,0,42
671,505,726,0,49
672,502,729,0,54
673,501,736,0,63
674,502,749,0,62
675,501,768,0,73
676,506,781,0,67
677,504,788,0,59
678,510,786,0,65
679,514,783,0,68
680,518,780,0,58
681,518,776,0,51
682,522,777,0,52
683,520,785,0,51
684,517,784,0,52
685,515,786,0,41
686,509,789,0,37
687,505,789,0,34
688,495,794,0,27
689,482,794,0,11
690,476,796,0,8
691,473,793,0,1
692,470,796,0,6
693,464,795,0,22
694,462,790,0,23
695,454,790,0,22
696,456,793,0,27
697,452,793,0,37
698,455,789,0,49
699,459,787,0,67
701,458,801,0,67
702,454,801,0,57
703,453,802,0,53
704,459,804,0,53
705,458,807,0,47
706,457,808,0,44
707,456,807,0,54
708,459,807,0,67
709,460,805,0,69
710,457,807,0,72
711,458,794,0,67
712,456,794,0,62
713,448,804,0,57
714,445,804,0,56
715,449,801,0,68
716,453,803,0,87
717,459,809,0,94
718,461,808,0,97
719,463,808,0,99
720,466,806,0,110
721,466,804,0,124
722,467,805,0,129
723,469,801,0,134
724,467,800,0,151
725,471,796,0,155
726,472,799,0,154
727,478,798,0,164
730,517,793,0,204
733,550,775,0,129
734,551,774,0,127
735,550,769,0,131
736,554,769,0,136
737,555,778,0,116
738,556,782,0,117
739,555,784,0,114
740,556,785,0,105
741,555,786,0,90
742,553,786,0,81
743,549,787,0,84
744,550,790,0,81
745,551,795,0,85
746,551,795,0,86
747,550,797,0,87
748,548,796,0,86
749,548,798,0,84
750,548,800,0,89
751,548,795,0,81
752,546,792,0,70
753,536,793,0,45
754,532,799,0,35
755,528,798,0,34
756,528,797,0,36
757,527,800,0,52
758,526,804,0,66
759,529,813,0,59
760,522,811,0,68
761,522,805,0,74
762,517,800,0,76
763,519,793,0,83
764,516,794,0,80
765,512,796,0,74
766,507,795,0,78
767,505,795,0,68
768,507,791,0,69
769,505,791,0,68
770,505,791,0,72
771,506,787,0,73
772,506,786,0,71
773,506,786,0,72
774,508,783,0,71
775,510,784,0,72
776,511,785,0,72
777,512,787,0,70
778,513,788,0,72
779,515,790,0,69
780,516,793,0,72
781,519,796,0,67
782,521,796,0,64
783,521,797,0,64
784,521,797,0,66
785,520,796,0,67
786,520,796,0,69
787,520,796,0,69
788,520,796,0,67
789,520,790,0,68
790,523,790,0,62
791,522,788,0,60
792,521,787,0,59
793,521,788,0,54
794,521,788,0,47
795,518,791,0,51
796,520,791,0,49
797,520,790,0,49
798,521,789,0,49
799,523,789,0,51
800,522,791,0,54
801,521,791,0,57
802,521,791,0,57
803,521,792,0,53
804,522,791,0,52
805,521,793,0,50
806,521,795,0,57
807,523,791,0,54
808,521,791,0,54
809,520,793,0,51
810,520,794,0,54
811,520,794,0,54
812,521,793,0,52
813,520,793,0,51
814,519,793,0,50
815,518,793,0,51
816,518,793,0,50
817,518,794,0,52
818,519,792,0,54
819,519,793,0,58
820,519,792,0,53
821,521,791,0,53
822,519,794,0,58
823,520,792,0,57
824,520,792,0,57
825,520,793,0,58
826,518,795,0,55
827,518,796,0,54
828,518,794,0,49
829,517,794,0,47
830,516,796,0,46
831,516,795,0,44
832,515,795,0,44
833,516,797,0,43
834,517,796,0,45
835,517,796,0,46
836,516,797,0,43
837,514,801,0,41
838,514,801,0,39
839,515,802,0,40
840,520,810,0,26
841,519,810,0,27
842,520,811,0,29
843,521,809,0,25
844,522,810,0,28
845,522,810,0,25
846,522,809,0,24
847,523,809,0,27
848,524,810,0,26
849,523,810,0,21
850,526,806,0,13
851,527,804,0,14
852,524,806,0,23
853,524,806,0,17
854,524,807,0,14
855,524,808,0,12
856,521,810,0,17
857,518,812,0,25
858,517,813,0,29
859,516,814,0,36
860,513,814,0,40
861,515,810,0,33
862,517,813,0,23
863,518,808,0,27
864,519,806,0,30
865,519,807,0,23
866,519,805,0,16
867,516,807,0,8
868,515,807,0,359
869,515,808,0,350
870,520,806,0,349
871,522,805,0,349
872,523,803,0,351
873,522,799,0,351
874,523,799,0,350
875,522,798,0,345
876,521,797,0,346
877,521,797,0,347
878,523,795,0,348
879,523,795,0,354
880,523,801,0,348
881,525,807,0,351
882,525,804,0,354
883,524,804,0,351
884,522,804,0,351
885,523,801,0,348
886,522,803,0,352
887,522,803,0,351
888,521,802,0,349
889,521,802,0,348
890,522,803,0,344
891,523,803,0,348
892,527,803,0,347
893,528,804,0,343
894,528,803,0,341
895,529,804,0,343
896,528,804,0,345
897,527,803,0,344
898,529,804,0,338
899,528,804,0,338
900,526,802,0,339
901,525,800,0,342
902,524,799,0,347
903,526,802,0,342
904,528,802,0,342
905,527,805,0,336
906,526,806,0,336
907,526,805,0,338
908,527,805,0,339
909,527,806,0,337
910,526,806,0,337
911,526,807,0,338
912,526,806,0,335
913,527,807,0,334
914,527,805,0,337
915,528,803,0,338
916,527,804,0,343
917,527,802,0,343
918,526,801,0,342
919,526,802,0,343
920,528,802,0,338
921,526,800,0,337
922,538,797,0,308
923,546,784,0,339
924,548,792,0,326
925,547,793,0,324
926,546,796,0,321
927,547,794,0,311
928,550,793,0,299
929,552,794,0,302
930,551,792,0,303
931,549,788,0,301
932,549,790,0,301
933,549,789,0,303
934,551,786,0,299
935,552,782,0,296
936,548,780,0,300
937,547,780,0,302
938,546,778,0,306
939,545,775,0,305
940,546,776,0,307
941,542,776,0,313
942,536,773,0,314
943,533,773,0,318
944,526,769,0,322
945,527,766,0,338
946,539,770,0,343
947,543,771,0,338
948,544,772,0,327
949,545,776,0,307
950,538,778,0,284
951,541,778,0,287
952,553,767,0,306
953,558,764,0,314
954,558,760,0,321
955,556,758,0,327
956,550,756,0,336
957,543,758,0,342
958,542,762,0,338
959,546,767,0,342
960,553,771,0,336
961,557,774,0,341
962,559,778,0,332
963,561,781,0,325
964,556,774,0,322
965,559,775,0,305
966,562,777,0,286
967,564,774,0,287
968,562,771,0,294
969,560,770,0,294
970,558,767,0,288
971,556,762,0,288
972,553,756,0,293
973,553,751,0,290
974,551,750,0,291
975,552,747,0,295
976,564,739,0,314
977,560,730,0,322
978,562,727,0,340
979,562,728,0,348
980,563,730,0,345
981,561,728,0,339
982,561,728,0,339
983,557,728,0,344
984,556,731,0,355
985,551,732,0,356
986,549,730,0,358
987,548,729,0,4
988,547,726,0,353
989,541,730,0,353
990,544,738,0,8
991,544,733,0,349
992,544,730,0,343
993,553,733,0,340
994,559,736,0,331
995,566,733,0,320
996,568,734,0,311
997,572,735,0,302
998,574,734,0,284
999,580,733,0,275
1000,584,725,0,268
1001,585,721,0,266
1002,585,718,0,263
1003,595,714,0,252
1004,590,709,0,255
1005,598,702,0,252
1006,601,697,0,256
1007,600,703,0,259
1008,603,706,0,271
1009,604,703,0,270
1010,604,698,0,275
1011,605,695,0,276
1012,605,697,0,279
1013,606,702,0,265
1014,604,702,0,253
1015,605,704,0,248
1016,609,703,0,231
1017,612,703,0,220
1018,613,702,0,220
1019,619,701,0,224
1020,624,699,0,224
1021,623,698,0,245
1022,618,694,0,248
1023,618,697,0,253
1024,622,699,0,258
1025,628,707,0,261
1026,632,706,0,267
1027,634,707,0,270
1028,640,710,0,287
1029,644,711,0,302
1030,644,715,0,314
1031,642,723,0,333
1032,635,727,0,2
1033,627,729,0,10
1034,628,736,0,21
1035,634,747,0,28
1036,629,756,0,27
1037,617,758,0,23
1038,615,761,0,12
1039,612,766,0,25
1040,606,768,0,25
1041,601,777,0,13
1042,594,774,0,14
1043,590,770,0,10
1044,588,775,0,15
1045,581,772,0,358
1046,578,769,0,353
1047,575,769,0,348
1048,570,767,0,341
1049,565,768,0,351
1050,563,768,0,347
1051,562,767,0,350
1052,562,767,0,352
1053,559,765,0,352
1054,559,764,0,356
1055,557,764,0,1
1056,552,761,0,17
1057,546,762,0,17
1058,542,763,0,18
1059,544,769,0,10
1060,540,771,0,14
1061,537,765,0,20
1062,533,763,0,32
1063,526,764,0,42
1064,531,766,0,40
1065,536,772,0,44
1066,549,782,0,41
1067,548,787,0,44
1068,545,789,0,32
1069,528,795,0,11
1070,530,797,0,356
1071,531,795,0,10
1072,536,797,0,22
1073,536,796,0,26
1074,536,796,0,23
1077,532,802,0,340
1078,534,803,0,351
1079,541,805,0,357
1080,541,805,0,7
1081,538,806,0,337
1082,539,801,0,1
1083,523,802,0,358
1084,523,801,0,329
1085,528,799,0,329
1086,529,796,0,329
1087,531,798,0,348
1088,536,800,0,352
1089,545,799,0,4
1090,549,799,0,4
1091,549,799,0,353
1092,546,796,0,348
1093,540,795,0,346
1094,540,796,0,347
1095,541,795,0,347
1096,543,796,0,348
1097,539,794,0,335
1098,539,791,0,331
1099,541,789,0,330
1100,541,785,0,329
1101,543,777,0,327
1102,542,773,0,328
1103,540,770,0,324
1104,541,765,0,339
1105,548,764,0,338
1106,544,766,0,336
1107,543,766,0,336
1108,542,765,0,335
1109,542,763,0,337
1110,542,765,0,338
1111,540,764,0,337
1112,540,762,0,340
1113,539,761,0,328
1114,535,757,0,345
1115,534,759,0,1
1116,535,757,0,5
1117,532,760,0,9
1118,530,764,0,11
1119,533,771,0,7
1120,537,776,0,9
1121,538,779,0,10
1122,538,783,0,359
1123,540,783,0,356
1124,536,787,0,9
1125,536,789,0,13
1126,536,793,0,13
1127,541,793,0,20
1128,541,792,0,40
1129,543,793,0,37
1130,544,795,0,31
1131,542,797,0,24
1132,542,803,0,18
1133,539,802,0,13
1134,539,799,0,23
1135,540,797,0,21
1136,533,796,0,13
1137,528,799,0,17
1138,528,803,0,6
1139,530,797,0,12
1140,530,800,0,20
1141,533,803,0,15
1142,535,803,0,15
1143,534,801,0,11
1144,527,799,0,355
1145,524,801,0,341
1146,522,799,0,349
1147,518,797,0,348
1148,518,797,0,350
1149,517,797,0,351
1150,519,799,0,347
1151,526,800,0,355
1152,526,804,0,0
1153,520,805,0,354
1154,514,805,0,342
1155,513,803,0,338
1156,514,804,0,330
1157,509,804,0,338
1158,511,803,0,334
1159,513,801,0,333
1160,517,804,0,350
1161,517,805,0,348
1162,517,806,0,344
1163,511,809,0,341
1164,509,811,0,341
1165,507,810,0,342
1166,506,809,0,328
1167,505,807,0,315
1168,505,808,0,313
1169,505,808,0,315
1170,504,808,0,319
1171,504,809,0,312
1172,506,810,0,302
1173,508,816,0,280
1174,502,810,0,304
1175,500,809,0,308
1176,499,808,0,303
1177,501,806,0,298
1178,505,807,0,303
1179,508,806,0,319
1180,512,806,0,324
1181,512,805,0,329
1182,506,803,0,328
1183,506,800,0,333
1184,507,797,0,347
1185,506,798,0,344
1186,500,802,0,337
1187,498,801,0,335
1188,496,802,0,331
1189,496,802,0,331
1190,492,799,0,326
1191,490,797,0,326
1192,490,794,0,328
1193,486,793,0,322
1194,478,788,0,306
1195,479,787,0,299
1196,482,786,0,297
1197,485,783,0,298
1198,488,782,0,301
1199,487,782,0,295
1200,487,781,0,291
1201,489,778,0,289
1202,494,775,0,299
1203,497,772,0,303
1204,498,772,0,292
1205,502,771,0,293
1206,504,766,0,297
1207,508,762,0,307
1208,507,760,0,309
1209,503,755,0,314
1210,499,748,0,326
1211,493,745,0,329
1212,492,739,0,327
1213,496,740,0,337
1214,497,737,0,338
1215,498,739,0,334
1216,497,739,0,334
1217,503,738,0,338
1218,504,737,0,342
1219,505,739,0,348
1220,506,738,0,347
1221,507,738,0,349
1222,505,739,0,351
1223,502,736,0,358
1224,502,736,0,3
1225,500,739,0,1
1226,503,744,0,354
1227,501,742,0,0
1228,498,749,0,16
1229,500,752,0,16
1230,500,757,0,13
1231,501,760,0,9
1232,505,761,0,8
1233,512,769,0,341
1234,514,771,0,338
1235,514,771,0,330
1236,511,768,0,327
1237,514,772,0,327
1238,514,774,0,335
1239,516,775,0,341
1240,513,770,0,339
1241,513,767,0,339
1242,516,761,0,348
1243,521,758,0,358
1244,521,763,0,7
1245,519,768,0,15
1246,521,770,0,14
1247,521,771,0,0
1248,519,769,0,349
1249,516,766,0,341
1250,514,767,0,337
1251,510,759,0,332
1252,504,753,0,329
1253,504,750,0,339
1254,505,750,0,338
1255,506,754,0,345
1256,499,751,0,354
1257,494,748,0,359
1258,492,748,0,5
1259,493,747,0,8
1260,491,748,0,6
1261,498,749,0,6
1262,497,748,0,15
1263,504,751,0,16
1264,507,757,0,13
1265,508,760,0,8
1266,510,755,0,359
1267,503,746,0,352
1268,504,748,0,347
1269,503,747,0,348
1270,501,747,0,339
1271,498,744,0,336
1272,502,748,0,329
1273,501,747,0,334
1274,496,746,0,340
1275,503,749,0,333
1276,500,747,0,334
1277,495,745,0,335
1278,499,744,0,335
1279,500,744,0,328
1280,499,744,0,324
1281,500,743,0,312
1282,498,740,0,309
1283,496,736,0,308
1284,497,730,0,319
1285,494,723,0,327
1286,488,723,0,323
1287,485,721,0,314
1288,487,722,0,317
1289,494,724,0,307
1290,492,721,0,294
1291,493,718,0,287
1292,498,712,0,285
1293,498,712,0,286
1294,497,712,0,283
1295,497,708,0,273
1296,497,702,0,268
1300,516,674,0,291
1301,516,674,0,301
1302,513,679,0,302
1303,511,673,0,302
1304,507,662,0,315
1305,507,659,0,315
1306,506,654,0,315
1307,505,654,0,321
1308,507,654,0,321
1309,507,654,0,319
1310,499,653,0,323
1311,500,656,0,318
1312,506,658,0,312
1313,506,660,0,315
1314,502,657,0,312
1315,500,656,0,308
1316,499,647,0,300
1317,495,636,0,297
1318,491,634,0,304
1319,492,631,0,316
1320,490,629,0,321
1321,484,628,0,328
1322,479,626,0,327
1323,474,620,0,327
1324,467,615,0,330
1325,456,611,0,340
1326,456,611,0,342
1327,447,602,0,344
1328,447,606,0,337
1329,446,605,0,326
1330,453,603,0,333
1331,456,603,0,336
1334,454,604,0,343
1335,439,602,0,344
1336,432,603,0,359
1337,428,606,0,3
1338,424,607,0,5
1339,412,607,0,16
1340,418,605,0,10
1341,423,603,0,15
1343,411,607,0,23
1344,414,607,0,18
1345,418,605,0,33
1346,416,606,0,40
1347,414,608,0,63
1348,409,611,0,82
1349,410,612,0,70
1350,418,608,0,66
1351,424,604,0,57
1352,419,602,0,55
1353,421,600,0,62
1354,422,594,0,81
1355,425,593,0,93
1356,428,592,0,88
1357,430,593,0,90
1358,430,600,0,85
1359,434,608,0,99
1360,435,605,0,91
1361,436,599,0,97
1362,441,595,0,95
1363,440,594,0,97
1364,443,595,0,96
1365,444,601,0,107
1366,447,606,0,110
1367,444,607,0,108
1368,444,609,0,103
1369,445,608,0,98
1370,446,611,0,94
1371,446,612,0,99
1372,447,611,0,108
1373,446,608,0,110
1374,447,611,0,111
1375,447,610,0,109
1376,447,611,0,104
1377,451,618,0,102
1378,453,625,0,91
1379,454,633,0,84
1380,454,631,0,78
1381,455,629,0,78
1382,454,627,0,59
1383,454,631,0,56
1384,453,633,0,59
1385,451,627,0,56
1386,450,629,0,41
1387,448,634,0,39
1388,446,630,0,39
1389,440,635,0,41
1390,430,641,0,37
1391,429,642,0,30
1392,424,644,0,28
1393,432,638,0,19
1394,435,636,0,27
1395,440,635,0,33
1396,445,639,0,39
1397,446,650,0,59
1398,447,653,0,47
1399,452,654,0,55
1400,456,655,0,60
1401,458,655,0,58
1402,461,656,0,52
1403,464,665,0,41
1404,465,667,0,44
1405,468,671,0,45
1406,468,674,0,45
1407,470,681,0,48
1408,470,686,0,36
1409,472,689,0,21
1410,471,692,0,8
1411,470,692,0,2
1412,469,691,0,0
1413,468,690,0,358
1414,466,688,0,1
1415,467,685,0,2
1416,466,685,0,359
1417,465,686,0,352
1418,464,685,0,353
1419,463,682,0,357
1420,463,678,0,8
1421,463,677,0,9
1423,463,675,0,12
1433,465,686,0,21
1434,456,688,0,12
1435,450,688,0,356
1436,446,688,0,353
1437,444,688,0,352
1438,442,688,0,354
1439,442,688,0,355
1440,442,687,0,355
1441,442,687,0,1
1442,443,688,0,357
1443,444,688,0,358
1444,444,689,0,358
1445,444,689,0,357
1446,443,689,0,4
1447,444,690,0,359
1448,444,691,0,357
1449,444,692,0,359
1450,445,693,0,3
1451,448,694,0,9
1452,457,699,0,11
1453,454,702,0,19
1454,456,704,0,14
1455,457,705,0,13
1456,457,706,0,14
1457,457,709,0,19
1458,458,710,0,15
1459,459,710,0,20
1460,461,710,0,23
1461,462,710,0,21
1462,462,710,0,18
1467,461,711,0,18
1468,461,711,0,17
1469,460,712,0,16
1470,460,712,0,12
1471,461,713,0,17
1472,461,713,0,18
1481,462,713,0,7
1482,462,713,0,6
1483,461,713,0,7
1484,461,713,0,5
1485,460,713,0,5
1486,460,713,0,6
1487,460,713,0,4
1488,460,712,0,6
1490,460,708,0,7
1491,446,706,0,335
1492,447,704,0,333
1493,449,704,0,333
1494,450,702,0,339
1495,456,702,0,344
1496,457,701,0,344
1497,457,701,0,346
1498,454,701,0,343
1499,454,703,0,337
1500,455,702,0,337
1501,458,701,0,344
1502,461,700,0,354
1503,463,700,0,359
1511,466,701,0,356
1512,468,704,0,0
1513,468,708,0,356
1514,470,710,0,356
1515,469,712,0,351
1516,470,713,0,351
1517,468,712,0,346
1518,459,711,0,325
1519,452,709,0,321
1520,443,707,0,305
1521,445,701,0,320
1522,451,697,0,330
1523,456,693,0,340
1524,457,692,0,349
1525,465,693,0,354
1526,467,694,0,353
1527,467,695,0,350
1528,464,697,0,345
1529,453,698,0,341
1530,448,695,0,338
1531,445,691,0,330
1532,450,687,0,340
1533,455,689,0,348
1534,465,693,0,349
1535,468,696,0,346
1536,470,702,0,341
1537,471,705,0,328
1538,465,706,0,294
1539,465,698,0,288
1540,466,693,0,298
1541,463,690,0,302
1542,463,682,0,319
1543,453,673,0,323
1544,452,670,0,326
1545,446,666,0,332
1546,441,660,0,333
1547,434,661,0,345
1548,439,662,0,341
1549,443,665,0,341
1550,445,666,0,335
1551,448,667,0,337
1552,449,668,0,329
1553,449,670,0,324
1554,449,670,0,321
1555,448,671,0,315
1556,448,672,0,313
1557,448,671,0,313
1558,450,672,0,315
1559,455,673,0,315
1560,460,673,0,316
1561,466,676,0,310
1562,468,676,0,298
1563,467,674,0,296
1564,466,672,0,305
1565,466,672,0,311
1566,469,671,0,317
1567,472,671,0,319
1568,472,672,0,315
1569,472,674,0,311
1570,472,676,0,320
1571,470,675,0,326
1572,467,673,0,326
1573,466,671,0,326
1574,468,670,0,322
1575,468,669,0,322
1576,468,666,0,326
1577,468,665,0,324
1578,470,662,0,326
1579,469,662,0,332
1580,469,662,0,330
1581,468,661,0,339
1582,467,660,0,343
1583,466,660,0,344
1584,464,660,0,345
1585,464,660,0,345
1586,464,660,0,342
1587,463,658,0,351
1588,462,657,0,353
1589,461,656,0,354
1590,461,656,0,355
1593,412,656,0,318
1599,418,659,0,149
1600,423,662,0,160
1603,425,662,0,165
1604,424,661,0,171
1607,422,664,0,166
1608,424,662,0,164
1609,423,663,0,167
1610,422,663,0,160
1612,423,670,0,164
1613,424,669,0,165
1614,423,668,0,336
1615,425,668,0,163
1616,423,668,0,156
1617,423,665,0,148
1618,423,664,0,149
1619,423,666,0,147
1620,421,667,0,141
1621,420,665,0,330
1622,410,659,0,322
1624,411,660,0,321
1625,412,661,0,144
1626,414,661,0,153
1627,413,661,0,321
1629,419,665,0,152
1630,420,668,0,141
1631,422,663,0,172
1632,423,663,0,175
1633,424,665,0,171
1634,424,664,0,172
1635,422,666,0,175
1636,423,666,0,182
1637,422,668,0,182
1638,419,669,0,183
1639,417,671,0,186
1640,419,671,0,179
1641,418,672,0,183
1642,415,676,0,178
1648,424,674,0,177
1649,422,672,0,198
1650,423,670,0,165
1651,424,673,0,168
1652,424,674,0,168
1653,422,675,0,168
1654,422,677,0,174
1655,420,676,0,166
1656,423,680,0,181
1658,418,677,0,184
1659,422,674,0,182
1660,420,670,0,175
1661,419,670,0,173
1662,418,668,0,169
1665,412,669,0,179
1666,418,671,0,178
1667,414,671,0,183
1670,416,668,0,166
1671,419,668,0,163
1672,416,665,0,179
1678,416,672,0,347
1679,415,674,0,20
1680,417,676,0,11
1681,419,677,0,13
1682,420,676,0,2
1683,429,680,0,0
1684,456,663,0,359
1685,455,662,0,1
1686,456,663,0,1
1687,456,663,0,359
1688,455,666,0,355
1689,454,667,0,353
1690,452,668,0,355
1691,452,669,0,352
1692,452,669,0,356
1693,453,668,0,359
1694,453,666,0,3
1695,451,665,0,10
1696,451,665,0,14
1697,450,664,0,22
1698,450,664,0,21
1699,450,664,0,17
1700,450,664,0,22
1701,451,665,0,20
1702,453,665,0,13
1703,455,663,0,12
1704,455,663,0,7
1705,456,665,0,6
1706,457,666,0,5
1707,458,669,0,2
1708,457,670,0,1
1709,454,671,0,2
1710,454,670,0,2
1711,453,671,0,359
1712,454,672,0,358
1713,454,670,0,3
1714,452,669,0,6
1715,453,668,0,9
1716,453,667,0,11
1717,454,668,0,11
1718,454,668,0,11
1719,454,667,0,11
1720,451,667,0,21
1721,450,668,0,23
1722,451,670,0,15
1723,447,675,0,2
1724,447,677,0,353
1725,446,679,0,344
1726,442,679,0,345
1727,439,678,0,341
1728,439,678,0,339
1729,438,677,0,339
1730,434,676,0,344
1731,431,671,0,349
1732,430,671,0,351
1733,430,670,0,355
1734,430,669,0,358
1736,429,665,0,355
1737,431,663,0,359
1738,433,662,0,1
1739,437,660,0,3
1740,439,660,0,359
1741,440,659,0,358
1742,440,659,0,357
1743,441,658,0,1
1744,440,656,0,4
1745,443,656,0,359
1746,443,656,0,352
1747,444,658,0,346
1748,446,659,0,347
1749,448,657,0,342
1750,447,657,0,342
1751,447,658,0,343
1752,449,657,0,348
1753,447,656,0,355
1754,447,655,0,355
1755,447,655,0,0
1756,439,659,0,12
1757,431,661,0,22
1758,421,666,0,23
1759,422,665,0,23
1760,422,659,0,28
1761,423,656,0,16
1762,424,655,0,15
1763,424,654,0,18
1764,426,653,0,15
1765,426,652,0,15
1766,424,653,0,23
1767,424,653,0,18
1768,423,654,0,15
1769,419,656,0,11
1770,418,655,0,7
1771,420,654,0,4
1772,419,652,0,6
1773,420,652,0,3
1774,420,650,0,4
1775,424,648,0,358
1776,423,646,0,356
1777,431,644,0,344
1778,435,641,0,345
1779,438,638,0,351
1782,437,630,0,37
1783,435,636,0,32
1784,434,626,0,47
1785,436,624,0,49
1786,435,627,0,66
1787,436,628,0,75
1788,435,631,0,74
1789,431,634,0,62
1790,427,639,0,59
1791,425,643,0,57
1792,426,643,0,54
1802,436,662,0,86
1803,436,661,0,88
1804,444,660,0,83
1805,445,659,0,84
1806,446,659,0,90
1807,448,664,0,100
1808,449,662,0,96
1809,453,658,0,89
1810,452,661,0,88
1811,454,663,0,88
1812,458,671,0,80
1813,458,674,0,76
1814,460,671,0,73
1815,460,667,0,71
1816,460,666,0,82
1817,463,663,0,91
1818,463,661,0,88
1819,465,662,0,82
1820,465,669,0,68
1821,462,677,0,51
1822,461,677,0,45
1823,459,673,0,49
1824,458,673,0,52
1825,458,671,0,50
1826,457,666,0,48
1829,462,668,0,84
1830,465,671,0,86
1831,465,674,0,86
1832,464,675,0,86
1833,464,674,0,92
1834,464,674,0,94
1835,468,677,0,93
1836,470,678,0,87
1837,470,682,0,87
1838,470,684,0,89
1839,468,689,0,89
1840,471,690,0,83
1841,472,687,0,80
1842,473,685,0,81
1843,471,686,0,75
1844,469,689,0,70
1845,469,690,0,67
1846,470,690,0,68
1847,469,693,0,69
1848,470,695,0,67
1849,467,700,0,72
1850,471,699,0,64
1851,472,694,0,73
1852,474,695,0,69
1853,476,690,0,70
1854,474,690,0,65
1855,473,690,0,57
1856,472,692,0,44
1857,471,692,0,42
1858,470,695,0,34
1859,469,698,0,28
1860,467,703,0,16
1861,466,706,0,20
1862,467,710,0,15
1863,467,711,0,11
1864,465,713,0,357
1865,460,711,0,327
1866,457,710,0,323
1867,455,709,0,316
1868,457,706,0,314
1869,457,705,0,315
1870,460,703,0,318
1871,463,702,0,325
1872,464,704,0,319
1873,469,703,0,327
1876,470,699,0,326
1877,477,701,0,323
1878,477,697,0,321
1879,474,694,0,328
1880,471,693,0,326
1881,464,690,0,323
1882,460,684,0,330
1883,460,682,0,339
1884,463,680,0,343
1885,467,680,0,350
1886,467,682,0,351
1887,469,685,0,340
1888,469,686,0,341
1889,466,686,0,335
1891,460,682,0,347
1893,462,679,0,346
1894,465,677,0,346
1895,470,677,0,337
1896,466,676,0,332
1897,467,678,0,317
1898,468,675,0,315
1899,466,671,0,322
1900,460,669,0,320
1901,452,664,0,324
1903,471,689,1,330
1924,341,769,1,50
1925,339,769,1,50
1926,340,768,1,34
1927,340,767,1,33
1928,341,767,1,28
1929,340,767,1,36
1930,341,768,1,15
1931,341,768,1,33
1932,340,767,1,358
1933,341,767,1,341
1934,341,767,1,322
1935,342,767,1,310
1936,341,767,1,327
1937,341,767,1,299
1938,341,767,1,292
1942,341,767,1,295
1943,341,767,1,311
1950,339,766,1,25
1953,339,765,1,67
1954,339,765,1,85
1955,339,765,1,273
1956,340,765,1,83
1957,340,765,1,78
1958,339,765,1,79
1959,339,764,1,73
1963,315,659,1,0
1964,315,660,1,333
1966,315,660,1,11
1967,314,660,1,43
1968,314,660,1,31
1974,339,764,1,67
1975,339,764,1,77
1976,339,763,1,67
1980,339,763,1,277
1981,340,764,1,81
1982,341,764,1,90
1990,341,765,1,81
1991,340,764,1,70
1992,341,764,1,38
1993,342,764,1,29
1994,342,765,1,60
1995,342,766,1,60
1999,341,766,1,56
2000,341,766,1,65
2001,341,766,1,70
2002,341,766,1,283
2003,341,766,1,82
2004,342,766,1,74
2005,342,767,1,277
2006,342,766,1,74
2007,342,767,1,86
2009,344,764,1,305
2010,343,764,1,294
2011,344,762,1,287
2012,343,765,1,280
2013,343,765,1,277
2014,344,765,1,309
2015,345,765,1,90
2016,344,765,1,64
2019,343,764,1,317
2020,342,765,1,301
2023,344,765,1,42
2026,345,766,1,285
2027,344,766,1,286
2028,343,766,1,308
2030,344,767,1,45
2034,464,742,0,355
2035,463,739,0,358
2036,453,741,0,357
2037,451,742,0,354
2038,456,743,0,357
2039,464,745,0,355
2040,459,742,0,6
2041,461,745,0,23
2042,469,745,0,29
2043,470,747,0,36
2044,472,750,0,41
2045,471,754,0,37
2046,472,748,0,29
2047,473,752,0,33
2048,474,751,0,26
2049,474,743,0,0
2050,472,729,0,341
2051,467,726,0,337
2052,463,724,0,340
2053,452,715,0,339
2054,446,710,0,333
2055,439,712,0,343
2057,443,713,0,349
2058,448,710,0,352
2059,452,707,0,338
2060,452,706,0,347
2061,451,705,0,357
2062,449,706,0,359
2063,454,709,0,358
2064,456,708,0,0
2065,456,709,0,1
2066,450,707,0,11
2067,450,706,0,20
2068,452,709,0,31
2069,450,709,0,33
2070,451,710,0,32
2071,449,711,0,33
2072,448,712,0,33
2073,453,713,0,33
2074,457,710,0,33
2075,451,718,0,42
2076,453,720,0,25
2077,435,724,0,27
2078,436,729,0,23
2079,438,732,0,27
2080,440,732,0,26
2081,443,731,0,23
2082,445,731,0,27
2083,446,732,0,23
2084,444,735,0,31
2085,442,741,0,38
2086,445,745,0,35
2087,444,742,0,32
2088,445,743,0,36
2089,443,750,0,40
2090,447,749,0,44
2091,445,759,0,36
2092,446,758,0,34
2093,446,758,0,32
2094,446,759,0,31
2095,445,761,0,18
2096,449,760,0,11
2097,449,760,0,8
2098,445,757,0,357
2099,440,755,0,350
2100,439,755,0,350
2101,437,752,0,358
2102,436,751,0,359
2103,435,750,0,1
2104,435,749,0,5
2105,436,750,0,6
2106,436,750,0,8
2107,436,751,0,7
2108,436,751,0,6
2109,436,750,0,10
2110,437,750,0,8
2111,436,750,0,6
2112,431,750,0,5
2113,430,752,0,1
2114,430,752,0,357
2115,430,751,0,356
2116,431,750,0,357
2117,432,748,0,355
2118,434,745,0,4
2119,438,745,0,1
2120,444,737,0,15
2121,451,736,0,16
2122,450,738,0,28
2123,452,734,0,17
2124,451,731,0,13
2125,450,732,0,8
2126,450,733,0,3
2127,453,733,0,1
2128,452,735,0,4
2129,450,735,0,8
2130,445,740,0,357
2131,443,738,0,348
2132,445,734,0,355
2133,451,736,0,349
2134,452,735,0,354
2135,451,735,0,0
2136,447,736,0,355
2137,447,740,0,353
2138,444,740,0,357
2139,446,743,0,357
2140,449,740,0,6
2141,453,740,0,5
2142,455,740,0,7
2143,450,740,0,1
2144,442,739,0,342
2145,441,737,0,345
2146,445,737,0,351
2147,443,739,0,354
2148,440,741,0,351
2149,440,743,0,349
2150,440,741,0,355
2151,444,742,0,356
2152,449,743,0,6
2153,454,746,0,21
2154,456,746,0,21
2155,458,750,0,20
2156,458,754,0,16
2157,453,755,0,13
2158,456,754,0,14
2159,453,754,0,19
2160,454,753,0,25
2161,458,745,0,21
2162,459,742,0,16
2163,461,739,0,7
2164,459,740,0,3
2165,452,741,0,0
2166,458,743,0,354
2167,457,743,0,347
2168,452,738,0,354
2169,446,736,0,350
2170,436,732,0,358
2171,432,731,0,359
2172,429,733,0,1
2173,435,738,0,347
2174,432,734,0,347
2175,441,733,0,334
2176,444,732,0,332
2177,446,733,0,329
2178,447,733,0,328
2179,449,734,0,335
2180,451,735,0,337
2181,451,735,0,344
2182,451,735,0,346
2183,449,736,0,357
2184,446,734,0,356
2185,439,728,0,358
2186,438,727,0,359
2187,438,729,0,4
2188,436,730,0,12
2189,431,731,0,12
2190,430,734,0,8
2191,425,738,0,3
2192,423,740,0,1
2193,422,745,0,358
2194,421,743,0,6
2195,422,742,0,12
2196,423,741,0,22
2197,421,741,0,34
2198,423,743,0,40
2199,425,744,0,45
2200,431,744,0,50
2201,433,743,0,49
2202,432,745,0,45
2203,431,748,0,36
2204,430,749,0,36
2205,428,748,0,42
2206,427,749,0,52
2207,431,757,0,39
2208,428,760,0,39
2209,421,765,0,26
2210,414,770,0,21
2211,415,771,0,22
2212,415,774,0,10
2213,418,777,0,14
2214,427,767,0,20
2215,427,766,0,10
2216,422,770,0,0
2217,419,771,0,0
2218,411,770,0,356
2219,405,775,0,15
2220,397,776,0,3
2221,391,777,0,11
2222,385,779,0,17
2225,399,780,0,41
2235,367,902,1,293
2239,506,972,0,219
2250,313,1021,1,291
2254,366,873,1,22
2255,366,874,1,45
2268,400,881,0,202
2272,342,791,0,300
2280,441,827,1,350
2293,419,812,1,274
2296,421,813,1,299
2300,417,813,1,280
2308,415,817,0,298
2309,413,813,0,302
2310,412,815,0,296
2311,412,821,0,287
2312,410,816,0,283
2313,413,818,0,275
2314,414,817,0,261
2315,412,815,0,257
2316,409,815,0,261
2317,407,818,0,261
2318,407,818,0,258
2319,406,815,0,258
2320,404,814,0,261
2321,403,812,0,267
2322,404,814,0,277
2323,403,814,0,299
2324,400,808,0,301
2325,394,803,0,310
2326,398,802,0,303
2327,397,795,0,296
2328,397,795,0,304
2329,395,797,0,322
2330,394,798,0,336
2331,390,799,0,347
2332,388,798,0,349
2333,388,797,0,353
2334,390,796,0,7
2335,390,796,0,10
2336,395,792,0,25
2337,408,789,0,2
2338,412,792,0,5
2339,413,798,0,40
2340,416,809,0,64
2341,411,822,0,70
2342,410,832,0,73
2343,410,841,0,71
2344,412,842,0,77
2345,412,848,0,83
2346,415,856,0,94
2347,416,862,0,95
2348,418,867,0,98
2349,421,871,0,95
2350,423,874,0,94
2351,425,876,0,96
2352,427,874,0,98
2353,427,876,0,94
2354,429,877,0,93
2355,429,876,0,93
2356,429,872,0,94
2357,429,877,0,96
2358,429,887,0,105
2359,428,898,0,100
2360,432,903,0,98
2361,438,916,0,90
2362,439,923,0,99
2363,436,924,0,111
2364,434,923,0,123
2365,436,923,0,135
2366,438,920,0,151
2367,440,918,0,150
2368,440,919,0,152
2369,443,919,0,154
2370,443,919,0,152
2371,444,920,0,155
2372,449,922,0,157
2373,453,921,0,156
2374,458,921,0,172
2375,468,923,0,176
2376,480,931,0,155
2377,487,933,0,149
2378,490,933,0,149
2379,496,934,0,148
2380,504,936,0,150
2381,513,946,0,144
2382,531,958,0,132
2383,538,962,0,132
2384,552,974,0,120
2387,559,1008,0,73
2388,561,1005,0,70
2389,560,1007,0,70
2390,554,1015,0,61
2391,552,1024,0,57
2392,550,1024,0,57
2393,553,1023,0,69
2394,557,1024,0,72
2395,558,1024,0,77
2396,563,1016,0,82
2397,565,1011,0,66
2398,564,1010,0,48
2399,562,1011,0,33
2400,561,1012,0,29
2401,560,1012,0,30
2402,559,1010,0,24
2403,560,1010,0,22
2404,566,1010,0,12
2405,571,1012,0,354
2406,574,1014,0,352
2407,576,1011,0,344
2408,576,1010,0,348
2409,577,1009,0,347
2410,576,1011,0,352
2411,571,1011,0,356
2412,567,1012,0,350
2413,568,1009,0,347
2414,562,1011,0,347
2415,556,1010,0,346
2416,555,1010,0,333
2417,553,1009,0,332
2418,553,1008,0,334
2421,558,1006,0,326
2422,557,1005,0,329
2423,562,1012,0,326
2424,561,1013,0,342
2425,562,1009,0,348
2426,562,1011,0,348
2427,564,1008,0,330
2428,564,1004,0,328
2429,565,1003,0,327
2430,564,1000,0,326
2431,563,998,0,313
2432,561,988,0,327
2433,557,983,0,330
2434,555,976,0,332
2435,553,974,0,336
2436,556,972,0,334
2437,561,969,0,323
2438,564,964,0,331
2439,573,963,0,320
2445,562,949,0,5
2446,562,948,0,8
2458,571,1086,1,341
2462,590,974,0,319
2481,570,874,0,323
2491,576,873,1,292
2492,576,873,1,289
2493,577,873,1,273
2494,577,872,1,282
2495,577,872,1,278
2496,577,872,1,281
2497,577,872,1,291
2498,577,872,1,288
2499,577,871,1,294
2500,577,871,1,285
2501,577,871,1,284
2502,577,871,1,296
2503,577,871,1,288
2504,577,871,1,282
2505,577,871,1,280
2506,577,871,1,280
2507,577,871,1,280
2508,577,871,1,281
2509,577,871,1,283
2510,577,871,1,283
2511,577,871,1,291
2512,577,871,1,296
2513,577,871,1,294
2514,577,871,1,293
2515,577,871,1,295
2516,577,871,1,291
2517,577,871,1,294
2518,577,871,1,302
2519,577,871,1,300
2520,577,871,1,300
2521,577,871,1,316
2522,577,871,1,299
2523,576,871,1,308
2524,577,870,1,308
2525,577,870,1,329
2526,577,870,1,341
2527,577,870,1,332
2528,578,870,1,329
2529,578,871,1,332
2530,578,871,1,311
2531,577,870,1,312
2532,577,870,1,320
2533,578,870,1,314
2534,578,870,1,306
2535,579,871,1,286
2536,579,871,1,288
2537,579,871,1,279
2538,580,871,1,264
2539,579,870,1,277
2540,579,871,1,275
2541,580,869,1,268
2546,579,869,1,86
2547,579,870,1,274
2548,579,869,1,286
2549,579,869,1,282
2550,579,869,1,280
2551,579,869,1,283
2552,579,869,1,278
2554,579,869,1,327
2556,579,871,1,270
2557,579,871,1,279
2558,579,872,1,276
2559,579,871,1,285
2560,579,871,1,285
2561,580,871,1,284
2562,580,871,1,278
2563,580,871,1,281
2564,580,871,1,288
2565,581,871,1,87
2569,579,873,1,294
2570,578,873,1,279
2571,579,873,1,283
2572,579,873,1,280
2573,578,873,1,271
2574,577,872,1,287
2575,577,871,1,291
2576,577,871,1,279
2577,578,872,1,287
2578,578,872,1,294
2579,579,871,1,292
2580,579,872,1,285
2581,579,872,1,280
2582,580,872,1,279
2583,580,872,1,282
2584,579,871,1,309
2585,579,871,1,291
2586,580,874,1,281
2587,578,872,1,283
2588,578,872,1,284
2589,579,871,1,289
2590,579,871,1,290
2602,505,728,1,351
2613,578,719,1,25
2627,501,857,1,85
2628,500,856,1,87
2634,499,856,1,338
2638,500,857,1,87
2654,580,874,1,84
2662,504,966,0,1
2666,581,872,1,67
2669,620,876,0,359
2672,580,872,1,88
2673,579,872,1,284
2676,579,872,1,278
2679,580,872,1,75
2680,580,871,1,50
2684,579,874,1,310
2685,579,873,1,310
2686,578,873,1,303
2704,636,869,0,231
2705,637,869,0,211
2706,637,868,0,204
2707,638,868,0,200
2720,660,992,0,112
2738,442,1223,1,354
2739,442,1223,1,348
2746,443,1223,1,328
2749,442,1224,1,355
2754,442,1223,1,301
2755,442,1223,1,294
2756,442,1223,1,302
2759,442,1224,1,323
2760,442,1224,1,326
2761,442,1224,1,317
2762,442,1223,1,331
2763,442,1224,1,324
2764,441,1224,1,315
2765,441,1224,1,315
2766,441,1224,1,332
2767,441,1224,1,332
2768,441,1224,1,327
2769,441,1224,1,311
2770,442,1224,1,336
2771,442,1224,1,0
2772,442,1223,1,6
2780,464,1111,0,349
2782,465,1111,0,333
2783,465,1112,0,329
2788,467,1109,0,347
2798,523,1055,1,12
2807,572,1086,1,314
2808,573,1085,1,297
2809,572,1086,1,312
2812,570,1087,1,326
2824,459,1113,0,6
2825,458,1112,0,2
2826,458,1112,0,359
2827,456,1112,0,0
2828,457,1112,0,0
2831,464,1115,0,339
2832,449,1113,0,1
2834,453,1112,0,37
2835,455,1111,0,47
2836,459,1113,0,41
2837,468,1109,0,44
2838,463,1117,0,45
2839,463,1136,0,48
2840,449,1151,0,55
2841,436,1160,0,60
2842,437,1167,0,68
2843,431,1174,0,64
2844,435,1179,0,78
2845,440,1194,0,84
2846,438,1198,0,97
2847,438,1203,0,102
2848,441,1207,0,92
2849,440,1206,0,62
2850,446,1214,0,79
2851,446,1227,0,84
2852,448,1238,0,87
2853,450,1244,0,90
2854,457,1245,0,99
2855,458,1247,0,110
2856,457,1266,0,116
2857,465,1289,0,126
2858,473,1299,0,127
2859,473,1316,0,112
2860,479,1334,0,98
2861,474,1357,0,95
2862,466,1358,0,82
2863,468,1353,0,74
2864,469,1349,0,71
2865,468,1353,0,76
2866,466,1364,0,72
2867,477,1358,0,81
2868,481,1362,0,87
2869,483,1370,0,84
2870,482,1377,0,80
2871,475,1386,0,75
2872,481,1387,0,82
2873,477,1390,0,74
2876,428,1352,0,21
2877,430,1350,0,33
2879,430,1350,0,23
2883,440,1473,0,69
2884,437,1479,0,76
2885,443,1489,0,86
2886,435,1494,0,69
2887,435,1504,0,75
2888,434,1508,0,68
2889,430,1514,0,62
2890,426,1516,0,55
2891,419,1528,0,49
2892,414,1532,0,28
2893,405,1547,0,18
2894,397,1553,0,21
2895,390,1560,0,26
2896,382,1562,0,27
2897,379,1568,0,23
2898,385,1572,0,9
2899,383,1576,0,26
2900,372,1574,0,23
2901,377,1574,0,40
2902,376,1581,0,56
2903,375,1589,0,51
2904,369,1596,0,59
2905,368,1609,0,48
2906,356,1618,0,56
2907,344,1629,0,61
2908,341,1646,0,71
2909,338,1655,0,59
2910,333,1672,0,49
2911,323,1683,0,43
2912,304,1700,0,50
2913,294,1710,0,57
2914,294,1714,0,61
2915,285,1721,0,71
2916,283,1735,0,75
2917,283,1749,0,68
2918,279,1760,0,82
2919,277,1773,0,101
2920,280,1787,0,107
2921,293,1793,0,109
2922,289,1796,0,117
2923,293,1797,0,109
2924,296,1804,0,102
2925,292,1810,0,85
2926,295,1822,0,80
2927,297,1831,0,69
2928,301,1835,0,61
2929,288,1851,0,55
2930,284,1860,0,62
2931,277,1868,0,69
2932,276,1869,0,71
2933,270,1873,0,55
2934,269,1874,0,52
2935,272,1874,0,47
2936,274,1875,0,49
2937,271,1878,0,50
2938,269,1882,0,51
2939,278,1882,0,34
2940,279,1883,0,34
2941,283,1884,0,32
2942,281,1885,0,38
2943,277,1888,0,37
2944,277,1891,0,25
2945,279,1892,0,25
2946,278,1894,0,22
2947,277,1892,0,34
2948,277,1891,0,54
2949,283,1895,0,65
2950,284,1894,0,67
2951,283,1907,0,68
2952,283,1912,0,71
2953,277,1922,0,75
2954,284,1932,0,92
2955,277,1949,0,97
2956,290,1961,0,115
2957,292,1973,0,126
2958,296,1974,0,117
2959,300,1970,0,134
2960,303,1969,0,142
2961,298,1969,0,141
2962,298,1969,0,138
2969,415,1835,0,207
2971,430,1761,0,321
2972,410,1696,0,303
2974,409,1699,0,311
2975,408,1696,0,311
2977,412,1691,0,302
2994,477,1853,0,331
2995,477,1852,0,316
