0,1268,719,0,27
1,1267,719,0,28
2,1266,721,0,31
3,1266,720,0,34
4,1265,721,0,32
5,1265,721,0,30
6,1265,719,0,21
7,1264,719,0,20
8,1263,718,0,24
9,1261,717,0,29
10,1261,715,0,32
11,1263,712,0,34
12,1261,714,0,34
13,1260,716,0,27
14,1258,716,0,29
15,1257,717,0,22
16,1258,718,0,21
17,1259,717,0,21
18,1258,718,0,19
19,1260,717,0,16
20,1262,718,0,11
21,1264,720,0,11
22,1264,720,0,12
23,1265,720,0,10
24,1264,723,0,10
25,1264,725,0,9
26,1264,725,0,7
27,1262,724,0,5
28,1264,724,0,9
29,1264,728,0,358
30,1266,727,0,0
31,1265,730,0,5
32,1265,730,0,9
33,1266,727,0,11
34,1266,729,0,13
35,1265,728,0,12
36,1265,728,0,12
37,1265,729,0,13
38,1265,729,0,14
39,1264,730,0,13
40,1264,729,0,13
41,1263,729,0,13
42,1264,731,0,15
43,1266,730,0,18
44,1265,733,0,19
45,1265,733,0,18
46,1266,732,0,20
47,1267,731,0,17
48,1266,731,0,17
49,1265,732,0,19
50,1266,732,0,20
51,1265,733,0,17
52,1265,733,0,15
53,1264,732,0,20
54,1265,734,0,17
55,1264,733,0,19
56,1265,732,0,16
57,1264,731,0,17
58,1264,732,0,16
59,1264,730,0,15
60,1264,727,0,14
61,1264,730,0,12
62,1263,733,0,13
63,1262,731,0,13
64,1262,732,0,9
65,1263,733,0,12
66,1264,734,0,11
67,1263,733,0,9
68,1264,731,0,12
69,1265,730,0,11
70,1264,730,0,9
71,1263,730,0,14
72,1263,730,0,16
73,1264,728,0,14
74,1264,729,0,11
75,1266,728,0,9
76,1264,727,0,9
77,1264,730,0,19
78,1264,732,0,11
79,1266,730,0,14
80,1265,732,0,9
81,1267,731,0,11
82,1266,732,0,9
83,1265,730,0,8
84,1263,728,0,5
85,1261,731,0,359
86,1260,730,0,357
87,1262,731,0,3
88,1259,731,0,7
89,1256,734,0,2
90,1252,736,0,358
91,1254,736,0,0
92,1253,737,0,354
93,1252,735,0,356
94,1253,732,0,3
95,1256,727,0,1
96,1255,727,0,0
97,1252,731,0,356
98,1253,732,0,359
99,1252,734,0,357
100,1252,734,0,354
101,1251,734,0,351
102,1252,733,0,359
103,1253,732,0,1
104,1253,731,0,3
105,1256,733,0,355
106,1255,735,0,353
107,1255,739,0,352
108,1255,739,0,357
109,1254,739,0,3
110,1257,738,0,7
111,1254,738,0,7
112,1253,739,0,1
113,1253,740,0,358
114,1252,741,0,356
115,1253,741,0,355
116,1252,738,0,4
117,1252,739,0,2
118,1252,740,0,359
119,1254,741,0,356
120,1255,742,0,358
121,1256,742,0,356
122,1257,743,0,357
123,1257,743,0,356
124,1257,742,0,358
125,1259,742,0,356
126,1259,742,0,359
127,1258,741,0,5
128,1258,741,0,6
129,1258,741,0,6
130,1258,741,0,6
131,1258,741,0,4
132,1257,742,0,359
133,1257,741,0,359
134,1257,740,0,1
135,1259,739,0,3
136,1259,740,0,2
137,1260,739,0,3
138,1261,738,0,6
139,1260,738,0,6
140,1260,738,0,6
141,1259,739,0,6
142,1259,742,0,359
143,1259,741,0,3
144,1258,741,0,3
145,1259,740,0,2
146,1258,740,0,3
147,1258,739,0,5
148,1260,738,0,7
149,1259,739,0,6
150,1259,740,0,2
151,1259,739,0,6
152,1259,739,0,2
153,1258,740,0,0
154,1257,737,0,0
155,1259,738,0,357
156,1258,738,0,356
157,1257,738,0,356
158,1256,739,0,351
159,1256,737,0,356
160,1256,737,0,358
161,1256,737,0,359
162,1256,737,0,0
163,1257,737,0,359
164,1257,737,0,359
165,1257,737,0,356
166,1256,736,0,356
167,1258,736,0,356
168,1259,739,0,358
169,1259,741,0,359
170,1258,740,0,359
171,1258,740,0,359
172,1257,739,0,0
173,1257,739,0,0
174,1257,738,0,0
175,1256,738,0,2
176,1256,737,0,2
177,1256,737,0,3
178,1256,737,0,4
179,1257,737,0,0
180,1256,736,0,2
181,1255,734,0,2
182,1255,737,0,355
183,1256,737,0,356
184,1254,735,0,358
185,1257,736,0,356
186,1257,736,0,0
187,1258,738,0,359
188,1256,739,0,353
189,1255,738,0,0
190,1255,736,0,6
191,1254,736,0,6
192,1254,736,0,5
193,1254,736,0,4
194,1255,737,0,5
195,1252,737,0,3
196,1254,737,0,0
197,1254,736,0,357
198,1255,735,0,2
199,1256,735,0,5
200,1258,734,0,6
201,1257,734,0,9
202,1257,735,0,4
203,1256,736,0,3
204,1255,736,0,4
205,1254,734,0,6
206,1254,734,0,8
207,1254,734,0,8
208,1255,734,0,6
209,1255,735,0,5
210,1254,735,0,6
211,1254,734,0,5
212,1255,734,0,6
213,1256,733,0,9
214,1254,733,0,8
215,1253,733,0,7
216,1253,733,0,3
217,1252,734,0,0
218,1253,734,0,2
219,1255,735,0,0
220,1257,736,0,358
221,1257,736,0,1
222,1257,737,0,359
223,1256,738,0,356
224,1255,736,0,3
225,1254,736,0,7
226,1254,736,0,8
227,1254,736,0,9
228,1254,736,0,8
229,1254,738,0,7
230,1252,737,0,3
231,1254,735,0,2
232,1254,733,0,4
233,1254,733,0,3
234,1254,732,0,3
235,1254,732,0,3
236,1252,730,0,6
237,1252,732,0,357
238,1252,733,0,357
239,1251,733,0,356
240,1251,733,0,358
241,1252,733,0,358
242,1254,733,0,0
243,1252,733,0,1
244,1253,733,0,2
245,1253,733,0,1
246,1254,733,0,2
247,1254,732,0,4
248,1253,732,0,6
249,1255,729,0,15
250,1255,731,0,16
251,1256,730,0,17
252,1255,732,0,16
253,1257,729,0,17
254,1257,731,0,20
255,1257,731,0,25
256,1256,731,0,24
257,1255,730,0,27
258,1255,727,0,32
259,1254,727,0,36
260,1255,726,0,38
261,1260,726,0,44
262,1261,723,0,54
263,1263,726,0,52
264,1261,726,0,49
265,1262,728,0,53
266,1262,728,0,60
267,1261,727,0,68
268,1263,724,0,76
269,1265,723,0,85
270,1266,723,0,89
271,1269,722,0,96
272,1270,720,0,105
273,1269,719,0,109
274,1269,710,0,104
275,1270,719,0,124
276,1270,722,0,135
277,1269,723,0,145
278,1269,728,0,155
279,1272,725,0,170
280,1278,721,0,161
281,1280,722,0,169
282,1282,717,0,175
283,1285,721,0,176
284,1290,720,0,174
285,1297,718,0,173
286,1303,713,0,175
287,1306,717,0,169
288,1309,714,0,152
289,1310,715,0,146
290,1309,716,0,143
291,1309,716,0,151
292,1310,717,0,156
293,1316,719,0,155
294,1317,720,0,150
295,1319,723,0,157
296,1319,724,0,158
297,1315,723,0,169
298,1313,719,0,181
299,1310,716,0,190
300,1308,714,0,192
301,1307,711,0,197
302,1306,710,0,203
303,1306,710,0,213
304,1308,709,0,209
305,1312,706,0,198
306,1317,704,0,185
307,1324,705,0,174
308,1328,713,0,156
309,1332,716,0,135
310,1329,718,0,135
311,1327,721,0,151
312,1326,718,0,169
313,1328,714,0,178
314,1332,712,0,179
315,1336,719,0,197
317,1347,709,0,186
318,1348,706,0,169
319,1348,710,0,161
320,1359,715,0,158
321,1361,719,0,169
322,1358,724,0,174
323,1359,725,0,175
324,1366,727,0,192
325,1372,719,0,180
326,1373,722,0,189
327,1376,725,0,190
328,1384,723,0,184
329,1389,727,0,183
330,1392,733,0,167
331,1400,742,0,169
332,1407,744,0,161
333,1418,747,0,179
334,1424,748,0,180
335,1430,749,0,182
336,1446,746,0,195
337,1451,742,0,189
338,1456,743,0,196
339,1457,742,0,210
340,1461,735,0,231
341,1462,732,0,232
342,1464,733,0,229
343,1466,730,0,222
344,1467,730,0,214
345,1473,729,0,207
346,1477,727,0,192
347,1486,730,0,197
348,1498,724,0,207
349,1501,721,0,223
350,1505,720,0,239
351,1514,718,0,242
352,1511,714,0,248
353,1514,705,0,251
354,1515,700,0,256
355,1511,700,0,269
356,1509,700,0,276
357,1504,696,0,273
358,1507,697,0,272
359,1512,699,0,255
360,1517,699,0,260
361,1523,698,0,249
362,1526,693,0,228
363,1540,696,0,224
364,1546,691,0,210
365,1551,689,0,209
366,1555,687,0,205
367,1556,686,0,207
368,1556,684,0,227
369,1560,680,0,226
370,1561,675,0,226
371,1564,668,0,223
372,1563,661,0,230
373,1564,655,0,243
374,1567,648,0,254
375,1568,648,0,252
376,1570,647,0,244
377,1572,649,0,237
378,1575,657,0,227
379,1578,654,0,209
380,1582,654,0,202
381,1588,657,0,191
382,1594,660,0,184
383,1601,664,0,177
384,1614,662,0,174
385,1617,662,0,156
386,1617,662,0,157
387,1619,664,0,171
388,1618,663,0,184
389,1622,665,0,206
390,1626,663,0,215
391,1629,660,0,213
392,1636,660,0,202
393,1645,656,0,205
394,1647,653,0,209
395,1654,647,0,192
396,1664,646,0,221
397,1665,645,0,219
398,1668,645,0,216
399,1670,642,0,212
400,1668,642,0,216
401,1665,644,0,227
402,1663,647,0,216
403,1659,654,0,234
404,1657,657,0,241
405,1655,657,0,229
406,1657,656,0,220
407,1659,651,0,223
408,1661,647,0,239
409,1663,646,0,239
410,1666,639,0,237
411,1667,637,0,233
412,1667,632,0,230
413,1667,633,0,224
414,1670,635,0,226
415,1669,635,0,215
416,1673,637,0,187
417,1676,639,0,191
418,1682,640,0,189
419,1686,639,0,172
420,1692,644,0,170
421,1699,646,0,170
422,1703,647,0,177
423,1711,648,0,186
424,1717,651,0,176
425,1720,653,0,180
426,1722,654,0,176
427,1722,655,0,172
428,1723,657,0,171
429,1723,660,0,166
430,1723,664,0,166
431,1721,666,0,160
432,1721,668,0,153
433,1720,668,0,141
434,1717,670,0,144
435,1717,672,0,165
436,1716,672,0,182
437,1721,671,0,180
438,1717,673,0,180
439,1718,674,0,196
440,1719,672,0,205
442,1726,665,0,172
443,1726,669,0,173
444,1730,670,0,169
445,1731,671,0,170
446,1734,667,0,185
447,1739,667,0,193
448,1743,663,0,201
449,1751,661,0,213
450,1755,658,0,215
451,1757,653,0,212
452,1761,650,0,217
453,1760,649,0,216
454,1764,646,0,207
455,1767,645,0,210
456,1769,646,0,212
457,1770,644,0,213
458,1772,644,0,214
459,1773,644,0,215
460,1771,646,0,218
461,1769,648,0,215
462,1768,648,0,213
463,1766,647,0,202
464,1768,643,0,196
465,1772,646,0,204
466,1782,644,0,201
467,1787,642,0,208
468,1790,639,0,214
469,1792,638,0,214
470,1791,635,0,212
471,1791,633,0,208
472,1793,631,0,210
473,1794,629,0,208
474,1797,627,0,209
475,1798,626,0,208
476,1802,624,0,211
477,1803,625,0,210
478,1811,623,0,223
479,1810,623,0,223
480,1811,623,0,224
481,1811,623,0,227
482,1810,624,0,222
483,1810,624,0,225
484,1811,623,0,220
485,1810,622,0,222
486,1807,624,0,215
487,1806,626,0,219
488,1800,635,0,233
489,1796,635,0,241
490,1800,643,0,244
491,1797,640,0,236
492,1793,640,0,226
493,1795,639,0,206
494,1798,635,0,194
495,1802,636,0,184
496,1805,639,0,175
497,1807,640,0,169
498,1807,642,0,166
499,1806,642,0,162
500,1804,640,0,165
501,1801,639,0,178
502,1803,638,0,187
503,1801,638,0,192
504,1801,640,0,201
505,1798,639,0,204
506,1800,635,0,224
507,1801,630,0,223
508,1802,627,0,218
509,1805,626,0,216
510,1806,625,0,216
511,1810,622,0,216
512,1810,621,0,213
513,1813,619,0,216
514,1813,619,0,221
515,1810,620,0,228
516,1808,621,0,253
517,1807,619,0,257
518,1807,622,0,271
519,1804,622,0,268
520,1805,617,0,266
521,1805,615,0,264
522,1804,614,0,254
523,1801,613,0,251
524,1802,612,0,253
525,1802,613,0,250
526,1801,613,0,251
527,1802,613,0,249
528,1801,612,0,246
529,1801,612,0,247
530,1801,612,0,247
531,1802,611,0,246
532,1802,609,0,243
533,1801,611,0,248
534,1800,609,0,239
535,1799,611,0,235
536,1799,613,0,241
537,1800,619,0,265
538,1799,619,0,280
539,1798,620,0,289
540,1796,619,0,299
541,1796,619,0,304
542,1795,620,0,310
543,1792,620,0,311
544,1794,623,0,305
545,1794,625,0,305
546,1798,625,0,315
547,1801,625,0,313
548,1796,627,0,311
549,1795,628,0,314
550,1795,629,0,313
551,1795,631,0,317
552,1794,634,0,321
553,1794,637,0,326
554,1794,640,0,336
555,1794,643,0,354
556,1791,643,0,359
557,1788,645,0,11
558,1784,647,0,15
559,1778,648,0,18
560,1777,652,0,28
561,1776,648,0,17
562,1776,648,0,9
563,1773,644,0,9
564,1768,642,0,11
565,1765,644,0,16
566,1756,645,0,12
567,1752,649,0,8
568,1743,651,0,1
569,1737,651,0,350
570,1732,647,0,342
571,1729,645,0,338
572,1727,644,0,337
573,1725,639,0,328
574,1727,635,0,326
575,1727,634,0,325
576,1728,633,0,317
577,1732,637,0,318
578,1732,637,0,321
579,1732,637,0,320
580,1731,636,0,322
581,1731,635,0,322
582,1729,633,0,328
583,1730,635,0,329
584,1730,636,0,334
585,1728,636,0,343
586,1726,636,0,342
587,1720,636,0,344
588,1713,633,0,346
589,1711,636,0,352
590,1707,636,0,353
591,1707,637,0,1
592,1706,639,0,3
593,1703,642,0,11
594,1699,642,0,7
595,1697,641,0,4
596,1694,640,0,358
597,1694,637,0,346
598,1692,632,0,345
599,1687,631,0,338
600,1685,629,0,334
601,1680,625,0,331
602,1676,625,0,329
603,1673,625,0,331
604,1670,624,0,328
605,1667,624,0,328
606,1666,623,0,331
607,1666,621,0,334
608,1664,620,0,332
609,1665,621,0,333
610,1666,621,0,331
611,1668,621,0,344
612,1672,619,0,351
613,1673,619,0,354
614,1678,622,0,357
615,1680,625,0,4
616,1681,625,0,14
617,1681,623,0,18
618,1685,625,0,29
619,1688,633,0,34
620,1689,641,0,37
621,1688,640,0,46
622,1689,639,0,51
623,1690,641,0,57
624,1694,644,0,64
625,1692,647,0,65
626,1689,654,0,72
627,1693,663,0,81
628,1695,666,0,86
629,1697,669,0,83
630,1699,672,0,105
631,1702,673,0,121
632,1703,674,0,122
633,1703,678,0,121
634,1704,679,0,128
635,1707,680,0,132
636,1709,680,0,130
637,1712,675,0,115
638,1714,674,0,117
639,1715,671,0,101
640,1714,671,0,93
641,1713,670,0,83
642,1710,667,0,82
643,1707,669,0,86
644,1705,672,0,80
645,1704,677,0,77
646,1703,684,0,82
647,1705,691,0,93
648,1707,698,0,91
649,1708,702,0,95
650,1710,710,0,96
651,1711,715,0,88
652,1711,715,0,87
653,1710,717,0,81
654,1708,720,0,76
655,1708,716,0,83
656,1709,716,0,84
657,1709,717,0,89
658,1704,721,0,89
659,1706,729,0,97
660,1703,733,0,95
661,1702,734,0,89
662,1708,742,0,76
663,1712,740,0,63
664,1714,742,0,62
665,1714,745,0,63
666,1709,752,0,65
667,1709,754,0,65
668,1712,757,0,65
669,1717,759,0,67
670,1713,759,0,65
671,1718,759,0,77
672,1716,761,0,79
673,1719,753,0,83
674,1719,755,0,86
675,1718,761,0,94
676,1719,765,0,101
677,1722,771,0,101
678,1728,770,0,104
679,1727,774,0,105
680,1729,777,0,107
681,1731,779,0,99
682,1730,783,0,108
683,1732,787,0,102
684,1733,791,0,98
685,1733,795,0,101
686,1736,798,0,107
687,1735,799,0,105
688,1734,799,0,86
689,1732,801,0,84
690,1730,800,0,72
691,1724,803,0,66
692,1718,808,0,56
693,1715,811,0,47
694,1713,811,0,43
695,1714,812,0,38
696,1714,812,0,33
697,1714,811,0,33
698,1714,811,0,33
699,1715,812,0,32
700,1714,814,0,34
701,1713,816,0,34
702,1711,819,0,32
703,1713,819,0,32
704,1708,822,0,41
705,1708,822,0,43
706,1708,822,0,43
707,1708,821,0,43
708,1708,821,0,48
709,1706,822,0,54
710,1705,822,0,51
711,1701,821,0,38
712,1702,822,0,24
713,1700,825,0,33
714,1699,826,0,39
715,1696,829,0,34
716,1693,830,0,29
717,1691,830,0,32
718,1691,831,0,30
719,1692,830,0,29
720,1706,836,0,17
721,1701,830,0,18
722,1702,828,0,7
723,1699,824,0,355
724,1694,820,0,349
725,1694,820,0,345
726,1696,814,0,331
727,1694,810,0,331
728,1696,809,0,332
729,1697,810,0,339
734,1696,821,0,10
735,1695,821,0,17
736,1695,823,0,19
737,1695,822,0,23
738,1694,823,0,25
739,1694,819,0,43
740,1691,818,0,39
741,1691,818,0,41
742,1691,818,0,40
743,1689,818,0,38
744,1688,815,0,35
745,1693,813,0,29
746,1695,817,0,38
747,1694,817,0,37
748,1693,815,0,42
749,1693,815,0,44
750,1692,816,0,38
751,1692,816,0,40
752,1692,818,0,43
753,1694,822,0,29
754,1693,820,0,46
755,1692,824,0,48
756,1697,825,0,50
757,1699,825,0,56
758,1700,827,0,68
759,1701,827,0,82
760,1702,832,0,86
761,1703,838,0,84
762,1703,843,0,90
763,1703,847,0,92
764,1701,852,0,96
765,1701,854,0,96
766,1702,858,0,97
767,1704,859,0,99
768,1704,857,0,113
769,1705,857,0,126
770,1707,857,0,130
771,1708,857,0,133
772,1709,859,0,134
773,1709,860,0,137
774,1710,860,0,136
775,1711,861,0,135
776,1712,862,0,135
777,1712,859,0,133
778,1714,859,0,126
779,1712,860,0,113
780,1707,864,0,98
781,1710,866,0,94
782,1712,861,0,96
783,1714,860,0,93
784,1714,862,0,92
785,1713,864,0,95
786,1715,865,0,99
787,1716,868,0,95
788,1716,870,0,89
789,1717,871,0,88
790,1720,873,0,91
791,1720,877,0,91
792,1720,883,0,88
793,1721,887,0,91
794,1720,888,0,91
795,1721,892,0,92
796,1721,895,0,92
797,1722,900,0,98
798,1723,905,0,99
799,1727,913,0,100
800,1726,917,0,98
801,1727,923,0,102
802,1729,925,0,109
803,1733,928,0,118
804,1736,930,0,120
805,1740,929,0,115
806,1739,921,0,127
807,1735,923,0,116
808,1733,925,0,110
809,1732,927,0,103
810,1729,926,0,96
811,1725,924,0,84
812,1722,925,0,73
813,1720,926,0,65
814,1718,928,0,66
815,1721,934,0,73
816,1719,935,0,64
817,1718,939,0,64
818,1714,944,0,62
819,1713,950,0,61
820,1715,962,0,47
821,1711,958,0,55
822,1707,957,0,61
823,1705,956,0,61
824,1704,955,0,67
825,1700,956,0,54
826,1697,959,0,43
827,1697,961,0,46
828,1699,958,0,51
829,1697,961,0,47
830,1695,964,0,51
831,1689,969,0,57
832,1687,973,0,59
833,1684,978,0,60
834,1681,981,0,59
835,1679,981,0,65
836,1678,987,0,64
837,1677,994,0,68
838,1676,997,0,74
839,1674,999,0,77
840,1674,998,0,80
841,1672,998,0,77
842,1672,999,0,78
843,1670,1000,0,80
844,1669,1000,0,82
845,1668,1000,0,81
846,1667,1000,0,81
847,1667,1000,0,82
848,1668,999,0,87
849,1671,999,0,91
850,1672,999,0,103
851,1673,1003,0,98
852,1676,1007,0,102
853,1681,1011,0,106
854,1682,1015,0,113
855,1683,1018,0,115
856,1682,1022,0,114
857,1682,1025,0,112
858,1682,1031,0,107
859,1682,1033,0,108
860,1683,1039,0,113
861,1683,1046,0,123
862,1685,1046,0,128
863,1685,1048,0,130
864,1687,1052,0,123
865,1685,1053,0,131
866,1682,1052,0,128
867,1681,1054,0,114
868,1681,1058,0,108
869,1681,1061,0,102
870,1678,1065,0,100
871,1676,1071,0,99
872,1675,1076,0,90
873,1676,1080,0,93
874,1677,1079,0,98
875,1677,1078,0,93
876,1677,1075,0,94
877,1678,1073,0,99
878,1680,1073,0,123
879,1681,1074,0,140
880,1685,1075,0,154
881,1690,1075,0,157
882,1696,1074,0,161
883,1695,1073,0,160
884,1694,1074,0,162
885,1695,1076,0,161
886,1695,1076,0,156
887,1691,1079,0,150
888,1690,1078,0,152
889,1689,1078,0,153
890,1688,1078,0,156
891,1686,1076,0,152
892,1683,1072,0,158
893,1684,1069,0,164
894,1686,1068,0,169
895,1687,1070,0,163
896,1688,1070,0,161
897,1689,1070,0,163
898,1692,1072,0,161
899,1697,1074,0,156
900,1696,1072,0,156
901,1697,1072,0,156
902,1700,1074,0,152
903,1702,1076,0,150
904,1700,1077,0,143
905,1696,1075,0,149
906,1695,1076,0,153
907,1694,1077,0,155
908,1692,1077,0,157
909,1694,1077,0,158
910,1693,1076,0,154
911,1694,1076,0,147
912,1699,1079,0,137
913,1703,1080,0,132
914,1703,1081,0,134
915,1702,1082,0,137
916,1700,1081,0,135
917,1703,1086,0,134
918,1705,1089,0,125
919,1703,1088,0,124
920,1704,1088,0,124
921,1703,1088,0,112
922,1701,1090,0,107
923,1700,1096,0,99
924,1700,1096,0,101
925,1703,1096,0,94
926,1708,1097,0,98
927,1711,1096,0,100
928,1714,1097,0,98
929,1719,1102,0,91
930,1719,1103,0,85
931,1718,1107,0,66
932,1713,1109,0,54
933,1712,1108,0,53
934,1709,1110,0,57
935,1708,1112,0,58
936,1711,1112,0,65
937,1715,1118,0,67
938,1715,1125,0,67
939,1711,1132,0,70
940,1711,1136,0,77
941,1711,1139,0,80
942,1706,1148,0,73
943,1713,1149,0,72
944,1713,1147,0,74
945,1713,1146,0,76
946,1707,1150,0,81
947,1708,1156,0,75
948,1710,1157,0,78
949,1709,1160,0,82
950,1705,1166,0,79
951,1701,1169,0,70
952,1695,1173,0,60
953,1692,1174,0,54
954,1689,1175,0,57
955,1687,1181,0,49
956,1682,1187,0,42
957,1671,1181,0,30
958,1663,1181,0,21
959,1660,1180,0,17
960,1650,1180,0,16
961,1648,1183,0,17
962,1646,1185,0,13
963,1648,1184,0,13
964,1645,1184,0,14
965,1641,1186,0,24
966,1640,1187,0,24
967,1640,1190,0,28
968,1631,1193,0,22
969,1621,1199,0,23
970,1615,1200,0,27
971,1612,1202,0,24
972,1610,1205,0,30
973,1611,1203,0,30
974,1612,1203,0,30
975,1613,1201,0,34
976,1611,1202,0,31
977,1610,1200,0,23
978,1606,1203,0,11
979,1599,1205,0,8
980,1594,1210,0,9
981,1590,1213,0,10
982,1586,1212,0,11
983,1582,1212,0,5
984,1573,1215,0,0
985,1566,1215,0,356
986,1565,1215,0,353
987,1564,1214,0,357
988,1557,1212,0,350
989,1553,1213,0,349
990,1545,1218,0,346
991,1543,1222,0,352
992,1544,1225,0,3
993,1538,1228,0,8
994,1531,1232,0,8
995,1529,1229,0,6
996,1524,1225,0,0
997,1517,1224,0,355
998,1510,1222,0,355
999,1501,1221,0,356
1000,1497,1222,0,351
1001,1493,1222,0,354
1002,1489,1219,0,356
1003,1487,1219,0,0
1004,1488,1220,0,359
1005,1488,1221,0,2
1006,1490,1225,0,2
1007,1486,1222,0,3
1008,1481,1221,0,358
1009,1478,1218,0,356
1010,1472,1219,0,356
1011,1467,1217,0,354
1012,1467,1216,0,352
1013,1466,1216,0,343
1014,1464,1212,0,335
1015,1461,1209,0,333
1016,1457,1206,0,327
1017,1453,1204,0,333
1018,1452,1204,0,332
1019,1451,1207,0,334
1020,1451,1210,0,351
1021,1449,1212,0,357
1022,1444,1217,0,0
1023,1440,1220,0,7
1024,1436,1224,0,18
1025,1434,1236,0,31
1026,1429,1234,0,29
1027,1423,1237,0,29
1028,1430,1239,0,35
1029,1431,1241,0,34
1030,1432,1242,0,18
1031,1430,1242,0,13
1032,1430,1240,0,10
1033,1432,1239,0,9
1034,1432,1241,0,15
1035,1431,1242,0,22
1036,1428,1246,0,25
1037,1424,1248,0,28
1038,1423,1252,0,31
1039,1424,1255,0,33
1040,1423,1257,0,35
1041,1423,1257,0,40
1042,1421,1259,0,43
1043,1419,1263,0,50
1044,1417,1266,0,49
1045,1416,1268,0,50
1046,1413,1267,0,44
1047,1409,1269,0,41
1048,1406,1267,0,36
1049,1404,1267,0,26
1050,1401,1269,0,22
1051,1397,1269,0,13
1052,1394,1267,0,5
1053,1391,1266,0,3
1054,1388,1262,0,350
1055,1386,1260,0,348
1056,1384,1257,0,348
1057,1382,1257,0,344
1058,1381,1257,0,345
1059,1381,1256,0,342
1060,1379,1256,0,344
1061,1377,1258,0,347
1062,1378,1259,0,347
1063,1381,1259,0,354
1064,1384,1261,0,359
1065,1385,1260,0,8
1066,1387,1262,0,22
1067,1387,1264,0,19
1068,1386,1262,0,10
1069,1384,1256,0,1
1070,1380,1252,0,355
1071,1382,1250,0,349
1072,1382,1247,0,356
1073,1381,1252,0,358
1074,1380,1252,0,0
1075,1377,1253,0,359
1076,1371,1251,0,7
1077,1372,1250,0,6
1078,1384,1255,0,6
1079,1389,1257,0,12
1080,1387,1255,0,37
1081,1384,1257,0,31
1082,1384,1261,0,43
1083,1384,1267,0,47
1084,1383,1274,0,53
1085,1379,1277,0,54
1086,1376,1280,0,46
1087,1374,1282,0,42
1088,1370,1286,0,46
1089,1368,1288,0,42
1090,1365,1289,0,40
1091,1363,1291,0,45
1092,1361,1295,0,40
1093,1364,1298,0,41
1094,1360,1303,0,44
1095,1351,1305,0,31
1096,1346,1309,0,35
1097,1341,1313,0,40
1098,1343,1315,0,41
1099,1347,1317,0,37
1100,1341,1318,0,32
1101,1340,1319,0,39
1102,1341,1320,0,45
1103,1341,1321,0,44
1104,1338,1322,0,47
1105,1335,1322,0,48
1106,1332,1323,0,39
1107,1325,1325,0,31
1108,1324,1335,0,35
1109,1318,1339,0,36
1110,1314,1341,0,34
1111,1308,1344,0,20
1112,1306,1344,0,16
1113,1304,1345,0,15
1114,1299,1349,0,27
1115,1294,1352,0,30
1116,1286,1352,0,45
1117,1284,1364,0,41
1118,1280,1368,0,48
1119,1279,1374,0,59
1120,1277,1375,0,61
1121,1272,1376,0,59
1122,1269,1381,0,57
1123,1265,1392,0,64
1124,1261,1395,0,58
1125,1261,1397,0,60
1126,1256,1403,0,53
1127,1246,1405,0,40
1128,1238,1409,0,26
1129,1233,1407,0,19
1130,1228,1408,0,18
1131,1227,1404,0,16
1132,1227,1400,0,8
1133,1217,1403,0,11
1134,1210,1402,0,13
1135,1203,1404,0,12
1136,1197,1404,0,5
1137,1191,1404,0,6
1138,1187,1405,0,9
1139,1189,1403,0,13
1140,1194,1403,0,21
1141,1197,1408,0,24
1142,1199,1408,0,20
1143,1199,1408,0,16
1144,1199,1407,0,13
1145,1200,1407,0,10
1146,1199,1407,0,9
1147,1200,1408,0,16
1148,1197,1411,0,20
1149,1195,1415,0,26
1150,1199,1413,0,30
1151,1198,1417,0,38
1152,1197,1420,0,50
1153,1195,1423,0,49
1154,1197,1425,0,54
1155,1197,1426,0,57
1156,1199,1430,0,71
1157,1198,1434,0,67
1158,1204,1438,0,68
1159,1203,1436,0,73
1160,1203,1433,0,80
1161,1203,1432,0,84
1162,1204,1432,0,84
1163,1204,1436,0,82
1164,1204,1439,0,81
1165,1204,1442,0,82
1166,1202,1446,0,85
1167,1202,1446,0,83
1168,1203,1445,0,82
1169,1203,1445,0,83
1170,1205,1442,0,82
1171,1205,1432,0,85
1172,1202,1432,0,75
1173,1202,1434,0,53
1174,1199,1435,0,44
1175,1204,1433,0,56
1176,1209,1429,0,61
1177,1210,1428,0,62
1178,1210,1427,0,61
1179,1210,1427,0,68
1180,1210,1427,0,72
1181,1212,1425,0,74
1182,1212,1424,0,82
1183,1214,1423,0,86
1184,1216,1422,0,88
1185,1216,1423,0,89
1186,1218,1422,0,86
1187,1216,1422,0,89
1188,1217,1423,0,85
1189,1217,1424,0,79
1190,1217,1423,0,81
1191,1217,1427,0,71
1192,1217,1428,0,69
1193,1217,1431,0,67
1194,1217,1428,0,70
1195,1218,1428,0,68
1196,1218,1428,0,68
1197,1218,1428,0,69
1198,1219,1429,0,69
1199,1220,1431,0,68
1200,1219,1430,0,72
1201,1219,1430,0,73
1202,1218,1429,0,70
1203,1217,1429,0,66
1204,1217,1430,0,62
1205,1217,1431,0,59
1206,1216,1429,0,63
1207,1217,1429,0,68
1208,1215,1430,0,60
1209,1216,1431,0,60
1210,1214,1432,0,67
1211,1214,1433,0,67
1212,1213,1433,0,65
1213,1213,1434,0,68
1214,1214,1436,0,69
1215,1215,1435,0,63
1216,1216,1437,0,62
1217,1211,1437,0,66
1218,1212,1435,0,71
1219,1212,1435,0,68
1220,1212,1435,0,65
1221,1212,1434,0,61
1222,1212,1435,0,61
1223,1213,1434,0,59
1224,1212,1435,0,57
1225,1212,1436,0,63
1226,1213,1436,0,63
1227,1212,1437,0,66
1228,1213,1436,0,59
1229,1213,1437,0,60
1230,1213,1437,0,68
1231,1213,1438,0,62
1232,1213,1438,0,64
1233,1214,1438,0,67
1234,1216,1441,0,105
1235,1215,1441,0,103
1236,1214,1439,0,69
1239,1216,1442,0,105
1242,1215,1439,0,64
1243,1214,1437,0,58
1244,1213,1436,0,56
1245,1214,1436,0,53
1246,1213,1435,0,54
1247,1213,1435,0,49
1248,1213,1436,0,52
1249,1213,1435,0,54
1250,1213,1434,0,50
1251,1213,1435,0,53
1252,1213,1435,0,52
1253,1213,1434,0,50
1254,1213,1435,0,51
1255,1213,1435,0,53
1256,1213,1434,0,49
1257,1213,1434,0,53
1258,1213,1434,0,51
1259,1213,1434,0,53
1260,1213,1434,0,54
1261,1213,1434,0,50
1262,1213,1434,0,52
1263,1213,1434,0,50
1264,1213,1433,0,51
1265,1213,1434,0,51
1266,1212,1434,0,46
1267,1212,1434,0,49
1268,1212,1434,0,48
1269,1212,1434,0,48
1270,1211,1434,0,53
1271,1212,1432,0,58
1272,1211,1431,0,60
1273,1211,1431,0,57
1274,1211,1432,0,55
1275,1211,1431,0,56
1276,1212,1429,0,59
1277,1212,1429,0,57
1278,1212,1428,0,60
1279,1212,1426,0,56
1280,1212,1425,0,51
1281,1212,1426,0,57
1282,1211,1427,0,65
1283,1211,1429,0,73
1284,1212,1430,0,74
1285,1211,1431,0,71
1286,1211,1430,0,70
1287,1212,1428,0,67
1288,1211,1426,0,69
1289,1211,1428,0,71
1290,1212,1428,0,69
1291,1211,1428,0,64
1292,1211,1426,0,65
1293,1211,1425,0,60
1294,1211,1425,0,61
1295,1211,1424,0,64
1296,1211,1424,0,66
1297,1211,1425,0,52
1298,1211,1431,0,40
1299,1210,1432,0,29
1300,1208,1433,0,29
1301,1206,1434,0,32
1302,1204,1434,0,40
1303,1204,1433,0,34
1304,1207,1432,0,41
1305,1206,1432,0,34
1306,1208,1430,0,38
1307,1209,1432,0,36
1308,1209,1429,0,34
1309,1208,1428,0,35
1310,1206,1428,0,36
1311,1208,1425,0,45
1312,1207,1426,0,40
1313,1208,1424,0,34
1314,1209,1425,0,20
1315,1211,1423,0,22
1316,1210,1422,0,25
1317,1209,1426,0,14
1318,1207,1423,0,355
1319,1206,1422,0,352
1320,1206,1421,0,356
1321,1205,1420,0,356
1322,1206,1421,0,350
1323,1207,1421,0,350
1324,1209,1422,0,351
1325,1208,1423,0,351
1326,1208,1424,0,350
1327,1207,1425,0,347
1328,1209,1425,0,344
1329,1206,1427,0,339
1330,1204,1426,0,332
1331,1205,1422,0,347
1332,1205,1419,0,352
1333,1205,1419,0,354
1334,1205,1419,0,354
1335,1204,1420,0,354
1336,1203,1421,0,351
1337,1203,1420,0,349
1338,1202,1420,0,350
1339,1203,1416,0,357
1340,1203,1416,0,1
1341,1204,1418,0,0
1342,1206,1419,0,359
1343,1206,1417,0,3
1344,1205,1417,0,12
1345,1207,1419,0,19
1346,1207,1419,0,15
1347,1207,1421,0,14
1348,1206,1423,0,16
1349,1204,1424,0,22
1350,1203,1427,0,25
1351,1203,1428,0,28
1352,1203,1429,0,29
1353,1201,1430,0,25
1354,1202,1429,0,24
1355,1200,1429,0,24
1356,1200,1430,0,28
1357,1204,1432,0,31
1358,1208,1435,0,31
1359,1211,1439,0,32
1360,1213,1434,0,50
1361,1217,1435,0,57
1362,1215,1435,0,65
1363,1214,1436,0,64
1364,1215,1436,0,67
1365,1214,1439,0,57
1366,1213,1439,0,55
1367,1215,1440,0,55
1368,1217,1440,0,54
1369,1218,1440,0,48
1370,1218,1443,0,39
1371,1219,1444,0,42
1372,1221,1444,0,40
1373,1222,1446,0,34
1374,1221,1447,0,30
1375,1221,1448,0,30
1376,1221,1448,0,26
1377,1220,1448,0,29
1378,1221,1447,0,31
1379,1220,1448,0,31
1380,1218,1449,0,33
1381,1219,1449,0,37
1382,1219,1451,0,31
1383,1221,1451,0,30
1384,1224,1450,0,33
1385,1225,1449,0,27
1386,1224,1449,0,29
1387,1222,1450,0,28
1388,1221,1451,0,25
1389,1221,1452,0,23
1390,1221,1451,0,24
1391,1220,1451,0,27
1392,1221,1450,0,26
1393,1222,1451,0,27
1394,1224,1452,0,22
1395,1225,1453,0,17
1396,1226,1454,0,15
1397,1230,1451,0,36
1398,1231,1449,0,36
1399,1231,1449,0,35
1400,1232,1449,0,35
1401,1231,1449,0,33
1402,1233,1449,0,37
1403,1231,1451,0,30
1404,1229,1453,0,32
1405,1230,1451,0,37
1406,1233,1444,0,46
1407,1234,1439,0,33
1408,1234,1437,0,29
1409,1233,1436,0,24
1410,1234,1435,0,22
1411,1234,1435,0,22
1412,1233,1435,0,23
1413,1232,1437,0,25
1414,1231,1435,0,33
1415,1235,1431,0,37
1416,1244,1433,0,30
1417,1247,1436,0,26
1418,1251,1438,0,22
1419,1258,1444,0,25
1420,1267,1449,0,21
1421,1270,1451,0,20
1422,1270,1452,0,4
1423,1267,1453,0,2
1424,1263,1450,0,356
1425,1263,1446,0,8
1426,1267,1445,0,356
1427,1268,1447,0,354
1428,1269,1446,0,344
1429,1273,1446,0,335
1430,1272,1444,0,341
1431,1270,1442,0,346
1432,1268,1441,0,342
1433,1266,1440,0,338
1434,1265,1440,0,337
1435,1267,1443,0,331
1436,1268,1444,0,335
1437,1267,1443,0,339
1438,1265,1445,0,341
1439,1263,1443,0,342
1440,1261,1440,0,339
1441,1261,1444,0,346
1442,1259,1451,0,354
1443,1259,1450,0,356
1444,1260,1450,0,356
1445,1261,1449,0,4
1446,1261,1451,0,0
1447,1260,1450,0,3
1448,1261,1450,0,3
1449,1261,1450,0,2
1450,1260,1449,0,0
1451,1259,1448,0,357
1452,1257,1446,0,358
1453,1256,1445,0,358
1454,1253,1443,0,1
1455,1257,1442,0,3
1456,1255,1445,0,349
1457,1251,1445,0,349
1458,1250,1444,0,346
1459,1249,1444,0,345
1460,1249,1444,0,344
1461,1249,1445,0,332
1462,1249,1447,0,328
1463,1250,1448,0,331
1464,1252,1453,0,330
1465,1254,1456,0,332
1466,1257,1464,0,327
1467,1256,1470,0,325
1468,1257,1473,0,321
1469,1256,1468,0,315
1470,1257,1466,0,315
1471,1257,1463,0,319
1472,1256,1461,0,317
1473,1252,1456,0,317
1474,1250,1454,0,319
1475,1253,1454,0,327
1476,1252,1453,0,326
1481,1251,1451,0,331
1482,1249,1451,0,338
1483,1248,1451,0,339
1484,1247,1450,0,342
1485,1246,1450,0,342
1486,1244,1449,0,336
1487,1243,1449,0,335
1488,1243,1448,0,342
1489,1243,1448,0,342
1490,1243,1447,0,339
1491,1240,1447,0,340
1492,1240,1442,0,351
1493,1240,1442,0,2
1494,1243,1444,0,8
1495,1243,1445,0,13
1496,1243,1444,0,17
1497,1244,1445,0,20
1498,1243,1446,0,16
1499,1243,1446,0,14
1500,1243,1445,0,18
1501,1242,1446,0,18
1502,1241,1444,0,14
1503,1239,1443,0,14
1504,1238,1442,0,27
1505,1238,1442,0,21
1506,1238,1444,0,20
1507,1237,1448,0,19
1508,1237,1450,0,17
1509,1237,1450,0,17
1510,1235,1449,0,22
1511,1232,1448,0,29
1512,1234,1445,0,37
1513,1234,1444,0,28
1514,1235,1440,0,19
1515,1237,1441,0,16
1516,1237,1438,0,21
1517,1237,1430,0,21
1518,1236,1436,0,9
1519,1236,1438,0,6
1520,1237,1445,0,6
1521,1237,1443,0,3
1522,1237,1442,0,6
1523,1236,1445,0,14
1524,1239,1442,0,15
1525,1241,1442,0,12
1526,1241,1441,0,13
1527,1240,1439,0,16
1528,1240,1442,0,20
1529,1240,1449,0,11
1530,1241,1445,0,19
1531,1241,1447,0,18
1532,1241,1449,0,12
1533,1242,1450,0,15
1534,1243,1456,0,15
1535,1245,1450,0,13
1536,1246,1449,0,13
1537,1247,1452,0,17
1538,1247,1452,0,16
1539,1248,1449,0,17
1540,1247,1450,0,18
1541,1247,1450,0,15
1542,1246,1451,0,20
1543,1244,1452,0,20
1544,1243,1451,0,19
1545,1244,1450,0,15
1546,1244,1451,0,18
1547,1245,1448,0,14
1548,1244,1446,0,13
1549,1245,1448,0,14
1550,1244,1449,0,17
1551,1243,1450,0,19
1552,1243,1452,0,20
1553,1244,1452,0,17
1554,1247,1449,0,12
1555,1247,1447,0,10
1556,1248,1446,0,13
1557,1251,1445,0,12
1558,1253,1442,0,11
1559,1253,1440,0,15
1560,1252,1451,0,16
1561,1248,1446,0,18
1562,1246,1443,0,8
1563,1246,1439,0,11
1564,1244,1440,0,10
1565,1243,1443,0,11
1566,1240,1440,0,15
1567,1239,1440,0,17
1568,1238,1441,0,16
1569,1239,1442,0,12
1570,1239,1444,0,8
1571,1240,1444,0,11
1572,1237,1442,0,17
1573,1238,1442,0,12
1574,1238,1443,0,10
1575,1240,1444,0,5
1576,1240,1441,0,11
1577,1240,1441,0,4
1578,1239,1440,0,8
1579,1238,1438,0,8
1580,1240,1438,0,1
1581,1242,1440,0,3
1582,1241,1440,0,4
1583,1242,1439,0,1
1584,1242,1441,0,353
1585,1241,1444,0,350
1586,1239,1449,0,357
1587,1238,1451,0,355
1588,1237,1450,0,354
1589,1236,1447,0,355
1590,1234,1447,0,352
1591,1237,1441,0,349
1592,1236,1440,0,354
1593,1236,1441,0,349
1594,1235,1441,0,352
1595,1234,1444,0,330
1596,1235,1445,0,327
1597,1234,1444,0,338
1598,1236,1442,0,334
1599,1235,1442,0,355
1600,1235,1442,0,351
1601,1236,1442,0,352
1602,1236,1440,0,350
1603,1237,1440,0,359
1604,1236,1444,0,352
1605,1236,1444,0,353
1606,1236,1443,0,356
1607,1237,1443,0,3
1608,1236,1446,0,359
1609,1236,1448,0,355
1610,1236,1447,0,351
1611,1236,1447,0,357
1612,1235,1447,0,1
1613,1233,1447,0,0
1614,1233,1447,0,1
1615,1234,1449,0,6
1616,1234,1448,0,10
1617,1234,1448,0,4
1618,1232,1451,0,3
1619,1232,1453,0,353
1620,1232,1453,0,353
1621,1232,1453,0,1
1622,1233,1452,0,5
1623,1234,1455,0,7
1624,1234,1458,0,6
1625,1233,1461,0,7
1626,1230,1460,0,11
1627,1229,1457,0,16
1628,1227,1459,0,16
1629,1226,1459,0,15
1630,1226,1460,0,13
1631,1225,1459,0,13
1632,1222,1462,0,10
1633,1220,1462,0,10
1634,1219,1462,0,9
1635,1224,1463,0,4
1636,1226,1463,0,6
1637,1226,1463,0,8
1638,1222,1463,0,13
1639,1216,1465,0,25
1640,1215,1469,0,39
1641,1215,1474,0,45
1642,1217,1475,0,46
1643,1218,1474,0,48
1644,1216,1473,0,46
1645,1217,1472,0,49
1646,1217,1470,0,65
1647,1218,1470,0,78
1648,1218,1471,0,70
1649,1220,1475,0,70
1650,1218,1474,0,68
1651,1221,1470,0,64
1652,1224,1467,0,49
1653,1223,1469,0,36
1654,1219,1469,0,25
1655,1217,1468,0,17
1656,1212,1468,0,6
1657,1211,1469,0,357
1658,1207,1473,0,348
1659,1211,1474,0,345
1660,1213,1473,0,350
1661,1215,1472,0,347
1662,1214,1471,0,336
1663,1213,1469,0,336
1664,1214,1468,0,338
1665,1215,1468,0,341
1666,1212,1471,0,331
1667,1209,1469,0,328
1668,1208,1469,0,324
1669,1210,1472,0,313
1670,1208,1473,0,293
1671,1207,1472,0,289
1672,1206,1473,0,282
1673,1202,1473,0,276
1674,1200,1473,0,270
1675,1199,1474,0,265
1676,1199,1470,0,262
1677,1200,1471,0,248
1678,1199,1473,0,237
1679,1202,1471,0,233
1680,1201,1470,0,224
1681,1201,1468,0,225
1682,1204,1468,0,230
1683,1208,1466,0,227
1684,1206,1467,0,217
1685,1204,1467,0,208
1686,1204,1469,0,212
1687,1205,1470,0,206
1688,1205,1468,0,183
1689,1205,1466,0,171
1690,1205,1465,0,157
1691,1204,1466,0,153
1692,1205,1467,0,149
1693,1205,1468,0,134
1694,1202,1471,0,125
1695,1201,1471,0,115
1696,1202,1470,0,95
1697,1206,1466,0,88
1698,1207,1465,0,86
1699,1206,1464,0,89
1700,1206,1464,0,89
1701,1204,1468,0,82
1702,1202,1470,0,73
1703,1202,1472,0,61
1704,1200,1472,0,49
1705,1199,1470,0,46
1706,1199,1468,0,48
1707,1197,1469,0,37
1708,1195,1469,0,29
1709,1194,1472,0,27
1710,1192,1471,0,26
1711,1189,1471,0,22
1712,1187,1470,0,25
1713,1186,1469,0,27
1714,1188,1468,0,24
1715,1191,1467,0,16
1716,1189,1465,0,8
1717,1187,1466,0,3
1718,1186,1465,0,4
1719,1186,1465,0,3
1720,1186,1465,0,4
1721,1184,1463,0,4
1722,1185,1464,0,356
1723,1183,1464,0,359
1724,1184,1463,0,358
1725,1186,1463,0,7
1726,1186,1463,0,6
1727,1186,1464,0,358
1728,1185,1464,0,1
1729,1185,1464,0,2
1730,1185,1463,0,2
1731,1184,1461,0,6
1732,1183,1460,0,10
1733,1181,1458,0,6
1734,1181,1460,0,1
1735,1180,1461,0,359
1736,1180,1461,0,0
1737,1180,1460,0,0
1738,1180,1461,0,359
1739,1180,1458,0,1
1740,1180,1460,0,355
1741,1180,1461,0,356
1742,1179,1460,0,358
1743,1178,1460,0,0
1744,1175,1459,0,3
1745,1175,1460,0,359
1746,1175,1459,0,3
1747,1175,1459,0,5
1748,1174,1459,0,4
1749,1174,1460,0,3
1750,1174,1460,0,3
1751,1173,1461,0,0
1752,1173,1462,0,357
1753,1172,1462,0,356
1754,1170,1461,0,354
1755,1169,1462,0,350
1756,1167,1464,0,349
1757,1167,1464,0,345
1758,1168,1464,0,346
1759,1168,1464,0,347
1760,1167,1462,0,348
1761,1167,1462,0,347
1762,1168,1462,0,347
1763,1167,1463,0,347
1764,1168,1462,0,347
1765,1168,1462,0,346
1766,1168,1462,0,346
1767,1168,1462,0,344
1768,1167,1462,0,347
1769,1166,1462,0,345
1770,1166,1462,0,343
1771,1168,1463,0,348
1772,1168,1463,0,350
1773,1168,1463,0,348
1774,1166,1462,0,344
1775,1166,1462,0,344
1776,1167,1463,0,346
1777,1168,1463,0,347
1778,1168,1463,0,349
1779,1169,1463,0,350
1780,1170,1463,0,350
1781,1174,1464,0,353
1782,1175,1463,0,348
1783,1178,1462,0,341
1784,1178,1461,0,338
1785,1179,1460,0,336
1786,1179,1459,0,337
1787,1178,1458,0,341
1788,1183,1459,0,340
1789,1183,1459,0,350
1790,1180,1460,0,354
1791,1180,1461,0,355
1792,1180,1461,0,355
1793,1180,1460,0,354
1794,1177,1462,0,357
1795,1174,1462,0,357
1796,1172,1462,0,356
1797,1171,1462,0,358
1798,1170,1462,0,357
1799,1169,1462,0,357
1800,1170,1462,0,357
1801,1170,1463,0,357
1802,1171,1463,0,357
1803,1172,1463,0,358
1804,1176,1462,0,354
1805,1182,1462,0,353
1806,1182,1459,0,339
1807,1179,1457,0,330
1808,1178,1454,0,323
1809,1179,1455,0,316
1810,1183,1459,0,308
1811,1184,1456,0,308
1812,1185,1457,0,301
1813,1186,1459,0,301
1814,1184,1460,0,294
1815,1185,1460,0,289
1816,1185,1460,0,297
1817,1185,1464,0,294
1818,1185,1464,0,300
1819,1185,1463,0,307
1820,1183,1460,0,318
1821,1182,1458,0,324
1822,1180,1452,0,331
1823,1179,1452,0,341
1824,1178,1452,0,347
1825,1174,1453,0,358
1826,1174,1453,0,3
1827,1170,1451,0,1
1828,1172,1453,0,6
1829,1171,1456,0,11
1830,1170,1458,0,5
1831,1168,1462,0,2
1832,1166,1463,0,6
1833,1164,1461,0,10
1834,1164,1462,0,10
1835,1164,1459,0,12
1836,1164,1466,0,6
1837,1164,1468,0,0
1838,1161,1469,0,0
1839,1160,1469,0,0
1840,1160,1469,0,1
1841,1159,1470,0,2
1842,1159,1472,0,354
1843,1158,1474,0,353
1844,1158,1474,0,353
1845,1158,1472,0,356
1846,1158,1473,0,356
1847,1158,1472,0,1
1848,1156,1470,0,8
1849,1155,1470,0,6
1850,1154,1471,0,5
1851,1153,1470,0,8
1852,1153,1469,0,7
1853,1152,1468,0,11
1854,1152,1468,0,11
1855,1151,1467,0,15
1856,1152,1466,0,15
1857,1151,1465,0,18
1858,1152,1464,0,21
1859,1150,1465,0,23
1860,1148,1464,0,22
1861,1148,1464,0,24
1862,1148,1466,0,27
1863,1148,1466,0,26
1864,1148,1469,0,21
1865,1147,1468,0,24
1866,1149,1470,0,16
1867,1157,1473,0,10
1868,1167,1475,0,16
1869,1168,1478,0,7
1870,1170,1480,0,353
1871,1170,1481,0,356
1872,1171,1484,0,351
1873,1172,1483,0,352
1874,1174,1484,0,350
1875,1171,1483,0,352
1876,1171,1482,0,357
1877,1169,1481,0,355
1878,1168,1477,0,355
1879,1165,1474,0,358
1880,1163,1474,0,1
1881,1162,1473,0,2
1882,1161,1474,0,359
1883,1162,1474,0,356
1884,1161,1476,0,351
1885,1161,1469,0,3
1886,1161,1468,0,5
1887,1162,1465,0,10
1888,1160,1466,0,9
1889,1159,1464,0,4
1890,1159,1463,0,355
1891,1160,1463,0,349
1892,1160,1463,0,349
1893,1161,1462,0,354
1894,1161,1462,0,355
1895,1162,1460,0,352
1896,1161,1466,0,344
1897,1160,1468,0,348
1898,1159,1471,0,339
1899,1157,1472,0,337
1900,1159,1471,0,336
1901,1158,1471,0,347
1902,1157,1473,0,341
1903,1157,1475,0,335
1904,1158,1476,0,335
1905,1157,1475,0,334
1906,1156,1475,0,329
1907,1156,1474,0,330
1908,1156,1474,0,325
1909,1156,1473,0,327
1910,1157,1472,0,330
1911,1158,1472,0,334
1912,1158,1470,0,340
1913,1158,1470,0,342
1914,1162,1469,0,346
1915,1161,1469,0,345
1916,1160,1470,0,336
1917,1159,1469,0,340
1918,1159,1468,0,346
1919,1159,1467,0,349
1920,1158,1466,0,349
1921,1158,1466,0,349
1922,1158,1468,0,344
1923,1155,1470,0,339
1924,1154,1470,0,331
1925,1153,1471,0,334
1926,1154,1470,0,339
1927,1154,1469,0,339
1928,1154,1469,0,341
1929,1154,1469,0,343
1930,1154,1470,0,343
1931,1153,1472,0,346
1932,1153,1474,0,347
1933,1154,1476,0,351
1934,1153,1476,0,351
1935,1153,1475,0,353
1936,1151,1475,0,355
1937,1149,1476,0,357
1938,1147,1477,0,353
1939,1146,1476,0,356
1940,1144,1474,0,2
1941,1144,1472,0,6
1942,1143,1470,0,5
1943,1142,1469,0,8
1944,1138,1469,0,11
1945,1136,1470,0,4
1946,1135,1470,0,4
1947,1133,1470,0,5
1948,1131,1470,0,2
1949,1131,1470,0,3
1950,1131,1470,0,3
1951,1131,1471,0,5
1952,1131,1471,0,3
1953,1132,1470,0,356
1954,1134,1469,0,354
1955,1138,1471,0,359
1956,1140,1472,0,5
1957,1140,1471,0,10
1958,1138,1472,0,17
1959,1138,1472,0,27
1960,1136,1473,0,31
1961,1135,1473,0,32
1962,1134,1474,0,30
1963,1131,1475,0,34
1964,1130,1477,0,31
1965,1127,1477,0,29
1966,1122,1479,0,25
1967,1119,1481,0,19
1968,1118,1482,0,19
1969,1118,1480,0,25
1970,1118,1480,0,24
1971,1120,1479,0,27
1972,1118,1477,0,37
1973,1118,1477,0,38
1974,1115,1480,0,34
1975,1115,1482,0,32
1976,1111,1484,0,31
1977,1110,1490,0,35
1978,1104,1492,0,40
1979,1100,1488,0,39
1980,1099,1488,0,39
1981,1100,1489,0,45
1982,1099,1491,0,54
1983,1100,1489,0,49
1984,1098,1487,0,42
1985,1098,1486,0,41
1986,1098,1488,0,38
1987,1097,1490,0,37
1989,1094,1494,0,35
1990,1090,1494,0,30
1991,1088,1497,0,31
1992,1091,1495,0,37
1993,1085,1501,0,26
1994,1077,1501,0,24
1995,1072,1502,0,19
1996,1068,1501,0,21
1997,1067,1501,0,17
1998,1064,1499,0,7
1999,1062,1497,0,2
2000,1056,1499,0,1
2001,1050,1499,0,3
2002,1048,1500,0,6
2003,1045,1501,0,8
2004,1044,1502,0,4
2005,1044,1503,0,3
2006,1044,1500,0,5
2007,1045,1497,0,7
2008,1048,1496,0,0
2009,1047,1495,0,355
2010,1047,1494,0,353
2011,1047,1492,0,351
2012,1047,1491,0,346
2013,1044,1490,0,340
2014,1041,1488,0,332
2015,1040,1482,0,326
2016,1039,1480,0,322
2017,1039,1480,0,320
2018,1037,1481,0,313
2019,1037,1479,0,316
2020,1037,1480,0,318
2021,1037,1478,0,319
2022,1035,1477,0,316
2023,1035,1476,0,316
2024,1033,1478,0,322
2025,1035,1479,0,329
2026,1037,1480,0,338
2027,1039,1484,0,354
2028,1038,1486,0,0
2029,1036,1486,0,6
2030,1036,1490,0,12
2031,1034,1492,0,16
2032,1033,1490,0,20
2033,1031,1491,0,25
2034,1030,1492,0,34
2035,1029,1494,0,42
2036,1030,1497,0,53
2037,1030,1497,0,59
2038,1027,1502,0,58
2039,1026,1504,0,58
2040,1025,1505,0,62
2041,1025,1505,0,62
2042,1026,1508,0,68
2043,1026,1511,0,66
2044,1025,1512,0,67
2045,1024,1512,0,68
2046,1025,1514,0,68
2047,1024,1514,0,70
2048,1023,1515,0,68
2049,1023,1519,0,65
2050,1023,1520,0,62
2051,1023,1521,0,62
2052,1023,1520,0,61
2053,1021,1523,0,64
2054,1023,1520,0,64
2055,1024,1517,0,63
2056,1025,1512,0,66
2057,1030,1508,0,63
2058,1029,1509,0,66
2059,1030,1507,0,80
2060,1032,1504,0,93
2061,1034,1505,0,96
2062,1035,1508,0,103
2063,1034,1511,0,113
2064,1034,1513,0,119
2065,1034,1512,0,120
2066,1034,1512,0,118
2067,1034,1513,0,124
2068,1034,1512,0,123
2069,1035,1512,0,124
2070,1037,1512,0,126
2071,1043,1512,0,130
2072,1045,1512,0,119
2073,1045,1514,0,122
2074,1047,1515,0,129
2075,1050,1517,0,124
2076,1050,1519,0,124
2077,1051,1519,0,120
2078,1051,1521,0,127
2079,1051,1521,0,126
2080,1052,1521,0,111
2081,1052,1523,0,100
2082,1048,1526,0,92
2083,1046,1526,0,83
2084,1045,1528,0,69
2085,1047,1526,0,63
2086,1048,1526,0,62
2087,1048,1527,0,65
2088,1048,1526,0,60
2089,1047,1525,0,60
2090,1043,1531,0,58
2091,1041,1535,0,54
2092,1039,1538,0,60
2093,1036,1538,0,52
2094,1035,1539,0,46
2095,1034,1540,0,43
2096,1033,1541,0,38
2097,1031,1543,0,33
2098,1031,1547,0,32
2099,1028,1542,0,36
2100,1026,1541,0,34
2101,1021,1542,0,22
2102,1015,1542,0,18
2103,1013,1542,0,13
2104,1011,1543,0,15
2105,1005,1546,0,17
2106,1001,1545,0,20
2107,996,1546,0,22
2108,993,1548,0,24
2109,992,1549,0,23
2110,993,1551,0,27
2111,995,1551,0,33
2112,1002,1545,0,33
2113,1003,1547,0,35
2114,1002,1548,0,40
2115,1002,1549,0,44
2116,1000,1550,0,52
2117,1002,1554,0,42
2118,998,1556,0,49
2119,995,1558,0,43
2120,992,1560,0,45
2121,990,1562,0,45
2122,986,1566,0,38
2123,984,1569,0,33
2124,984,1570,0,30
2125,982,1571,0,27
2126,983,1572,0,22
2127,983,1574,0,16
2128,983,1575,0,9
2129,983,1574,0,3
2130,984,1563,0,1
2131,984,1564,0,355
2132,985,1562,0,351
2133,983,1558,0,349
2134,983,1556,0,343
2135,983,1555,0,342
2136,982,1554,0,340
2137,980,1551,0,336
2138,983,1551,0,346
2139,984,1550,0,358
2140,984,1553,0,4
2141,988,1555,0,6
2142,989,1555,0,8
2143,988,1558,0,10
2144,988,1559,0,10
2145,988,1559,0,13
2146,985,1556,0,11
2147,982,1558,0,8
2148,982,1564,0,17
2149,980,1564,0,12
2150,979,1563,0,10
2151,980,1566,0,14
2152,976,1567,0,15
2153,973,1568,0,15
2154,970,1567,0,18
2155,967,1571,0,18
2156,961,1576,0,20
2157,957,1584,0,24
2158,951,1582,0,32
2159,944,1586,0,29
2160,939,1586,0,20
2161,935,1584,0,11
2162,933,1584,0,14
2163,932,1585,0,13
2164,931,1584,0,17
2165,930,1583,0,15
2166,933,1584,0,15
2167,935,1587,0,19
2168,936,1589,0,28
2169,940,1590,0,37
2170,942,1591,0,50
2171,942,1594,0,52
2172,943,1596,0,56
2173,944,1597,0,59
2174,934,1599,0,77
2175,933,1602,0,84
2176,933,1605,0,91
2177,940,1610,0,93
2178,939,1613,0,94
2179,940,1616,0,92
2180,939,1617,0,85
2181,942,1615,0,69
2182,941,1616,0,70
2183,941,1618,0,72
2184,936,1618,0,85
2185,936,1622,0,86
2186,934,1626,0,90
2187,934,1633,0,84
2188,934,1638,0,75
2189,934,1641,0,78
2190,935,1647,0,80
2191,934,1648,0,82
2192,932,1650,0,82
2193,929,1653,0,84
2194,930,1650,0,88
2195,932,1646,0,90
2196,932,1644,0,94
2197,934,1643,0,100
2198,936,1642,0,109
2199,936,1642,0,116
2200,938,1644,0,118
2201,942,1645,0,115
2202,941,1643,0,100
2203,940,1646,0,94
2204,940,1650,0,95
2205,940,1652,0,99
2206,940,1652,0,100
2207,940,1651,0,98
2208,940,1651,0,95
2209,940,1651,0,97
2210,941,1651,0,100
2211,942,1652,0,105
2212,942,1654,0,104
2213,942,1653,0,105
2214,943,1653,0,113
2215,943,1653,0,115
2216,944,1656,0,120
2217,943,1657,0,123
2218,942,1658,0,122
2219,944,1660,0,120
2220,943,1666,0,122
2221,943,1668,0,127
2222,943,1664,0,121
2223,944,1662,0,110
2224,943,1664,0,97
2225,941,1669,0,85
2226,939,1674,0,81
2227,941,1676,0,79
2228,941,1674,0,80
2229,939,1674,0,86
2230,939,1675,0,90
2231,936,1678,0,103
2232,939,1677,0,101
2233,939,1678,0,106
2234,939,1678,0,110
2235,938,1675,0,112
2236,939,1676,0,116
2237,942,1679,0,124
2238,943,1683,0,127
2239,945,1690,0,121
2240,947,1693,0,119
2241,947,1701,0,122
2242,946,1704,0,115
2243,948,1710,0,109
2244,952,1719,0,109
2245,957,1722,0,104
2246,955,1722,0,111
2247,955,1721,0,109
2248,955,1722,0,113
2249,954,1722,0,114
2250,953,1722,0,112
2251,953,1722,0,107
2252,952,1723,0,109
2253,954,1728,0,106
2254,955,1731,0,102
2255,956,1736,0,99
2256,958,1743,0,93
2257,957,1744,0,94
2258,956,1749,0,99
2259,956,1750,0,100
2260,955,1752,0,104
2261,955,1753,0,105
2262,956,1753,0,103
2263,956,1754,0,102
2264,956,1754,0,100
2265,956,1754,0,101
2266,958,1752,0,102
2267,964,1751,0,94
2268,966,1753,0,91
2269,968,1751,0,92
2270,970,1744,0,100
2271,971,1743,0,102
2272,972,1740,0,109
2273,972,1738,0,109
2274,971,1736,0,117
2275,970,1735,0,119
2276,971,1742,0,138
2277,974,1744,0,141
2278,976,1742,0,140
2279,975,1742,0,149
2280,976,1744,0,159
2281,979,1747,0,169
2282,978,1748,0,168
2283,978,1748,0,167
2284,980,1750,0,164
2285,978,1750,0,166
2286,977,1752,0,171
2287,978,1751,0,170
2288,976,1748,0,167
2289,977,1748,0,166
2290,977,1749,0,167
2291,978,1747,0,153
2292,979,1748,0,157
2293,980,1751,0,160
2294,980,1751,0,158
2295,980,1752,0,159
2296,981,1752,0,159
2297,982,1750,0,158
2298,982,1751,0,159
2299,983,1748,0,152
2300,984,1749,0,155
2301,984,1750,0,155
2302,984,1751,0,152
2303,985,1752,0,151
2304,986,1751,0,147
2305,988,1753,0,142
2306,988,1754,0,141
2307,989,1752,0,135
2308,990,1755,0,131
2309,991,1759,0,139
2310,993,1759,0,143
2311,998,1761,0,140
2312,1000,1764,0,138
2313,1001,1766,0,137
2314,1002,1769,0,145
2315,1003,1769,0,143
2316,1003,1768,0,141
2317,1006,1770,0,134
2318,1007,1770,0,140
2319,1004,1768,0,142
2320,1008,1769,0,144
2321,1014,1774,1,148
2322,1014,1774,1,146
2323,1014,1774,1,148
2324,1014,1774,1,147
2325,1014,1774,0,137
2326,1014,1774,0,133
2327,1010,1771,0,134
2328,1009,1767,0,137
2329,1010,1767,0,135
2330,1008,1762,0,133
2331,1008,1746,0,122
2332,1012,1740,0,115
2333,1011,1742,0,114
2334,1011,1747,0,104
2335,1010,1751,0,102
2336,1010,1754,0,102
2337,1011,1758,0,103
2338,1012,1759,0,106
2339,1013,1759,0,113
2340,1012,1752,0,112
2341,1014,1750,0,97
2342,1016,1748,0,90
2343,1021,1746,0,83
2344,1018,1744,0,79
2345,1016,1744,0,85
2346,1014,1747,0,86
2347,1012,1745,0,80
2348,1010,1752,0,62
2349,1010,1752,0,49
2350,1004,1755,0,45
2351,999,1759,0,41
2352,994,1760,0,35
2353,993,1761,0,27
2354,991,1761,0,23
2355,989,1760,0,23
2356,985,1762,0,26
2357,983,1763,0,22
2358,983,1758,0,28
2359,986,1757,0,27
2360,984,1758,0,30
2361,983,1757,0,30
2362,982,1755,0,29
2363,981,1756,0,27
2364,984,1752,0,24
2365,982,1751,0,15
2366,977,1749,0,3
2367,977,1751,0,2
2368,973,1754,0,14
2369,970,1760,0,26
2370,969,1763,0,27
2371,968,1766,0,29
2372,965,1769,0,36
2373,964,1774,0,42
2374,960,1775,0,32
2375,955,1776,0,31
2376,951,1780,0,31
2377,950,1784,0,40
2378,947,1789,0,43
2379,947,1792,0,52
2380,945,1794,0,61
2381,943,1796,0,66
2382,940,1796,0,69
2383,938,1797,0,63
2384,936,1796,0,64
2385,934,1794,0,64
2386,932,1792,0,68
2387,932,1791,0,69
2388,932,1791,0,70
2389,932,1790,0,71
2390,933,1790,0,75
2391,933,1791,0,75
2392,934,1792,0,62
2393,934,1795,0,54
2394,933,1796,0,53
2395,933,1802,0,61
2396,930,1805,0,68
2397,930,1810,0,72
2398,929,1813,0,67
2399,926,1821,0,61
2400,925,1825,0,64
2401,923,1831,0,56
2402,922,1839,0,52
2403,923,1842,0,60
2404,923,1840,0,68
2405,919,1843,0,67
2406,918,1844,0,64
2407,919,1845,0,66
2408,921,1844,0,66
2409,920,1846,0,62
2410,920,1846,0,63
2411,923,1843,0,63
2412,922,1842,0,67
2413,923,1844,0,71
2414,923,1848,0,86
2415,926,1854,0,90
2416,926,1860,0,90
2417,924,1866,0,90
2418,931,1872,0,74
2419,930,1876,0,68
2420,928,1879,0,51
2421,929,1878,0,39
2422,929,1879,0,39
2423,928,1880,0,39
2424,926,1884,0,35
2425,923,1886,0,33
2426,921,1886,0,35
2427,920,1887,0,35
2428,921,1887,0,39
2429,921,1889,0,37
2430,928,1886,0,29
2431,925,1888,0,30
2432,925,1889,0,29
2433,921,1889,0,26
2434,924,1890,0,15
2435,923,1887,0,27
2436,924,1886,0,28
2437,917,1889,0,34
2438,923,1887,0,25
2439,924,1887,0,27
2440,922,1887,0,27
2441,914,1891,0,37
2442,921,1888,0,28
2443,920,1888,0,27
2444,921,1888,0,27
2445,916,1891,0,34
2446,913,1891,0,40
2447,911,1891,0,45
2448,912,1891,0,48
2449,911,1890,0,47
2450,919,1884,0,35
2451,922,1886,0,33
2452,929,1886,0,23
2453,931,1882,0,26
2454,932,1879,0,16
2455,930,1879,0,0
2456,929,1878,0,352
2457,924,1875,0,348
2458,919,1873,0,352
2459,914,1874,0,356
2460,911,1876,0,0
2461,910,1876,0,7
2462,910,1876,0,13
2463,910,1877,0,9
2464,911,1878,0,7
2465,915,1881,0,7
2466,911,1875,0,359
2467,907,1871,0,351
2468,900,1870,0,351
2469,892,1871,0,350
2470,889,1869,0,353
2471,886,1870,0,352
2472,882,1870,0,349
2473,880,1871,0,349
2474,877,1870,0,347
2475,876,1867,0,352
2476,874,1868,0,349
2483,880,1871,0,34
2484,886,1869,0,356
2485,891,1869,0,2
2486,891,1869,0,15
2487,891,1868,0,22
2488,894,1868,0,28
2489,896,1869,0,34
2490,901,1871,0,35
2491,902,1871,0,42
2492,903,1868,0,64
2493,911,1871,0,81
2494,912,1875,0,87
2495,909,1876,0,87
2496,910,1876,0,81
2497,912,1875,0,75
2498,917,1878,0,60
2499,919,1876,0,59
2500,917,1878,0,62
2501,917,1878,0,60
2502,918,1872,0,65
2503,919,1872,0,71
2504,918,1878,0,78
2505,918,1881,0,86
2506,920,1889,0,89
2507,925,1896,0,93
2508,924,1899,0,101
2509,925,1905,0,110
2510,926,1912,0,96
2511,926,1917,0,91
2512,930,1926,0,88
2513,925,1932,0,92
2514,923,1938,0,104
2515,925,1941,0,95
2516,924,1945,0,106
2517,923,1947,0,103
2518,923,1947,0,99
2519,923,1944,0,90
2520,927,1944,0,96
2521,926,1944,0,101
2522,925,1943,0,90
2523,928,1940,0,82
2524,931,1937,0,61
2525,931,1939,0,42
2526,930,1941,0,34
2527,931,1942,0,29
2528,929,1940,0,26
2529,928,1938,0,20
2530,931,1935,0,6
2531,933,1934,0,8
2532,934,1935,0,21
2533,934,1936,0,35
2534,931,1937,0,47
2535,926,1935,0,39
2536,924,1941,0,34
2537,924,1942,0,38
2538,923,1942,0,38
2539,922,1944,0,36
2540,925,1941,0,43
2541,929,1937,0,40
2542,931,1938,0,52
2543,933,1938,0,78
2544,936,1939,0,86
2545,941,1942,0,89
2546,944,1945,0,97
2547,945,1944,0,118
2548,942,1946,0,146
2549,939,1944,0,142
2550,940,1946,0,139
2551,939,1944,0,141
2552,940,1946,0,143
2553,943,1946,0,145
2554,944,1946,0,143
2555,944,1947,0,140
2556,944,1946,0,137
2557,944,1946,0,138
2558,944,1946,0,142
2559,945,1945,0,143
2560,945,1944,0,144
2561,945,1946,0,141
2562,945,1946,0,138
2563,943,1947,0,144
2564,942,1948,0,150
2565,941,1947,0,146
2566,941,1947,0,148
2567,942,1947,0,148
2568,942,1946,0,147
2569,941,1945,0,146
2570,941,1945,0,146
2571,941,1944,0,139
2572,942,1944,0,140
2573,942,1944,0,136
2574,942,1944,0,141
2575,942,1944,0,143
2576,942,1944,0,143
2577,942,1943,0,145
2578,943,1944,0,148
2579,944,1944,0,151
2580,943,1944,0,153
2581,941,1944,0,151
2582,941,1945,0,151
2583,941,1944,0,148
2584,940,1943,0,139
2585,941,1942,0,111
2586,942,1945,0,111
2587,943,1950,0,101
2588,942,1949,0,92
2589,943,1948,0,85
2590,949,1951,0,66
2591,949,1952,0,62
2592,947,1951,0,61
2593,948,1951,0,60
2594,951,1948,0,42
2595,950,1949,0,29
2596,948,1951,0,11
2597,944,1952,0,4
2598,941,1950,0,2
2599,941,1949,0,359
2600,941,1947,0,352
2601,940,1943,0,344
2602,939,1943,0,337
2603,936,1941,0,328
2604,935,1941,0,329
2605,934,1942,0,328
2606,931,1941,0,321
2607,931,1939,0,324
2608,935,1943,0,321
2609,936,1945,0,305
2610,937,1947,0,284
2611,937,1946,0,272
2612,940,1948,0,255
2613,943,1946,0,250
2614,941,1945,0,229
2615,943,1944,0,218
2616,946,1942,0,218
2617,948,1941,0,221
2618,947,1940,0,219
2619,947,1942,0,222
2620,947,1940,0,232
2621,951,1936,0,232
2622,950,1937,0,229
2623,950,1938,0,236
2624,950,1938,0,228
2625,952,1937,0,219
2626,957,1937,0,206
2627,963,1938,0,204
2628,964,1937,0,195
2629,964,1937,0,182
2630,965,1939,0,176
2631,965,1939,0,174
2632,964,1938,0,173
2633,966,1940,0,172
2634,968,1941,0,173
2635,969,1943,0,176
2636,969,1943,0,178
2637,967,1943,0,181
2638,964,1942,0,186
2639,966,1941,0,201
2640,967,1938,0,211
2641,967,1936,0,227
2642,971,1933,0,233
2643,972,1931,0,231
2644,972,1931,0,228
2645,971,1932,0,228
2646,972,1929,0,230
2647,973,1926,0,227
2648,973,1924,0,223
2649,973,1923,0,215
2650,973,1923,0,216
2651,973,1922,0,218
2652,973,1924,0,223
2653,973,1924,0,225
2654,973,1926,0,227
2655,972,1929,0,239
2656,973,1925,0,247
2657,970,1922,0,249
2658,970,1922,0,257
2659,967,1928,0,257
2660,966,1933,0,269
2661,963,1930,0,283
2662,963,1929,0,275
2663,965,1928,0,271
2664,966,1929,0,267
2665,966,1930,0,261
2666,964,1930,0,259
2667,963,1931,0,268
2668,960,1928,0,277
2669,958,1926,0,284
2670,958,1926,0,290
2671,957,1931,0,295
2672,955,1932,0,298
2673,952,1933,0,311
2674,951,1933,0,315
2675,952,1928,0,322
2676,950,1924,0,333
2677,944,1917,0,336
2678,938,1913,0,330
2679,937,1912,0,329
2680,935,1915,0,325
2681,933,1915,0,322
2682,930,1909,0,325
2683,928,1912,0,322
2684,929,1916,0,328
2685,931,1915,0,340
2686,931,1914,0,342
2687,934,1913,0,355
2688,938,1916,0,10
2689,937,1917,0,23
2690,934,1923,0,29
2691,932,1928,0,32
2692,927,1936,0,39
2693,922,1941,0,41
2694,922,1943,0,49
2695,923,1944,0,51
2696,922,1945,0,53
2697,921,1943,0,56
2698,922,1943,0,56
2699,920,1943,0,50
2700,917,1944,0,57
2701,917,1943,0,58
2702,918,1942,0,59
2703,919,1940,0,54
2704,917,1941,0,51
2705,915,1939,0,42
2706,913,1941,0,42
2707,913,1945,0,35
2708,911,1947,0,35
2709,913,1947,0,31
2710,913,1949,0,31
2711,913,1950,0,28
2712,913,1952,0,25
2713,913,1953,0,20
2714,913,1954,0,19
2715,915,1949,0,25
2716,913,1950,0,25
2717,912,1950,0,26
2718,914,1950,0,26
2719,913,1950,0,27
2720,913,1950,0,34
2721,917,1948,0,36
2722,914,1949,0,30
2723,914,1951,0,30
2724,914,1949,0,43
2725,919,1950,0,34
2726,917,1951,0,31
2727,917,1951,0,38
2728,916,1951,0,37
2729,916,1950,0,38
2730,913,1950,0,43
2731,910,1949,0,44
2732,908,1948,0,49
2733,905,1949,0,64
2734,901,1949,0,75
2735,904,1950,0,63
2736,907,1954,0,53
2737,909,1954,0,49
2738,913,1951,0,44
2739,909,1952,0,47
2740,904,1951,0,52
2741,904,1953,0,53
2742,905,1953,0,58
2743,910,1949,0,69
2744,909,1951,0,89
2745,908,1951,0,92
2746,904,1953,0,102
2747,904,1953,0,96
2748,903,1955,0,101
2749,901,1958,0,102
2750,901,1958,0,105
2751,901,1956,0,113
2752,899,1955,0,117
2753,900,1956,0,113
2754,899,1954,0,112
2755,899,1952,0,121
2756,899,1948,0,135
2757,899,1945,0,128
2758,898,1935,0,132
2759,909,1928,0,145
2760,911,1922,0,147
2761,915,1921,0,138
2762,915,1920,0,141
2763,917,1921,0,133
2764,918,1921,0,132
2765,919,1919,0,131
2766,923,1920,0,125
2767,924,1918,0,126
2768,925,1919,0,124
2769,924,1922,0,123
2770,924,1924,0,125
2771,925,1923,0,129
2772,926,1922,0,139
2773,928,1924,0,150
2774,929,1924,0,152
2775,931,1922,0,167
2776,938,1920,0,170
2777,942,1922,0,178
2778,941,1922,0,185
2779,942,1920,0,190
2780,944,1920,0,201
2781,946,1916,0,211
2782,953,1909,0,213
2783,957,1907,0,213
2784,967,1909,0,222
2785,972,1905,0,225
2786,977,1901,0,233
2787,977,1900,0,232
2788,975,1898,0,226
2789,978,1900,0,227
2790,985,1903,0,217
2791,983,1895,0,198
2792,985,1897,0,199
2793,986,1898,0,193
2794,985,1897,0,174
2795,987,1897,0,173
2796,988,1898,0,171
2797,988,1898,0,170
2798,989,1899,0,165
2799,991,1902,0,158
2800,995,1904,0,160
2801,998,1905,0,160
2802,1002,1906,0,153
2803,1005,1905,0,157
2804,1005,1904,0,156
2805,1002,1906,0,145
2806,1001,1907,0,144
2807,1002,1908,0,143
2808,1003,1907,0,145
2809,1010,1909,0,130
2810,1013,1910,0,127
2811,1016,1911,0,131
2812,1020,1912,0,137
2813,1022,1915,0,136
2814,1027,1916,0,133
2815,1033,1916,0,145
2816,1035,1916,0,149
2817,1037,1916,0,150
2818,1039,1919,0,153
2819,1040,1920,0,154
2820,1040,1919,0,156
2821,1037,1919,0,145
2822,1036,1921,0,135
2823,1035,1921,0,120
2824,1032,1925,0,110
2825,1031,1923,0,103
2826,1031,1920,0,105
2827,1031,1923,0,98
2828,1030,1925,0,91
2829,1030,1927,0,84
2830,1032,1928,0,83
2831,1033,1931,0,71
2832,1034,1930,0,72
2833,1035,1931,0,70
2834,1036,1932,0,74
2835,1036,1932,0,77
2836,1037,1932,0,77
2837,1036,1936,0,79
2838,1036,1937,0,77
2839,1035,1936,0,72
2840,1035,1936,0,71
2841,1033,1935,0,69
2842,1035,1935,0,71
2843,1046,1934,0,75
2844,1046,1936,0,64
2845,1048,1938,0,51
2846,1048,1943,0,32
2847,1047,1946,0,20
2848,1045,1949,0,13
2849,1039,1956,0,5
2850,1034,1957,0,354
2851,1024,1953,0,340
2852,1021,1953,0,341
2853,1020,1955,0,343
2854,1018,1954,0,345
2855,1015,1955,0,337
2856,1015,1955,0,338
2857,1012,1954,0,333
2858,1006,1957,0,338
2859,1003,1962,0,340
2860,1008,1960,0,348
2861,1011,1960,0,354
2862,1011,1960,0,354
2863,1009,1959,0,3
2864,1010,1956,0,4
2865,1013,1956,0,3
2866,1013,1955,0,7
2867,1013,1956,0,10
2868,1013,1957,0,9
2869,1013,1957,0,7
2870,1011,1958,0,13
2871,1011,1959,0,14
2872,1011,1958,0,16
2873,1007,1956,0,11
2874,1004,1955,0,6
2875,1001,1954,0,10
2876,1001,1956,0,13
2877,1001,1957,0,12
2878,1000,1957,0,14
2879,1001,1960,0,20
2880,1001,1960,0,22
2881,1002,1958,0,19
2882,1002,1957,0,14
2883,1004,1960,0,16
2884,1005,1962,0,21
2885,1007,1962,0,20
2886,1007,1961,0,19
2887,1006,1960,0,20
2888,1007,1960,0,20
2889,1007,1962,0,21
2890,1008,1964,0,15
2891,1008,1963,0,16
2892,1005,1966,0,17
2893,1004,1965,0,17
2894,1002,1967,0,21
2895,1000,1967,0,21
2896,999,1967,0,31
2897,998,1967,0,36
2898,991,1967,0,42
2899,989,1968,0,38
2900,984,1968,0,45
2901,981,1970,0,52
2902,980,1971,0,55
2903,982,1968,0,53
2904,986,1967,0,44
2905,990,1967,0,37
2906,990,1968,0,34
2907,990,1970,0,25
2908,993,1970,0,19
2909,994,1969,0,11
2910,995,1971,0,3
2911,1003,1968,0,359
2912,1007,1969,0,1
2913,1009,1972,0,355
2914,1010,1973,0,350
2915,1009,1974,0,346
2916,1009,1976,0,330
2917,1007,1974,0,333
2918,1004,1972,0,329
2919,1004,1971,0,322
2920,1005,1969,0,326
2921,1004,1970,0,323
2922,1004,1972,0,324
2923,1005,1975,0,324
2924,1002,1974,0,315
2925,1000,1978,0,313
2926,999,1980,0,316
2927,999,1981,0,303
2928,998,1983,0,298
2929,993,1984,0,296
2930,990,1984,0,300
2931,985,1983,0,295
2932,983,1987,0,285
2933,980,1985,0,291
2934,976,1980,0,284
2935,974,1975,0,279
2936,972,1975,0,272
2937,971,1975,0,262
2938,973,1974,0,270
2939,973,1972,0,278
2940,974,1966,0,277
2941,975,1955,0,274
2942,973,1953,0,270
2943,972,1950,0,276
2944,971,1948,0,282
2945,972,1945,0,289
2946,973,1939,0,300
2947,970,1939,0,296
2948,969,1939,0,296
2949,968,1941,0,304
2950,964,1942,0,309
2951,962,1943,0,314
2952,959,1943,0,317
2953,963,1941,0,306
2954,968,1938,0,305
2955,968,1942,0,310
2956,968,1944,0,310
2957,972,1946,0,307
2958,971,1947,0,301
2959,971,1946,0,298
2960,967,1947,0,293
2961,967,1944,0,292
2962,968,1941,0,280
2963,972,1938,0,267
2964,974,1937,0,260
2965,974,1936,0,246
2966,974,1934,0,236
2967,974,1936,0,231
2968,976,1936,0,232
2969,975,1933,0,225
2970,979,1935,0,229
2971,975,1940,0,232
2972,976,1937,0,219
2973,978,1935,0,221
2974,980,1934,0,215
2975,981,1941,0,221
2976,982,1943,0,225
2977,983,1941,0,229
2978,983,1935,0,229
2979,987,1931,0,241
2980,986,1925,0,242
2981,985,1921,0,251
2982,988,1919,0,259
2983,992,1916,0,267
2984,989,1914,0,260
2985,989,1912,0,256
2986,985,1911,0,255
2987,982,1914,0,259
2988,982,1918,0,268
2989,983,1919,0,271
2990,982,1917,0,269
2991,982,1919,0,281
2992,982,1918,0,291
2993,984,1918,0,300
2994,986,1916,0,296
2995,988,1913,0,292
2996,987,1913,0,288
2997,988,1912,0,284
2998,988,1916,0,273
2999,990,1915,0,271
