0,1638,946,0,38
1,1639,945,0,38
2,1641,945,0,37
3,1641,944,0,40
4,1644,941,0,45
5,1644,941,0,44
6,1645,941,0,42
7,1645,941,0,42
8,1645,941,0,43
9,1645,941,0,43
10,1644,942,0,43
11,1644,942,0,44
12,1644,942,0,43
13,1645,942,0,40
14,1645,943,0,37
15,1645,944,0,33
16,1645,944,0,32
17,1645,944,0,33
18,1645,944,0,32
19,1645,944,0,32
20,1646,944,0,32
21,1645,944,0,34
22,1645,944,0,34
23,1645,945,0,32
24,1646,945,0,33
25,1647,946,0,31
26,1650,946,0,29
27,1650,945,0,28
28,1652,944,0,29
29,1655,944,0,29
30,1653,945,0,33
31,1653,946,0,33
32,1651,946,0,31
33,1650,945,0,34
34,1648,945,0,25
35,1646,942,0,23
36,1643,938,0,27
37,1641,939,0,30
38,1643,937,0,34
39,1643,936,0,32
40,1642,936,0,35
41,1643,937,0,34
42,1644,936,0,41
43,1644,934,0,48
44,1642,933,0,48
45,1641,935,0,50
46,1639,934,0,62
47,1640,937,0,57
48,1639,938,0,62
49,1639,939,0,65
50,1637,938,0,64
51,1636,937,0,62
52,1635,937,0,60
53,1636,936,0,59
54,1637,935,0,58
55,1636,935,0,61
56,1634,937,0,63
57,1635,938,0,57
58,1634,938,0,59
59,1637,937,0,50
60,1635,937,0,57
61,1634,936,0,59
62,1632,937,0,61
63,1633,939,0,62
64,1632,940,0,65
65,1631,941,0,62
66,1631,941,0,63
67,1631,941,0,63
68,1630,940,0,62
69,1630,941,0,64
70,1630,941,0,62
71,1630,941,0,59
72,1630,941,0,59
73,1630,939,0,61
74,1630,938,0,61
75,1630,939,0,60
76,1630,937,0,58
77,1629,937,0,56
78,1629,939,0,59
79,1629,939,0,58
80,1629,939,0,55
81,1629,939,0,55
82,1629,939,0,55
83,1629,939,0,55
84,1629,938,0,54
85,1629,938,0,54
86,1629,938,0,52
87,1629,937,0,52
88,1629,937,0,54
89,1629,937,0,53
90,1629,938,0,54
91,1629,938,0,56
92,1629,938,0,53
93,1629,939,0,53
94,1629,938,0,50
95,1628,939,0,53
96,1628,939,0,53
97,1628,939,0,53
98,1629,939,0,56
99,1629,938,0,49
100,1629,938,0,46
101,1628,938,0,48
102,1629,937,0,47
103,1629,937,0,49
104,1629,938,0,49
105,1630,937,0,46
106,1629,938,0,50
107,1630,940,0,46
108,1629,940,0,53
109,1629,941,0,55
110,1630,941,0,53
111,1630,943,0,47
112,1631,944,0,46
113,1630,944,0,46
114,1632,950,0,43
115,1632,949,0,40
116,1631,946,0,50
117,1631,944,0,49
118,1631,943,0,51
119,1631,943,0,50
120,1631,943,0,55
121,1630,941,0,56
122,1628,941,0,57
123,1628,942,0,62
124,1628,944,0,60
125,1628,944,0,62
126,1626,943,0,68
127,1626,943,0,68
128,1628,942,0,67
129,1628,944,0,66
130,1625,943,0,73
131,1622,942,0,71
132,1622,940,0,70
133,1623,941,0,66
134,1621,940,0,65
135,1620,940,0,65
136,1619,941,0,63
137,1620,940,0,63
138,1620,941,0,60
139,1622,942,0,58
140,1619,942,0,64
141,1619,943,0,56
142,1621,942,0,55
143,1622,942,0,50
144,1620,941,0,63
145,1623,940,0,67
146,1626,941,0,61
147,1622,940,0,65
148,1621,940,0,62
149,1621,940,0,63
150,1621,941,0,66
151,1621,940,0,66
152,1623,941,0,66
153,1620,940,0,65
154,1621,942,0,67
155,1623,942,0,71
156,1623,940,0,75
157,1623,941,0,76
158,1622,941,0,74
159,1622,941,0,76
160,1622,940,0,74
161,1622,942,0,72
162,1625,944,0,66
163,1622,943,0,74
164,1621,944,0,72
165,1619,945,0,77
166,1619,946,0,79
167,1620,949,0,84
168,1621,951,0,80
169,1621,951,0,80
170,1620,951,0,83
171,1621,952,0,82
172,1622,952,0,80
173,1625,956,0,79
174,1625,957,0,76
175,1624,959,0,78
176,1625,959,0,81
177,1626,959,0,83
178,1625,960,0,85
179,1622,962,0,82
180,1624,966,0,87
181,1622,969,0,90
182,1621,971,0,90
183,1621,973,0,93
184,1621,979,0,80
185,1626,978,0,97
186,1629,979,0,90
187,1629,979,0,91
188,1628,981,0,92
189,1629,979,0,91
190,1628,979,0,95
191,1629,979,0,94
192,1629,979,0,94
193,1629,979,0,94
194,1629,979,0,94
195,1629,979,0,95
196,1629,979,0,94
197,1629,980,0,92
198,1626,982,0,89
199,1624,984,0,86
200,1624,989,0,84
201,1627,991,0,70
202,1624,993,0,76
203,1624,996,0,70
204,1623,998,0,78
205,1622,1000,0,83
206,1621,1001,0,85
207,1616,997,0,96
208,1611,1001,0,94
209,1607,1004,0,109
210,1607,1005,0,109
211,1602,1005,0,116
212,1599,1004,0,122
213,1594,1002,0,122
214,1590,1006,0,131
215,1588,1007,0,139
216,1590,1007,0,139
217,1588,1005,0,142
218,1588,1005,0,141
219,1587,1005,0,137
220,1585,1005,0,137
221,1584,1004,0,138
222,1586,1004,0,135
223,1585,1003,0,130
224,1583,1002,0,143
225,1583,1001,0,150
226,1583,997,0,158
227,1584,995,0,169
228,1586,995,0,182
229,1585,994,0,194
230,1587,990,0,191
231,1590,985,0,191
232,1592,985,0,199
233,1594,986,0,203
234,1594,988,0,207
235,1595,989,0,211
236,1595,989,0,211
237,1596,988,0,211
238,1598,989,0,214
239,1596,991,0,214
240,1594,993,0,210
241,1593,994,0,214
242,1594,992,0,221
243,1591,995,0,225
244,1591,992,0,233
245,1598,988,0,224
246,1600,984,0,223
247,1600,984,0,223
248,1600,983,0,224
249,1598,985,0,230
250,1599,986,0,233
251,1599,985,0,230
252,1600,985,0,228
253,1601,984,0,226
254,1601,986,0,223
255,1601,984,0,224
256,1601,983,0,225
257,1602,983,0,226
258,1602,982,0,224
259,1602,981,0,225
260,1602,981,0,226
261,1603,981,0,230
262,1604,980,0,227
263,1604,980,0,223
264,1606,979,0,221
265,1606,978,0,224
266,1605,978,0,226
267,1605,979,0,221
268,1605,981,0,222
269,1606,980,0,221
270,1606,979,0,220
271,1605,978,0,214
272,1606,976,0,208
273,1606,974,0,206
274,1606,972,0,206
275,1606,972,0,205
276,1605,973,0,206
277,1605,974,0,206
278,1604,974,0,202
279,1603,976,0,204
280,1603,977,0,202
281,1602,978,0,199
282,1599,978,0,200
283,1597,977,0,206
284,1598,976,0,207
285,1599,974,0,206
286,1601,973,0,201
287,1601,970,0,205
288,1602,969,0,205
289,1603,970,0,208
290,1600,971,0,209
291,1596,973,0,206
292,1596,974,0,208
293,1596,974,0,211
294,1597,974,0,212
295,1600,973,0,216
296,1598,970,0,210
297,1598,971,0,211
298,1598,971,0,211
299,1600,968,0,212
300,1601,964,0,216
301,1604,961,0,222
302,1602,959,0,225
303,1604,960,0,225
304,1606,955,0,226
305,1608,954,0,227
306,1609,953,0,229
307,1609,953,0,229
308,1612,952,0,221
309,1624,951,0,221
310,1625,944,0,226
311,1626,942,0,229
312,1626,940,0,233
313,1627,940,0,231
314,1627,940,0,230
315,1628,939,0,230
316,1630,938,0,229
317,1634,936,0,233
318,1635,935,0,234
319,1635,935,0,234
320,1635,936,0,237
321,1635,936,0,238
322,1634,936,0,232
323,1634,940,0,234
324,1635,939,0,224
325,1635,937,0,223
326,1634,938,0,229
327,1634,940,0,235
328,1635,932,0,236
329,1630,940,0,239
330,1631,940,0,232
331,1632,936,0,232
332,1633,935,0,231
333,1632,936,0,231
334,1630,935,0,236
335,1630,935,0,235
336,1631,935,0,233
337,1630,935,0,240
338,1628,935,0,227
339,1626,931,0,227
340,1625,929,0,219
341,1627,927,0,209
342,1626,926,0,207
343,1626,927,0,207
344,1626,929,0,210
345,1624,929,0,214
346,1624,930,0,223
347,1625,929,0,218
348,1625,929,0,227
349,1625,929,0,228
350,1625,928,0,231
351,1626,928,0,230
352,1625,928,0,230
353,1625,928,0,229
354,1625,928,0,229
355,1625,928,0,228
356,1625,927,0,228
357,1625,927,0,227
358,1625,928,0,225
359,1625,928,0,225
360,1625,928,0,223
361,1625,928,0,221
362,1626,928,0,222
363,1626,928,0,223
364,1626,929,0,220
365,1626,929,0,218
366,1626,929,0,219
367,1626,929,0,218
368,1626,929,0,219
369,1626,929,0,222
370,1626,928,0,224
371,1626,929,0,221
372,1626,928,0,224
373,1626,929,0,221
374,1626,928,0,224
375,1627,928,0,228
376,1627,928,0,225
377,1627,928,0,226
378,1627,927,0,228
379,1627,928,0,223
380,1627,927,0,226
381,1627,927,0,227
382,1627,927,0,224
383,1627,927,0,228
384,1628,927,0,225
385,1628,927,0,219
386,1628,927,0,219
387,1628,927,0,215
388,1628,927,0,215
389,1629,927,0,213
390,1629,926,0,211
391,1629,926,0,212
392,1629,926,0,212
393,1629,926,0,212
394,1629,927,0,214
395,1630,926,0,213
396,1630,926,0,214
397,1630,926,0,214
398,1630,926,0,213
399,1630,926,0,213
400,1631,925,0,214
401,1630,926,0,213
402,1631,925,0,214
403,1631,925,0,216
404,1631,925,0,215
405,1631,925,0,216
406,1631,926,0,215
407,1631,926,0,213
408,1631,925,0,212
409,1632,925,0,212
410,1632,925,0,213
411,1632,925,0,213
412,1633,925,0,214
413,1633,925,0,214
414,1633,924,0,215
415,1634,925,0,215
416,1634,923,0,215
417,1637,922,0,219
418,1639,922,0,220
419,1639,923,0,216
420,1638,926,0,216
421,1638,932,0,222
422,1635,936,0,233
423,1633,931,0,236
424,1631,931,0,238
425,1630,929,0,242
426,1629,927,0,239
427,1628,925,0,238
428,1628,924,0,236
429,1627,922,0,234
430,1627,921,0,238
431,1626,921,0,236
432,1626,921,0,236
433,1625,921,0,235
434,1626,920,0,232
435,1626,919,0,232
436,1627,919,0,232
437,1626,919,0,233
438,1624,920,0,233
439,1623,922,0,234
440,1622,919,0,236
441,1621,920,0,236
442,1622,918,0,243
443,1622,917,0,246
444,1622,916,0,245
445,1623,914,0,246
446,1621,916,0,254
447,1619,916,0,250
448,1618,913,0,251
449,1618,907,0,254
450,1616,910,0,254
451,1614,912,0,262
452,1617,912,0,255
453,1617,914,0,257
454,1613,914,0,259
455,1611,914,0,248
456,1610,913,0,250
457,1609,911,0,251
458,1609,912,0,251
459,1607,913,0,251
460,1607,912,0,257
461,1606,911,0,259
462,1605,912,0,260
463,1605,910,0,266
464,1605,909,0,265
465,1606,908,0,268
466,1606,907,0,264
467,1606,905,0,264
468,1605,904,0,265
469,1605,898,0,263
470,1610,891,0,255
471,1612,886,0,263
472,1611,883,0,264
473,1613,881,0,263
474,1613,883,0,263
475,1615,885,0,256
476,1617,884,0,249
477,1618,885,0,253
478,1616,884,0,255
479,1617,883,0,251
480,1618,883,0,248
481,1621,881,0,246
482,1623,879,0,245
483,1624,878,0,241
484,1626,877,0,245
485,1629,880,0,264
486,1630,877,0,255
487,1630,876,0,258
488,1630,873,0,259
489,1632,873,0,264
490,1634,871,0,272
491,1632,864,0,272
492,1633,861,0,274
493,1631,860,0,272
494,1631,858,0,273
495,1631,858,0,271
496,1630,857,0,277
497,1630,858,0,284
498,1630,858,0,288
499,1630,858,0,293
500,1629,857,0,295
501,1630,859,0,302
502,1630,858,0,307
503,1629,858,0,304
504,1628,858,0,304
505,1628,857,0,298
506,1629,857,0,296
507,1628,856,0,292
508,1628,856,0,290
509,1628,857,0,282
510,1628,858,0,278
511,1628,858,0,276
512,1628,857,0,274
513,1630,855,0,271
514,1631,856,0,267
515,1631,855,0,261
516,1632,854,0,264
517,1633,853,0,263
518,1634,852,0,265
519,1635,852,0,270
520,1635,850,0,270
521,1638,848,0,279
522,1639,847,0,278
523,1640,848,0,275
524,1640,849,0,275
525,1639,847,0,274
526,1639,847,0,271
527,1640,846,0,270
528,1640,847,0,267
529,1641,846,0,268
530,1642,845,0,271
531,1643,845,0,270
532,1645,844,0,272
533,1646,843,0,273
534,1646,844,0,275
535,1645,843,0,270
536,1645,842,0,270
537,1645,840,0,267
538,1657,839,0,269
539,1653,842,0,261
540,1653,842,0,261
541,1657,835,0,249
542,1657,833,0,253
543,1657,830,0,247
544,1656,829,0,241
545,1657,828,0,236
546,1660,829,0,248
547,1660,824,0,245
548,1660,822,0,245
549,1663,821,0,245
550,1663,825,0,242
551,1663,828,0,241
552,1661,830,0,249
553,1661,830,0,247
554,1661,830,0,246
555,1661,830,0,245
556,1661,829,0,245
557,1661,829,0,245
558,1661,828,0,246
559,1660,827,0,249
560,1660,826,0,252
561,1659,825,0,253
562,1658,824,0,251
563,1658,824,0,251
564,1658,824,0,252
565,1657,824,0,250
566,1657,823,0,250
567,1657,822,0,249
568,1657,822,0,252
569,1657,823,0,252
570,1657,822,0,250
571,1657,822,0,249
572,1657,822,0,250
573,1657,822,0,250
574,1657,821,0,250
575,1657,821,0,250
576,1657,820,0,250
577,1657,820,0,250
578,1656,820,0,251
579,1656,820,0,251
580,1656,820,0,251
581,1656,819,0,251
582,1656,819,0,249
583,1656,819,0,251
584,1657,818,0,251
585,1657,817,0,252
586,1656,818,0,254
587,1656,818,0,254
588,1656,817,0,256
589,1655,817,0,253
590,1656,816,0,252
591,1656,816,0,251
592,1656,816,0,252
593,1655,816,0,253
594,1656,817,0,252
595,1655,817,0,258
596,1653,817,0,261
597,1651,817,0,265
598,1651,817,0,268
599,1649,816,0,272
600,1650,817,0,275
601,1650,818,0,276
602,1650,818,0,275
603,1650,818,0,274
604,1650,818,0,273
605,1649,819,0,272
606,1651,820,0,265
607,1652,818,0,262
608,1653,819,0,259
609,1655,817,0,252
610,1657,815,0,250
611,1658,815,0,252
612,1658,815,0,251
613,1658,815,0,253
614,1659,815,0,253
615,1659,815,0,254
616,1659,815,0,253
617,1659,815,0,253
618,1659,815,0,254
619,1659,815,0,254
620,1659,815,0,254
621,1659,815,0,254
622,1660,815,0,254
623,1660,814,0,254
624,1660,814,0,256
625,1660,814,0,256
626,1660,815,0,254
627,1661,816,0,259
628,1661,821,0,251
629,1663,822,0,255
630,1664,827,0,247
631,1665,828,0,245
632,1664,829,0,243
633,1664,826,0,246
634,1664,826,0,246
635,1662,827,0,244
636,1662,827,0,245
637,1660,829,0,246
638,1659,831,0,246
639,1659,831,0,248
640,1656,829,0,244
641,1657,830,0,245
642,1657,830,0,247
643,1658,832,0,249
644,1659,834,0,254
645,1658,836,0,256
646,1657,836,0,251
647,1657,836,0,258
648,1655,836,0,260
649,1654,836,0,261
650,1654,836,0,259
651,1653,836,0,261
652,1654,833,0,260
653,1654,833,0,261
654,1654,834,0,261
655,1654,833,0,258
656,1655,834,0,260
657,1656,837,0,254
658,1660,835,0,249
659,1661,834,0,252
660,1663,837,0,257
661,1662,833,0,249
662,1664,830,0,242
663,1666,831,0,240
664,1665,832,0,240
665,1666,832,0,240
666,1675,838,0,243
667,1671,838,0,237
668,1667,839,0,228
669,1667,842,0,217
670,1667,847,0,215
671,1668,849,0,209
672,1666,857,0,208
673,1665,859,0,207
674,1666,861,0,203
675,1664,862,0,195
676,1665,862,0,194
677,1666,863,0,191
678,1666,862,0,187
679,1667,862,0,188
680,1665,861,0,192
681,1665,860,0,195
682,1664,859,0,195
683,1663,862,0,195
684,1664,863,0,177
685,1665,863,0,171
686,1666,860,0,172
687,1667,863,0,177
688,1667,863,0,179
689,1665,863,0,173
690,1664,862,0,176
691,1666,863,0,177
692,1665,860,0,175
693,1667,861,0,176
694,1666,861,0,176
695,1665,862,0,181
696,1666,861,0,179
697,1669,860,0,177
698,1669,864,0,180
699,1670,865,0,178
700,1670,863,0,178
701,1669,863,0,183
702,1669,864,0,182
703,1667,862,0,178
704,1667,862,0,179
705,1667,861,0,179
706,1667,862,0,176
707,1667,861,0,176
708,1666,863,0,167
709,1666,862,0,168
710,1664,862,0,167
711,1666,862,0,160
712,1668,864,0,156
713,1665,862,0,153
714,1666,862,0,146
715,1670,865,0,143
716,1671,867,0,147
717,1670,868,0,149
718,1672,867,0,152
719,1674,867,0,150
720,1674,867,0,151
721,1674,867,0,152
722,1675,867,0,151
723,1676,867,0,152
724,1678,867,0,151
725,1679,867,0,151
726,1679,868,0,153
727,1679,868,0,154
728,1680,868,0,154
729,1680,869,0,154
730,1681,869,0,156
731,1681,869,0,156
732,1681,869,0,157
733,1679,869,0,157
734,1679,869,0,158
735,1679,869,0,155
736,1678,870,0,158
737,1679,872,0,158
738,1679,871,0,158
739,1678,872,0,156
740,1679,871,0,159
741,1679,872,0,154
742,1677,873,0,153
744,1680,874,0,154
748,1681,874,0,156
749,1681,874,0,156
752,1682,874,0,156
753,1682,874,0,155
754,1682,875,0,155
755,1681,875,0,154
756,1682,876,0,156
757,1682,877,0,155
758,1679,877,0,144
759,1678,877,0,143
760,1677,877,0,144
761,1676,879,0,137
762,1677,882,0,133
763,1677,883,0,133
764,1677,882,0,134
765,1677,883,0,132
766,1678,884,0,134
767,1677,884,0,133
768,1678,884,0,133
769,1679,884,0,131
770,1679,884,0,130
771,1680,884,0,128
772,1681,884,0,129
773,1681,885,0,131
774,1681,886,0,131
775,1681,886,0,132
776,1681,887,0,131
777,1681,887,0,133
778,1682,888,0,134
779,1681,888,0,137
780,1681,888,0,141
781,1681,889,0,137
782,1681,888,0,136
783,1680,888,0,138
784,1680,888,0,137
785,1680,888,0,140
786,1680,889,0,138
787,1680,890,0,137
788,1679,889,0,136
789,1679,889,0,135
790,1679,890,0,133
791,1678,890,0,129
792,1677,890,0,129
793,1676,890,0,125
794,1676,890,0,124
795,1676,891,0,123
796,1677,891,0,124
797,1677,891,0,124
798,1678,891,0,124
799,1677,891,0,124
800,1677,891,0,124
801,1677,891,0,123
802,1677,891,0,126
803,1676,892,0,126
804,1676,893,0,124
805,1676,893,0,124
806,1675,893,0,122
807,1676,894,0,122
808,1676,894,0,123
809,1677,894,0,123
810,1677,895,0,124
811,1677,895,0,125
812,1678,896,0,123
813,1678,895,0,124
814,1677,894,0,128
815,1676,892,0,128
816,1676,891,0,130
817,1674,891,0,125
818,1673,891,0,120
819,1673,893,0,117
820,1673,893,0,118
821,1674,894,0,118
822,1673,893,0,119
823,1673,892,0,121
824,1673,892,0,121
825,1675,892,0,123
826,1675,892,0,125
827,1676,892,0,123
828,1677,892,0,121
829,1678,893,0,119
830,1678,894,0,119
831,1679,895,0,121
832,1679,895,0,121
833,1680,895,0,121
834,1679,894,0,121
835,1679,894,0,121
836,1680,894,0,121
837,1679,894,0,120
838,1680,893,0,119
839,1680,894,0,119
840,1680,894,0,118
841,1680,894,0,119
842,1681,894,0,121
843,1680,894,0,120
844,1680,894,0,120
845,1680,894,0,120
846,1680,894,0,120
847,1681,894,0,119
848,1680,893,0,120
849,1680,893,0,119
850,1680,893,0,120
851,1681,894,0,120
852,1681,893,0,120
853,1681,893,0,121
854,1681,893,0,121
855,1681,894,0,121
856,1681,893,0,120
857,1681,893,0,120
858,1681,894,0,120
859,1681,893,0,119
860,1681,894,0,120
861,1682,894,0,119
862,1682,895,0,120
863,1683,896,0,120
864,1682,895,0,120
865,1682,895,0,120
866,1680,893,0,116
867,1679,891,0,121
868,1678,891,0,124
869,1677,890,0,122
870,1675,888,0,121
871,1674,887,0,117
872,1672,885,0,122
873,1668,883,0,121
874,1667,882,0,115
875,1667,882,0,112
876,1666,882,0,109
877,1664,882,0,110
878,1664,879,0,112
879,1665,874,0,113
880,1663,872,0,115
881,1663,872,0,111
882,1663,876,0,114
883,1662,878,0,113
884,1660,879,0,109
885,1655,881,0,122
886,1656,883,0,125
887,1656,884,0,129
888,1654,886,0,128
889,1654,889,0,135
890,1654,890,0,139
891,1653,890,0,146
892,1653,888,0,145
893,1652,889,0,147
894,1653,888,0,145
895,1653,888,0,147
896,1654,890,0,146
897,1654,891,0,149
898,1649,888,0,150
899,1655,891,0,148
900,1655,890,0,147
901,1649,888,0,151
902,1649,888,0,150
903,1649,887,0,150
904,1649,888,0,151
905,1651,889,0,151
906,1650,888,0,151
907,1650,888,0,151
908,1652,889,0,151
909,1652,889,0,151
910,1658,892,0,151
911,1651,889,0,151
912,1651,888,0,150
913,1652,889,0,151
914,1658,892,0,150
915,1658,893,0,150
916,1659,893,0,152
917,1659,893,0,153
918,1659,893,0,153
919,1659,893,0,153
920,1659,893,0,152
921,1654,890,0,150
922,1660,894,0,151
923,1657,892,0,154
924,1655,892,0,150
925,1654,892,0,146
926,1653,892,0,146
927,1653,891,0,145
928,1654,892,0,143
929,1654,893,0,143
930,1655,894,0,143
931,1655,895,0,143
932,1655,895,0,144
933,1656,895,0,144
934,1656,895,0,143
935,1655,894,0,144
936,1656,894,0,144
937,1655,895,0,145
938,1655,895,0,146
939,1656,895,0,146
940,1656,895,0,145
941,1656,895,0,145
942,1656,895,0,145
943,1656,896,0,145
944,1656,895,0,147
945,1656,896,0,148
946,1655,897,0,150
947,1655,897,0,149
948,1655,897,0,151
949,1655,897,0,151
950,1655,898,0,151
951,1655,898,0,153
952,1655,898,0,150
953,1656,899,0,156
954,1657,899,0,153
955,1657,899,0,154
956,1658,900,0,153
957,1658,899,0,152
958,1658,899,0,153
959,1657,899,0,151
960,1657,898,0,150
961,1656,897,0,149
962,1654,893,0,141
963,1653,890,0,140
964,1653,888,0,143
965,1652,887,0,147
966,1651,885,0,147
967,1650,886,0,151
968,1652,883,0,149
969,1654,882,0,150
970,1655,880,0,151
971,1657,879,0,158
972,1658,881,0,162
973,1656,881,0,168
974,1656,880,0,168
975,1657,879,0,169
976,1658,879,0,168
977,1659,879,0,169
978,1660,878,0,171
979,1662,876,0,170
980,1665,879,0,165
981,1662,876,0,169
982,1664,876,0,168
983,1662,876,0,175
984,1661,876,0,179
985,1661,875,0,179
986,1659,876,0,184
987,1657,876,0,188
988,1655,876,0,189
989,1655,876,0,192
990,1653,876,0,194
991,1650,877,0,196
992,1645,880,0,199
993,1647,881,0,201
994,1647,880,0,199
995,1644,869,0,185
996,1648,863,0,184
997,1651,862,0,177
998,1653,856,0,160
999,1657,856,0,159
1000,1664,853,0,146
1001,1666,855,0,145
1002,1662,855,0,149
1003,1661,862,0,160
1004,1658,870,0,168
1005,1660,870,0,166
1006,1662,868,0,160
1007,1662,868,0,152
1008,1659,867,0,146
1009,1659,865,0,146
1010,1660,863,0,146
1011,1661,864,0,143
1012,1661,866,0,141
1013,1663,868,0,137
1014,1662,867,0,139
1015,1660,868,0,133
1016,1655,868,0,123
1017,1654,868,0,115
1018,1653,870,0,106
1019,1655,873,0,110
1021,1658,879,0,114
1022,1658,879,0,117
1023,1656,881,0,122
1024,1655,882,0,129
1025,1655,881,0,138
1026,1655,881,0,139
1027,1656,881,0,135
1028,1658,879,0,125
1029,1660,880,0,123
1030,1659,881,0,128
1031,1658,881,0,127
1032,1660,881,0,129
1033,1658,881,0,126
1034,1659,882,0,128
1035,1658,882,0,130
1036,1658,883,0,130
1037,1659,884,0,128
1038,1659,883,0,127
1039,1660,883,0,128
1040,1659,883,0,127
1041,1659,883,0,127
1042,1659,883,0,126
1043,1659,884,0,128
1044,1660,884,0,127
1045,1660,884,0,127
1046,1659,884,0,127
1047,1659,884,0,127
1048,1659,884,0,126
1049,1659,884,0,126
1050,1659,884,0,125
1051,1660,884,0,125
1052,1660,885,0,125
1053,1659,884,0,125
1054,1660,885,0,126
1055,1660,885,0,125
1056,1660,885,0,124
1057,1660,885,0,123
1058,1660,885,0,123
1059,1660,885,0,124
1060,1658,885,0,132
1061,1659,884,0,130
1062,1657,884,0,129
1063,1657,884,0,123
1064,1655,882,0,119
1065,1654,882,0,116
1066,1653,883,0,116
1067,1652,883,0,113
1068,1652,884,0,113
1069,1650,883,0,113
1070,1648,884,0,114
1071,1646,881,0,105
1072,1645,877,0,102
1073,1643,870,0,109
1074,1645,868,0,104
1075,1644,866,0,92
1076,1644,863,0,87
1077,1642,860,0,88
1078,1642,860,0,81
1079,1642,859,0,73
1080,1640,861,0,62
1081,1638,860,0,56
1082,1637,861,0,64
1083,1635,864,0,54
1084,1637,864,0,52
1085,1639,867,0,46
1086,1639,864,0,52
1087,1639,862,0,52
1088,1639,858,0,49
1089,1638,858,0,49
1090,1635,858,0,48
1091,1634,858,0,40
1092,1639,856,0,39
1093,1642,850,0,43
1094,1644,846,0,32
1095,1651,838,0,35
1096,1650,836,0,31
1097,1650,836,0,4
1098,1645,836,0,359
1099,1644,837,0,358
1100,1644,837,0,3
1101,1644,835,0,354
1102,1644,837,0,358
1103,1644,840,0,356
1104,1644,841,0,356
1105,1643,843,0,355
1106,1643,841,0,359
1107,1640,840,0,354
1108,1636,841,0,345
1109,1635,842,0,341
1110,1632,841,0,337
1111,1634,839,0,335
1112,1634,838,0,328
1113,1633,838,0,329
1114,1633,840,0,322
1115,1629,841,0,317
1116,1632,840,0,315
1117,1630,837,0,310
1118,1630,831,0,302
1119,1629,830,0,297
1120,1630,827,0,303
1121,1627,826,0,295
1122,1625,821,0,290
1123,1623,819,0,288
1124,1624,818,0,289
1125,1625,817,0,286
1126,1625,817,0,292
1127,1622,816,0,296
1128,1621,814,0,299
1129,1623,816,0,311
1130,1622,818,0,308
1131,1623,822,0,306
1132,1626,825,0,315
1133,1624,828,0,314
1134,1624,829,0,322
1135,1621,829,0,333
1136,1618,832,0,340
1137,1629,833,0,321
1138,1628,831,0,312
1139,1627,834,0,321
1140,1628,835,0,327
1141,1632,838,0,310
1142,1630,835,0,302
1143,1629,837,0,287
1144,1629,839,0,291
1145,1633,843,0,298
1146,1632,844,0,297
1147,1632,845,0,297
1148,1633,846,0,293
1149,1632,848,0,285
1150,1632,849,0,284
1151,1632,848,0,284
1152,1634,845,0,284
1153,1634,841,0,283
1154,1637,837,0,275
1155,1644,835,0,274
1156,1647,833,0,280
1157,1655,833,0,290
1158,1654,830,0,289
1159,1653,829,0,287
1160,1653,828,0,283
1161,1654,827,0,281
1162,1652,825,0,278
1163,1650,824,0,276
1164,1650,820,0,273
1165,1652,817,0,277
1166,1653,814,0,273
1167,1653,816,0,269
1168,1652,814,0,274
1169,1651,813,0,273
1170,1651,814,0,274
1171,1651,813,0,274
1172,1650,810,0,274
1173,1649,809,0,278
1174,1648,807,0,277
1175,1648,805,0,279
1176,1648,807,0,273
1177,1649,808,0,273
1178,1649,810,0,270
1179,1648,810,0,274
1180,1647,810,0,271
1181,1647,807,0,275
1182,1649,808,0,273
1183,1650,809,0,271
1184,1651,809,0,279
1185,1652,809,0,278
1186,1653,811,0,272
1187,1655,812,0,268
1188,1655,814,0,264
1189,1655,816,0,266
1190,1654,818,0,263
1191,1654,821,0,267
1192,1655,824,0,270
1193,1652,825,0,272
1194,1654,830,0,268
1195,1655,832,0,266
1196,1656,835,0,258
1197,1655,837,0,245
1198,1655,838,0,244
1199,1654,839,0,233
1200,1654,840,0,230
1201,1654,840,0,223
1202,1655,842,0,212
1203,1654,840,0,210
1204,1655,842,0,213
1205,1656,843,0,211
1206,1653,837,0,193
1207,1654,834,0,180
1208,1657,839,0,178
1209,1664,846,0,182
1210,1664,848,0,183
1211,1660,851,0,186
1212,1660,851,0,185
1213,1659,850,0,180
1214,1660,849,0,182
1215,1661,850,0,185
1216,1665,853,0,193
1217,1665,854,0,197
1218,1665,853,0,200
1219,1668,853,0,202
1220,1669,854,0,203
1221,1671,856,0,208
1222,1668,856,0,217
1223,1664,858,0,227
1224,1662,850,0,243
1225,1662,847,0,244
1226,1663,848,0,245
1227,1664,850,0,244
1228,1663,849,0,242
1229,1662,849,0,238
1230,1663,849,0,245
1231,1663,848,0,246
1232,1660,847,0,251
1233,1658,844,0,257
1234,1659,842,0,264
1235,1661,837,0,278
1236,1658,836,0,280
1237,1662,835,0,286
1238,1662,834,0,281
1239,1659,833,0,272
1240,1666,835,0,280
1241,1667,839,0,270
1242,1670,839,0,267
1243,1668,840,0,260
1244,1667,842,0,265
1245,1670,840,0,262
1246,1671,837,0,258
1247,1672,837,0,259
1248,1674,837,0,256
1249,1675,837,0,256
1250,1675,836,0,259
1251,1676,840,0,260
1252,1675,840,0,269
1253,1674,834,0,283
1254,1675,831,0,289
1255,1677,833,0,281
1256,1678,834,0,285
1257,1672,826,0,276
1258,1668,820,0,268
1259,1665,818,0,262
1260,1666,816,0,251
1261,1664,811,0,229
1262,1666,808,0,226
1263,1669,805,0,218
1264,1670,805,0,215
1265,1671,806,0,225
1266,1671,802,0,218
1267,1672,800,0,215
1268,1673,796,0,217
1269,1677,789,0,222
1270,1676,786,0,222
1271,1674,786,0,220
1272,1671,784,0,231
1273,1674,778,0,221
1274,1677,781,0,210
1275,1679,780,0,195
1276,1685,781,0,203
1277,1688,779,0,204
1278,1691,777,0,200
1279,1691,776,0,199
1280,1695,770,0,185
1281,1701,770,0,181
1282,1705,766,0,184
1283,1707,765,0,182
1284,1707,763,0,192
1285,1709,761,0,202
1286,1716,763,0,197
1287,1721,752,0,197
1288,1723,748,0,200
1289,1723,742,0,209
1290,1725,743,0,205
1291,1731,745,0,203
1292,1731,742,0,203
1293,1731,738,0,199
1294,1730,735,0,192
1295,1729,734,0,188
1296,1730,734,0,193
1297,1728,732,0,190
1298,1731,731,0,188
1299,1736,727,0,178
1300,1739,724,0,176
1301,1742,724,0,172
1302,1742,726,0,174
1303,1747,726,0,180
1304,1746,725,0,176
1305,1743,727,0,167
1306,1741,726,0,170
1307,1741,726,0,171
1308,1743,728,0,171
1309,1744,727,0,169
1310,1744,724,0,170
1311,1744,724,0,169
1312,1743,724,0,169
1313,1744,724,0,171
1314,1744,724,0,172
1315,1744,724,0,168
1316,1744,724,0,169
1317,1744,724,0,168
1318,1744,725,0,166
1319,1743,724,0,166
1320,1744,723,0,161
1321,1745,723,0,161
1322,1746,723,0,162
1323,1747,723,0,158
1324,1746,723,0,162
1325,1745,725,0,170
1326,1746,725,0,169
1327,1745,727,0,170
1328,1744,728,0,167
1329,1744,730,0,171
1330,1744,730,0,169
1331,1743,729,0,163
1332,1743,730,0,167
1333,1743,730,0,169
1334,1743,731,0,172
1335,1744,731,0,171
1336,1742,732,0,173
1337,1742,733,0,177
1338,1742,733,0,178
1339,1742,733,0,176
1340,1740,733,0,176
1341,1741,732,0,177
1342,1741,732,0,174
1343,1741,732,0,174
1344,1741,733,0,176
1345,1741,733,0,174
1346,1741,733,0,176
1347,1741,733,0,175
1348,1741,732,0,176
1349,1741,733,0,176
1350,1743,732,0,173
1351,1744,731,0,174
1352,1743,732,0,172
1353,1743,730,0,164
1354,1745,726,0,166
1355,1748,722,0,158
1356,1748,720,0,151
1357,1749,719,0,156
1358,1751,720,0,159
1359,1748,712,0,160
1360,1745,710,0,167
1361,1744,711,0,162
1362,1743,710,0,163
1363,1740,710,0,159
1364,1737,709,0,156
1365,1734,709,0,160
1366,1734,709,0,165
1367,1731,711,0,166
1368,1731,712,0,167
1369,1731,716,0,170
1370,1730,718,0,155
1371,1731,723,0,149
1372,1732,726,0,144
1373,1733,724,0,137
1374,1735,727,0,131
1375,1734,725,0,130
1376,1733,726,0,129
1377,1733,726,0,127
1378,1734,727,0,126
1379,1734,726,0,132
1380,1734,726,0,134
1381,1734,721,0,144
1382,1734,720,0,149
1383,1734,719,0,149
1384,1733,718,0,157
1385,1735,717,0,160
1386,1733,717,0,162
1387,1732,717,0,164
1388,1732,716,0,167
1389,1732,716,0,166
1390,1734,716,0,163
1391,1734,716,0,167
1392,1735,716,0,162
1393,1735,716,0,156
1394,1735,717,0,152
1395,1735,716,0,154
1396,1735,717,0,152
1397,1735,717,0,152
1398,1736,718,0,147
1399,1735,718,0,146
1400,1734,718,0,142
1401,1734,719,0,143
1402,1735,720,0,141
1403,1735,720,0,141
1404,1734,720,0,140
1405,1735,720,0,138
1406,1735,721,0,137
1407,1735,720,0,135
1408,1736,721,0,134
1409,1736,721,0,132
1410,1735,721,0,135
1411,1733,719,0,135
1412,1733,720,0,132
1413,1734,720,0,132
1414,1734,720,0,132
1415,1734,720,0,134
1416,1735,721,0,132
1417,1735,721,0,131
1418,1735,721,0,129
1419,1734,719,0,129
1420,1733,717,0,129
1421,1734,720,0,133
1422,1737,722,0,141
1423,1737,723,0,139
1424,1736,723,0,135
1425,1736,723,0,134
1426,1737,723,0,136
1427,1737,723,0,138
1428,1736,722,0,140
1429,1736,722,0,141
1430,1737,723,0,138
1431,1736,722,0,136
1432,1735,720,0,130
1433,1735,720,0,132
1434,1734,721,0,132
1435,1735,722,0,134
1436,1734,722,0,134
1437,1735,723,0,137
1438,1736,723,0,136
1439,1734,722,0,134
1440,1735,723,0,140
1441,1734,724,0,132
1442,1734,724,0,134
1443,1734,725,0,135
1444,1735,726,0,135
1445,1735,725,0,137
1446,1735,725,0,133
1447,1734,725,0,130
1448,1734,724,0,132
1449,1735,725,0,132
1450,1735,725,0,131
1451,1735,724,0,132
1452,1735,724,0,134
1453,1734,725,0,129
1454,1735,726,0,132
1455,1736,725,0,131
1456,1735,725,0,128
1457,1734,725,0,127
1458,1735,725,0,128
1459,1736,726,0,130
1460,1736,726,0,130
1461,1735,725,0,129
1462,1735,725,0,125
1463,1734,725,0,125
1464,1735,725,0,128
1465,1734,725,0,128
1466,1735,726,0,129
1467,1734,726,0,121
1468,1734,726,0,121
1469,1735,726,0,128
1470,1734,726,0,125
1471,1735,726,0,127
1472,1735,726,0,128
1473,1735,726,0,129
1474,1735,726,0,133
1475,1736,726,0,133
1476,1735,725,0,135
1477,1735,726,0,140
1478,1734,727,0,139
1479,1732,728,0,137
1480,1732,728,0,136
1481,1734,729,0,133
1482,1733,729,0,138
1483,1732,729,0,139
1484,1733,729,0,136
1485,1734,728,0,136
1486,1735,728,0,140
1487,1735,728,0,144
1488,1736,728,0,142
1489,1737,726,0,139
1490,1739,725,0,137
1491,1742,723,0,141
1492,1742,723,0,139
1493,1745,723,0,141
1494,1747,726,0,138
1495,1750,725,0,128
1496,1750,728,0,133
1497,1749,731,0,143
1498,1748,732,0,147
1499,1748,733,0,149
1500,1748,735,0,145
1501,1751,737,0,154
1502,1754,739,0,147
1503,1756,739,0,149
1504,1755,740,0,148
1505,1751,740,0,136
1506,1748,740,0,136
1507,1748,742,0,132
1508,1746,748,0,128
1509,1746,745,0,135
1510,1748,747,0,130
1511,1747,753,0,128
1512,1747,752,0,124
1513,1746,754,0,125
1514,1744,759,0,127
1515,1744,761,0,120
1516,1748,764,0,113
1517,1751,769,0,117
1518,1752,776,0,122
1519,1754,771,0,126
1520,1757,774,0,130
1521,1760,775,0,139
1522,1763,777,0,147
1523,1766,778,0,145
1524,1764,778,0,143
1525,1765,780,0,147
1526,1764,778,0,145
1527,1765,777,0,147
1528,1766,775,0,156
1529,1767,776,0,157
1530,1768,774,0,174
1531,1773,769,0,174
1532,1775,766,0,160
1533,1775,761,0,169
1534,1774,763,0,178
1535,1773,761,0,183
1536,1774,761,0,181
1537,1772,762,0,184
1538,1774,762,0,182
1539,1774,762,0,174
1540,1775,761,0,175
1541,1779,760,0,167
1542,1779,758,0,173
1543,1780,758,0,176
1544,1779,756,0,175
1545,1778,755,0,170
1546,1777,754,0,166
1547,1776,754,0,166
1548,1777,754,0,168
1549,1778,753,0,160
1550,1779,753,0,156
1551,1778,755,0,149
1552,1779,757,0,146
1553,1780,759,0,143
1554,1782,759,0,142
1555,1782,760,0,146
1556,1782,761,0,146
1557,1781,762,0,146
1558,1781,762,0,149
1559,1783,761,0,150
1560,1784,763,0,158
1561,1787,760,0,158
1562,1786,761,0,152
1563,1787,763,0,157
1564,1785,765,0,157
1565,1786,765,0,154
1566,1788,765,0,156
1567,1790,762,0,149
1568,1791,765,0,160
1569,1794,764,0,161
1570,1794,762,0,163
1571,1794,760,0,159
1572,1793,758,0,162
1573,1791,755,0,171
1574,1794,755,0,171
1575,1794,756,0,168
1576,1796,755,0,174
1577,1797,754,0,183
1578,1800,753,0,178
1579,1800,751,0,182
1580,1799,751,0,187
1581,1799,751,0,191
1582,1803,752,0,188
1583,1803,751,0,196
1584,1804,748,0,196
1585,1805,748,0,198
1586,1806,746,0,193
1587,1808,746,0,199
1588,1807,746,0,192
1589,1810,748,0,197
1590,1812,747,0,197
1591,1817,744,0,213
1592,1817,741,0,208
1593,1821,742,0,214
1594,1823,740,0,221
1595,1824,739,0,225
1596,1825,737,0,228
1597,1827,736,0,231
1598,1828,732,0,227
1599,1828,730,0,219
1600,1830,728,0,218
1601,1829,730,0,217
1602,1829,729,0,214
1603,1830,726,0,212
1604,1831,725,0,211
1605,1831,725,0,210
1606,1834,723,0,207
1607,1836,722,0,205
1608,1838,720,0,202
1609,1839,720,0,203
1610,1839,720,0,201
1611,1841,720,0,201
1612,1841,720,0,198
1613,1841,720,0,201
1614,1842,719,0,202
1615,1843,718,0,205
1616,1843,718,0,206
1617,1842,717,0,205
1618,1843,717,0,207
1619,1844,717,0,207
1620,1844,717,0,207
1621,1844,716,0,205
1622,1844,717,0,202
1623,1842,718,0,203
1624,1838,720,0,205
1625,1837,725,0,211
1626,1834,726,0,217
1627,1832,729,0,214
1628,1830,730,0,215
1629,1830,730,0,220
1630,1831,729,0,222
1631,1831,729,0,224
1632,1831,729,0,223
1633,1830,730,0,221
1634,1827,731,0,226
1635,1825,732,0,228
1636,1825,731,0,234
1637,1825,731,0,228
1638,1825,730,0,225
1639,1826,730,0,227
1640,1825,730,0,229
1641,1825,730,0,233
1642,1825,730,0,237
1643,1823,730,0,243
1644,1822,729,0,252
1645,1822,728,0,257
1646,1822,729,0,258
1647,1822,731,0,262
1648,1822,732,0,263
1649,1822,732,0,265
1650,1821,731,0,275
1651,1820,729,0,276
1652,1819,727,0,285
1653,1818,725,0,291
1654,1818,726,0,291
1655,1817,725,0,291
1656,1815,726,0,288
1657,1814,725,0,293
1658,1812,725,0,293
1659,1813,724,0,298
1660,1814,724,0,298
1661,1811,725,0,293
1662,1811,725,0,294
1663,1809,726,0,293
1664,1811,727,0,292
1665,1812,727,0,294
1666,1812,727,0,293
1667,1812,727,0,293
1668,1811,727,0,292
1669,1810,727,0,289
1670,1809,727,0,293
1671,1807,726,0,294
1672,1809,728,0,297
1673,1809,728,0,297
1674,1810,727,0,301
1675,1810,726,0,304
1676,1808,726,0,299
1677,1805,726,0,296
1678,1805,725,0,296
1679,1803,723,0,299
1680,1804,723,0,302
1681,1803,722,0,299
1682,1802,722,0,301
1683,1794,722,0,291
1684,1791,721,0,295
1685,1796,720,0,296
1686,1797,721,0,293
1687,1799,720,0,290
1688,1800,720,0,288
1689,1800,720,0,286
1690,1799,720,0,285
1691,1799,719,0,284
1692,1799,718,0,281
1693,1798,718,0,279
1694,1799,719,0,275
1695,1801,718,0,273
1696,1802,716,0,273
1697,1802,715,0,271
1698,1803,715,0,269
1699,1803,714,0,269
1700,1803,715,0,267
1701,1803,714,0,266
1702,1803,713,0,266
1703,1803,713,0,265
1704,1804,712,0,264
1705,1804,713,0,265
1706,1805,713,0,263
1707,1805,714,0,262
1708,1805,713,0,265
1709,1806,713,0,264
1710,1806,712,0,266
1711,1806,712,0,267
1712,1806,712,0,270
1713,1807,714,0,267
1714,1807,713,0,268
1715,1807,713,0,272
1716,1806,713,0,269
1717,1806,712,0,267
1718,1805,711,0,271
1719,1805,711,0,268
1720,1807,711,0,266
1721,1808,714,0,268
1722,1808,713,0,265
1723,1806,712,0,262
1724,1806,712,0,262
1725,1806,712,0,262
1726,1806,713,0,261
1727,1807,713,0,260
1728,1807,713,0,264
1729,1807,713,0,263
1730,1807,713,0,264
1731,1807,711,0,266
1732,1807,711,0,266
1733,1807,712,0,270
1734,1807,712,0,268
1735,1807,712,0,270
1736,1808,711,0,269
1737,1808,712,0,267
1738,1809,711,0,269
1739,1808,712,0,268
1740,1808,711,0,267
1741,1807,710,0,269
1742,1807,710,0,270
1743,1808,710,0,274
1744,1808,710,0,273
1745,1809,711,0,270
1746,1809,711,0,270
1747,1809,711,0,270
1748,1809,710,0,271
1749,1809,710,0,269
1750,1809,710,0,272
1751,1810,711,0,272
1752,1809,711,0,272
1753,1810,710,0,272
1754,1809,709,0,272
1755,1809,710,0,266
1756,1810,709,0,270
1757,1809,708,0,267
1758,1809,708,0,263
1759,1809,708,0,265
1760,1810,707,0,262
1761,1809,707,0,260
1762,1810,707,0,260
1763,1810,707,0,263
1764,1810,707,0,262
1765,1811,708,0,259
1766,1812,708,0,259
1767,1812,707,0,261
1768,1812,706,0,259
1769,1812,706,0,260
1770,1812,707,0,259
1771,1813,706,0,258
1772,1813,706,0,260
1773,1813,706,0,259
1774,1813,705,0,260
1775,1813,706,0,259
1776,1813,706,0,260
1777,1813,705,0,259
1778,1813,705,0,258
1779,1813,705,0,259
1780,1813,705,0,259
1781,1813,704,0,258
1782,1813,704,0,257
1783,1813,705,0,258
1784,1814,705,0,259
1785,1814,704,0,260
1786,1814,705,0,261
1787,1813,705,0,258
1788,1814,704,0,254
1789,1814,704,0,258
1790,1814,704,0,259
1791,1814,704,0,259
1792,1814,703,0,262
1793,1814,703,0,258
1794,1813,703,0,259
1795,1813,703,0,258
1796,1813,704,0,259
1797,1814,703,0,258
1798,1814,703,0,258
1799,1814,703,0,258
1800,1815,703,0,261
1801,1814,703,0,262
1802,1815,704,0,257
1803,1815,703,0,255
1804,1815,704,0,260
1805,1814,704,0,259
1806,1815,703,0,259
1807,1815,704,0,261
1808,1815,703,0,262
1809,1815,704,0,259
1810,1816,703,0,263
1811,1815,703,0,262
1812,1815,703,0,259
1813,1815,703,0,260
1814,1815,703,0,259
1815,1816,703,0,260
1816,1816,703,0,263
1817,1816,703,0,261
1818,1815,702,0,258
1819,1815,702,0,257
1820,1815,702,0,258
1821,1815,703,0,260
1822,1816,703,0,261
1823,1816,703,0,259
1824,1816,703,0,259
1825,1816,702,0,259
1826,1815,703,0,254
1827,1816,702,0,256
1828,1815,702,0,253
1829,1815,702,0,254
1830,1815,702,0,254
1831,1815,701,0,254
1832,1815,701,0,253
1833,1815,702,0,257
1834,1815,702,0,256
1835,1815,702,0,256
1836,1815,701,0,256
1837,1815,702,0,257
1838,1816,702,0,259
1839,1816,702,0,256
1840,1816,702,0,257
1841,1816,701,0,258
1842,1816,701,0,255
1843,1815,701,0,254
1844,1816,702,0,257
1845,1817,702,0,258
1846,1816,702,0,256
1847,1818,703,0,262
1848,1817,703,0,261
1849,1817,703,0,260
1850,1818,702,0,258
1851,1817,702,0,258
1852,1818,702,0,260
1853,1818,702,0,261
1854,1818,702,0,260
1855,1818,702,0,262
1856,1818,702,0,261
1857,1818,702,0,262
1858,1819,703,0,262
1859,1818,703,0,262
1860,1818,702,0,264
1861,1819,702,0,263
1862,1819,702,0,264
1863,1819,702,0,262
1864,1819,703,0,262
1865,1819,703,0,260
1866,1819,704,0,263
1867,1819,703,0,262
1868,1818,703,0,265
1869,1818,704,0,265
1870,1818,703,0,265
1871,1818,704,0,269
1872,1818,703,0,267
1873,1817,703,0,268
1874,1817,703,0,268
1875,1817,702,0,268
1876,1818,702,0,267
1877,1818,701,0,267
1878,1818,702,0,267
1879,1818,702,0,267
1880,1818,702,0,265
1881,1818,703,0,268
1882,1818,702,0,269
1883,1818,703,0,270
1884,1818,702,0,269
1885,1818,702,0,270
1886,1817,702,0,270
1887,1817,702,0,270
1888,1817,702,0,270
1889,1818,703,0,270
1890,1818,703,0,268
1891,1818,703,0,268
1892,1818,703,0,268
1893,1818,701,0,268
1894,1818,701,0,268
1895,1818,702,0,269
1896,1818,701,0,268
1897,1818,701,0,268
1898,1817,701,0,269
1899,1817,701,0,268
1900,1817,701,0,267
1901,1817,701,0,267
1902,1817,702,0,269
1903,1817,702,0,269
1904,1817,703,0,269
1905,1817,703,0,271
1906,1817,703,0,272
1907,1817,703,0,272
1908,1817,703,0,271
1909,1817,703,0,273
1910,1817,703,0,275
1911,1817,703,0,276
1912,1817,703,0,276
1913,1817,703,0,272
1914,1818,703,0,271
1915,1818,702,0,271
1916,1818,702,0,271
1917,1818,702,0,271
1918,1818,702,0,271
1919,1818,703,0,271
1920,1818,702,0,271
1921,1818,703,0,271
1922,1818,703,0,272
1923,1818,702,0,271
1924,1818,703,0,274
1925,1818,703,0,273
1926,1818,703,0,273
1927,1818,703,0,273
1928,1818,703,0,272
1929,1818,704,0,273
1930,1818,703,0,272
1931,1818,704,0,274
1932,1818,703,0,273
1933,1819,703,0,271
1934,1819,703,0,270
1935,1819,702,0,271
1936,1819,702,0,270
1937,1819,703,0,271
1938,1819,703,0,272
1939,1819,703,0,275
1940,1820,703,0,279
1941,1820,703,0,276
1942,1820,703,0,280
1943,1820,703,0,278
1944,1820,703,0,279
1945,1820,703,0,277
1946,1820,702,0,281
1947,1820,702,0,279
1948,1820,703,0,281
1949,1820,703,0,281
1950,1820,703,0,282
1951,1820,703,0,281
1952,1819,703,0,282
1953,1820,703,0,284
1954,1820,702,0,285
1955,1820,702,0,283
1956,1820,702,0,285
1957,1820,702,0,287
1958,1820,702,0,288
1959,1820,702,0,289
1960,1820,703,0,286
1961,1820,703,0,285
1962,1821,703,0,285
1963,1821,703,0,281
1964,1821,703,0,281
1965,1821,702,0,280
1966,1820,702,0,280
1967,1819,702,0,280
1968,1819,702,0,282
1969,1820,702,0,288
1970,1820,703,0,287
1971,1820,703,0,286
1972,1820,703,0,288
1973,1820,703,0,285
1974,1819,703,0,284
1975,1820,703,0,285
1976,1820,703,0,286
1977,1821,702,0,289
1978,1820,703,0,291
1979,1820,703,0,290
1980,1820,702,0,287
1981,1820,702,0,289
1982,1821,702,0,289
1983,1821,703,0,287
1984,1821,702,0,286
1985,1821,702,0,287
1986,1821,702,0,286
1987,1821,702,0,288
1988,1821,703,0,288
1989,1821,703,0,290
1990,1821,703,0,283
1991,1821,703,0,285
1992,1821,702,0,287
1993,1821,702,0,287
1994,1820,702,0,287
1995,1820,702,0,285
1996,1820,702,0,292
1997,1820,702,0,292
1998,1821,702,0,288
1999,1821,703,0,289
2000,1820,702,0,289
2001,1820,702,0,286
2002,1820,703,0,285
2003,1821,703,0,285
2004,1821,703,0,284
2005,1821,703,0,285
2006,1821,702,0,287
2007,1820,702,0,285
2008,1821,702,0,284
2009,1821,702,0,287
2010,1820,702,0,286
2011,1820,702,0,286
2012,1820,701,0,287
2013,1819,700,0,286
2014,1819,699,0,282
2015,1819,698,0,279
2016,1819,699,0,279
2017,1819,699,0,280
2018,1819,699,0,272
2019,1818,699,0,271
2020,1818,699,0,274
2021,1819,700,0,278
2022,1819,700,0,282
2023,1818,700,0,280
2024,1819,702,0,281
2025,1819,701,0,282
2026,1819,701,0,283
2027,1819,701,0,284
2028,1819,701,0,281
2029,1819,701,0,285
2030,1819,701,0,280
2031,1819,701,0,281
2032,1819,701,0,282
2033,1819,701,0,279
2034,1819,700,0,273
2035,1819,699,0,271
2036,1818,700,0,275
2037,1818,701,0,278
2038,1818,700,0,275
2039,1818,700,0,275
2040,1818,700,0,271
2041,1818,700,0,274
2042,1818,700,0,275
2043,1819,700,0,278
2044,1819,701,0,281
2045,1820,701,0,283
2046,1819,701,0,283
2047,1819,700,0,278
2048,1819,701,0,281
2049,1819,701,0,278
2050,1819,700,0,277
2051,1819,700,0,279
2052,1819,700,0,278
2053,1819,700,0,283
2054,1819,700,0,282
2055,1819,700,0,285
2056,1820,700,0,282
2057,1820,700,0,282
2058,1819,701,0,286
2059,1819,700,0,284
2060,1819,700,0,281
2061,1819,700,0,278
2062,1819,700,0,278
2063,1819,699,0,275
2064,1818,699,0,274
2065,1819,700,0,278
2066,1819,699,0,275
2067,1819,700,0,276
2068,1819,700,0,277
2069,1819,700,0,275
2070,1820,700,0,271
2071,1821,700,0,270
2072,1821,700,0,271
2073,1821,700,0,278
2074,1821,700,0,280
2075,1822,700,0,282
2076,1821,700,0,286
2077,1821,700,0,284
2078,1821,701,0,284
2079,1821,701,0,284
2080,1821,701,0,283
2081,1821,701,0,281
2082,1821,701,0,283
2083,1821,700,0,281
2084,1821,701,0,284
2085,1821,701,0,287
2086,1820,701,0,286
2087,1820,701,0,283
2088,1820,701,0,284
2089,1820,701,0,282
2090,1820,701,0,286
2091,1821,702,0,284
2092,1820,702,0,286
2093,1820,701,0,281
2094,1820,700,0,287
2095,1820,700,0,282
2096,1820,700,0,280
2097,1819,701,0,283
2098,1819,701,0,282
2099,1820,701,0,275
2100,1820,701,0,279
2101,1820,701,0,284
2102,1820,700,0,292
2103,1821,700,0,292
2104,1822,700,0,295
2105,1821,700,0,296
2106,1821,699,0,296
2107,1821,699,0,292
2108,1821,699,0,291
2109,1821,698,0,290
2110,1822,698,0,289
2111,1822,698,0,290
2112,1823,698,0,290
2113,1822,698,0,291
2114,1823,698,0,296
2115,1824,699,0,295
2116,1825,698,0,297
2117,1825,698,0,295
2118,1825,698,0,295
2119,1825,699,0,302
2120,1825,698,0,303
2121,1825,699,0,301
2122,1826,699,0,301
2123,1825,699,0,302
2124,1825,698,0,300
2125,1824,698,0,300
2126,1824,697,0,298
2127,1824,697,0,298
2128,1824,697,0,297
2129,1824,697,0,292
2130,1824,696,0,295
2131,1824,696,0,298
2132,1824,696,0,296
2133,1824,696,0,295
2134,1824,696,0,295
2135,1824,696,0,294
2136,1824,695,0,296
2137,1824,695,0,295
2138,1823,694,0,294
2139,1823,694,0,295
2140,1823,695,0,293
2141,1822,694,0,293
2142,1822,694,0,293
2143,1823,694,0,295
2144,1822,694,0,293
2145,1823,694,0,288
2146,1822,693,0,289
2147,1823,694,0,291
2148,1823,694,0,294
2149,1823,694,0,299
2150,1822,694,0,295
2151,1822,694,0,297
2152,1822,695,0,295
2153,1823,695,0,297
2154,1823,695,0,294
2155,1823,695,0,294
2156,1823,695,0,291
2157,1822,694,0,292
2158,1822,694,0,294
2159,1822,694,0,296
2160,1823,694,0,296
2161,1822,694,0,298
2162,1823,694,0,293
2163,1823,693,0,290
2164,1822,694,0,287
2165,1822,694,0,290
2166,1822,694,0,289
2167,1823,694,0,290
2168,1823,694,0,292
2169,1823,693,0,292
2170,1823,693,0,290
2171,1823,693,0,288
2172,1825,694,0,289
2173,1824,694,0,289
2174,1824,695,0,291
2175,1824,694,0,289
2176,1824,695,0,289
2177,1824,694,0,289
2178,1823,694,0,291
2179,1823,693,0,292
2180,1823,694,0,292
2181,1823,693,0,292
2182,1823,694,0,289
2183,1823,694,0,288
2184,1823,693,0,288
2185,1823,694,0,290
2186,1823,693,0,288
2187,1823,693,0,288
2188,1823,693,0,289
2189,1823,693,0,293
2190,1823,693,0,289
2191,1823,693,0,289
2192,1823,693,0,288
2193,1823,693,0,287
2194,1824,693,0,288
2195,1824,693,0,288
2196,1825,693,0,290
2197,1824,693,0,289
2198,1824,693,0,289
2199,1824,693,0,290
2200,1825,693,0,287
2201,1824,693,0,287
2202,1825,691,0,289
2203,1825,691,0,291
2204,1825,692,0,290
2205,1825,691,0,290
2206,1825,691,0,292
2207,1825,691,0,293
2208,1825,692,0,290
2209,1825,692,0,291
2210,1825,691,0,292
2211,1825,691,0,292
2212,1825,691,0,292
2213,1825,691,0,292
2214,1825,691,0,293
2215,1825,691,0,300
2216,1825,691,0,297
2217,1825,692,0,296
2218,1825,691,0,299
2219,1825,691,0,296
2220,1825,691,0,298
2221,1825,691,0,298
2222,1825,691,0,295
2223,1825,691,0,295
2224,1825,691,0,293
2225,1825,691,0,294
2226,1825,691,0,294
2227,1825,692,0,295
2228,1825,691,0,297
2229,1825,691,0,298
2230,1825,691,0,294
2231,1825,691,0,294
2232,1825,690,0,297
2233,1825,691,0,295
2234,1825,691,0,296
2235,1825,691,0,299
2236,1825,690,0,297
2237,1825,691,0,297
2238,1824,691,0,296
2239,1825,691,0,299
2240,1825,690,0,303
2241,1825,691,0,303
2242,1826,691,0,305
2243,1826,691,0,305
2244,1826,690,0,306
2245,1826,690,0,305
2246,1826,690,0,304
2247,1826,690,0,304
2248,1826,691,0,305
2249,1826,690,0,306
2250,1826,690,0,303
2251,1826,690,0,300
2252,1826,690,0,302
2253,1825,690,0,304
2254,1825,690,0,305
2255,1825,690,0,304
2256,1826,690,0,303
2257,1825,690,0,303
2258,1826,689,0,303
2259,1826,689,0,305
2260,1826,689,0,306
2261,1825,689,0,306
2262,1825,689,0,309
2263,1826,690,0,308
2264,1825,689,0,308
2265,1824,688,0,303
2266,1824,688,0,305
2267,1824,689,0,308
2268,1823,688,0,310
2269,1824,689,0,310
2270,1824,688,0,311
2271,1824,689,0,312
2272,1824,689,0,310
2273,1824,689,0,312
2274,1825,689,0,308
2275,1825,689,0,310
2276,1824,688,0,310
2277,1824,688,0,310
2278,1824,688,0,310
2279,1823,687,0,309
2280,1822,686,0,305
2281,1822,686,0,304
2282,1821,686,0,304
2283,1821,685,0,305
2284,1821,685,0,305
2285,1820,685,0,306
2286,1821,685,0,305
2287,1821,685,0,304
2288,1821,685,0,303
2289,1822,687,0,301
2290,1823,687,0,299
2291,1823,687,0,296
2292,1823,687,0,298
2293,1823,687,0,297
2294,1823,687,0,301
2295,1823,687,0,301
2296,1823,688,0,299
2297,1823,688,0,303
2298,1823,688,0,299
2299,1824,687,0,300
2300,1824,687,0,303
2301,1824,686,0,303
2302,1823,686,0,305
2303,1824,687,0,308
2304,1824,687,0,308
2305,1824,687,0,306
2306,1824,687,0,307
2307,1825,688,0,308
2308,1825,687,0,309
2309,1825,687,0,309
2310,1824,687,0,306
2311,1824,686,0,306
2312,1823,686,0,307
2313,1824,686,0,307
2314,1823,687,0,308
2315,1823,687,0,308
2316,1822,686,0,309
2317,1822,686,0,308
2318,1822,686,0,309
2319,1823,686,0,309
2320,1822,686,0,309
2321,1822,686,0,309
2322,1822,686,0,309
2323,1823,686,0,307
2324,1823,686,0,309
2325,1823,686,0,307
2326,1823,686,0,308
2327,1824,687,0,310
2328,1824,687,0,313
2329,1823,686,0,311
2330,1823,686,0,310
2331,1823,686,0,308
2332,1824,686,0,308
2333,1824,685,0,309
2334,1825,686,0,310
2335,1825,687,0,312
2336,1825,687,0,311
2337,1825,687,0,314
2338,1823,686,0,314
2339,1824,686,0,313
2340,1824,686,0,315
2341,1824,686,0,314
2342,1824,686,0,312
2343,1824,687,0,311
2344,1824,686,0,309
2345,1824,686,0,309
2346,1824,686,0,313
2347,1824,686,0,308
2348,1825,687,0,309
2349,1824,686,0,310
2350,1825,686,0,306
2351,1825,686,0,308
2352,1825,687,0,313
2353,1825,687,0,317
2354,1825,687,0,315
2355,1825,687,0,311
2356,1825,687,0,313
2357,1825,687,0,310
2358,1824,687,0,309
2359,1826,688,0,308
2360,1826,687,0,315
2361,1827,688,0,314
2362,1827,688,0,318
2363,1827,688,0,319
2364,1827,688,0,317
2365,1827,687,0,318
2366,1827,687,0,315
2367,1826,687,0,313
2368,1826,687,0,314
2369,1826,687,0,311
2370,1825,687,0,312
2371,1826,687,0,316
2372,1826,687,0,315
2373,1826,687,0,314
2374,1825,687,0,312
2375,1825,687,0,314
2376,1825,686,0,314
2377,1824,686,0,312
2378,1824,686,0,308
2379,1824,685,0,313
2380,1824,685,0,315
2381,1825,686,0,310
2382,1825,686,0,310
2383,1825,685,0,310
2384,1824,684,0,311
2385,1825,685,0,310
2386,1826,686,0,308
2387,1825,686,0,311
2388,1825,685,0,309
2389,1823,683,0,306
2390,1824,684,0,307
2391,1824,683,0,307
2392,1823,682,0,308
2393,1823,682,0,306
2394,1823,682,0,306
2395,1824,682,0,308
2396,1824,682,0,309
2397,1824,683,0,309
2398,1824,683,0,307
2399,1825,684,0,308
2400,1825,684,0,310
2401,1825,684,0,309
2402,1825,684,0,309
2403,1824,684,0,309
2404,1825,684,0,307
2405,1825,684,0,307
2406,1824,684,0,310
2407,1824,684,0,310
2408,1825,684,0,309
2409,1824,684,0,310
2410,1825,685,0,308
2411,1824,684,0,309
2412,1825,685,0,308
2413,1824,685,0,309
2414,1825,685,0,308
2415,1825,684,0,308
2416,1825,684,0,308
2417,1825,684,0,306
2418,1824,684,0,304
2419,1824,683,0,305
2420,1824,683,0,305
2421,1825,683,0,306
2422,1824,683,0,306
2423,1825,684,0,304
2424,1825,683,0,306
2425,1826,684,0,303
2426,1825,684,0,303
2427,1826,685,0,304
2428,1826,684,0,306
2429,1825,684,0,305
2430,1825,684,0,305
2431,1825,684,0,308
2432,1824,683,0,309
2433,1823,683,0,308
2434,1823,683,0,308
2435,1824,683,0,308
2436,1823,683,0,309
2437,1825,684,0,308
2438,1824,684,0,310
2439,1825,684,0,307
2440,1825,684,0,307
2441,1825,684,0,306
2442,1825,684,0,305
2443,1825,684,0,306
2444,1826,685,0,305
2445,1825,684,0,308
2446,1825,684,0,307
2447,1825,684,0,307
2448,1825,684,0,306
2449,1825,684,0,306
2450,1825,684,0,306
2451,1825,684,0,308
2452,1826,685,0,304
2453,1826,684,0,304
2454,1826,684,0,306
2455,1826,684,0,300
2456,1825,684,0,307
2457,1825,684,0,309
2458,1825,683,0,305
2459,1825,685,0,305
2460,1825,685,0,307
2461,1825,684,0,308
2462,1825,685,0,306
2463,1824,684,0,308
2464,1824,684,0,308
2465,1824,685,0,306
2466,1825,685,0,302
2467,1825,685,0,298
2468,1825,686,0,300
2469,1823,687,0,303
2470,1822,686,0,306
2471,1823,687,0,302
2472,1823,687,0,306
2473,1823,688,0,308
2474,1823,688,0,306
2475,1823,687,0,306
2476,1824,687,0,305
2477,1824,686,0,306
2478,1823,685,0,303
2479,1823,684,0,303
2480,1823,683,0,303
2481,1823,683,0,304
2482,1823,683,0,306
2483,1824,684,0,303
2484,1824,685,0,302
2485,1824,685,0,302
2486,1825,686,0,303
2487,1824,686,0,304
2488,1824,685,0,306
2489,1825,685,0,304
2490,1824,685,0,303
2491,1824,685,0,304
2492,1823,685,0,306
2493,1823,684,0,306
2494,1824,686,0,304
2495,1825,686,0,306
2496,1824,685,0,302
2497,1824,685,0,302
2498,1823,684,0,301
2499,1823,684,0,301
2500,1823,683,0,303
2501,1823,682,0,302
2502,1823,683,0,303
2503,1824,684,0,302
2504,1823,683,0,303
2505,1823,683,0,304
2506,1823,683,0,303
2507,1823,683,0,303
2508,1823,683,0,300
2509,1823,684,0,298
2510,1823,683,0,300
2511,1823,684,0,301
2512,1823,683,0,302
2513,1823,684,0,302
2514,1822,683,0,302
2515,1822,682,0,302
2516,1822,683,0,303
2517,1823,683,0,302
2518,1823,683,0,303
2519,1822,683,0,305
2520,1823,683,0,304
2521,1823,683,0,304
2522,1823,682,0,303
2523,1823,682,0,305
2524,1822,682,0,302
2525,1822,683,0,302
2526,1822,682,0,305
2527,1822,683,0,303
2528,1822,684,0,302
2529,1822,684,0,304
2530,1822,685,0,303
2531,1822,684,0,302
2532,1823,685,0,302
2533,1823,685,0,302
2534,1823,686,0,305
2535,1822,683,0,303
2536,1822,683,0,302
2537,1822,683,0,301
2538,1822,683,0,303
2539,1822,683,0,304
2540,1822,684,0,303
2541,1822,684,0,302
2542,1822,684,0,303
2543,1822,684,0,306
2544,1822,684,0,304
2545,1822,684,0,300
2546,1822,685,0,297
2547,1822,685,0,304
2548,1822,684,0,303
2549,1822,684,0,304
2550,1822,684,0,305
2551,1821,684,0,299
2552,1822,684,0,302
2553,1822,684,0,300
2554,1822,684,0,301
2555,1823,684,0,302
2556,1823,683,0,303
2557,1822,682,0,303
2558,1822,682,0,302
2559,1822,683,0,303
2560,1822,683,0,299
2561,1823,683,0,299
2562,1824,683,0,299
2563,1823,683,0,300
2564,1823,683,0,298
2565,1823,683,0,300
2566,1823,683,0,300
2567,1823,683,0,300
2568,1823,682,0,305
2569,1823,682,0,303
2570,1823,683,0,305
2571,1823,683,0,305
2572,1823,683,0,305
2573,1823,683,0,305
2574,1823,683,0,304
2575,1823,683,0,304
2576,1823,683,0,305
2577,1824,683,0,305
2578,1823,683,0,306
2579,1824,684,0,304
2580,1824,683,0,306
2581,1823,683,0,308
2582,1823,683,0,307
2583,1823,683,0,304
2584,1823,683,0,305
2585,1823,683,0,301
2586,1823,683,0,299
2587,1823,684,0,297
2588,1823,683,0,299
2589,1823,683,0,302
2590,1823,682,0,302
2591,1823,682,0,300
2592,1823,683,0,298
2593,1823,683,0,299
2594,1824,684,0,300
2595,1824,683,0,301
2596,1824,683,0,302
2597,1825,683,0,302
2598,1824,683,0,302
2599,1824,683,0,304
2600,1824,682,0,305
2601,1824,683,0,308
2602,1825,684,0,302
2603,1825,683,0,304
2604,1825,684,0,306
2605,1825,684,0,311
2606,1824,684,0,307
2607,1824,683,0,310
2608,1824,683,0,312
2609,1823,682,0,313
2610,1822,682,0,307
2611,1823,683,0,310
2612,1822,682,0,313
2613,1821,680,0,311
2614,1819,680,0,315
2615,1817,680,0,321
2616,1816,679,0,324
2617,1815,678,0,323
2618,1815,677,0,320
2619,1815,677,0,318
2620,1816,677,0,310
2621,1819,677,0,308
2622,1820,674,0,302
2623,1821,676,0,299
2624,1823,679,0,307
2625,1821,680,0,308
2626,1821,678,0,302
2627,1822,677,0,299
2628,1823,679,0,299
2629,1824,679,0,297
2630,1825,679,0,297
2631,1825,677,0,293
2632,1825,679,0,296
2633,1828,680,0,310
2634,1829,680,0,321
2635,1828,679,0,325
2636,1825,677,0,326
2637,1825,678,0,325
2638,1824,680,0,324
2639,1822,680,0,322
2640,1818,680,0,320
2641,1817,679,0,313
2642,1814,679,0,300
2643,1812,680,0,291
2644,1813,682,0,288
2645,1814,683,0,290
2646,1813,683,0,286
2647,1813,684,0,284
2648,1814,683,0,287
2649,1813,683,0,289
2650,1811,681,0,289
2651,1812,679,0,293
2652,1811,678,0,294
2653,1812,677,0,297
2654,1811,678,0,294
2655,1811,679,0,287
2656,1811,679,0,283
2657,1810,682,0,278
2658,1811,685,0,272
2659,1809,685,0,265
2660,1807,685,0,266
2661,1807,683,0,268
2662,1807,683,0,273
2663,1808,684,0,276
2664,1807,684,0,274
2665,1807,683,0,277
2666,1807,683,0,278
2667,1807,683,0,277
2668,1807,683,0,277
2669,1807,684,0,278
2670,1806,683,0,278
2671,1806,684,0,277
2672,1806,683,0,278
2673,1807,683,0,272
2674,1808,683,0,272
2675,1807,683,0,263
2676,1807,683,0,263
2677,1808,683,0,265
2678,1808,683,0,267
2679,1808,682,0,268
2680,1808,682,0,268
2681,1808,682,0,268
2682,1808,682,0,270
2683,1808,682,0,268
2684,1808,682,0,269
2685,1808,682,0,269
2686,1808,682,0,266
2687,1808,683,0,265
2688,1808,682,0,265
2689,1808,682,0,265
2690,1808,680,0,269
2691,1807,677,0,266
2692,1805,674,0,266
2693,1805,676,0,266
2694,1804,675,0,266
2695,1801,674,0,258
2696,1797,677,0,255
2697,1794,677,0,249
2698,1793,676,0,243
2699,1793,676,0,237
2700,1793,677,0,234
2701,1792,679,0,234
2702,1795,679,0,234
2703,1794,679,0,233
2704,1794,679,0,232
2705,1793,680,0,230
2706,1793,680,0,226
2707,1793,680,0,225
2708,1793,681,0,224
2709,1793,681,0,219
2710,1793,683,0,211
2711,1793,684,0,211
2712,1793,684,0,212
2713,1794,684,0,214
2714,1794,685,0,214
2715,1793,685,0,216
2716,1794,684,0,217
2717,1795,684,0,218
2718,1795,683,0,222
2719,1796,683,0,220
2720,1797,682,0,218
2721,1797,682,0,219
2722,1798,681,0,223
2723,1798,681,0,218
2724,1796,682,0,217
2725,1795,684,0,213
2726,1796,684,0,216
2727,1796,684,0,215
2728,1794,683,0,211
2729,1794,684,0,211
2730,1795,684,0,212
2731,1795,685,0,215
2732,1795,685,0,218
2733,1795,685,0,213
2734,1793,686,0,214
2735,1794,684,0,211
2736,1794,686,0,211
2737,1794,686,0,208
2738,1793,683,0,205
2739,1792,683,0,207
2740,1792,684,0,205
2741,1792,684,0,206
2742,1792,684,0,208
2743,1793,684,0,210
2744,1793,684,0,209
2745,1793,684,0,209
2746,1794,684,0,209
2747,1793,684,0,211
2748,1793,684,0,212
2749,1794,684,0,213
2750,1795,684,0,215
2751,1795,684,0,218
2752,1794,684,0,217
2753,1796,684,0,218
2754,1796,684,0,217
2755,1798,681,0,227
2756,1798,683,0,211
2757,1799,683,0,210
2758,1799,682,0,211
2759,1799,682,0,215
2760,1799,681,0,215
2761,1798,683,0,214
2762,1799,683,0,211
2763,1799,683,0,212
2764,1799,682,0,216
2765,1799,683,0,213
2766,1799,683,0,211
2767,1799,683,0,213
2768,1799,683,0,211
2769,1799,683,0,211
2770,1799,683,0,212
2771,1798,684,0,211
2772,1799,682,0,215
2773,1799,682,0,219
2774,1799,682,0,218
2775,1800,682,0,221
2776,1799,682,0,218
2777,1799,683,0,219
2778,1798,683,0,219
2779,1799,683,0,218
2780,1799,683,0,218
2781,1799,683,0,218
2782,1798,683,0,217
2783,1798,683,0,218
2784,1799,683,0,218
2785,1798,683,0,217
2786,1799,682,0,220
2787,1799,682,0,220
2788,1799,682,0,221
2789,1799,682,0,224
2790,1800,682,0,221
2791,1799,682,0,222
2792,1799,683,0,222
2793,1799,682,0,223
2794,1799,683,0,222
2795,1799,683,0,222
2796,1800,682,0,222
2797,1800,682,0,223
2798,1799,682,0,220
2799,1799,683,0,219
2800,1800,684,0,217
2801,1799,684,0,215
2802,1799,683,0,220
2803,1799,683,0,220
2804,1799,683,0,216
2805,1799,683,0,216
2806,1799,683,0,221
2807,1800,682,0,221
2808,1799,683,0,221
2809,1799,683,0,222
2810,1799,683,0,218
2811,1799,684,0,220
2812,1799,683,0,222
2813,1800,682,0,226
2814,1800,683,0,218
2815,1799,683,0,219
2816,1799,683,0,219
2817,1799,684,0,219
2818,1799,685,0,220
2819,1799,684,0,218
2820,1799,685,0,217
2821,1799,685,0,211
2822,1800,686,0,213
2823,1799,686,0,209
2824,1798,686,0,212
2825,1798,687,0,213
2826,1799,687,0,213
2827,1799,687,0,212
2828,1797,688,0,211
2829,1798,688,0,210
2830,1798,688,0,210
2831,1798,688,0,211
2832,1798,687,0,213
2833,1797,688,0,211
2834,1797,686,0,211
2835,1797,687,0,214
2836,1797,685,0,216
2837,1799,689,0,220
2838,1799,687,0,220
2839,1799,685,0,221
2840,1799,686,0,221
2841,1799,686,0,218
2842,1799,687,0,217
2843,1799,686,0,217
2844,1799,686,0,221
2845,1798,684,0,222
2846,1797,686,0,221
2847,1797,684,0,223
2848,1797,682,0,228
2849,1798,681,0,227
2850,1798,677,0,226
2851,1797,676,0,227
2852,1798,676,0,225
2853,1798,676,0,224
2854,1798,675,0,221
2855,1798,675,0,219
2856,1799,676,0,220
2857,1798,676,0,219
2858,1798,676,0,220
2859,1799,678,0,222
2860,1800,678,0,220
2861,1801,677,0,222
2862,1800,676,0,221
2863,1800,677,0,219
2864,1800,679,0,220
2865,1800,679,0,219
2866,1800,679,0,219
2867,1802,680,0,215
2868,1803,679,0,215
2869,1802,680,0,217
2870,1801,680,0,218
2871,1800,681,0,215
2872,1801,681,0,215
2873,1802,681,0,216
2874,1802,681,0,217
2875,1802,682,0,217
2876,1802,683,0,215
2877,1802,682,0,214
2878,1802,682,0,215
2879,1802,682,0,216
2880,1802,682,0,218
2881,1802,682,0,215
2882,1801,682,0,216
2883,1800,683,0,213
2884,1801,683,0,214
2885,1802,684,0,213
2886,1802,684,0,217
2887,1800,684,0,218
2888,1801,682,0,218
2889,1801,681,0,217
2890,1800,681,0,220
2891,1800,682,0,218
2892,1800,680,0,218
2893,1799,682,0,216
2894,1799,683,0,214
2895,1799,680,0,216
2896,1799,676,0,216
2897,1798,673,0,221
2898,1798,671,0,223
2899,1799,671,0,220
2900,1798,672,0,221
2901,1798,671,0,220
2902,1798,672,0,225
2903,1798,669,0,230
2904,1796,669,0,227
2905,1796,669,0,232
2906,1797,668,0,231
2907,1798,668,0,232
2908,1798,666,0,233
2909,1799,664,0,236
2910,1800,663,0,242
2911,1799,663,0,242
2912,1800,661,0,247
2913,1803,661,0,246
2914,1803,661,0,245
2915,1803,661,0,244
2916,1804,662,0,241
2917,1804,661,0,244
2918,1804,661,0,243
2919,1803,661,0,245
2920,1804,662,0,243
2921,1804,662,0,243
2922,1804,663,0,243
2923,1804,665,0,240
2924,1804,666,0,240
2925,1805,666,0,241
2926,1805,666,0,233
2928,1805,668,0,233
2929,1805,668,0,235
2930,1804,667,0,235
2931,1804,667,0,235
2932,1806,666,0,231
2933,1807,666,0,228
2934,1806,665,0,232
2935,1805,665,0,235
2936,1805,666,0,233
2937,1806,663,0,235
2938,1804,663,0,238
2940,1801,667,0,243
2941,1798,667,0,243
2942,1798,662,0,244
2943,1798,661,0,243
2944,1799,662,0,242
2945,1798,661,0,237
2946,1798,660,0,238
2947,1798,661,0,235
2948,1797,661,0,238
2949,1796,661,0,247
2950,1795,660,0,247
2951,1797,661,0,251
2952,1795,661,0,255
2953,1795,661,0,255
2954,1794,659,0,256
2955,1793,658,0,257
2956,1791,657,0,262
2957,1790,656,0,265
2958,1787,653,0,266
2959,1785,651,0,263
2960,1783,651,0,268
2961,1781,649,0,265
2962,1781,647,0,264
2963,1778,641,0,261
2964,1775,639,0,241
2965,1776,635,0,248
2966,1775,634,0,249
2967,1775,633,0,253
2968,1776,631,0,247
2969,1776,626,0,242
2970,1776,627,0,248
2971,1776,626,0,240
2972,1777,626,0,249
2973,1779,631,0,231
2974,1783,631,0,232
2975,1787,625,0,202
2976,1778,627,0,237
2977,1778,626,0,245
2978,1774,625,0,241
2979,1772,625,0,241
2980,1772,625,0,243
2981,1772,626,0,247
2982,1772,626,0,250
2983,1774,626,0,253
2984,1772,627,0,247
2985,1770,627,0,253
2986,1769,627,0,254
2987,1769,628,0,256
2988,1767,628,0,257
2989,1769,627,0,259
2990,1772,626,0,261
2991,1777,624,0,271
2992,1775,625,0,268
2993,1777,626,0,268
2994,1777,626,0,270
2995,1776,627,0,268
2996,1776,627,0,270
2997,1778,627,0,270
2998,1781,627,0,287
2999,1784,627,0,282
