0,1592,709,0,106
1,1591,711,0,107
2,1591,712,0,109
3,1592,714,0,113
4,1604,717,0,106
5,1596,720,0,104
6,1594,721,0,105
7,1593,723,0,101
8,1592,725,0,101
9,1591,729,0,106
10,1592,731,0,105
11,1594,734,0,105
12,1595,738,0,102
13,1596,745,0,93
14,1597,752,0,97
15,1597,752,0,96
16,1596,752,0,92
17,1596,754,0,98
18,1596,754,0,104
19,1597,754,0,114
20,1599,759,0,122
21,1600,763,0,125
22,1604,765,0,129
23,1605,766,0,130
24,1604,763,0,128
25,1605,758,0,125
26,1604,762,0,119
27,1606,768,0,116
28,1610,772,0,117
29,1611,784,0,111
30,1617,793,0,104
31,1621,793,0,109
32,1625,796,0,126
33,1630,799,0,128
34,1634,801,0,122
35,1632,800,0,127
36,1633,800,0,125
37,1630,800,0,127
38,1631,801,0,118
39,1632,807,0,119
40,1633,811,0,119
41,1637,815,0,120
42,1643,818,0,113
43,1646,824,0,100
44,1647,827,0,93
45,1647,829,0,88
46,1649,826,0,93
47,1649,826,0,93
48,1648,827,0,87
49,1648,828,0,93
50,1648,827,0,97
51,1649,824,0,98
52,1648,822,0,100
53,1647,820,0,100
54,1646,818,0,103
55,1644,813,0,108
56,1641,808,0,119
57,1640,805,0,124
58,1640,802,0,123
59,1638,800,0,129
60,1637,798,0,128
61,1634,796,0,133
62,1634,794,0,128
63,1633,793,0,129
64,1634,793,0,115
65,1634,793,0,110
66,1636,791,0,106
67,1635,792,0,108
68,1635,791,0,107
69,1635,790,0,107
70,1635,790,0,108
71,1636,791,0,102
72,1635,791,0,103
73,1636,791,0,109
74,1635,791,0,109
75,1635,792,0,109
76,1635,792,0,111
77,1633,792,0,112
78,1635,791,0,105
79,1636,788,0,104
80,1636,788,0,106
81,1636,788,0,108
82,1635,789,0,107
83,1635,788,0,108
84,1634,787,0,108
85,1635,786,0,107
86,1635,785,0,111
87,1633,785,0,110
88,1633,784,0,109
89,1633,784,0,107
90,1633,784,0,108
91,1636,783,0,103
92,1635,783,0,102
93,1633,782,0,100
94,1633,783,0,103
95,1634,782,0,104
96,1635,782,0,106
97,1634,782,0,106
98,1633,781,0,107
99,1633,782,0,108
100,1633,782,0,109
101,1632,781,0,113
102,1631,778,0,113
103,1629,777,0,111
104,1628,775,0,116
105,1627,775,0,121
106,1625,775,0,121
107,1625,777,0,116
108,1623,778,0,113
109,1624,778,0,111
110,1626,778,0,113
111,1626,778,0,122
112,1626,777,0,129
113,1630,780,0,136
114,1632,783,0,128
115,1633,784,0,120
116,1632,782,0,122
117,1632,782,0,122
118,1632,782,0,122
119,1631,782,0,107
120,1629,782,0,105
121,1630,782,0,106
122,1631,785,0,110
123,1631,785,0,110
124,1630,783,0,113
125,1629,783,0,115
126,1632,785,0,112
127,1632,784,0,112
128,1633,784,0,113
129,1631,785,0,113
130,1631,785,0,115
131,1631,785,0,118
132,1631,785,0,116
133,1631,783,0,115
134,1631,785,0,118
135,1634,786,0,122
136,1636,789,0,117
137,1637,791,0,114
138,1638,792,0,117
139,1641,792,0,115
140,1642,793,0,112
141,1645,792,0,108
142,1643,793,0,113
143,1644,798,0,114
144,1646,799,0,126
145,1648,802,0,132
146,1652,802,0,139
147,1654,805,0,139
148,1653,804,0,143
149,1652,801,0,150
150,1651,799,0,146
151,1651,797,0,144
152,1650,797,0,145
153,1649,797,0,149
154,1650,798,0,148
155,1650,799,0,147
156,1649,799,0,140
157,1649,807,0,123
158,1652,814,0,113
159,1656,820,0,116
160,1656,822,0,112
161,1655,824,0,108
162,1654,829,0,107
163,1656,834,0,113
164,1658,842,0,112
165,1663,845,0,109
166,1663,847,0,102
167,1663,846,0,106
168,1663,846,0,111
169,1663,845,0,105
170,1662,845,0,101
171,1662,847,0,96
172,1661,845,0,94
173,1662,845,0,94
174,1663,845,0,94
175,1663,846,0,93
176,1665,842,0,96
177,1667,842,0,101
178,1668,842,0,105
179,1668,844,0,105
180,1668,845,0,105
181,1667,845,0,108
182,1667,846,0,110
183,1668,846,0,107
184,1669,847,0,99
185,1668,846,0,98
186,1668,846,0,99
187,1668,842,0,104
188,1666,839,0,109
189,1669,835,0,101
190,1680,830,0,111
191,1680,829,0,97
192,1687,831,0,87
193,1694,831,0,79
194,1698,834,0,82
195,1699,832,0,84
196,1697,830,0,85
197,1693,828,0,92
198,1695,827,0,95
199,1694,825,0,94
200,1694,827,0,98
201,1693,828,0,103
202,1691,824,0,98
203,1695,826,0,87
204,1699,828,0,91
205,1699,830,0,91
206,1702,840,0,77
207,1701,843,0,78
208,1702,847,0,69
209,1703,852,0,64
210,1699,859,0,65
211,1698,859,0,61
212,1701,855,0,64
213,1700,854,0,59
214,1699,849,0,60
215,1699,847,0,54
216,1698,847,0,55
217,1700,846,0,52
218,1703,842,0,58
219,1704,840,0,58
220,1705,838,0,53
221,1706,838,0,52
222,1701,842,0,63
223,1698,846,0,63
224,1695,847,0,51
225,1693,845,0,35
226,1691,846,0,29
227,1689,847,0,26
228,1685,846,0,30
229,1679,846,0,28
230,1676,847,0,32
231,1675,849,0,36
232,1674,850,0,31
233,1671,854,0,39
234,1672,855,0,43
235,1671,856,0,40
236,1669,861,0,44
237,1668,864,0,35
238,1669,864,0,33
239,1671,865,0,31
240,1670,866,0,33
241,1668,868,0,33
242,1667,872,0,38
243,1665,877,0,49
244,1665,881,0,56
245,1664,884,0,63
246,1663,889,0,71
247,1663,890,0,70
248,1662,891,0,70
249,1661,893,0,65
250,1661,891,0,52
251,1663,892,0,60
252,1662,892,0,65
253,1664,893,0,68
254,1665,898,0,71
255,1665,901,0,74
256,1664,902,0,74
257,1662,906,0,76
258,1661,913,0,74
259,1660,916,0,77
260,1662,918,0,82
261,1664,919,0,82
262,1664,919,0,80
263,1665,920,0,83
264,1665,920,0,81
265,1666,920,0,81
266,1666,919,0,86
267,1667,918,0,94
268,1670,921,0,95
269,1676,926,0,108
270,1682,928,0,117
271,1684,931,0,121
272,1686,928,0,120
273,1688,926,0,120
274,1687,927,0,119
275,1689,927,0,111
276,1692,930,0,99
277,1689,932,0,85
278,1686,937,0,71
279,1685,937,0,71
280,1687,938,0,69
281,1687,939,0,64
282,1685,940,0,58
283,1682,942,0,51
284,1680,944,0,46
285,1681,946,0,43
286,1685,946,0,51
287,1685,948,0,42
288,1685,951,0,31
289,1687,953,0,23
290,1695,951,0,27
291,1699,955,0,5
292,1692,955,0,14
293,1688,958,0,10
294,1682,958,0,6
295,1676,958,0,2
296,1677,960,0,15
297,1679,963,0,23
298,1675,963,0,30
299,1670,967,0,30
300,1664,970,0,38
301,1661,973,0,43
302,1658,971,0,49
303,1657,970,0,35
304,1653,970,0,34
305,1651,974,0,35
306,1647,983,0,44
307,1640,980,0,47
308,1639,978,0,52
309,1641,979,0,54
310,1642,977,0,56
311,1642,978,0,53
312,1640,977,0,46
313,1639,977,0,48
314,1643,978,0,62
315,1646,978,0,76
316,1646,976,0,80
317,1646,976,0,82
318,1646,980,0,78
319,1646,982,0,74
320,1647,983,0,75
321,1650,981,0,79
322,1652,981,0,75
323,1651,981,0,76
324,1652,981,0,78
325,1650,980,0,74
326,1649,982,0,78
327,1648,984,0,78
328,1647,983,0,82
329,1650,989,0,71
330,1649,992,0,79
331,1647,997,0,75
332,1647,997,0,76
333,1649,996,0,85
334,1650,996,0,89
335,1648,996,0,96
336,1650,999,0,105
337,1652,1001,0,118
338,1653,1009,0,122
339,1652,1017,0,139
340,1654,1017,0,143
341,1660,1021,0,160
342,1664,1020,0,171
343,1667,1025,0,177
344,1671,1030,0,183
345,1671,1030,0,175
346,1672,1028,0,173
347,1670,1026,0,168
348,1669,1027,0,166
349,1672,1028,0,172
350,1675,1028,0,161
351,1677,1029,0,162
352,1676,1027,0,165
353,1683,1028,0,175
354,1687,1030,0,170
355,1687,1030,0,169
356,1685,1030,0,173
357,1683,1028,0,169
358,1686,1029,0,159
359,1686,1029,0,143
360,1684,1034,0,141
361,1685,1035,0,144
362,1685,1038,0,136
363,1683,1038,0,147
364,1683,1036,0,158
365,1684,1034,0,162
366,1687,1034,0,168
367,1690,1032,0,166
368,1695,1033,0,175
369,1697,1033,0,182
370,1697,1032,0,181
371,1695,1031,0,177
372,1696,1032,0,178
373,1696,1033,0,178
374,1695,1031,0,176
375,1701,1031,0,184
376,1701,1030,0,187
377,1704,1030,0,189
378,1704,1030,0,191
379,1701,1029,0,183
380,1697,1031,0,182
381,1700,1032,0,185
382,1702,1032,0,192
383,1701,1032,0,192
384,1698,1033,0,186
385,1698,1034,0,186
386,1697,1034,0,184
387,1697,1034,0,182
388,1696,1033,0,179
389,1695,1033,0,178
390,1695,1034,0,177
391,1695,1034,0,176
392,1694,1033,0,173
393,1691,1034,0,175
394,1688,1035,0,170
395,1687,1034,0,167
396,1686,1034,0,166
397,1685,1034,0,164
398,1684,1033,0,159
399,1684,1033,0,160
400,1684,1033,0,160
401,1681,1032,0,158
402,1678,1030,0,157
403,1676,1030,0,160
404,1675,1029,0,161
405,1674,1029,0,159
406,1674,1029,0,159
407,1675,1029,0,155
408,1675,1027,0,155
409,1675,1027,0,151
410,1676,1028,0,154
411,1676,1029,0,162
412,1677,1028,0,156
413,1677,1027,0,156
414,1675,1025,0,152
415,1676,1025,0,152
416,1674,1026,0,158
417,1677,1020,0,135
418,1678,1016,0,116
419,1676,1014,0,121
420,1675,1011,0,119
421,1675,1010,0,115
422,1676,1010,0,122
423,1675,1012,0,131
424,1674,1012,0,133
425,1675,1014,0,136
426,1676,1014,0,132
427,1676,1016,0,131
428,1677,1015,0,128
429,1678,1014,0,124
430,1679,1017,0,125
431,1678,1019,0,128
432,1680,1020,0,129
433,1681,1021,0,130
434,1680,1021,0,130
435,1677,1020,0,127
436,1678,1023,0,122
437,1677,1024,0,113
438,1676,1025,0,112
439,1676,1027,0,114
440,1678,1029,0,121
441,1680,1030,0,123
442,1683,1030,0,124
443,1681,1029,0,129
444,1683,1028,0,140
445,1689,1028,0,148
446,1691,1026,0,153
447,1690,1025,0,149
448,1687,1024,0,142
449,1686,1025,0,142
450,1687,1029,0,146
451,1689,1031,0,143
452,1691,1026,0,149
453,1691,1024,0,155
454,1694,1024,0,161
455,1697,1026,0,166
459,1701,1029,0,178
460,1700,1029,0,180
461,1701,1030,0,184
462,1702,1030,0,181
463,1702,1030,0,182
464,1704,1029,0,181
465,1705,1028,0,178
466,1707,1026,0,176
467,1707,1027,0,175
468,1706,1026,0,176
469,1703,1027,0,174
470,1708,1027,0,173
471,1718,1027,0,188
472,1726,1027,0,197
473,1727,1023,0,191
474,1731,1022,0,198
475,1732,1022,0,197
476,1732,1021,0,196
477,1731,1021,0,191
478,1732,1020,0,186
479,1733,1021,0,184
480,1734,1022,0,180
481,1734,1023,0,177
482,1734,1021,0,181
483,1735,1019,0,191
484,1744,1015,0,216
485,1744,1011,0,217
486,1747,1010,0,218
487,1748,1008,0,219
488,1751,1004,0,231
489,1759,997,0,234
490,1761,991,0,232
491,1767,990,0,238
492,1767,989,0,234
493,1765,989,0,229
494,1763,991,0,232
495,1761,992,0,229
496,1760,992,0,228
497,1759,989,0,217
498,1766,986,0,217
499,1772,984,0,209
500,1777,984,0,205
501,1777,983,0,196
502,1777,986,0,185
503,1780,986,0,188
504,1780,986,0,187
505,1781,985,0,188
506,1780,984,0,186
507,1777,982,0,182
508,1778,980,0,185
509,1784,979,0,186
510,1790,979,0,183
511,1795,979,0,179
512,1799,980,0,176
513,1804,981,0,169
514,1804,979,0,163
515,1805,978,0,163
516,1807,978,0,168
517,1809,980,0,170
518,1808,979,0,163
519,1809,980,0,168
520,1810,980,0,167
521,1811,981,0,168
522,1811,981,0,167
523,1811,982,0,162
524,1811,982,0,163
525,1811,982,0,164
526,1812,982,0,165
527,1811,980,0,171
528,1811,981,0,174
529,1809,980,0,176
530,1808,979,0,189
531,1810,979,0,197
532,1811,978,0,199
533,1814,975,0,200
534,1816,974,0,202
535,1819,976,0,206
536,1825,973,0,214
537,1825,972,0,217
538,1824,972,0,209
539,1823,974,0,205
540,1819,975,0,210
541,1814,975,0,201
542,1812,980,0,201
543,1811,980,0,204
544,1809,980,0,194
545,1809,981,0,192
546,1810,981,0,195
547,1809,980,0,191
548,1809,984,0,202
549,1809,981,0,215
550,1811,980,0,219
551,1813,981,0,224
552,1816,978,0,224
553,1820,974,0,222
554,1828,973,0,219
555,1831,969,0,213
556,1832,969,0,212
557,1833,968,0,213
558,1829,971,0,214
559,1828,970,0,214
560,1831,969,0,206
561,1830,968,0,204
562,1832,969,0,204
563,1831,972,0,216
564,1829,970,0,207
565,1831,970,0,205
566,1832,968,0,208
567,1833,967,0,211
568,1832,970,0,202
569,1830,973,0,206
570,1825,973,0,210
571,1823,972,0,209
572,1822,972,0,218
573,1821,972,0,219
574,1818,975,0,223
575,1815,975,0,215
576,1814,977,0,223
577,1813,977,0,221
578,1813,977,0,223
579,1814,977,0,224
580,1814,978,0,227
581,1815,976,0,219
582,1816,975,0,212
583,1818,972,0,205
584,1819,969,0,201
585,1826,967,0,203
586,1831,967,0,197
587,1831,969,0,206
588,1829,970,0,210
589,1827,973,0,199
590,1829,972,0,182
591,1823,971,0,172
592,1828,970,0,166
593,1830,974,0,162
594,1830,977,0,166
595,1832,977,0,166
596,1829,978,0,176
597,1826,976,0,190
598,1829,975,0,208
599,1832,972,0,208
600,1833,973,0,215
601,1833,970,0,213
602,1833,969,0,214
603,1833,971,0,211
604,1833,971,0,210
605,1832,971,0,207
606,1830,971,0,210
607,1828,969,0,215
608,1826,970,0,224
609,1824,970,0,213
610,1824,968,0,206
611,1826,969,0,199
612,1827,969,0,197
613,1826,970,0,201
614,1827,971,0,207
615,1825,972,0,205
616,1826,969,0,202
617,1828,968,0,211
618,1833,964,0,212
619,1833,959,0,213
620,1834,958,0,211
621,1836,953,0,191
622,1838,950,0,188
623,1847,948,0,183
624,1845,949,0,190
625,1852,947,0,195
626,1852,947,0,192
627,1851,949,0,192
628,1848,951,0,192
629,1841,951,0,166
630,1836,952,0,163
631,1835,954,0,181
632,1833,954,0,197
633,1831,955,0,191
634,1834,951,0,184
635,1833,951,0,188
636,1834,952,0,181
637,1830,951,0,173
638,1830,951,0,172
639,1830,944,0,158
640,1829,943,0,146
641,1832,945,0,143
642,1828,947,0,132
643,1824,946,0,122
644,1822,948,0,106
645,1823,950,0,89
646,1818,955,0,88
647,1818,959,0,84
648,1819,959,0,86
649,1819,960,0,89
650,1819,960,0,90
651,1820,960,0,90
652,1819,960,0,89
653,1819,961,0,89
654,1818,961,0,88
655,1818,961,0,90
656,1818,961,0,92
657,1818,961,0,93
658,1816,962,0,97
659,1816,961,0,102
660,1817,962,0,100
661,1817,961,0,102
662,1818,962,0,101
663,1818,962,0,100
664,1819,961,0,99
665,1822,962,0,95
666,1823,961,0,94
667,1822,963,0,97
668,1823,963,0,97
669,1821,965,0,94
670,1822,965,0,95
671,1823,964,0,90
672,1823,965,0,89
673,1822,965,0,87
674,1825,965,0,89
675,1825,969,0,92
676,1825,975,0,93
677,1825,979,0,96
678,1824,982,0,98
679,1825,985,0,99
680,1825,988,0,100
681,1825,984,0,94
682,1822,985,0,87
683,1821,984,0,89
684,1823,983,0,87
685,1824,983,0,85
686,1823,981,0,87
687,1823,985,0,84
688,1823,987,0,84
689,1822,990,0,83
690,1822,990,0,82
691,1823,989,0,82
692,1824,991,0,84
693,1825,993,0,83
694,1825,994,0,85
695,1824,995,0,85
696,1822,994,0,82
697,1819,996,0,77
698,1818,1001,0,81
699,1815,1006,0,83
700,1816,1012,0,81
701,1813,1014,0,65
702,1812,1013,0,69
703,1811,1016,0,75
704,1810,1017,0,81
705,1810,1017,0,74
706,1809,1018,0,80
707,1810,1017,0,74
708,1811,1015,0,82
709,1812,1013,0,83
710,1808,1013,0,87
711,1807,1013,0,92
712,1810,1016,0,97
713,1810,1014,0,95
714,1810,1010,0,93
715,1810,1010,0,93
716,1807,1010,0,97
717,1806,1010,0,102
718,1805,1011,0,96
719,1806,1014,0,94
720,1806,1016,0,95
721,1808,1016,0,98
722,1808,1016,0,98
723,1809,1016,0,93
724,1812,1014,0,78
725,1812,1014,0,74
726,1814,1014,0,76
727,1817,1019,0,79
728,1818,1020,0,94
729,1820,1029,0,98
730,1827,1032,0,96
731,1829,1036,0,104
732,1828,1043,0,103
733,1827,1045,0,105
734,1828,1046,0,111
735,1828,1047,0,111
736,1829,1049,0,108
737,1830,1049,0,106
738,1831,1050,0,93
739,1832,1052,0,89
740,1834,1055,0,79
741,1837,1053,0,73
742,1838,1053,0,77
743,1841,1051,0,71
744,1842,1051,0,85
745,1845,1051,0,98
746,1850,1051,0,108
747,1852,1050,0,112
748,1856,1050,0,119
749,1856,1052,0,115
750,1864,1047,0,106
751,1870,1042,0,99
752,1877,1042,0,80
753,1877,1041,0,79
754,1874,1043,0,79
755,1871,1044,0,84
756,1870,1046,0,88
757,1869,1047,0,91
758,1869,1049,0,91
759,1869,1050,0,95
760,1871,1046,0,105
761,1873,1041,0,109
762,1873,1042,0,113
763,1877,1038,0,114
764,1878,1035,0,117
765,1878,1033,0,127
766,1873,1030,0,131
767,1872,1029,0,136
768,1874,1028,0,142
769,1874,1028,0,151
770,1875,1023,0,157
771,1876,1022,0,164
772,1878,1022,0,166
773,1879,1020,0,170
774,1882,1018,0,172
775,1886,1017,0,170
776,1886,1013,0,171
777,1890,1014,0,172
778,1896,1018,0,174
779,1903,1017,0,176
780,1906,1017,0,169
781,1904,1017,0,180
782,1902,1018,0,205
783,1900,1014,0,213
784,1904,1013,0,218
785,1901,1011,0,211
786,1901,1011,0,213
787,1899,1013,0,213
788,1898,1020,0,201
789,1901,1022,0,191
790,1904,1022,0,190
791,1906,1021,0,186
792,1908,1027,0,181
793,1907,1025,0,186
794,1906,1026,0,179
795,1908,1029,0,171
796,1906,1028,0,159
797,1901,1028,0,163
798,1900,1030,0,132
799,1900,1034,0,105
800,1903,1043,0,106
801,1903,1046,0,95
802,1902,1048,0,91
804,1904,1046,0,87
805,1906,1043,0,88
806,1909,1042,0,76
807,1906,1040,0,58
808,1901,1042,0,46
809,1902,1043,0,46
810,1900,1045,0,48
811,1899,1043,0,48
812,1898,1045,0,36
813,1894,1043,0,33
814,1891,1042,0,32
815,1887,1041,0,29
816,1884,1042,0,37
817,1884,1043,0,35
818,1885,1043,0,27
819,1885,1040,0,35
820,1884,1043,0,16
821,1881,1043,0,14
822,1879,1043,0,5
823,1876,1044,0,5
824,1875,1041,0,10
825,1876,1037,0,14
826,1877,1033,0,21
827,1882,1033,0,17
828,1885,1033,0,4
829,1882,1034,0,9
830,1882,1037,0,354
831,1885,1038,0,346
832,1883,1039,0,352
833,1885,1040,0,7
834,1882,1041,0,11
835,1877,1042,0,17
836,1876,1040,0,20
837,1870,1041,0,26
838,1862,1042,0,32
839,1874,1035,0,15
840,1870,1037,0,20
841,1856,1039,0,27
842,1849,1038,0,35
843,1837,1040,0,34
844,1826,1047,0,40
845,1817,1052,0,43
846,1808,1051,0,40
847,1803,1056,0,31
848,1797,1057,0,42
849,1786,1063,0,35
850,1779,1061,0,33
851,1775,1064,0,34
852,1771,1067,0,34
853,1761,1068,0,45
854,1760,1074,0,52
855,1759,1070,0,69
856,1758,1073,0,72
857,1759,1074,0,68
858,1760,1074,0,69
859,1760,1073,0,68
860,1760,1073,0,71
861,1762,1072,0,78
862,1762,1071,0,64
863,1757,1072,0,63
864,1749,1076,0,53
865,1745,1090,0,57
866,1742,1097,0,54
867,1732,1100,0,64
868,1726,1106,0,75
869,1725,1113,0,71
870,1722,1119,0,69
871,1719,1122,0,68
872,1716,1127,0,66
873,1714,1128,0,62
874,1713,1132,0,64
875,1710,1134,0,67
876,1708,1140,0,67
877,1705,1141,0,64
878,1703,1140,0,62
879,1700,1139,0,65
880,1699,1139,0,65
881,1695,1139,0,58
882,1692,1142,0,56
883,1691,1148,0,62
884,1690,1153,0,76
885,1688,1158,0,84
886,1690,1161,0,92
887,1691,1163,0,97
888,1692,1166,0,102
889,1694,1166,0,95
890,1694,1164,0,90
891,1694,1161,0,89
892,1700,1152,0,86
894,1696,1152,0,83
895,1699,1142,0,85
896,1700,1140,0,86
897,1701,1138,0,93
898,1701,1135,0,95
899,1700,1132,0,91
900,1699,1128,0,93
901,1699,1126,0,97
902,1699,1131,0,93
903,1699,1133,0,98
904,1698,1136,0,94
905,1698,1140,0,88
906,1697,1145,0,80
907,1694,1150,0,78
908,1692,1155,0,76
909,1693,1157,0,80
910,1696,1159,0,86
911,1698,1160,0,87
913,1700,1159,0,88
914,1699,1161,0,89
915,1698,1163,0,85
916,1698,1167,0,87
917,1696,1173,0,89
918,1697,1174,0,75
920,1699,1186,0,67
921,1703,1191,0,75
922,1700,1195,0,76
923,1696,1198,0,76
925,1699,1211,0,70
926,1698,1216,0,62
927,1692,1224,0,63
928,1690,1232,0,58
929,1691,1236,0,46
930,1687,1238,0,44
931,1680,1241,0,39
932,1680,1245,0,42
933,1676,1248,0,46
934,1674,1255,0,50
935,1670,1260,0,56
936,1672,1268,0,67
937,1671,1275,0,70
938,1675,1283,0,83
939,1675,1289,0,90
940,1680,1293,0,99
941,1681,1296,0,106
942,1684,1297,0,108
943,1688,1300,0,119
944,1697,1304,0,122
945,1702,1310,0,118
946,1708,1313,0,125
947,1709,1314,0,126
948,1708,1315,0,131
949,1707,1316,0,130
950,1710,1323,0,122
951,1713,1323,0,115
952,1714,1323,0,113
953,1714,1324,0,118
954,1715,1327,0,118
955,1714,1329,0,110
956,1712,1332,0,104
957,1712,1333,0,107
958,1713,1332,0,115
959,1714,1333,0,112
960,1712,1334,0,112
961,1713,1337,0,109
962,1711,1334,0,110
963,1709,1333,0,112
964,1706,1331,0,105
965,1703,1328,0,91
966,1702,1327,0,89
967,1699,1332,0,78
968,1698,1344,0,71
969,1693,1349,0,71
970,1689,1350,0,72
971,1689,1347,0,74
972,1688,1347,0,71
973,1685,1350,0,70
974,1680,1349,0,72
975,1673,1349,0,75
976,1659,1350,0,83
977,1644,1359,0,111
978,1645,1352,0,127
979,1645,1353,0,133
980,1643,1354,0,136
981,1644,1354,0,132
982,1640,1353,0,137
983,1638,1354,0,138
984,1637,1355,0,141
985,1637,1354,0,138
986,1637,1353,0,139
987,1637,1353,0,139
988,1637,1353,0,139
989,1637,1352,0,135
990,1637,1352,0,137
991,1637,1351,0,134
992,1637,1352,0,131
993,1637,1352,0,132
994,1638,1352,0,135
995,1637,1353,0,136
996,1637,1354,0,142
997,1636,1354,0,146
998,1635,1354,0,147
999,1634,1355,0,147
1000,1631,1360,0,154
1001,1631,1363,0,159
1002,1631,1363,0,161
1003,1632,1363,0,162
1004,1631,1363,0,162
1005,1632,1363,0,163
1006,1632,1364,0,167
1007,1632,1364,0,170
1008,1632,1364,0,171
1009,1632,1364,0,167
1010,1631,1363,0,160
1011,1631,1362,0,157
1012,1630,1362,0,156
1013,1630,1362,0,156
1014,1630,1362,0,155
1015,1630,1362,0,154
1016,1630,1362,0,155
1017,1630,1363,0,157
1018,1630,1363,0,158
1019,1630,1363,0,159
1020,1630,1363,0,159
1021,1630,1364,0,161
1022,1631,1364,0,163
1023,1631,1364,0,164
1024,1630,1363,0,161
1025,1630,1362,0,159
1026,1630,1362,0,162
1027,1630,1361,0,160
1028,1629,1359,0,161
1029,1630,1359,0,160
1030,1629,1357,0,151
1031,1627,1359,0,151
1032,1626,1359,0,152
1033,1626,1357,0,149
1034,1626,1356,0,148
1035,1626,1358,0,146
1036,1625,1359,0,147
1037,1627,1361,0,145
1038,1627,1360,0,142
1039,1627,1360,0,139
1040,1625,1359,0,136
1041,1624,1359,0,133
1042,1622,1359,0,135
1043,1622,1359,0,137
1044,1621,1358,0,131
1045,1618,1359,0,137
1046,1616,1362,0,139
1047,1615,1362,0,141
1048,1615,1363,0,146
1049,1616,1362,0,142
1050,1616,1362,0,144
1051,1616,1363,0,148
1052,1616,1363,0,146
1053,1615,1364,0,153
1054,1615,1364,0,151
1055,1614,1364,0,151
1056,1614,1364,0,153
1057,1614,1365,0,158
1058,1614,1364,0,160
1059,1615,1363,0,159
1060,1616,1362,0,162
1061,1617,1361,0,166
1062,1618,1360,0,167
1063,1617,1360,0,168
1064,1617,1359,0,165
1065,1618,1357,0,152
1066,1618,1356,0,152
1067,1617,1355,0,153
1068,1616,1353,0,153
1069,1616,1350,0,150
1070,1616,1348,0,137
1071,1617,1346,0,133
1072,1614,1348,0,140
1073,1612,1347,0,143
1074,1610,1348,0,150
1075,1607,1349,0,159
1076,1611,1346,0,159
1077,1618,1343,0,143
1078,1625,1344,0,132
1079,1627,1342,0,142
1080,1629,1342,0,142
1081,1629,1341,0,141
1082,1629,1339,0,142
1083,1627,1336,0,137
1084,1628,1332,0,124
1085,1627,1331,0,124
1086,1628,1326,0,109
1087,1625,1327,0,96
1088,1622,1326,0,88
1089,1625,1318,0,90
1090,1627,1308,0,83
1091,1626,1310,0,86
1092,1627,1308,0,60
1093,1624,1308,0,45
1094,1621,1308,0,36
1095,1620,1307,0,37
1096,1618,1305,0,32
1097,1619,1302,0,23
1098,1617,1301,0,20
1099,1615,1298,0,12
1100,1613,1294,0,9
1101,1609,1292,0,6
1102,1604,1292,0,8
1103,1601,1291,0,2
1104,1600,1289,0,1
1105,1599,1287,0,356
1106,1599,1286,0,358
1107,1600,1284,0,358
1108,1601,1282,0,358
1109,1602,1280,0,4
1110,1602,1276,0,6
1111,1604,1275,0,3
1112,1609,1272,0,3
1113,1614,1271,0,358
1114,1615,1271,0,357
1115,1618,1270,0,359
1116,1618,1269,0,0
1117,1623,1265,0,3
1118,1628,1264,0,0
1119,1629,1263,0,358
1120,1629,1263,0,0
1121,1629,1262,0,6
1122,1629,1263,0,9
1123,1628,1264,0,4
1124,1627,1265,0,3
1125,1623,1266,0,2
1126,1620,1267,0,358
1127,1620,1266,0,353
1128,1618,1264,0,354
1129,1621,1262,0,349
1130,1623,1261,0,355
1131,1629,1259,0,359
1132,1632,1258,0,2
1133,1641,1257,0,3
1134,1642,1258,0,357
1135,1643,1257,0,1
1136,1644,1258,0,0
1137,1646,1258,0,2
1138,1648,1259,0,9
1139,1652,1261,0,16
1140,1653,1262,0,23
1141,1653,1262,0,29
1142,1653,1264,0,35
1143,1653,1263,0,37
1144,1652,1264,0,39
1145,1649,1267,0,45
1146,1648,1267,0,37
1147,1644,1265,0,36
1148,1640,1263,0,38
1149,1636,1261,0,34
1150,1634,1261,0,30
1151,1633,1259,0,24
1152,1634,1259,0,19
1153,1634,1256,0,17
1154,1635,1256,0,19
1155,1634,1256,0,18
1156,1634,1253,0,18
1157,1634,1252,0,27
1158,1634,1250,0,25
1159,1632,1248,0,54
1160,1632,1246,0,52
1161,1634,1243,0,63
1162,1636,1242,0,62
1163,1640,1244,0,55
1164,1640,1246,0,59
1165,1638,1246,0,70
1166,1638,1247,0,75
1167,1639,1246,0,67
1168,1636,1249,0,54
1169,1630,1254,0,54
1170,1629,1256,0,58
1171,1629,1255,0,58
1172,1632,1255,0,53
1173,1630,1257,0,39
1174,1626,1259,0,36
1175,1623,1259,0,31
1176,1622,1263,0,36
1177,1630,1269,0,24
1178,1623,1267,0,14
1179,1618,1265,0,12
1180,1613,1266,0,11
1181,1609,1267,0,11
1182,1605,1271,0,11
1183,1600,1270,0,9
1184,1594,1267,0,3
1185,1590,1264,0,1
1186,1588,1263,0,357
1187,1586,1264,0,358
1188,1585,1263,0,356
1189,1587,1263,0,358
1190,1588,1262,0,359
1191,1587,1261,0,356
1192,1583,1258,0,349
1193,1580,1259,0,348
1194,1579,1259,0,348
1195,1588,1260,0,346
1196,1590,1258,0,344
1197,1593,1255,0,349
1198,1589,1257,0,352
1199,1586,1258,0,353
1200,1586,1260,0,348
1201,1586,1260,0,349
1202,1584,1262,0,344
1203,1580,1264,0,346
1204,1578,1265,0,339
1205,1573,1268,0,332
1206,1576,1269,0,328
1207,1575,1272,0,318
1208,1576,1276,0,311
1209,1579,1277,0,314
1210,1580,1277,0,321
1211,1580,1278,0,318
1212,1579,1279,0,315
1213,1579,1279,0,320
1214,1579,1279,0,318
1215,1580,1280,0,319
1216,1581,1279,0,321
1217,1582,1278,0,321
1218,1581,1277,0,321
1219,1581,1277,0,321
1220,1581,1276,0,319
1221,1580,1275,0,316
1222,1580,1274,0,316
1223,1579,1274,0,315
1224,1579,1273,0,316
1225,1577,1274,0,315
1226,1579,1273,0,319
1227,1579,1273,0,318
1228,1580,1273,0,313
1229,1584,1275,0,319
1230,1585,1276,0,321
1231,1586,1276,0,323
1232,1584,1276,0,325
1233,1580,1275,0,324
1234,1576,1272,0,326
1235,1572,1270,0,325
1236,1571,1270,0,323
1237,1572,1270,0,323
1238,1575,1272,0,324
1239,1577,1274,0,326
1240,1579,1276,0,320
1241,1582,1275,0,326
1242,1582,1276,0,329
1243,1581,1276,0,334
1244,1580,1274,0,335
1245,1577,1273,0,329
1246,1574,1272,0,324
1247,1572,1271,0,320
1248,1572,1269,0,319
1249,1569,1268,0,316
1250,1565,1267,0,311
1251,1562,1264,0,300
1252,1558,1261,0,293
1253,1557,1256,0,289
1254,1555,1252,0,280
1255,1554,1247,0,272
1256,1555,1246,0,265
1257,1556,1244,0,260
1258,1555,1242,0,261
1259,1548,1236,0,252
1260,1547,1232,0,253
1261,1544,1228,0,244
1262,1542,1228,0,246
1263,1541,1228,0,239
1264,1543,1227,0,238
1265,1543,1224,0,233
1266,1543,1220,0,227
1267,1547,1215,0,223
1268,1549,1214,0,216
1269,1547,1215,0,226
1270,1547,1214,0,236
1271,1545,1213,0,234
1272,1544,1212,0,223
1273,1546,1212,0,218
1274,1547,1210,0,217
1275,1545,1209,0,210
1276,1545,1206,0,223
1277,1547,1200,0,225
1278,1550,1196,0,232
1279,1554,1196,0,227
1280,1556,1198,0,224
1281,1556,1196,0,220
1282,1562,1197,0,217
1283,1564,1200,0,220
1284,1569,1204,0,211
1285,1573,1199,0,213
1286,1570,1195,0,208
1287,1575,1192,0,202
1288,1579,1193,0,181
1289,1585,1198,0,170
1290,1587,1194,0,179
1291,1589,1192,0,168
1292,1592,1193,0,170
1293,1595,1193,0,161
1294,1607,1185,0,181
1295,1608,1186,0,176
1296,1610,1188,0,166
1297,1612,1192,0,162
1298,1614,1196,0,153
1299,1615,1195,0,149
1300,1619,1196,0,149
1301,1622,1197,0,146
1302,1625,1195,0,146
1303,1629,1201,0,148
1304,1632,1203,0,141
1305,1635,1200,0,132
1306,1636,1200,0,110
1307,1636,1199,0,104
1308,1635,1198,0,98
1309,1635,1197,0,97
1310,1636,1196,0,99
1311,1635,1198,0,100
1312,1635,1199,0,100
1313,1638,1205,0,104
1314,1639,1206,0,104
1315,1641,1213,0,107
1316,1643,1213,0,100
1317,1643,1208,0,95
1318,1640,1206,0,90
1319,1643,1202,0,90
1320,1645,1192,0,92
1321,1642,1187,0,103
1322,1639,1189,0,106
1323,1640,1190,0,104
1324,1642,1192,0,108
1325,1641,1192,0,115
1326,1641,1193,0,118
1327,1640,1196,0,122
1328,1644,1201,0,124
1329,1643,1201,0,113
1330,1640,1204,0,116
1331,1638,1205,0,109
1332,1639,1206,0,106
1333,1640,1211,0,109
1334,1643,1214,0,113
1335,1640,1214,0,117
1336,1640,1213,0,114
1337,1637,1206,0,109
1338,1630,1208,0,128
1339,1631,1209,0,122
1340,1633,1215,0,118
1341,1639,1218,0,115
1342,1643,1225,0,114
1343,1645,1226,0,114
1344,1643,1225,0,119
1345,1643,1224,0,122
1346,1642,1225,0,117
1347,1641,1226,0,113
1348,1640,1226,0,109
1349,1638,1229,0,116
1350,1641,1230,0,125
1351,1641,1232,0,134
1352,1642,1230,0,124
1353,1641,1230,0,121
1354,1641,1231,0,109
1355,1638,1230,0,97
1356,1638,1231,0,92
1357,1637,1231,0,89
1358,1636,1232,0,89
1359,1638,1232,0,91
1360,1640,1229,0,89
1361,1640,1229,0,86
1362,1640,1232,0,89
1363,1640,1234,0,96
1364,1640,1239,0,97
1365,1637,1233,0,96
1366,1633,1234,0,104
1367,1634,1236,0,106
1368,1630,1234,0,105
1369,1625,1233,0,115
1370,1627,1233,0,101
1371,1622,1232,0,113
1372,1620,1231,0,117
1373,1619,1231,0,118
1374,1621,1231,0,114
1375,1628,1231,0,107
1376,1629,1234,0,109
1377,1630,1240,0,102
1378,1634,1253,0,89
1379,1634,1261,0,86
1380,1633,1274,0,73
1381,1628,1280,0,66
1382,1624,1290,0,67
1383,1616,1304,0,51
1384,1615,1305,0,51
1385,1614,1305,0,53
1386,1613,1302,0,57
1387,1614,1301,0,52
1388,1614,1298,0,58
1389,1615,1296,0,62
1390,1616,1296,0,57
1391,1618,1295,0,60
1392,1622,1295,0,68
1393,1623,1295,0,69
1394,1625,1296,0,65
1395,1627,1294,0,59
1396,1625,1294,0,66
1397,1623,1296,0,66
1398,1621,1297,0,67
1399,1621,1297,0,68
1400,1621,1297,0,68
1401,1620,1299,0,66
1402,1615,1307,0,63
1403,1609,1309,0,55
1404,1607,1312,0,50
1405,1608,1318,0,50
1406,1610,1321,0,52
1407,1611,1322,0,47
1408,1608,1322,0,48
1409,1607,1324,0,49
1410,1604,1325,0,48
1411,1606,1325,0,47
1412,1604,1327,0,46
1413,1596,1332,0,54
1414,1592,1338,0,56
1415,1585,1346,0,46
1416,1579,1357,0,43
1417,1573,1358,0,38
1418,1570,1364,0,40
1419,1572,1365,0,44
1420,1573,1364,0,49
1421,1573,1361,0,51
1422,1575,1355,0,51
1423,1577,1353,0,52
1424,1575,1354,0,58
1425,1574,1351,0,65
1426,1578,1350,0,65
1427,1580,1345,0,79
1428,1582,1341,0,83
1429,1587,1341,0,91
1430,1587,1342,0,96
1431,1588,1343,0,98
1432,1587,1345,0,98
1433,1586,1344,0,95
1434,1583,1344,0,94
1435,1582,1341,0,96
1436,1580,1343,0,91
1437,1575,1346,0,98
1438,1573,1349,0,87
1439,1572,1348,0,83
1440,1571,1345,0,85
1441,1572,1345,0,88
1442,1572,1346,0,89
1443,1571,1346,0,94
1444,1571,1346,0,99
1445,1572,1350,0,95
1446,1574,1348,0,78
1447,1569,1348,0,76
1448,1567,1348,0,67
1449,1564,1348,0,54
1450,1557,1351,0,53
1451,1551,1351,0,46
1452,1547,1352,0,32
1453,1544,1352,0,23
1454,1541,1354,0,15
1455,1536,1351,0,6
1456,1529,1349,0,6
1457,1523,1349,0,5
1458,1516,1350,0,7
1459,1512,1351,0,8
1460,1507,1348,0,9
1461,1504,1349,0,13
1462,1501,1353,0,14
1463,1497,1353,0,11
1464,1492,1351,0,9
1465,1486,1349,0,13
1466,1482,1350,0,14
1467,1476,1351,0,15
1468,1476,1351,0,12
1469,1478,1350,0,13
1470,1479,1350,0,12
1471,1478,1351,0,11
1472,1478,1349,0,13
1473,1479,1347,0,12
1474,1479,1345,0,13
1475,1479,1349,0,14
1476,1477,1348,0,6
1477,1477,1344,0,9
1478,1479,1339,0,15
1479,1483,1340,0,9
1480,1487,1342,0,9
1481,1490,1343,0,7
1482,1491,1345,0,3
1483,1495,1345,0,0
1484,1497,1347,0,357
1485,1500,1346,0,351
1486,1507,1343,0,350
1487,1511,1342,0,355
1488,1513,1344,0,351
1489,1513,1341,0,350
1490,1513,1340,0,350
1491,1514,1339,0,352
1492,1515,1335,0,352
1493,1515,1333,0,348
1494,1516,1329,0,348
1495,1516,1328,0,339
1496,1516,1327,0,333
1497,1516,1327,0,334
1498,1518,1328,0,335
1499,1518,1328,0,334
1500,1525,1323,0,331
1501,1526,1322,0,326
1502,1525,1322,0,329
1503,1525,1323,0,337
1504,1521,1325,0,344
1505,1517,1326,0,352
1506,1514,1328,0,2
1507,1511,1330,0,9
1508,1507,1333,0,16
1509,1502,1333,0,20
1510,1503,1332,0,28
1511,1502,1332,0,31
1512,1502,1333,0,32
1513,1505,1333,0,36
1514,1507,1335,0,32
1515,1509,1335,0,34
1516,1513,1336,0,50
1517,1510,1337,0,50
1518,1511,1334,0,60
1519,1514,1329,0,61
1520,1512,1330,0,73
1521,1514,1334,0,72
1522,1514,1340,0,75
1523,1514,1342,0,73
1524,1514,1341,0,67
1525,1513,1339,0,60
1526,1514,1338,0,57
1527,1515,1338,0,52
1528,1514,1337,0,46
1529,1516,1334,0,39
1530,1517,1332,0,27
1531,1519,1329,0,9
1532,1517,1322,0,356
1533,1514,1316,0,352
1534,1511,1316,0,352
1535,1510,1315,0,351
1536,1508,1314,0,349
1537,1509,1313,0,349
1538,1506,1314,0,347
1539,1502,1313,0,346
1540,1498,1316,0,354
1541,1499,1317,0,352
1542,1499,1314,0,339
1543,1493,1308,0,340
1544,1485,1305,0,337
1545,1481,1302,0,340
1546,1475,1303,0,340
1547,1469,1302,0,339
1548,1463,1300,0,339
1549,1461,1295,0,339
1550,1457,1294,0,340
1551,1456,1295,0,334
1552,1448,1296,0,334
1553,1449,1293,0,337
1554,1447,1291,0,336
1555,1447,1291,0,335
1556,1448,1291,0,338
1557,1448,1292,0,336
1558,1447,1292,0,331
1559,1446,1290,0,331
1560,1445,1287,0,333
1561,1445,1288,0,330
1562,1448,1287,0,325
1563,1446,1285,0,323
1564,1446,1280,0,320
1565,1440,1279,0,308
1566,1438,1280,0,310
1567,1435,1280,0,316
1568,1434,1281,0,307
1569,1437,1285,0,315
1570,1436,1287,0,317
1571,1438,1283,0,318
1572,1445,1273,0,328
1573,1439,1280,0,327
1574,1437,1280,0,314
1575,1434,1273,0,308
1576,1431,1264,0,296
1577,1431,1260,0,292
1578,1428,1255,0,294
1579,1425,1251,0,302
1580,1422,1250,0,307
1581,1417,1249,0,311
1582,1413,1245,0,326
1583,1409,1246,0,327
1584,1406,1247,0,325
1585,1404,1242,0,327
1586,1404,1243,0,326
1587,1403,1241,0,328
1588,1401,1240,0,329
1589,1399,1238,0,327
1590,1397,1239,0,328
1591,1394,1237,0,330
1592,1393,1237,0,331
1593,1391,1238,0,325
1594,1392,1238,0,322
1595,1387,1244,0,318
1596,1383,1252,0,321
1597,1384,1256,0,311
1598,1383,1257,0,315
1599,1378,1266,0,312
1600,1382,1273,0,311
1601,1380,1277,0,315
1602,1378,1278,0,317
1603,1371,1277,0,306
1604,1373,1279,0,307
1605,1369,1276,0,303
1606,1368,1272,0,300
1607,1365,1264,0,302
1608,1361,1263,0,303
1609,1359,1260,0,305
1610,1360,1258,0,305
1611,1362,1257,0,298
1614,1377,1270,0,312
1615,1378,1274,0,308
1616,1378,1280,0,312
1617,1377,1280,0,313
1618,1377,1280,0,321
1619,1374,1284,0,335
1620,1371,1284,0,336
1621,1365,1283,0,334
1622,1357,1284,0,333
1623,1355,1284,0,337
1624,1348,1283,0,345
1625,1341,1282,0,351
1626,1334,1282,0,353
1627,1329,1280,0,355
1628,1328,1282,0,351
1629,1323,1285,0,0
1630,1313,1285,0,4
1631,1309,1283,0,357
1632,1305,1283,0,0
1633,1298,1283,0,10
1634,1291,1284,0,14
1635,1283,1289,0,30
1636,1280,1301,0,43
1637,1275,1305,0,45
1638,1265,1313,0,43
1639,1260,1317,0,40
1640,1257,1320,0,30
1641,1249,1322,0,16
1642,1244,1321,0,14
1643,1238,1325,0,10
1644,1234,1320,0,3
1645,1229,1323,0,358
1646,1227,1325,0,2
1647,1226,1322,0,0
1648,1225,1323,0,2
1649,1226,1327,0,9
1650,1225,1323,0,5
1651,1225,1323,0,5
1652,1226,1324,0,7
1653,1227,1322,0,10
1654,1227,1321,0,8
1655,1227,1322,0,9
1656,1226,1321,0,15
1657,1228,1321,0,12
1658,1230,1319,0,4
1659,1230,1317,0,356
1660,1230,1317,0,355
1661,1230,1317,0,353
1662,1229,1318,0,349
1663,1227,1317,0,356
1664,1227,1315,0,359
1665,1227,1316,0,359
1666,1227,1315,0,1
1667,1227,1314,0,4
1668,1227,1316,0,1
1669,1228,1320,0,354
1670,1227,1328,0,345
1671,1227,1328,0,350
1672,1225,1326,0,359
1673,1225,1321,0,6
1674,1225,1323,0,8
1675,1227,1325,0,10
1676,1227,1326,0,12
1677,1225,1328,0,10
1678,1221,1326,0,2
1679,1213,1332,0,2
1680,1209,1333,0,4
1681,1209,1333,0,2
1682,1210,1332,0,13
1683,1210,1334,0,12
1684,1209,1335,0,9
1685,1208,1332,0,26
1686,1203,1333,0,29
1687,1196,1335,0,29
1688,1190,1341,0,40
1689,1186,1344,0,37
1690,1185,1347,0,43
1691,1186,1348,0,47
1692,1190,1347,0,52
1693,1190,1349,0,53
1694,1189,1351,0,43
1695,1184,1352,0,36
1696,1185,1351,0,33
1697,1189,1348,0,30
1698,1187,1351,0,21
1699,1187,1354,0,28
1700,1187,1356,0,32
1701,1179,1357,0,7
1702,1178,1359,0,2
1703,1180,1360,0,358
1704,1179,1357,0,9
1705,1182,1356,0,17
1706,1184,1360,0,41
1707,1180,1357,0,5
1708,1180,1360,0,15
1709,1180,1360,0,8
1710,1180,1359,0,16
1711,1179,1355,0,6
1712,1175,1356,0,1
1713,1169,1356,0,338
1714,1161,1355,0,325
1715,1158,1355,0,324
1716,1154,1354,0,328
1717,1151,1353,0,320
1718,1148,1352,0,306
1719,1148,1351,0,300
1720,1148,1350,0,301
1721,1147,1349,0,303
1722,1145,1349,0,320
1723,1144,1348,0,315
1724,1142,1345,0,297
1725,1140,1344,0,298
1726,1138,1345,0,291
1727,1135,1343,0,285
1728,1134,1343,0,315
1729,1136,1345,0,317
1730,1138,1346,0,326
1731,1136,1345,0,328
1732,1135,1346,0,329
1733,1137,1346,0,341
1734,1132,1344,0,313
1735,1134,1338,0,303
1736,1133,1331,0,291
1737,1131,1328,0,288
1738,1128,1325,0,293
1739,1121,1318,0,302
1740,1124,1315,0,296
1741,1124,1316,0,298
1742,1124,1318,0,303
1743,1124,1320,0,299
1744,1123,1320,0,303
1745,1123,1320,0,305
1746,1122,1320,0,301
1747,1123,1319,0,304
1748,1123,1317,0,306
1749,1122,1313,0,302
1750,1121,1310,0,303
1751,1115,1301,0,309
1752,1109,1297,0,322
1753,1108,1295,0,330
1754,1110,1294,0,341
1755,1110,1295,0,346
1756,1110,1296,0,351
1757,1110,1295,0,350
1758,1111,1296,0,352
1759,1111,1299,0,0
1760,1111,1301,0,12
1761,1111,1301,0,13
1762,1114,1301,0,14
1763,1115,1300,0,14
1764,1113,1299,0,14
1765,1113,1298,0,16
1766,1113,1299,0,16
1767,1113,1298,0,11
1768,1112,1296,0,0
1769,1106,1292,0,357
1770,1103,1290,0,0
1771,1103,1289,0,3
1772,1098,1287,0,351
1773,1094,1289,0,347
1774,1090,1288,0,344
1775,1088,1288,0,339
1776,1086,1287,0,338
1777,1088,1288,0,342
1778,1090,1287,0,347
1779,1093,1290,0,345
1780,1092,1291,0,347
1781,1093,1294,0,345
1782,1093,1295,0,342
1783,1093,1295,0,342
1784,1094,1297,0,342
1785,1095,1299,0,341
1786,1097,1301,0,339
1787,1097,1300,0,335
1788,1097,1300,0,334
1789,1097,1300,0,333
1790,1096,1299,0,335
1791,1094,1299,0,337
1792,1093,1299,0,341
1793,1092,1299,0,340
1794,1088,1299,0,340
1795,1082,1300,0,346
1796,1076,1298,0,352
1797,1071,1298,0,355
1798,1064,1298,0,352
1799,1060,1297,0,344
1800,1058,1294,0,337
1801,1057,1292,0,337
1802,1053,1292,0,347
1803,1052,1291,0,354
1804,1047,1289,0,355
1805,1045,1287,0,3
1806,1042,1282,0,14
1807,1035,1276,0,36
1808,1032,1274,0,48
1809,1030,1274,0,55
1810,1030,1274,0,63
1811,1030,1275,0,59
1812,1024,1283,0,45
1813,1017,1289,0,41
1814,1012,1291,0,39
1815,1008,1291,0,26
1816,1007,1289,0,13
1817,1001,1287,0,15
1818,995,1289,0,11
1819,990,1294,0,16
1820,988,1295,0,22
1821,987,1296,0,17
1822,982,1297,0,13
1823,978,1295,0,8
1824,971,1292,0,1
1825,970,1294,0,4
1826,969,1293,0,7
1827,969,1294,0,17
1830,984,1308,0,32
1831,979,1307,0,24
1832,977,1307,0,20
1833,974,1305,0,20
1834,973,1305,0,21
1835,970,1303,0,23
1836,967,1304,0,24
1837,964,1305,0,30
1838,964,1309,0,38
1839,962,1311,0,44
1840,961,1314,0,44
1841,959,1317,0,47
1842,957,1318,0,48
1843,964,1319,0,36
1844,960,1319,0,39
1845,958,1321,0,46
1846,961,1321,0,54
1847,960,1320,0,55
1848,960,1321,0,56
1849,961,1321,0,51
1850,960,1321,0,45
1851,954,1321,0,44
1852,949,1326,0,42
1853,943,1330,0,39
1854,938,1335,0,32
1855,935,1339,0,30
1856,931,1340,0,32
1857,936,1334,0,34
1858,936,1337,0,36
1859,934,1341,0,39
1860,934,1341,0,56
1861,935,1343,0,67
1862,936,1346,0,79
1863,942,1350,0,76
1864,939,1353,0,81
1865,937,1356,0,80
1866,939,1361,0,84
1867,939,1366,0,84
1868,940,1369,0,82
1869,939,1367,0,82
1870,940,1371,0,83
1871,941,1371,0,82
1872,941,1374,0,83
1873,941,1369,0,82
1874,945,1371,0,84
1875,949,1366,0,71
1876,946,1363,0,81
1877,945,1360,0,93
1878,945,1358,0,116
1879,947,1354,0,119
1880,944,1356,0,123
1881,941,1363,0,103
1882,941,1363,0,101
1883,941,1363,0,101
1884,943,1362,0,93
1885,943,1364,0,91
1886,944,1367,0,82
1887,945,1369,0,86
1888,951,1369,0,78
1889,954,1364,0,87
1890,951,1364,0,88
1891,950,1369,0,81
1892,949,1374,0,85
1893,950,1378,0,84
1894,951,1383,0,83
1895,954,1387,0,79
1896,955,1388,0,75
1897,954,1395,0,84
1898,956,1402,0,87
1899,956,1411,0,98
1900,957,1422,0,99
1901,957,1425,0,99
1902,955,1429,0,98
1903,957,1437,0,97
1904,955,1446,0,96
1905,958,1451,0,101
1906,957,1452,0,103
1907,955,1453,0,104
1908,956,1453,0,108
1909,956,1453,0,102
1910,955,1457,0,92
1911,956,1465,0,89
1912,959,1473,0,91
1913,959,1482,0,87
1914,957,1490,0,91
1915,956,1499,0,85
1916,956,1504,0,87
1917,957,1507,0,94
1918,951,1501,0,118
1921,959,1509,0,84
1922,961,1506,0,91
1923,963,1509,0,97
1924,966,1510,0,101
1925,970,1511,0,106
1926,975,1517,0,118
1927,978,1517,0,128
1928,982,1519,0,140
1929,983,1519,0,140
1930,984,1520,0,134
1931,985,1519,0,132
1932,984,1515,0,127
1933,983,1513,0,115
1934,980,1513,0,98
1935,978,1517,0,92
1936,977,1520,0,91
1937,974,1523,0,87
1938,973,1523,0,83
1939,970,1523,0,72
1940,969,1525,0,68
1941,967,1528,0,70
1942,966,1529,0,72
1943,965,1528,0,72
1944,964,1528,0,72
1945,962,1532,0,72
1946,964,1535,0,76
1947,962,1538,0,78
1948,963,1537,0,79
1949,963,1537,0,79
1950,963,1536,0,76
1951,964,1535,0,74
1952,965,1535,0,76
1953,965,1534,0,75
1954,966,1530,0,75
1955,969,1525,0,77
1956,970,1522,0,76
1957,970,1523,0,79
1958,969,1524,0,77
1959,967,1524,0,77
1960,966,1524,0,77
1961,964,1525,0,77
1962,964,1524,0,76
1963,963,1522,0,78
1964,965,1521,0,71
1965,967,1521,0,69
1966,966,1521,0,71
1967,965,1519,0,71
1968,966,1517,0,73
1969,968,1517,0,73
1970,969,1516,0,72
1971,970,1515,0,66
1972,970,1515,0,66
1973,969,1514,0,67
1974,969,1514,0,68
1975,970,1516,0,59
1976,970,1516,0,61
1977,970,1516,0,61
1978,971,1514,0,60
1979,973,1513,0,60
1980,974,1514,0,59
1981,976,1519,0,51
1982,977,1518,0,50
1983,974,1517,0,52
1984,974,1518,0,50
1985,975,1518,0,55
1986,975,1516,0,61
1987,974,1517,0,64
1988,973,1517,0,64
1989,975,1516,0,53
1990,976,1515,0,50
1991,976,1513,0,47
1992,975,1512,0,53
1993,975,1511,0,66
1994,975,1511,0,76
1995,976,1516,0,72
1996,976,1516,0,69
1997,973,1515,0,69
1998,971,1517,0,64
1999,969,1519,0,61
2000,966,1523,0,77
2001,966,1529,0,75
2002,969,1540,0,71
2003,975,1550,0,50
2004,980,1551,0,27
2005,981,1553,0,29
2006,978,1555,0,26
2007,979,1558,0,21
2008,979,1558,0,21
2009,978,1558,0,19
2010,979,1558,0,18
2011,978,1561,0,20
2012,979,1565,0,23
2013,977,1565,0,25
2014,979,1566,0,21
2015,980,1565,0,21
2016,980,1566,0,22
2017,980,1564,0,23
2018,980,1563,0,23
2019,980,1563,0,22
2020,979,1563,0,20
2021,979,1563,0,24
2022,977,1564,0,23
2023,974,1565,0,21
2024,973,1566,0,21
2025,971,1566,0,19
2026,968,1567,0,20
2027,967,1567,0,22
2028,970,1568,0,33
2029,972,1570,0,43
2030,971,1573,0,55
2031,974,1582,0,68
2032,967,1589,0,72
2033,964,1600,0,67
2034,962,1607,0,75
2035,963,1613,0,77
2036,963,1619,0,72
2037,961,1626,0,74
2038,959,1629,0,83
2039,960,1627,0,84
2040,960,1628,0,81
2041,960,1628,0,76
2042,959,1631,0,73
2043,956,1632,0,73
2044,954,1634,0,70
2045,952,1636,0,69
2046,950,1636,0,64
2047,950,1639,0,59
2048,949,1643,0,63
2049,950,1648,0,62
2050,948,1658,0,62
2051,946,1663,0,66
2052,944,1666,0,66
2053,944,1672,0,64
2054,944,1674,0,64
2055,944,1673,0,63
2056,944,1673,0,64
2057,942,1673,0,55
2058,937,1676,0,43
2059,935,1677,0,39
2060,933,1675,0,35
2061,933,1675,0,35
2062,935,1674,0,28
2063,936,1674,0,22
2064,936,1673,0,22
2065,937,1673,0,23
2066,933,1673,0,21
2067,933,1672,0,22
2068,935,1671,0,23
2069,932,1672,0,33
2070,927,1676,0,36
2071,931,1678,0,43
2072,930,1679,0,44
2073,928,1684,0,48
2074,926,1690,0,53
2075,923,1690,0,54
2076,925,1691,0,56
2077,927,1689,0,57
2078,928,1691,0,54
2079,924,1690,0,53
2080,923,1691,0,59
2081,924,1690,0,60
2082,927,1690,0,47
2083,925,1690,0,49
2084,923,1690,0,51
2085,922,1689,0,51
2086,921,1689,0,49
2087,920,1689,0,49
2088,918,1690,0,51
2089,916,1688,0,52
2090,916,1688,0,53
2091,915,1685,0,57
2092,914,1685,0,60
2093,915,1683,0,65
2094,916,1685,0,65
2095,913,1686,0,64
2096,912,1687,0,56
2097,910,1689,0,56
2098,909,1689,0,55
2099,908,1691,0,56
2100,907,1696,0,63
2101,913,1708,0,58
2102,911,1714,0,61
2103,910,1719,0,68
2104,909,1724,0,68
2105,906,1729,0,64
2106,908,1744,0,40
2107,901,1745,0,45
2108,896,1754,0,40
2109,889,1757,0,39
2110,884,1760,0,28
2111,884,1758,0,29
2112,882,1760,0,31
2113,879,1763,0,32
2114,881,1762,0,34
2115,879,1764,0,39
2116,875,1771,0,47
2117,884,1787,0,38
2118,883,1789,0,36
2119,873,1788,0,41
2120,871,1790,0,42
2121,871,1786,0,52
2122,871,1787,0,63
2123,869,1790,0,71
2124,869,1795,0,78
2125,870,1801,0,76
2126,871,1802,0,80
2127,869,1801,0,82
2128,868,1802,0,95
2129,869,1803,0,97
2130,870,1803,0,96
2131,870,1804,0,91
2132,870,1809,0,71
2133,868,1810,0,67
2134,868,1811,0,66
2135,865,1812,0,69
2136,865,1812,0,71
2137,868,1808,0,64
2138,869,1808,0,64
2139,869,1808,0,63
2140,868,1810,0,62
2141,866,1814,0,70
2142,865,1819,0,78
2143,865,1821,0,82
2144,865,1821,0,81
2145,864,1824,0,78
2146,863,1829,0,71
2147,862,1833,0,67
2148,862,1834,0,71
2149,861,1834,0,72
2150,862,1838,0,68
2151,861,1838,0,70
2152,860,1837,0,74
2153,858,1836,0,79
2154,859,1837,0,84
2155,861,1838,0,89
2156,864,1839,0,93
2157,875,1845,0,103
2158,886,1851,0,83
2159,885,1852,0,81
2160,884,1855,0,82
2161,885,1861,0,80
2162,885,1866,0,83
2163,886,1872,0,79
2164,889,1878,0,79
2165,892,1882,0,77
2166,893,1882,0,75
2167,888,1886,0,78
2168,888,1887,0,79
2169,888,1886,0,79
2170,888,1887,0,81
2171,889,1888,0,79
2172,889,1891,0,78
2173,890,1891,0,78
2174,891,1890,0,77
2175,891,1888,0,76
2176,890,1887,0,79
2177,891,1886,0,80
2178,892,1887,0,78
2179,894,1888,0,72
2180,898,1893,0,59
2181,900,1893,0,55
2182,901,1896,0,51
2183,902,1898,0,42
2184,902,1900,0,35
2185,901,1902,0,30
2186,901,1902,0,28
2187,901,1905,0,20
2188,900,1906,0,19
2189,900,1906,0,15
2190,900,1908,0,9
2191,900,1909,0,7
2192,901,1912,0,357
2193,901,1913,0,355
2194,898,1914,0,348
2195,897,1914,0,341
2196,897,1914,0,341
2197,899,1914,0,340
2198,897,1913,0,342
2199,897,1912,0,349
2200,899,1910,0,356
2201,898,1909,0,2
2202,898,1908,0,5
2203,900,1908,0,6
2204,899,1908,0,6
2205,900,1907,0,4
2206,899,1907,0,2
2207,898,1908,0,0
2208,896,1910,0,356
2209,896,1912,0,350
2210,896,1914,0,347
2211,897,1915,0,340
2212,898,1916,0,336
2213,897,1916,0,332
2214,895,1916,0,330
2215,895,1917,0,326
2216,896,1918,0,326
2217,896,1917,0,329
2218,895,1915,0,329
2219,895,1913,0,331
2220,895,1913,0,337
2221,894,1914,0,335
2222,895,1915,0,336
2223,896,1915,0,338
2224,897,1914,0,343
2225,898,1913,0,349
2226,898,1912,0,354
2227,897,1912,0,355
2228,900,1912,0,1
2229,897,1913,0,357
2230,898,1914,0,352
2231,897,1914,0,352
2232,895,1916,0,346
2233,895,1917,0,337
2234,895,1917,0,335
2235,895,1916,0,338
2236,895,1916,0,338
2237,896,1916,0,337
2238,898,1916,0,342
2239,900,1917,0,340
2240,904,1918,0,345
2241,900,1915,0,340
2242,890,1914,0,336
2243,884,1910,0,336
2244,879,1907,0,337
2245,874,1903,0,341
2246,876,1902,0,338
2247,874,1902,0,337
2252,874,1900,0,341
2253,874,1899,0,340
2254,875,1898,0,344
2255,876,1898,0,343
2256,876,1897,0,341
2257,876,1897,0,341
2258,875,1898,0,343
2259,875,1898,0,341
2260,875,1899,0,343
2261,875,1899,0,340
2262,875,1900,0,341
2263,875,1900,0,343
2264,874,1900,0,342
2265,874,1900,0,343
2266,874,1900,0,346
2267,875,1900,0,342
2268,875,1902,0,344
2269,874,1901,0,346
2270,874,1902,0,347
2271,874,1902,0,349
2275,874,1903,0,351
2276,875,1902,0,351
2280,874,1901,0,348
2283,873,1903,0,345
2287,874,1902,0,348
2288,875,1901,0,347
2289,874,1902,0,346
2290,874,1902,0,347
2291,874,1903,0,349
2292,874,1902,0,346
2295,873,1903,0,344
2296,873,1902,0,344
2297,873,1902,0,342
2298,873,1903,0,344
2299,873,1903,0,344
2300,873,1903,0,344
2301,873,1903,0,344
2302,874,1903,0,348
2306,873,1904,0,342
2307,872,1904,0,340
2308,872,1904,0,340
2309,872,1904,0,342
2311,872,1903,0,346
2312,872,1903,0,346
2315,873,1903,0,346
2317,873,1904,0,347
2318,873,1904,0,348
2319,873,1904,0,348
2320,874,1904,0,349
2322,875,1904,0,347
2323,875,1904,0,349
2324,875,1904,0,351
2325,875,1903,0,350
2326,875,1903,0,351
2327,875,1904,0,350
2329,875,1903,0,350
2332,875,1903,0,349
2333,875,1903,0,349
2334,875,1903,0,349
2335,875,1903,0,349
2337,875,1903,0,350
2338,875,1903,0,349
2339,875,1903,0,349
2340,876,1903,0,348
2341,876,1904,0,350
2342,876,1904,0,349
2343,876,1904,0,349
2344,876,1904,0,352
2346,875,1903,0,350
2347,875,1903,0,350
2348,873,1903,0,348
2349,874,1903,0,349
2350,874,1903,0,349
2351,873,1903,0,346
2352,874,1903,0,347
2353,875,1903,0,348
2354,874,1903,0,347
2356,874,1903,0,348
2357,874,1903,0,349
2358,874,1903,0,348
2359,874,1903,0,348
2360,874,1903,0,348
2363,874,1903,0,348
2367,874,1903,0,345
2369,874,1904,0,348
2370,875,1903,0,347
2371,875,1904,0,347
2372,875,1904,0,348
2373,875,1904,0,348
2375,875,1903,0,348
2379,875,1903,0,347
2380,874,1903,0,347
2381,874,1903,0,347
2382,874,1903,0,348
2383,874,1903,0,349
2384,874,1903,0,349
2385,874,1903,0,348
2388,874,1903,0,349
2390,874,1903,0,348
2391,874,1903,0,348
2392,874,1903,0,347
2393,874,1903,0,348
2394,874,1903,0,349
2395,874,1903,0,349
2396,874,1903,0,348
2397,874,1903,0,349
2398,874,1903,0,350
2404,874,1904,0,351
2405,874,1903,0,350
2406,874,1903,0,349
2412,874,1904,0,349
2414,874,1904,0,351
2416,873,1904,0,348
2417,873,1904,0,349
2418,874,1903,0,350
2420,875,1904,0,350
2421,874,1904,0,350
2422,874,1904,0,349
2423,874,1904,0,349
2424,874,1904,0,349
2425,875,1904,0,352
2426,874,1904,0,353
2427,874,1904,0,352
2428,874,1904,0,352
2432,874,1904,0,352
2434,874,1903,0,349
2435,874,1903,0,349
2436,874,1904,0,351
2438,874,1903,0,350
2440,874,1904,0,352
2441,874,1903,0,350
2442,874,1903,0,349
2443,874,1904,0,352
2444,874,1904,0,352
2445,874,1903,0,352
2446,874,1904,0,352
2447,874,1904,0,349
2448,874,1904,0,351
2450,874,1904,0,350
2451,875,1904,0,351
2452,874,1904,0,349
2453,874,1904,0,352
2454,873,1904,0,350
2455,874,1904,0,351
2456,874,1904,0,348
2457,874,1904,0,350
2458,874,1904,0,350
2459,874,1904,0,350
2460,874,1904,0,350
2461,874,1904,0,350
2462,873,1904,0,346
2463,874,1904,0,349
2464,874,1904,0,348
2465,873,1905,0,344
2467,874,1904,0,351
2468,874,1904,0,350
2469,874,1904,0,351
2470,875,1904,0,348
2471,875,1904,0,345
2474,875,1903,0,348
2475,874,1903,0,348
2476,874,1903,0,349
2477,874,1903,0,350
2478,874,1903,0,350
2480,874,1903,0,348
2481,874,1903,0,349
2482,874,1903,0,348
2483,874,1903,0,350
2484,874,1903,0,348
2485,874,1903,0,351
2486,875,1904,0,351
2487,874,1905,0,350
2488,875,1905,0,349
2489,875,1906,0,350
2490,875,1908,0,350
2491,875,1909,0,351
2492,875,1909,0,349
2493,874,1909,0,349
2494,874,1909,0,350
2495,875,1910,0,351
2496,876,1910,0,350
2497,875,1910,0,350
2498,875,1910,0,351
2499,875,1910,0,349
2500,875,1910,0,352
2501,875,1909,0,352
2502,875,1909,0,352
2503,876,1910,0,354
2504,875,1910,0,353
2505,875,1910,0,353
2506,874,1910,0,352
2507,874,1910,0,351
2508,874,1910,0,352
2509,874,1911,0,354
2510,874,1911,0,355
2511,874,1912,0,356
2512,874,1912,0,357
2513,874,1912,0,357
2514,874,1913,0,357
2515,876,1912,0,359
2516,876,1911,0,0
2517,876,1911,0,0
2518,876,1912,0,0
2519,876,1911,0,3
2520,877,1912,0,4
2521,877,1913,0,7
2522,876,1912,0,8
2523,876,1913,0,8
2524,876,1911,0,8
2525,875,1910,0,8
2526,876,1910,0,7
2527,876,1911,0,3
2528,875,1911,0,3
2529,876,1910,0,1
2530,876,1909,0,355
2531,877,1909,0,353
2532,877,1906,0,351
2533,877,1906,0,353
2534,876,1905,0,351
2535,877,1905,0,345
2536,878,1904,0,335
2537,878,1903,0,336
2538,878,1904,0,331
2539,879,1904,0,329
2540,879,1904,0,334
2541,880,1905,0,335
2542,880,1909,0,333
2543,878,1909,0,331
2544,878,1912,0,330
2545,877,1912,0,330
2546,876,1913,0,330
2547,875,1912,0,329
2548,874,1911,0,333
2549,872,1911,0,333
2550,871,1910,0,336
2551,870,1911,0,335
2552,870,1911,0,337
2553,869,1911,0,333
2554,868,1911,0,333
2555,869,1911,0,335
2556,870,1911,0,338
2557,871,1911,0,338
2558,872,1911,0,339
2559,872,1911,0,340
2560,873,1912,0,339
2561,872,1912,0,337
2562,873,1911,0,338
2564,873,1911,0,340
2565,873,1910,0,340
2567,874,1909,0,338
2568,874,1908,0,340
2569,874,1908,0,340
2570,875,1908,0,337
2571,876,1908,0,336
2572,875,1908,0,339
2573,875,1908,0,337
2574,875,1909,0,340
2575,875,1909,0,341
2576,874,1908,0,339
2577,875,1909,0,335
2578,877,1908,0,333
2579,878,1908,0,329
2580,877,1907,0,326
2581,877,1907,0,330
2582,877,1908,0,333
2583,876,1907,0,332
2584,876,1907,0,334
2585,876,1906,0,333
2586,876,1906,0,333
2587,875,1908,0,332
2588,875,1909,0,338
2589,875,1910,0,335
2590,875,1910,0,341
2591,875,1910,0,341
2592,875,1910,0,343
2593,875,1910,0,350
2594,874,1912,0,343
2595,874,1913,0,334
2596,872,1913,0,331
2597,873,1913,0,335
2598,871,1913,0,334
2599,870,1914,0,333
2600,869,1914,0,331
2601,868,1914,0,329
2602,869,1914,0,329
2603,868,1915,0,328
2604,867,1914,0,325
2605,868,1917,0,315
2606,868,1915,0,319
2607,867,1912,0,319
2608,867,1910,0,310
2609,866,1910,0,307
2610,868,1909,0,315
2611,867,1910,0,309
2612,867,1911,0,307
2613,868,1906,0,313
2614,866,1908,0,313
2615,866,1907,0,310
2616,869,1903,0,316
2617,867,1903,0,311
2618,866,1905,0,312
2619,867,1904,0,315
2620,865,1903,0,317
2621,864,1905,0,315
2622,863,1904,0,314
2623,861,1903,0,313
2624,863,1903,0,317
2625,864,1904,0,318
2626,864,1904,0,320
2627,864,1904,0,318
2628,865,1903,0,317
2629,864,1902,0,320
2630,864,1902,0,322
2631,864,1902,0,323
2632,864,1901,0,322
2633,863,1902,0,318
2634,865,1902,0,319
2635,866,1902,0,321
2636,868,1902,0,325
2637,869,1902,0,324
2638,869,1902,0,322
2639,869,1902,0,322
2640,868,1902,0,326
2641,868,1901,0,323
2642,868,1901,0,323
2643,868,1900,0,321
2644,868,1900,0,324
2645,868,1900,0,326
2646,868,1901,0,326
2647,868,1901,0,326
2648,868,1901,0,326
2649,867,1901,0,327
2650,868,1901,0,326
2651,867,1900,0,326
2652,867,1900,0,323
2653,867,1900,0,324
2654,868,1900,0,327
2655,867,1901,0,326
2656,868,1901,0,326
2657,867,1901,0,325
2658,867,1902,0,324
2659,867,1902,0,325
2661,868,1904,0,328
2662,868,1904,0,329
2663,868,1905,0,329
2664,868,1905,0,329
2665,868,1905,0,329
2666,869,1906,0,329
2667,869,1907,0,333
2668,868,1908,0,344
2669,869,1909,0,346
2670,869,1911,0,348
2671,870,1910,0,346
2672,871,1909,0,344
2673,871,1908,0,344
2674,870,1909,0,345
2675,871,1910,0,340
2676,870,1910,0,348
2677,868,1909,0,344
2678,869,1908,0,344
2679,869,1907,0,346
2680,870,1907,0,347
2681,870,1908,0,347
2682,871,1910,0,349
2683,870,1910,0,348
2684,869,1911,0,346
2685,868,1911,0,343
2686,871,1911,0,342
2687,873,1910,0,345
2688,874,1910,0,345
2696,875,1909,0,346
2697,875,1908,0,346
2698,875,1907,0,347
2708,990,1848,1,20
2717,911,1741,1,274
2718,911,1742,1,60
2719,911,1743,1,20
2728,963,1896,1,68
2741,1124,1804,1,41
2745,1015,1744,1,335
2749,961,1622,1,84
2751,961,1622,1,74
2763,837,1424,1,274
2776,838,1424,1,290
2804,1017,1320,1,61
2805,1015,1320,1,25
2817,1043,1519,1,45
2818,1043,1519,1,31
2819,1043,1519,1,30
2821,1043,1518,1,46
2822,1042,1519,1,65
2823,1042,1519,1,65
2824,1043,1519,1,45
2825,1042,1519,1,14
2830,1043,1519,1,62
2834,1042,1519,1,35
2839,1042,1519,1,30
2842,1042,1519,1,44
2843,1042,1519,1,44
2846,1042,1519,1,44
2852,1043,1518,1,45
2853,1042,1518,1,45
2857,1042,1519,1,15
2862,1042,1518,1,22
2875,1043,1518,1,9
2890,1042,1519,1,29
2909,860,1500,1,61
2910,859,1500,1,42
2923,909,1498,1,346
2925,910,1497,1,318
2926,910,1497,1,339
2927,910,1497,1,318
2931,805,1533,1,357
2935,807,1532,1,17
2948,911,1501,1,36
2954,1015,1383,1,300
2956,1016,1383,1,318
2965,987,1549,1,90
2966,986,1548,1,51
2972,1042,1550,1,27
2974,1043,1550,1,31
2976,1042,1549,1,69
2978,1042,1550,1,49
2982,1043,1550,1,59
2984,1042,1550,1,53
2985,1043,1549,1,66
2986,1043,1550,1,61
2987,1042,1550,1,43
2990,1043,1549,1,64
2991,1043,1550,1,58
2992,1043,1550,1,27
2993,1043,1550,1,51
2995,1043,1549,1,65
2996,1043,1550,1,54
2997,1042,1549,1,60
