38,1884,970,0,182
39,1885,969,0,183
40,1881,969,0,350
43,1893,977,0,154
47,1888,974,0,169
50,1884,971,0,285
54,1876,972,0,307
55,1884,975,0,326
57,1893,972,0,276
58,1896,970,0,296
59,1894,965,0,304
60,1891,966,0,308
61,1890,967,0,308
62,1889,966,0,303
63,1892,966,0,302
64,1891,965,0,301
65,1889,963,0,304
66,1886,966,0,307
67,1886,968,0,309
68,1884,967,0,323
69,1883,968,0,328
70,1883,968,0,333
71,1882,968,0,335
72,1885,969,0,336
73,1887,970,0,330
74,1890,968,0,331
75,1895,967,0,329
76,1895,969,0,326
77,1896,972,0,327
78,1897,973,0,331
79,1897,972,0,331
80,1897,973,0,330
81,1898,973,0,329
82,1898,974,0,326
83,1897,976,0,318
84,1895,972,0,322
85,1898,968,0,336
86,1898,968,0,352
87,1896,967,0,352
88,1894,966,0,344
89,1895,969,0,340
90,1898,971,0,339
91,1899,970,0,337
92,1900,969,0,337
93,1907,961,0,346
94,1907,958,0,340
95,1906,954,0,349
96,1900,950,0,354
97,1901,948,0,354
98,1898,946,0,351
99,1894,943,0,354
100,1895,945,0,358
101,1893,948,0,0
102,1895,947,0,358
103,1898,949,0,356
104,1898,951,0,356
105,1900,951,0,356
106,1900,951,0,356
107,1901,950,0,358
108,1901,950,0,357
109,1901,950,0,357
110,1901,950,0,357
111,1900,950,0,359
112,1901,949,0,0
113,1902,950,0,0
114,1903,952,0,355
117,1902,947,0,0
118,1898,945,0,0
119,1898,944,0,358
120,1901,937,0,0
121,1906,937,0,0
122,1906,936,0,0
123,1906,936,0,1
124,1906,932,0,349
125,1906,929,0,353
126,1902,929,0,6
127,1902,929,0,5
128,1902,930,0,359
129,1899,930,0,346
130,1898,934,0,353
131,1894,931,0,347
132,1891,929,0,344
133,1881,927,0,337
134,1880,923,0,334
135,1881,923,0,325
136,1884,923,0,333
137,1889,920,0,333
138,1888,922,0,334
139,1887,921,0,339
140,1887,920,0,340
141,1880,917,0,346
142,1879,917,0,344
143,1877,915,0,345
144,1874,911,0,339
145,1874,910,0,331
146,1870,907,0,326
147,1857,905,0,317
148,1855,897,0,313
149,1849,889,0,306
150,1845,883,0,307
151,1844,869,0,309
152,1837,868,0,305
153,1835,870,0,302
154,1832,876,0,303
155,1831,872,0,309
156,1830,872,0,318
157,1829,875,0,327
158,1837,871,0,356
159,1845,871,0,333
160,1853,869,0,331
161,1851,869,0,324
162,1855,860,0,312
163,1861,856,0,315
164,1859,853,0,322
165,1860,853,0,316
166,1855,849,0,312
167,1848,843,0,318
168,1848,835,0,326
169,1852,840,0,326
170,1851,841,0,325
171,1849,839,0,322
172,1849,836,0,327
173,1852,838,0,325
174,1855,841,0,325
175,1857,841,0,327
176,1858,843,0,327
177,1860,843,0,332
178,1859,843,0,333
179,1859,842,0,329
180,1860,843,0,330
181,1859,841,0,329
182,1860,841,0,334
183,1863,843,0,338
184,1863,845,0,338
185,1864,845,0,335
186,1864,846,0,335
187,1864,846,0,329
188,1864,846,0,331
189,1865,846,0,331
190,1866,848,0,340
191,1866,849,0,336
192,1867,849,0,340
193,1868,850,0,342
194,1868,850,0,340
195,1868,849,0,344
196,1868,849,0,341
197,1869,850,0,336
198,1869,850,0,337
199,1868,850,0,338
200,1869,850,0,339
201,1868,849,0,341
202,1864,849,0,348
203,1862,851,0,343
204,1860,848,0,350
205,1861,847,0,346
206,1860,847,0,345
207,1863,848,0,347
208,1863,847,0,351
209,1863,847,0,350
210,1863,847,0,348
211,1864,848,0,346
212,1863,852,0,352
213,1860,851,0,351
214,1855,849,0,348
215,1854,848,0,352
216,1857,848,0,350
217,1859,848,0,349
218,1859,847,0,349
219,1859,847,0,350
220,1859,847,0,347
221,1860,845,0,354
222,1860,845,0,354
223,1859,845,0,353
224,1860,845,0,352
225,1860,846,0,349
226,1859,846,0,345
227,1859,847,0,343
228,1856,851,0,334
229,1855,851,0,334
230,1856,849,0,342
231,1857,849,0,341
232,1857,851,0,340
233,1857,851,0,342
234,1852,853,0,352
235,1855,852,0,351
236,1853,850,0,356
237,1853,848,0,352
238,1852,849,0,355
239,1850,849,0,356
240,1849,848,0,354
241,1847,854,0,350
242,1846,856,0,348
243,1847,858,0,349
244,1844,860,0,352
245,1840,867,0,348
246,1838,872,0,345
247,1837,879,0,340
248,1839,879,0,331
249,1840,881,0,334
250,1838,877,0,333
251,1837,878,0,331
252,1837,877,0,335
253,1834,877,0,340
254,1833,877,0,346
255,1830,872,0,339
256,1832,874,0,342
257,1828,876,0,347
258,1822,874,0,344
259,1819,871,0,347
260,1816,869,0,350
261,1814,869,0,350
262,1811,865,0,354
263,1816,865,0,353
264,1816,866,0,356
265,1818,867,0,358
266,1819,867,0,358
267,1819,868,0,355
268,1818,871,0,345
269,1817,873,0,343
270,1815,873,0,345
271,1814,874,0,346
272,1813,875,0,343
273,1814,876,0,346
274,1813,874,0,351
275,1810,872,0,355
276,1812,870,0,358
277,1810,867,0,1
278,1808,866,0,358
279,1806,862,0,3
280,1797,867,0,350
281,1788,871,0,353
282,1781,872,0,357
283,1776,873,0,358
284,1774,873,0,3
285,1771,874,0,6
286,1767,877,0,8
287,1765,878,0,8
288,1768,880,0,5
289,1768,881,0,5
290,1769,880,0,8
291,1771,877,0,359
292,1770,878,0,356
293,1770,877,0,356
294,1775,877,0,359
295,1776,876,0,2
296,1776,877,0,2
297,1777,876,0,2
298,1779,876,0,359
299,1778,876,0,356
300,1778,876,0,0
301,1779,877,0,0
302,1779,876,0,0
303,1780,877,0,355
304,1780,877,0,356
305,1782,877,0,359
306,1782,876,0,359
307,1782,876,0,359
308,1783,877,0,356
309,1783,876,0,356
310,1783,877,0,355
311,1783,877,0,354
312,1782,877,0,353
313,1782,879,0,357
314,1785,880,0,356
315,1785,880,0,356
316,1785,880,0,0
317,1784,881,0,4
318,1781,885,0,0
319,1778,888,0,354
320,1775,890,0,352
321,1772,890,0,350
322,1772,891,0,354
323,1774,891,0,356
324,1775,890,0,355
325,1776,890,0,355
326,1777,886,0,11
327,1777,884,0,13
328,1778,884,0,12
329,1781,886,0,4
330,1783,886,0,6
331,1783,887,0,7
332,1784,886,0,7
333,1785,887,0,7
334,1787,887,0,6
335,1791,885,0,10
336,1795,882,0,16
337,1794,882,0,19
338,1794,882,0,18
339,1795,881,0,19
340,1796,880,0,17
341,1796,883,0,17
342,1797,886,0,19
343,1798,889,0,19
344,1795,891,0,18
345,1794,892,0,18
346,1794,891,0,22
347,1793,891,0,22
348,1793,892,0,23
349,1796,892,0,28
350,1794,891,0,26
351,1794,889,0,20
352,1794,887,0,16
353,1793,886,0,14
354,1794,887,0,15
355,1794,886,0,15
356,1795,886,0,16
357,1796,886,0,14
358,1797,886,0,15
359,1797,886,0,15
360,1797,885,0,17
361,1796,885,0,17
362,1797,886,0,16
363,1797,886,0,16
364,1797,886,0,15
365,1797,886,0,16
366,1797,886,0,17
367,1798,886,0,15
368,1798,886,0,15
369,1798,886,0,17
370,1798,886,0,18
371,1796,887,0,18
372,1795,888,0,20
373,1796,888,0,20
374,1797,888,0,21
375,1796,888,0,17
376,1795,888,0,18
377,1795,889,0,18
378,1794,889,0,21
379,1793,888,0,24
380,1791,890,0,24
381,1790,889,0,23
382,1788,889,0,20
383,1789,889,0,21
384,1789,888,0,20
385,1790,886,0,22
386,1790,886,0,23
387,1789,887,0,22
388,1790,886,0,23
389,1790,885,0,23
390,1789,885,0,23
391,1789,886,0,23
392,1789,886,0,22
393,1791,887,0,21
394,1791,888,0,24
395,1790,887,0,22
396,1788,889,0,21
397,1790,888,0,23
398,1789,887,0,22
399,1788,887,0,20
400,1789,885,0,16
401,1788,885,0,13
402,1785,884,0,14
403,1786,884,0,12
404,1785,885,0,12
405,1784,880,0,12
406,1783,876,0,12
407,1782,874,0,11
408,1783,874,0,12
409,1784,872,0,16
410,1783,871,0,15
411,1780,869,0,15
412,1776,866,0,15
413,1774,862,0,11
414,1776,863,0,10
415,1776,865,0,21
416,1777,863,0,16
417,1778,863,0,15
418,1779,864,0,11
419,1779,863,0,15
420,1779,863,0,17
421,1779,863,0,19
422,1779,864,0,19
423,1779,864,0,20
424,1780,865,0,20
425,1780,868,0,27
426,1783,869,0,30
427,1786,871,0,38
428,1790,873,0,45
429,1792,874,0,46
430,1794,873,0,41
431,1794,873,0,41
432,1795,872,0,42
433,1795,872,0,41
434,1794,873,0,40
435,1795,872,0,39
436,1794,872,0,38
437,1794,873,0,39
438,1795,871,0,39
439,1795,871,0,40
440,1796,871,0,40
441,1796,870,0,42
442,1795,870,0,42
443,1797,870,0,38
444,1796,870,0,39
445,1796,870,0,39
446,1796,869,0,41
447,1796,870,0,38
448,1797,869,0,40
449,1797,868,0,43
450,1798,869,0,42
451,1798,869,0,39
452,1798,869,0,38
453,1797,869,0,33
454,1796,869,0,28
455,1795,870,0,31
456,1795,869,0,30
457,1795,869,0,31
458,1795,869,0,32
459,1796,868,0,29
460,1796,868,0,32
461,1796,868,0,32
462,1797,867,0,31
463,1797,867,0,30
464,1797,866,0,19
465,1797,867,0,16
466,1796,873,0,12
467,1790,871,0,8
468,1788,870,0,11
469,1788,870,0,7
470,1789,869,0,10
471,1788,871,0,6
472,1785,871,0,2
473,1783,870,0,357
474,1783,869,0,359
475,1786,869,0,355
476,1787,868,0,355
477,1789,869,0,354
478,1790,868,0,356
479,1791,868,0,355
480,1791,869,0,355
481,1790,869,0,357
482,1790,869,0,357
483,1791,869,0,356
484,1792,869,0,354
485,1792,869,0,356
486,1790,872,0,0
487,1789,872,0,8
488,1788,872,0,9
489,1788,873,0,11
490,1789,875,0,5
491,1786,875,0,4
492,1786,876,0,1
493,1785,877,0,0
494,1787,876,0,2
495,1788,876,0,3
496,1789,877,0,3
497,1789,877,0,3
498,1789,876,0,2
499,1789,876,0,3
500,1791,876,0,2
501,1791,876,0,1
502,1791,876,0,3
503,1791,875,0,4
504,1791,875,0,3
505,1792,875,0,4
506,1793,875,0,4
507,1793,874,0,4
510,1794,874,0,0
511,1794,872,0,357
512,1794,872,0,354
513,1793,872,0,357
514,1794,872,0,358
515,1793,872,0,358
516,1794,871,0,357
517,1794,871,0,358
518,1794,871,0,356
519,1794,871,0,354
520,1796,871,0,357
521,1796,871,0,358
522,1796,870,0,358
523,1796,870,0,357
524,1794,870,0,356
525,1796,870,0,354
526,1796,870,0,352
527,1795,870,0,354
528,1796,870,0,355
529,1796,870,0,356
530,1798,870,0,357
531,1796,870,0,0
532,1794,871,0,1
533,1796,870,0,3
534,1799,869,0,4
535,1798,868,0,5
536,1799,869,0,4
537,1799,868,0,3
538,1799,868,0,2
539,1799,868,0,1
540,1799,869,0,1
541,1800,869,0,1
542,1798,869,0,358
543,1795,867,0,359
544,1793,868,0,2
545,1792,868,0,1
546,1791,868,0,358
547,1791,869,0,359
548,1791,869,0,359
549,1790,868,0,357
550,1792,868,0,358
551,1794,868,0,356
552,1796,866,0,359
553,1796,866,0,1
554,1797,866,0,0
555,1797,865,0,359
556,1797,865,0,0
557,1798,866,0,358
558,1798,866,0,357
559,1798,866,0,356
560,1798,865,0,356
561,1800,866,0,354
562,1800,865,0,356
563,1799,866,0,357
564,1799,866,0,358
565,1799,865,0,356
566,1799,867,0,356
567,1795,870,0,359
568,1791,873,0,3
569,1790,874,0,355
570,1790,874,0,354
571,1790,873,0,356
572,1790,873,0,357
573,1790,874,0,355
574,1792,875,0,355
575,1792,875,0,356
576,1792,874,0,0
577,1792,875,0,358
578,1791,873,0,2
579,1791,872,0,356
580,1790,872,0,357
581,1789,870,0,357
582,1792,868,0,352
583,1792,869,0,354
584,1794,870,0,351
585,1793,870,0,351
586,1792,870,0,353
587,1791,868,0,354
588,1793,866,0,354
589,1795,867,0,353
590,1795,869,0,356
591,1793,870,0,354
592,1793,871,0,351
593,1793,870,0,353
594,1793,871,0,352
595,1792,871,0,355
596,1791,871,0,358
597,1791,871,0,357
598,1794,872,0,353
599,1793,870,0,357
600,1791,869,0,355
601,1792,869,0,354
602,1792,870,0,355
603,1792,869,0,358
604,1794,869,0,355
605,1793,869,0,356
606,1794,869,0,357
607,1795,869,0,356
608,1796,869,0,356
609,1795,869,0,355
610,1795,869,0,355
611,1795,870,0,355
612,1794,871,0,354
613,1793,874,0,352
614,1789,874,0,346
615,1789,869,0,343
616,1787,866,0,337
617,1783,863,0,337
618,1782,863,0,335
619,1782,864,0,343
620,1783,865,0,339
621,1783,865,0,337
622,1785,862,0,341
623,1786,859,0,341
624,1788,856,0,346
625,1788,855,0,350
626,1787,854,0,353
627,1787,854,0,353
628,1788,854,0,351
629,1789,855,0,353
630,1789,854,0,355
631,1789,854,0,355
632,1789,853,0,356
633,1789,852,0,359
634,1789,852,0,359
635,1789,852,0,359
636,1788,853,0,0
637,1789,853,0,1
638,1787,853,0,4
639,1787,853,0,2
640,1789,853,0,356
641,1789,853,0,358
642,1788,853,0,359
643,1788,853,0,2
644,1787,854,0,0
645,1787,854,0,0
646,1788,855,0,2
647,1788,855,0,2
648,1788,856,0,2
649,1788,855,0,2
650,1789,855,0,357
651,1789,855,0,357
652,1790,855,0,359
653,1790,855,0,358
654,1789,855,0,358
655,1788,855,0,357
656,1785,857,0,355
657,1783,854,0,0
658,1781,855,0,356
659,1779,855,0,356
660,1778,860,0,353
661,1774,860,0,352
662,1772,861,0,4
663,1768,860,0,1
664,1772,860,0,356
665,1774,861,0,358
666,1774,858,0,359
667,1775,857,0,357
668,1774,857,0,355
669,1774,858,0,357
670,1776,858,0,357
671,1777,858,0,0
672,1778,855,0,354
673,1776,855,0,352
674,1773,855,0,348
675,1769,855,0,346
676,1774,855,0,350
677,1773,856,0,352
678,1775,856,0,351
679,1776,856,0,347
680,1778,856,0,346
681,1778,856,0,346
682,1780,855,0,343
683,1781,848,0,340
684,1783,851,0,343
685,1784,848,0,354
686,1782,849,0,355
687,1780,848,0,353
688,1777,842,0,356
689,1774,838,0,0
690,1776,841,0,359
691,1776,842,0,3
692,1775,844,0,7
693,1771,846,0,9
694,1769,846,0,7
695,1766,848,0,12
696,1769,849,0,20
697,1766,850,0,25
698,1765,850,0,27
699,1765,850,0,25
700,1764,851,0,26
701,1765,850,0,26
702,1766,849,0,23
703,1766,848,0,23
704,1765,848,0,23
705,1765,848,0,23
706,1765,848,0,23
707,1765,848,0,22
708,1766,848,0,21
709,1766,848,0,19
710,1766,849,0,18
711,1767,849,0,18
712,1768,848,0,17
713,1769,848,0,19
714,1769,848,0,19
715,1769,848,0,20
716,1767,847,0,23
717,1767,849,0,22
718,1767,850,0,17
719,1768,849,0,16
720,1768,848,0,16
721,1768,848,0,15
722,1769,848,0,15
723,1769,848,0,16
724,1769,848,0,18
725,1769,847,0,15
726,1769,847,0,14
727,1769,847,0,14
728,1769,848,0,13
729,1770,849,0,12
730,1771,851,0,11
731,1770,852,0,6
732,1767,853,0,11
733,1766,853,0,16
734,1764,853,0,21
735,1764,853,0,19
736,1764,853,0,21
737,1764,852,0,24
738,1763,852,0,18
739,1766,851,0,11
740,1766,851,0,11
741,1765,847,0,14
742,1763,844,0,16
743,1761,843,0,15
744,1759,838,0,18
745,1759,839,0,18
746,1760,839,0,17
747,1757,841,0,15
748,1753,842,0,16
749,1752,841,0,14
750,1752,840,0,11
751,1753,840,0,8
752,1754,839,0,8
753,1758,838,0,4
754,1758,838,0,4
755,1759,837,0,3
756,1760,837,0,5
757,1760,836,0,10
758,1760,836,0,10
759,1760,836,0,10
760,1761,835,0,12
761,1761,833,0,16
762,1763,832,0,14
763,1762,832,0,11
764,1762,831,0,14
765,1762,830,0,13
766,1763,829,0,12
767,1763,829,0,13
768,1764,829,0,13
769,1764,829,0,12
770,1764,829,0,12
771,1764,829,0,10
772,1764,829,0,11
773,1764,829,0,11
774,1763,829,0,10
775,1761,828,0,6
776,1761,825,0,7
777,1762,825,0,5
778,1761,825,0,2
779,1761,824,0,356
780,1761,825,0,355
781,1763,826,0,354
782,1763,826,0,356
783,1763,826,0,358
784,1764,826,0,358
785,1764,826,0,359
786,1766,826,0,357
787,1767,826,0,355
788,1768,826,0,356
789,1768,826,0,356
790,1767,827,0,354
791,1768,827,0,354
792,1769,827,0,355
793,1768,827,0,354
794,1769,827,0,355
795,1769,827,0,356
796,1771,828,0,348
797,1772,828,0,349
798,1768,826,0,352
799,1765,825,0,1
800,1764,827,0,18
801,1759,829,0,22
802,1757,828,0,29
803,1755,828,0,27
804,1753,828,0,25
805,1752,825,0,22
806,1752,826,0,21
807,1750,825,0,23
808,1744,818,0,12
809,1741,817,0,13
810,1738,817,0,11
811,1730,820,0,6
812,1727,821,0,5
813,1726,820,0,9
814,1727,821,0,12
815,1733,819,0,13
816,1737,818,0,15
817,1738,815,0,16
818,1741,815,0,18
819,1743,815,0,16
820,1743,815,0,18
821,1743,815,0,17
822,1745,814,0,21
823,1744,814,0,22
824,1746,813,0,22
825,1745,813,0,22
826,1744,813,0,27
827,1743,813,0,29
828,1741,813,0,31
829,1742,813,0,32
830,1742,813,0,31
831,1742,821,0,44
832,1740,822,0,41
833,1738,821,0,37
834,1737,819,0,34
835,1736,818,0,36
836,1736,817,0,32
837,1736,816,0,27
838,1737,814,0,27
839,1736,814,0,26
840,1738,813,0,26
841,1737,812,0,26
842,1738,813,0,23
843,1739,812,0,25
844,1738,812,0,24
845,1739,812,0,25
846,1742,814,0,20
847,1741,814,0,20
848,1742,814,0,18
849,1743,814,0,18
850,1741,813,0,22
851,1743,811,0,24
852,1744,811,0,22
853,1744,810,0,22
854,1747,809,0,22
855,1748,810,0,22
856,1748,811,0,24
857,1748,811,0,29
858,1748,812,0,30
859,1749,812,0,34
860,1750,811,0,36
861,1749,811,0,35
862,1750,810,0,40
863,1750,810,0,40
864,1751,809,0,42
865,1751,809,0,44
866,1751,809,0,41
867,1752,809,0,41
868,1752,808,0,40
869,1752,809,0,38
870,1751,809,0,39
871,1750,809,0,37
872,1753,808,0,34
873,1755,812,0,34
874,1755,813,0,36
875,1753,815,0,34
876,1752,815,0,35
877,1751,818,0,37
878,1751,818,0,36
879,1752,811,0,33
880,1749,809,0,24
881,1750,805,0,20
882,1752,800,0,10
883,1753,797,0,12
884,1754,796,0,6
885,1755,795,0,4
886,1754,795,0,2
887,1755,795,0,358
888,1755,796,0,356
889,1756,797,0,349
890,1759,800,0,341
891,1761,802,0,336
892,1762,803,0,331
893,1763,801,0,328
894,1763,800,0,329
895,1767,793,0,325
896,1761,795,0,319
897,1758,794,0,313
898,1756,793,0,310
899,1758,792,0,308
900,1759,792,0,312
901,1757,792,0,317
902,1759,793,0,316
903,1754,796,0,309
904,1752,796,0,309
905,1752,794,0,310
906,1750,791,0,311
907,1750,789,0,315
908,1748,789,0,315
909,1746,789,0,326
910,1751,791,0,329
911,1750,791,0,329
912,1751,792,0,330
913,1752,792,0,331
914,1752,792,0,333
915,1752,792,0,332
916,1753,792,0,332
917,1754,793,0,330
918,1754,793,0,329
919,1754,793,0,329
920,1754,793,0,329
921,1755,793,0,330
922,1757,794,0,331
923,1759,793,0,332
924,1760,792,0,332
925,1760,792,0,335
926,1761,792,0,337
927,1760,792,0,337
928,1760,792,0,337
929,1758,792,0,333
930,1758,789,0,334
931,1759,789,0,334
932,1762,790,0,335
933,1764,791,0,336
934,1764,792,0,335
935,1764,791,0,335
936,1763,791,0,336
937,1764,792,0,337
938,1763,791,0,339
939,1764,792,0,339
940,1763,792,0,336
941,1764,793,0,334
942,1763,794,0,334
943,1762,794,0,334
944,1763,793,0,336
945,1763,793,0,336
946,1764,793,0,337
947,1765,793,0,338
948,1766,794,0,343
949,1763,794,0,346
950,1763,794,0,344
951,1762,795,0,336
952,1762,795,0,340
953,1762,795,0,342
954,1762,795,0,342
955,1763,795,0,341
956,1763,794,0,342
957,1764,795,0,343
958,1764,795,0,339
959,1762,795,0,338
960,1763,796,0,344
961,1763,797,0,345
962,1761,799,0,344
963,1760,799,0,340
964,1758,799,0,341
965,1758,799,0,341
966,1758,799,0,342
967,1759,798,0,342
968,1759,799,0,340
969,1758,799,0,338
970,1759,799,0,343
971,1759,801,0,342
972,1759,799,0,342
973,1760,800,0,341
974,1760,800,0,342
975,1761,800,0,341
976,1760,801,0,342
977,1760,802,0,343
978,1761,801,0,345
979,1762,800,0,344
980,1763,799,0,349
981,1762,800,0,347
982,1762,801,0,347
983,1763,801,0,344
984,1765,802,0,345
985,1764,802,0,344
986,1765,801,0,349
987,1765,801,0,346
988,1765,801,0,348
989,1765,802,0,350
990,1765,802,0,348
991,1765,801,0,348
992,1764,800,0,347
993,1762,801,0,349
994,1763,802,0,355
995,1762,802,0,358
996,1762,802,0,359
997,1762,802,0,4
998,1761,802,0,5
999,1760,801,0,10
1000,1759,802,0,13
1001,1759,800,0,13
1002,1762,798,0,18
1003,1763,797,0,18
1004,1763,796,0,19
1005,1762,795,0,19
1006,1762,797,0,17
1007,1766,796,0,22
1008,1769,795,0,20
1009,1769,797,0,14
1010,1768,799,0,10
1011,1770,797,0,11
1012,1769,798,0,12
1013,1769,798,0,14
1014,1768,800,0,10
1015,1768,800,0,11
1016,1766,799,0,10
1017,1766,799,0,4
1018,1765,796,0,5
1019,1764,797,0,2
1020,1765,799,0,3
1021,1766,800,0,4
1022,1768,801,0,1
1023,1768,803,0,2
1024,1768,803,0,6
1025,1766,801,0,6
1026,1766,801,0,4
1027,1767,802,0,1
1028,1766,802,0,3
1029,1766,802,0,4
1030,1766,801,0,1
1031,1765,802,0,3
1032,1766,801,0,6
1033,1766,798,0,12
1034,1763,799,0,5
1035,1759,798,0,4
1036,1758,796,0,5
1037,1755,796,0,6
1038,1745,797,0,3
1039,1739,800,0,357
1040,1738,796,0,353
1041,1737,796,0,353
1042,1734,796,0,350
1043,1727,794,0,349
1044,1726,792,0,340
1045,1722,789,0,337
1046,1720,789,0,338
1047,1718,790,0,340
1048,1715,791,0,338
1049,1712,792,0,341
1050,1711,792,0,343
1051,1712,793,0,354
1052,1706,791,0,353
1053,1706,791,0,352
1054,1706,792,0,355
1055,1707,792,0,355
1056,1707,791,0,355
1057,1708,792,0,356
1058,1709,792,0,357
1059,1710,792,0,358
1060,1710,791,0,359
1061,1710,792,0,357
1062,1708,791,0,354
1063,1708,790,0,355
1064,1708,790,0,353
1065,1707,790,0,353
1066,1707,789,0,355
1067,1708,789,0,356
1068,1708,789,0,357
1069,1708,788,0,359
1070,1709,787,0,359
1071,1709,787,0,356
1072,1710,785,0,359
1073,1710,785,0,359
1074,1711,784,0,358
1075,1710,784,0,359
1076,1710,783,0,0
1077,1710,783,0,357
1078,1709,784,0,355
1079,1709,783,0,357
1080,1709,782,0,354
1081,1710,781,0,356
1082,1709,780,0,357
1083,1711,779,0,354
1084,1713,779,0,352
1085,1714,777,0,344
1086,1715,778,0,341
1087,1715,777,0,338
1088,1714,775,0,336
1089,1715,774,0,340
1090,1716,774,0,341
1091,1720,769,0,346
1092,1723,765,0,350
1093,1725,762,0,353
1094,1727,760,0,356
1095,1726,758,0,357
1096,1726,758,0,359
1097,1726,759,0,358
1098,1728,753,0,12
1099,1729,754,0,7
1100,1732,753,0,6
1101,1734,751,0,7
1102,1737,753,0,359
1103,1737,752,0,3
1104,1740,752,0,0
1105,1740,751,0,1
1106,1741,752,0,359
1107,1741,751,0,358
1108,1741,751,0,1
1109,1740,751,0,1
1110,1741,751,0,0
1111,1740,752,0,358
1112,1739,752,0,357
1113,1739,753,0,357
1114,1739,753,0,357
1115,1741,753,0,355
1116,1743,753,0,356
1117,1743,753,0,357
1118,1746,753,0,356
1119,1746,753,0,356
1120,1748,753,0,355
1121,1747,755,0,351
1122,1744,754,0,345
1123,1742,755,0,340
1124,1739,752,0,337
1125,1736,750,0,334
1126,1735,750,0,328
1127,1735,749,0,322
1128,1734,749,0,322
1129,1730,748,0,324
1130,1730,747,0,322
1131,1732,748,0,322
1132,1737,746,0,327
1133,1738,747,0,326
1134,1739,747,0,320
1135,1739,747,0,318
1136,1740,748,0,316
1137,1741,748,0,320
1138,1743,749,0,323
1139,1744,749,0,324
1140,1743,749,0,322
1141,1744,750,0,324
1142,1743,750,0,321
1143,1743,749,0,320
1144,1743,750,0,323
1145,1744,751,0,325
1146,1744,751,0,325
1147,1746,752,0,321
1148,1745,751,0,321
1149,1744,753,0,323
1150,1742,755,0,322
1151,1740,754,0,326
1152,1740,754,0,329
1153,1738,754,0,338
1154,1734,751,0,339
1155,1731,748,0,342
1156,1730,750,0,345
1157,1731,751,0,346
1158,1735,752,0,343
1159,1735,753,0,342
1160,1737,753,0,343
1161,1737,753,0,346
1162,1740,753,0,346
1163,1741,753,0,351
1164,1742,754,0,351
1165,1744,754,0,352
1166,1743,754,0,353
1167,1744,754,0,353
1168,1744,754,0,351
1169,1745,755,0,350
1170,1744,755,0,351
1171,1746,757,0,344
1172,1747,758,0,343
1173,1748,758,0,344
1174,1749,758,0,343
1175,1750,758,0,344
1176,1749,758,0,345
1177,1750,758,0,347
1178,1749,759,0,346
1179,1750,760,0,345
1180,1752,761,0,344
1181,1752,762,0,346
1182,1752,763,0,345
1183,1752,763,0,344
1184,1752,763,0,344
1185,1753,763,0,345
1186,1754,763,0,346
1187,1753,763,0,347
1188,1754,763,0,345
1189,1753,763,0,346
1190,1753,763,0,346
1191,1754,763,0,346
1192,1753,763,0,344
1193,1754,762,0,348
1194,1755,760,0,337
1195,1757,757,0,348
1196,1759,756,0,337
1197,1761,755,0,332
1198,1760,755,0,331
1199,1759,754,0,329
1200,1758,754,0,329
1201,1755,754,0,326
1202,1753,755,0,320
1203,1753,753,0,324
1204,1752,752,0,325
1205,1750,752,0,321
1206,1750,754,0,319
1207,1753,754,0,321
1208,1754,755,0,321
1209,1755,754,0,323
1210,1757,753,0,321
1211,1758,754,0,322
1212,1757,754,0,320
1213,1757,755,0,321
1214,1758,754,0,324
1215,1758,755,0,325
1216,1759,755,0,321
1217,1759,755,0,320
1218,1759,755,0,319
1219,1759,756,0,320
1220,1758,756,0,323
1221,1760,756,0,325
1222,1760,756,0,325
1223,1760,754,0,329
1224,1761,752,0,330
1225,1762,753,0,329
1226,1761,752,0,325
1227,1760,752,0,317
1228,1759,750,0,316
1229,1759,749,0,315
1230,1758,748,0,318
1231,1761,750,0,323
1232,1762,752,0,332
1233,1762,751,0,336
1234,1761,747,0,338
1235,1756,744,0,331
1236,1752,740,0,329
1237,1749,738,0,327
1238,1747,737,0,331
1239,1744,734,0,330
1240,1743,733,0,332
1241,1739,731,0,338
1242,1736,729,0,337
1243,1739,729,0,340
1244,1741,729,0,340
1245,1744,729,0,344
1246,1745,730,0,344
1247,1748,732,0,354
1248,1750,733,0,357
1249,1751,732,0,358
1250,1749,731,0,357
1251,1749,730,0,351
1252,1752,729,0,349
1253,1753,730,0,353
1254,1752,734,0,1
1255,1749,735,0,4
1256,1747,735,0,4
1257,1746,741,0,8
1258,1746,742,0,4
1259,1746,740,0,7
1260,1744,741,0,9
1261,1745,743,0,6
1262,1745,743,0,9
1263,1748,743,0,11
1264,1748,742,0,15
1265,1749,739,0,17
1266,1748,738,0,14
1267,1745,743,0,12
1268,1745,745,0,12
1269,1744,744,0,15
1270,1739,746,0,11
1271,1734,747,0,7
1272,1730,747,0,1
1273,1728,746,0,351
1274,1725,746,0,348
1275,1721,740,0,337
1276,1719,743,0,338
1277,1717,742,0,340
1278,1715,744,0,339
1279,1717,743,0,344
1280,1714,741,0,342
1281,1714,734,0,338
1282,1709,727,0,334
1283,1703,720,0,334
1284,1693,717,0,338
1285,1686,712,0,343
1286,1680,707,0,341
1287,1674,703,0,336
1288,1674,707,0,347
1289,1677,711,0,343
1290,1673,708,0,344
1291,1671,707,0,351
1292,1669,708,0,353
1293,1668,709,0,351
1294,1668,709,0,351
1295,1668,708,0,353
1296,1669,707,0,353
1297,1669,707,0,356
1298,1669,707,0,357
1299,1671,706,0,359
1300,1671,707,0,359
1301,1671,706,0,3
1302,1671,705,0,2
1303,1671,704,0,0
1304,1671,705,0,358
1305,1671,705,0,355
1306,1671,705,0,355
1307,1671,706,0,355
1308,1672,706,0,356
1309,1672,706,0,357
1310,1672,705,0,358
1311,1673,705,0,359
1312,1672,705,0,359
1313,1672,705,0,358
1314,1672,706,0,358
1315,1673,706,0,358
1316,1673,705,0,0
1317,1673,705,0,0
1318,1673,705,0,359
1319,1674,705,0,0
1320,1674,705,0,0
1321,1674,705,0,358
1322,1674,705,0,0
1323,1674,704,0,0
1324,1676,704,0,358
1325,1676,704,0,359
1326,1676,704,0,359
1327,1676,704,0,358
1328,1676,704,0,356
1329,1678,704,0,353
1330,1679,706,0,352
1331,1677,708,0,353
1332,1677,707,0,351
1333,1676,708,0,351
1334,1677,707,0,353
1335,1682,707,0,349
1336,1683,707,0,347
1337,1682,706,0,344
1338,1679,706,0,348
1339,1674,706,0,355
1340,1671,706,0,354
1341,1671,705,0,351
1342,1671,707,0,355
1343,1669,708,0,356
1344,1668,709,0,358
1345,1667,710,0,1
1346,1671,709,0,0
1347,1673,708,0,0
1348,1674,707,0,0
1349,1673,705,0,1
1350,1669,705,0,2
1351,1665,707,0,7
1352,1663,709,0,12
1353,1658,710,0,5
1354,1652,711,0,10
1355,1647,714,0,7
1356,1644,714,0,6
1357,1641,718,0,12
1358,1641,719,0,13
1359,1638,718,0,13
1360,1633,724,0,23
1361,1628,728,0,19
1362,1628,723,0,14
1363,1628,722,0,5
1364,1627,723,0,8
1365,1627,727,0,8
1366,1623,730,0,11
1367,1618,730,0,14
1368,1618,729,0,12
1369,1616,729,0,8
1370,1615,727,0,6
1371,1616,727,0,4
1372,1614,726,0,4
1373,1614,726,0,2
1374,1614,725,0,1
1375,1615,724,0,1
1376,1615,723,0,2
1377,1617,723,0,3
1378,1618,722,0,4
1379,1618,723,0,2
1380,1618,723,0,4
1381,1616,723,0,4
1382,1616,722,0,5
1383,1617,722,0,4
1384,1618,723,0,3
1385,1619,721,0,6
1386,1619,723,0,2
1387,1619,722,0,5
1388,1620,723,0,3
1389,1620,723,0,4
1390,1620,723,0,4
1391,1621,723,0,4
1392,1621,723,0,3
1393,1621,723,0,4
1394,1623,723,0,5
1395,1624,723,0,5
1396,1623,723,0,6
1397,1622,723,0,10
1398,1620,724,0,13
1399,1617,724,0,15
1400,1618,725,0,16
1401,1617,725,0,19
1402,1617,726,0,19
1403,1619,726,0,15
1404,1622,725,0,18
1405,1624,724,0,17
1406,1626,723,0,13
1407,1626,723,0,10
1408,1627,723,0,9
1409,1628,723,0,9
1410,1629,722,0,9
1411,1629,722,0,7
1412,1629,722,0,8
1413,1630,722,0,6
1414,1631,723,0,7
1415,1631,723,0,7
1416,1632,722,0,10
1417,1632,722,0,9
1418,1632,722,0,9
1419,1632,722,0,10
1420,1633,722,0,8
1421,1634,722,0,6
1422,1634,722,0,5
1423,1634,722,0,6
1424,1634,722,0,7
1425,1634,722,0,6
1426,1634,722,0,7
1427,1630,721,0,8
1428,1628,721,0,4
1429,1627,721,0,5
1430,1627,722,0,4
1431,1627,721,0,5
1432,1627,721,0,2
1433,1626,721,0,3
1434,1626,721,0,1
1435,1627,720,0,0
1436,1627,720,0,0
1437,1628,721,0,358
1438,1629,720,0,0
1439,1630,720,0,358
1440,1630,721,0,359
1441,1631,721,0,358
1442,1632,722,0,0
1443,1632,723,0,0
1444,1631,723,0,3
1445,1632,723,0,3
1446,1631,724,0,1
1447,1630,724,0,7
1448,1631,724,0,3
1449,1631,724,0,5
1450,1634,726,0,358
1451,1635,726,0,356
1452,1635,726,0,353
1453,1635,726,0,352
1454,1635,726,0,352
1455,1635,725,0,353
1456,1635,725,0,356
1457,1632,726,0,3
1458,1630,726,0,5
1459,1627,725,0,8
1460,1621,726,0,11
1461,1622,724,0,15
1462,1623,726,0,8
1463,1624,722,0,8
1464,1624,724,0,6
1465,1625,721,0,0
1466,1625,720,0,2
1467,1624,721,0,352
1468,1622,721,0,355
1469,1621,721,0,353
1470,1619,724,0,351
1471,1618,723,0,349
1472,1616,721,0,354
1473,1617,721,0,350
1474,1611,718,0,351
1475,1611,719,0,348
1476,1609,715,0,348
1477,1607,711,0,346
1478,1606,708,0,343
1479,1604,703,0,345
1480,1605,698,0,338
1481,1602,691,0,334
1482,1600,694,0,331
1483,1599,695,0,336
1484,1597,693,0,341
1485,1590,688,0,343
1486,1585,688,0,342
1487,1580,685,0,347
1488,1577,685,0,346
1489,1579,684,0,341
1490,1582,682,0,340
1491,1583,679,0,331
1492,1585,679,0,331
1493,1588,679,0,329
1494,1588,678,0,328
1495,1586,678,0,332
1496,1586,678,0,332
1497,1587,680,0,334
1498,1586,680,0,335
1499,1585,680,0,338
1500,1585,681,0,337
1501,1584,680,0,337
1502,1579,679,0,337
1503,1577,678,0,339
1504,1572,677,0,344
1505,1571,675,0,339
1506,1565,674,0,344
1507,1554,676,0,350
1508,1547,673,0,351
1509,1546,673,0,353
1510,1551,673,0,356
1511,1547,671,0,354
1512,1544,672,0,353
1513,1543,669,0,351
1514,1543,669,0,352
1515,1543,669,0,353
1516,1543,670,0,351
1517,1543,670,0,356
1518,1543,672,0,359
1519,1544,674,0,353
1520,1543,674,0,352
1521,1542,672,0,349
1522,1542,671,0,347
1523,1542,671,0,347
1524,1543,670,0,350
1525,1545,671,0,351
1526,1545,671,0,351
1527,1546,671,0,352
1528,1547,671,0,356
1529,1546,671,0,357
1530,1545,670,0,354
1531,1546,669,0,351
1532,1547,670,0,348
1533,1548,671,0,351
1534,1549,671,0,349
1535,1549,671,0,349
1536,1549,671,0,351
1537,1548,672,0,352
1538,1548,672,0,351
1539,1548,672,0,349
1540,1548,674,0,348
1541,1548,673,0,347
1542,1549,674,0,342
1543,1550,674,0,345
1544,1550,673,0,346
1545,1550,672,0,348
1546,1550,673,0,346
1547,1549,672,0,347
1548,1549,672,0,347
1549,1547,670,0,341
1550,1543,668,0,345
1551,1541,668,0,344
1552,1539,668,0,346
1553,1539,669,0,346
1554,1539,673,0,350
1555,1538,678,0,351
1556,1539,681,0,348
1557,1539,681,0,350
1558,1538,682,0,349
1559,1538,682,0,348
1560,1541,683,0,350
1561,1540,683,0,348
1562,1541,683,0,348
1563,1542,684,0,347
1564,1542,684,0,350
1565,1541,683,0,350
1566,1543,684,0,350
1567,1543,684,0,347
1568,1544,684,0,349
1569,1542,685,0,350
1570,1542,685,0,349
1571,1543,685,0,348
1572,1541,685,0,349
1573,1541,684,0,349
1574,1543,684,0,350
1575,1544,684,0,350
1576,1543,684,0,347
1577,1543,685,0,345
1578,1543,685,0,344
1579,1543,685,0,347
1580,1542,686,0,347
1581,1539,685,0,348
1582,1538,685,0,350
1583,1537,685,0,349
1584,1537,685,0,347
1585,1535,683,0,350
1586,1534,683,0,350
1587,1531,681,0,349
1588,1530,681,0,352
1589,1527,680,0,354
1590,1525,685,0,356
1591,1528,688,0,355
1592,1525,685,0,347
1593,1520,677,0,354
1594,1515,678,0,347
1595,1510,675,0,347
1596,1506,676,0,339
1597,1503,678,0,342
1598,1502,678,0,345
1599,1499,678,0,344
1600,1496,675,0,351
1602,1492,671,0,350
1603,1492,673,0,341
1606,1493,666,0,354
1615,1493,665,0,343
1617,1493,664,0,348
1618,1492,663,0,347
1619,1492,664,0,348
1620,1492,664,0,343
1621,1492,660,0,357
1622,1495,661,0,354
1623,1493,662,0,356
1624,1495,665,0,0
1625,1497,668,0,4
1626,1498,671,0,0
1627,1499,675,0,2
1628,1499,675,0,1
1629,1500,674,0,1
1630,1501,674,0,3
1631,1501,674,0,1
1632,1500,673,0,1
1633,1499,673,0,0
1634,1499,672,0,359
1635,1500,673,0,4
1636,1500,674,0,2
1637,1501,676,0,357
1638,1501,676,0,356
1639,1501,676,0,357
1640,1500,676,0,355
1641,1500,675,0,356
1642,1500,674,0,355
1643,1500,674,0,357
1644,1500,675,0,356
1645,1500,676,0,355
1646,1502,675,0,353
1647,1503,675,0,354
1648,1503,675,0,353
1649,1503,674,0,354
1650,1505,675,0,354
1651,1505,676,0,353
1652,1505,676,0,351
1653,1505,675,0,352
1654,1505,675,0,353
1655,1506,675,0,351
1656,1506,676,0,356
1657,1506,676,0,355
1658,1506,675,0,357
1659,1507,675,0,359
1660,1506,676,0,1
1661,1507,676,0,355
1662,1507,677,0,353
1663,1507,676,0,354
1664,1507,676,0,355
1665,1506,677,0,351
1666,1506,676,0,354
1667,1508,676,0,353
1668,1507,676,0,355
1669,1508,676,0,354
1670,1508,676,0,353
1671,1508,675,0,352
1672,1508,675,0,353
1673,1509,675,0,353
1674,1508,675,0,353
1675,1508,675,0,353
1676,1508,675,0,352
1677,1508,675,0,352
1678,1508,675,0,353
1679,1508,676,0,352
1680,1508,676,0,349
1681,1509,676,0,351
1682,1508,676,0,351
1683,1508,676,0,350
1684,1508,676,0,349
1685,1509,676,0,350
1686,1508,676,0,351
1687,1508,676,0,349
1688,1508,676,0,347
1689,1509,676,0,347
1690,1509,676,0,345
1691,1509,676,0,349
1692,1509,677,0,348
1693,1509,676,0,349
1694,1509,676,0,349
1695,1509,676,0,350
1696,1509,676,0,349
1697,1509,676,0,349
1698,1509,676,0,349
1699,1509,676,0,349
1700,1509,676,0,350
1701,1509,676,0,349
1702,1509,676,0,349
1703,1509,676,0,347
1704,1509,676,0,348
1705,1509,676,0,348
1706,1509,676,0,347
1707,1509,676,0,347
1708,1509,676,0,348
1709,1509,677,0,349
1710,1509,677,0,347
1711,1509,676,0,349
1712,1509,676,0,348
1713,1509,676,0,350
1714,1509,676,0,349
1715,1509,676,0,348
1716,1509,676,0,348
1717,1509,677,0,348
1718,1509,677,0,347
1719,1509,677,0,347
1720,1509,677,0,347
1721,1509,676,0,347
1722,1509,676,0,345
1723,1509,677,0,346
1724,1508,676,0,348
1725,1509,676,0,347
1726,1509,676,0,347
1727,1509,677,0,348
1728,1509,677,0,346
1729,1508,677,0,347
1730,1509,677,0,345
1731,1509,677,0,347
1732,1509,677,0,346
1733,1508,677,0,346
1734,1509,677,0,348
1735,1509,677,0,347
1736,1509,677,0,346
1737,1508,677,0,345
1738,1509,677,0,347
1739,1509,677,0,348
1740,1509,677,0,348
1741,1509,677,0,348
1742,1509,677,0,347
1743,1509,677,0,348
1744,1509,677,0,346
1745,1509,677,0,345
1746,1509,677,0,346
1747,1509,677,0,347
1748,1509,677,0,344
1749,1509,677,0,345
1750,1509,677,0,345
1751,1509,677,0,345
1752,1509,677,0,344
1753,1509,677,0,344
1754,1509,677,0,345
1755,1509,677,0,344
1756,1509,677,0,346
1757,1509,677,0,346
1758,1509,677,0,347
1759,1509,677,0,346
1760,1510,677,0,346
1761,1510,677,0,347
1762,1510,677,0,347
1763,1509,677,0,345
1764,1509,677,0,345
1765,1509,677,0,346
1766,1509,677,0,347
1767,1509,677,0,348
1768,1509,677,0,346
1769,1509,677,0,345
1770,1509,677,0,346
1771,1509,677,0,346
1772,1510,677,0,346
1773,1510,677,0,346
1774,1509,677,0,346
1775,1510,677,0,346
1776,1510,677,0,346
1777,1509,677,0,344
1778,1510,677,0,345
1779,1510,677,0,346
1780,1510,677,0,346
1781,1510,677,0,345
1782,1509,677,0,345
1783,1509,677,0,348
1784,1509,677,0,346
1785,1510,677,0,346
1786,1510,677,0,347
1787,1509,677,0,348
1788,1510,677,0,348
1789,1510,677,0,347
1790,1509,678,0,351
1791,1509,678,0,351
1792,1509,678,0,350
1793,1509,678,0,350
1794,1509,678,0,349
1795,1509,678,0,349
1796,1509,678,0,348
1797,1509,677,0,347
1798,1509,677,0,348
1799,1509,677,0,348
1800,1510,677,0,348
1801,1510,677,0,349
1802,1509,677,0,350
1803,1510,677,0,349
1804,1510,677,0,349
1805,1510,677,0,349
1806,1510,678,0,348
1807,1510,678,0,347
1808,1511,677,0,349
1809,1511,677,0,348
1810,1510,677,0,348
1811,1510,677,0,346
1812,1509,677,0,344
1813,1509,677,0,344
1814,1509,677,0,343
1815,1509,677,0,344
1816,1509,677,0,345
1817,1509,677,0,345
1818,1510,677,0,347
1819,1509,677,0,346
1820,1509,677,0,347
1821,1510,677,0,345
1822,1510,677,0,346
1823,1511,676,0,347
1824,1511,676,0,348
1825,1511,676,0,347
1826,1511,676,0,349
1827,1511,676,0,351
1828,1512,676,0,350
1829,1512,676,0,350
1830,1512,676,0,352
1831,1513,676,0,352
1832,1513,676,0,350
1833,1514,676,0,348
1834,1514,677,0,348
1835,1514,677,0,347
1836,1514,678,0,344
1837,1515,678,0,345
1838,1514,678,0,344
1839,1515,678,0,346
1840,1515,678,0,347
1841,1516,677,0,347
1842,1516,677,0,346
1843,1516,677,0,347
1844,1516,676,0,349
1845,1516,676,0,349
1846,1517,676,0,348
1847,1515,675,0,349
1848,1515,676,0,347
1849,1515,677,0,345
1850,1513,677,0,348
1851,1512,676,0,350
1852,1512,676,0,351
1853,1512,676,0,352
1854,1513,677,0,351
1855,1513,677,0,352
1856,1513,676,0,357
1857,1514,676,0,358
1858,1513,675,0,358
1859,1514,674,0,359
1860,1515,674,0,359
1861,1516,675,0,358
1862,1516,675,0,359
1863,1515,674,0,0
1864,1516,674,0,359
1865,1516,674,0,358
1866,1516,674,0,359
1867,1516,674,0,359
1868,1516,674,0,0
1869,1516,674,0,359
1870,1517,674,0,358
1871,1516,674,0,0
1872,1516,674,0,359
1873,1517,674,0,359
1874,1517,674,0,356
1875,1515,673,0,357
1876,1515,673,0,353
1877,1514,674,0,350
1878,1513,675,0,352
1879,1511,676,0,351
1880,1511,678,0,349
1881,1511,678,0,349
1882,1510,678,0,352
1883,1511,678,0,349
1884,1511,678,0,350
1885,1511,679,0,350
1886,1512,679,0,350
1887,1512,679,0,352
1888,1512,678,0,355
1889,1512,678,0,355
1890,1512,678,0,355
1891,1512,677,0,356
1892,1513,677,0,357
1893,1513,677,0,357
1894,1513,676,0,356
1895,1514,676,0,357
1896,1514,676,0,359
1897,1515,676,0,0
1898,1515,676,0,0
1899,1516,676,0,355
1900,1514,676,0,352
1901,1513,676,0,352
1902,1514,675,0,354
1903,1515,675,0,355
1904,1513,675,0,356
1905,1513,675,0,358
1906,1513,675,0,356
1907,1514,676,0,356
1908,1514,676,0,355
1909,1513,676,0,352
1910,1513,676,0,356
1911,1513,675,0,353
1912,1514,676,0,353
1913,1514,677,0,352
1914,1513,678,0,348
1915,1511,677,0,350
1916,1508,677,0,350
1917,1505,677,0,351
1918,1502,679,0,352
1919,1507,679,0,351
1920,1504,680,0,353
1921,1504,678,0,355
1922,1503,679,0,356
1923,1502,679,0,359
1924,1500,680,0,0
1925,1501,680,0,6
1926,1501,680,0,8
1927,1502,678,0,3
1928,1502,676,0,3
1929,1502,676,0,2
1930,1502,677,0,2
1931,1501,677,0,2
1932,1501,677,0,1
1933,1502,676,0,2
1934,1503,678,0,0
1935,1503,678,0,0
1936,1502,677,0,0
1937,1502,677,0,0
1938,1500,676,0,0
1939,1502,677,0,358
1940,1504,678,0,357
1941,1505,678,0,357
1942,1504,676,0,359
1943,1504,676,0,359
1944,1506,675,0,359
1945,1504,671,0,4
1946,1503,670,0,6
1947,1504,671,0,8
1948,1504,667,0,15
1949,1505,662,0,21
1950,1501,661,0,40
1951,1502,660,0,49
1952,1506,659,0,44
1953,1506,659,0,46
1954,1505,655,0,49
1955,1504,655,0,53
1956,1502,655,0,60
1957,1501,658,0,64
1958,1502,663,0,70
1959,1504,664,0,63
1960,1503,664,0,63
1961,1502,664,0,58
1962,1502,663,0,53
1963,1502,664,0,54
1964,1502,659,0,48
1965,1502,659,0,46
1966,1502,659,0,48
1967,1503,660,0,45
1968,1503,659,0,44
1969,1503,662,0,45
1970,1504,663,0,44
1971,1505,664,0,42
1972,1503,665,0,40
1973,1501,665,0,39
1974,1498,667,0,42
1975,1495,669,0,47
1976,1488,669,0,50
1977,1486,666,0,41
1978,1487,665,0,38
1979,1488,663,0,42
1980,1490,665,0,42
1981,1489,666,0,42
1983,1499,666,0,43
1984,1499,667,0,44
1986,1497,667,0,39
1987,1494,669,0,43
1988,1492,669,0,44
1989,1491,670,0,44
1992,1494,669,0,44
1993,1491,670,0,47
1995,1492,671,0,50
1996,1492,670,0,50
1997,1491,671,0,45
1998,1490,669,0,43
1999,1490,668,0,41
2000,1489,669,0,39
2001,1489,668,0,35
2002,1490,668,0,35
2003,1491,667,0,35
2004,1491,666,0,36
2005,1493,665,0,34
2006,1494,665,0,31
2007,1493,665,0,31
2008,1494,665,0,31
2009,1495,665,0,30
2010,1499,665,0,26
2011,1500,665,0,24
2012,1500,665,0,22
2013,1500,664,0,25
2014,1500,666,0,20
2015,1501,666,0,19
2016,1502,666,0,19
2017,1502,666,0,20
2018,1502,666,0,20
2019,1502,666,0,20
2020,1502,666,0,17
2021,1503,666,0,20
2022,1504,666,0,19
2023,1503,666,0,19
2024,1503,666,0,18
2025,1503,666,0,17
2026,1504,666,0,14
2027,1504,666,0,15
2028,1504,666,0,15
2029,1505,666,0,17
2030,1505,666,0,16
2031,1505,666,0,15
2032,1505,665,0,17
2033,1505,665,0,16
2034,1506,665,0,17
2035,1506,665,0,15
2036,1506,665,0,17
2037,1507,665,0,17
2038,1507,665,0,16
2039,1507,665,0,15
2040,1507,665,0,15
2041,1506,665,0,17
2042,1504,665,0,17
2043,1503,666,0,22
2044,1503,666,0,19
2045,1504,667,0,20
2046,1505,667,0,18
2047,1503,668,0,19
2048,1504,668,0,19
2049,1507,669,0,21
2050,1507,669,0,22
2051,1506,669,0,20
2052,1506,669,0,19
2053,1503,668,0,19
2054,1504,668,0,18
2055,1505,669,0,19
2056,1506,670,0,19
2057,1506,671,0,19
2058,1507,671,0,20
2059,1510,672,0,25
2060,1512,673,0,30
2061,1512,674,0,32
2062,1513,674,0,31
2063,1513,675,0,31
2064,1516,674,0,34
2065,1516,675,0,35
2066,1518,675,0,34
2067,1517,675,0,31
2068,1513,675,0,32
2069,1512,674,0,33
2070,1511,673,0,33
2071,1509,673,0,33
2072,1510,672,0,27
2073,1507,671,0,28
2074,1503,669,0,22
2075,1498,668,0,10
2076,1494,666,0,3
2077,1493,664,0,358
2078,1496,664,0,358
2079,1497,662,0,359
2080,1497,662,0,359
2081,1499,662,0,357
2082,1501,661,0,3
2083,1501,662,0,3
2084,1501,661,0,358
2085,1501,661,0,359
2086,1499,661,0,0
2087,1499,661,0,0
2088,1501,660,0,2
2089,1503,660,0,4
2090,1505,661,0,6
2091,1507,662,0,8
2092,1508,662,0,5
2093,1507,661,0,3
2094,1508,661,0,6
2095,1508,661,0,8
2096,1509,661,0,8
2097,1509,661,0,7
2098,1509,661,0,8
2099,1509,661,0,7
2100,1510,661,0,8
2101,1509,661,0,7
2102,1509,661,0,7
2103,1507,659,0,4
2104,1504,658,0,7
2105,1503,657,0,6
2106,1505,659,0,6
2107,1505,657,0,9
2108,1505,657,0,8
2109,1505,658,0,6
2110,1504,658,0,6
2111,1503,657,0,5
2112,1501,657,0,7
2113,1502,658,0,6
2114,1502,659,0,10
2115,1502,659,0,11
2116,1501,659,0,11
2117,1501,659,0,12
2118,1502,659,0,12
2119,1503,660,0,15
2120,1504,661,0,12
2121,1504,662,0,14
2122,1504,663,0,15
2123,1504,663,0,17
2124,1504,663,0,17
2125,1504,663,0,15
2126,1503,663,0,15
2127,1504,661,0,12
2128,1505,661,0,12
2129,1504,662,0,8
2130,1505,662,0,7
2131,1505,661,0,9
2132,1506,660,0,9
2133,1507,660,0,8
2134,1506,660,0,6
2135,1507,660,0,10
2136,1508,659,0,8
2137,1508,660,0,8
2138,1508,659,0,7
2139,1508,659,0,4
2140,1508,659,0,6
2141,1507,659,0,6
2142,1505,660,0,8
2143,1506,659,0,3
2144,1508,659,0,5
2145,1508,660,0,4
2146,1507,660,0,5
2147,1508,661,0,7
2148,1508,660,0,7
2149,1508,660,0,8
2150,1507,660,0,7
2151,1509,660,0,9
2152,1510,660,0,9
2153,1510,661,0,8
2154,1509,662,0,7
2155,1510,662,0,8
2156,1511,661,0,10
2157,1511,662,0,10
2158,1510,662,0,9
2159,1510,662,0,11
2160,1509,662,0,11
2161,1509,662,0,11
2162,1509,663,0,11
2163,1508,663,0,13
2164,1508,663,0,12
2165,1507,663,0,13
2166,1508,663,0,11
2167,1508,663,0,10
2168,1507,663,0,9
2169,1508,663,0,11
2170,1509,664,0,9
2171,1510,664,0,9
2172,1511,664,0,12
2173,1511,665,0,13
2174,1511,664,0,9
2175,1510,663,0,6
2176,1511,667,0,13
2177,1512,670,0,4
2178,1512,673,0,3
2179,1508,674,0,4
2180,1506,676,0,3
2181,1506,679,0,2
2182,1505,684,0,357
2183,1503,687,0,351
2184,1504,682,0,355
2185,1505,681,0,353
2186,1505,680,0,353
2187,1505,678,0,353
2188,1507,674,0,354
2189,1509,672,0,348
2190,1509,668,0,348
2191,1506,665,0,348
2192,1506,659,0,347
2193,1507,657,0,348
2194,1505,656,0,350
2195,1504,656,0,353
2196,1504,667,0,350
2197,1503,666,0,353
2198,1503,662,0,7
2199,1504,667,0,7
2200,1501,668,0,10
2201,1499,670,0,9
2202,1499,674,0,9
2203,1494,677,0,6
2204,1498,677,0,2
2205,1497,675,0,9
2206,1499,674,0,12
2207,1499,673,0,10
2208,1500,671,0,11
2209,1501,671,0,10
2210,1499,673,0,12
2211,1502,675,0,12
2212,1503,675,0,14
2213,1505,667,0,19
2214,1502,673,0,9
2215,1505,668,0,17
2216,1506,671,0,12
2217,1505,670,0,14
2218,1505,671,0,13
2219,1505,672,0,9
2220,1504,673,0,9
2221,1505,676,0,4
2222,1511,680,0,4
2223,1515,681,0,1
2224,1515,680,0,359
2225,1517,676,0,353
2226,1516,676,0,352
2227,1515,675,0,356
2228,1511,678,0,0
2229,1510,677,0,2
2230,1511,676,0,2
2231,1511,674,0,4
2232,1510,674,0,7
2233,1509,674,0,13
2234,1509,673,0,17
2235,1510,673,0,20
2236,1511,672,0,21
2237,1512,672,0,19
2238,1512,672,0,15
2239,1514,670,0,20
2240,1517,669,0,23
2241,1522,670,0,23
2242,1529,672,0,25
2243,1533,676,0,27
2244,1534,683,0,26
2245,1528,682,0,17
2246,1520,681,0,352
2247,1510,680,0,340
2248,1501,676,0,333
2249,1497,676,0,333
2250,1491,672,0,321
2251,1481,662,0,314
2252,1476,660,0,316
2253,1473,657,0,313
2254,1470,658,0,317
2255,1468,657,0,325
2256,1469,655,0,320
2257,1471,656,0,324
2258,1472,657,0,326
2259,1474,658,0,339
2260,1476,660,0,336
2261,1478,662,0,330
2262,1482,662,0,327
2263,1482,662,0,325
2264,1484,663,0,322
2265,1484,662,0,324
2266,1484,661,0,331
2267,1486,661,0,330
2268,1488,662,0,329
2269,1487,661,0,329
2270,1487,661,0,329
2271,1487,662,0,333
2272,1488,662,0,335
2273,1488,662,0,337
2274,1489,662,0,337
2275,1489,662,0,341
2276,1488,662,0,343
2277,1487,662,0,345
2278,1485,662,0,340
2279,1485,662,0,342
2280,1486,662,0,352
2281,1487,664,0,358
2282,1489,668,0,353
2283,1488,667,0,355
2284,1489,667,0,356
2285,1489,667,0,359
2286,1490,667,0,0
2287,1493,668,0,355
2288,1494,668,0,355
2289,1494,669,0,356
2290,1495,668,0,356
2291,1495,669,0,354
2292,1495,668,0,356
2293,1495,668,0,357
2294,1495,669,0,359
2295,1495,674,0,4
2296,1496,674,0,3
2297,1503,671,0,21
2298,1504,672,0,23
2299,1504,673,0,26
2300,1504,673,0,27
2301,1504,674,0,29
2302,1506,673,0,40
2303,1507,670,0,37
2304,1508,670,0,37
2305,1507,670,0,39
2306,1507,672,0,39
2307,1509,671,0,44
2308,1508,672,0,44
2309,1508,672,0,47
2310,1509,671,0,50
2311,1510,671,0,50
2312,1511,670,0,50
2313,1511,671,0,47
2314,1511,671,0,47
2315,1512,671,0,46
2316,1513,672,0,44
2317,1513,672,0,43
2318,1514,672,0,44
2319,1514,672,0,42
2320,1514,673,0,41
2321,1514,674,0,41
2322,1516,673,0,45
2323,1517,673,0,45
2324,1517,672,0,48
2325,1517,673,0,47
2326,1518,673,0,47
2327,1518,674,0,46
2328,1517,678,0,47
2329,1516,675,0,53
2330,1516,676,0,59
2331,1521,679,0,64
2332,1528,689,0,55
2333,1528,686,0,55
2334,1526,687,0,56
2335,1528,687,0,59
2336,1531,688,0,62
2337,1530,690,0,59
2338,1526,691,0,62
2339,1525,692,0,63
2340,1525,696,0,58
2341,1527,697,0,56
2342,1523,701,0,54
2343,1519,704,0,58
2344,1523,703,0,60
2345,1524,702,0,61
2346,1523,697,0,60
2347,1526,693,0,57
2348,1530,694,0,60
2349,1527,699,0,71
2350,1526,701,0,67
2351,1523,703,0,63
2352,1518,707,0,60
2353,1513,706,0,63
2354,1514,701,0,66
2355,1518,702,0,59
2356,1524,700,0,48
2357,1526,702,0,39
2358,1525,702,0,40
2359,1516,704,0,51
2360,1514,703,0,52
2361,1518,701,0,53
2362,1521,701,0,48
2363,1519,699,0,59
2364,1517,692,0,79
2365,1518,690,0,85
2366,1518,690,0,97
2367,1518,695,0,103
2368,1516,702,0,111
2369,1514,705,0,106
2370,1515,707,0,110
2371,1515,714,0,125
2372,1518,723,0,146
2373,1523,725,0,157
2374,1528,726,0,157
2375,1535,727,0,159
2376,1545,728,0,175
2377,1550,731,0,177
2378,1560,736,0,175
2379,1569,735,0,190
2380,1575,734,0,196
2381,1574,734,0,182
2382,1575,733,0,176
2383,1577,737,0,179
2384,1584,738,0,189
2385,1593,742,0,172
2386,1597,738,0,165
2387,1597,741,0,165
2388,1594,742,0,164
2389,1593,744,0,168
2390,1592,745,0,170
2391,1590,744,0,178
2392,1589,743,0,175
2393,1590,745,0,171
2394,1593,747,0,164
2395,1595,746,0,163
2396,1598,747,0,164
2397,1598,748,0,167
2398,1602,749,0,166
2399,1605,749,0,159
2400,1609,753,0,159
2401,1609,751,0,157
2402,1613,750,0,155
2403,1615,753,0,155
2404,1618,755,0,163
2405,1619,752,0,154
2406,1627,751,0,158
2407,1634,754,0,156
2408,1641,754,0,167
2409,1649,753,0,167
2410,1648,758,0,173
2411,1648,759,0,177
2412,1649,761,0,180
2413,1658,761,0,185
2414,1665,759,0,185
2415,1672,759,0,195
2416,1685,752,0,213
2417,1692,750,0,216
2418,1697,743,0,223
2419,1706,736,0,227
2420,1714,730,0,223
2421,1718,723,0,218
2422,1733,724,0,225
2423,1743,723,0,222
2424,1746,715,0,209
2425,1753,718,0,210
2426,1758,719,0,204
2427,1758,718,0,196
2428,1758,717,0,189
2429,1765,716,0,174
2430,1765,716,0,165
2431,1764,716,0,168
2432,1763,716,0,163
2433,1763,718,0,155
2434,1765,718,0,153
2435,1768,719,0,148
2436,1769,723,0,151
2437,1768,726,0,171
2438,1769,725,0,171
2439,1768,725,0,169
2440,1766,725,0,167
2441,1765,725,0,167
2442,1764,726,0,165
2443,1764,726,0,164
2444,1764,726,0,166
2445,1763,725,0,164
2446,1761,725,0,161
2447,1759,727,0,158
2448,1756,727,0,180
2449,1757,725,0,187
2450,1759,723,0,208
2451,1760,722,0,222
2452,1765,717,0,227
2453,1767,714,0,232
2454,1771,710,0,246
2455,1770,711,0,243
2456,1768,710,0,241
2457,1770,707,0,235
2458,1770,710,0,247
2459,1771,707,0,283
2460,1770,705,0,284
2461,1767,704,0,279
2462,1770,708,0,275
2463,1768,707,0,260
2464,1768,709,0,236
2465,1769,708,0,230
2466,1770,711,0,211
2467,1767,713,0,199
2468,1774,712,0,200
2469,1772,714,0,207
2470,1767,711,0,207
2471,1766,709,0,197
2472,1765,709,0,191
2473,1767,712,0,190
2474,1766,711,0,182
2475,1765,712,0,175
2476,1764,713,0,168
2477,1766,713,0,169
2478,1764,714,0,161
2479,1766,716,0,150
2480,1775,723,0,118
2481,1775,729,0,110
2482,1773,739,0,106
2483,1777,752,0,94
2484,1778,761,0,93
2485,1782,771,0,94
2486,1786,776,0,87
2487,1788,779,0,97
2488,1788,785,0,100
2489,1789,785,0,101
2490,1792,787,0,104
2491,1795,787,0,106
2492,1796,788,0,101
2493,1795,790,0,102
2494,1794,790,0,101
2495,1792,791,0,103
2496,1784,797,0,116
2497,1784,801,0,114
2498,1784,809,0,116
2499,1782,812,0,120
2500,1783,815,0,121
2501,1781,819,0,110
2502,1783,822,0,111
2503,1784,825,0,105
2504,1785,824,0,97
2505,1786,819,0,100
2506,1786,818,0,101
2507,1784,817,0,103
2508,1783,814,0,109
2509,1779,818,0,121
2510,1779,822,0,128
2511,1782,818,0,120
2512,1793,816,0,121
2513,1796,825,0,117
2514,1799,830,0,124
2515,1801,833,0,133
2516,1801,833,0,129
2517,1803,837,0,132
2518,1807,838,0,144
2519,1812,840,0,151
2520,1816,845,0,153
2521,1815,844,0,147
2522,1815,847,0,142
2523,1814,848,0,149
2524,1814,852,0,163
2525,1814,849,0,156
2526,1815,851,0,159
2527,1816,850,0,179
2528,1821,850,0,192
2529,1822,848,0,186
2530,1825,846,0,192
2531,1827,845,0,196
2532,1825,846,0,194
2533,1825,843,0,181
2534,1828,846,0,201
2535,1824,842,0,203
2536,1824,845,0,204
2537,1824,847,0,212
2538,1823,851,0,222
2539,1824,851,0,237
2540,1822,848,0,216
2541,1823,847,0,205
2542,1823,848,0,199
2543,1822,850,0,197
2544,1828,851,0,189
2545,1836,848,0,177
2546,1848,853,0,179
2547,1860,852,0,184
2548,1866,854,0,174
2549,1866,855,0,162
2550,1869,860,0,156
2551,1869,861,0,157
2552,1871,862,0,158
2553,1873,866,0,155
2554,1879,867,0,166
2555,1885,866,0,172
2556,1883,867,0,170
2557,1874,871,0,163
2558,1875,872,0,166
2559,1877,871,0,166
2560,1883,871,0,174
2561,1885,872,0,174
2562,1884,871,0,172
2563,1885,871,0,181
2564,1886,868,0,182
2565,1886,866,0,176
2566,1887,866,0,174
2567,1889,862,0,160
2568,1888,857,0,155
2569,1887,857,0,157
2570,1888,860,0,173
2571,1890,859,0,157
2572,1888,857,0,154
2573,1887,859,0,170
2574,1887,859,0,170
2575,1887,857,0,151
2576,1886,859,0,172
2577,1886,858,0,176
2578,1888,858,0,170
2579,1890,857,0,168
2580,1893,858,0,182
2581,1893,860,0,186
2582,1893,859,0,192
2583,1892,860,0,194
2584,1891,860,0,201
2585,1889,859,0,206
2586,1887,859,0,205
2587,1887,859,0,209
2588,1886,856,0,182
2589,1884,853,0,173
2590,1884,853,0,171
2591,1886,856,0,169
2592,1885,857,0,167
2593,1885,858,0,168
2594,1883,859,0,164
2595,1881,859,0,157
2596,1877,859,0,145
2597,1869,862,0,143
2598,1867,861,0,138
2599,1865,864,0,151
2600,1864,859,0,147
2601,1861,858,0,142
2602,1860,858,0,139
2603,1858,856,0,136
2604,1856,855,0,140
2605,1858,849,0,148
2606,1862,844,0,152
2607,1862,846,0,158
2608,1862,847,0,149
2609,1861,850,0,153
2610,1859,849,0,153
2611,1856,845,0,161
2612,1857,840,0,166
2613,1861,837,0,156
2614,1863,837,0,148
2615,1861,839,0,152
2616,1865,845,0,155
2617,1865,847,0,163
2618,1865,847,0,165
2619,1867,848,0,181
2620,1862,838,0,188
2621,1860,832,0,187
2622,1860,825,0,175
2623,1860,820,0,169
2624,1863,821,0,168
2625,1869,820,0,151
2626,1873,807,0,142
2627,1885,799,0,113
2628,1892,792,0,85
2629,1900,796,0,84
2630,1897,795,0,80
2631,1898,795,0,81
2632,1896,791,0,79
2633,1896,790,0,81
2634,1895,790,0,85
2635,1891,793,0,86
2636,1890,792,0,91
2637,1889,792,0,93
2638,1881,794,0,96
2639,1874,802,0,92
2640,1873,802,0,104
2641,1870,801,0,107
2642,1871,800,0,110
2643,1873,805,0,104
2644,1872,807,0,99
2645,1876,820,0,99
2646,1873,819,0,113
2647,1870,819,0,115
2648,1867,817,0,128
2649,1869,818,0,128
2650,1866,819,0,139
2651,1864,826,0,140
2652,1862,825,0,157
2653,1863,821,0,160
2654,1862,819,0,156
2655,1865,813,0,140
2656,1863,815,0,136
2657,1864,818,0,139
2658,1863,817,0,150
2659,1862,820,0,160
2660,1859,816,0,142
2661,1860,816,0,140
2662,1862,819,0,133
2663,1865,824,0,128
2664,1866,828,0,122
2665,1866,827,0,116
2666,1866,828,0,114
2667,1865,827,0,117
2668,1865,829,0,121
2669,1866,832,0,115
2670,1864,834,0,123
2671,1863,835,0,124
2672,1863,836,0,124
2673,1867,835,0,109
2674,1865,839,0,109
2675,1863,841,0,110
2676,1861,840,0,114
2677,1858,839,0,106
2678,1861,838,0,98
2679,1860,836,0,94
2680,1860,836,0,92
2681,1860,836,0,92
2682,1862,834,0,94
2683,1861,834,0,100
2684,1863,835,0,105
2685,1863,835,0,106
2686,1864,834,0,110
2687,1865,833,0,105
2688,1862,837,0,111
2689,1861,838,0,118
2690,1860,837,0,120
2691,1863,834,0,121
2692,1864,836,0,129
2693,1867,836,0,117
2694,1865,834,0,114
2695,1865,841,0,110
2696,1866,846,0,111
2697,1867,851,0,106
2698,1870,850,0,111
2699,1871,852,0,119
2700,1870,849,0,125
2701,1867,848,0,135
2702,1867,849,0,133
2703,1868,847,0,146
2704,1875,852,0,138
2705,1881,863,0,142
2706,1885,868,0,143
2707,1889,874,0,143
2708,1888,878,0,150
2709,1888,879,0,150
2710,1892,882,0,156
2711,1893,883,0,156
2712,1890,882,0,153
2713,1886,880,0,140
2714,1886,881,0,135
2715,1885,881,0,139
2716,1885,886,0,151
2717,1886,888,0,151
2718,1892,887,0,138
2719,1900,893,0,141
2720,1904,894,0,146
2721,1910,898,0,150
2722,1915,902,0,150
2723,1915,902,0,155
2724,1917,904,0,157
2725,1919,906,0,149
2726,1919,910,0,151
2727,1918,913,0,148
2728,1918,918,0,154
2729,1919,918,0,161
2730,1919,917,0,158
2731,1920,914,0,152
2732,1919,913,0,144
2733,1918,913,0,124
2734,1919,913,0,115
2735,1916,914,0,107
2736,1912,913,0,101
2737,1908,916,0,86
2738,1902,920,0,81
2739,1900,921,0,73
2740,1901,918,0,66
2741,1903,920,0,63
2742,1901,925,0,76
2743,1896,933,0,78
2744,1899,935,0,75
2745,1900,929,0,76
2746,1900,931,0,69
2747,1899,931,0,71
2748,1897,930,0,76
2749,1897,928,0,90
2750,1897,932,0,90
2751,1896,936,0,85
2752,1896,937,0,84
2753,1900,932,0,83
2754,1902,932,0,91
2755,1902,932,0,97
2756,1902,934,0,103
2757,1900,934,0,107
2758,1896,934,0,109
2759,1896,935,0,99
2760,1895,938,0,107
2761,1895,940,0,105
2762,1895,939,0,93
2763,1894,940,0,94
2764,1893,941,0,92
2765,1893,943,0,99
2766,1893,944,0,103
2767,1893,945,0,104
2768,1895,943,0,103
2769,1899,942,0,101
2770,1897,940,0,110
2771,1896,939,0,116
2772,1897,938,0,116
2773,1898,937,0,108
2774,1898,936,0,99
2775,1897,937,0,99
2776,1896,938,0,84
2777,1891,940,0,90
2778,1893,944,0,83
2779,1893,945,0,84
2780,1890,947,0,86
2781,1891,948,0,72
2782,1891,948,0,72
2783,1892,946,0,70
2784,1891,946,0,76
2785,1891,948,0,82
2786,1892,946,0,74
2787,1893,947,0,69
2788,1895,951,0,62
2789,1897,956,0,52
2790,1897,958,0,50
2791,1898,962,0,51
2792,1894,968,0,47
2793,1889,971,0,34
2794,1887,973,0,25
2795,1886,975,0,28
2796,1885,977,0,29
2797,1886,979,0,25
2798,1885,979,0,20
2799,1887,983,0,18
2800,1890,983,0,21
2801,1893,981,0,30
2802,1897,979,0,42
2803,1904,980,0,51
2804,1908,985,0,60
2805,1909,986,0,59
2806,1914,987,0,61
2807,1915,991,0,60
2808,1917,993,0,60
2809,1917,1001,0,62
2810,1913,1014,0,63
2811,1914,1023,0,64
2812,1914,1027,0,70
2813,1913,1036,0,75
2814,1917,1046,0,63
2815,1915,1048,0,60
2816,1917,1054,0,50
2817,1925,1055,0,22
2818,1928,1061,0,10
2819,1924,1069,0,354
2820,1921,1074,0,340
2821,1917,1075,0,336
2822,1913,1072,0,337
2823,1910,1072,0,331
2824,1905,1075,0,321
2825,1903,1070,0,328
2826,1900,1077,0,328
2827,1898,1075,0,350
2828,1897,1070,0,358
2829,1892,1073,0,359
2830,1890,1069,0,4
2831,1885,1072,0,1
2832,1883,1069,0,4
2833,1884,1063,0,11
2834,1883,1058,0,12
2835,1884,1053,0,17
2836,1881,1060,0,21
2837,1877,1064,0,29
2838,1877,1065,0,26
2839,1877,1064,0,30
2840,1875,1065,0,27
2841,1873,1060,0,31
2842,1874,1060,0,27
2843,1869,1060,0,21
2844,1868,1062,0,20
2845,1873,1071,0,1
2846,1871,1068,0,357
2847,1870,1065,0,353
2848,1867,1062,0,355
2849,1863,1059,0,359
2850,1860,1058,0,14
2851,1858,1055,0,18
2852,1859,1059,0,28
2853,1859,1057,0,43
2854,1860,1062,0,41
2855,1864,1063,0,37
2856,1865,1063,0,39
2857,1865,1062,0,40
2858,1867,1061,0,41
2859,1869,1062,0,39
2860,1866,1063,0,40
2861,1864,1062,0,38
2862,1861,1061,0,41
2863,1858,1060,0,43
2864,1861,1060,0,49
2865,1861,1061,0,48
2866,1862,1060,0,41
2867,1862,1061,0,41
2868,1859,1062,0,37
2869,1859,1061,0,40
2870,1859,1061,0,34
2871,1859,1061,0,34
2872,1860,1060,0,33
2873,1864,1061,0,41
2874,1867,1061,0,47
2875,1868,1058,0,62
2876,1867,1054,0,68
2877,1866,1053,0,67
2878,1863,1053,0,62
2879,1861,1053,0,64
2880,1862,1053,0,62
2881,1862,1052,0,62
2882,1859,1053,0,69
2883,1856,1052,0,76
2884,1854,1056,0,75
2885,1855,1051,0,74
2886,1855,1049,0,74
2887,1855,1048,0,75
2888,1855,1047,0,68
2889,1855,1046,0,70
2890,1854,1044,0,72
2891,1855,1040,0,77
2892,1855,1038,0,85
2893,1850,1037,0,86
2894,1846,1037,0,85
2895,1845,1031,0,92
2896,1846,1024,0,92
2897,1844,1019,0,91
2898,1840,1018,0,102
2899,1839,1020,0,102
2900,1838,1016,0,112
2901,1839,1015,0,118
2902,1837,1015,0,131
2903,1832,1022,0,149
2904,1830,1023,0,157
2905,1829,1018,0,149
2906,1830,1017,0,150
2907,1830,1018,0,148
2908,1829,1018,0,152
2909,1829,1017,0,150
2910,1828,1016,0,152
2911,1827,1016,0,154
2912,1831,1012,0,148
2913,1833,1009,0,141
2914,1830,1010,0,145
2915,1830,1013,0,156
2916,1826,1016,0,156
2917,1826,1014,0,155
2918,1827,1007,0,141
2919,1828,1005,0,143
2920,1829,1009,0,166
2921,1829,1009,0,156
2922,1825,1019,0,178
2923,1828,1026,0,161
2924,1828,1031,0,150
2925,1829,1030,0,154
2926,1830,1026,0,140
2927,1832,1030,0,152
2928,1830,1028,0,164
2929,1832,1024,0,181
2930,1836,1025,0,184
2931,1840,1024,0,191
2932,1848,1024,0,184
2933,1853,1018,0,182
2934,1852,1017,0,193
2935,1853,1018,0,193
2936,1854,1018,0,198
2937,1859,1015,0,203
2938,1864,1014,0,199
2939,1870,1016,0,196
2940,1878,1011,0,207
2941,1887,1006,0,215
2942,1888,999,0,198
2943,1899,993,0,214
2944,1913,994,0,214
2945,1912,987,0,211
2946,1910,985,0,202
2947,1910,988,0,202
2948,1910,989,0,219
2949,1909,986,0,210
2950,1909,985,0,209
2951,1913,983,0,229
2952,1912,980,0,232
2953,1914,978,0,227
2954,1911,978,0,241
2955,1914,977,0,227
2956,1911,981,0,238
2957,1911,980,0,228
2958,1915,978,0,218
2959,1919,981,0,207
2960,1923,981,0,203
2961,1925,977,0,189
2962,1928,981,0,186
2963,1932,986,0,191
2964,1932,986,0,189
2965,1932,985,0,191
2966,1934,984,0,191
2967,1939,978,0,178
2968,1943,976,0,182
2969,1949,976,0,186
2970,1958,978,0,185
2971,1960,977,0,188
2972,1965,979,0,182
2973,1977,978,0,180
2974,1978,976,0,181
2975,1978,974,0,182
2976,1985,972,0,180
2977,1988,976,0,187
2978,1986,969,0,174
2979,1988,970,0,180
2980,1990,967,0,180
2981,1992,967,0,168
2982,1992,968,0,167
2983,1991,971,0,174
2984,1995,973,0,179
2985,1995,974,0,178
2986,1993,976,0,182
2987,1995,980,0,189
2988,1993,979,0,181
2989,1990,982,0,187
2990,1992,983,0,200
2991,1992,982,0,206
2992,1993,983,0,214
2993,1990,978,0,197
2994,1990,977,0,183
2995,1992,976,0,170
2996,1990,972,0,186
2997,1992,965,0,197
2998,2000,970,0,223
2999,2005,965,0,236
