0,365,1708,0,26
1,366,1706,0,31
2,368,1709,0,32
3,365,1710,0,33
4,361,1712,0,27
5,363,1714,0,30
6,361,1714,0,27
7,361,1713,0,28
8,360,1714,0,29
9,362,1714,0,21
10,361,1713,0,24
11,361,1714,0,24
12,361,1714,0,22
13,362,1713,0,21
14,366,1710,0,27
15,365,1711,0,30
16,365,1711,0,32
17,370,1713,0,34
18,371,1713,0,38
19,372,1714,0,42
20,375,1712,0,43
21,376,1711,0,48
22,377,1711,0,46
23,376,1714,0,47
24,376,1714,0,34
25,377,1715,0,36
26,378,1714,0,38
27,376,1715,0,37
28,381,1716,0,40
29,387,1718,0,45
30,386,1718,0,45
31,389,1721,0,55
32,397,1722,0,56
33,396,1723,0,62
34,395,1727,0,61
35,394,1727,0,56
36,394,1728,0,53
37,394,1729,0,50
38,395,1729,0,45
39,393,1730,0,44
40,393,1728,0,44
41,392,1729,0,45
42,390,1730,0,37
43,393,1726,0,41
44,391,1728,0,40
45,389,1727,0,33
46,388,1727,0,32
47,394,1723,0,43
48,399,1723,0,44
49,404,1723,0,53
50,404,1724,0,53
51,405,1726,0,65
52,405,1729,0,68
53,408,1731,0,71
54,410,1735,0,66
55,411,1734,0,65
56,410,1734,0,63
57,410,1734,0,67
58,412,1733,0,64
59,412,1735,0,63
60,414,1736,0,63
61,413,1737,0,59
62,412,1739,0,59
63,412,1742,0,61
64,412,1741,0,63
65,414,1741,0,67
66,414,1741,0,70
67,414,1740,0,72
68,413,1739,0,72
69,413,1738,0,71
70,412,1741,0,69
71,413,1742,0,67
72,414,1741,0,70
73,413,1743,0,71
74,416,1745,0,65
75,414,1748,0,67
76,413,1749,0,66
77,412,1749,0,63
78,409,1751,0,64
79,409,1752,0,69
80,410,1755,0,76
81,409,1758,0,73
82,408,1758,0,69
83,408,1757,0,73
84,407,1758,0,73
85,406,1760,0,71
86,409,1761,0,74
87,410,1760,0,75
88,411,1763,0,73
89,412,1765,0,72
90,412,1767,0,71
91,413,1768,0,72
92,412,1769,0,67
93,413,1769,0,67
94,419,1768,0,67
95,421,1767,0,70
96,427,1765,0,66
97,421,1765,0,75
98,420,1768,0,73
99,420,1770,0,69
100,423,1768,0,61
101,424,1770,0,61
102,422,1770,0,65
103,421,1771,0,71
104,421,1773,0,72
105,420,1773,0,77
106,419,1773,0,75
107,419,1772,0,73
108,419,1772,0,71
109,421,1771,0,74
110,420,1775,0,81
111,420,1779,0,85
112,422,1779,0,82
113,422,1781,0,80
114,422,1783,0,80
115,421,1785,0,78
116,424,1783,0,73
117,423,1781,0,72
118,423,1778,0,76
119,422,1782,0,79
120,424,1783,0,80
121,428,1782,0,74
122,428,1784,0,73
123,426,1786,0,73
124,424,1788,0,70
125,422,1789,0,69
126,420,1791,0,67
127,419,1791,0,67
128,416,1791,0,66
129,414,1789,0,70
130,411,1788,0,74
131,410,1791,0,80
132,411,1789,0,80
133,411,1792,0,87
134,412,1796,0,91
135,413,1797,0,90
136,415,1796,0,88
137,414,1797,0,88
138,413,1800,0,92
139,411,1804,0,92
140,410,1805,0,94
141,413,1810,0,100
142,414,1818,0,84
143,417,1817,0,88
144,419,1820,0,93
145,419,1813,0,109
146,422,1816,0,114
147,425,1816,0,116
148,427,1817,0,121
149,429,1818,0,121
150,433,1822,0,111
151,433,1830,0,85
152,434,1829,0,111
153,433,1829,0,109
154,431,1829,0,108
155,432,1831,0,105
156,431,1829,0,106
157,433,1829,0,98
158,433,1830,0,100
159,432,1830,0,101
160,433,1832,0,99
161,434,1836,0,99
162,435,1837,0,96
163,435,1838,0,96
164,436,1835,0,89
165,434,1833,0,86
166,433,1829,0,83
167,433,1830,0,81
168,433,1831,0,85
169,431,1833,0,81
170,430,1835,0,79
171,431,1837,0,83
172,432,1839,0,86
173,432,1839,0,83
174,432,1841,0,81
175,431,1843,0,81
176,430,1846,0,79
177,430,1846,0,71
178,431,1849,0,73
179,436,1846,0,70
180,435,1847,0,73
181,433,1852,0,79
182,436,1850,0,68
183,432,1850,0,66
184,433,1848,0,62
185,432,1848,0,60
186,432,1849,0,63
187,431,1850,0,63
188,432,1851,0,61
189,430,1853,0,64
190,430,1852,0,64
191,429,1855,0,66
192,428,1855,0,66
193,429,1855,0,68
194,431,1858,0,78
195,430,1863,0,70
196,429,1869,0,67
197,428,1870,0,64
198,427,1872,0,64
199,429,1873,0,65
200,429,1875,0,64
201,427,1871,0,64
202,424,1873,0,58
203,424,1876,0,59
204,420,1876,0,62
205,420,1878,0,63
206,417,1877,0,69
207,416,1876,0,71
208,417,1874,0,72
209,417,1872,0,70
210,417,1871,0,66
211,417,1870,0,64
212,417,1871,0,60
213,418,1869,0,59
214,419,1867,0,58
215,420,1866,0,62
216,420,1867,0,62
217,421,1867,0,61
218,421,1870,0,63
219,420,1873,0,60
220,420,1875,0,55
221,417,1878,0,53
222,415,1884,0,47
223,413,1886,0,43
224,412,1888,0,42
225,411,1892,0,36
226,410,1894,0,34
227,409,1895,0,38
228,409,1897,0,38
229,407,1901,0,39
230,408,1903,0,39
231,410,1909,0,43
232,411,1911,0,36
233,410,1909,0,34
234,406,1909,0,33
235,404,1912,0,35
236,403,1913,0,34
237,402,1912,0,32
238,401,1916,0,30
239,400,1913,0,29
240,401,1913,0,31
241,401,1914,0,32
242,400,1917,0,26
243,400,1917,0,33
244,398,1919,0,24
245,398,1919,0,27
246,397,1920,0,25
247,398,1922,0,19
248,399,1922,0,12
249,396,1923,0,13
250,392,1923,0,16
251,390,1923,0,16
252,389,1922,0,14
253,388,1920,0,19
254,393,1919,0,17
255,393,1918,0,18
256,394,1918,0,23
257,394,1918,0,33
258,394,1916,0,32
259,394,1917,0,34
260,395,1917,0,25
261,396,1917,0,22
262,396,1917,0,19
263,399,1918,0,13
264,399,1918,0,15
265,398,1918,0,15
266,398,1916,0,15
267,397,1917,0,9
268,395,1918,0,5
269,396,1916,0,7
270,394,1916,0,5
271,393,1915,0,6
272,392,1914,0,7
273,391,1914,0,9
274,390,1916,0,2
275,391,1916,0,354
276,391,1913,0,359
277,390,1913,0,1
278,389,1914,0,358
279,389,1914,0,1
280,390,1914,0,0
281,389,1913,0,2
282,388,1914,0,355
283,389,1915,0,356
284,391,1915,0,353
285,387,1910,0,359
286,388,1910,0,1
287,384,1909,0,355
288,384,1906,0,357
289,385,1908,0,348
290,384,1907,0,351
291,384,1906,0,358
292,390,1906,0,2
293,389,1908,0,6
294,385,1908,0,10
295,384,1910,0,11
296,386,1909,0,13
297,388,1909,0,13
298,389,1909,0,10
299,389,1907,0,8
300,386,1903,0,7
301,385,1903,0,13
303,388,1905,0,19
304,388,1906,0,26
305,388,1907,0,36
306,387,1907,0,37
307,387,1907,0,36
308,388,1908,0,30
309,389,1909,0,18
310,389,1910,0,19
311,386,1909,0,14
312,385,1910,0,12
313,384,1911,0,10
314,388,1910,0,13
315,388,1908,0,11
316,387,1903,0,10
317,389,1901,0,354
318,391,1900,0,357
319,394,1901,0,353
320,394,1904,0,350
321,396,1904,0,352
322,398,1908,0,350
323,405,1906,0,349
324,406,1907,0,346
325,409,1906,0,353
328,412,1904,0,6
330,412,1905,0,12
331,413,1905,0,18
332,415,1910,0,20
333,413,1910,0,21
334,416,1911,0,23
335,417,1912,0,21
336,418,1911,0,22
337,418,1912,0,20
338,419,1908,0,22
339,418,1908,0,20
340,416,1909,0,23
341,420,1913,0,17
342,421,1917,0,19
343,421,1918,0,20
344,418,1916,0,24
345,415,1915,0,19
346,417,1913,0,21
347,415,1912,0,24
348,417,1913,0,23
349,417,1912,0,20
350,416,1911,0,20
351,415,1912,0,16
352,413,1913,0,10
353,413,1913,0,8
354,414,1913,0,11
355,415,1913,0,12
356,417,1913,0,18
357,418,1913,0,21
358,417,1911,0,26
359,415,1909,0,31
360,414,1909,0,23
361,414,1909,0,20
362,415,1910,0,15
363,416,1910,0,11
364,415,1910,0,14
365,412,1907,0,21
366,411,1907,0,17
367,409,1908,0,9
368,410,1907,0,7
369,409,1904,0,19
370,411,1901,0,14
371,408,1903,0,15
372,408,1902,0,13
373,410,1902,0,9
374,411,1902,0,12
375,410,1905,0,20
376,411,1906,0,21
377,413,1906,0,20
378,415,1906,0,22
379,415,1906,0,22
380,417,1905,0,23
381,420,1907,0,24
382,420,1905,0,34
383,421,1905,0,39
384,420,1903,0,42
385,421,1906,0,44
386,423,1916,0,38
387,425,1921,0,38
388,425,1921,0,41
389,428,1920,0,51
390,433,1927,0,44
391,431,1926,0,51
392,429,1928,0,51
393,429,1927,0,54
394,429,1926,0,58
395,429,1925,0,61
396,432,1922,0,61
397,433,1921,0,57
398,434,1922,0,62
399,434,1923,0,66
400,434,1924,0,62
401,433,1926,0,54
402,432,1930,0,50
403,432,1931,0,49
404,433,1930,0,48
405,433,1931,0,47
406,435,1932,0,46
407,437,1935,0,43
408,436,1937,0,37
409,435,1935,0,38
410,435,1931,0,43
411,435,1932,0,42
412,434,1932,0,45
413,434,1932,0,47
414,434,1933,0,48
415,436,1934,0,47
416,438,1937,0,49
417,438,1937,0,49
418,438,1937,0,47
419,439,1936,0,47
420,439,1936,0,45
421,439,1936,0,45
422,439,1936,0,41
423,441,1935,0,41
424,443,1934,0,39
425,441,1934,0,38
426,440,1936,0,35
427,439,1937,0,37
428,440,1937,0,30
429,439,1938,0,20
430,439,1939,0,12
431,440,1938,0,11
432,441,1937,0,9
433,442,1936,0,6
434,443,1936,0,6
435,444,1935,0,2
436,443,1934,0,359
437,443,1933,0,355
438,444,1932,0,345
439,443,1932,0,342
440,442,1930,0,341
441,442,1929,0,333
442,443,1927,0,332
443,443,1926,0,330
444,442,1927,0,323
445,443,1929,0,317
446,443,1930,0,310
447,444,1927,0,312
448,446,1922,0,315
449,444,1920,0,305
450,444,1919,0,301
451,444,1919,0,295
452,444,1917,0,291
453,446,1914,0,284
454,446,1913,0,284
455,446,1915,0,284
456,445,1916,0,284
457,444,1915,0,286
458,445,1917,0,287
459,443,1915,0,289
460,443,1915,0,286
461,443,1915,0,287
462,441,1912,0,288
463,441,1911,0,291
464,441,1911,0,295
465,441,1910,0,304
466,439,1910,0,302
467,438,1910,0,301
468,437,1910,0,300
469,436,1910,0,299
470,435,1910,0,301
471,434,1908,0,300
472,433,1906,0,293
473,434,1904,0,297
474,432,1902,0,293
475,432,1902,0,293
476,431,1903,0,291
477,433,1907,0,293
478,432,1908,0,291
479,434,1915,0,294
480,436,1917,0,278
481,438,1918,0,285
482,438,1919,0,282
483,436,1919,0,274
484,435,1921,0,273
485,435,1924,0,266
486,433,1925,0,249
487,432,1924,0,236
488,436,1923,0,236
489,441,1925,0,230
490,441,1929,0,223
491,447,1926,0,199
492,449,1926,0,199
493,452,1924,0,202
494,454,1925,0,196
495,456,1926,0,187
496,456,1927,0,201
497,458,1926,0,205
498,458,1926,0,203
499,458,1926,0,200
500,454,1927,0,196
501,452,1929,0,181
502,452,1933,0,173
503,454,1932,0,173
504,449,1934,0,156
505,448,1939,0,152
506,450,1944,0,153
507,450,1945,0,147
508,447,1947,0,140
509,447,1948,0,138
510,446,1953,0,140
511,447,1955,0,143
512,448,1956,0,144
513,447,1958,0,143
514,446,1960,0,142
515,443,1960,0,140
516,441,1958,0,134
517,439,1959,0,126
518,439,1957,0,122
519,436,1959,0,118
520,435,1961,0,111
521,435,1959,0,101
522,436,1952,0,83
523,434,1952,0,68
524,433,1954,0,60
525,432,1959,0,55
526,432,1963,0,48
527,431,1965,0,44
528,428,1968,0,45
529,427,1969,0,46
530,426,1968,0,48
531,426,1966,0,49
532,423,1965,0,45
533,422,1962,0,46
534,420,1965,0,47
535,419,1965,0,39
536,419,1965,0,33
537,421,1967,0,29
538,421,1967,0,29
539,422,1969,0,35
540,422,1970,0,35
541,423,1971,0,39
542,422,1971,0,43
543,422,1975,0,47
544,421,1981,0,48
545,423,1981,0,47
546,421,1983,0,56
547,422,1988,0,51
548,421,1988,0,54
549,420,1987,0,59
550,418,1986,0,63
551,418,1985,0,61
552,418,1982,0,66
553,415,1979,0,72
554,417,1981,0,74
555,416,1980,0,75
556,414,1979,0,76
557,413,1977,0,80
558,409,1973,0,88
559,407,1968,0,93
560,404,1967,0,106
561,407,1965,0,112
562,407,1963,0,116
563,408,1964,0,119
564,408,1966,0,124
565,408,1965,0,123
566,406,1964,0,126
567,407,1966,0,129
568,406,1967,0,135
569,407,1968,0,131
570,408,1967,0,139
571,407,1967,0,137
572,408,1968,0,140
573,406,1968,0,137
574,405,1967,0,136
575,406,1966,0,137
576,407,1967,0,141
577,408,1967,0,150
578,408,1965,0,155
579,408,1964,0,158
580,408,1964,0,161
581,409,1968,0,180
582,410,1967,0,187
583,412,1967,0,195
584,416,1969,0,207
585,423,1970,0,235
586,425,1968,0,239
587,425,1966,0,237
588,425,1966,0,233
589,425,1964,0,233
590,425,1965,0,236
591,426,1965,0,233
592,427,1964,0,237
593,427,1963,0,238
594,429,1961,0,245
595,429,1960,0,243
596,428,1961,0,239
597,430,1961,0,246
598,429,1961,0,243
599,430,1957,0,240
600,428,1958,0,235
601,429,1957,0,237
602,429,1957,0,236
603,429,1956,0,236
604,430,1956,0,232
605,430,1957,0,229
606,429,1957,0,231
607,427,1959,0,232
608,427,1960,0,236
609,427,1961,0,241
610,426,1960,0,236
611,425,1962,0,231
612,423,1964,0,229
613,423,1966,0,229
614,423,1965,0,230
615,423,1967,0,238
616,422,1966,0,237
617,421,1967,0,237
618,420,1966,0,244
619,421,1962,0,245
620,423,1959,0,243
621,425,1959,0,240
622,426,1958,0,236
623,426,1956,0,233
624,425,1954,0,232
625,425,1954,0,231
626,425,1955,0,231
627,425,1956,0,231
628,425,1956,0,232
629,425,1955,0,233
630,425,1954,0,232
631,424,1953,0,234
632,425,1954,0,233
633,425,1954,0,237
634,426,1954,0,236
635,429,1955,0,249
636,431,1960,0,246
637,437,1959,0,255
638,438,1955,0,250
639,440,1952,0,246
640,440,1949,0,249
641,442,1954,0,250
642,443,1952,0,244
643,446,1954,0,244
644,445,1955,0,243
645,445,1953,0,245
646,446,1952,0,246
647,448,1946,0,249
648,448,1942,0,254
649,450,1938,0,249
650,450,1934,0,243
651,449,1932,0,239
652,446,1935,0,230
653,446,1940,0,233
654,447,1941,0,232
655,449,1940,0,234
656,449,1940,0,230
657,449,1942,0,232
658,449,1948,0,241
659,449,1948,0,242
660,448,1949,0,234
661,450,1949,0,237
662,453,1947,0,235
663,455,1941,0,233
664,455,1940,0,238
665,459,1938,0,258
666,458,1934,0,259
667,457,1933,0,257
668,458,1931,0,263
669,460,1928,0,266
670,462,1929,0,269
672,462,1924,0,272
673,460,1923,0,270
674,458,1917,0,274
675,456,1917,0,275
676,454,1915,0,278
677,453,1915,0,284
678,453,1915,0,285
679,453,1917,0,287
680,453,1918,0,289
681,452,1918,0,292
682,450,1918,0,294
683,450,1919,0,295
684,451,1917,0,294
685,453,1915,0,293
686,453,1914,0,291
687,453,1912,0,292
688,453,1910,0,287
689,452,1910,0,290
690,454,1910,0,293
691,454,1909,0,292
692,453,1909,0,295
693,453,1909,0,297
694,453,1910,0,296
695,452,1910,0,299
696,451,1913,0,295
697,452,1914,0,293
698,452,1911,0,293
699,451,1910,0,294
700,454,1909,0,293
701,454,1909,0,293
702,455,1909,0,291
703,455,1910,0,292
704,457,1908,0,302
705,457,1909,0,300
706,456,1908,0,299
707,456,1905,0,301
712,462,1902,0,319
715,460,1901,0,330
717,462,1904,0,337
768,439,1904,0,344
769,438,1904,0,346
770,439,1904,0,344
771,440,1904,0,343
772,439,1904,0,344
773,439,1904,0,342
779,438,1906,0,342
782,432,1902,0,322
783,430,1900,0,316
784,430,1902,0,309
785,428,1899,0,321
786,429,1899,0,322
787,429,1896,0,319
788,428,1895,0,319
789,426,1894,0,318
790,427,1892,0,320
791,426,1892,0,317
792,427,1891,0,317
793,420,1886,0,335
794,425,1887,0,319
795,423,1887,0,317
796,424,1887,0,318
797,425,1887,0,319
798,424,1887,0,320
799,423,1887,0,319
800,423,1886,0,320
801,423,1886,0,321
802,421,1885,0,322
803,418,1883,0,321
804,418,1883,0,322
805,417,1883,0,313
806,417,1883,0,314
807,421,1886,0,315
808,414,1882,0,320
809,411,1880,0,312
810,411,1879,0,324
811,409,1878,0,327
812,410,1878,0,326
813,410,1878,0,329
814,410,1878,0,326
815,413,1880,0,320
816,411,1879,0,321
817,412,1878,0,312
818,412,1878,0,308
819,414,1881,0,312
820,412,1879,0,310
821,413,1879,0,301
822,415,1881,0,299
823,415,1881,0,300
824,415,1882,0,312
825,416,1883,0,316
826,421,1883,0,310
827,419,1878,0,308
828,422,1879,0,321
829,421,1879,0,327
830,422,1881,0,328
831,420,1882,0,326
832,423,1884,0,322
833,422,1885,0,327
834,424,1884,0,329
835,425,1885,0,332
836,425,1885,0,334
837,418,1886,0,352
838,428,1888,0,341
839,435,1887,0,339
840,443,1889,0,335
841,437,1897,0,336
842,437,1902,0,334
843,439,1900,0,330
844,440,1900,0,327
845,441,1898,0,330
846,445,1898,0,321
847,445,1899,0,319
848,445,1897,0,309
849,444,1890,0,307
850,444,1890,0,308
851,440,1891,0,298
852,438,1892,0,297
853,437,1893,0,300
854,438,1893,0,303
855,438,1893,0,303
856,439,1893,0,307
857,439,1893,0,307
858,440,1892,0,307
859,441,1892,0,307
860,441,1890,0,306
861,441,1890,0,306
862,441,1889,0,306
863,441,1889,0,306
864,441,1890,0,308
865,441,1890,0,309
866,441,1890,0,307
867,440,1889,0,306
868,441,1888,0,305
869,442,1889,0,304
870,442,1889,0,302
871,443,1891,0,305
872,443,1891,0,303
873,442,1890,0,300
874,441,1890,0,304
875,441,1890,0,302
876,440,1890,0,301
877,440,1890,0,300
878,440,1891,0,301
879,440,1891,0,301
880,440,1890,0,301
881,440,1890,0,300
882,439,1889,0,301
883,440,1888,0,304
884,439,1887,0,301
885,439,1886,0,302
886,438,1886,0,300
887,438,1885,0,297
888,438,1885,0,298
889,439,1885,0,296
890,440,1884,0,289
891,440,1879,0,277
892,438,1876,0,275
893,438,1870,0,274
894,439,1867,0,273
895,437,1865,0,271
896,435,1862,0,273
897,435,1861,0,268
898,437,1858,0,261
899,437,1856,0,254
900,438,1851,0,247
901,439,1848,0,240
902,438,1849,0,232
903,435,1846,0,209
904,439,1842,0,210
905,443,1841,0,202
906,450,1836,0,199
907,454,1832,0,190
908,457,1830,0,189
909,460,1833,0,188
910,464,1831,0,187
911,466,1833,0,174
912,469,1835,0,178
913,471,1834,0,187
914,471,1833,0,183
915,474,1831,0,183
916,476,1831,0,178
917,477,1832,0,175
918,483,1834,0,169
919,485,1837,0,172
920,488,1839,0,172
921,487,1838,0,173
922,489,1842,0,174
923,497,1840,0,152
924,500,1842,0,150
925,502,1844,0,156
926,500,1846,0,158
927,502,1845,0,158
928,503,1846,0,166
929,505,1845,0,157
930,505,1844,0,153
931,506,1846,0,146
932,505,1845,0,148
933,506,1846,0,150
934,508,1846,0,154
935,508,1846,0,152
936,508,1848,0,154
937,508,1847,0,154
938,510,1847,0,154
939,508,1847,0,155
940,506,1847,0,152
941,506,1847,0,154
942,509,1850,0,166
943,510,1849,0,169
944,515,1852,0,178
945,518,1852,0,171
946,519,1851,0,173
947,527,1849,0,176
948,532,1849,0,187
949,534,1848,0,186
950,533,1849,0,186
951,534,1849,0,182
952,537,1848,0,177
953,539,1850,0,180
954,542,1850,0,178
955,544,1851,0,178
956,544,1852,0,176
957,547,1852,0,173
958,547,1851,0,173
959,546,1851,0,173
960,546,1852,0,172
961,545,1852,0,171
962,546,1852,0,171
963,546,1851,0,172
964,546,1851,0,170
965,547,1852,0,169
966,548,1852,0,165
967,551,1854,0,160
968,554,1855,0,157
969,560,1860,0,152
970,561,1862,0,147
971,560,1862,0,144
972,558,1862,0,144
973,556,1861,0,145
974,555,1862,0,149
975,554,1861,0,148
976,555,1862,0,149
977,555,1862,0,148
978,555,1864,0,146
979,556,1864,0,140
980,557,1862,0,134
981,557,1860,0,133
982,557,1862,0,144
983,557,1865,0,162
984,556,1864,0,158
985,558,1858,0,168
986,560,1854,0,179
987,569,1850,0,194
988,573,1846,0,196
989,573,1845,0,204
990,575,1845,0,210
991,575,1844,0,216
992,575,1845,0,219
993,576,1844,0,216
994,576,1845,0,219
995,576,1844,0,219
996,576,1844,0,215
997,575,1845,0,209
998,573,1846,0,207
999,573,1846,0,204
1000,579,1844,0,205
1001,582,1842,0,204
1002,584,1841,0,209
1003,585,1840,0,209
1004,585,1840,0,210
1005,585,1840,0,211
1006,585,1839,0,212
1007,587,1838,0,215
1008,587,1837,0,214
1009,588,1837,0,215
1010,589,1837,0,215
1011,589,1838,0,216
1012,589,1839,0,221
1013,590,1842,0,223
1014,591,1839,0,224
1015,590,1838,0,222
1016,591,1836,0,221
1017,591,1833,0,244
1018,589,1833,0,247
1019,589,1832,0,252
1020,591,1830,0,253
1021,592,1828,0,252
1022,592,1827,0,253
1023,592,1826,0,254
1024,592,1825,0,254
1025,592,1822,0,253
1026,592,1818,0,252
1027,593,1816,0,256
1028,594,1815,0,257
1029,594,1815,0,257
1030,594,1812,0,261
1031,595,1808,0,263
1032,594,1806,0,267
1033,596,1804,0,274
1034,597,1802,0,278
1035,595,1801,0,277
1036,595,1805,0,274
1037,595,1803,0,276
1038,594,1803,0,277
1039,595,1804,0,276
1040,596,1801,0,271
1041,596,1798,0,272
1042,596,1794,0,266
1043,600,1789,0,262
1044,608,1785,0,265
1045,610,1784,0,256
1046,610,1782,0,253
1047,611,1782,0,255
1048,608,1780,0,252
1049,607,1781,0,249
1050,606,1780,0,247
1051,606,1780,0,252
1052,606,1781,0,250
1053,603,1783,0,247
1054,604,1782,0,242
1055,606,1779,0,241
1056,607,1777,0,235
1057,605,1773,0,227
1058,608,1770,0,219
1059,609,1771,0,217
1060,609,1771,0,206
1061,607,1771,0,202
1062,605,1772,0,206
1063,606,1772,0,206
1064,605,1768,0,205
1065,604,1768,0,210
1066,605,1766,0,203
1067,604,1767,0,200
1068,604,1767,0,203
1069,604,1767,0,200
1070,602,1765,0,195
1071,601,1765,0,193
1072,598,1765,0,192
1073,598,1764,0,184
1074,600,1762,0,171
1075,600,1762,0,174
1076,601,1764,0,173
1077,604,1763,0,160
1078,604,1763,0,154
1079,607,1762,0,144
1080,611,1763,0,137
1081,610,1764,0,133
1082,609,1766,0,138
1083,609,1766,0,141
1084,608,1768,0,141
1085,609,1766,0,137
1086,615,1766,0,144
1087,614,1769,0,142
1088,612,1768,0,131
1089,614,1770,0,121
1090,616,1771,0,124
1091,617,1772,0,124
1092,618,1775,0,127
1093,624,1777,0,127
1094,627,1776,0,131
1095,629,1776,0,137
1096,628,1777,0,140
1097,627,1778,0,134
1098,628,1782,0,130
1099,628,1785,0,129
1100,631,1788,0,123
1101,631,1788,0,121
1102,631,1788,0,116
1103,630,1786,0,117
1104,630,1785,0,118
1105,630,1785,0,119
1106,630,1786,0,116
1107,631,1787,0,121
1108,632,1788,0,123
1109,633,1789,0,123
1110,633,1788,0,127
1111,633,1789,0,126
1112,635,1787,0,133
1113,637,1786,0,135
1114,639,1787,0,137
1115,639,1789,0,138
1116,641,1790,0,139
1117,642,1789,0,139
1118,642,1789,0,138
1119,643,1789,0,136
1120,641,1788,0,132
1121,640,1789,0,131
1122,640,1790,0,137
1123,641,1789,0,135
1124,642,1788,0,137
1125,643,1788,0,136
1126,641,1789,0,137
1127,641,1790,0,133
1128,640,1791,0,136
1129,639,1791,0,139
1130,639,1791,0,140
1131,640,1790,0,133
1132,638,1790,0,135
1133,640,1791,0,135
1134,637,1789,0,135
1135,635,1791,0,137
1136,632,1787,0,135
1137,631,1786,0,132
1138,634,1789,0,130
1139,632,1791,0,128
1140,631,1797,0,124
1141,632,1800,0,105
1142,632,1801,0,100
1143,633,1803,0,96
1144,631,1804,0,97
1145,630,1806,0,94
1146,630,1808,0,93
1147,629,1811,0,94
1148,629,1814,0,93
1149,629,1814,0,95
1150,630,1812,0,105
1151,629,1813,0,105
1152,629,1813,0,102
1153,629,1813,0,102
1154,628,1815,0,100
1155,629,1816,0,100
1156,629,1816,0,103
1157,630,1815,0,103
1158,630,1814,0,98
1159,630,1812,0,96
1160,630,1813,0,91
1161,630,1807,0,83
1162,630,1808,0,77
1163,631,1808,0,73
1164,631,1808,0,71
1165,628,1808,0,72
1166,626,1808,0,71
1167,626,1808,0,72
1168,626,1809,0,70
1169,626,1809,0,70
1170,626,1810,0,71
1171,626,1813,0,71
1172,626,1814,0,72
1173,626,1817,0,65
1174,622,1821,0,72
1175,619,1825,0,72
1176,618,1825,0,73
1177,617,1825,0,73
1178,616,1826,0,76
1179,616,1826,0,75
1180,616,1829,0,75
1181,615,1831,0,84
1182,614,1833,0,84
1183,613,1835,0,84
1184,613,1834,0,84
1185,612,1834,0,84
1186,611,1834,0,82
1187,611,1834,0,81
1188,612,1836,0,84
1189,610,1838,0,87
1190,611,1839,0,79
1191,611,1841,0,82
1192,610,1843,0,82
1193,611,1845,0,85
1194,609,1847,0,90
1195,609,1843,0,86
1196,610,1849,0,84
1197,609,1854,0,81
1198,607,1857,0,72
1199,609,1859,0,69
1200,608,1861,0,60
1201,608,1862,0,66
1202,607,1861,0,64
1203,603,1862,0,61
1204,602,1863,0,63
1205,606,1862,0,63
1206,606,1861,0,64
1207,604,1862,0,65
1208,604,1860,0,69
1209,606,1860,0,69
1210,608,1862,0,74
1211,607,1866,0,79
1212,609,1869,0,84
1213,609,1864,0,82
1214,607,1869,0,88
1215,607,1869,0,87
1216,608,1870,0,90
1217,608,1875,0,93
1218,610,1878,0,95
1219,609,1882,0,104
1220,609,1882,0,101
1221,610,1884,0,101
1222,610,1883,0,98
1223,611,1883,0,98
1224,610,1883,0,100
1225,609,1882,0,100
1226,611,1880,0,102
1227,608,1877,0,102
1228,611,1880,0,99
1229,610,1881,0,102
1230,613,1877,0,104
1231,612,1877,0,116
1232,611,1875,0,124
1233,609,1874,0,127
1234,611,1878,0,123
1235,612,1877,0,133
1236,614,1875,0,139
1237,614,1876,0,136
1238,613,1876,0,141
1239,613,1876,0,142
1240,613,1877,0,148
1241,618,1878,0,152
1242,617,1879,0,151
1243,616,1881,0,151
1244,620,1886,0,157
1245,622,1888,0,159
1246,632,1888,0,163
1247,632,1887,0,162
1248,633,1889,0,163
1249,634,1888,0,157
1250,635,1889,0,159
1251,635,1885,0,155
1252,635,1886,0,156
1253,635,1886,0,162
1254,632,1885,0,169
1255,629,1886,0,175
1256,626,1886,0,180
1257,627,1889,0,176
1258,631,1888,0,177
1259,635,1891,0,183
1260,643,1892,0,190
1261,644,1892,0,193
1262,650,1892,0,204
1263,650,1887,0,200
1264,652,1888,0,205
1265,652,1888,0,209
1266,652,1888,0,207
1267,653,1887,0,206
1268,653,1887,0,207
1269,652,1890,0,205
1270,652,1891,0,210
1271,650,1892,0,208
1272,650,1892,0,219
1273,651,1889,0,218
1274,652,1886,0,225
1275,653,1880,0,235
1276,655,1874,0,257
1279,659,1879,0,229
1285,656,1878,0,241
1286,654,1873,0,269
1287,652,1873,0,264
1288,652,1873,0,266
1289,653,1873,0,265
1290,656,1875,0,253
1291,657,1875,0,247
1292,656,1873,0,255
1293,656,1870,0,261
1294,655,1870,0,262
1295,655,1869,0,265
1296,657,1869,0,271
1297,656,1867,0,269
1298,654,1866,0,271
1299,652,1866,0,275
1300,650,1867,0,278
1301,649,1866,0,276
1302,649,1865,0,277
1303,649,1864,0,277
1304,649,1864,0,279
1305,649,1864,0,278
1306,650,1864,0,277
1307,650,1864,0,275
1308,650,1864,0,274
1309,650,1864,0,270
1310,649,1865,0,266
1311,649,1865,0,265
1312,649,1865,0,264
1313,649,1864,0,264
1314,649,1864,0,264
1315,649,1863,0,256
1316,649,1863,0,255
1317,649,1862,0,256
1318,650,1862,0,256
1319,649,1861,0,256
1320,650,1860,0,255
1321,651,1858,0,257
1322,651,1858,0,255
1323,651,1858,0,256
1324,651,1859,0,254
1325,651,1857,0,255
1326,652,1855,0,254
1327,651,1857,0,253
1328,651,1858,0,259
1329,651,1859,0,264
1330,651,1857,0,269
1331,652,1856,0,272
1332,652,1856,0,276
1333,652,1855,0,277
1334,652,1857,0,279
1335,651,1857,0,277
1336,651,1856,0,275
1337,651,1855,0,277
1338,652,1856,0,278
1339,652,1856,0,279
1340,653,1857,0,284
1341,652,1857,0,283
1342,652,1855,0,282
1343,651,1855,0,278
1344,652,1856,0,281
1345,652,1856,0,283
1346,652,1856,0,285
1347,652,1855,0,282
1348,653,1855,0,285
1349,653,1855,0,286
1350,653,1855,0,286
1351,653,1855,0,283
1352,652,1854,0,283
1353,652,1856,0,282
1354,651,1856,0,279
1355,651,1854,0,273
1356,650,1855,0,272
1357,651,1857,0,274
1358,651,1858,0,274
1359,651,1858,0,274
1360,647,1857,0,268
1361,647,1857,0,267
1362,649,1858,0,269
1363,650,1858,0,269
1364,649,1858,0,270
1365,649,1857,0,270
1366,649,1856,0,270
1367,649,1857,0,270
1368,649,1857,0,268
1369,649,1857,0,269
1370,649,1857,0,268
1371,649,1857,0,267
1372,649,1857,0,268
1373,649,1857,0,268
1374,650,1857,0,268
1375,650,1859,0,270
1376,649,1858,0,267
1377,649,1857,0,268
1378,649,1856,0,268
1379,648,1857,0,268
1380,649,1857,0,270
1381,648,1857,0,270
1382,649,1857,0,270
1383,649,1857,0,269
1384,649,1858,0,270
1385,649,1858,0,270
1386,650,1858,0,272
1387,650,1858,0,274
1388,650,1858,0,275
1389,650,1858,0,275
1390,650,1858,0,272
1391,650,1858,0,273
1392,650,1858,0,273
1393,650,1858,0,273
1394,650,1858,0,273
1395,650,1858,0,273
1396,650,1858,0,273
1397,650,1858,0,273
1398,650,1858,0,275
1399,650,1859,0,274
1400,650,1858,0,273
1401,650,1856,0,272
1402,652,1857,0,278
1403,655,1857,0,287
1404,654,1852,0,290
1405,654,1855,0,289
1406,655,1855,0,294
1407,653,1855,0,295
1408,652,1857,0,293
1409,653,1857,0,293
1410,653,1857,0,291
1411,653,1856,0,293
1412,653,1856,0,294
1413,651,1854,0,296
1414,651,1854,0,297
1415,651,1854,0,299
1416,650,1851,0,298
1417,650,1852,0,297
1418,650,1853,0,296
1419,650,1853,0,297
1420,650,1853,0,297
1421,649,1853,0,296
1422,648,1854,0,298
1423,647,1853,0,298
1424,647,1852,0,297
1425,647,1853,0,298
1426,647,1852,0,298
1427,647,1852,0,298
1428,647,1852,0,297
1429,648,1852,0,296
1430,649,1851,0,298
1431,649,1851,0,298
1432,649,1852,0,297
1433,650,1852,0,298
1434,649,1851,0,299
1435,649,1851,0,299
1436,649,1851,0,298
1437,649,1850,0,299
1438,649,1850,0,300
1439,650,1851,0,299
1440,649,1850,0,299
1441,649,1850,0,299
1442,649,1852,0,298
1443,650,1851,0,299
1444,649,1851,0,298
1445,649,1851,0,296
1446,649,1851,0,298
1447,648,1851,0,298
1448,648,1851,0,298
1449,648,1851,0,298
1450,649,1852,0,297
1451,648,1853,0,297
1452,648,1851,0,297
1453,646,1852,0,291
1454,647,1850,0,290
1455,647,1849,0,287
1456,647,1848,0,286
1457,648,1849,0,287
1458,649,1849,0,289
1459,649,1847,0,290
1460,649,1847,0,289
1461,651,1845,0,290
1462,651,1845,0,291
1463,651,1844,0,294
1464,652,1844,0,295
1465,651,1844,0,297
1466,651,1844,0,297
1467,652,1844,0,298
1468,652,1844,0,296
1469,652,1846,0,299
1470,650,1845,0,299
1471,650,1844,0,298
1472,651,1845,0,299
1473,651,1844,0,299
1474,650,1845,0,301
1475,650,1846,0,299
1476,650,1845,0,304
1477,648,1844,0,297
1478,647,1843,0,296
1479,646,1843,0,295
1480,645,1843,0,304
1481,645,1843,0,305
1482,644,1843,0,303
1483,645,1842,0,310
1484,644,1841,0,311
1485,644,1842,0,312
1486,643,1842,0,318
1487,639,1841,0,317
1488,639,1843,0,317
1489,639,1842,0,320
1490,641,1842,0,320
1491,642,1842,0,316
1492,641,1842,0,307
1493,640,1844,0,311
1494,633,1843,0,318
1495,634,1840,0,317
1496,639,1841,0,322
1497,638,1845,0,315
1498,636,1846,0,315
1499,637,1845,0,313
1500,638,1844,0,316
1501,639,1844,0,319
1502,639,1844,0,320
1503,641,1845,0,323
1504,642,1846,0,323
1505,643,1846,0,328
1506,644,1845,0,325
1507,645,1844,0,325
1508,646,1845,0,322
1509,647,1843,0,331
1510,653,1841,0,336
1511,654,1841,0,340
1512,657,1842,0,350
1513,656,1842,0,352
1514,656,1842,0,358
1515,657,1839,0,359
1516,655,1839,0,1
1517,655,1837,0,3
1518,655,1838,0,5
1519,655,1838,0,11
1520,655,1837,0,12
1521,656,1837,0,18
1522,657,1837,0,12
1523,657,1837,0,15
1524,655,1837,0,16
1525,657,1838,0,15
1526,658,1837,0,19
1527,659,1838,0,17
1528,659,1840,0,24
1529,659,1839,0,23
1530,659,1840,0,24
1531,657,1841,0,27
1532,656,1842,0,26
1533,656,1842,0,21
1534,656,1845,0,20
1535,655,1847,0,24
1536,652,1850,0,22
1537,649,1851,0,27
1538,648,1851,0,26
1539,646,1851,0,22
1540,647,1851,0,23
1541,647,1851,0,25
1542,645,1852,0,28
1543,645,1855,0,34
1544,645,1855,0,35
1545,642,1855,0,39
1546,642,1855,0,40
1547,641,1856,0,39
1548,639,1856,0,36
1549,637,1857,0,40
1550,635,1858,0,40
1551,640,1853,0,36
1552,638,1853,0,29
1553,640,1855,0,8
1554,637,1854,0,11
1555,634,1854,0,15
1556,631,1855,0,17
1557,631,1856,0,20
1558,632,1856,0,19
1559,631,1859,0,12
1560,628,1858,0,17
1561,628,1858,0,17
1562,627,1859,0,16
1563,627,1859,0,17
1564,627,1859,0,15
1565,628,1858,0,15
1566,627,1859,0,15
1567,627,1859,0,16
1568,627,1859,0,17
1569,627,1859,0,16
1570,627,1858,0,17
1571,628,1857,0,18
1572,628,1857,0,19
1573,627,1857,0,19
1574,626,1857,0,19
1575,626,1858,0,16
1576,626,1858,0,17
1577,625,1858,0,16
1578,626,1858,0,17
1579,626,1858,0,17
1580,626,1857,0,17
1581,626,1857,0,18
1582,625,1857,0,19
1583,624,1859,0,19
1584,626,1857,0,18
1585,627,1857,0,17
1586,625,1856,0,17
1587,625,1856,0,16
1588,626,1857,0,14
1589,626,1857,0,15
1590,626,1857,0,18
1591,626,1856,0,19
1592,625,1856,0,17
1593,626,1856,0,17
1594,625,1857,0,20
1595,624,1858,0,22
1596,624,1859,0,22
1597,624,1858,0,23
1598,624,1859,0,21
1599,623,1858,0,23
1600,623,1859,0,21
1601,624,1858,0,21
1602,623,1858,0,20
1603,624,1856,0,18
1604,622,1856,0,16
1605,623,1855,0,17
1606,621,1855,0,15
1607,622,1855,0,14
1608,622,1855,0,17
1609,620,1856,0,17
1610,619,1855,0,13
1611,619,1855,0,14
1612,618,1855,0,12
1613,618,1856,0,11
1614,621,1855,0,8
1615,623,1853,0,7
1616,625,1851,0,358
1617,625,1850,0,356
1618,626,1850,0,344
1619,626,1849,0,343
1620,624,1850,0,339
1621,623,1850,0,337
1622,621,1849,0,335
1623,619,1850,0,333
1624,620,1850,0,341
1625,618,1852,0,356
1626,616,1853,0,359
1627,614,1854,0,0
1628,612,1855,0,2
1629,611,1855,0,1
1630,606,1855,0,356
1631,607,1855,0,359
1632,608,1854,0,0
1633,609,1855,0,2
1634,610,1856,0,4
1635,610,1856,0,6
1636,610,1856,0,6
1637,610,1856,0,7
1638,610,1856,0,5
1639,607,1857,0,2
1640,605,1857,0,2
1641,605,1858,0,2
1642,604,1860,0,7
1643,603,1861,0,15
1644,602,1861,0,15
1645,596,1867,0,16
1646,595,1868,0,16
1647,595,1869,0,15
1648,594,1870,0,13
1649,592,1874,0,25
1650,592,1877,0,27
1651,592,1878,0,27
1652,593,1880,0,26
1653,593,1880,0,26
1654,594,1881,0,27
1655,592,1881,0,24
1656,588,1882,0,25
1657,584,1882,0,19
1658,582,1883,0,16
1659,575,1885,0,15
1660,571,1886,0,13
1661,580,1884,0,16
1662,575,1888,0,21
1663,574,1889,0,25
1664,571,1892,0,29
1665,571,1891,0,25
1666,571,1893,0,26
1667,571,1893,0,31
1668,572,1893,0,30
1669,571,1893,0,30
1670,569,1894,0,32
1671,569,1895,0,32
1672,568,1895,0,31
1673,570,1894,0,26
1674,570,1895,0,26
1675,572,1895,0,24
1676,572,1895,0,19
1677,571,1896,0,15
1678,572,1895,0,10
1679,572,1896,0,11
1680,572,1897,0,15
1681,573,1899,0,15
1682,575,1901,0,22
1683,575,1899,0,21
1684,577,1898,0,20
1685,579,1897,0,20
1686,581,1897,0,22
1687,581,1896,0,21
1688,579,1897,0,23
1689,578,1897,0,25
1690,578,1897,0,25
1691,578,1898,0,23
1692,580,1899,0,27
1693,581,1901,0,21
1694,581,1901,0,16
1695,584,1902,0,18
1696,583,1905,0,19
1697,583,1907,0,15
1698,585,1908,0,11
1699,583,1907,0,14
1700,585,1905,0,17
1701,585,1905,0,19
1702,586,1902,0,19
1703,587,1901,0,21
1704,586,1900,0,19
1705,586,1899,0,21
1706,585,1900,0,18
1707,583,1899,0,19
1708,583,1901,0,22
1709,581,1902,0,23
1710,582,1902,0,22
1711,581,1902,0,26
1712,580,1903,0,27
1713,581,1902,0,23
1714,584,1902,0,17
1715,584,1901,0,7
1716,586,1902,0,3
1717,586,1903,0,4
1718,585,1901,0,359
1719,587,1900,0,355
1720,588,1898,0,354
1721,586,1898,0,352
1722,587,1898,0,352
1723,586,1898,0,354
1724,585,1899,0,355
1725,585,1898,0,355
1726,584,1898,0,355
1727,583,1898,0,355
1728,583,1899,0,355
1729,583,1899,0,355
1730,583,1898,0,354
1731,584,1898,0,355
1732,584,1898,0,356
1733,585,1898,0,359
1734,583,1898,0,358
1735,583,1898,0,358
1736,583,1897,0,359
1737,583,1898,0,358
1738,584,1898,0,359
1739,582,1898,0,356
1740,582,1898,0,356
1741,583,1898,0,356
1742,584,1898,0,357
1743,585,1897,0,356
1744,585,1897,0,349
1745,584,1898,0,343
1746,583,1899,0,343
1747,582,1900,0,342
1748,582,1901,0,341
1749,582,1902,0,339
1750,582,1901,0,339
1751,584,1901,0,341
1752,586,1902,0,340
1753,583,1901,0,341
1754,584,1901,0,343
1755,585,1900,0,347
1756,585,1900,0,346
1757,586,1900,0,348
1758,586,1900,0,345
1759,585,1900,0,346
1760,587,1901,0,343
1761,586,1900,0,344
1762,586,1899,0,344
1763,586,1898,0,346
1764,587,1898,0,346
1765,588,1898,0,343
1766,588,1897,0,348
1767,588,1896,0,350
1768,587,1896,0,350
1769,590,1896,0,352
1770,591,1892,0,351
1771,594,1892,0,347
1772,595,1889,0,349
1773,595,1888,0,344
1774,595,1887,0,336
1775,594,1886,0,335
1776,594,1887,0,335
1777,593,1886,0,337
1778,593,1887,0,334
1779,593,1886,0,333
1780,593,1885,0,337
1781,593,1886,0,335
1782,592,1886,0,330
1783,592,1886,0,331
1784,592,1886,0,330
1785,591,1886,0,329
1786,592,1886,0,328
1787,592,1886,0,329
1788,591,1885,0,328
1789,592,1886,0,329
1790,591,1885,0,329
1791,592,1885,0,331
1792,592,1886,0,329
1793,592,1886,0,331
1794,591,1886,0,331
1795,591,1886,0,332
1796,592,1887,0,333
1797,591,1886,0,334
1798,592,1887,0,331
1799,593,1887,0,330
1800,593,1888,0,330
1801,592,1887,0,327
1802,593,1887,0,328
1803,594,1888,0,328
1804,593,1887,0,327
1805,594,1886,0,328
1806,599,1887,0,321
1807,600,1888,0,321
1808,602,1888,0,317
1809,599,1888,0,310
1810,600,1890,0,302
1811,601,1890,0,297
1812,600,1890,0,293
1813,600,1890,0,293
1814,600,1890,0,298
1815,600,1890,0,297
1816,598,1890,0,298
1817,598,1889,0,297
1818,597,1889,0,294
1819,596,1889,0,297
1820,595,1889,0,289
1821,596,1890,0,286
1822,596,1889,0,276
1826,585,1886,0,275
1827,587,1889,0,273
1828,591,1879,0,267
1829,589,1874,0,267
1830,589,1875,0,264
1831,588,1880,0,263
1832,588,1879,0,267
1833,584,1878,0,273
1834,588,1876,0,279
1835,588,1875,0,275
1836,587,1872,0,273
1837,586,1872,0,273
1838,585,1872,0,274
1839,586,1872,0,274
1840,587,1873,0,275
1841,588,1872,0,276
1842,588,1873,0,275
1843,586,1875,0,276
1844,585,1880,0,272
1845,583,1884,0,271
1846,584,1890,0,271
1847,586,1889,0,256
1848,593,1888,0,240
1849,595,1888,0,237
1850,593,1888,0,235
1851,592,1887,0,230
1852,592,1886,0,230
1853,592,1886,0,232
1854,592,1887,0,229
1855,592,1887,0,229
1856,593,1886,0,227
1857,594,1886,0,227
1858,595,1887,0,231
1859,596,1888,0,240
1860,595,1887,0,232
1861,597,1887,0,227
1862,595,1887,0,222
1863,595,1886,0,214
1864,597,1883,0,205
1865,596,1882,0,197
1866,595,1879,0,184
1867,597,1879,0,188
1868,599,1881,0,193
1869,600,1882,0,194
1870,600,1883,0,191
1871,599,1883,0,191
1872,600,1882,0,189
1873,604,1880,0,186
1874,606,1880,0,183
1875,606,1879,0,183
1876,606,1879,0,184
1877,605,1877,0,182
1878,607,1876,0,178
1879,605,1878,0,181
1880,605,1877,0,180
1881,609,1876,0,174
1882,612,1875,0,173
1883,614,1876,0,175
1884,617,1877,0,176
1885,617,1877,0,174
1886,617,1875,0,168
1887,617,1876,0,168
1888,614,1876,0,174
1889,612,1876,0,180
1890,612,1876,0,182
1891,612,1876,0,178
1892,613,1876,0,182
1893,614,1876,0,183
1894,612,1876,0,178
1895,608,1875,0,174
1896,608,1875,0,174
1897,608,1875,0,170
1898,606,1874,0,176
1899,607,1874,0,171
1900,607,1874,1,193
1901,607,1875,1,188
1902,607,1875,1,186
1903,607,1875,1,188
1904,607,1874,1,176
1905,607,1874,0,162
1906,607,1875,0,165
1907,605,1876,0,163
1908,607,1876,0,160
1909,603,1878,0,157
1910,605,1875,0,175
1911,605,1877,0,175
1912,609,1878,0,179
1913,605,1878,0,178
1914,604,1879,0,178
1915,603,1877,0,179
1916,602,1879,0,178
1917,602,1879,0,185
1918,599,1880,0,192
1919,597,1879,0,203
1920,599,1883,0,205
1921,599,1886,0,184
1922,599,1887,0,188
1923,599,1888,0,187
1924,599,1891,0,200
1925,599,1892,0,197
1926,599,1893,0,202
1927,598,1895,0,203
1928,598,1894,0,202
1929,596,1889,0,194
1930,596,1890,0,191
1931,593,1891,0,192
1932,592,1890,0,197
1933,593,1891,0,199
1934,594,1891,0,218
1935,594,1894,0,204
1936,595,1895,0,204
1937,595,1895,0,204
1938,597,1894,0,206
1939,597,1894,0,204
1940,597,1894,0,204
1941,596,1893,0,205
1942,596,1893,0,205
1943,597,1893,0,204
1944,597,1893,0,205
1945,598,1893,0,205
1946,598,1893,0,206
1947,597,1893,0,208
1948,598,1892,0,208
1949,597,1892,0,210
1950,598,1891,0,211
1951,598,1891,0,212
1952,598,1890,0,211
1953,598,1890,0,209
1954,599,1889,0,210
1955,598,1890,0,208
1956,597,1891,0,208
1957,598,1891,0,209
1958,598,1891,0,209
1959,597,1891,0,209
1960,597,1891,0,213
1961,598,1891,0,213
1962,598,1891,0,215
1963,598,1891,0,217
1964,598,1892,0,214
1965,598,1892,0,215
1966,598,1891,0,213
1967,598,1891,0,213
1968,598,1891,0,212
1969,599,1891,0,211
1970,599,1892,0,212
1971,599,1892,0,210
1972,599,1892,0,212
1973,599,1892,0,215
1974,599,1892,0,213
1975,599,1891,0,213
1976,599,1891,0,215
1977,599,1892,0,213
1978,599,1892,0,213
1979,600,1892,0,212
1980,600,1893,0,211
1981,600,1893,0,212
1982,600,1893,0,211
1983,600,1893,0,210
1984,600,1893,0,211
1985,600,1893,0,212
1986,600,1893,0,214
1987,601,1894,0,213
1988,601,1894,0,213
1989,601,1894,0,214
1990,601,1894,0,214
1991,601,1894,0,214
1992,601,1894,0,214
1993,601,1894,0,214
1994,601,1894,0,214
1995,602,1894,0,216
1996,601,1894,0,215
1997,601,1894,0,216
1998,600,1895,0,217
1999,600,1894,0,217
2000,600,1894,0,215
2001,601,1894,0,217
2002,601,1893,0,218
2003,600,1892,0,219
2004,601,1892,0,217
2005,601,1893,0,217
2006,601,1893,0,216
2007,601,1893,0,215
2008,601,1894,0,216
2009,601,1894,0,218
2010,602,1894,0,219
2011,602,1894,0,218
2012,602,1894,0,216
2013,602,1894,0,216
2014,602,1895,0,216
2015,601,1895,0,214
2016,601,1895,0,215
2017,601,1894,0,215
2018,601,1894,0,215
2019,601,1894,0,214
2020,602,1893,0,214
2021,602,1893,0,215
2022,602,1893,0,214
2023,603,1893,0,215
2024,602,1893,0,215
2025,602,1894,0,214
2026,601,1893,0,211
2027,601,1894,0,211
2028,601,1894,0,212
2029,601,1894,0,212
2030,601,1894,0,211
2031,600,1895,0,212
2032,600,1894,0,214
2033,600,1893,0,217
2034,600,1893,0,216
2035,600,1893,0,216
2036,599,1893,0,214
2037,600,1894,0,214
2038,600,1894,0,214
2039,601,1894,0,217
2040,601,1893,0,216
2041,603,1892,0,220
2042,603,1892,0,218
2043,603,1892,0,214
2044,602,1892,0,215
2045,601,1892,0,216
2046,601,1892,0,216
2047,601,1892,0,216
2048,601,1892,0,215
2049,601,1891,0,215
2050,601,1892,0,214
2051,600,1892,0,214
2052,599,1893,0,210
2053,598,1893,0,210
2054,599,1893,0,211
2055,600,1893,0,212
2056,600,1893,0,214
2057,600,1893,0,214
2058,600,1893,0,215
2059,600,1894,0,216
2060,600,1894,0,215
2061,600,1894,0,216
2062,600,1894,0,217
2063,600,1894,0,214
2064,600,1894,0,214
2065,600,1894,0,214
2066,599,1894,0,213
2067,599,1893,0,216
2068,599,1891,0,219
2069,599,1892,0,218
2070,600,1890,0,220
2071,600,1889,0,219
2072,601,1890,0,220
2073,600,1890,0,218
2074,600,1890,0,218
2075,601,1890,0,219
2076,601,1890,0,219
2077,602,1890,0,219
2078,602,1891,0,216
2079,601,1891,0,213
2080,601,1891,0,211
2081,601,1891,0,211
2082,600,1891,0,210
2083,601,1891,0,211
2084,601,1890,0,213
2085,600,1890,0,214
2086,601,1890,0,216
2087,601,1890,0,216
2088,601,1890,0,217
2089,601,1890,0,218
2090,601,1890,0,218
2091,601,1890,0,215
2092,600,1890,0,213
2093,599,1890,0,212
2094,600,1888,0,211
2095,598,1890,0,211
2096,598,1889,0,221
2097,599,1888,0,230
2098,602,1888,0,232
2099,601,1886,0,239
2100,600,1886,0,243
2101,600,1885,0,250
2102,598,1883,0,253
2103,596,1881,0,256
2104,597,1881,0,255
2105,596,1881,0,256
2106,595,1882,0,256
2107,595,1879,0,257
2108,595,1877,0,261
2109,593,1873,0,264
2110,595,1868,0,274
2111,597,1865,0,280
2112,599,1864,0,282
2113,598,1864,0,279
2114,598,1862,0,274
2115,600,1860,0,289
2116,600,1861,0,291
2117,598,1859,0,285
2118,597,1858,0,286
2119,596,1855,0,284
2120,597,1856,0,284
2121,597,1857,0,283
2122,599,1857,0,287
2123,599,1850,0,287
2124,595,1847,0,283
2125,596,1841,0,288
2126,595,1837,0,289
2127,594,1836,0,283
2128,593,1830,0,280
2129,592,1828,0,277
2130,592,1827,0,273
2131,592,1827,0,272
2132,594,1825,0,274
2133,594,1826,0,270
2134,593,1823,0,269
2135,592,1820,0,269
2136,592,1818,0,270
2137,592,1817,0,272
2138,593,1818,0,274
2139,595,1816,0,272
2140,596,1814,0,272
2141,596,1812,0,269
2142,595,1811,0,269
2143,594,1817,0,271
2144,593,1810,0,272
2145,592,1807,0,269
2146,595,1815,0,272
2147,596,1811,0,268
2148,595,1810,0,267
2149,595,1809,0,266
2150,595,1808,0,263
2151,595,1811,0,269
2152,593,1801,0,253
2153,592,1804,0,253
2154,592,1802,0,251
2155,591,1807,1,265
2156,592,1807,1,279
2157,593,1806,1,274
2158,593,1805,1,275
2159,593,1804,1,260
2160,592,1805,1,260
2161,592,1806,1,251
2162,591,1806,1,266
2163,591,1806,1,250
2164,592,1805,1,242
2165,592,1806,1,254
2168,591,1807,1,304
2173,590,1807,1,335
2174,590,1806,1,321
2175,590,1807,1,325
2178,593,1800,0,235
2179,591,1802,0,43
2180,591,1803,0,36
2181,590,1804,1,18
2182,591,1804,1,14
2183,591,1804,1,25
2186,590,1803,1,17
2187,589,1805,1,18
2188,589,1805,1,17
2189,590,1804,1,43
2190,590,1803,1,50
2191,591,1802,1,54
2192,591,1803,1,58
2193,591,1803,1,31
2194,590,1803,1,63
2195,591,1802,1,56
2196,591,1802,1,51
2197,592,1802,0,37
2198,592,1802,1,50
2199,593,1802,0,33
2200,592,1802,1,59
2201,592,1803,1,61
2202,592,1803,1,64
2203,592,1803,1,60
2204,592,1803,1,54
2205,592,1804,1,47
2206,592,1803,1,38
2207,592,1804,1,31
2208,592,1804,1,28
2209,592,1804,1,35
2210,592,1804,1,41
2211,592,1804,1,39
2212,592,1803,1,50
2213,591,1804,1,47
2214,591,1804,1,29
2215,592,1804,1,42
2216,591,1804,1,45
2217,591,1805,1,42
2218,591,1804,1,50
2219,592,1804,1,54
2220,592,1804,1,54
2221,592,1804,1,54
2222,592,1804,1,53
2223,592,1804,1,49
2224,592,1804,1,51
2225,592,1803,1,57
2226,593,1803,1,46
2227,592,1803,1,47
2228,589,1804,1,51
2229,592,1803,1,49
2230,592,1802,1,47
2231,590,1803,1,43
2232,589,1804,1,51
2236,590,1801,1,34
2237,592,1800,1,45
2238,592,1801,1,39
2239,591,1802,1,45
2240,590,1803,1,49
2242,592,1801,1,26
2244,590,1803,1,25
2245,591,1803,1,38
2246,591,1803,1,37
2247,591,1802,1,43
2248,592,1803,1,56
2249,592,1802,1,44
2250,591,1804,1,41
2251,590,1804,1,31
2252,590,1804,1,66
2253,592,1802,1,34
2258,590,1802,1,74
2259,591,1803,1,54
2260,591,1803,1,41
2261,590,1803,1,24
2262,590,1803,1,345
2267,590,1804,1,0
2273,591,1802,1,53
2274,590,1802,1,65
2275,591,1803,1,58
2276,591,1802,1,47
2277,591,1802,1,46
2278,591,1802,1,41
2279,590,1803,1,12
2280,590,1803,1,5
2281,590,1803,1,40
2282,590,1802,1,63
2283,590,1802,1,74
2284,591,1802,1,54
2285,590,1803,1,46
2286,591,1803,1,57
2287,591,1803,1,54
2288,591,1802,1,48
2289,591,1802,1,59
2290,591,1802,1,68
2291,591,1801,1,75
2292,591,1802,1,77
2295,590,1802,1,9
2298,591,1802,1,63
2299,590,1803,1,66
2300,591,1802,1,58
2301,591,1802,1,59
2302,591,1802,1,65
2303,590,1802,1,61
2304,590,1802,1,66
2305,590,1802,1,80
2306,589,1804,1,40
2307,589,1804,1,48
2308,589,1804,1,61
2309,590,1804,1,61
2310,590,1804,1,65
2311,590,1804,1,81
2316,589,1804,1,334
2317,589,1805,1,351
2318,589,1804,1,336
2321,590,1803,1,70
2322,590,1802,1,74
2323,590,1802,1,78
2324,591,1803,1,86
2325,591,1803,1,54
2326,592,1803,1,64
2327,592,1803,1,48
2328,593,1802,1,38
2329,593,1802,1,40
2330,593,1802,1,40
2331,593,1802,1,37
2332,593,1803,1,40
2335,590,1804,1,82
2336,592,1803,1,42
2337,593,1802,1,44
2338,595,1801,0,206
2339,595,1801,0,202
2340,598,1800,0,22
2341,600,1798,0,28
2342,593,1802,1,46
2344,593,1801,1,37
2345,592,1800,1,34
2346,593,1801,1,40
2347,594,1801,1,38
2351,594,1801,1,35
2353,593,1802,1,42
2354,592,1803,1,43
2355,592,1803,1,43
2356,593,1802,1,41
2357,593,1803,1,42
2358,593,1804,1,28
2362,592,1804,1,299
2363,593,1804,1,325
2364,593,1805,1,346
2365,593,1805,1,10
2366,594,1802,1,27
2367,593,1802,1,21
2368,594,1802,1,27
2369,594,1802,1,39
2370,594,1801,1,66
2371,594,1802,1,50
2372,594,1802,1,44
2373,594,1801,1,46
2374,594,1801,1,52
2375,594,1801,1,46
2376,594,1801,1,52
2377,594,1801,1,40
2378,594,1802,1,41
2379,594,1802,1,50
2380,594,1801,1,49
2381,594,1801,1,44
2382,594,1801,1,38
2383,594,1801,1,38
2384,594,1802,1,39
2385,594,1801,1,43
2386,593,1801,1,41
2387,593,1801,1,38
2388,592,1801,1,53
2389,592,1801,1,52
2390,592,1801,1,58
2391,593,1801,1,45
2392,593,1801,1,48
2393,592,1801,1,48
2394,592,1801,1,50
2395,592,1801,1,46
2396,593,1801,1,48
2397,592,1801,1,51
2398,593,1801,1,46
2399,592,1801,1,44
2400,592,1801,1,48
2401,592,1801,1,41
2402,592,1800,1,38
2403,592,1800,1,34
2404,592,1800,1,45
2405,592,1801,1,44
2406,593,1801,1,44
2407,593,1801,1,48
2408,593,1801,1,46
2409,593,1801,1,47
2410,593,1801,1,50
2411,593,1801,1,48
2412,593,1801,1,47
2413,593,1801,1,48
2414,593,1801,1,54
2415,592,1800,1,49
2416,592,1800,1,48
2417,592,1800,1,45
2418,591,1801,1,56
2419,592,1801,1,60
2420,592,1801,1,63
2421,591,1801,1,67
2422,591,1799,1,58
2423,601,1797,0,31
2424,601,1797,0,27
2425,600,1798,0,25
2426,600,1799,0,24
2427,601,1798,0,26
2428,600,1799,0,25
2429,600,1798,0,27
2431,601,1797,0,28
2432,600,1797,0,29
2433,600,1798,0,30
2434,601,1798,0,27
2435,600,1798,0,27
2436,600,1799,0,28
2437,600,1798,0,28
2438,600,1798,0,29
2439,599,1798,0,32
2440,601,1797,0,33
2441,603,1797,0,32
2442,593,1802,1,37
2443,594,1802,1,29
2444,594,1801,1,21
2445,593,1801,1,16
2446,593,1801,1,29
2447,593,1801,1,20
2448,593,1800,1,18
2449,593,1800,1,24
2450,594,1801,1,15
2451,593,1801,1,16
2452,593,1802,1,32
2453,593,1802,1,32
2454,594,1802,1,31
2455,593,1802,1,30
2456,593,1802,1,32
2457,594,1802,1,35
2458,595,1801,1,38
2459,594,1801,1,40
2460,594,1801,1,39
2461,594,1801,1,36
2462,594,1801,1,33
2463,594,1801,1,38
2464,594,1801,1,38
2465,594,1801,1,36
2466,594,1801,1,37
2467,594,1801,1,41
2468,594,1801,1,39
2469,594,1801,1,37
2470,594,1801,1,41
2471,594,1801,1,44
2472,594,1801,1,44
2473,594,1801,1,44
2474,594,1801,1,46
2475,594,1801,1,40
2476,594,1801,1,40
2477,594,1801,1,38
2478,594,1801,1,35
2479,594,1801,1,38
2480,594,1801,1,39
2481,594,1801,1,37
2482,594,1801,1,37
2483,594,1801,1,37
2484,594,1801,1,38
2485,594,1801,1,38
2486,594,1801,1,37
2487,594,1801,1,38
2488,594,1801,1,41
2489,594,1801,1,38
2490,594,1801,1,38
2491,594,1801,1,38
2492,594,1801,1,37
2493,594,1801,1,38
2494,594,1801,1,37
2495,594,1801,1,38
2496,594,1801,1,38
2497,594,1801,1,37
2498,594,1801,1,37
2499,594,1801,1,38
2500,594,1801,1,39
2501,594,1801,1,38
2502,594,1801,1,37
2503,594,1801,1,38
2504,594,1801,1,39
2505,594,1801,1,39
2506,594,1801,1,36
2507,594,1801,1,36
2508,594,1801,1,38
2509,594,1801,1,38
2510,594,1801,1,35
2511,594,1801,1,36
2512,594,1801,1,36
2513,594,1801,1,36
2514,594,1801,1,36
2515,594,1802,1,33
2516,594,1801,1,33
2517,594,1801,1,37
2518,594,1801,1,37
2519,594,1801,1,37
2520,594,1801,1,36
2521,594,1801,1,38
2522,594,1801,1,34
2523,594,1801,1,42
2524,595,1801,1,42
2525,594,1801,1,34
2526,594,1801,1,29
2527,593,1801,1,30
2528,593,1801,1,29
2529,593,1801,1,21
2530,593,1801,1,26
2531,593,1801,1,22
2532,594,1800,1,25
2533,594,1801,1,35
2534,594,1801,1,44
2535,594,1801,1,31
2536,594,1801,1,32
2537,594,1801,1,40
2538,594,1801,1,33
2539,594,1801,1,32
2540,594,1801,1,30
2541,594,1801,1,31
2542,593,1801,1,32
2543,593,1801,1,39
2544,594,1801,1,44
2545,594,1801,1,46
2546,594,1801,1,44
2547,594,1801,1,44
2548,594,1801,1,42
2549,594,1801,1,38
2550,594,1801,1,37
2551,593,1800,1,44
2552,593,1801,1,45
2553,594,1801,1,35
2554,594,1801,1,37
2555,594,1801,1,40
2556,594,1801,1,41
2557,594,1801,1,43
2558,593,1801,1,40
2559,593,1801,1,44
2560,594,1801,1,51
2561,594,1801,1,54
2562,594,1801,1,50
2563,593,1802,1,41
2564,598,1799,0,35
2565,598,1799,0,35
2566,598,1798,0,34
2567,597,1798,0,37
2568,594,1801,1,51
2569,594,1800,1,50
2570,593,1801,1,48
2571,593,1801,1,54
2572,593,1801,1,53
2573,593,1801,1,49
2574,594,1801,1,46
2575,593,1801,1,43
2576,596,1800,0,27
2577,594,1801,1,45
2578,594,1801,1,34
2579,594,1801,1,44
2580,594,1801,1,39
2581,594,1801,1,32
2582,593,1802,1,25
2583,593,1802,1,26
2584,592,1802,1,32
2585,592,1803,1,32
2586,593,1801,1,45
2587,593,1800,1,43
2588,593,1801,1,42
2589,593,1801,1,47
2590,593,1801,1,47
2591,593,1801,1,46
2592,593,1801,1,45
2593,593,1801,1,42
2594,593,1801,1,40
2595,594,1801,1,39
2596,593,1801,1,42
2597,593,1801,1,37
2598,593,1802,1,41
2599,594,1802,1,44
2600,593,1802,1,38
2601,593,1802,1,37
2602,593,1801,1,35
2603,594,1801,1,37
2604,594,1801,1,40
2605,594,1801,1,44
2606,594,1801,1,41
2607,600,1797,0,33
2608,594,1801,0,48
2609,594,1801,0,41
2610,594,1801,0,44
2611,594,1801,1,43
2612,594,1801,1,44
2613,594,1801,1,39
2614,594,1801,1,42
2615,594,1801,1,43
2616,594,1801,1,42
2617,594,1801,1,45
2618,594,1801,1,44
2619,594,1801,1,40
2620,594,1801,1,40
2621,594,1801,1,37
2622,594,1801,1,38
2623,594,1801,1,40
2624,594,1801,1,41
2625,594,1801,1,42
2626,594,1801,1,39
2627,594,1801,1,42
2628,594,1801,1,45
2629,594,1801,1,41
2630,594,1801,1,29
2631,594,1802,1,26
2632,592,1802,1,33
2633,592,1803,1,29
2634,593,1802,1,42
2635,594,1801,1,38
2636,594,1801,1,36
2637,594,1801,1,36
2638,593,1802,1,28
2639,593,1802,1,33
2640,594,1801,1,40
2641,594,1801,1,39
2642,594,1801,0,37
2643,594,1801,1,42
2644,594,1801,1,38
2645,594,1801,1,40
2646,594,1801,1,40
2647,594,1801,1,39
2648,594,1801,1,38
2649,594,1801,1,39
2650,594,1801,1,37
2651,594,1801,1,42
2652,594,1801,1,39
2653,594,1801,1,39
2654,594,1801,1,37
2655,594,1801,1,35
2656,594,1801,1,38
2657,594,1801,1,39
2658,594,1801,1,39
2659,594,1801,1,37
2660,594,1801,1,38
2661,594,1801,1,45
2662,594,1801,0,40
2663,594,1801,1,43
2664,594,1801,1,41
2665,598,1798,0,36
2666,599,1797,0,34
2667,600,1797,0,34
2668,600,1797,0,33
2669,602,1797,0,29
2670,602,1797,0,28
2671,601,1799,0,27
2672,597,1801,0,28
2673,594,1803,1,27
2674,601,1799,0,29
2675,601,1798,0,29
2676,601,1797,0,28
2677,599,1799,0,27
2678,597,1801,0,25
2679,596,1800,0,32
2680,598,1799,0,31
2681,601,1797,0,27
2682,600,1798,0,28
2683,601,1798,0,25
2684,593,1802,1,30
2685,593,1802,1,32
2686,593,1802,1,39
2687,592,1801,1,44
2688,592,1802,1,35
2689,592,1802,1,40
2690,592,1802,1,39
2691,593,1801,1,51
2692,592,1802,1,44
2693,593,1802,1,37
2694,593,1802,1,37
2695,593,1802,1,37
2696,592,1802,1,43
2697,592,1802,1,43
2698,592,1802,1,42
2699,592,1802,1,44
2700,592,1802,1,34
2701,592,1802,1,42
2702,592,1802,1,40
2703,592,1802,1,47
2704,593,1802,1,42
2705,592,1802,1,34
2706,592,1801,1,36
2707,592,1802,1,53
2708,592,1802,1,48
2709,592,1802,1,44
2710,592,1802,1,27
2711,592,1802,1,31
2712,593,1802,1,32
2713,593,1802,1,28
2715,593,1802,1,28
2716,593,1802,1,30
2718,593,1802,1,42
2719,593,1801,1,40
2720,592,1801,1,62
2721,591,1802,1,40
2722,593,1802,1,35
2723,593,1802,1,31
2724,593,1802,1,37
2725,594,1801,1,38
2726,594,1802,1,40
2727,594,1801,1,35
2728,593,1801,1,36
2729,594,1802,1,39
2730,593,1801,1,35
2731,594,1801,1,33
2732,594,1802,1,40
2733,593,1801,1,42
2734,594,1801,0,48
2735,594,1801,1,44
2736,594,1801,1,39
2737,597,1799,0,36
2738,595,1800,0,37
2739,594,1801,1,37
2740,594,1801,1,39
2741,595,1801,0,39
2742,594,1801,0,39
2743,594,1801,1,43
2744,593,1801,1,40
2745,593,1801,1,44
2746,594,1801,1,40
2747,593,1801,1,38
2748,594,1801,1,35
2749,593,1802,1,33
2750,594,1802,1,33
2751,593,1802,1,34
2752,593,1802,1,32
2753,593,1802,1,35
2754,593,1802,1,38
2755,593,1802,1,37
2756,593,1802,1,29
2757,593,1802,1,31
2758,593,1801,1,38
2759,593,1802,1,34
2760,593,1802,1,34
2761,593,1802,1,34
2762,593,1802,1,32
2763,594,1802,1,30
2764,593,1802,1,32
2765,593,1802,1,33
2766,594,1802,1,31
2767,594,1802,1,34
2768,594,1802,1,32
2769,593,1802,1,32
2770,594,1802,1,32
2771,594,1801,1,35
2772,594,1802,1,31
2773,594,1802,1,29
2774,593,1802,1,36
2775,594,1802,1,35
2776,594,1801,1,30
2777,594,1802,1,31
2778,594,1801,1,37
2779,594,1801,1,37
2780,594,1801,1,31
2781,594,1802,1,32
2782,594,1802,1,32
2783,593,1802,1,34
2784,594,1802,1,33
2785,594,1802,1,34
2786,593,1802,1,35
2787,594,1802,1,34
2788,593,1802,1,35
2789,593,1802,1,34
2790,593,1802,1,32
2791,593,1802,1,36
2792,593,1802,1,33
2793,594,1802,0,32
2794,594,1802,1,31
2795,594,1802,1,30
2796,594,1802,1,32
2797,594,1802,1,32
2798,594,1802,1,33
2799,593,1802,1,31
2800,593,1802,1,38
2801,593,1802,1,31
2802,593,1802,1,33
2803,593,1802,1,37
2804,594,1802,1,36
2805,594,1802,1,35
2806,594,1802,1,32
2807,594,1802,0,35
2808,593,1802,1,37
2809,593,1802,1,42
2810,593,1802,1,41
2811,593,1802,1,42
2812,591,1802,1,48
2813,590,1800,1,45
2814,590,1801,1,27
2815,592,1801,1,22
2816,592,1803,1,36
2817,592,1802,1,27
2818,592,1802,1,19
2819,592,1802,1,15
2820,592,1802,1,11
2821,593,1802,1,25
2822,593,1801,1,33
2823,593,1802,1,30
2824,593,1802,1,31
2825,593,1802,1,29
2826,593,1802,1,32
2827,593,1802,1,31
2828,593,1801,1,27
2829,593,1801,1,34
2830,593,1801,1,37
2831,592,1801,1,39
2832,593,1801,1,35
2833,596,1800,0,31
2834,593,1801,1,39
2835,592,1802,1,48
2836,593,1801,1,46
2837,593,1801,1,36
2838,593,1802,1,35
2839,593,1801,1,38
2840,593,1801,1,43
2841,593,1801,1,47
2842,592,1801,1,55
2843,592,1801,1,58
2844,592,1801,1,53
2845,592,1801,1,62
2846,593,1801,1,56
2847,592,1802,1,60
2848,593,1801,1,54
2849,593,1801,1,44
2850,593,1801,1,40
2851,593,1802,1,47
2852,593,1801,1,43
2853,593,1802,1,40
2854,593,1802,1,37
2855,593,1801,1,46
2856,593,1802,1,43
2857,593,1802,1,35
2858,592,1802,1,40
2859,592,1802,1,36
2860,593,1802,1,44
2861,593,1802,1,44
2862,593,1802,1,42
2863,593,1802,1,42
2864,593,1802,1,40
2865,593,1802,1,43
2866,593,1802,1,41
2867,593,1802,1,38
2868,592,1802,1,43
2869,593,1802,1,44
2870,593,1802,1,43
2871,593,1802,1,42
2872,592,1802,1,42
2873,592,1802,1,43
2874,592,1802,1,42
2875,592,1802,1,45
2876,592,1802,1,47
2877,592,1802,1,45
2878,592,1802,1,44
2879,592,1802,1,45
2880,592,1802,1,44
2881,592,1802,1,42
2882,592,1802,1,44
2883,592,1802,1,44
2884,592,1802,1,45
2885,592,1802,1,42
2886,592,1802,1,42
2887,593,1802,1,47
2888,592,1802,1,47
2889,592,1802,1,49
2890,593,1802,1,49
2891,592,1802,1,50
2892,592,1802,1,50
2893,593,1802,1,48
2894,593,1802,1,39
2895,593,1802,1,47
2896,593,1801,1,44
2897,593,1801,1,39
2898,593,1802,1,38
2899,593,1801,1,38
2900,592,1802,1,43
2901,593,1802,1,45
2902,593,1802,1,45
2903,593,1802,1,48
2904,593,1802,1,48
2905,593,1802,1,51
2906,593,1802,1,41
2907,593,1802,1,40
2908,593,1802,1,46
2909,593,1802,1,48
2910,593,1802,1,50
2911,593,1802,1,51
2912,593,1802,1,46
2913,593,1801,1,40
2914,593,1801,1,42
2915,593,1802,1,45
2916,593,1802,1,43
2917,593,1801,1,39
2918,593,1801,1,40
2919,593,1801,1,43
2920,593,1801,1,48
2921,593,1801,1,46
2922,593,1801,1,47
2923,594,1801,1,51
2924,593,1801,1,45
2925,593,1802,1,39
2926,593,1802,1,36
2927,593,1802,1,36
2928,593,1802,1,37
2929,593,1802,1,35
2930,593,1802,1,35
2931,593,1802,1,41
2932,593,1801,1,38
2933,593,1801,1,40
2934,593,1801,1,45
2935,593,1802,1,46
2936,593,1802,1,47
2937,593,1801,1,47
2938,593,1801,1,48
2939,593,1802,1,48
2940,593,1802,1,45
2941,593,1802,1,44
2942,593,1802,1,41
2943,593,1802,1,39
2944,593,1802,1,40
2945,593,1802,1,44
2946,593,1802,1,44
2947,593,1802,1,44
2948,593,1802,1,43
2949,593,1802,1,41
2950,593,1802,1,39
2951,593,1802,1,44
2952,593,1802,1,45
2953,593,1802,1,44
2954,593,1802,1,43
2955,593,1802,1,40
2956,593,1802,1,38
2957,593,1802,1,36
2958,594,1802,1,33
2959,594,1802,1,34
2960,593,1802,1,33
2961,593,1802,1,37
2962,593,1802,1,40
2963,593,1802,1,40
2964,593,1802,1,39
2965,592,1802,1,43
2966,592,1802,1,45
2967,592,1802,1,39
2968,593,1802,1,42
2969,593,1802,1,38
2970,593,1802,1,36
2971,593,1802,1,39
2972,593,1802,1,35
2973,593,1802,1,34
2974,593,1802,1,32
2975,593,1802,1,34
2976,593,1802,1,39
2977,593,1802,1,38
2978,593,1802,1,34
2979,593,1802,1,35
2980,593,1802,1,35
2981,593,1802,1,35
2982,593,1802,1,35
2983,593,1802,1,32
2984,593,1802,1,36
2985,593,1802,1,34
2986,593,1802,1,34
2987,593,1802,1,35
2988,593,1802,1,34
2989,593,1802,1,33
2990,593,1802,1,36
2991,594,1802,1,36
2992,593,1802,1,36
2993,593,1802,1,38
2994,593,1802,1,35
2995,593,1802,1,41
2996,592,1803,1,35
2997,592,1803,1,36
2998,592,1802,1,39
2999,592,1802,1,34
