46,388,1294,0,324
47,384,1297,0,324
48,381,1298,0,320
49,385,1300,0,319
50,385,1298,0,309
51,389,1295,0,304
52,394,1295,0,315
53,400,1295,0,319
54,397,1295,0,315
55,389,1295,0,312
56,388,1296,0,302
57,391,1299,0,296
58,390,1299,0,301
59,389,1295,0,319
60,386,1298,0,314
61,384,1299,0,309
62,386,1305,0,314
63,387,1306,0,321
64,387,1312,0,321
65,389,1311,0,320
66,392,1309,0,325
67,397,1304,0,331
68,398,1304,0,338
69,400,1307,0,338
70,397,1311,0,342
71,400,1310,0,346
72,400,1310,0,351
73,402,1311,0,349
74,406,1312,0,353
75,409,1312,0,352
76,409,1313,0,356
77,410,1310,0,4
78,412,1310,0,8
79,413,1311,0,21
80,411,1313,0,24
81,409,1317,0,29
82,409,1319,0,30
83,410,1316,0,33
84,414,1317,0,40
85,415,1323,0,36
86,420,1333,0,37
87,415,1335,0,32
88,414,1331,0,35
89,414,1327,0,38
90,411,1328,0,27
91,410,1327,0,26
92,410,1326,0,27
93,409,1325,0,26
94,410,1325,0,24
95,410,1325,0,23
96,413,1324,0,34
97,413,1325,0,47
98,414,1325,0,52
99,413,1325,0,60
100,414,1325,0,55
101,414,1326,0,55
102,412,1329,0,57
103,411,1330,0,64
104,412,1334,0,65
105,416,1330,0,51
106,419,1332,0,41
107,418,1333,0,38
108,418,1335,0,36
109,412,1331,0,47
110,408,1332,0,58
111,402,1331,0,63
112,399,1330,0,66
113,393,1327,0,85
114,391,1324,0,80
115,389,1321,0,85
116,387,1326,0,110
117,390,1330,0,127
118,392,1331,0,134
119,389,1328,0,139
120,385,1326,0,145
121,384,1326,0,149
122,384,1328,0,147
123,383,1329,0,149
124,383,1330,0,157
125,383,1330,0,159
126,383,1332,0,161
127,383,1333,0,162
128,388,1336,0,167
129,391,1339,0,163
130,390,1340,0,164
131,390,1342,0,167
132,389,1343,0,170
133,391,1344,0,166
134,390,1344,0,174
135,390,1344,0,176
136,389,1344,0,175
137,388,1343,0,180
138,391,1342,0,181
139,389,1343,0,197
140,390,1345,0,210
141,394,1343,0,216
142,397,1336,0,214
143,398,1334,0,216
144,395,1331,0,214
145,395,1330,0,223
146,394,1325,0,221
147,392,1329,0,215
148,391,1326,0,207
149,392,1323,0,203
150,395,1320,0,207
151,399,1319,0,234
152,401,1317,0,226
153,400,1317,0,221
154,399,1316,0,222
155,399,1315,0,220
156,400,1316,0,219
157,398,1319,0,234
158,402,1310,0,257
159,400,1303,0,264
160,402,1300,0,274
161,405,1296,0,276
162,406,1298,0,269
163,407,1295,0,268
164,410,1290,0,263
165,407,1286,0,263
166,408,1287,0,261
167,408,1287,0,259
168,408,1288,0,259
169,408,1289,0,262
170,409,1290,0,263
171,409,1290,0,264
172,410,1289,0,265
173,410,1290,0,267
174,410,1291,0,269
175,410,1292,0,270
176,413,1291,0,271
177,414,1291,0,275
178,420,1293,0,283
179,422,1292,0,295
180,423,1291,0,295
181,424,1289,0,299
182,426,1288,0,301
183,428,1288,0,306
184,430,1287,0,309
185,432,1280,0,320
186,447,1271,0,350
187,443,1273,0,341
188,439,1276,0,339
189,436,1278,0,334
190,430,1275,0,323
191,430,1270,0,319
192,431,1268,0,324
193,429,1270,0,319
194,430,1269,0,319
195,429,1268,0,316
196,428,1264,0,313
197,428,1263,0,312
198,430,1263,0,309
199,431,1263,0,310
200,431,1264,0,314
201,431,1266,0,319
202,432,1267,0,316
203,431,1265,0,313
204,430,1263,0,311
205,432,1262,0,310
206,433,1262,0,308
207,432,1265,0,310
208,430,1266,0,313
209,430,1267,0,327
210,428,1268,0,328
211,430,1267,0,325
212,428,1267,0,332
213,427,1267,0,331
214,426,1267,0,336
215,423,1265,0,340
216,421,1264,0,338
217,417,1265,0,331
218,416,1265,0,334
219,416,1265,0,332
220,412,1266,0,332
221,411,1266,0,331
222,413,1266,0,331
223,414,1267,0,332
224,412,1265,0,334
225,408,1264,0,337
226,408,1261,0,340
227,408,1258,0,349
228,409,1257,0,352
229,414,1255,0,0
230,413,1252,0,9
231,409,1249,0,14
232,401,1249,0,16
233,397,1250,0,352
234,393,1249,0,348
235,396,1250,0,346
236,389,1249,0,336
237,385,1248,0,336
238,384,1248,0,332
239,384,1251,0,333
240,384,1251,0,327
241,383,1252,0,329
242,381,1252,0,326
243,382,1254,0,324
244,381,1252,0,327
245,379,1251,0,326
246,380,1250,0,325
247,381,1250,0,326
248,380,1250,0,324
249,379,1251,0,325
250,379,1251,0,327
251,379,1250,0,330
252,379,1250,0,327
253,380,1250,0,326
254,383,1252,0,325
255,386,1250,0,325
256,385,1251,0,328
257,379,1250,0,318
258,376,1252,0,301
259,374,1248,0,280
260,374,1246,0,275
261,371,1245,0,273
262,369,1243,0,268
263,367,1242,0,266
264,369,1238,0,271
265,368,1236,0,263
266,366,1236,0,259
267,366,1232,0,251
268,367,1231,0,247
269,367,1226,0,226
270,365,1228,0,215
271,370,1233,0,187
272,371,1234,0,189
273,380,1236,0,188
274,387,1239,0,176
275,389,1234,0,170
276,391,1235,0,167
277,393,1235,0,169
278,394,1236,0,171
279,395,1236,0,170
280,395,1236,0,171
281,395,1237,0,173
282,394,1235,0,165
283,395,1234,0,166
284,395,1234,0,165
285,394,1234,0,164
286,393,1234,0,162
287,392,1233,0,159
288,394,1233,0,160
289,393,1232,0,158
290,393,1232,0,159
291,394,1232,0,155
292,395,1230,0,152
293,396,1230,0,152
294,396,1230,0,153
295,395,1228,0,152
296,395,1227,0,146
297,396,1227,0,147
298,401,1232,0,156
299,407,1237,0,187
300,405,1238,0,192
301,407,1232,0,197
302,407,1232,0,194
303,406,1233,0,193
304,409,1232,0,198
305,415,1229,0,196
306,420,1230,0,196
307,421,1231,0,197
308,422,1228,0,197
309,425,1227,0,201
310,427,1226,0,195
311,427,1226,0,194
312,427,1226,0,195
313,429,1225,0,195
314,430,1224,0,192
315,430,1224,0,189
316,430,1224,0,183
317,430,1224,0,184
318,429,1223,0,184
319,430,1223,0,183
320,431,1222,0,179
321,433,1221,0,177
322,434,1221,0,175
323,435,1217,0,152
324,434,1217,0,163
325,435,1219,0,160
326,436,1220,0,158
327,435,1221,0,158
328,434,1221,0,157
329,448,1228,0,151
330,448,1228,0,149
331,449,1227,0,148
332,447,1224,0,142
333,435,1211,0,127
334,435,1209,0,114
335,435,1208,0,114
336,435,1207,0,112
337,438,1209,0,103
338,439,1209,0,99
339,439,1208,0,96
340,440,1208,0,98
341,440,1209,0,94
342,442,1209,0,88
343,447,1212,0,80
344,449,1214,0,57
345,455,1212,0,37
346,456,1213,0,30
347,458,1212,0,25
348,455,1215,0,20
349,448,1217,0,21
350,440,1219,0,23
351,434,1226,0,20
352,433,1220,0,27
353,429,1225,0,21
354,431,1227,0,25
355,430,1229,0,26
356,428,1228,0,28
357,429,1228,0,24
358,429,1228,0,22
359,430,1227,0,21
360,430,1227,0,25
361,432,1227,0,23
362,432,1227,0,24
363,432,1227,0,26
364,432,1227,0,24
365,433,1227,0,24
366,432,1227,0,24
367,432,1227,0,24
368,432,1227,0,24
369,432,1228,0,24
370,432,1228,0,23
371,431,1229,0,23
372,432,1229,0,22
373,431,1230,0,21
374,430,1231,0,21
375,429,1231,0,19
376,429,1232,0,20
377,429,1232,0,20
378,430,1232,0,18
379,430,1232,0,19
380,429,1231,0,20
381,429,1231,0,20
382,430,1232,0,21
383,430,1232,0,21
384,430,1231,0,19
385,430,1231,0,19
386,430,1231,0,20
387,431,1231,0,20
388,430,1231,0,18
389,430,1232,0,19
390,430,1231,0,20
391,430,1232,0,20
392,430,1232,0,20
393,430,1232,0,21
394,431,1232,0,21
395,431,1232,0,21
396,431,1232,0,20
397,430,1232,0,21
398,431,1232,0,21
399,431,1232,0,20
400,431,1232,0,21
401,431,1232,0,19
402,431,1232,0,20
403,431,1232,0,20
404,431,1232,0,21
405,431,1232,0,19
406,432,1232,0,19
407,431,1232,0,19
408,431,1232,0,20
409,431,1232,0,19
410,432,1232,0,20
411,431,1232,0,19
412,430,1231,0,19
413,430,1231,0,20
414,431,1229,0,23
415,431,1229,0,25
416,431,1229,0,25
417,431,1229,0,24
418,431,1229,0,24
419,431,1229,0,24
420,431,1229,0,24
421,432,1229,0,23
422,432,1230,0,22
423,432,1230,0,23
424,432,1230,0,24
425,433,1228,0,23
426,433,1228,0,21
427,433,1229,0,21
428,434,1229,0,23
429,434,1229,0,21
430,434,1229,0,22
431,434,1228,0,21
432,433,1228,0,23
433,433,1229,0,23
434,432,1229,0,25
435,432,1229,0,26
436,431,1229,0,25
437,432,1229,0,25
438,432,1229,0,26
439,431,1229,0,25
440,431,1229,0,26
441,431,1229,0,25
442,432,1228,0,23
443,432,1228,0,24
444,433,1228,0,23
445,433,1228,0,23
446,433,1229,0,22
447,433,1229,0,23
448,432,1229,0,24
449,432,1229,0,24
450,433,1229,0,23
451,432,1229,0,24
452,432,1229,0,24
453,432,1229,0,24
454,433,1229,0,23
455,432,1229,0,24
456,433,1229,0,23
457,433,1229,0,22
458,433,1229,0,22
459,433,1229,0,22
460,432,1228,0,24
461,433,1228,0,24
462,432,1229,0,25
463,432,1229,0,25
464,432,1229,0,25
465,433,1229,0,24
466,432,1229,0,24
467,432,1230,0,25
468,432,1230,0,25
469,432,1229,0,25
470,432,1229,0,24
471,433,1229,0,23
472,433,1229,0,23
473,433,1229,0,23
474,432,1229,0,24
475,432,1229,0,24
476,433,1229,0,25
477,433,1229,0,23
478,433,1229,0,23
479,433,1229,0,24
480,433,1228,0,25
481,433,1229,0,25
482,433,1229,0,24
483,433,1229,0,24
484,433,1229,0,24
485,433,1229,0,25
486,433,1229,0,24
487,433,1229,0,24
488,432,1229,0,25
489,433,1229,0,26
490,433,1229,0,25
491,433,1229,0,25
492,433,1229,0,25
493,433,1229,0,25
494,433,1229,0,25
495,433,1229,0,27
496,433,1229,0,27
497,433,1229,0,27
498,432,1230,0,27
499,432,1230,0,27
500,433,1230,0,26
501,433,1229,0,28
502,433,1230,0,27
503,432,1230,0,28
504,432,1230,0,27
505,432,1230,0,28
506,433,1230,0,27
507,432,1230,0,27
508,433,1230,0,26
509,433,1230,0,27
510,433,1230,0,27
511,433,1230,0,24
512,434,1229,0,27
513,434,1229,0,26
514,433,1227,0,26
515,433,1227,0,25
516,433,1227,0,25
517,433,1227,0,23
518,433,1227,0,23
519,432,1227,0,23
520,433,1227,0,21
521,434,1227,0,24
522,433,1226,0,21
523,433,1225,0,21
524,434,1225,0,23
525,433,1225,0,23
526,433,1224,0,25
527,431,1218,0,25
528,429,1218,0,27
529,430,1222,0,19
530,431,1225,0,19
531,432,1225,0,18
532,430,1225,0,13
533,429,1225,0,16
534,429,1226,0,13
535,428,1225,0,9
536,426,1224,0,2
537,425,1224,0,0
538,424,1223,0,354
539,422,1224,0,342
540,421,1225,0,318
541,421,1225,0,306
542,419,1229,0,293
543,416,1228,0,289
544,410,1227,0,287
545,410,1225,0,296
546,409,1226,0,291
547,408,1231,0,284
548,408,1228,0,270
549,404,1226,0,236
550,406,1227,0,235
551,406,1229,0,220
552,413,1226,0,206
553,415,1224,0,191
554,415,1224,0,185
555,416,1223,0,187
556,418,1225,0,189
557,418,1225,0,185
558,418,1221,0,180
559,417,1220,0,184
560,419,1220,0,181
561,419,1219,0,180
562,419,1221,0,183
563,420,1223,0,186
564,421,1224,0,186
565,423,1225,0,187
566,423,1227,0,191
567,425,1228,0,196
568,425,1227,0,199
569,425,1227,0,199
570,426,1227,0,198
571,425,1228,0,201
572,424,1229,0,201
573,422,1229,0,200
574,423,1224,0,196
575,414,1223,0,188
576,415,1224,0,188
577,415,1223,0,185
578,416,1227,0,194
579,418,1225,0,186
580,418,1224,0,190
581,421,1224,0,194
582,420,1225,0,196
583,420,1225,0,198
584,422,1226,0,197
585,420,1225,0,197
586,420,1231,0,201
587,418,1230,0,200
588,419,1230,0,197
589,423,1229,0,191
590,426,1229,0,191
591,421,1238,0,206
592,420,1237,0,203
593,420,1234,0,192
594,419,1235,0,184
595,416,1237,0,155
596,416,1240,0,148
597,416,1241,0,146
598,419,1245,0,156
599,416,1250,0,183
600,422,1253,0,212
601,433,1246,0,235
602,434,1243,0,250
603,433,1241,0,247
604,434,1244,0,249
605,439,1242,0,267
606,440,1243,0,269
607,441,1240,0,267
608,442,1240,0,269
609,444,1240,0,271
610,444,1241,0,274
611,442,1239,0,273
612,442,1240,0,276
613,444,1241,0,282
614,451,1241,0,293
615,448,1245,0,289
616,450,1246,0,289
617,450,1245,0,288
618,449,1244,0,287
619,445,1244,0,282
620,444,1244,0,279
621,443,1244,0,278
622,443,1243,0,279
623,441,1243,0,280
624,441,1244,0,278
625,442,1244,0,278
626,440,1241,0,271
627,439,1239,0,263
628,439,1240,0,271
629,439,1240,0,270
630,440,1236,0,270
631,441,1235,0,274
632,442,1235,0,277
633,442,1234,0,276
634,442,1234,0,278
635,442,1235,0,274
636,442,1237,0,269
637,443,1242,0,275
638,443,1245,0,272
639,442,1250,0,273
640,443,1252,0,265
641,442,1251,0,262
642,442,1253,0,264
643,443,1257,0,284
644,445,1260,0,290
645,446,1264,0,284
646,446,1264,0,280
647,445,1265,0,276
648,444,1266,0,270
649,441,1264,0,272
650,442,1262,0,276
651,441,1263,0,288
652,444,1267,0,290
653,447,1270,0,294
654,448,1270,0,297
655,452,1267,0,308
656,456,1266,0,320
657,456,1265,0,316
658,454,1265,0,318
659,455,1265,0,316
660,455,1264,0,318
661,456,1266,0,319
662,456,1266,0,317
663,455,1265,0,318
664,455,1266,0,319
665,458,1263,0,317
666,458,1264,0,317
667,460,1265,0,322
668,460,1264,0,324
669,462,1260,0,327
670,461,1262,0,332
671,459,1265,0,330
672,457,1263,0,333
673,456,1262,0,337
674,454,1262,0,334
675,457,1262,0,336
676,455,1260,0,334
677,453,1261,0,336
678,448,1262,0,335
679,447,1262,0,335
680,447,1260,0,330
681,445,1259,0,329
682,443,1255,0,329
683,440,1256,0,331
684,438,1256,0,328
685,437,1254,0,330
686,436,1254,0,329
687,436,1252,0,331
688,436,1250,0,332
689,436,1250,0,327
690,435,1249,0,331
691,435,1249,0,332
692,435,1248,0,332
693,436,1247,0,338
694,438,1247,0,340
695,437,1245,0,344
696,438,1244,0,344
697,433,1242,0,348
698,431,1243,0,342
699,430,1241,0,341
700,428,1240,0,351
701,423,1243,0,350
702,419,1245,0,358
703,415,1246,0,7
704,417,1248,0,6
705,414,1246,0,13
706,412,1246,0,13
707,408,1241,0,9
708,406,1242,0,5
709,399,1240,0,3
710,398,1241,0,2
711,397,1241,0,1
712,397,1241,0,2
713,398,1244,0,355
714,399,1245,0,348
715,397,1243,0,348
716,394,1241,0,349
717,390,1244,0,345
718,390,1242,0,348
719,393,1240,0,347
720,390,1236,0,336
721,383,1234,0,316
722,381,1235,0,313
723,383,1228,0,292
724,382,1226,0,279
725,384,1226,0,270
726,387,1221,0,262
727,387,1215,0,246
728,387,1215,0,237
729,390,1214,0,221
730,390,1208,0,191
731,393,1201,0,187
732,391,1201,0,173
733,392,1205,0,175
734,392,1206,0,191
735,392,1206,0,198
736,392,1207,0,195
737,392,1206,0,196
738,391,1206,0,181
739,391,1206,0,165
740,393,1209,0,159
741,396,1215,0,148
742,399,1212,0,110
743,401,1216,0,105
744,404,1215,0,102
745,407,1216,0,107
746,408,1215,0,104
747,409,1214,0,102
748,410,1215,0,99
749,410,1215,0,98
750,410,1215,0,100
751,411,1216,0,98
752,411,1216,0,98
753,411,1214,0,102
754,411,1214,0,97
755,410,1213,0,100
756,405,1216,0,104
757,401,1218,0,126
758,400,1219,0,135
759,398,1220,0,126
760,398,1221,0,122
761,398,1222,0,126
762,398,1223,0,133
763,397,1223,0,136
764,395,1225,0,144
765,394,1227,0,143
766,399,1230,0,140
767,403,1228,0,131
768,403,1227,0,124
769,405,1227,0,109
770,404,1226,0,97
771,404,1223,0,93
772,402,1222,0,86
773,397,1226,0,77
774,392,1229,0,73
775,388,1227,0,75
776,391,1227,0,94
777,392,1233,0,96
778,393,1242,0,120
779,392,1243,0,118
780,392,1247,0,128
781,396,1250,0,129
782,395,1251,0,131
783,397,1254,0,129
784,394,1255,0,130
785,395,1258,0,139
786,393,1260,0,139
787,393,1261,0,146
788,394,1262,0,145
789,394,1263,0,147
790,394,1262,0,150
791,393,1261,0,154
792,393,1262,0,148
793,396,1261,0,151
794,394,1260,0,155
795,393,1261,0,153
796,395,1261,0,153
797,395,1261,0,152
798,396,1261,0,151
799,397,1260,0,147
800,398,1259,0,139
801,398,1259,0,138
802,399,1258,0,134
803,401,1257,0,133
804,401,1255,0,132
805,397,1254,0,136
806,394,1254,0,139
807,397,1257,0,161
808,399,1255,0,172
809,399,1253,0,177
810,399,1252,0,182
811,398,1250,0,206
812,401,1250,0,228
813,401,1250,0,231
814,400,1252,0,238
815,399,1250,0,227
816,394,1248,0,213
817,396,1246,0,214
818,397,1249,0,216
819,397,1250,0,213
820,397,1250,0,213
821,396,1250,0,212
822,397,1250,0,214
823,397,1251,0,215
824,397,1251,0,218
825,397,1251,0,216
826,397,1250,0,215
827,397,1249,0,214
828,397,1249,0,212
829,396,1246,0,204
830,394,1244,0,192
831,392,1239,0,171
832,391,1236,0,164
833,393,1233,0,164
834,396,1233,0,161
835,396,1234,0,163
836,395,1234,0,163
837,393,1234,0,164
838,390,1241,0,177
839,393,1240,0,172
840,399,1244,0,182
841,405,1242,0,181
842,406,1243,0,182
843,412,1246,0,192
844,410,1245,0,189
845,411,1245,0,177
846,413,1250,0,170
847,417,1259,0,178
848,418,1260,0,183
849,416,1257,0,160
850,421,1259,0,141
851,422,1260,0,132
852,419,1265,0,117
853,420,1262,0,102
854,426,1265,0,96
855,432,1268,0,90
858,450,1279,0,4
859,446,1281,0,356
860,441,1278,0,343
861,437,1279,0,343
862,434,1278,0,341
863,434,1278,0,338
864,433,1279,0,333
865,433,1277,0,336
866,434,1278,0,336
867,433,1278,0,334
868,433,1279,0,329
869,432,1280,0,329
870,432,1278,0,333
871,430,1278,0,333
872,430,1277,0,332
873,429,1276,0,332
874,428,1276,0,334
875,429,1277,0,335
876,430,1276,0,334
877,430,1277,0,335
878,430,1275,0,332
879,428,1274,0,333
880,429,1274,0,335
881,430,1275,0,335
882,431,1275,0,336
883,430,1276,0,334
884,430,1275,0,336
885,431,1276,0,344
886,431,1275,0,343
887,431,1278,0,338
888,430,1279,0,341
889,430,1278,0,342
890,432,1278,0,343
891,434,1279,0,340
892,435,1278,0,343
893,432,1291,0,337
894,429,1287,0,323
895,431,1285,0,326
896,430,1283,0,316
897,427,1283,0,300
898,426,1280,0,303
899,429,1274,0,294
900,422,1274,0,289
901,426,1270,0,296
902,418,1263,0,279
903,418,1264,0,282
904,419,1262,0,282
905,419,1260,0,283
906,418,1258,0,280
907,419,1258,0,282
908,419,1259,0,282
909,419,1259,0,283
910,419,1259,0,281
911,419,1259,0,282
912,419,1260,0,284
913,419,1260,0,287
914,418,1260,0,288
915,418,1259,0,286
916,420,1260,0,287
917,420,1261,0,286
918,420,1263,0,289
919,418,1265,0,291
920,417,1267,0,294
921,417,1264,0,303
922,413,1262,0,308
923,412,1264,0,313
924,413,1264,0,311
925,411,1263,0,303
926,411,1265,0,303
927,409,1266,0,306
928,404,1270,0,300
929,403,1275,0,305
930,402,1277,0,298
931,401,1275,0,288
932,405,1268,0,281
933,403,1268,0,275
934,395,1267,0,267
935,392,1267,0,262
936,392,1267,0,262
937,386,1253,0,243
938,382,1245,0,227
939,384,1241,0,215
940,386,1243,0,216
941,386,1239,0,210
942,386,1235,0,207
943,396,1243,0,213
944,394,1240,0,214
945,398,1238,0,224
946,397,1237,0,221
947,399,1235,0,211
948,400,1234,0,203
949,400,1230,0,193
950,401,1220,0,204
951,406,1215,0,177
952,406,1218,0,173
953,406,1217,0,175
954,409,1218,0,174
955,411,1219,0,171
956,409,1219,0,162
957,410,1218,0,151
958,412,1218,0,142
959,411,1217,0,140
960,412,1217,0,139
961,412,1217,0,135
962,411,1218,0,138
963,411,1216,0,134
964,411,1216,0,133
965,410,1216,0,130
966,410,1217,0,135
967,410,1217,0,138
968,409,1217,0,139
969,410,1217,0,136
970,409,1217,0,138
971,408,1216,0,141
972,409,1216,0,142
973,409,1215,0,142
974,412,1216,0,147
975,413,1217,0,148
976,414,1218,0,147
977,414,1219,0,141
978,414,1219,0,142
979,413,1221,0,134
980,414,1224,0,134
981,417,1225,0,137
982,418,1227,0,136
983,419,1227,0,134
984,422,1227,0,130
985,422,1227,0,130
986,421,1227,0,130
987,425,1227,0,123
988,422,1225,0,127
989,419,1222,0,132
990,417,1222,0,134
991,416,1222,0,137
992,418,1223,0,134
993,418,1221,0,130
994,419,1219,0,127
995,421,1220,0,131
996,421,1222,0,125
997,423,1225,0,123
998,425,1227,0,124
999,425,1226,0,126
1000,426,1224,0,121
1001,423,1218,0,114
1002,420,1215,0,112
1003,422,1210,0,116
1004,420,1208,0,103
1005,419,1209,0,90
1006,419,1212,0,82
1007,421,1214,0,82
1008,419,1214,0,82
1009,418,1216,0,86
1010,417,1216,0,88
1011,416,1216,0,93
1012,416,1216,0,93
1013,416,1217,0,94
1014,416,1216,0,93
1015,413,1213,0,90
1016,412,1212,0,89
1017,414,1212,0,91
1018,415,1211,0,91
1019,414,1212,0,90
1020,414,1210,0,93
1021,415,1210,0,94
1022,414,1209,0,94
1023,415,1210,0,93
1024,415,1210,0,95
1025,415,1210,0,95
1026,415,1209,0,95
1027,414,1208,0,95
1028,414,1208,0,94
1029,415,1207,0,95
1030,415,1205,0,94
1031,415,1202,0,92
1032,415,1204,0,93
1033,415,1204,0,92
1034,415,1204,0,91
1035,416,1203,0,90
1036,416,1205,0,87
1037,416,1205,0,87
1038,416,1205,0,89
1039,416,1207,0,88
1040,416,1208,0,87
1041,416,1205,0,90
1042,416,1206,0,90
1043,414,1207,0,94
1044,412,1210,0,94
1045,410,1216,0,94
1046,410,1218,0,96
1047,408,1219,0,104
1048,408,1219,0,104
1049,409,1218,0,102
1050,410,1217,0,99
1051,410,1216,0,99
1052,410,1217,0,100
1053,411,1216,0,100
1054,411,1216,0,93
1055,411,1217,0,88
1056,413,1215,0,90
1057,416,1218,0,84
1058,417,1219,0,76
1059,417,1219,0,73
1060,417,1218,0,73
1061,417,1219,0,73
1062,418,1219,0,72
1063,419,1219,0,66
1064,423,1224,0,56
1065,423,1225,0,52
1066,422,1225,0,52
1067,421,1224,0,53
1068,420,1224,0,53
1069,419,1224,0,50
1070,419,1224,0,50
1071,421,1222,0,45
1072,420,1222,0,46
1073,421,1223,0,43
1074,423,1223,0,41
1075,422,1222,0,41
1076,422,1221,0,40
1077,425,1224,0,43
1078,426,1227,0,41
1079,425,1229,0,44
1080,425,1230,0,43
1081,424,1231,0,50
1082,424,1230,0,54
1083,423,1228,0,57
1084,421,1228,0,61
1085,421,1227,0,60
1086,420,1227,0,65
1087,421,1226,0,66
1088,420,1224,0,71
1089,420,1223,0,70
1090,421,1222,0,64
1091,421,1223,0,60
1092,420,1223,0,63
1093,419,1222,0,66
1094,419,1222,0,66
1095,420,1222,0,64
1096,422,1224,0,59
1097,422,1225,0,61
1098,422,1224,0,64
1099,425,1221,0,68
1100,423,1221,0,73
1101,422,1222,0,79
1102,423,1223,0,78
1103,424,1227,0,81
1104,425,1229,0,79
1105,421,1230,0,80
1106,421,1230,0,78
1107,422,1231,0,72
1108,422,1232,0,74
1109,423,1232,0,75
1110,422,1231,0,78
1111,424,1229,0,69
1112,423,1229,0,72
1113,423,1232,0,71
1114,421,1233,0,74
1115,422,1236,0,78
1116,418,1238,0,86
1117,414,1237,0,107
1118,416,1244,0,144
1121,431,1266,0,214
1122,426,1264,0,225
1123,426,1266,0,231
1124,422,1264,0,228
1125,420,1263,0,251
1126,424,1258,0,268
1127,423,1257,0,283
1128,425,1256,0,299
1129,428,1258,0,306
1130,426,1257,0,305
1131,421,1258,0,293
1132,420,1259,0,291
1133,417,1258,0,287
1134,414,1258,0,278
1135,413,1260,0,274
1136,411,1259,0,271
1137,410,1256,0,263
1138,411,1256,0,259
1139,412,1256,0,260
1140,411,1256,0,262
1141,411,1256,0,259
1142,412,1257,0,265
1143,413,1256,0,265
1144,413,1256,0,267
1145,414,1255,0,268
1146,414,1256,0,267
1147,414,1256,0,271
1148,415,1256,0,272
1149,416,1256,0,273
1150,415,1256,0,277
1151,415,1256,0,281
1152,421,1256,0,295
1153,425,1255,0,305
1154,428,1256,0,307
1155,427,1255,0,305
1156,426,1255,0,304
1157,426,1255,0,309
1158,428,1255,0,307
1159,428,1255,0,310
1160,430,1254,0,316
1161,428,1253,0,325
1162,424,1252,0,338
1163,420,1251,0,341
1164,418,1249,0,345
1165,418,1250,0,348
1166,418,1249,0,352
1167,418,1249,0,352
1168,418,1249,0,351
1169,418,1249,0,355
1170,418,1247,0,2
1171,416,1248,0,4
1172,416,1247,0,4
1173,418,1246,0,359
1174,418,1246,0,356
1175,421,1246,0,359
1176,420,1247,0,0
1177,419,1246,0,0
1178,419,1247,0,2
1179,419,1247,0,4
1180,419,1246,0,6
1181,417,1246,0,11
1182,417,1245,0,8
1183,419,1242,0,20
1184,418,1238,0,21
1185,414,1241,0,21
1186,414,1242,0,17
1187,413,1240,0,23
1188,412,1240,0,26
1189,408,1241,0,27
1190,405,1240,0,32
1191,404,1240,0,36
1192,404,1241,0,37
1193,404,1241,0,40
1194,404,1240,0,39
1195,402,1240,0,42
1196,402,1240,0,43
1197,401,1241,0,40
1198,402,1241,0,42
1199,403,1241,0,45
1200,402,1241,0,46
1201,402,1241,0,45
1202,403,1241,0,45
1203,403,1241,0,45
1204,403,1241,0,43
1205,402,1240,0,42
1206,402,1240,0,44
1207,402,1237,0,44
1208,403,1233,0,48
1209,401,1231,0,50
1210,400,1231,0,61
1211,399,1229,0,89
1212,396,1229,0,93
1213,395,1233,0,86
1214,393,1232,0,96
1215,394,1232,0,98
1216,396,1233,0,114
1217,398,1235,0,137
1218,398,1235,0,147
1219,396,1234,0,161
1220,396,1235,0,173
1221,394,1237,0,179
1222,396,1236,0,167
1223,396,1238,0,171
1224,398,1238,0,170
1225,399,1238,0,173
1226,400,1236,0,175
1227,400,1235,0,172
1228,401,1235,0,172
1229,400,1233,0,171
1230,400,1233,0,167
1231,399,1233,0,166
1232,399,1231,0,164
1233,399,1230,0,160
1234,398,1227,0,154
1235,398,1223,0,158
1236,398,1223,0,152
1237,397,1226,0,146
1238,402,1230,0,173
1239,405,1232,0,188
1240,407,1227,0,185
1241,406,1227,0,190
1242,409,1225,0,186
1243,412,1224,0,187
1244,416,1222,0,190
1245,418,1220,0,182
1246,418,1222,0,188
1247,420,1222,0,187
1248,421,1223,0,189
1249,422,1223,0,189
1250,417,1224,0,189
1251,416,1222,0,185
1252,417,1225,0,188
1253,417,1227,0,189
1254,416,1228,0,195
1255,418,1226,0,191
1256,418,1226,0,191
1257,418,1226,0,187
1260,428,1226,0,111
1261,429,1226,0,107
1262,428,1225,0,102
1263,427,1224,0,95
1264,429,1226,0,88
1265,434,1228,0,70
1266,435,1228,0,64
1267,435,1227,0,60
1268,434,1226,0,59
1269,432,1226,0,63
1270,429,1229,0,67
1271,428,1229,0,72
1272,429,1235,0,82
1273,429,1239,0,82
1274,428,1242,0,81
1275,428,1242,0,78
1276,426,1240,0,81
1277,426,1239,0,79
1278,426,1238,0,79
1279,427,1238,0,85
1280,428,1240,0,91
1281,428,1242,0,93
1282,429,1241,0,90
1283,427,1240,0,95
1284,426,1239,0,93
1285,427,1240,0,77
1286,426,1241,0,67
1287,426,1247,0,63
1288,424,1251,0,61
1289,425,1252,0,58
1290,430,1254,0,46
1291,428,1255,0,46
1292,425,1257,0,50
1293,425,1258,0,49
1294,427,1257,0,47
1295,429,1253,0,50
1296,426,1254,0,50
1297,423,1259,0,34
1298,422,1261,0,29
1299,423,1267,0,16
1300,425,1268,0,5
1301,426,1270,0,2
1302,427,1270,0,351
1303,428,1268,0,336
1304,427,1267,0,328
1305,426,1268,0,317
1306,421,1267,0,309
1307,419,1268,0,308
1308,419,1268,0,298
1309,421,1265,0,293
1310,422,1261,0,291
1311,423,1261,0,294
1312,423,1258,0,295
1313,424,1258,0,298
1314,424,1257,0,300
1315,424,1257,0,301
1316,425,1258,0,301
1317,424,1260,0,305
1318,424,1260,0,300
1319,421,1261,0,294
1320,419,1262,0,293
1321,419,1264,0,303
1322,417,1257,0,313
1323,413,1252,0,314
1324,410,1250,0,320
1325,411,1250,0,323
1326,411,1250,0,325
1327,412,1250,0,324
1328,412,1250,0,324
1329,412,1250,0,325
1330,412,1251,0,324
1331,412,1251,0,326
1332,413,1252,0,325
1333,413,1252,0,325
1334,415,1252,0,324
1335,414,1251,0,324
1336,414,1251,0,323
1337,414,1252,0,323
1338,414,1252,0,324
1339,413,1250,0,325
1340,409,1248,0,332
1341,404,1248,0,333
1342,399,1242,0,334
1343,392,1241,0,335
1344,389,1243,0,321
1345,385,1242,0,305
1346,382,1237,0,302
1347,381,1231,0,310
1348,378,1233,0,319
1349,374,1234,0,316
1350,372,1232,0,312
1351,373,1228,0,309
1352,374,1231,0,305
1353,372,1230,0,293
1354,367,1222,0,280
1355,368,1217,0,267
1356,366,1215,0,255
1357,364,1212,0,243
1358,365,1212,0,233
1359,368,1202,0,230
1360,370,1205,0,235
1361,370,1200,0,224
1362,371,1200,0,224
1363,370,1200,0,218
1364,368,1203,0,217
1365,370,1202,0,222
1366,373,1202,0,224
1367,372,1203,0,226
1368,370,1203,0,224
1369,373,1204,0,224
1370,373,1203,0,225
1371,374,1202,0,229
1372,376,1198,0,250
1373,376,1204,0,235
1374,376,1205,0,237
1375,377,1204,0,238
1376,376,1208,0,238
1377,375,1207,0,236
1378,372,1206,0,229
1379,370,1203,0,220
1380,371,1203,0,221
1381,371,1201,0,221
1382,370,1203,0,226
1383,372,1204,0,226
1384,374,1205,0,230
1385,375,1204,0,231
1386,376,1204,0,236
1387,376,1204,0,238
1388,376,1204,0,237
1389,376,1205,0,242
1390,377,1206,0,248
1391,377,1205,0,247
1392,376,1206,0,245
1393,375,1207,0,248
1394,374,1210,0,241
1395,372,1213,0,238
1396,369,1208,0,234
1397,372,1204,0,233
1398,375,1203,0,235
1399,378,1201,0,236
1400,378,1201,0,233
1401,374,1201,0,218
1402,372,1198,0,205
1403,371,1196,0,200
1404,373,1198,0,193
1405,373,1200,0,185
1406,374,1198,0,179
1407,378,1199,0,172
1408,384,1200,0,164
1409,387,1198,0,161
1410,386,1201,0,166
1411,388,1204,0,167
1412,382,1201,0,147
1413,389,1204,0,114
1414,387,1202,0,109
1415,385,1199,0,107
1416,386,1196,0,99
1417,384,1194,0,99
1418,386,1192,0,98
1419,386,1194,0,102
1420,384,1193,0,110
1421,384,1194,0,109
1422,384,1193,0,112
1423,383,1192,0,111
1424,382,1191,0,118
1425,382,1191,0,113
1426,383,1191,0,114
1427,383,1190,0,111
1428,382,1189,0,115
1429,385,1191,0,111
1430,384,1191,0,113
1431,382,1192,0,111
1432,382,1193,0,114
1433,381,1193,0,115
1434,381,1193,0,121
1435,381,1195,0,121
1436,381,1196,0,120
1437,380,1196,0,117
1438,379,1197,0,119
1439,377,1198,0,124
1440,377,1198,0,119
1441,376,1199,0,122
1442,376,1199,0,122
1443,376,1200,0,122
1444,376,1203,0,129
1445,377,1204,0,135
1446,380,1206,0,131
1447,381,1209,0,137
1448,380,1208,0,138
1449,380,1207,0,145
1450,380,1210,0,148
1451,381,1211,0,149
1452,382,1212,0,147
1453,382,1212,0,142
1454,385,1216,0,144
1455,386,1217,0,143
1456,385,1217,0,146
1457,387,1217,0,159
1458,389,1217,0,162
1459,391,1215,0,166
1460,390,1214,0,148
1461,393,1213,0,117
1462,392,1216,0,128
1463,392,1219,0,144
1464,392,1224,0,144
1465,394,1225,0,144
1466,394,1227,0,147
1467,394,1227,0,145
1468,394,1228,0,145
1469,394,1226,0,141
1470,393,1225,0,138
1471,394,1224,0,137
1472,394,1224,0,137
1473,394,1225,0,139
1474,394,1225,0,138
1475,396,1225,0,139
1476,395,1225,0,138
1477,396,1225,0,137
1478,396,1225,0,138
1479,399,1227,0,139
1480,402,1226,0,130
1481,402,1225,0,127
1482,401,1224,0,126
1483,400,1223,0,127
1484,399,1222,0,129
1485,399,1222,0,129
1486,399,1223,0,128
1487,399,1223,0,127
1488,401,1223,0,124
1489,401,1222,0,123
1490,401,1222,0,123
1491,401,1223,0,121
1492,402,1224,0,120
1493,402,1224,0,118
1494,402,1223,0,118
1495,402,1223,0,119
1496,403,1222,0,119
1497,403,1222,0,117
1498,403,1222,0,117
1499,403,1222,0,118
1500,403,1222,0,120
1501,403,1222,0,123
1502,403,1222,0,124
1503,403,1222,0,119
1504,403,1222,0,122
1505,401,1223,0,121
1506,401,1225,0,125
1507,401,1225,0,124
1508,401,1225,0,123
1509,400,1226,0,121
1510,399,1225,0,122
1511,399,1225,0,114
1512,399,1225,0,122
1513,399,1227,0,128
1514,399,1228,0,125
1515,399,1228,0,132
1516,399,1228,0,128
1517,401,1228,0,131
1518,401,1227,0,129
1519,402,1227,0,134
1520,402,1227,0,132
1521,402,1226,0,129
1522,402,1225,0,126
1523,403,1226,0,127
1524,404,1227,0,131
1525,403,1225,0,130
1526,402,1224,0,129
1527,401,1224,0,129
1528,401,1223,0,127
1529,401,1222,0,125
1530,402,1222,0,112
1531,402,1223,0,109
1532,402,1223,0,107
1533,402,1225,0,112
1534,400,1225,0,120
1535,402,1226,0,122
1536,403,1222,0,102
1537,405,1218,0,92
1538,405,1219,0,96
1539,406,1219,0,93
1540,409,1220,0,95
1541,407,1228,0,99
1542,407,1228,0,100
1543,407,1229,0,95
1544,405,1229,0,105
1545,403,1232,0,128
1546,403,1235,0,135
1547,404,1234,0,135
1548,402,1239,0,154
1549,403,1241,0,167
1550,405,1242,0,175
1551,403,1238,0,187
1552,404,1239,0,203
1553,400,1241,0,207
1554,400,1240,0,214
1555,399,1241,0,212
1556,399,1242,0,212
1557,399,1243,0,216
1558,400,1243,0,222
1559,399,1242,0,221
1560,397,1243,0,221
1561,395,1245,0,220
1562,394,1246,0,218
1563,393,1246,0,219
1564,393,1247,0,220
1565,393,1248,0,216
1566,395,1247,0,213
1567,395,1248,0,215
1568,395,1249,0,212
1569,395,1247,0,214
1570,396,1245,0,203
1571,396,1244,0,199
1572,396,1245,0,203
1573,396,1244,0,201
1574,394,1245,0,201
1575,394,1244,0,202
1576,395,1243,0,199
1577,394,1242,0,198
1578,397,1241,0,197
1579,400,1237,0,199
1580,400,1237,0,199
1581,397,1237,0,177
1582,397,1238,0,177
1583,395,1240,0,173
1584,394,1239,0,170
1585,396,1240,0,176
1586,396,1241,0,180
1587,397,1242,0,187
1588,398,1240,0,194
1589,397,1240,0,192
1590,397,1240,0,186
1591,397,1240,0,187
1592,397,1241,0,194
1593,397,1242,0,191
1594,397,1240,0,184
1595,397,1240,0,179
1596,397,1238,0,177
1597,397,1236,0,175
1598,397,1234,0,171
1599,397,1232,0,170
1600,399,1229,0,152
1601,402,1227,0,145
1602,402,1225,0,134
1603,405,1227,0,120
1604,405,1228,0,124
1605,407,1231,0,131
1606,412,1233,0,135
1607,417,1232,0,119
1608,414,1232,0,108
1609,414,1228,0,85
1610,414,1229,0,84
1611,419,1225,0,68
1612,423,1226,0,50
1613,424,1226,0,54
1614,426,1225,0,52
1615,429,1226,0,41
1616,428,1230,0,37
1617,430,1233,0,25
1618,432,1232,0,20
1619,433,1233,0,23
1620,433,1231,0,25
1621,433,1232,0,19
1622,434,1237,0,9
1623,435,1243,0,356
1624,439,1251,0,349
1625,435,1249,0,338
1626,431,1251,0,331
1627,429,1252,0,327
1628,429,1253,0,322
1629,430,1251,0,324
1630,431,1251,0,329
1631,431,1251,0,328
1632,431,1251,0,326
1633,432,1248,0,328
1634,431,1247,0,328
1635,431,1247,0,329
1636,431,1247,0,328
1637,430,1247,0,329
1638,431,1246,0,334
1639,430,1249,0,330
1640,429,1250,0,325
1641,427,1251,0,321
1642,427,1251,0,324
1643,432,1252,0,332
1644,431,1251,0,331
1645,432,1251,0,325
1646,429,1246,0,321
1647,429,1246,0,330
1648,431,1248,0,332
1649,433,1250,0,324
1650,432,1248,0,322
1651,431,1247,0,324
1652,431,1247,0,328
1653,431,1247,0,327
1654,430,1246,0,327
1655,429,1246,0,326
1656,429,1247,0,327
1657,428,1247,0,322
1658,427,1246,0,323
1659,428,1247,0,319
1660,428,1247,0,320
1661,428,1247,0,316
1662,427,1246,0,321
1663,427,1245,0,313
1664,426,1245,0,305
1665,425,1245,0,310
1666,425,1245,0,311
1667,426,1244,0,304
1668,426,1244,0,312
1669,425,1244,0,317
1670,425,1244,0,320
1671,425,1244,0,316
1672,425,1243,0,324
1673,425,1242,0,327
1674,426,1243,0,323
1675,426,1244,0,321
1676,427,1244,0,321
1677,427,1244,0,322
1678,428,1245,0,318
1679,428,1247,0,315
1680,429,1248,0,317
1681,430,1248,0,318
1682,430,1248,0,319
1683,430,1248,0,320
1684,430,1245,0,326
1685,430,1246,0,325
1686,431,1246,0,326
1687,431,1245,0,329
1688,432,1244,0,330
1689,433,1243,0,330
1690,434,1242,0,332
1691,434,1242,0,332
1692,434,1242,0,333
1693,434,1242,0,332
1694,434,1241,0,333
1695,433,1240,0,337
1696,432,1239,0,343
1697,431,1239,0,346
1698,433,1240,0,342
1699,433,1241,0,335
1700,432,1240,0,340
1701,433,1240,0,338
1702,433,1240,0,335
1703,432,1241,0,336
1704,430,1241,0,333
1705,429,1241,0,327
1706,429,1241,0,327
1707,429,1243,0,322
1708,429,1243,0,321
1709,428,1244,0,323
1710,429,1243,0,319
1711,429,1243,0,319
1712,431,1244,0,318
1713,430,1243,0,319
1714,430,1243,0,318
1715,429,1243,0,318
1716,428,1243,0,319
1717,428,1244,0,317
1718,428,1244,0,319
1719,427,1244,0,320
1720,426,1247,0,313
1721,426,1248,0,312
1722,426,1249,0,311
1723,426,1249,0,314
1724,425,1248,0,312
1725,424,1249,0,311
1726,425,1250,0,311
1727,427,1254,0,310
1728,429,1256,0,312
1729,428,1256,0,311
1730,429,1256,0,313
1731,429,1256,0,310
1732,427,1254,0,316
1733,427,1253,0,311
1734,428,1254,0,303
1735,429,1256,0,297
1736,429,1257,0,288
1737,427,1254,0,278
1738,427,1253,0,274
1739,428,1254,0,280
1740,428,1255,0,278
1741,429,1254,0,273
1742,429,1258,0,282
1743,429,1259,0,284
1744,428,1257,0,285
1745,428,1255,0,287
1746,428,1253,0,287
1747,429,1248,0,298
1748,428,1247,0,303
1749,427,1248,0,308
1750,427,1245,0,313
1751,427,1248,0,306
1752,429,1244,0,306
1753,429,1242,0,306
1754,432,1243,0,309
1755,432,1243,0,312
1756,431,1242,0,315
1757,433,1236,0,317
1758,435,1233,0,337
1759,432,1232,0,350
1760,433,1225,0,358
1761,436,1228,0,359
1762,435,1228,0,7
1763,438,1224,0,27
1764,434,1224,0,31
1765,431,1224,0,35
1766,431,1221,0,37
1767,430,1222,0,39
1768,428,1225,0,43
1769,429,1225,0,42
1770,429,1225,0,39
1771,429,1226,0,35
1772,428,1227,0,39
1773,428,1226,0,41
1774,428,1227,0,38
1775,430,1226,0,39
1776,430,1225,0,40
1777,429,1226,0,41
1778,427,1226,0,47
1779,427,1226,0,46
1780,429,1224,0,44
1781,429,1222,0,47
1782,430,1219,0,57
1783,431,1224,0,76
1784,435,1228,0,81
1785,437,1231,0,83
1786,438,1231,0,79
1787,438,1231,0,72
1788,439,1232,0,70
1789,441,1238,0,86
1790,442,1243,0,89
1791,442,1245,0,83
1792,442,1249,0,81
1793,442,1255,0,77
1794,440,1262,0,68
1795,442,1272,0,64
1796,438,1276,0,57
1797,438,1276,0,40
1798,439,1278,0,34
1799,438,1285,0,26
1800,435,1289,0,27
1801,436,1291,0,32
1802,438,1291,0,33
1803,435,1292,0,22
1804,432,1292,0,14
1805,427,1294,0,8
1806,421,1297,0,353
1807,419,1301,0,346
1808,420,1301,0,334
1809,424,1307,0,326
1810,425,1308,0,317
1811,425,1309,0,311
1812,424,1310,0,296
1813,421,1307,0,288
1814,419,1310,0,287
1815,416,1309,0,281
1816,413,1306,0,275
1817,411,1304,0,277
1818,410,1296,0,266
1819,413,1296,0,269
1820,412,1289,0,266
1821,411,1287,0,263
1822,409,1289,0,263
1823,408,1287,0,261
1824,408,1286,0,260
1825,410,1285,0,259
1826,409,1285,0,260
1827,409,1286,0,261
1828,410,1287,0,265
1829,410,1287,0,267
1830,412,1287,0,273
1831,412,1287,0,274
1832,413,1284,0,272
1833,415,1283,0,277
1834,415,1285,0,279
1835,414,1285,0,282
1836,413,1287,0,281
1838,412,1287,0,282
1840,412,1287,0,279
1841,412,1288,0,280
1842,413,1288,0,282
1843,415,1289,0,287
1844,417,1289,0,284
1845,416,1290,0,282
1847,417,1290,0,277
1848,417,1290,0,278
1849,419,1290,0,283
1850,418,1290,0,280
1851,417,1287,0,277
1852,415,1281,0,276
1853,413,1279,0,271
1854,412,1280,0,268
1855,411,1277,0,264
1856,412,1277,0,264
1857,411,1275,0,260
1858,411,1273,0,255
1859,409,1272,0,245
1860,409,1272,0,242
1861,409,1269,0,236
1862,408,1269,0,235
1863,409,1270,0,224
1864,411,1269,0,223
1865,414,1265,0,214
1866,414,1266,0,216
1867,416,1265,0,213
1868,417,1264,0,216
1869,417,1264,0,217
1870,417,1264,0,216
1871,417,1264,0,219
1872,417,1265,0,219
1873,417,1264,0,220
1874,417,1265,0,222
1875,417,1265,0,222
1876,417,1265,0,226
1877,417,1264,0,232
1878,418,1265,0,237
1879,418,1266,0,246
1880,419,1267,0,248
1881,419,1269,0,248
1882,417,1272,0,246
1883,416,1272,0,245
1884,416,1272,0,246
1885,418,1271,0,250
1886,418,1269,0,239
1887,419,1269,0,232
1888,424,1270,0,235
1889,428,1278,0,255
1890,435,1279,0,263
1891,444,1274,0,273
1892,442,1273,0,283
1893,438,1272,0,284
1894,437,1270,0,286
1895,437,1266,0,287
1896,438,1263,0,289
1897,438,1261,0,298
1898,440,1260,0,298
1899,441,1257,0,305
1900,443,1254,0,326
1901,442,1249,0,327
1902,437,1248,0,330
1903,437,1246,0,330
1904,437,1247,0,327
1905,438,1248,0,327
1906,437,1248,0,330
1907,436,1248,0,333
1908,437,1247,0,331
1909,438,1247,0,332
1910,436,1245,0,341
1911,435,1244,0,341
1912,437,1244,0,341
1913,437,1243,0,340
1914,436,1242,0,341
1915,436,1242,0,337
1916,435,1242,0,341
1917,435,1242,0,344
1918,434,1242,0,343
1919,434,1244,0,345
1920,434,1244,0,348
1921,434,1243,0,348
1922,435,1243,0,348
1923,435,1243,0,349
1924,435,1242,0,352
1925,435,1242,0,353
1926,435,1242,0,352
1927,436,1241,0,350
1928,434,1242,0,350
1929,433,1245,0,358
1930,427,1249,0,7
1931,418,1248,0,14
1932,420,1250,0,15
1933,419,1251,0,18
1934,419,1251,0,16
1935,417,1252,0,15
1936,414,1251,0,29
1937,415,1252,0,37
1938,418,1252,0,44
1939,419,1253,0,58
1940,420,1255,0,58
1941,419,1254,0,62
1942,419,1253,0,64
1943,416,1251,0,73
1944,417,1250,0,78
1945,417,1251,0,79
1946,417,1249,0,76
1947,418,1250,0,72
1948,419,1250,0,76
1949,419,1250,0,77
1950,420,1249,0,72
1951,421,1252,0,72
1952,421,1252,0,70
1953,421,1253,0,70
1954,420,1256,0,64
1955,421,1256,0,60
1956,420,1255,0,66
1957,419,1253,0,66
1958,420,1251,0,68
1959,417,1249,0,80
1960,416,1252,0,92
1961,419,1254,0,103
1962,425,1260,0,129
1963,425,1262,0,132
1964,424,1262,0,133
1965,426,1264,0,146
1966,429,1263,0,160
1967,426,1266,0,176
1968,428,1273,0,182
1969,437,1267,0,182
1970,437,1268,0,184
1971,443,1269,0,180
1972,441,1266,0,181
1973,442,1267,0,184
1974,444,1269,0,184
1975,444,1268,0,184
1976,443,1268,0,186
1977,442,1267,0,181
1978,443,1267,0,182
1979,444,1267,0,183
1980,444,1266,0,178
1981,446,1265,0,175
1982,446,1265,0,175
1983,446,1265,0,172
1984,447,1266,0,175
1985,448,1262,0,162
1986,446,1261,0,165
1987,442,1263,0,177
1988,440,1262,0,181
1989,439,1263,0,190
1990,435,1265,0,191
1991,434,1267,0,208
1992,432,1266,0,219
1993,429,1267,0,233
1994,429,1267,0,240
1995,429,1269,0,251
1996,431,1266,0,269
1997,432,1265,0,274
1998,431,1265,0,283
1999,425,1262,0,293
2000,425,1261,0,292
2001,421,1260,0,290
2002,424,1259,0,294
2003,426,1261,0,303
2004,425,1260,0,311
2005,425,1260,0,332
2006,424,1261,0,344
2007,423,1263,0,350
2008,423,1256,0,355
2009,421,1255,0,354
2010,416,1257,0,358
2011,416,1256,0,357
2012,416,1253,0,7
2013,421,1247,0,10
2014,423,1249,0,27
2015,427,1259,0,43
2016,423,1255,0,51
2017,423,1253,0,58
2018,420,1253,0,60
2019,422,1255,0,69
2020,422,1257,0,73
2021,423,1256,0,72
2022,424,1256,0,77
2023,424,1256,0,77
2024,424,1257,0,82
2025,426,1257,0,83
2026,427,1258,0,77
2027,428,1257,0,72
2028,427,1256,0,67
2029,425,1255,0,64
2030,425,1253,0,69
2031,426,1254,0,69
2032,425,1253,0,71
2033,423,1255,0,74
2034,424,1255,0,74
2035,427,1254,0,75
2036,427,1254,0,77
2037,428,1254,0,75
2038,430,1256,0,72
2039,430,1258,0,62
2040,432,1258,0,59
2041,432,1256,0,55
2042,431,1258,0,56
2043,432,1255,0,54
2044,429,1257,0,52
2045,427,1257,0,46
2046,425,1259,0,44
2047,423,1259,0,46
2048,423,1258,0,44
2049,423,1258,0,47
2050,420,1258,0,57
2051,418,1260,0,66
2052,419,1260,0,60
2053,424,1260,0,39
2054,421,1262,0,27
2055,423,1266,0,7
2056,424,1262,0,4
2057,426,1255,0,10
2058,428,1254,0,7
2059,425,1251,0,13
2060,427,1250,0,1
2061,428,1247,0,2
2062,431,1243,0,5
2063,425,1242,0,12
2064,423,1243,0,17
2065,424,1248,0,18
2066,424,1251,0,16
2067,425,1252,0,13
2068,426,1250,0,17
2069,427,1251,0,15
2070,429,1254,0,20
2071,428,1254,0,29
2072,428,1254,0,32
2073,429,1254,0,31
2074,428,1255,0,33
2075,426,1255,0,33
2076,426,1255,0,34
2077,425,1255,0,34
2078,424,1256,0,36
2079,425,1257,0,27
2080,424,1256,0,33
2081,421,1257,0,31
2082,424,1257,0,30
2083,421,1256,0,33
2084,425,1256,0,32
2085,422,1258,0,31
2086,423,1257,0,34
2087,421,1258,0,33
2088,421,1257,0,36
2089,422,1257,0,35
2090,419,1258,0,40
2091,419,1257,0,40
2092,421,1257,0,39
2093,419,1258,0,37
2094,417,1261,0,30
2095,417,1261,0,32
2096,418,1261,0,32
2097,420,1260,0,30
2098,420,1262,0,28
2099,424,1263,0,23
2100,426,1262,0,25
2101,430,1262,0,18
2102,429,1260,0,20
2103,429,1260,0,17
2104,427,1259,0,13
2105,426,1259,0,14
2106,424,1261,0,20
2107,424,1262,0,21
2108,426,1262,0,16
2109,427,1261,0,10
2110,427,1259,0,12
2111,426,1260,0,9
2112,425,1262,0,358
2113,425,1261,0,1
2114,427,1258,0,3
2115,426,1256,0,10
2116,423,1257,0,7
2117,424,1259,0,352
2118,424,1258,0,353
2119,421,1256,0,2
2120,420,1255,0,9
2121,420,1261,0,1
2122,418,1263,0,345
2123,419,1262,0,339
2124,418,1263,0,337
2125,418,1263,0,333
2126,419,1263,0,329
2127,416,1263,0,316
2128,414,1265,0,314
2129,409,1266,0,306
2130,408,1266,0,294
2131,411,1266,0,296
2132,406,1265,0,281
2133,408,1265,0,279
2134,418,1262,0,291
2135,420,1265,0,285
2136,418,1267,0,280
2137,418,1272,0,268
2138,417,1275,0,263
2139,418,1275,0,255
2140,415,1275,0,241
2141,418,1270,0,230
2142,419,1271,0,228
2143,419,1273,0,229
2144,421,1272,0,226
2145,420,1271,0,217
2146,420,1270,0,209
2147,424,1271,0,202
2148,429,1274,0,205
2149,433,1275,0,228
2150,433,1272,0,207
2151,437,1270,0,197
2152,441,1269,0,185
2153,443,1268,0,181
2154,446,1271,0,178
2155,448,1270,0,180
2156,449,1271,0,178
2157,449,1272,0,180
2158,447,1274,0,186
2159,447,1273,0,191
2160,445,1276,0,194
2161,445,1276,0,175
2162,450,1284,0,164
2163,451,1283,0,160
2164,453,1287,0,155
2165,455,1293,0,149
2166,457,1293,0,147
2167,460,1297,0,152
2168,460,1302,0,166
2169,461,1303,0,174
2170,459,1304,0,171
2171,460,1306,0,172
2172,460,1306,0,182
2173,463,1303,0,181
2174,463,1299,0,181
2176,466,1300,0,173
2177,468,1301,0,174
2178,469,1301,0,174
2179,471,1301,0,173
2180,470,1300,0,176
2181,470,1301,0,173
2182,471,1301,0,172
2183,473,1299,0,157
2184,483,1303,0,164
2185,488,1304,0,169
2186,490,1304,0,174
2187,497,1308,0,174
2188,500,1306,0,180
2189,500,1311,0,181
2190,497,1313,0,196
2191,494,1306,0,192
2192,491,1307,0,199
2193,491,1310,0,209
2194,493,1321,0,221
2195,495,1318,0,217
2196,495,1315,0,203
2197,504,1309,0,197
2198,511,1312,0,205
2199,511,1310,0,203
2200,508,1312,0,212
2201,510,1311,0,205
2202,511,1307,0,195
2203,509,1308,0,205
2204,509,1310,0,210
2205,510,1311,0,214
2206,510,1316,0,236
2207,506,1317,0,266
2208,506,1313,0,282
2209,503,1311,0,287
2210,504,1310,0,286
2211,506,1309,0,281
2212,507,1308,0,277
2213,506,1307,0,279
2214,507,1304,0,277
2215,506,1302,0,281
2216,503,1301,0,287
2217,500,1296,0,284
2218,499,1294,0,281
2219,500,1293,0,285
2220,501,1290,0,290
2222,504,1282,0,281
2223,506,1274,0,280
2224,512,1266,0,272
2225,513,1267,0,271
2226,513,1258,0,270
2227,519,1245,0,264
2228,514,1244,0,259
2229,515,1234,0,272
2230,520,1234,0,238
2231,519,1229,0,220
2232,517,1232,0,209
2233,520,1230,0,207
2234,524,1227,0,197
2235,521,1224,0,186
2236,519,1224,0,187
2237,519,1224,0,193
2238,519,1223,0,195
2239,520,1224,0,196
2240,525,1226,0,206
2241,524,1224,0,206
2242,524,1223,0,211
2243,526,1225,0,205
2244,527,1219,0,220
2245,523,1218,0,227
2246,521,1217,0,225
2247,519,1215,0,234
2248,519,1212,0,242
2249,515,1211,0,243
2250,516,1213,0,253
2251,519,1214,0,258
2252,520,1213,0,259
2253,519,1211,0,251
2254,517,1209,0,240
2255,517,1210,0,235
2256,516,1212,0,229
2257,518,1213,0,221
2258,516,1215,0,213
2259,519,1216,0,214
2260,518,1216,0,203
2261,518,1213,0,193
2262,524,1212,0,172
2263,526,1212,0,167
2264,522,1212,0,169
2265,523,1216,0,169
2266,523,1217,0,170
2267,523,1218,0,171
2268,526,1219,0,169
2269,527,1220,0,166
2270,522,1221,0,178
2271,518,1220,0,187
2272,514,1217,0,184
2273,518,1215,0,169
2274,515,1215,0,159
2277,523,1225,0,102
2278,522,1227,0,96
2279,525,1224,0,77
2280,525,1224,0,71
2281,523,1230,0,69
2282,524,1235,0,66
2283,522,1235,0,71
2284,523,1237,0,76
2285,523,1240,0,78
2286,524,1242,0,75
2287,521,1240,0,67
2288,516,1243,0,53
2289,513,1246,0,41
2290,509,1249,0,38
2291,503,1252,0,38
2292,498,1255,0,34
2293,496,1258,0,29
2294,494,1259,0,30
2295,494,1259,0,34
2296,494,1260,0,34
2297,495,1261,0,32
2298,494,1267,0,43
2299,494,1268,0,45
2300,494,1272,0,38
2301,496,1277,0,27
2302,495,1274,0,30
2303,493,1273,0,35
2304,493,1274,0,39
2305,491,1275,0,39
2306,490,1279,0,35
2307,491,1280,0,32
2308,492,1281,0,32
2309,491,1281,0,33
2310,491,1281,0,32
2311,490,1281,0,31
2312,493,1280,0,28
2313,492,1279,0,31
2314,492,1278,0,27
2315,493,1277,0,18
2316,492,1274,0,15
2317,488,1273,0,357
2318,485,1272,0,2
2319,484,1274,0,3
2320,478,1275,0,352
2321,474,1271,0,343
2322,471,1268,0,343
2323,476,1280,0,346
2324,476,1276,0,339
2325,475,1272,0,343
2326,482,1277,0,349
2327,483,1277,0,355
2328,479,1275,0,348
2329,474,1273,0,351
2330,476,1277,0,346
2331,475,1277,0,337
2332,471,1280,0,337
2333,471,1279,0,349
2334,472,1280,0,348
2335,467,1280,0,340
2336,468,1280,0,344
2337,466,1281,0,333
2338,469,1283,0,333
2339,470,1281,0,339
2340,468,1281,0,333
2341,468,1283,0,335
2342,468,1282,0,331
2343,467,1282,0,333
2344,469,1282,0,334
2345,468,1281,0,335
2346,466,1280,0,334
2347,467,1278,0,338
2348,470,1279,0,338
2349,470,1279,0,341
2350,470,1277,0,341
2351,470,1276,0,338
2352,469,1274,0,339
2353,468,1271,0,339
2354,468,1270,0,348
2355,466,1269,0,355
2356,465,1267,0,6
2357,465,1265,0,10
2358,463,1264,0,10
2359,463,1264,0,10
2360,463,1261,0,15
2361,464,1261,0,12
2362,462,1263,0,14
2363,457,1263,0,10
2364,451,1266,0,1
2365,448,1253,0,350
2366,440,1261,0,351
2367,437,1256,0,343
2368,439,1256,0,338
2369,441,1253,0,336
2370,441,1253,0,333
2371,440,1251,0,332
2372,437,1251,0,330
2373,435,1251,0,330
2374,433,1252,0,330
2375,433,1252,0,328
2376,433,1253,0,327
2377,434,1253,0,326
2378,434,1253,0,324
2379,434,1253,0,326
2380,434,1252,0,327
2381,434,1254,0,323
2382,434,1255,0,321
2383,436,1258,0,320
2384,437,1258,0,326
2385,437,1256,0,327
2386,434,1256,0,329
2387,431,1255,0,327
2388,429,1254,0,326
2389,422,1248,0,328
2390,419,1247,0,329
2391,417,1246,0,321
2392,421,1246,0,330
2393,417,1246,0,341
2394,422,1247,0,351
2395,420,1249,0,0
2396,417,1250,0,3
2397,413,1250,0,4
2398,410,1249,0,6
2399,414,1251,0,8
2400,414,1252,0,12
2401,414,1254,0,20
2402,412,1255,0,25
2403,408,1256,0,36
2404,405,1254,0,52
2405,394,1257,0,56
2406,396,1258,0,62
2407,392,1257,0,77
2408,392,1257,0,77
2409,397,1260,0,70
2410,405,1264,0,70
2411,408,1267,0,68
2412,409,1268,0,82
2413,409,1270,0,83
2414,414,1273,0,65
2415,414,1272,0,62
2416,417,1275,0,65
2417,416,1275,0,63
2418,411,1270,0,61
2419,408,1271,0,57
2420,409,1264,0,73
2421,404,1267,0,88
2422,405,1266,0,94
2423,405,1267,0,92
2424,406,1275,0,98
2425,402,1277,0,112
2426,399,1273,0,128
2427,410,1278,0,156
2428,417,1275,0,167
2429,418,1275,0,173
2430,417,1276,0,176
2431,415,1278,0,180
2432,416,1280,0,181
2433,416,1279,0,179
2434,418,1283,0,206
2435,420,1286,0,201
2436,423,1291,0,225
2437,424,1292,0,222
2438,426,1292,0,218
2439,426,1291,0,209
2440,426,1292,0,210
2441,436,1282,0,215
2442,441,1277,0,206
2443,443,1277,0,199
2444,445,1279,0,206
2445,446,1279,0,210
2446,446,1280,0,213
2447,447,1279,0,212
2448,448,1279,0,215
2449,446,1280,0,212
2450,445,1280,0,219
2451,450,1281,0,242
2452,447,1281,0,248
2453,449,1280,0,255
2454,445,1283,0,250
2455,449,1280,0,247
2456,451,1284,0,258
2457,451,1282,0,273
2458,456,1277,0,298
2459,456,1278,0,301
2460,454,1276,0,308
2461,458,1275,0,316
2462,459,1280,0,322
2463,458,1285,0,349
2464,455,1281,0,354
2465,453,1283,0,0
2466,451,1286,0,2
2467,448,1290,0,6
2468,444,1286,0,355
2469,443,1282,0,340
2470,441,1282,0,339
2471,439,1282,0,336
2472,438,1282,0,335
2473,437,1281,0,336
2474,436,1281,0,337
2475,437,1281,0,336
2476,437,1281,0,335
2477,437,1281,0,335
2478,437,1281,0,335
2479,437,1281,0,335
2480,436,1281,0,334
2481,435,1281,0,335
2482,435,1282,0,334
2483,432,1283,0,330
2484,431,1284,0,326
2485,430,1285,0,317
2486,429,1283,0,313
2487,428,1283,0,309
2488,426,1283,0,308
2489,426,1283,0,309
2490,424,1282,0,305
2492,420,1285,0,300
2494,419,1291,0,305
2495,414,1288,0,283
2496,413,1289,0,283
2497,416,1288,0,286
2498,419,1292,0,292
2499,418,1291,0,293
2500,414,1286,0,294
2501,408,1279,0,299
2502,408,1275,0,307
2503,404,1271,0,314
2504,404,1272,0,320
2505,406,1271,0,320
2506,409,1269,0,326
2507,408,1270,0,325
2508,409,1271,0,326
2509,406,1273,0,319
2510,407,1275,0,320
2511,405,1277,0,313
2512,405,1277,0,306
2513,404,1280,0,302
2514,397,1282,0,265
2515,396,1280,0,256
2516,396,1279,0,256
2517,396,1277,0,255
2518,396,1279,0,252
2519,396,1281,0,258
2520,399,1282,0,259
2521,400,1280,0,262
2522,399,1280,0,259
2523,398,1279,0,256
2524,397,1278,0,257
2525,396,1277,0,255
2526,399,1274,0,254
2527,402,1268,0,245
2528,402,1262,0,244
2529,401,1256,0,235
2530,401,1256,0,240
2531,405,1256,0,246
2532,403,1256,0,240
2533,401,1256,0,235
2534,402,1256,0,237
2535,401,1256,0,230
2536,400,1255,0,229
2537,399,1254,0,225
2538,398,1253,0,225
2539,398,1252,0,219
2540,396,1251,0,218
2541,394,1252,0,213
2542,397,1252,0,229
2543,398,1250,0,238
2544,404,1247,0,250
2545,404,1247,0,262
2546,404,1252,0,274
2547,405,1253,0,290
2548,406,1254,0,291
2549,402,1251,0,301
2550,400,1244,0,305
2551,399,1245,0,307
2552,397,1248,0,309
2553,398,1244,0,309
2554,397,1237,0,300
2555,395,1230,0,304
2556,395,1229,0,304
2557,393,1232,0,300
2558,393,1231,0,305
2559,388,1226,0,310
2560,390,1217,0,325
2561,384,1216,0,336
2562,382,1217,0,330
2563,382,1216,0,331
2564,381,1215,0,331
2565,378,1213,0,331
2566,381,1214,0,328
2567,377,1213,0,337
2568,378,1212,0,333
2569,379,1213,0,332
2570,381,1215,0,330
2571,384,1217,0,336
2572,382,1218,0,345
2573,380,1221,0,352
2574,376,1222,0,5
2575,376,1224,0,12
2576,382,1227,0,22
2577,383,1226,0,30
2578,377,1231,0,51
2579,380,1234,0,51
2580,377,1233,0,40
2581,371,1235,0,29
2582,368,1241,0,19
2583,365,1239,0,19
2584,361,1243,0,21
2585,359,1243,0,17
2586,358,1245,0,18
2587,357,1246,0,17
2588,356,1247,0,14
2589,358,1245,0,20
2590,359,1244,0,18
2591,359,1246,0,17
2592,359,1252,0,24
2593,362,1252,0,24
2594,362,1254,0,13
2595,361,1250,0,14
2596,359,1250,0,17
2597,360,1250,0,14
2598,358,1248,0,23
2599,353,1250,0,19
2600,357,1245,0,24
2601,359,1244,0,23
2602,357,1244,0,27
2603,359,1243,0,24
2604,359,1242,0,27
2605,355,1242,0,34
2606,358,1243,0,30
2607,357,1242,0,29
2608,356,1241,0,36
2609,357,1242,0,25
2610,357,1242,0,27
2611,356,1240,0,38
2612,356,1241,0,33
2613,356,1243,0,32
2614,353,1245,0,29
2615,357,1241,0,29
2616,355,1240,0,31
2617,354,1241,0,31
2618,353,1245,0,31
2619,358,1243,0,23
2620,360,1242,0,19
2621,360,1240,0,22
2622,359,1240,0,23
2623,356,1243,0,24
2624,355,1243,0,22
2625,355,1243,0,18
2626,352,1238,0,26
2627,348,1236,0,32
2628,348,1240,0,18
2629,344,1240,0,16
2630,340,1241,0,6
2631,337,1242,0,2
2632,336,1242,0,356
2633,336,1244,0,345
2634,339,1246,0,339
2635,342,1241,0,349
2636,342,1240,0,345
2637,340,1240,0,347
2638,340,1240,0,344
2639,339,1239,0,334
2640,342,1235,0,337
2641,339,1231,0,345
2642,335,1233,0,347
2643,335,1231,0,352
2644,332,1232,0,349
2645,332,1229,0,1
2646,325,1229,0,17
2647,321,1231,0,33
2648,318,1233,0,39
2649,317,1235,0,37
2650,316,1236,0,52
2651,316,1235,0,66
2652,314,1239,0,72
2653,313,1243,0,75
2654,309,1243,0,76
2655,308,1243,0,80
2656,313,1239,0,79
2657,319,1236,0,86
2658,321,1233,0,101
2659,322,1230,0,105
2660,332,1234,0,110
2661,327,1234,0,109
2662,326,1235,0,113
2663,327,1237,0,112
2664,326,1240,0,121
2665,327,1242,0,124
2666,325,1240,0,126
2667,326,1244,0,133
2668,325,1244,0,135
2669,325,1243,0,133
2670,325,1243,0,135
2671,324,1242,0,139
2672,323,1242,0,137
2673,325,1238,0,137
2674,324,1238,0,134
2675,321,1241,0,135
2676,320,1241,0,150
2677,321,1243,0,154
2678,327,1241,0,157
2679,333,1239,0,176
2680,338,1235,0,176
2681,337,1238,0,178
2682,335,1236,0,179
2683,336,1234,0,177
2684,337,1234,0,177
2685,338,1236,0,180
2686,340,1236,0,168
2687,341,1240,0,161
2688,349,1244,0,150
2689,355,1245,0,151
2690,363,1244,0,138
2691,367,1240,0,127
2692,367,1237,0,124
2693,368,1234,0,119
2694,369,1233,0,111
2695,372,1233,0,105
2696,379,1232,0,103
2697,378,1231,0,100
2698,381,1235,0,96
2699,377,1241,0,100
2700,382,1257,0,90
2701,377,1266,0,88
2702,375,1266,0,82
2703,371,1273,0,69
2704,370,1277,0,60
2705,367,1279,0,59
2706,368,1279,0,50
2707,366,1280,0,57
2708,370,1277,0,48
2709,370,1275,0,58
2710,369,1274,0,58
2711,368,1274,0,53
2712,370,1275,0,44
2713,368,1275,0,35
2714,370,1275,0,18
2715,370,1279,0,7
2716,368,1277,0,16
2717,360,1276,0,15
2718,359,1272,0,23
2719,359,1272,0,18
2720,354,1274,0,16
2721,353,1275,0,15
2722,355,1274,0,15
2723,361,1268,0,27
2724,357,1269,0,31
2725,350,1278,0,30
2726,351,1278,0,20
2727,346,1274,0,8
2728,340,1271,0,358
2729,337,1270,0,351
2730,332,1266,0,348
2731,330,1266,0,349
2732,334,1264,0,3
2733,334,1262,0,7
2734,333,1262,0,9
2735,333,1261,0,11
2736,336,1256,0,14
2737,336,1257,0,348
2738,336,1250,0,341
2739,337,1248,0,342
2740,333,1244,0,346
2741,334,1243,0,344
2742,334,1242,0,339
2743,334,1241,0,345
2744,331,1241,0,342
2745,327,1239,0,344
2746,325,1240,0,351
2747,326,1240,0,354
2748,325,1237,0,355
2749,317,1237,0,350
2750,311,1234,0,351
2751,306,1234,0,358
2752,305,1237,0,5
2753,300,1238,0,8
2754,298,1242,0,13
2755,294,1242,0,18
2756,292,1241,0,26
2757,289,1241,0,23
2758,287,1246,0,21
2759,282,1253,0,33
2760,280,1255,0,34
2761,282,1254,0,34
2762,283,1251,0,33
2763,283,1258,0,40
2764,286,1260,0,38
2765,287,1263,0,41
2766,289,1270,0,28
2767,281,1275,0,24
2768,282,1277,0,23
2769,281,1277,0,25
2770,277,1280,0,29
2771,273,1283,0,33
2772,274,1286,0,34
2773,272,1290,0,29
2774,269,1295,0,27
2775,264,1298,0,27
2776,262,1298,0,28
2777,266,1297,0,32
2778,268,1296,0,37
2779,266,1305,0,40
2780,266,1306,0,43
2781,268,1302,0,50
2782,267,1303,0,61
2783,265,1304,0,60
2784,260,1304,0,62
2785,260,1305,0,63
2786,262,1308,0,63
2787,259,1310,0,60
2788,258,1311,0,63
2789,257,1313,0,69
2790,256,1315,0,71
2791,259,1315,0,70
2792,260,1316,0,69
2793,260,1320,0,69
2794,260,1321,0,74
2795,260,1320,0,63
2796,264,1318,0,54
2797,260,1324,0,64
2798,258,1321,0,68
2799,259,1326,1,90
2800,260,1325,1,75
2801,260,1324,1,75
2802,260,1323,1,73
2803,257,1318,0,79
2804,261,1320,0,57
2805,267,1311,0,54
2806,267,1307,0,54
2807,271,1307,0,54
2808,271,1304,0,51
2809,266,1306,0,41
2810,266,1301,0,39
2811,266,1300,0,35
2812,265,1302,0,27
2813,264,1303,0,25
2814,262,1305,0,30
2815,264,1304,0,27
2816,268,1294,0,29
2817,265,1294,0,34
2818,264,1296,0,40
2819,267,1297,0,46
2820,267,1302,0,58
2821,261,1304,0,62
2822,259,1303,0,64
2823,260,1305,0,68
2824,261,1304,0,67
2825,260,1301,0,70
2826,259,1304,0,76
2827,261,1307,0,79
2828,264,1313,0,84
2829,271,1320,0,78
2830,268,1324,0,89
2831,270,1330,0,91
2832,268,1334,0,90
2833,264,1333,0,84
2834,268,1336,0,72
2835,266,1337,0,72
2836,265,1340,0,73
2837,264,1339,0,73
2838,263,1341,0,79
2839,262,1342,0,79
2840,262,1343,0,80
2841,262,1343,0,71
2842,263,1343,0,69
2843,262,1346,0,69
2844,261,1349,0,71
2845,261,1353,0,72
2846,261,1352,0,73
2847,262,1355,0,72
2848,260,1359,0,74
2849,260,1359,0,75
2850,260,1359,0,74
2851,260,1357,0,79
2852,260,1355,0,69
2853,264,1349,0,60
2854,269,1345,0,53
2855,272,1342,0,57
2856,272,1339,0,57
2857,273,1337,0,57
2858,278,1342,0,63
2859,278,1346,0,60
2860,279,1353,0,74
2861,278,1355,0,72
2862,271,1353,0,79
2863,269,1354,0,75
2864,268,1355,0,81
2865,268,1355,0,76
2866,267,1356,0,74
2867,267,1356,0,69
2868,269,1356,0,56
2869,268,1358,0,50
2870,266,1360,0,48
2871,266,1362,0,49
2872,263,1359,0,43
2873,260,1359,0,45
2874,254,1360,0,37
2875,250,1364,0,31
2876,253,1364,0,27
2877,255,1366,0,25
2878,257,1368,0,28
2879,258,1367,0,30
2880,253,1368,0,25
2881,252,1369,0,25
2882,251,1369,0,20
2883,252,1368,0,24
2884,251,1368,0,26
2885,250,1369,0,25
2886,249,1370,0,25
2887,251,1369,0,26
2888,251,1369,0,25
2889,250,1368,0,27
2890,250,1368,0,27
2891,250,1368,0,28
2892,250,1368,0,26
2893,251,1368,0,28
2894,251,1367,0,28
2895,251,1368,0,30
2896,252,1367,0,31
2897,252,1368,0,30
2898,254,1367,0,30
2899,257,1363,0,35
2900,259,1362,0,33
2901,262,1357,0,32
2902,261,1357,0,40
2903,261,1358,0,45
2904,262,1360,0,56
2905,263,1359,0,63
2906,263,1361,0,71
2907,264,1362,0,69
2908,266,1364,0,70
2909,265,1362,0,64
2910,269,1356,0,54
2911,265,1356,0,57
2912,268,1368,0,49
2913,269,1375,0,45
2914,274,1378,0,37
2915,272,1376,0,45
2916,275,1384,0,39
2917,271,1384,0,39
2918,271,1385,0,44
2919,270,1385,0,48
2920,268,1388,0,55
2921,269,1393,0,48
2922,273,1400,0,59
2923,268,1403,0,67
2924,265,1405,0,71
2925,263,1410,0,72
2926,260,1415,0,76
2927,260,1419,0,93
2928,267,1426,0,80
2929,267,1423,0,78
2930,264,1424,0,77
2931,262,1423,0,78
2932,259,1425,0,77
2933,256,1430,0,73
2934,253,1430,0,63
2935,251,1432,0,66
2936,249,1427,0,75
2937,248,1432,0,69
2938,250,1434,0,73
2939,249,1437,0,81
2940,249,1438,0,80
2941,247,1440,0,87
2942,248,1441,0,89
2943,257,1450,0,94
2944,258,1452,0,97
2945,258,1458,0,97
2946,258,1466,0,98
2947,260,1475,0,92
2948,259,1476,0,84
2949,258,1478,0,89
2950,260,1481,0,91
2951,258,1481,0,101
2952,259,1478,0,100
2953,257,1477,0,109
2954,258,1476,0,111
2955,256,1473,0,110
2956,254,1472,0,89
2957,255,1480,0,83
2958,256,1485,0,87
2959,257,1486,0,91
2960,262,1489,0,86
2961,264,1496,0,90
2962,262,1503,0,85
2963,267,1505,0,79
2964,262,1508,0,85
2965,265,1506,0,77
2966,267,1507,0,73
2967,272,1510,0,73
2968,276,1510,0,79
2969,280,1511,0,85
2970,282,1512,0,86
2971,291,1511,0,94
2972,292,1513,0,100
2973,293,1518,0,103
2974,297,1518,0,98
2975,295,1516,0,94
2976,296,1520,0,95
2977,298,1520,0,92
2978,299,1520,0,96
2979,299,1521,0,97
2980,298,1519,0,98
2981,298,1515,0,96
2982,298,1517,0,92
2983,299,1523,0,93
2984,299,1523,0,100
2985,296,1522,0,103
2986,297,1520,0,97
2987,299,1520,0,104
2988,302,1523,0,99
2989,305,1523,0,101
2990,308,1527,0,108
2991,311,1534,0,122
2992,315,1539,0,130
2993,315,1539,0,130
2994,315,1541,0,131
2995,316,1542,0,136
2996,316,1541,0,127
2997,313,1544,0,116
2998,319,1556,0,124
2999,325,1559,0,114
