138,1286,1546,0,231
141,1286,1549,0,220
146,1290,1552,0,202
147,1294,1552,0,202
148,1297,1551,0,202
149,1302,1550,0,198
150,1302,1550,0,189
151,1303,1550,0,171
152,1305,1551,0,167
153,1310,1555,0,170
154,1310,1558,0,169
155,1313,1561,0,159
156,1315,1565,0,166
157,1314,1563,0,158
158,1313,1563,0,151
159,1313,1564,0,146
160,1314,1566,0,143
161,1316,1570,0,142
162,1317,1571,0,143
163,1318,1567,0,146
164,1317,1567,0,147
165,1318,1567,0,150
166,1314,1566,0,142
167,1313,1566,0,152
168,1306,1565,0,145
169,1301,1565,0,135
170,1298,1563,0,123
171,1297,1556,0,111
172,1296,1554,0,105
173,1296,1556,0,96
174,1297,1556,0,96
175,1298,1555,0,99
176,1298,1557,0,103
177,1299,1559,0,114
178,1300,1557,0,128
179,1309,1560,0,144
180,1315,1561,0,148
181,1320,1560,0,140
182,1324,1562,0,141
183,1327,1564,0,142
184,1326,1567,0,138
185,1329,1573,0,132
186,1328,1572,0,124
187,1326,1576,0,120
188,1326,1576,0,116
189,1328,1574,0,112
190,1324,1571,0,110
191,1321,1575,0,110
192,1319,1573,0,111
193,1317,1574,0,112
194,1316,1575,0,111
195,1315,1577,0,110
196,1315,1579,0,110
197,1315,1580,0,104
198,1316,1582,0,103
199,1316,1585,0,104
200,1318,1588,0,105
201,1318,1588,0,104
202,1318,1589,0,103
203,1318,1589,0,106
204,1319,1590,0,103
205,1319,1588,0,103
206,1327,1582,0,96
207,1325,1582,0,97
208,1322,1585,0,98
209,1322,1585,0,95
210,1321,1585,0,92
211,1321,1585,0,94
212,1321,1586,0,98
213,1320,1585,0,100
214,1321,1584,0,102
215,1320,1585,0,104
216,1321,1586,0,104
217,1321,1587,0,103
218,1321,1587,0,102
219,1320,1591,0,100
220,1321,1591,0,94
221,1326,1582,0,89
222,1330,1579,0,72
223,1330,1579,0,71
224,1333,1569,0,76
225,1336,1564,0,76
226,1336,1564,0,79
227,1337,1561,0,78
228,1335,1557,0,69
229,1338,1556,0,73
230,1343,1559,0,73
231,1343,1557,0,66
232,1345,1555,0,68
233,1346,1560,0,66
234,1346,1558,0,59
235,1343,1561,0,56
236,1343,1563,0,55
237,1343,1565,0,49
238,1342,1566,0,42
239,1342,1567,0,38
240,1342,1568,0,36
241,1339,1569,0,33
242,1341,1574,0,37
243,1339,1574,0,31
244,1333,1575,0,24
245,1328,1575,0,15
246,1324,1576,0,4
247,1319,1577,0,350
248,1316,1576,0,346
249,1311,1574,0,342
250,1306,1571,0,335
251,1303,1569,0,330
252,1302,1569,0,327
253,1302,1568,0,327
254,1302,1569,0,324
255,1302,1570,0,324
256,1302,1571,0,327
257,1302,1572,0,339
258,1302,1578,0,349
259,1302,1579,0,358
260,1301,1581,0,6
261,1301,1582,0,10
262,1304,1580,0,21
263,1306,1580,0,23
264,1305,1581,0,20
265,1304,1581,0,19
266,1303,1581,0,17
267,1303,1582,0,13
268,1302,1583,0,15
269,1301,1584,0,21
270,1298,1585,0,25
271,1297,1586,0,30
272,1296,1587,0,33
273,1294,1588,0,37
274,1293,1591,0,43
275,1290,1591,0,46
276,1291,1591,0,47
277,1289,1592,0,52
278,1288,1594,0,62
279,1291,1590,0,58
280,1294,1590,0,65
281,1294,1591,0,72
282,1300,1593,0,72
283,1302,1595,0,74
284,1308,1600,0,85
285,1310,1605,0,80
286,1311,1606,0,84
287,1312,1610,0,83
288,1312,1612,0,79
289,1313,1616,0,82
290,1309,1619,0,82
291,1308,1623,0,80
292,1306,1629,0,77
293,1306,1635,0,75
294,1304,1641,0,70
295,1303,1645,0,68
296,1301,1647,0,69
297,1298,1655,0,67
298,1300,1658,0,69
299,1299,1663,0,69
300,1307,1672,0,68
301,1305,1675,0,75
302,1306,1676,0,80
303,1309,1680,0,91
304,1316,1686,0,103
305,1318,1689,0,103
306,1323,1693,0,98
307,1324,1696,0,99
308,1324,1702,0,99
309,1324,1704,0,96
310,1326,1707,0,92
311,1326,1709,0,92
312,1326,1715,0,89
313,1326,1719,0,93
314,1325,1723,0,88
315,1324,1728,0,88
316,1323,1733,0,83
317,1322,1734,0,76
318,1320,1739,0,74
319,1315,1742,0,67
320,1310,1749,0,49
321,1305,1755,0,50
322,1302,1757,0,51
323,1300,1758,0,49
324,1299,1758,0,44
325,1297,1758,0,39
326,1295,1759,0,33
327,1293,1761,0,39
328,1298,1757,0,52
329,1305,1760,0,66
330,1309,1764,0,79
331,1312,1764,0,91
332,1314,1766,0,102
333,1319,1772,0,110
334,1320,1776,0,114
335,1322,1780,0,102
336,1329,1784,0,95
337,1327,1790,0,101
338,1328,1793,0,103
339,1329,1796,0,107
340,1329,1800,0,105
341,1329,1802,0,107
342,1329,1801,0,116
343,1327,1802,0,114
344,1330,1805,0,112
345,1331,1806,0,107
346,1328,1808,0,102
347,1328,1809,0,98
348,1331,1809,0,104
349,1332,1808,0,116
350,1334,1807,0,114
351,1340,1804,0,101
352,1340,1804,0,101
353,1339,1802,0,100
354,1340,1797,0,103
355,1353,1795,0,91
356,1355,1796,0,89
357,1355,1795,0,88
358,1355,1795,0,86
359,1353,1797,0,93
360,1351,1799,0,100
361,1353,1800,0,99
362,1353,1797,0,98
363,1352,1795,0,91
364,1352,1797,0,94
365,1352,1802,0,97
366,1352,1805,0,90
367,1351,1808,0,95
368,1353,1811,0,91
369,1352,1813,0,93
370,1354,1812,0,85
371,1352,1815,0,86
372,1352,1819,0,89
373,1354,1823,0,88
374,1354,1827,0,99
375,1354,1830,0,100
376,1355,1830,0,96
377,1355,1833,0,97
378,1356,1836,0,97
379,1358,1841,0,99
380,1364,1848,0,87
381,1362,1852,0,85
382,1361,1853,0,86
383,1361,1856,0,86
384,1361,1856,0,87
385,1361,1857,0,88
386,1362,1857,0,87
387,1364,1859,0,91
388,1362,1860,0,93
389,1359,1866,0,94
390,1366,1871,0,93
391,1365,1875,0,92
392,1368,1885,0,87
393,1372,1891,0,86
394,1374,1888,0,89
395,1376,1886,0,97
396,1375,1886,0,105
397,1379,1887,0,112
398,1387,1889,0,124
399,1391,1894,0,131
400,1394,1896,0,128
401,1395,1899,0,127
402,1394,1900,0,118
403,1395,1901,0,117
404,1396,1902,0,112
405,1399,1909,0,109
406,1400,1910,0,116
407,1405,1909,0,137
408,1407,1906,0,146
409,1417,1900,0,167
410,1419,1898,0,175
411,1419,1898,0,183
412,1421,1896,0,184
413,1428,1890,0,196
414,1436,1886,0,208
415,1438,1883,0,208
416,1435,1881,0,215
417,1431,1880,0,221
418,1430,1879,0,222
419,1430,1879,0,223
420,1429,1880,0,222
421,1431,1879,0,224
422,1434,1877,0,223
423,1435,1874,0,225
424,1438,1868,0,229
425,1443,1865,0,235
426,1445,1866,0,232
427,1449,1865,0,228
428,1452,1864,0,228
429,1454,1861,0,224
430,1455,1861,0,232
431,1457,1856,0,231
432,1456,1853,0,231
433,1457,1850,0,230
434,1460,1849,0,229
435,1463,1850,0,222
436,1463,1849,0,216
437,1464,1850,0,216
438,1464,1850,0,218
439,1464,1850,0,217
440,1464,1849,0,218
441,1465,1848,0,217
442,1468,1847,0,217
443,1471,1845,0,217
444,1472,1844,0,217
445,1473,1843,0,217
446,1473,1842,0,217
447,1475,1844,0,218
448,1473,1844,0,218
449,1471,1846,0,215
450,1471,1847,0,209
451,1471,1847,0,199
452,1469,1852,0,192
453,1472,1858,0,181
454,1473,1859,0,180
455,1471,1862,0,172
456,1472,1865,0,155
457,1474,1868,0,143
458,1480,1873,0,128
459,1479,1875,0,119
460,1477,1877,0,115
461,1476,1879,0,109
462,1475,1879,0,99
463,1478,1875,0,100
464,1478,1878,0,97
465,1477,1878,0,100
466,1477,1884,0,102
467,1478,1890,0,98
468,1478,1893,0,94
469,1476,1894,0,88
470,1474,1897,0,79
471,1471,1897,0,61
472,1467,1901,0,57
473,1462,1904,0,49
474,1458,1907,0,48
475,1455,1908,0,42
476,1451,1905,0,34
477,1448,1906,0,28
478,1444,1906,0,26
479,1441,1907,0,19
480,1435,1905,0,15
481,1427,1905,0,15
482,1422,1904,0,16
483,1419,1904,0,13
484,1417,1904,0,11
485,1415,1903,0,9
486,1411,1900,0,10
487,1409,1901,0,9
488,1413,1901,0,8
489,1412,1903,0,7
490,1411,1909,0,3
491,1411,1914,0,4
492,1411,1915,0,4
493,1409,1919,0,6
494,1409,1913,0,3
495,1409,1912,0,6
496,1407,1909,0,6
497,1405,1908,0,3
498,1405,1907,0,0
499,1404,1903,0,357
500,1404,1899,0,356
501,1402,1898,0,354
502,1401,1897,0,352
503,1397,1896,0,347
504,1396,1897,0,346
505,1397,1903,0,348
506,1395,1904,0,344
507,1395,1903,0,337
508,1396,1902,0,334
509,1394,1900,0,337
510,1394,1898,0,334
511,1391,1897,0,330
512,1390,1898,0,332
513,1388,1899,0,338
514,1384,1898,0,336
515,1383,1896,0,331
516,1382,1894,0,332
517,1381,1892,0,327
518,1381,1892,0,326
519,1381,1891,0,327
520,1381,1891,0,330
521,1381,1892,0,331
522,1381,1892,0,332
523,1381,1892,0,332
524,1381,1892,0,333
525,1381,1892,0,332
526,1382,1893,0,332
527,1381,1892,0,333
528,1382,1893,0,334
529,1382,1893,0,333
530,1382,1893,0,333
531,1382,1893,0,335
532,1382,1893,0,335
533,1382,1893,0,337
534,1382,1894,0,337
535,1382,1894,0,338
536,1382,1894,0,337
537,1382,1894,0,338
538,1382,1894,0,339
539,1382,1894,0,341
540,1382,1895,0,345
541,1382,1893,0,347
542,1381,1893,0,345
543,1382,1895,0,345
544,1384,1895,0,344
545,1383,1894,0,346
546,1384,1894,0,345
547,1384,1895,0,345
548,1385,1895,0,344
549,1385,1894,0,345
550,1385,1894,0,346
551,1385,1895,0,344
552,1385,1895,0,344
553,1386,1895,0,346
554,1386,1895,0,346
555,1386,1895,0,348
556,1387,1895,0,352
557,1388,1896,0,355
558,1388,1896,0,355
559,1389,1896,0,356
560,1389,1896,0,351
561,1390,1896,0,344
562,1389,1895,0,344
563,1389,1895,0,344
564,1389,1895,0,343
565,1389,1895,0,344
566,1389,1895,0,344
567,1389,1895,0,344
568,1389,1894,0,344
569,1389,1894,0,345
570,1389,1894,0,346
571,1389,1895,0,347
572,1389,1895,0,347
573,1390,1895,0,348
574,1390,1895,0,348
575,1389,1895,0,348
576,1389,1895,0,348
577,1389,1895,0,349
578,1389,1894,0,349
579,1389,1895,0,349
580,1389,1895,0,348
581,1389,1894,0,350
582,1389,1894,0,350
583,1389,1894,0,350
584,1389,1895,0,350
585,1389,1894,0,352
586,1388,1894,0,352
587,1389,1894,0,352
588,1389,1894,0,353
589,1389,1895,0,351
590,1389,1894,0,352
591,1391,1894,0,355
592,1391,1894,0,355
593,1392,1894,0,353
594,1393,1894,0,354
595,1392,1894,0,354
596,1392,1894,0,353
597,1393,1893,0,354
598,1392,1894,0,354
599,1392,1894,0,354
600,1393,1893,0,354
601,1393,1893,0,356
602,1393,1893,0,355
603,1392,1893,0,355
604,1392,1893,0,355
605,1392,1893,0,355
606,1392,1893,0,356
607,1391,1893,0,355
608,1391,1893,0,355
609,1392,1893,0,356
610,1393,1893,0,358
611,1393,1893,0,359
612,1393,1893,0,358
613,1393,1893,0,359
614,1393,1893,0,359
615,1393,1893,0,359
616,1393,1893,0,359
617,1393,1893,0,359
618,1393,1893,0,0
619,1393,1893,0,1
620,1393,1893,0,1
621,1393,1893,0,0
622,1393,1893,0,1
623,1393,1892,0,1
624,1394,1893,0,0
625,1394,1892,0,1
626,1394,1892,0,1
627,1394,1893,0,2
628,1394,1892,0,2
629,1394,1892,0,2
630,1394,1893,0,2
631,1394,1893,0,2
632,1394,1893,0,2
633,1394,1893,0,2
634,1394,1893,0,3
635,1393,1893,0,3
636,1393,1893,0,3
637,1393,1893,0,3
638,1394,1893,0,3
639,1394,1893,0,3
640,1393,1893,0,3
641,1393,1893,0,4
642,1393,1893,0,4
643,1393,1893,0,4
644,1393,1892,0,3
645,1393,1892,0,4
646,1393,1893,0,3
647,1393,1893,0,3
648,1394,1893,0,2
649,1394,1893,0,2
650,1394,1893,0,2
651,1394,1893,0,2
652,1394,1893,0,3
653,1394,1893,0,3
654,1394,1893,0,2
655,1394,1893,0,3
656,1394,1893,0,6
657,1394,1893,0,8
658,1394,1893,0,8
659,1394,1892,0,12
660,1393,1893,0,13
661,1393,1893,0,12
662,1393,1892,0,15
663,1392,1892,0,13
664,1391,1893,0,13
665,1392,1892,0,11
666,1392,1893,0,9
667,1392,1892,0,11
668,1393,1892,0,12
669,1392,1892,0,10
670,1393,1891,0,12
671,1394,1890,0,12
672,1394,1890,0,14
673,1394,1889,0,15
674,1394,1889,0,15
675,1394,1889,0,14
676,1395,1889,0,16
677,1395,1889,0,16
678,1395,1889,0,15
679,1395,1889,0,15
680,1395,1889,0,15
681,1395,1889,0,14
682,1395,1889,0,15
683,1395,1888,0,15
684,1395,1888,0,15
685,1395,1888,0,16
686,1395,1888,0,15
687,1395,1888,0,15
688,1395,1888,0,14
689,1395,1888,0,13
690,1395,1888,0,13
691,1395,1888,0,12
692,1395,1888,0,12
693,1395,1888,0,13
694,1395,1888,0,13
695,1395,1888,0,13
696,1395,1888,0,14
697,1395,1887,0,14
698,1395,1888,0,14
699,1395,1888,0,13
700,1395,1888,0,14
701,1395,1888,0,13
702,1395,1888,0,14
703,1395,1888,0,14
704,1395,1887,0,14
705,1395,1888,0,14
706,1395,1888,0,14
707,1395,1888,0,14
708,1395,1888,0,13
709,1395,1888,0,13
710,1395,1888,0,14
711,1395,1888,0,14
712,1395,1887,0,14
713,1395,1887,0,13
714,1395,1887,0,13
715,1395,1887,0,13
716,1395,1887,0,12
717,1395,1887,0,12
718,1395,1888,0,11
719,1395,1887,0,12
720,1395,1887,0,12
721,1395,1888,0,12
722,1395,1888,0,12
723,1395,1888,0,12
724,1394,1888,0,12
725,1395,1888,0,12
726,1395,1888,0,12
727,1395,1888,0,11
728,1395,1888,0,11
729,1395,1888,0,11
730,1395,1888,0,11
731,1395,1888,0,11
732,1395,1888,0,11
733,1395,1888,0,11
734,1395,1888,0,11
735,1395,1888,0,11
736,1395,1888,0,11
737,1395,1888,0,10
738,1395,1888,0,11
739,1395,1887,0,10
740,1396,1887,0,10
741,1395,1887,0,11
742,1396,1887,0,10
743,1395,1887,0,10
744,1395,1887,0,11
745,1395,1887,0,11
746,1395,1887,0,11
747,1395,1887,0,11
748,1396,1887,0,12
749,1396,1887,0,12
750,1395,1887,0,11
751,1395,1887,0,12
752,1395,1887,0,11
753,1395,1887,0,11
754,1395,1887,0,11
755,1395,1887,0,11
756,1395,1887,0,11
757,1395,1887,0,11
758,1395,1887,0,11
759,1395,1887,0,11
760,1395,1887,0,12
761,1395,1887,0,12
762,1395,1887,0,12
763,1395,1887,0,12
764,1395,1887,0,12
765,1396,1887,0,12
766,1395,1887,0,13
767,1395,1887,0,12
768,1395,1887,0,11
769,1395,1887,0,11
770,1395,1887,0,11
771,1395,1887,0,12
772,1395,1887,0,12
773,1395,1887,0,11
774,1395,1887,0,11
775,1395,1887,0,11
776,1395,1888,0,10
777,1396,1888,0,10
778,1396,1888,0,10
779,1396,1888,0,10
780,1396,1888,0,10
781,1396,1888,0,10
782,1396,1888,0,10
783,1397,1888,0,10
784,1396,1887,0,11
785,1396,1888,0,11
786,1395,1888,0,10
787,1395,1889,0,8
788,1394,1890,0,5
789,1394,1889,0,6
790,1394,1889,0,5
791,1394,1890,0,4
792,1394,1890,0,5
793,1395,1889,0,6
794,1394,1889,0,7
795,1394,1889,0,8
796,1394,1889,0,8
797,1394,1889,0,7
798,1395,1889,0,7
799,1395,1889,0,9
800,1395,1889,0,8
801,1394,1889,0,7
802,1394,1889,0,8
803,1394,1888,0,9
804,1395,1888,0,9
805,1394,1888,0,9
806,1394,1889,0,8
807,1395,1888,0,8
808,1395,1888,0,7
809,1395,1888,0,8
810,1395,1888,0,9
811,1395,1888,0,8
812,1394,1888,0,9
813,1395,1888,0,8
814,1395,1888,0,8
815,1394,1888,0,8
816,1395,1888,0,8
817,1395,1888,0,8
818,1395,1888,0,8
819,1395,1888,0,8
820,1395,1888,0,8
821,1394,1888,0,8
822,1395,1888,0,7
823,1395,1888,0,7
824,1395,1888,0,8
825,1395,1888,0,7
826,1395,1888,0,7
827,1395,1888,0,7
828,1395,1888,0,7
829,1395,1888,0,7
830,1395,1888,0,7
831,1395,1888,0,7
832,1394,1888,0,7
833,1395,1888,0,8
834,1394,1888,0,7
835,1394,1888,0,7
836,1394,1888,0,6
837,1395,1888,0,7
838,1394,1888,0,7
839,1395,1888,0,6
840,1394,1888,0,6
841,1394,1888,0,7
842,1395,1888,0,8
843,1395,1888,0,9
844,1395,1888,0,9
845,1395,1888,0,10
846,1395,1888,0,10
847,1395,1888,0,10
848,1395,1888,0,10
849,1395,1888,0,9
850,1395,1888,0,10
851,1395,1888,0,9
852,1395,1888,0,9
853,1395,1888,0,9
854,1395,1888,0,9
855,1395,1888,0,9
856,1395,1888,0,8
857,1395,1888,0,8
858,1395,1888,0,9
859,1395,1888,0,8
860,1394,1888,0,5
861,1394,1889,0,6
862,1394,1888,0,7
863,1395,1888,0,8
864,1395,1888,0,9
865,1395,1888,0,8
866,1395,1888,0,9
867,1395,1888,0,10
868,1394,1889,0,10
869,1394,1888,0,9
870,1394,1889,0,6
871,1394,1889,0,7
872,1394,1889,0,7
873,1393,1890,0,3
874,1393,1890,0,2
875,1394,1891,0,2
876,1393,1892,0,3
877,1393,1892,0,3
878,1393,1893,0,1
879,1393,1893,0,2
880,1393,1892,0,3
881,1393,1892,0,3
882,1394,1892,0,4
883,1393,1892,0,2
884,1392,1894,0,359
885,1393,1894,0,359
886,1395,1895,0,359
887,1395,1898,0,359
888,1397,1899,0,357
889,1397,1899,0,358
890,1397,1900,0,357
891,1397,1899,0,359
892,1397,1899,0,359
893,1397,1899,0,1
894,1396,1898,0,2
895,1396,1898,0,2
896,1396,1898,0,2
897,1396,1897,0,1
898,1397,1898,0,4
899,1398,1898,0,7
900,1399,1899,0,8
901,1402,1901,0,8
902,1402,1903,0,13
903,1403,1903,0,14
904,1405,1903,0,16
905,1406,1903,0,19
906,1407,1903,0,25
907,1410,1904,0,30
908,1414,1905,0,27
909,1417,1906,0,30
910,1418,1907,0,29
911,1419,1905,0,26
912,1422,1903,0,22
913,1423,1900,0,26
914,1422,1898,0,24
915,1419,1898,0,30
916,1419,1897,0,33
917,1419,1898,0,31
918,1418,1897,0,34
919,1418,1897,0,35
920,1418,1897,0,36
921,1418,1898,0,36
922,1418,1897,0,36
923,1418,1897,0,36
924,1418,1897,0,37
925,1418,1897,0,37
926,1418,1896,0,39
927,1418,1896,0,40
928,1418,1896,0,40
929,1418,1896,0,39
930,1417,1896,0,39
931,1417,1897,0,36
932,1417,1897,0,35
933,1417,1896,0,35
934,1416,1895,0,34
935,1415,1895,0,32
936,1415,1895,0,32
937,1415,1895,0,31
938,1415,1895,0,31
939,1415,1895,0,33
940,1415,1895,0,31
941,1415,1895,0,30
942,1415,1895,0,30
943,1415,1895,0,31
944,1415,1895,0,32
945,1415,1894,0,32
946,1415,1894,0,33
947,1415,1894,0,32
948,1414,1894,0,32
949,1415,1894,0,33
950,1415,1894,0,33
951,1415,1894,0,33
952,1415,1894,0,33
953,1414,1894,0,33
954,1414,1894,0,33
955,1414,1894,0,33
956,1414,1894,0,34
957,1414,1894,0,34
958,1414,1894,0,34
959,1414,1895,0,33
960,1414,1895,0,32
961,1414,1895,0,33
962,1414,1895,0,33
963,1414,1895,0,34
964,1414,1895,0,34
965,1414,1894,0,34
966,1414,1894,0,34
967,1414,1894,0,33
968,1414,1894,0,33
969,1414,1894,0,33
970,1414,1894,0,33
971,1414,1894,0,32
972,1414,1894,0,32
973,1414,1894,0,32
974,1414,1894,0,32
975,1414,1894,0,32
976,1414,1894,0,33
977,1414,1894,0,32
978,1414,1894,0,33
979,1414,1894,0,33
980,1414,1894,0,32
981,1414,1894,0,33
982,1414,1894,0,33
983,1414,1894,0,33
984,1414,1894,0,33
985,1414,1894,0,33
986,1414,1894,0,33
987,1414,1894,0,32
988,1414,1894,0,33
989,1414,1894,0,32
990,1414,1894,0,33
991,1414,1893,0,34
992,1414,1893,0,34
993,1414,1893,0,34
994,1414,1894,0,34
995,1414,1894,0,33
996,1414,1893,0,34
997,1414,1893,0,34
998,1414,1893,0,34
999,1414,1893,0,34
1000,1414,1893,0,34
1001,1415,1893,0,34
1002,1414,1893,0,34
1003,1414,1893,0,33
1004,1415,1893,0,33
1005,1415,1893,0,33
1006,1415,1893,0,34
1007,1414,1893,0,36
1008,1412,1891,0,37
1009,1411,1891,0,38
1010,1412,1892,0,34
1011,1412,1892,0,34
1012,1413,1892,0,36
1013,1413,1892,0,36
1014,1413,1892,0,37
1015,1413,1892,0,38
1016,1413,1892,0,38
1017,1413,1892,0,38
1018,1413,1892,0,38
1019,1413,1892,0,38
1020,1413,1892,0,38
1021,1413,1892,0,37
1022,1413,1892,0,38
1023,1413,1892,0,38
1024,1413,1892,0,38
1025,1413,1892,0,38
1026,1413,1892,0,38
1027,1414,1891,0,38
1028,1413,1892,0,37
1029,1413,1892,0,37
1030,1414,1892,0,37
1031,1414,1892,0,36
1032,1414,1891,0,35
1033,1414,1891,0,34
1034,1414,1891,0,34
1035,1414,1891,0,34
1036,1414,1891,0,34
1037,1414,1891,0,34
1038,1414,1891,0,34
1039,1414,1892,0,33
1040,1414,1892,0,34
1041,1413,1892,0,34
1042,1414,1891,0,34
1043,1414,1891,0,34
1044,1414,1891,0,34
1045,1414,1891,0,34
1046,1414,1891,0,34
1047,1414,1891,0,34
1048,1414,1891,0,34
1049,1414,1891,0,34
1050,1414,1891,0,35
1051,1414,1891,0,35
1052,1414,1891,0,35
1053,1414,1891,0,35
1054,1414,1891,0,35
1055,1414,1891,0,35
1056,1414,1891,0,35
1057,1414,1891,0,35
1058,1414,1891,0,35
1059,1414,1891,0,36
1060,1414,1891,0,36
1061,1414,1891,0,36
1062,1414,1891,0,36
1063,1414,1891,0,36
1064,1414,1891,0,35
1065,1414,1891,0,36
1066,1414,1891,0,36
1067,1414,1891,0,35
1068,1414,1891,0,35
1069,1415,1891,0,35
1070,1415,1891,0,35
1071,1414,1891,0,35
1072,1414,1891,0,36
1073,1414,1891,0,35
1074,1414,1891,0,35
1075,1414,1891,0,34
1076,1414,1891,0,35
1077,1414,1891,0,35
1078,1414,1891,0,35
1079,1414,1892,0,34
1080,1414,1892,0,33
1081,1414,1892,0,34
1082,1414,1891,0,34
1083,1414,1891,0,35
1084,1414,1891,0,36
1085,1414,1891,0,36
1086,1414,1891,0,35
1087,1414,1891,0,35
1088,1414,1891,0,36
1089,1415,1891,0,35
1090,1415,1891,0,35
1091,1415,1891,0,35
1092,1414,1891,0,36
1093,1414,1891,0,36
1094,1415,1891,0,35
1095,1414,1891,0,35
1096,1414,1891,0,35
1097,1414,1891,0,36
1098,1414,1891,0,35
1099,1414,1891,0,35
1100,1414,1891,0,35
1101,1414,1891,0,35
1102,1414,1891,0,36
1103,1414,1891,0,35
1104,1414,1891,0,36
1105,1414,1891,0,36
1106,1414,1891,0,35
1107,1414,1891,0,34
1108,1414,1891,0,34
1109,1415,1891,0,35
1110,1415,1891,0,35
1111,1415,1891,0,35
1112,1415,1891,0,35
1113,1415,1891,0,36
1114,1414,1891,0,35
1115,1414,1891,0,36
1116,1414,1891,0,36
1117,1414,1891,0,36
1118,1414,1890,0,34
1119,1414,1890,0,35
1120,1415,1890,0,35
1121,1415,1890,0,35
1122,1415,1890,0,34
1123,1415,1890,0,35
1124,1414,1890,0,35
1125,1415,1890,0,34
1126,1414,1890,0,36
1127,1414,1890,0,36
1128,1414,1890,0,36
1129,1415,1890,0,36
1130,1415,1889,0,36
1131,1415,1890,0,37
1132,1415,1890,0,38
1133,1415,1890,0,37
1134,1415,1890,0,36
1135,1415,1890,0,35
1136,1415,1890,0,35
1137,1415,1890,0,35
1138,1415,1890,0,35
1139,1415,1890,0,35
1140,1415,1890,0,35
1141,1414,1890,0,35
1142,1415,1890,0,35
1143,1415,1890,0,35
1144,1415,1890,0,36
1145,1415,1890,0,35
1146,1415,1890,0,35
1147,1415,1890,0,35
1148,1415,1890,0,34
1149,1415,1890,0,34
1150,1415,1890,0,35
1151,1415,1890,0,36
1152,1415,1890,0,35
1153,1415,1890,0,35
1154,1415,1890,0,35
1155,1415,1890,0,34
1156,1415,1890,0,35
1157,1415,1890,0,35
1158,1415,1890,0,35
1159,1415,1890,0,35
1160,1415,1890,0,35
1161,1415,1890,0,34
1162,1415,1890,0,34
1163,1415,1890,0,34
1164,1415,1890,0,35
1165,1415,1890,0,35
1166,1415,1890,0,35
1167,1415,1890,0,35
1168,1415,1890,0,36
1169,1415,1890,0,35
1170,1414,1890,0,35
1171,1415,1890,0,35
1172,1415,1890,0,35
1173,1414,1890,0,36
1174,1415,1890,0,35
1175,1415,1890,0,36
1176,1414,1890,0,36
1177,1414,1890,0,36
1178,1414,1890,0,36
1179,1414,1890,0,36
1180,1414,1890,0,36
1181,1414,1890,0,36
1182,1415,1890,0,36
1183,1415,1890,0,36
1184,1415,1890,0,36
1185,1415,1890,0,36
1186,1415,1890,0,36
1187,1415,1890,0,36
1188,1415,1890,0,38
1189,1415,1890,0,37
1190,1414,1890,0,37
1191,1415,1890,0,37
1192,1414,1890,0,37
1193,1414,1890,0,38
1194,1414,1890,0,37
1195,1415,1890,0,37
1196,1415,1890,0,38
1197,1414,1890,0,38
1198,1415,1890,0,38
1199,1415,1890,0,37
1200,1415,1890,0,38
1201,1415,1890,0,38
1202,1415,1890,0,37
1203,1415,1890,0,39
1204,1415,1890,0,39
1205,1415,1890,0,40
1206,1416,1889,0,41
1207,1416,1890,0,41
1208,1417,1890,0,42
1209,1417,1889,0,43
1210,1416,1890,0,40
1211,1417,1890,0,39
1212,1416,1890,0,38
1213,1415,1891,0,37
1214,1415,1890,0,37
1215,1416,1889,0,37
1216,1416,1889,0,37
1217,1415,1890,0,37
1218,1415,1890,0,37
1219,1415,1889,0,37
1220,1415,1889,0,36
1221,1415,1890,0,36
1222,1415,1890,0,35
1223,1415,1890,0,36
1224,1415,1891,0,36
1225,1415,1890,0,35
1226,1415,1891,0,35
1227,1415,1891,0,35
1228,1415,1891,0,35
1229,1415,1891,0,35
1230,1415,1891,0,34
1231,1415,1891,0,34
1232,1415,1891,0,34
1233,1415,1891,0,33
1234,1415,1891,0,32
1235,1416,1891,0,32
1236,1415,1891,0,32
1237,1415,1891,0,33
1238,1416,1891,0,32
1239,1416,1891,0,32
1240,1416,1891,0,32
1241,1416,1890,0,33
1242,1416,1890,0,33
1243,1416,1891,0,33
1244,1416,1890,0,34
1245,1416,1890,0,34
1246,1416,1890,0,35
1247,1415,1890,0,36
1248,1415,1890,0,36
1249,1415,1891,0,32
1250,1416,1892,0,30
1251,1416,1891,0,29
1252,1415,1891,0,30
1253,1416,1891,0,28
1254,1416,1891,0,28
1255,1417,1892,0,27
1256,1416,1892,0,26
1257,1416,1892,0,25
1258,1415,1893,0,26
1259,1413,1894,0,23
1260,1411,1894,0,26
1261,1411,1895,0,25
1262,1411,1894,0,26
1263,1412,1893,0,30
1264,1412,1893,0,32
1265,1413,1893,0,31
1266,1413,1893,0,30
1267,1414,1893,0,29
1268,1414,1893,0,28
1269,1415,1893,0,29
1270,1416,1892,0,29
1271,1416,1892,0,30
1272,1415,1892,0,31
1273,1416,1892,0,30
1274,1415,1892,0,31
1275,1415,1892,0,31
1276,1415,1892,0,32
1277,1415,1891,0,31
1278,1415,1891,0,33
1279,1415,1891,0,31
1280,1415,1891,0,32
1281,1415,1891,0,31
1282,1415,1891,0,32
1283,1415,1891,0,32
1284,1415,1891,0,32
1285,1415,1891,0,33
1286,1415,1891,0,33
1287,1415,1891,0,33
1288,1415,1891,0,32
1289,1415,1891,0,32
1290,1415,1891,0,32
1291,1415,1891,0,32
1292,1415,1891,0,32
1293,1415,1892,0,31
1294,1415,1892,0,32
1295,1413,1892,0,31
1296,1414,1892,0,31
1297,1414,1892,0,30
1298,1415,1892,0,31
1299,1415,1891,0,30
1300,1415,1891,0,32
1301,1415,1891,0,32
1302,1415,1891,0,32
1303,1415,1891,0,33
1304,1415,1892,0,32
1305,1415,1891,0,32
1306,1415,1891,0,33
1307,1415,1891,0,32
1308,1415,1891,0,33
1309,1415,1891,0,33
1310,1415,1891,0,33
1311,1415,1891,0,33
1312,1415,1891,0,33
1313,1415,1891,0,32
1314,1415,1890,0,32
1315,1415,1890,0,32
1316,1415,1890,0,32
1317,1415,1890,0,32
1318,1415,1890,0,32
1319,1415,1890,0,31
1320,1415,1890,0,32
1321,1415,1890,0,33
1322,1415,1891,0,33
1323,1415,1890,0,33
1324,1415,1890,0,33
1325,1415,1890,0,34
1326,1415,1890,0,34
1327,1415,1891,0,30
1328,1415,1891,0,35
1329,1415,1891,0,34
1330,1415,1891,0,33
1331,1415,1891,0,32
1332,1415,1891,0,32
1333,1415,1891,0,32
1334,1415,1891,0,32
1335,1415,1891,0,33
1336,1415,1891,0,33
1337,1415,1891,0,34
1338,1415,1891,0,33
1339,1415,1891,0,33
1340,1415,1891,0,33
1341,1415,1891,0,33
1342,1415,1891,0,32
1343,1415,1891,0,33
1344,1415,1891,0,34
1345,1415,1891,0,33
1346,1415,1891,0,34
1347,1415,1891,0,34
1348,1415,1891,0,34
1349,1415,1891,0,34
1350,1415,1891,0,34
1351,1415,1891,0,34
1352,1415,1891,0,34
1353,1415,1891,0,35
1354,1415,1890,0,35
1355,1415,1890,0,35
1356,1415,1891,0,34
1357,1415,1891,0,34
1358,1415,1891,0,35
1359,1415,1891,0,34
1360,1414,1891,0,35
1361,1415,1891,0,35
1362,1415,1891,0,35
1363,1415,1891,0,35
1364,1415,1891,0,35
1365,1415,1891,0,36
1366,1415,1891,0,36
1367,1415,1891,0,36
1368,1415,1891,0,36
1369,1415,1891,0,37
1370,1415,1891,0,36
1371,1415,1891,0,37
1372,1415,1891,0,37
1373,1415,1891,0,37
1374,1415,1891,0,36
1375,1415,1891,0,37
1376,1415,1891,0,36
1377,1415,1891,0,36
1378,1415,1891,0,37
1379,1415,1891,0,37
1380,1415,1891,0,36
1381,1415,1891,0,36
1382,1415,1891,0,36
1383,1415,1891,0,36
1384,1415,1891,0,36
1385,1415,1891,0,37
1386,1415,1891,0,37
1387,1415,1891,0,37
1388,1415,1891,0,36
1389,1415,1891,0,37
1390,1415,1891,0,36
1391,1415,1891,0,36
1392,1415,1891,0,36
1393,1415,1891,0,37
1394,1415,1891,0,36
1395,1415,1891,0,37
1396,1415,1891,0,37
1397,1415,1891,0,37
1398,1415,1891,0,37
1399,1415,1891,0,37
1400,1415,1891,0,37
1401,1415,1890,0,36
1402,1415,1890,0,38
1403,1415,1889,0,40
1404,1415,1890,0,43
1405,1415,1889,0,40
1406,1417,1889,0,39
1407,1418,1889,0,37
1408,1418,1890,0,35
1409,1418,1889,0,33
1410,1418,1889,0,33
1411,1418,1889,0,33
1412,1418,1890,0,32
1413,1418,1889,0,32
1414,1418,1890,0,31
1415,1418,1889,0,32
1416,1418,1890,0,32
1417,1418,1889,0,32
1418,1417,1889,0,33
1419,1417,1889,0,32
1420,1417,1889,0,31
1421,1417,1890,0,31
1422,1417,1889,0,31
1423,1417,1889,0,31
1424,1417,1889,0,32
1425,1417,1889,0,33
1426,1417,1889,0,32
1427,1417,1889,0,33
1428,1417,1889,0,32
1429,1417,1889,0,33
1430,1417,1889,0,33
1431,1417,1889,0,33
1432,1417,1889,0,34
1433,1417,1889,0,34
1434,1417,1889,0,34
1435,1417,1889,0,35
1436,1417,1889,0,33
1437,1417,1889,0,33
1438,1417,1889,0,33
1439,1417,1889,0,33
1440,1417,1889,0,33
1441,1416,1889,0,33
1442,1417,1889,0,33
1443,1416,1889,0,34
1444,1416,1889,0,34
1445,1416,1889,0,36
1446,1417,1889,0,35
1447,1417,1889,0,36
1448,1417,1889,0,36
1449,1417,1889,0,36
1450,1417,1889,0,36
1451,1417,1889,0,36
1452,1417,1889,0,36
1453,1417,1889,0,36
1454,1417,1889,0,36
1455,1417,1889,0,36
1456,1417,1889,0,36
1457,1417,1889,0,36
1458,1417,1889,0,36
1459,1417,1889,0,36
1460,1417,1889,0,37
1461,1417,1889,0,37
1462,1417,1889,0,37
1463,1417,1889,0,38
1464,1417,1889,0,37
1465,1417,1889,0,37
1466,1417,1889,0,37
1467,1417,1889,0,36
1468,1417,1889,0,37
1469,1417,1889,0,37
1470,1417,1889,0,37
1471,1417,1889,0,38
1472,1417,1889,0,37
1473,1417,1889,0,37
1474,1417,1889,0,37
1475,1417,1889,0,38
1476,1417,1889,0,38
1477,1417,1889,0,37
1478,1417,1889,0,37
1479,1417,1889,0,37
1480,1417,1889,0,37
1481,1417,1889,0,37
1482,1417,1889,0,37
1483,1417,1889,0,37
1484,1417,1889,0,37
1485,1417,1889,0,37
1486,1417,1889,0,37
1487,1417,1889,0,37
1488,1416,1889,0,37
1489,1417,1889,0,37
1490,1417,1889,0,37
1491,1417,1889,0,37
1492,1417,1889,0,37
1493,1417,1889,0,37
1494,1417,1889,0,37
1495,1416,1889,0,37
1496,1417,1889,0,37
1497,1417,1889,0,37
1498,1417,1889,0,37
1499,1416,1889,0,37
1500,1417,1889,0,37
1501,1417,1889,0,37
1502,1417,1889,0,37
1503,1417,1889,0,37
1504,1417,1889,0,37
1505,1417,1889,0,37
1506,1417,1889,0,37
1507,1417,1889,0,37
1508,1417,1889,0,37
1509,1416,1889,0,37
1510,1416,1889,0,37
1511,1416,1889,0,37
1512,1416,1889,0,37
1513,1416,1889,0,37
1514,1417,1889,0,37
1515,1417,1889,0,36
1516,1417,1889,0,36
1517,1417,1889,0,36
1518,1417,1889,0,36
1519,1417,1889,0,37
1520,1417,1889,0,37
1521,1417,1889,0,37
1522,1417,1889,0,37
1523,1417,1889,0,37
1524,1417,1889,0,37
1525,1417,1889,0,37
1526,1416,1889,0,37
1527,1416,1889,0,37
1528,1417,1889,0,37
1529,1417,1889,0,37
1530,1416,1889,0,37
1531,1417,1889,0,37
1532,1417,1889,0,37
1533,1417,1889,0,36
1534,1417,1889,0,36
1535,1417,1889,0,37
1536,1417,1889,0,37
1537,1417,1889,0,37
1538,1417,1889,0,37
1539,1417,1889,0,37
1540,1417,1889,0,37
1541,1417,1889,0,37
1542,1417,1889,0,37
1543,1417,1889,0,37
1544,1417,1889,0,38
1545,1417,1889,0,38
1546,1416,1889,0,38
1547,1416,1889,0,38
1548,1416,1889,0,37
1549,1416,1889,0,38
1550,1416,1889,0,38
1551,1416,1889,0,38
1552,1416,1889,0,38
1553,1416,1889,0,38
1554,1416,1889,0,38
1555,1417,1889,0,38
1556,1416,1889,0,38
1557,1416,1889,0,38
1558,1417,1889,0,38
1559,1416,1889,0,38
1560,1416,1889,0,38
1561,1416,1889,0,38
1562,1416,1889,0,38
1563,1417,1889,0,38
1564,1416,1889,0,38
1565,1416,1889,0,38
1566,1417,1889,0,38
1567,1417,1889,0,38
1568,1417,1889,0,38
1569,1417,1889,0,38
1570,1417,1889,0,38
1571,1417,1889,0,38
1572,1417,1889,0,38
1573,1417,1889,0,38
1574,1417,1889,0,38
1575,1417,1889,0,38
1576,1417,1889,0,38
1577,1417,1889,0,38
1578,1417,1889,0,38
1579,1417,1889,0,38
1580,1417,1889,0,38
1581,1417,1889,0,38
1582,1417,1889,0,38
1583,1417,1889,0,38
1584,1417,1889,0,38
1585,1417,1889,0,38
1586,1417,1889,0,38
1587,1417,1889,0,38
1588,1417,1889,0,38
1589,1417,1889,0,38
1590,1417,1889,0,39
1591,1417,1889,0,39
1592,1417,1889,0,39
1593,1417,1889,0,39
1594,1417,1889,0,39
1595,1417,1889,0,38
1596,1417,1889,0,38
1597,1417,1889,0,38
1598,1417,1889,0,38
1599,1417,1889,0,37
1600,1417,1889,0,38
1601,1417,1889,0,38
1602,1417,1889,0,38
1603,1417,1889,0,38
1604,1417,1889,0,38
1605,1417,1889,0,38
1606,1417,1889,0,38
1607,1417,1889,0,38
1608,1417,1889,0,38
1609,1417,1889,0,38
1610,1417,1889,0,38
1611,1417,1889,0,37
1612,1417,1889,0,38
1613,1417,1889,0,38
1614,1417,1889,0,38
1615,1417,1889,0,39
1616,1417,1889,0,38
1617,1417,1889,0,38
1618,1417,1889,0,38
1619,1417,1889,0,38
1620,1417,1889,0,38
1621,1417,1889,0,38
1622,1417,1889,0,38
1623,1417,1889,0,38
1624,1417,1889,0,38
1625,1417,1889,0,37
1626,1417,1889,0,37
1627,1417,1889,0,37
1628,1417,1889,0,37
1629,1417,1888,0,37
1630,1417,1889,0,37
1631,1417,1889,0,37
1632,1417,1888,0,37
1633,1417,1889,0,37
1634,1417,1889,0,37
1635,1417,1889,0,38
1636,1417,1888,0,38
1637,1417,1888,0,38
1638,1417,1889,0,38
1639,1417,1888,0,38
1640,1417,1889,0,38
1641,1417,1889,0,38
1642,1417,1889,0,38
1643,1417,1889,0,38
1644,1417,1889,0,38
1645,1417,1889,0,38
1646,1417,1889,0,38
1647,1417,1889,0,38
1648,1417,1889,0,38
1649,1417,1889,0,38
1650,1417,1889,0,38
1651,1417,1889,0,38
1652,1417,1889,0,38
1653,1417,1889,0,38
1654,1417,1889,0,38
1655,1417,1889,0,38
1656,1417,1889,0,38
1657,1417,1889,0,38
1658,1417,1889,0,38
1659,1417,1889,0,38
1660,1417,1889,0,38
1661,1417,1889,0,38
1662,1417,1889,0,40
1663,1415,1889,0,39
1664,1415,1888,0,39
1665,1415,1888,0,39
1666,1415,1888,0,39
1667,1415,1888,0,40
1668,1415,1889,0,39
1669,1415,1889,0,39
1670,1415,1888,0,39
1671,1415,1888,0,38
1672,1415,1888,0,38
1673,1415,1889,0,39
1674,1415,1888,0,40
1675,1415,1888,0,39
1676,1416,1888,0,39
1677,1416,1888,0,42
1678,1417,1888,0,48
1679,1416,1888,0,47
1680,1416,1888,0,47
1681,1416,1888,0,48
1682,1417,1888,0,45
1683,1418,1889,0,38
1684,1418,1889,0,33
1685,1419,1889,0,29
1686,1418,1890,0,30
1687,1417,1890,0,30
1688,1417,1890,0,29
1689,1415,1890,0,30
1690,1414,1890,0,31
1691,1412,1889,0,31
1692,1409,1889,0,38
1693,1409,1889,0,32
1694,1409,1888,0,30
1695,1409,1888,0,33
1696,1408,1887,0,34
1697,1407,1887,0,35
1698,1406,1887,0,36
1699,1405,1886,0,30
1700,1406,1885,0,28
1701,1405,1883,0,29
1702,1407,1881,0,25
1703,1412,1881,0,19
1704,1418,1881,0,20
1705,1420,1880,0,18
1706,1424,1880,0,20
1707,1426,1881,0,22
1708,1428,1883,0,25
1709,1427,1883,0,27
1710,1425,1884,0,34
1711,1420,1885,0,38
1712,1418,1886,0,37
1713,1416,1888,0,36
1714,1415,1888,0,38
1715,1415,1888,0,39
1716,1415,1889,0,37
1717,1414,1889,0,37
1718,1414,1889,0,37
1719,1414,1889,0,38
1720,1414,1889,0,38
1721,1414,1889,0,38
1722,1414,1890,0,38
1723,1414,1890,0,38
1724,1414,1889,0,38
1725,1414,1889,0,36
1726,1414,1889,0,37
1727,1414,1889,0,36
1728,1414,1890,0,36
1729,1414,1890,0,33
1730,1415,1888,0,33
1731,1415,1888,0,35
1732,1415,1887,0,33
1733,1415,1887,0,32
1734,1414,1887,0,32
1735,1416,1886,0,32
1736,1419,1882,0,22
1737,1417,1876,0,26
1738,1417,1876,0,32
1739,1417,1876,0,33
1740,1416,1877,0,35
1741,1417,1877,0,36
1742,1417,1876,0,37
1743,1417,1875,0,36
1744,1418,1876,0,32
1745,1418,1877,0,29
1746,1419,1877,0,31
1747,1421,1878,0,33
1748,1420,1879,0,32
1749,1423,1877,0,25
1750,1423,1876,0,25
1751,1422,1875,0,24
1752,1421,1872,0,15
1753,1420,1869,0,16
1754,1419,1872,0,23
1755,1417,1870,0,32
1756,1410,1871,0,34
1757,1404,1866,0,46
1758,1401,1868,0,51
1759,1399,1876,0,48
1760,1395,1875,0,52
1761,1396,1878,0,59
1762,1399,1881,0,56
1763,1397,1882,0,58
1764,1396,1889,0,69
1765,1398,1896,0,75
1766,1398,1901,0,76
1767,1395,1909,0,85
1768,1396,1910,0,90
1769,1397,1912,0,91
1770,1398,1914,0,94
1771,1401,1918,0,83
1772,1400,1921,0,77
1773,1397,1924,0,87
1774,1395,1927,0,93
1775,1400,1928,0,88
1776,1394,1933,0,107
1777,1393,1933,0,110
1778,1399,1933,0,133
1779,1409,1931,0,145
1780,1418,1926,0,145
1781,1419,1927,0,143
1782,1423,1927,0,139
1783,1423,1929,0,138
1784,1422,1931,0,126
1785,1420,1932,0,118
1786,1421,1934,0,121
1787,1423,1935,0,112
1788,1422,1938,0,108
1789,1421,1939,0,108
1790,1417,1940,0,92
1791,1413,1940,0,93
1792,1410,1942,0,77
1793,1405,1944,0,71
1794,1398,1943,0,71
1795,1395,1941,0,62
1796,1390,1942,0,51
1797,1386,1945,0,46
1798,1383,1945,0,38
1799,1381,1945,0,40
1800,1379,1944,0,31
1801,1373,1944,0,27
1802,1372,1945,0,27
1803,1372,1946,0,29
1804,1371,1949,0,44
1805,1371,1948,0,49
1806,1377,1945,0,53
1807,1381,1950,0,68
1808,1384,1950,0,69
1809,1385,1950,0,70
1810,1384,1949,0,83
1811,1385,1951,0,83
1812,1390,1955,0,94
1813,1397,1957,0,111
1815,1414,1971,0,124
1816,1415,1972,0,130
1817,1416,1977,0,133
1818,1428,1980,0,134
1819,1436,1988,0,140
1820,1451,1991,0,146
1821,1457,1991,0,135
1822,1468,1999,0,138
1823,1480,2002,0,156
1824,1492,2002,0,156
1825,1503,2003,0,130
1826,1504,2006,0,136
1827,1503,2008,0,129
1828,1504,2007,0,135
1829,1503,2007,0,139
1830,1504,2006,0,148
1831,1505,2007,0,152
1832,1508,2009,0,153
1833,1509,2012,0,151
1834,1510,2012,0,148
1835,1511,2013,0,147
1836,1517,2010,0,151
1837,1527,2005,0,157
1838,1529,2006,0,162
1839,1532,2013,0,162
1840,1542,2017,0,173
1841,1552,2019,0,176
1842,1558,2021,0,174
1843,1561,2020,0,180
1844,1564,2018,0,186
1845,1567,2018,0,196
1846,1574,2014,0,195
1847,1579,2011,0,202
1848,1591,2007,0,212
1849,1594,2003,0,205
1850,1598,2002,0,204
1851,1607,1996,0,211
1852,1616,1992,0,207
1853,1619,1988,0,202
1854,1627,1988,0,196
1855,1628,1986,0,179
1856,1634,1985,0,185
1857,1641,1982,0,197
1858,1648,1975,0,213
1859,1649,1971,0,226
1860,1648,1966,0,230
1861,1646,1960,0,234
1862,1644,1952,0,244
1863,1643,1947,0,242
1864,1639,1943,0,255
1865,1639,1939,0,255
1866,1642,1926,0,260
1867,1648,1921,0,272
1868,1644,1920,0,258
1869,1642,1918,0,255
1870,1643,1915,0,252
1871,1646,1914,0,248
1872,1651,1911,0,245
1873,1654,1908,0,242
1874,1655,1905,0,238
1875,1658,1899,0,236
1876,1661,1896,0,235
1877,1661,1896,0,234
1878,1663,1895,0,233
1879,1664,1893,0,236
1880,1665,1890,0,234
1881,1668,1888,0,235
1882,1670,1888,0,237
1883,1670,1888,0,233
1884,1674,1891,0,231
1885,1676,1892,0,217
1886,1679,1892,0,208
1887,1686,1893,0,202
1888,1688,1892,0,198
1889,1695,1889,0,201
1890,1702,1885,0,206
1891,1707,1881,0,214
1892,1709,1878,0,214
1893,1710,1875,0,217
1894,1711,1872,0,218
1895,1713,1872,0,217
1896,1713,1871,0,214
1897,1712,1872,0,219
1898,1711,1867,0,229
1899,1713,1865,0,234
1900,1712,1860,0,238
1901,1711,1854,0,240
1902,1711,1850,0,241
1903,1710,1848,0,245
1904,1708,1845,0,255
1905,1708,1842,0,264
1906,1706,1840,0,266
1907,1705,1838,0,265
1908,1703,1834,0,268
1909,1703,1828,0,268
1910,1702,1822,0,273
1911,1702,1819,0,268
1912,1703,1815,0,264
1913,1703,1812,0,264
1914,1702,1810,0,267
1915,1702,1807,0,265
1916,1702,1800,0,269
1917,1703,1798,0,264
1918,1703,1796,0,260
1919,1703,1793,0,266
1920,1702,1789,0,268
1921,1702,1788,0,268
1922,1701,1785,0,267
1923,1705,1783,0,271
1924,1705,1780,0,271
1925,1704,1779,0,269
1926,1704,1778,0,268
1927,1702,1777,0,269
1928,1703,1773,0,274
1929,1703,1770,0,275
1930,1703,1767,0,274
1931,1701,1762,0,281
1932,1701,1762,0,282
1933,1701,1761,0,284
1934,1700,1761,0,283
1935,1698,1762,0,283
1936,1697,1762,0,281
1937,1697,1762,0,281
1938,1697,1761,0,280
1939,1697,1761,0,280
1940,1697,1762,0,280
1941,1697,1762,0,280
1942,1696,1763,0,280
1943,1696,1765,0,278
1944,1694,1766,0,274
1945,1695,1768,0,273
1946,1694,1769,0,272
1947,1694,1771,0,268
1948,1695,1770,0,270
1949,1694,1771,0,270
1950,1694,1771,0,270
1951,1695,1771,0,269
1952,1697,1773,0,271
1953,1701,1776,0,272
1954,1699,1779,0,271
1955,1699,1784,0,272
1956,1699,1785,0,269
1957,1700,1788,0,267
1958,1700,1789,0,265
1959,1699,1790,0,263
1960,1699,1792,0,254
1961,1701,1790,0,253
1962,1701,1791,0,251
1963,1701,1792,0,249
1964,1699,1795,0,247
1965,1699,1798,0,244
1966,1698,1798,0,240
1967,1699,1799,0,240
1968,1699,1801,0,238
1969,1699,1802,0,243
1970,1699,1802,0,245
1971,1699,1800,0,245
1972,1701,1801,0,244
1973,1701,1801,0,237
1974,1701,1802,0,233
1975,1700,1803,0,231
1976,1698,1805,0,225
1977,1699,1807,0,227
1978,1699,1806,0,226
1979,1699,1808,0,226
1980,1700,1808,0,233
1983,1711,1796,0,292
1984,1717,1786,0,309
1985,1711,1785,0,299
1986,1712,1780,0,299
1987,1711,1780,0,306
1988,1711,1778,0,316
1989,1711,1775,0,311
1990,1710,1769,0,301
1991,1706,1765,0,299
1992,1703,1758,0,298
1993,1699,1756,0,296
1994,1695,1753,0,291
1995,1695,1749,0,290
1996,1693,1745,0,290
1997,1692,1740,0,289
1998,1696,1734,0,298
1999,1684,1729,0,306
2000,1681,1725,0,307
2001,1678,1721,0,306
2002,1676,1718,0,303
2003,1677,1715,0,304
2004,1677,1714,0,301
2005,1679,1708,0,301
2006,1678,1708,0,299
2007,1676,1704,0,298
2008,1674,1700,0,305
2009,1670,1701,0,299
2010,1671,1699,0,309
2011,1671,1700,0,311
2012,1672,1706,0,315
2013,1672,1706,0,314
2014,1671,1703,0,309
2015,1667,1700,0,313
2016,1661,1698,0,318
2017,1658,1695,0,320
2018,1654,1694,0,320
2019,1653,1692,0,321
2020,1651,1691,0,318
2021,1649,1689,0,309
2022,1647,1685,0,306
2023,1645,1683,0,303
2024,1644,1680,0,303
2025,1643,1680,0,303
2026,1643,1681,0,302
2027,1644,1682,0,303
2028,1644,1682,0,302
2029,1645,1683,0,301
2030,1645,1683,0,300
2031,1646,1682,0,307
2032,1646,1684,0,305
2033,1647,1686,0,304
2034,1647,1686,0,305
2035,1649,1687,0,305
2036,1649,1687,0,303
2037,1651,1688,0,307
2038,1652,1688,0,311
2039,1652,1688,0,312
2040,1653,1686,0,315
2041,1653,1687,0,317
2042,1653,1689,0,319
2043,1652,1689,0,320
2044,1651,1690,0,321
2045,1651,1692,0,324
2046,1651,1693,0,328
2047,1651,1693,0,331
2048,1651,1693,0,334
2049,1650,1693,0,337
2050,1651,1693,0,339
2051,1651,1694,0,338
2052,1653,1695,0,338
2053,1653,1695,0,340
2054,1653,1695,0,342
2055,1655,1695,0,340
2056,1657,1696,0,339
2057,1661,1697,0,336
2058,1665,1698,0,341
2059,1666,1699,0,345
2060,1667,1698,0,349
2061,1667,1698,0,350
2062,1667,1698,0,349
2063,1667,1698,0,349
2064,1667,1698,0,349
2065,1666,1698,0,349
2066,1665,1697,0,350
2067,1664,1697,0,351
2068,1663,1698,0,352
2069,1662,1698,0,353
2070,1662,1699,0,354
2071,1661,1700,0,354
2072,1660,1700,0,353
2073,1660,1700,0,355
2074,1659,1701,0,357
2075,1657,1700,0,358
2076,1655,1700,0,0
2077,1655,1700,0,1
2078,1655,1700,0,2
2079,1655,1701,0,359
2080,1655,1701,0,358
2081,1655,1701,0,358
2082,1655,1699,0,0
2083,1653,1700,0,1
2084,1654,1700,0,359
2085,1654,1700,0,358
2086,1654,1700,0,358
2087,1655,1699,0,1
2088,1655,1700,0,0
2089,1654,1700,0,0
2090,1652,1701,0,359
2091,1651,1702,0,359
2092,1651,1701,0,2
2093,1651,1701,0,4
2094,1649,1701,0,4
2095,1647,1701,0,3
2096,1646,1700,0,2
2097,1645,1699,0,1
2098,1644,1699,0,0
2099,1645,1698,0,4
2100,1645,1699,0,3
2101,1643,1700,0,9
2102,1642,1699,0,10
2103,1640,1701,0,15
2104,1637,1700,0,24
2105,1636,1700,0,21
2106,1635,1699,0,19
2107,1633,1699,0,18
2108,1632,1698,0,17
2109,1632,1698,0,15
2110,1631,1697,0,11
2111,1630,1696,0,11
2112,1630,1697,0,11
2113,1630,1696,0,13
2114,1630,1697,0,12
2115,1630,1697,0,15
2116,1630,1697,0,15
2117,1630,1697,0,15
2118,1630,1697,0,16
2119,1629,1698,0,23
2120,1628,1698,0,26
2121,1628,1699,0,24
2122,1628,1698,0,23
2123,1627,1697,0,21
2124,1629,1696,0,20
2125,1629,1696,0,14
2126,1629,1695,0,12
2127,1628,1695,0,11
2128,1627,1694,0,13
2129,1628,1694,0,12
2130,1627,1694,0,9
2131,1627,1695,0,9
2132,1627,1695,0,10
2133,1627,1696,0,11
2134,1628,1696,0,12
2135,1629,1696,0,12
2136,1629,1696,0,12
2137,1629,1696,0,12
2138,1629,1696,0,12
2139,1629,1696,0,11
2140,1629,1696,0,11
2141,1629,1696,0,13
2142,1629,1696,0,14
2143,1629,1696,0,16
2144,1630,1696,0,18
2145,1630,1695,0,17
2146,1630,1695,0,20
2147,1630,1696,0,18
2148,1630,1696,0,19
2149,1630,1696,0,18
2150,1630,1696,0,16
2151,1630,1696,0,15
2152,1631,1696,0,13
2153,1631,1696,0,13
2154,1631,1696,0,13
2155,1631,1696,0,13
2156,1631,1696,0,14
2157,1631,1696,0,13
2158,1631,1696,0,14
2159,1630,1696,0,15
2160,1631,1697,0,13
2161,1632,1697,0,12
2162,1632,1696,0,12
2163,1631,1696,0,13
2164,1631,1696,0,13
2165,1631,1696,0,12
2166,1631,1697,0,12
2167,1632,1697,0,14
2168,1632,1697,0,14
2169,1632,1697,0,11
2170,1632,1697,0,7
2171,1633,1697,0,12
2172,1634,1698,0,17
2173,1635,1699,0,14
2174,1635,1700,0,13
2175,1635,1700,0,12
2176,1635,1699,0,11
2177,1634,1699,0,12
2178,1634,1699,0,12
2179,1635,1699,0,12
2180,1634,1699,0,13
2181,1634,1699,0,13
2182,1634,1699,0,12
2183,1634,1699,0,12
2184,1634,1698,0,14
2185,1634,1698,0,15
2186,1634,1698,0,15
2187,1634,1698,0,15
2188,1634,1698,0,14
2189,1634,1698,0,14
2190,1634,1698,0,15
2191,1634,1698,0,14
2192,1634,1698,0,14
2193,1634,1698,0,14
2194,1634,1698,0,14
2195,1634,1698,0,13
2196,1634,1699,0,15
2197,1634,1699,0,16
2198,1634,1699,0,16
2199,1633,1700,0,16
2200,1633,1701,0,16
2201,1633,1700,0,16
2202,1633,1699,0,18
2203,1633,1699,0,19
2204,1633,1700,0,20
2205,1633,1699,0,20
2206,1633,1699,0,18
2207,1634,1699,0,17
2208,1634,1699,0,18
2209,1635,1700,0,15
2210,1637,1701,0,10
2211,1638,1702,0,11
2212,1645,1708,0,7
2213,1650,1712,0,6
2214,1653,1713,0,2
2215,1654,1710,0,357
2216,1655,1711,0,356
2217,1655,1710,0,355
2218,1654,1707,0,355
2219,1653,1705,0,352
2220,1650,1703,0,348
2221,1648,1701,0,341
2222,1644,1699,0,336
2223,1642,1698,0,334
2224,1639,1696,0,334
2225,1637,1693,0,331
2226,1635,1691,0,328
2227,1630,1687,0,323
2228,1627,1684,0,321
2229,1624,1683,0,326
2230,1622,1683,0,327
2231,1620,1684,0,331
2232,1620,1684,0,332
2233,1620,1684,0,332
2234,1621,1684,0,330
2235,1621,1683,0,328
2236,1621,1684,0,330
2237,1622,1687,0,329
2238,1621,1685,0,327
2239,1621,1684,0,326
2240,1621,1685,0,328
2241,1622,1686,0,328
2242,1622,1687,0,325
2243,1622,1688,0,321
2244,1622,1688,0,321
2245,1620,1686,0,317
2246,1618,1683,0,315
2247,1617,1681,0,317
2248,1615,1680,0,319
2249,1613,1676,0,320
2250,1613,1674,0,317
2251,1611,1674,0,316
2252,1610,1674,0,315
2253,1611,1677,0,319
2254,1611,1677,0,320
2255,1610,1678,0,319
2256,1610,1678,0,319
2257,1611,1679,0,319
2258,1611,1680,0,317
2259,1612,1682,0,324
2260,1611,1682,0,325
2261,1610,1682,0,330
2262,1609,1682,0,334
2263,1607,1683,0,337
2264,1607,1684,0,337
2265,1608,1685,0,331
2266,1609,1691,0,339
2267,1607,1693,0,331
2268,1608,1692,0,331
2269,1607,1692,0,324
2270,1606,1691,0,325
2271,1606,1694,0,331
2272,1607,1697,0,328
2273,1607,1698,0,329
2274,1607,1698,0,330
2275,1607,1698,0,334
2276,1606,1698,0,335
2277,1606,1699,0,339
2279,1606,1699,0,337
2280,1605,1699,0,338
2281,1605,1699,0,338
2282,1605,1699,0,343
2283,1605,1699,0,343
2284,1605,1700,0,342
2285,1606,1700,0,342
2286,1605,1700,0,337
2287,1607,1702,0,340
2288,1609,1705,0,341
2289,1613,1706,0,341
2290,1615,1706,0,339
2291,1616,1706,0,340
2292,1621,1708,0,338
2293,1622,1708,0,333
2294,1623,1708,0,335
2295,1625,1709,0,337
2296,1629,1710,0,342
2297,1633,1711,0,346
2298,1633,1712,0,351
2299,1633,1711,0,351
2300,1634,1712,0,352
2301,1635,1714,0,352
2302,1637,1714,0,351
2303,1637,1715,0,345
2304,1637,1715,0,348
2305,1637,1715,0,350
2306,1638,1716,0,348
2307,1638,1716,0,348
2308,1637,1716,0,350
2309,1638,1715,0,351
2310,1638,1715,0,353
2311,1638,1715,0,346
2312,1639,1713,0,337
2313,1640,1712,0,332
2314,1642,1710,0,329
2315,1644,1708,0,319
2316,1643,1708,0,310
2317,1640,1707,0,307
2318,1641,1704,0,303
2319,1640,1703,0,302
2320,1640,1704,0,298
2321,1640,1704,0,300
2322,1640,1704,0,300
2323,1640,1704,0,299
2324,1639,1705,0,297
2325,1640,1705,0,295
2326,1639,1706,0,303
2327,1637,1708,0,308
2328,1636,1709,0,310
2329,1635,1710,0,315
2330,1635,1713,0,319
2331,1635,1714,0,327
2332,1636,1714,0,328
2333,1636,1715,0,328
2334,1636,1715,0,328
2335,1635,1715,0,330
2336,1636,1716,0,331
2337,1635,1717,0,336
2338,1635,1718,0,337
2339,1636,1718,0,337
2340,1636,1716,0,334
2341,1637,1714,0,324
2342,1637,1711,0,326
2343,1639,1710,0,323
2344,1638,1708,0,323
2345,1639,1707,0,326
2346,1639,1708,0,324
2347,1638,1709,0,324
2348,1636,1710,0,323
2349,1633,1709,0,324
2350,1635,1709,0,316
2351,1634,1708,0,312
2352,1632,1711,0,310
2353,1629,1710,0,306
2354,1626,1709,0,290
2355,1629,1707,0,288
2356,1628,1707,0,286
2357,1624,1703,0,281
2358,1626,1688,0,279
2359,1621,1684,0,278
2360,1618,1685,0,265
2361,1618,1688,0,256
2362,1619,1688,0,249
2363,1619,1690,0,251
2364,1617,1694,0,254
2365,1616,1693,0,253
2366,1614,1689,0,241
2367,1614,1689,0,241
2368,1616,1690,0,242
2369,1617,1687,0,238
2370,1617,1683,0,235
2371,1618,1679,0,237
2372,1619,1677,0,241
2373,1620,1677,0,249
2374,1620,1674,0,255
2375,1620,1669,0,251
2376,1619,1665,0,246
2377,1620,1664,0,243
2378,1622,1664,0,241
2379,1621,1663,0,236
2380,1620,1660,0,237
2381,1618,1660,0,237
2382,1617,1659,0,231
2383,1617,1659,0,228
2384,1617,1659,0,226
2385,1619,1659,0,227
2386,1619,1658,0,228
2387,1620,1658,0,228
2388,1619,1658,0,224
2389,1619,1658,0,229
2390,1619,1658,0,231
2391,1619,1658,0,227
2392,1620,1658,0,227
2393,1620,1658,0,228
2394,1620,1658,0,227
2395,1619,1658,0,230
2396,1619,1658,0,230
2397,1619,1658,0,228
2398,1620,1658,0,227
2399,1620,1658,0,228
2400,1621,1658,0,230
2401,1621,1658,0,230
2402,1620,1658,0,229
2403,1620,1658,0,231
2404,1620,1658,0,234
2405,1619,1659,0,231
2406,1616,1659,0,234
2407,1611,1660,0,228
2408,1606,1659,0,213
2409,1607,1657,0,217
2410,1609,1654,0,209
2411,1607,1652,0,204
2412,1607,1650,0,198
2413,1608,1651,0,204
2414,1609,1650,0,203
2415,1609,1649,0,203
2416,1608,1648,0,203
2417,1608,1647,0,202
2418,1606,1647,0,202
2419,1606,1646,0,199
2420,1605,1643,0,199
2421,1605,1640,0,197
2422,1605,1635,0,174
2423,1606,1633,0,171
2424,1606,1633,0,167
2425,1607,1633,0,167
2426,1607,1634,0,166
2427,1608,1634,0,166
2428,1610,1634,0,166
2429,1610,1633,0,162
2430,1612,1632,0,158
2431,1612,1629,0,160
2432,1612,1629,0,154
2433,1612,1628,0,156
2434,1611,1628,0,155
2435,1610,1628,0,153
2436,1611,1627,0,155
2437,1613,1626,0,152
2438,1614,1626,0,151
2439,1613,1626,0,149
2440,1612,1625,0,148
2441,1612,1627,0,152
2442,1612,1627,0,148
2443,1612,1625,0,149
2444,1612,1625,0,150
2445,1611,1628,0,149
2446,1611,1628,0,146
2447,1610,1626,0,146
2448,1610,1628,0,147
2449,1610,1629,0,147
2450,1609,1629,0,147
2451,1609,1629,0,148
2452,1609,1629,0,149
2453,1610,1629,0,150
2454,1611,1629,0,152
2455,1610,1628,0,147
2456,1608,1629,0,148
2457,1609,1629,0,147
2458,1613,1628,0,150
2459,1613,1628,0,148
2460,1614,1628,0,149
2461,1615,1629,0,151
2462,1614,1629,0,149
2463,1613,1629,0,147
2464,1612,1629,0,146
2465,1611,1629,0,146
2466,1612,1629,0,147
2467,1612,1630,0,145
2468,1612,1630,0,143
2469,1612,1629,0,146
2470,1614,1628,0,146
2471,1614,1628,0,145
2472,1613,1627,0,144
2473,1612,1627,0,143
2474,1615,1627,0,143
2475,1614,1627,0,141
2476,1615,1627,0,143
2477,1615,1628,0,143
2478,1615,1627,0,140
2479,1615,1627,0,142
2480,1615,1627,0,145
2481,1614,1627,0,146
2482,1613,1628,0,145
2483,1611,1628,0,143
2484,1611,1628,0,142
2485,1612,1628,0,143
2486,1611,1629,0,142
2487,1611,1630,0,144
2488,1612,1631,0,148
2489,1613,1632,0,147
2490,1613,1632,0,148
2491,1610,1630,0,145
2492,1612,1634,0,151
2493,1612,1636,0,156
2494,1613,1640,0,160
2495,1614,1641,0,159
2496,1611,1642,0,158
2497,1608,1641,0,154
2498,1607,1642,0,152
2499,1603,1644,0,154
2500,1601,1645,0,161
2501,1598,1653,0,154
2502,1601,1657,0,150
2503,1598,1659,0,145
2504,1597,1659,0,136
2505,1598,1657,0,139
2506,1598,1653,0,141
2507,1598,1656,0,135
2508,1600,1655,0,129
2509,1599,1656,0,124
2510,1600,1655,0,132
2511,1599,1657,0,137
2512,1600,1659,0,139
2513,1599,1663,0,142
2514,1601,1663,0,160
2515,1604,1662,0,174
2516,1607,1661,0,184
2517,1611,1658,0,193
2518,1615,1658,0,209
2519,1615,1656,0,220
2520,1616,1655,0,229
2521,1614,1654,0,238
2522,1610,1653,0,255
2523,1607,1650,0,262
2524,1606,1650,0,262
2525,1605,1649,0,263
2526,1605,1649,0,268
2527,1604,1651,0,281
2528,1600,1652,0,287
2529,1597,1653,0,290
2530,1595,1652,0,291
2531,1593,1652,0,298
2532,1592,1652,0,305
2533,1591,1653,0,306
2534,1590,1655,0,315
2535,1589,1656,0,322
2536,1586,1661,0,324
2537,1586,1664,0,315
2538,1585,1665,0,306
2539,1585,1666,0,311
2540,1586,1667,0,315
2541,1585,1666,0,322
2542,1584,1663,0,332
2543,1581,1665,0,329
2544,1581,1668,0,331
2545,1585,1672,0,340
2546,1584,1675,0,342
2547,1587,1677,0,344
2548,1589,1677,0,342
2549,1590,1681,0,346
2550,1593,1681,0,351
2551,1592,1682,0,348
2552,1594,1681,0,351
2553,1595,1681,0,352
2554,1596,1680,0,350
2555,1596,1681,0,348
2556,1596,1681,0,350
2557,1595,1679,0,351
2558,1595,1680,0,354
2559,1594,1681,0,354
2560,1594,1681,0,355
2561,1594,1681,0,355
2562,1594,1681,0,355
2563,1593,1680,0,355
2564,1593,1681,0,358
2565,1592,1681,0,2
2566,1590,1682,0,4
2567,1590,1682,0,6
2568,1590,1681,0,8
2569,1589,1681,0,7
2570,1589,1681,0,9
2571,1590,1680,0,10
2572,1590,1680,0,9
2573,1590,1681,0,9
2574,1590,1681,0,8
2575,1590,1681,0,10
2576,1590,1681,0,10
2577,1590,1683,0,11
2578,1587,1684,0,11
2579,1586,1685,0,11
2580,1586,1685,0,11
2581,1589,1684,0,9
2582,1589,1684,0,8
2583,1590,1686,0,7
2584,1591,1687,0,3
2585,1592,1683,0,13
2586,1593,1682,0,12
2587,1596,1684,0,6
2588,1600,1670,0,9
2589,1598,1669,0,5
2590,1598,1670,0,3
2591,1597,1670,0,3
2592,1595,1670,0,2
2593,1595,1669,0,4
2594,1595,1667,0,1
2595,1593,1667,0,0
2596,1593,1668,0,2
2597,1592,1669,0,4
2598,1591,1668,0,3
2599,1591,1667,0,359
2600,1594,1668,0,354
2601,1598,1668,0,354
2602,1601,1668,0,357
2603,1601,1667,0,358
2604,1600,1667,0,357
2605,1599,1666,0,355
2606,1598,1666,0,350
2607,1598,1666,0,349
2608,1597,1666,0,350
2609,1595,1665,0,355
2610,1591,1666,0,2
2611,1588,1666,0,5
2612,1584,1666,0,7
2613,1581,1667,0,9
2614,1581,1668,0,12
2615,1582,1668,0,14
2616,1582,1668,0,16
2617,1581,1668,0,19
2618,1586,1669,0,21
2619,1588,1668,0,29
2620,1585,1669,0,27
2621,1585,1670,0,27
2622,1586,1671,0,27
2623,1586,1669,0,27
2624,1584,1669,0,27
2625,1583,1668,0,32
2626,1582,1668,0,32
2627,1581,1668,0,35
2628,1581,1668,0,38
2629,1580,1668,0,38
2630,1580,1671,0,37
2631,1580,1672,0,35
2632,1581,1672,0,36
2633,1581,1673,0,31
2634,1579,1676,0,29
2635,1584,1677,0,20
2636,1584,1674,0,12
2637,1581,1674,0,11
2638,1577,1675,0,11
2639,1577,1677,0,11
2640,1579,1677,0,12
2641,1577,1678,0,12
2642,1576,1679,0,12
2643,1575,1680,0,12
2644,1578,1680,0,16
2645,1577,1680,0,16
2646,1578,1680,0,18
2647,1578,1680,0,19
2648,1578,1680,0,17
2649,1579,1679,0,15
2650,1580,1677,0,9
2651,1580,1676,0,7
2652,1580,1676,0,4
2653,1579,1676,0,3
2654,1578,1676,0,2
2655,1578,1676,0,1
2656,1576,1675,0,1
2657,1574,1675,0,0
2658,1573,1674,0,355
2659,1572,1672,0,351
2660,1571,1672,0,348
2661,1569,1671,0,348
2662,1568,1670,0,348
2663,1566,1669,0,348
2664,1564,1669,0,350
2665,1564,1669,0,350
2666,1570,1669,0,347
2667,1577,1667,0,345
2668,1577,1666,0,338
2669,1579,1665,0,329
2670,1580,1663,0,327
2671,1581,1660,0,335
2672,1582,1659,0,333
2673,1583,1659,0,332
2674,1582,1660,0,333
2675,1583,1660,0,330
2676,1583,1661,0,334
2677,1583,1661,0,335
2678,1583,1661,0,330
2679,1584,1660,0,326
2680,1584,1660,0,325
2681,1584,1661,0,331
2682,1584,1661,0,329
2683,1584,1660,0,331
2684,1585,1660,0,331
2685,1584,1661,0,328
2686,1583,1661,0,325
2687,1582,1660,0,325
2688,1582,1659,0,323
2689,1582,1657,0,320
2690,1582,1655,0,315
2691,1582,1655,0,312
2692,1583,1657,0,315
2693,1583,1657,0,310
2694,1581,1657,0,308
2695,1581,1656,0,308
2696,1582,1657,0,303
2697,1582,1654,0,301
2698,1580,1652,0,303
2699,1579,1651,0,302
2700,1577,1649,0,302
2701,1576,1648,0,303
2702,1580,1650,0,303
2703,1581,1652,0,300
2704,1583,1652,0,290
2705,1583,1650,0,283
2706,1586,1648,0,276
2707,1589,1646,0,267
2708,1591,1643,0,266
2709,1593,1641,0,262
2710,1593,1640,0,257
2711,1594,1638,0,265
2712,1595,1635,0,257
2713,1598,1627,0,256
2714,1603,1623,0,257
2715,1602,1622,0,257
2716,1602,1622,0,252
2717,1602,1622,0,254
2718,1600,1622,0,253
2719,1598,1624,0,258
2720,1597,1620,0,264
2721,1598,1615,0,266
2722,1599,1611,0,269
2723,1597,1611,0,271
2724,1597,1611,0,271
2725,1598,1611,0,275
2726,1596,1610,0,278
2727,1596,1610,0,281
2728,1597,1611,0,287
2729,1595,1610,0,287
2730,1594,1609,0,286
2731,1592,1609,0,287
2732,1591,1608,0,285
2733,1589,1609,0,284
2734,1588,1608,0,281
2735,1586,1608,0,279
2736,1584,1607,0,280
2737,1582,1608,0,278
2738,1580,1603,0,280
2739,1579,1599,0,285
2740,1576,1598,0,285
2741,1573,1594,0,292
2742,1570,1590,0,292
2743,1567,1591,0,296
2744,1566,1592,0,297
2745,1564,1592,0,302
2746,1565,1593,0,309
2747,1564,1593,0,314
2748,1562,1594,0,319
2749,1560,1595,0,318
2750,1560,1595,0,321
2751,1560,1596,0,323
2752,1560,1596,0,324
2753,1560,1596,0,324
2754,1560,1596,0,324
2755,1560,1596,0,324
2756,1560,1595,0,324
2757,1560,1594,0,324
2758,1562,1594,0,329
2759,1564,1594,0,332
2760,1565,1595,0,328
2761,1566,1595,0,329
2762,1569,1595,0,329
2763,1569,1596,0,331
2764,1569,1597,0,332
2765,1570,1597,0,333
2766,1568,1596,0,334
2767,1567,1595,0,332
2768,1565,1594,0,330
2769,1565,1595,0,331
2770,1565,1595,0,335
2771,1563,1594,0,336
2772,1562,1594,0,334
2773,1562,1594,0,332
2774,1561,1593,0,332
2775,1561,1594,0,332
2776,1560,1594,0,331
2777,1560,1594,0,332
2778,1561,1594,0,333
2779,1562,1594,0,335
2780,1562,1593,0,337
2781,1561,1592,0,336
2782,1562,1590,0,344
2783,1565,1589,0,347
2784,1567,1588,0,348
2785,1566,1588,0,345
2786,1564,1588,0,346
2787,1564,1588,0,346
2788,1563,1588,0,345
2789,1563,1588,0,345
2790,1564,1589,0,345
2791,1564,1590,0,343
2792,1564,1590,0,340
2793,1563,1589,0,337
2794,1562,1590,0,336
2795,1561,1590,0,338
2796,1561,1589,0,336
2797,1561,1589,0,337
2798,1562,1589,0,337
2799,1563,1589,0,338
2800,1563,1590,0,338
2801,1563,1589,0,338
2802,1562,1589,0,339
2803,1562,1589,0,339
2804,1560,1589,0,338
2805,1560,1589,0,338
2806,1560,1589,0,338
2807,1560,1589,0,337
2808,1560,1589,0,338
2809,1561,1589,0,337
2810,1560,1588,0,338
2811,1559,1588,0,339
2812,1558,1588,0,338
2813,1559,1588,0,342
2814,1560,1587,0,347
2815,1560,1586,0,351
2816,1559,1586,0,347
2817,1558,1586,0,348
2818,1557,1587,0,346
2819,1557,1588,0,345
2820,1558,1587,0,347
2821,1558,1588,0,346
2822,1557,1588,0,346
2823,1557,1588,0,347
2824,1557,1588,0,346
2825,1559,1588,0,347
2826,1561,1588,0,345
2827,1566,1587,0,344
2828,1567,1587,0,341
2829,1567,1589,0,332
2830,1570,1585,0,342
2831,1569,1586,0,349
2832,1569,1585,0,358
2833,1570,1585,0,354
2834,1569,1584,0,350
2835,1564,1585,0,344
2836,1559,1586,0,340
2837,1557,1588,0,340
2838,1556,1590,0,342
2839,1554,1589,0,340
2840,1553,1589,0,339
2841,1553,1589,0,343
2842,1553,1591,0,352
2843,1552,1593,0,357
2844,1557,1594,0,359
2845,1558,1594,0,4
2846,1555,1595,0,8
2847,1551,1595,0,16
2848,1547,1596,0,11
2849,1544,1595,0,10
2850,1541,1596,0,13
2851,1541,1597,0,15
2852,1541,1598,0,14
2853,1542,1599,0,17
2854,1545,1599,0,27
2855,1551,1595,0,30
2856,1551,1592,0,34
2857,1551,1591,0,31
2858,1551,1589,0,35
2859,1551,1588,0,34
2860,1552,1588,0,32
2861,1554,1588,0,32
2862,1554,1588,0,27
2863,1552,1587,0,29
2864,1548,1589,0,27
2865,1546,1592,0,26
2866,1547,1593,0,28
2867,1548,1591,0,32
2868,1547,1591,0,31
2869,1546,1591,0,34
2870,1545,1591,0,33
2871,1545,1592,0,33
2872,1544,1594,0,31
2873,1543,1595,0,32
2874,1542,1596,0,32
2875,1540,1596,0,33
2876,1539,1595,0,36
2877,1539,1595,0,38
2878,1540,1593,0,38
2879,1539,1591,0,34
2880,1538,1592,0,35
2881,1538,1593,0,33
2882,1537,1593,0,32
2883,1537,1593,0,34
2884,1538,1593,0,33
2885,1537,1594,0,35
2886,1537,1594,0,36
2887,1535,1593,0,39
2888,1535,1593,0,40
2889,1535,1593,0,40
2890,1535,1594,0,40
2891,1536,1595,0,36
2892,1535,1595,0,39
2893,1535,1595,0,37
2894,1534,1595,0,37
2895,1533,1595,0,39
2896,1534,1594,0,40
2897,1538,1590,0,40
2898,1537,1590,0,43
2899,1538,1590,0,42
2900,1536,1591,0,42
2901,1537,1591,0,42
2902,1536,1590,0,44
2903,1536,1590,0,45
2904,1537,1590,0,45
2905,1536,1590,0,45
2906,1535,1590,0,43
2907,1535,1590,0,44
2908,1534,1590,0,43
2909,1535,1591,0,46
2910,1536,1591,0,45
2911,1535,1591,0,44
2912,1535,1591,0,44
2913,1538,1589,0,48
2914,1537,1587,0,49
2915,1536,1588,0,48
2916,1537,1587,0,46
2917,1536,1588,0,49
2918,1538,1589,0,49
2919,1539,1589,0,51
2920,1540,1585,0,46
2921,1542,1581,0,47
2922,1543,1579,0,46
2923,1543,1579,0,35
2924,1546,1580,0,23
2925,1548,1582,0,15
2926,1549,1583,0,18
2927,1549,1583,0,34
2928,1548,1581,0,38
2929,1549,1582,0,34
2930,1547,1581,0,44
2931,1546,1581,0,49
2932,1545,1581,0,52
2933,1547,1579,0,56
2934,1548,1577,0,53
2935,1549,1577,0,52
2936,1550,1575,0,54
2937,1551,1576,0,65
2938,1552,1576,0,63
2939,1552,1576,0,62
2940,1552,1576,0,60
2941,1550,1575,0,62
2942,1548,1574,0,62
2943,1551,1575,0,62
2944,1552,1572,0,59
2945,1552,1571,0,54
2946,1551,1570,0,51
2947,1550,1568,0,43
2948,1548,1570,0,38
2949,1546,1568,0,40
2950,1542,1569,0,39
2951,1543,1568,0,40
2952,1543,1568,0,40
2953,1544,1568,0,41
2954,1543,1568,0,43
2955,1542,1568,0,43
2956,1543,1567,0,43
2957,1543,1567,0,44
2958,1542,1567,0,44
2959,1542,1566,0,45
2960,1542,1566,0,47
2961,1542,1566,0,46
2962,1542,1566,0,47
2963,1542,1566,0,46
2964,1541,1566,0,49
2965,1541,1566,0,49
2966,1541,1565,0,49
2967,1540,1565,0,50
2968,1540,1565,0,49
2969,1540,1565,0,49
2970,1540,1565,0,48
2971,1540,1565,0,49
2972,1540,1565,0,49
2973,1540,1565,0,49
2974,1540,1565,0,49
2975,1540,1565,0,49
2976,1540,1566,0,49
2977,1541,1566,0,49
2978,1540,1567,0,48
2979,1539,1566,0,51
2980,1539,1567,0,55
2981,1539,1566,0,55
2982,1539,1567,0,55
2983,1538,1568,0,52
2984,1536,1570,0,54
2985,1535,1570,0,54
2986,1534,1570,0,53
2987,1534,1570,0,55
2988,1534,1568,0,57
2989,1532,1568,0,59
2990,1531,1571,0,62
2991,1530,1573,0,62
2992,1530,1576,0,57
2993,1529,1580,0,58
2994,1530,1582,0,62
2995,1530,1583,0,70
2996,1531,1583,0,71
2997,1530,1585,0,75
2998,1532,1582,0,72
2999,1532,1585,0,77
