131,460,1647,0,308
132,457,1642,0,307
133,449,1636,0,304
134,446,1632,0,307
135,444,1628,0,311
136,445,1627,0,309
137,447,1626,0,308
138,448,1629,0,307
139,446,1629,0,302
140,445,1629,0,300
141,445,1630,0,300
142,445,1631,0,300
143,444,1629,0,298
144,443,1626,0,298
145,442,1624,0,298
146,443,1619,0,299
147,438,1620,0,296
148,436,1618,0,287
149,436,1614,0,276
150,433,1615,0,274
151,431,1612,0,265
152,431,1609,0,262
153,429,1608,0,263
154,425,1605,0,253
155,427,1600,0,249
156,425,1596,0,243
157,428,1598,0,253
158,426,1595,0,255
159,426,1592,0,247
160,423,1595,0,241
161,423,1598,0,223
162,425,1601,0,236
163,427,1601,0,229
164,426,1599,0,223
165,424,1597,0,206
166,425,1600,0,205
167,426,1604,0,202
168,422,1603,0,195
169,422,1601,0,189
170,422,1601,0,188
171,423,1600,0,172
172,423,1601,0,177
173,422,1601,0,183
174,422,1602,0,176
175,421,1601,0,173
176,423,1600,0,184
177,428,1599,0,191
178,429,1599,0,183
179,425,1598,0,181
180,423,1598,0,180
181,421,1599,0,177
182,420,1599,0,174
183,422,1603,0,158
184,421,1601,0,158
185,428,1605,0,177
186,438,1608,0,152
187,443,1609,0,159
188,443,1610,0,164
189,442,1611,0,166
190,441,1611,0,165
191,441,1611,0,166
192,443,1611,0,167
193,442,1610,0,167
194,448,1605,0,178
195,453,1603,0,178
196,454,1603,0,176
197,455,1604,0,177
198,458,1605,0,173
199,457,1605,0,168
200,463,1605,0,153
201,464,1608,0,136
202,465,1613,0,131
203,469,1619,0,130
204,469,1620,0,126
205,471,1620,0,119
206,473,1623,0,123
207,473,1625,0,121
208,473,1623,0,115
209,472,1624,0,113
210,468,1625,0,120
211,461,1626,0,143
212,465,1626,0,124
213,465,1625,0,124
214,469,1628,0,127
215,469,1629,0,126
216,468,1630,0,117
217,465,1631,0,132
218,462,1629,0,128
219,464,1630,0,126
220,467,1631,0,116
221,473,1631,0,104
222,473,1635,0,108
223,471,1635,0,105
224,471,1637,0,104
225,472,1636,0,100
226,473,1636,0,96
227,476,1635,0,87
228,476,1630,0,76
229,476,1632,0,67
230,477,1636,0,54
231,480,1637,0,53
232,485,1647,0,47
233,482,1643,0,39
234,480,1642,0,39
235,480,1641,0,43
236,481,1641,0,45
237,483,1641,0,50
238,482,1641,0,51
239,482,1640,0,51
240,482,1638,0,46
241,482,1637,0,49
242,482,1637,0,47
243,482,1638,0,46
244,480,1638,0,43
245,480,1641,0,42
246,481,1641,0,41
247,480,1642,0,41
248,481,1642,0,39
249,482,1642,0,37
250,484,1643,0,29
251,483,1644,0,27
252,482,1644,0,22
253,483,1644,0,16
254,486,1642,0,13
255,487,1642,0,5
256,485,1645,0,1
257,484,1648,0,356
258,481,1649,0,348
259,478,1648,0,338
260,476,1648,0,338
261,474,1647,0,337
262,473,1648,0,336
263,470,1647,0,335
264,469,1646,0,336
265,468,1646,0,337
266,467,1647,0,337
267,467,1645,0,339
268,467,1645,0,338
269,467,1645,0,340
270,467,1645,0,339
271,468,1643,0,343
272,469,1643,0,340
273,469,1644,0,338
274,469,1641,0,330
275,470,1641,0,327
276,469,1641,0,327
277,469,1640,0,327
278,469,1639,0,328
279,468,1641,0,314
280,466,1638,0,302
281,467,1634,0,307
282,468,1633,0,314
283,471,1635,0,315
284,471,1636,0,314
285,470,1636,0,312
286,471,1636,0,312
287,470,1635,0,316
288,468,1633,0,321
289,470,1634,0,322
290,468,1634,0,319
291,466,1634,0,321
292,465,1634,0,319
293,462,1633,0,322
294,466,1633,0,334
295,467,1634,0,332
296,475,1642,0,334
297,474,1643,0,334
298,475,1642,0,336
299,477,1642,0,337
300,477,1643,0,336
301,477,1641,0,335
302,477,1639,0,336
303,476,1640,0,336
304,476,1640,0,338
305,475,1639,0,340
306,475,1639,0,338
307,474,1640,0,337
308,473,1641,0,335
309,473,1641,0,337
310,471,1640,0,337
311,468,1641,0,333
312,468,1640,0,333
313,468,1640,0,331
314,467,1640,0,331
315,468,1640,0,330
316,469,1643,0,334
317,468,1644,0,334
318,469,1645,0,334
319,469,1651,0,342
320,467,1654,0,350
321,467,1657,0,356
322,467,1659,0,358
323,467,1659,0,359
324,469,1659,0,359
325,471,1659,0,2
326,473,1660,0,8
327,477,1656,0,11
328,477,1657,0,9
329,477,1656,0,9
330,477,1655,0,8
331,477,1655,0,7
332,477,1655,0,9
333,479,1657,0,4
334,478,1656,0,2
335,476,1656,0,0
336,476,1656,0,1
337,476,1655,0,1
338,476,1654,0,1
339,477,1654,0,0
340,477,1654,0,358
341,476,1653,0,357
342,475,1649,0,359
343,474,1648,0,1
344,476,1652,0,4
345,477,1651,0,1
346,477,1652,0,8
347,479,1654,0,9
348,480,1655,0,9
349,479,1654,0,9
350,480,1655,0,9
351,480,1656,0,11
352,481,1657,0,13
353,481,1656,0,13
354,482,1657,0,13
355,480,1658,0,12
356,481,1658,0,11
357,482,1658,0,11
358,481,1659,0,11
359,482,1658,0,14
360,480,1658,0,10
361,477,1660,0,4
362,477,1660,0,3
363,476,1660,0,359
364,476,1660,0,356
365,477,1660,0,355
366,476,1658,0,357
367,479,1658,0,4
368,478,1657,0,6
369,478,1659,0,6
370,478,1660,0,9
371,480,1660,0,10
372,480,1660,0,9
373,479,1660,0,12
374,480,1661,0,7
375,481,1661,0,6
376,481,1660,0,9
377,481,1659,0,11
378,480,1658,0,12
379,479,1658,0,8
380,481,1656,0,7
381,481,1655,0,6
382,481,1653,0,8
383,481,1652,0,8
384,480,1653,0,7
385,479,1653,0,6
386,479,1653,0,5
387,479,1653,0,5
388,479,1653,0,4
389,477,1653,0,358
390,476,1653,0,356
391,477,1653,0,357
392,477,1653,0,356
393,476,1654,0,354
394,481,1656,0,355
395,484,1657,0,359
396,485,1659,0,359
397,484,1660,0,1
398,485,1661,0,1
399,485,1660,0,1
400,484,1659,0,359
401,484,1660,0,359
402,484,1659,0,1
403,485,1659,0,359
404,485,1659,0,358
405,483,1658,0,354
406,481,1660,0,349
407,479,1659,0,346
408,477,1658,0,348
409,477,1657,0,0
410,475,1658,0,7
411,475,1661,0,10
412,475,1663,0,10
413,473,1661,0,13
414,472,1661,0,14
415,472,1662,0,13
416,474,1664,0,9
417,474,1665,0,8
418,475,1665,0,3
419,476,1664,0,2
420,477,1665,0,357
421,484,1665,0,355
422,489,1666,0,354
423,489,1665,0,358
424,486,1665,0,359
425,485,1667,0,355
426,486,1667,0,355
427,485,1667,0,355
428,485,1668,0,353
429,484,1667,0,354
430,486,1669,0,354
431,484,1670,0,354
432,483,1670,0,355
433,484,1670,0,358
434,486,1670,0,357
435,485,1669,0,356
436,485,1669,0,355
437,486,1669,0,356
438,488,1670,0,354
439,487,1670,0,352
440,487,1671,0,352
441,486,1671,0,353
442,487,1672,0,352
443,487,1672,0,351
444,487,1672,0,352
445,487,1671,0,351
446,487,1671,0,351
447,488,1670,0,352
448,488,1670,0,353
449,484,1670,0,355
450,484,1669,0,354
451,484,1669,0,353
452,484,1669,0,354
453,485,1670,0,355
454,486,1670,0,355
455,487,1670,0,356
456,487,1670,0,355
457,486,1669,0,354
458,485,1669,0,356
459,486,1669,0,355
460,487,1669,0,356
461,488,1669,0,355
462,490,1669,0,351
463,492,1668,0,348
464,492,1667,0,346
465,492,1661,0,339
466,494,1655,0,338
467,498,1653,0,331
468,501,1645,0,323
469,499,1641,0,319
470,499,1640,0,320
471,496,1639,0,321
472,496,1638,0,319
473,495,1638,0,318
474,496,1638,0,316
475,498,1638,0,314
476,496,1636,0,315
477,494,1634,0,313
478,491,1630,0,305
479,492,1626,0,293
480,493,1620,0,293
481,492,1615,0,292
482,490,1616,0,286
483,491,1617,0,284
484,488,1619,0,277
485,486,1618,0,276
486,484,1620,0,280
487,485,1621,0,277
488,484,1621,0,282
489,484,1621,0,283
490,483,1621,0,280
491,482,1621,0,277
492,480,1619,0,273
493,480,1619,0,270
494,479,1617,0,264
495,479,1616,0,260
496,479,1615,0,263
497,479,1616,0,274
498,479,1616,0,280
499,481,1615,0,286
500,482,1609,0,294
501,479,1607,0,296
502,479,1604,0,298
503,476,1602,0,295
504,475,1600,0,294
505,473,1596,0,292
506,471,1596,0,293
507,470,1595,0,292
508,469,1595,0,292
509,470,1596,0,293
510,470,1596,0,294
511,469,1595,0,293
512,468,1596,0,290
513,468,1595,0,290
514,468,1595,0,290
515,469,1597,0,289
516,469,1598,0,287
517,468,1597,0,292
518,465,1596,0,301
519,463,1595,0,304
520,463,1593,0,304
521,461,1592,0,304
522,460,1589,0,301
523,461,1589,0,297
525,461,1586,0,296
526,461,1585,0,297
529,462,1586,0,299
530,463,1587,0,298
531,463,1588,0,298
532,463,1587,0,299
533,465,1587,0,301
534,465,1587,0,301
535,465,1588,0,299
536,468,1589,0,298
537,471,1591,0,296
538,474,1593,0,294
539,475,1595,0,298
540,476,1597,0,294
541,480,1608,0,303
542,481,1608,0,304
543,484,1611,0,308
544,486,1612,0,318
545,493,1609,0,323
546,495,1613,0,333
547,498,1613,0,338
548,500,1619,0,356
549,500,1628,0,4
550,504,1635,0,13
551,502,1634,0,15
552,501,1642,0,16
553,498,1644,0,21
554,498,1646,0,19
555,498,1646,0,20
556,497,1647,0,16
557,494,1647,0,18
558,493,1648,0,25
559,497,1647,0,25
560,498,1647,0,19
561,498,1648,0,17
562,497,1648,0,15
563,498,1648,0,19
564,498,1649,0,23
565,497,1650,0,33
566,496,1651,0,35
567,495,1651,0,24
568,494,1651,0,24
569,493,1651,0,24
570,491,1652,0,22
571,492,1651,0,25
572,490,1651,0,25
573,490,1651,0,27
574,490,1651,0,28
575,490,1654,0,35
576,491,1655,0,42
577,490,1655,0,42
578,491,1655,0,45
579,492,1658,0,52
580,495,1657,0,60
581,497,1655,0,64
582,496,1656,0,65
583,496,1657,0,66
584,498,1654,0,69
585,500,1651,0,75
586,503,1648,0,75
587,501,1651,0,77
588,500,1658,0,70
589,502,1659,0,61
590,501,1662,0,57
591,500,1664,0,50
592,497,1666,0,45
593,495,1665,0,44
594,495,1665,0,40
595,495,1665,0,31
596,493,1667,0,19
597,492,1668,0,15
598,488,1668,0,15
599,485,1669,0,16
600,487,1669,0,8
601,486,1670,0,9
602,485,1670,0,17
603,484,1670,0,17
604,484,1670,0,15
605,483,1670,0,16
606,483,1670,0,17
607,483,1671,0,18
608,484,1671,0,17
609,484,1672,0,17
610,484,1672,0,15
611,483,1672,0,14
612,483,1672,0,16
613,483,1672,0,15
614,483,1672,0,18
615,483,1672,0,14
616,481,1673,0,14
617,477,1672,0,11
618,475,1674,0,12
619,474,1674,0,11
620,473,1675,0,14
621,471,1676,0,13
622,471,1676,0,9
623,471,1677,0,6
624,471,1677,0,6
625,471,1678,0,4
626,470,1680,0,3
627,469,1680,0,4
628,468,1680,0,2
629,469,1679,0,1
630,467,1679,0,357
631,464,1678,0,355
632,463,1678,0,356
633,457,1678,0,354
634,456,1678,0,353
635,455,1678,0,352
636,454,1678,0,351
637,454,1675,0,348
638,454,1673,0,347
639,454,1673,0,347
640,455,1674,0,345
641,455,1673,0,345
642,456,1673,0,347
643,455,1674,0,350
644,454,1674,0,350
645,454,1674,0,349
646,453,1674,0,350
647,454,1674,0,348
648,454,1673,0,348
649,455,1673,0,346
650,455,1673,0,346
651,455,1671,0,346
652,454,1670,0,346
653,454,1670,0,345
654,458,1669,0,350
655,459,1670,0,342
656,460,1669,0,337
657,459,1668,0,334
658,458,1667,0,332
659,459,1666,0,331
660,458,1664,0,331
661,458,1662,0,327
662,457,1661,0,328
663,459,1660,0,331
664,455,1659,0,325
665,454,1660,0,321
666,453,1661,0,321
667,454,1662,0,320
668,454,1664,0,318
669,455,1664,0,317
670,455,1664,0,316
671,456,1663,0,315
672,455,1661,0,314
673,454,1659,0,312
674,454,1657,0,311
675,454,1659,0,308
676,455,1661,0,315
677,457,1661,0,319
678,457,1661,0,324
679,456,1660,0,326
680,456,1660,0,326
681,456,1660,0,323
682,456,1660,0,324
683,457,1660,0,324
684,457,1660,0,323
685,458,1661,0,323
686,458,1660,0,324
687,458,1660,0,325
688,458,1658,0,331
689,458,1656,0,331
690,457,1655,0,333
691,458,1656,0,331
692,457,1656,0,332
693,457,1656,0,332
694,456,1656,0,332
695,455,1656,0,330
696,456,1656,0,331
697,456,1655,0,330
698,456,1655,0,333
699,456,1656,0,331
700,457,1656,0,332
701,457,1656,0,334
702,456,1655,0,334
703,457,1655,0,337
704,456,1656,0,336
705,456,1656,0,336
706,456,1657,0,337
707,455,1658,0,344
708,455,1658,0,337
709,456,1658,0,338
710,457,1658,0,338
711,456,1658,0,341
712,456,1657,0,338
713,456,1657,0,334
714,457,1657,0,337
715,458,1658,0,339
716,457,1658,0,339
717,457,1658,0,336
718,458,1657,0,334
719,458,1657,0,335
720,458,1657,0,335
721,455,1656,0,335
722,456,1656,0,334
723,453,1655,0,333
724,453,1655,0,331
725,453,1655,0,332
726,453,1655,0,333
727,454,1657,0,334
728,456,1658,0,344
729,457,1658,0,345
730,456,1658,0,349
731,456,1658,0,351
732,456,1658,0,349
733,454,1658,0,351
734,454,1659,0,353
735,454,1659,0,353
736,454,1659,0,353
737,453,1658,0,353
738,453,1659,0,353
739,453,1659,0,352
740,453,1659,0,353
741,452,1660,0,352
742,452,1660,0,351
743,452,1661,0,351
744,451,1661,0,352
745,451,1662,0,351
746,451,1661,0,351
747,450,1661,0,351
748,451,1661,0,351
749,452,1661,0,352
750,452,1661,0,351
751,453,1662,0,350
752,453,1661,0,350
753,453,1661,0,350
754,453,1661,0,351
755,453,1662,0,349
756,453,1662,0,351
757,452,1663,0,350
758,453,1663,0,350
759,449,1662,0,0
760,451,1661,0,7
761,450,1660,0,12
762,450,1661,0,16
763,451,1661,0,21
764,453,1661,0,14
765,453,1660,0,19
766,451,1657,0,21
767,451,1658,0,20
768,451,1657,0,22
769,452,1658,0,19
770,451,1657,0,22
771,453,1658,0,18
772,453,1657,0,20
773,452,1656,0,23
774,453,1657,0,23
775,452,1657,0,20
776,452,1656,0,18
777,452,1656,0,24
778,452,1657,0,23
779,451,1657,0,25
780,451,1657,0,24
781,455,1655,0,16
782,461,1655,0,11
783,463,1655,0,19
784,464,1654,0,27
785,464,1653,0,34
786,465,1651,0,38
787,464,1651,0,52
788,468,1648,0,59
789,471,1644,0,60
790,476,1643,0,58
791,474,1642,0,59
792,473,1640,0,60
793,472,1643,0,62
794,473,1643,0,59
795,472,1643,0,61
796,471,1643,0,62
797,471,1643,0,62
798,471,1645,0,63
799,471,1646,0,61
800,477,1641,0,58
801,476,1642,0,51
802,478,1638,0,45
803,477,1640,0,28
804,475,1640,0,19
805,473,1641,0,22
806,471,1641,0,22
807,471,1642,0,19
808,469,1643,0,17
809,468,1643,0,20
810,470,1644,0,20
811,469,1648,0,16
812,467,1650,0,17
813,466,1649,0,20
814,464,1650,0,22
815,464,1652,0,23
816,463,1652,0,19
818,462,1653,0,359
819,462,1652,0,359
822,464,1648,0,351
823,463,1647,0,350
824,462,1649,0,349
825,457,1654,0,354
826,453,1657,0,356
827,454,1656,0,354
828,453,1655,0,354
829,453,1655,0,349
830,454,1654,0,353
831,455,1655,0,356
832,455,1651,0,4
833,456,1655,0,10
834,453,1655,0,17
835,454,1655,0,18
836,453,1655,0,19
837,452,1653,0,23
838,452,1654,0,21
839,453,1651,0,19
840,453,1651,0,16
841,453,1651,0,10
842,452,1650,0,14
843,452,1648,0,16
844,453,1649,0,15
845,452,1650,0,15
846,453,1649,0,11
847,452,1648,0,12
848,452,1648,0,19
849,452,1648,0,16
850,452,1648,0,15
851,453,1649,0,12
852,453,1649,0,12
853,454,1649,0,10
854,454,1649,0,11
855,454,1649,0,10
856,454,1649,0,10
857,454,1649,0,10
858,454,1648,0,11
859,454,1649,0,10
860,454,1648,0,13
861,453,1649,0,13
862,454,1649,0,14
863,455,1650,0,14
864,456,1651,0,15
865,455,1650,0,19
866,452,1650,0,18
867,451,1650,0,25
868,451,1650,0,25
869,450,1648,0,36
870,453,1647,0,37
871,453,1647,0,42
872,456,1649,0,33
873,458,1648,0,27
874,459,1645,0,31
875,461,1645,0,28
876,461,1645,0,26
877,463,1647,0,39
878,458,1648,0,34
879,458,1647,0,20
880,458,1645,0,13
881,454,1645,0,5
882,452,1647,0,7
883,450,1646,0,1
884,449,1649,0,0
885,448,1649,0,350
886,448,1648,0,341
887,448,1649,0,342
888,450,1652,0,346
889,453,1655,0,354
890,454,1657,0,353
891,454,1659,0,0
892,461,1662,0,2
893,460,1670,0,13
894,454,1673,0,21
895,455,1676,0,14
896,452,1677,0,22
897,451,1676,0,21
898,450,1677,0,25
899,447,1680,0,30
900,445,1683,0,29
901,442,1679,0,28
902,439,1679,0,28
903,437,1680,0,28
904,431,1680,0,31
905,427,1678,0,32
906,429,1673,0,42
907,431,1674,0,42
908,432,1674,0,39
909,431,1675,0,39
910,430,1676,0,38
911,430,1676,0,42
912,429,1676,0,40
913,428,1677,0,42
914,427,1677,0,40
915,427,1678,0,39
916,427,1678,0,39
917,427,1677,0,38
918,426,1678,0,38
919,430,1675,0,34
920,427,1676,0,24
921,422,1678,0,17
922,424,1673,0,17
923,426,1676,0,17
924,426,1676,0,20
925,425,1677,0,20
926,422,1682,0,21
927,419,1685,0,25
928,416,1686,0,23
929,414,1686,0,23
930,409,1683,0,17
931,408,1682,0,11
932,405,1681,0,5
933,404,1682,0,359
934,403,1682,0,1
935,404,1681,0,3
936,403,1681,0,2
937,404,1681,0,1
938,404,1681,0,1
939,405,1681,0,1
940,406,1681,0,2
941,404,1681,0,2
942,405,1680,0,0
943,405,1680,0,359
944,405,1680,0,1
945,405,1679,0,359
946,405,1679,0,359
947,406,1679,0,0
948,405,1679,0,0
949,405,1679,0,0
950,406,1679,0,1
951,407,1679,0,359
952,408,1679,0,359
953,407,1679,0,359
954,406,1679,0,357
955,407,1679,0,356
956,406,1679,0,355
957,408,1676,0,355
958,408,1675,0,354
959,409,1678,0,354
960,408,1678,0,353
961,411,1675,0,351
962,412,1676,0,358
963,409,1677,0,358
964,410,1676,0,4
965,408,1678,0,358
966,408,1678,0,356
967,408,1677,0,354
968,407,1677,0,355
969,407,1677,0,354
970,408,1677,0,356
971,409,1677,0,354
972,407,1679,0,356
973,406,1679,0,357
974,407,1679,0,357
975,407,1679,0,358
976,408,1679,0,359
977,407,1679,0,359
978,407,1681,0,0
979,407,1680,0,0
980,407,1680,0,358
981,407,1681,0,356
982,407,1681,0,356
983,408,1681,0,357
984,408,1681,0,357
985,408,1681,0,358
986,408,1681,0,358
987,408,1680,0,358
988,408,1680,0,358
989,408,1680,0,358
990,409,1681,0,0
991,409,1681,0,0
992,409,1681,0,0
993,409,1681,0,2
994,409,1681,0,3
995,409,1680,0,358
996,408,1680,0,0
997,408,1680,0,0
998,408,1680,0,1
999,408,1680,0,4
1000,407,1681,0,7
1001,408,1681,0,6
1002,408,1681,0,6
1003,408,1680,0,4
1004,408,1680,0,3
1005,408,1680,0,2
1006,409,1680,0,359
1007,409,1681,0,358
1008,408,1678,0,359
1009,408,1677,0,359
1010,407,1677,0,359
1011,409,1678,0,354
1012,409,1678,0,357
1013,409,1675,0,0
1014,410,1672,0,354
1015,407,1669,0,357
1016,408,1672,0,357
1017,408,1672,0,0
1018,407,1673,0,1
1019,404,1672,0,6
1020,407,1673,0,357
1021,407,1673,0,356
1022,408,1675,0,4
1023,408,1675,0,5
1024,407,1675,0,5
1025,408,1678,0,357
1026,408,1678,0,358
1027,407,1678,0,358
1028,408,1677,0,356
1029,409,1677,0,355
1030,410,1676,0,356
1031,411,1675,0,358
1032,412,1675,0,0
1033,414,1674,0,1
1034,415,1676,0,4
1035,417,1675,0,14
1036,421,1675,0,8
1037,423,1677,0,356
1038,425,1678,0,4
1039,424,1674,0,18
1040,425,1669,0,23
1041,425,1665,0,27
1042,426,1664,0,25
1043,425,1664,0,27
1044,425,1667,0,27
1045,425,1667,0,33
1046,427,1666,0,30
1047,427,1667,0,26
1048,428,1667,0,25
1049,429,1667,0,26
1050,428,1668,0,24
1051,429,1667,0,23
1052,430,1667,0,20
1053,430,1668,0,20
1054,429,1669,0,15
1055,430,1670,0,9
1056,430,1668,0,14
1057,431,1666,0,12
1058,432,1664,0,7
1059,432,1667,0,5
1060,438,1669,0,358
1061,436,1666,0,349
1062,434,1663,0,347
1063,433,1660,0,347
1064,434,1660,0,349
1065,434,1659,0,351
1066,435,1658,0,351
1067,433,1658,0,348
1068,432,1656,0,345
1069,432,1656,0,343
1070,431,1655,0,344
1071,435,1656,0,337
1072,437,1657,0,337
1073,438,1659,0,340
1074,438,1661,0,336
1075,438,1660,0,336
1076,439,1665,0,339
1077,440,1664,0,341
1078,444,1665,0,345
1079,444,1664,0,343
1080,444,1663,0,337
1081,443,1664,0,338
1082,443,1664,0,338
1083,442,1663,0,340
1084,441,1661,0,339
1085,440,1659,0,345
1086,439,1658,0,347
1087,439,1656,0,354
1088,438,1656,0,353
1089,441,1655,0,359
1090,440,1652,0,4
1091,441,1650,0,6
1092,441,1649,0,4
1093,442,1649,0,2
1094,441,1649,0,1
1095,443,1648,0,7
1096,443,1646,0,8
1097,441,1645,0,7
1098,441,1645,0,3
1099,442,1646,0,1
1100,449,1647,0,1
1101,450,1647,0,357
1102,446,1647,0,355
1103,447,1648,0,355
1104,446,1647,0,355
1105,446,1647,0,357
1106,447,1648,0,357
1107,446,1648,0,356
1108,447,1649,0,358
1109,446,1650,0,1
1110,447,1651,0,358
1111,446,1651,0,356
1112,446,1651,0,358
1113,446,1651,0,358
1114,446,1652,0,357
1115,446,1652,0,356
1116,445,1654,0,356
1117,445,1655,0,353
1118,444,1656,0,354
1119,443,1657,0,350
1120,441,1658,0,348
1121,440,1658,0,347
1122,439,1657,0,345
1123,437,1657,0,349
1124,438,1658,0,352
1125,437,1658,0,352
1126,438,1658,0,351
1127,438,1658,0,353
1128,437,1659,0,354
1129,438,1659,0,355
1130,437,1659,0,356
1131,437,1659,0,354
1132,437,1659,0,353
1133,436,1659,0,352
1134,436,1660,0,351
1135,437,1660,0,351
1136,437,1660,0,351
1137,436,1659,0,351
1138,435,1659,0,352
1139,434,1659,0,350
1140,435,1660,0,356
1141,436,1662,0,356
1142,437,1663,0,357
1143,436,1664,0,359
1144,435,1665,0,1
1145,434,1663,0,359
1146,431,1663,0,1
1147,430,1663,0,3
1148,429,1663,0,1
1149,430,1663,0,1
1150,431,1663,0,2
1151,431,1663,0,4
1152,433,1665,0,2
1153,429,1669,0,358
1154,427,1672,0,338
1155,422,1673,0,330
1156,423,1672,0,325
1157,424,1672,0,325
1158,422,1670,0,321
1159,424,1669,0,323
1160,421,1667,0,318
1161,421,1667,0,315
1162,419,1665,0,312
1163,418,1665,0,310
1164,417,1668,0,306
1165,415,1665,0,312
1166,412,1665,0,317
1167,411,1663,0,316
1168,410,1665,0,316
1169,413,1665,0,323
1170,415,1664,0,322
1171,416,1660,0,312
1172,415,1661,0,308
1173,412,1659,0,308
1174,410,1658,0,304
1175,410,1658,0,301
1176,410,1657,0,301
1177,409,1657,0,300
1178,409,1656,0,297
1179,410,1657,0,299
1180,411,1657,0,299
1181,413,1659,0,296
1182,418,1659,0,297
1183,420,1659,0,301
1184,422,1660,0,308
1185,420,1659,0,310
1186,422,1658,0,313
1187,423,1660,0,314
1188,425,1664,0,312
1189,425,1662,0,312
1190,426,1658,0,320
1191,426,1655,0,321
1192,422,1652,0,326
1193,421,1649,0,333
1194,417,1650,0,338
1195,409,1644,0,349
1196,407,1646,0,340
1197,404,1647,0,340
1198,401,1645,0,350
1199,396,1644,0,1
1200,394,1643,0,4
1201,391,1640,0,0
1202,386,1638,0,354
1203,383,1639,0,348
1204,379,1642,0,340
1205,380,1641,0,338
1206,381,1644,0,343
1207,385,1647,0,345
1208,387,1645,0,343
1209,387,1643,0,344
1210,388,1644,0,343
1211,387,1646,0,338
1212,387,1646,0,349
1213,387,1649,0,356
1214,386,1648,0,357
1215,380,1646,0,350
1216,375,1643,0,348
1217,373,1642,0,346
1218,371,1642,0,348
1219,370,1643,0,345
1220,371,1646,0,342
1221,371,1646,0,344
1222,368,1646,0,343
1223,368,1647,0,343
1224,371,1648,0,346
1225,375,1651,0,356
1226,371,1652,0,3
1227,366,1653,0,11
1228,355,1652,0,26
1229,351,1652,0,37
1230,351,1652,0,40
1231,351,1653,0,41
1232,348,1654,0,34
1233,346,1653,0,39
1234,343,1652,0,50
1235,343,1653,0,49
1236,344,1652,0,49
1237,344,1654,0,53
1238,344,1655,0,63
1239,345,1657,0,62
1240,348,1658,0,64
1241,350,1657,0,66
1242,353,1658,0,77
1243,352,1657,0,80
1244,353,1657,0,76
1245,354,1662,0,69
1246,354,1662,0,66
1247,353,1661,0,72
1248,353,1660,0,71
1249,353,1660,0,71
1250,353,1661,0,72
1251,353,1660,0,71
1252,353,1660,0,71
1253,353,1660,0,70
1254,355,1657,0,69
1255,357,1657,0,68
1256,357,1659,0,70
1257,357,1661,0,70
1258,360,1661,0,74
1259,359,1661,0,74
1260,363,1665,0,76
1261,361,1666,0,71
1262,360,1666,0,75
1263,360,1670,0,79
1264,360,1670,0,83
1265,360,1673,0,77
1266,362,1672,0,70
1267,361,1670,0,70
1268,361,1669,0,71
1269,361,1666,0,71
1270,360,1665,0,66
1271,360,1664,0,70
1272,357,1663,0,76
1273,350,1669,0,97
1274,347,1670,0,122
1275,345,1669,0,110
1276,347,1673,0,120
1277,347,1674,0,122
1278,347,1673,0,123
1279,345,1671,0,120
1280,344,1670,0,119
1281,346,1673,0,123
1282,347,1674,0,124
1283,347,1677,0,125
1284,346,1678,0,125
1285,345,1680,0,123
1286,344,1679,0,126
1287,346,1679,0,142
1288,347,1678,0,145
1289,348,1680,0,148
1290,350,1681,0,149
1291,350,1684,0,173
1292,351,1686,0,180
1293,350,1688,0,188
1294,349,1691,0,199
1295,349,1693,0,200
1296,349,1695,0,206
1297,351,1696,0,215
1298,351,1696,0,216
1299,350,1697,0,217
1301,351,1698,0,214
1302,352,1695,0,214
1303,355,1693,0,211
1304,356,1692,0,210
1305,357,1689,0,210
1306,355,1688,0,210
1307,357,1687,0,205
1308,359,1686,0,200
1309,359,1685,0,200
1310,359,1685,0,200
1311,361,1685,0,201
1312,360,1685,0,203
1313,360,1685,0,201
1314,359,1685,0,203
1315,360,1685,0,204
1316,360,1685,0,203
1317,360,1685,0,205
1318,360,1685,0,199
1319,363,1685,0,202
1320,365,1685,0,203
1321,369,1684,0,198
1322,371,1686,0,196
1323,370,1685,0,194
1324,371,1685,0,196
1325,372,1681,0,196
1326,373,1683,0,201
1327,370,1681,0,206
1328,371,1681,0,218
1329,369,1680,0,217
1330,370,1679,0,221
1331,371,1676,0,224
1332,373,1672,0,228
1333,373,1672,0,238
1334,376,1670,0,246
1335,377,1669,0,240
1336,376,1669,0,241
1337,374,1669,0,239
1338,372,1669,0,238
1339,368,1669,0,227
1340,370,1669,0,225
1341,372,1671,0,226
1342,378,1671,0,227
1343,381,1667,0,230
1344,381,1666,0,235
1345,381,1665,0,232
1346,383,1664,0,233
1347,383,1662,0,230
1348,384,1661,0,228
1349,385,1658,0,223
1350,383,1662,0,219
1351,383,1661,0,215
1352,381,1661,0,205
1353,379,1662,0,191
1354,380,1663,0,178
1355,381,1664,0,170
1356,382,1667,0,159
1357,383,1668,0,160
1358,383,1668,0,161
1359,383,1669,0,163
1360,383,1669,0,159
1361,383,1670,0,163
1362,384,1672,0,157
1363,384,1672,0,149
1364,385,1672,0,148
1365,386,1672,0,146
1366,388,1676,0,143
1367,388,1676,0,143
1368,387,1674,0,143
1369,387,1675,0,140
1370,385,1674,0,138
1371,389,1675,0,132
1372,390,1677,0,141
1373,387,1675,0,134
1374,386,1679,0,146
1375,387,1680,0,144
1376,389,1680,0,142
1377,390,1679,0,144
1378,390,1681,0,143
1379,390,1681,0,142
1380,390,1680,0,140
1381,391,1681,0,140
1382,391,1682,0,140
1383,391,1680,0,146
1384,389,1680,0,148
1385,387,1679,0,146
1386,388,1677,0,133
1387,390,1680,0,136
1388,389,1682,0,134
1389,388,1680,0,134
1390,387,1679,0,129
1391,385,1678,0,130
1392,383,1676,0,131
1393,385,1678,0,133
1394,385,1676,0,138
1395,386,1675,0,143
1396,387,1678,0,146
1397,387,1678,0,144
1398,386,1675,0,144
1399,387,1677,0,139
1400,390,1678,0,125
1401,397,1681,0,120
1402,403,1688,0,117
1403,408,1694,0,103
1404,411,1698,0,89
1405,410,1700,0,87
1406,413,1705,0,89
1407,414,1709,0,92
1408,415,1709,0,91
1409,414,1711,0,94
1410,415,1723,0,88
1411,420,1727,0,74
1412,417,1731,0,72
1413,416,1734,0,69
1414,410,1736,0,66
1415,407,1735,0,67
1416,404,1738,0,61
1417,405,1741,0,52
1418,405,1741,0,50
1419,406,1743,0,45
1420,406,1742,0,51
1421,404,1743,0,50
1422,401,1738,0,53
1423,400,1738,0,50
1424,401,1738,0,52
1425,401,1739,0,52
1426,401,1740,0,54
1427,401,1741,0,50
1428,402,1741,0,51
1429,404,1742,0,46
1430,404,1741,0,44
1431,404,1741,0,39
1432,403,1741,0,35
1433,403,1743,0,35
1434,404,1743,0,32
1435,406,1742,0,29
1436,404,1740,0,21
1437,404,1739,0,20
1438,405,1739,0,13
1439,406,1741,0,6
1440,405,1738,0,13
1441,405,1738,0,7
1442,406,1738,0,5
1443,406,1739,0,5
1444,407,1741,0,1
1445,405,1741,0,2
1446,402,1742,0,11
1447,396,1744,0,22
1448,390,1745,0,29
1449,387,1751,0,24
1450,383,1754,0,27
1451,381,1754,0,24
1452,378,1754,0,22
1453,376,1754,0,22
1454,378,1756,0,20
1455,375,1755,0,27
1456,379,1756,0,21
1457,377,1757,0,21
1458,377,1759,0,18
1459,377,1760,0,14
1460,376,1759,0,13
1461,374,1759,0,10
1462,374,1756,0,15
1463,374,1757,0,11
1464,373,1756,0,11
1465,374,1753,0,10
1466,371,1755,0,12
1467,370,1757,0,1
1468,369,1756,0,0
1469,367,1757,0,1
1470,366,1758,0,1
1471,367,1757,0,0
1472,367,1758,0,358
1473,367,1759,0,0
1474,365,1759,0,2
1475,365,1758,0,359
1476,366,1758,0,359
1477,365,1758,0,359
1478,363,1757,0,1
1479,366,1758,0,355
1480,369,1759,0,356
1481,367,1760,0,7
1482,365,1761,0,9
1483,365,1761,0,16
1484,364,1761,0,15
1485,361,1761,0,14
1486,362,1761,0,13
1487,361,1761,0,6
1488,354,1760,0,7
1489,350,1759,0,6
1490,351,1758,0,358
1491,351,1758,0,352
1492,349,1757,0,351
1493,348,1757,0,351
1494,348,1755,0,346
1495,345,1754,0,342
1496,345,1757,0,342
1497,341,1753,0,344
1498,338,1751,0,348
1499,337,1754,0,354
1500,338,1754,0,355
1501,343,1752,0,348
1502,343,1753,0,343
1503,343,1752,0,342
1504,341,1746,0,342
1505,340,1748,0,339
1506,336,1745,0,344
1507,337,1745,0,328
1508,335,1746,0,326
1509,331,1745,0,325
1510,331,1746,0,328
1511,333,1746,0,329
1512,338,1743,0,334
1513,342,1743,0,329
1514,346,1743,0,328
1515,348,1741,0,328
1516,347,1740,0,333
1517,353,1744,0,336
1518,354,1748,0,346
1519,355,1744,0,345
1520,356,1742,0,349
1521,356,1740,0,351
1522,358,1741,0,344
1523,352,1740,0,352
1524,357,1740,0,346
1525,356,1740,0,340
1526,353,1738,0,338
1527,350,1736,0,334
1528,346,1734,0,335
1529,342,1734,0,333
1530,338,1733,0,328
1531,340,1732,0,338
1532,338,1732,0,343
1533,333,1727,0,337
1534,325,1725,0,342
1535,320,1720,0,338
1536,315,1725,0,346
1537,308,1720,0,345
1538,302,1717,0,349
1539,294,1717,0,355
1540,291,1719,0,355
1541,288,1719,0,355
1542,286,1716,0,356
1543,285,1715,0,352
1544,285,1715,0,350
1545,283,1713,0,344
1546,279,1711,0,338
1547,280,1703,0,335
1548,279,1704,0,333
1549,278,1703,0,329
1550,277,1702,0,329
1551,275,1701,0,330
1552,273,1698,0,331
1553,273,1697,0,330
1554,270,1696,0,327
1555,268,1692,0,323
1556,266,1692,0,321
1557,265,1692,0,327
1558,266,1693,0,329
1559,264,1692,0,327
1560,264,1691,0,328
1561,262,1691,0,331
1562,262,1690,0,330
1563,260,1689,0,330
1564,260,1687,0,328
1565,259,1686,0,329
1566,259,1686,0,332
1567,258,1685,0,334
1568,266,1684,0,339
1569,272,1688,0,336
1570,273,1689,0,325
1571,277,1686,0,320
1572,277,1684,0,318
1573,274,1685,0,310
1574,275,1683,0,308
1575,274,1683,0,311
1576,272,1682,0,313
1577,271,1681,0,313
1578,271,1679,0,314
1579,271,1678,0,313
1580,271,1678,0,314
1581,270,1678,0,311
1582,270,1677,0,312
1583,270,1677,0,316
1584,270,1677,0,317
1585,270,1676,0,319
1586,271,1676,0,320
1587,271,1674,0,322
1588,271,1673,0,322
1589,272,1671,0,322
1590,273,1672,0,323
1591,272,1672,0,319
1592,270,1672,0,317
1593,267,1671,0,318
1594,267,1670,0,318
1595,268,1669,0,318
1596,269,1668,0,321
1597,272,1669,0,329
1598,271,1669,0,330
1599,273,1670,0,336
1600,277,1672,0,339
1601,274,1670,0,345
1602,272,1668,0,342
1603,269,1668,0,338
1604,267,1666,0,337
1605,266,1664,0,338
1606,264,1663,0,335
1607,263,1662,0,332
1608,261,1662,0,329
1609,259,1661,0,328
1610,257,1661,0,324
1611,256,1661,0,323
1612,254,1658,0,313
1613,256,1656,0,316
1614,254,1652,0,306
1615,252,1649,0,303
1616,250,1647,0,300
1617,250,1647,0,301
1618,249,1645,0,298
1619,248,1644,0,295
1620,248,1645,0,299
1621,248,1645,0,296
1622,250,1646,0,302
1623,250,1647,0,305
1624,251,1648,0,309
1625,251,1648,0,311
1626,251,1648,0,312
1627,249,1646,0,310
1628,249,1646,0,311
1629,249,1646,0,312
1630,249,1647,0,314
1631,249,1647,0,314
1632,249,1648,0,314
1633,248,1648,0,315
1634,248,1648,0,315
1635,246,1647,0,316
1636,244,1646,0,320
1637,243,1646,0,322
1638,241,1647,0,325
1639,241,1644,0,323
1640,236,1642,0,329
1641,235,1643,0,324
1642,235,1642,0,328
1643,234,1641,0,329
1644,234,1640,0,329
1645,233,1641,0,328
1646,237,1636,0,326
1647,237,1638,0,328
1648,231,1640,0,332
1649,231,1640,0,332
1650,230,1641,0,330
1651,230,1641,0,330
1652,231,1641,0,331
1653,229,1641,0,331
1654,229,1641,0,330
1655,227,1641,0,330
1656,227,1639,0,330
1657,226,1638,0,334
1658,224,1637,0,335
1659,224,1635,0,336
1660,221,1634,0,330
1661,222,1635,0,329
1662,220,1633,0,329
1663,215,1630,0,329
1664,216,1632,0,325
1665,214,1632,0,324
1666,216,1634,0,334
1667,215,1634,0,338
1668,217,1634,0,340
1669,219,1635,0,336
1670,217,1635,0,339
1671,215,1635,0,340
1672,216,1634,0,339
1673,214,1632,0,326
1674,213,1632,0,328
1675,211,1632,0,334
1676,210,1632,0,334
1677,212,1632,0,335
1678,210,1631,0,336
1679,217,1634,0,337
1680,217,1634,0,337
1681,221,1635,0,351
1682,228,1633,0,351
1683,230,1631,0,351
1684,232,1631,0,351
1685,233,1631,0,350
1686,233,1633,0,344
1687,232,1634,0,345
1688,232,1636,0,343
1689,232,1636,0,342
1690,233,1638,0,337
1691,233,1639,0,337
1692,234,1640,0,333
1693,234,1640,0,331
1694,234,1639,0,331
1695,233,1640,0,332
1696,233,1639,0,335
1697,232,1639,0,337
1698,230,1638,0,336
1699,230,1637,0,339
1700,230,1638,0,337
1701,229,1637,0,338
1702,231,1638,0,336
1703,231,1638,0,340
1704,234,1638,0,335
1705,234,1640,0,333
1706,233,1640,0,335
1707,232,1639,0,334
1708,230,1638,0,335
1709,230,1638,0,338
1710,230,1638,0,336
1711,230,1638,0,336
1712,229,1638,0,336
1713,234,1639,0,337
1714,234,1641,0,329
1715,233,1640,0,328
1716,233,1640,0,330
1717,233,1641,0,328
1718,232,1641,0,329
1719,232,1641,0,330
1720,232,1641,0,331
1721,231,1641,0,329
1722,232,1641,0,329
1723,232,1641,0,331
1724,230,1641,0,331
1725,229,1641,0,333
1726,232,1640,0,331
1727,232,1641,0,330
1728,233,1643,0,329
1729,231,1642,0,331
1730,230,1642,0,333
1731,229,1642,0,334
1732,229,1642,0,334
1733,229,1642,0,336
1734,230,1642,0,335
1735,230,1642,0,336
1736,228,1641,0,336
1737,228,1641,0,336
1738,228,1641,0,338
1739,231,1641,0,337
1740,232,1641,0,332
1741,232,1642,0,330
1742,231,1642,0,330
1743,231,1642,0,331
1744,232,1641,0,333
1745,232,1641,0,335
1746,231,1641,0,336
1747,231,1641,0,338
1748,229,1641,0,338
1749,230,1641,0,335
1750,232,1640,0,334
1751,234,1641,0,332
1752,233,1642,0,331
1753,232,1642,0,331
1754,232,1641,0,331
1755,232,1641,0,329
1756,232,1640,0,331
1757,232,1640,0,331
1758,231,1639,0,331
1759,231,1639,0,331
1760,231,1639,0,331
1761,231,1639,0,332
1762,231,1639,0,332
1763,229,1639,0,336
1764,232,1639,0,333
1765,233,1641,0,332
1766,233,1642,0,333
1767,232,1642,0,333
1768,231,1641,0,332
1769,232,1640,0,330
1770,231,1640,0,331
1771,232,1640,0,330
1772,235,1640,0,329
1773,236,1642,0,328
1774,236,1642,0,323
1775,235,1643,0,329
1776,233,1643,0,329
1777,234,1643,0,330
1778,233,1642,0,334
1779,231,1642,0,335
1780,230,1643,0,334
1781,230,1643,0,334
1782,231,1641,0,336
1783,231,1641,0,339
1784,230,1640,0,342
1785,229,1640,0,341
1786,229,1639,0,338
1787,229,1637,0,338
1788,233,1640,0,331
1789,232,1641,0,333
1790,231,1641,0,334
1791,231,1641,0,336
1792,231,1640,0,339
1793,232,1639,0,336
1794,232,1639,0,339
1795,230,1638,0,342
1796,230,1638,0,339
1797,231,1636,0,345
1798,234,1634,0,342
1799,232,1637,0,337
1800,232,1640,0,334
1801,234,1641,0,330
1802,238,1642,0,325
1803,236,1642,0,328
1804,238,1641,0,327
1805,238,1642,0,319
1806,239,1641,0,315
1807,240,1647,0,300
1808,243,1646,0,297
1809,241,1648,0,283
1810,242,1643,0,284
1811,240,1643,0,283
1812,239,1642,0,287
1813,241,1642,0,294
1814,240,1643,0,287
1815,239,1642,0,288
1816,237,1642,0,290
1817,237,1642,0,291
1818,236,1642,0,288
1819,237,1644,0,287
1820,236,1643,0,288
1821,235,1642,0,286
1822,236,1641,0,287
1823,237,1642,0,290
1824,237,1642,0,288
1825,236,1639,0,289
1826,236,1641,0,290
1827,236,1642,0,284
1828,237,1641,0,285
1829,237,1641,0,291
1830,239,1642,0,291
1831,238,1641,0,289
1832,239,1641,0,290
1833,239,1641,0,289
1834,238,1642,0,290
1835,239,1641,0,288
1836,239,1641,0,287
1837,238,1642,0,290
1838,236,1643,0,291
1839,240,1646,0,294
1840,242,1647,0,295
1841,242,1648,0,298
1842,243,1646,0,310
1843,242,1645,0,327
1844,240,1642,0,334
1845,239,1641,0,337
1846,237,1638,0,339
1847,234,1638,0,333
1848,235,1637,0,338
1849,234,1636,0,334
1850,234,1636,0,334
1851,231,1637,0,330
1852,230,1636,0,334
1853,230,1636,0,334
1854,230,1636,0,341
1855,230,1636,0,337
1856,229,1636,0,335
1857,230,1636,0,334
1858,228,1635,0,338
1859,230,1637,0,337
1860,233,1638,0,337
1861,231,1638,0,333
1862,231,1638,0,332
1863,232,1638,0,335
1864,234,1638,0,337
1865,234,1639,0,345
1866,231,1638,0,353
1867,228,1638,0,355
1868,224,1640,0,356
1869,218,1639,0,0
1870,214,1640,0,4
1871,214,1641,0,10
1872,211,1641,0,14
1873,207,1642,0,19
1874,205,1643,0,21
1875,203,1641,0,20
1876,202,1642,0,14
1877,199,1645,0,15
1878,196,1644,0,8
1879,196,1643,0,2
1880,197,1642,0,5
1881,197,1642,0,8
1882,196,1642,0,10
1883,200,1640,0,10
1884,202,1638,0,11
1885,201,1637,0,17
1886,203,1635,0,16
1887,204,1634,0,20
1888,200,1637,0,25
1889,198,1642,0,32
1890,197,1645,0,32
1891,195,1646,0,32
1892,193,1646,0,33
1893,192,1646,0,35
1894,192,1646,0,35
1895,196,1643,0,24
1896,198,1640,0,12
1897,199,1639,0,0
1898,195,1640,0,352
1899,193,1640,0,349
1900,193,1641,0,344
1901,194,1640,0,342
1902,192,1637,0,353
1903,191,1640,0,354
1904,193,1639,0,349
1905,191,1637,0,349
1906,191,1638,0,352
1912,187,1628,0,104
1915,184,1642,0,350
1916,183,1644,0,352
1917,182,1645,0,351
1918,182,1645,0,346
1919,180,1646,0,351
1920,179,1646,0,352
1921,179,1645,0,350
1922,176,1643,0,342
1923,177,1642,0,335
1924,176,1642,0,336
1925,175,1641,0,338
1926,174,1641,0,336
1927,174,1640,0,336
1928,174,1641,0,334
1929,175,1643,0,338
1930,176,1641,0,336
1931,177,1641,0,335
1932,177,1641,0,334
1933,176,1641,0,334
1934,173,1641,0,335
1935,170,1641,0,333
1936,168,1639,0,327
1937,164,1638,0,323
1938,164,1637,0,319
1939,163,1636,0,316
1940,160,1635,0,311
1941,157,1633,0,309
1942,155,1632,0,306
1943,153,1632,0,298
1944,152,1633,0,299
1945,154,1633,0,300
1946,153,1633,0,299
1947,151,1633,0,299
1948,150,1632,0,295
1949,151,1631,0,294
1950,149,1629,0,291
1951,147,1631,0,286
1952,150,1630,0,314
1953,148,1628,0,310
1954,148,1627,0,312
1955,148,1629,0,321
1956,150,1628,0,323
1957,149,1628,0,324
1958,149,1629,0,326
1959,147,1628,0,323
1960,145,1628,0,324
1961,144,1627,0,321
1962,145,1627,0,321
1963,146,1627,0,325
1964,144,1627,0,322
1965,144,1629,0,322
1966,145,1630,0,322
1967,145,1629,0,313
1968,144,1626,0,294
1969,143,1621,0,284
1970,142,1619,0,281
1971,141,1615,0,281
1972,137,1613,0,286
1973,135,1611,0,284
1974,134,1612,0,276
1975,135,1610,0,263
1976,139,1607,0,260
1977,133,1604,0,261
1978,130,1597,0,250
1979,130,1598,0,254
1980,130,1595,0,252
1981,133,1588,0,247
1982,134,1587,0,248
1983,133,1587,0,243
1984,134,1585,0,246
1985,134,1586,0,246
1986,134,1585,0,249
1987,134,1584,0,250
1988,133,1584,0,249
1989,133,1586,0,247
1990,131,1586,0,237
1991,132,1586,0,219
1992,133,1585,0,218
1993,132,1584,0,217
1994,135,1580,0,224
1995,131,1581,0,217
1996,131,1580,0,210
1997,135,1578,0,218
1998,136,1578,0,214
1999,136,1581,0,210
2000,138,1580,0,212
2001,141,1575,0,209
2002,146,1575,0,201
2003,147,1577,0,198
2004,145,1579,0,211
2005,142,1579,0,234
2006,140,1579,0,253
2007,144,1573,0,262
2008,146,1569,0,271
2009,148,1567,0,272
2010,148,1567,0,269
2011,147,1566,0,265
2012,146,1568,0,262
2013,146,1571,0,264
2014,145,1571,0,256
2015,141,1569,0,255
2016,137,1573,0,232
2017,138,1574,0,231
2018,143,1574,0,218
2019,145,1569,0,196
2020,149,1567,0,181
2021,152,1566,0,165
2022,156,1576,0,167
2023,156,1577,0,166
2024,157,1578,0,167
2025,157,1577,0,163
2026,155,1576,0,162
2027,155,1578,0,174
2028,155,1578,0,169
2029,155,1577,0,164
2030,157,1576,0,170
2031,159,1575,0,188
2032,168,1575,0,201
2033,176,1572,0,198
2034,179,1571,0,202
2035,181,1573,0,205
2036,187,1574,0,213
2037,192,1569,0,224
2038,195,1565,0,236
2039,197,1561,0,240
2040,197,1558,0,249
2041,200,1553,0,252
2042,201,1547,0,255
2043,208,1537,0,264
2044,205,1534,0,268
2045,206,1531,0,264
2046,206,1530,0,263
2047,206,1524,0,267
2048,204,1526,0,266
2049,202,1526,0,264
2050,204,1526,0,267
2051,201,1522,0,271
2052,202,1515,0,283
2053,203,1511,0,293
2054,203,1512,0,284
2055,203,1514,0,275
2056,202,1507,0,279
2057,202,1506,0,281
2058,202,1504,0,276
2059,203,1509,0,277
2060,203,1507,0,275
2061,208,1504,0,267
2062,209,1497,0,249
2063,214,1493,0,249
2064,213,1490,0,237
2065,213,1487,0,229
2066,220,1482,0,225
2067,225,1475,0,215
2068,233,1472,0,222
2069,235,1469,0,231
2070,237,1465,0,241
2071,240,1461,0,250
2072,238,1457,0,246
2073,240,1457,0,251
2074,242,1454,0,254
2075,244,1461,0,249
2076,245,1460,0,246
2077,249,1456,0,248
2078,254,1453,0,260
2079,253,1448,0,264
2080,253,1445,0,268
2081,254,1441,0,269
2082,254,1437,0,268
2083,255,1430,0,270
2084,256,1425,0,273
2085,259,1423,0,272
2086,257,1420,0,269
2087,257,1417,0,268
2088,258,1417,0,269
2089,259,1413,0,268
2090,258,1407,0,268
2091,256,1405,0,274
2092,256,1397,0,291
2093,258,1390,0,293
2094,256,1391,0,288
2095,255,1391,0,281
2096,255,1388,0,276
2097,254,1388,0,274
2098,254,1381,0,264
2099,255,1381,0,265
2100,256,1383,0,265
2101,256,1385,0,261
2102,256,1385,0,258
2103,256,1388,0,254
2104,257,1392,0,251
2105,257,1392,0,256
2106,258,1388,0,261
2107,256,1387,0,257
2108,257,1385,0,249
2109,259,1384,0,236
2110,262,1382,0,222
2111,261,1386,0,209
2112,266,1386,0,211
2113,264,1385,0,207
2114,264,1386,0,206
2115,266,1385,0,207
2116,267,1391,0,214
2117,271,1389,0,219
2118,268,1394,0,225
2119,270,1392,0,227
2120,272,1390,0,230
2121,277,1386,0,233
2122,273,1389,0,230
2123,270,1387,0,217
2124,270,1386,0,219
2125,272,1383,0,219
2126,273,1383,0,222
2127,273,1385,0,227
2128,268,1385,0,220
2129,266,1386,0,216
2130,263,1387,0,217
2131,264,1390,0,220
2132,266,1387,0,235
2133,272,1377,0,240
2134,272,1376,0,256
2135,274,1371,0,260
2136,274,1368,0,260
2137,272,1366,0,258
2138,273,1360,0,267
2139,271,1352,0,273
2140,272,1351,0,264
2141,277,1347,0,268
2142,279,1346,0,262
2143,277,1344,0,258
2144,275,1347,0,277
2145,273,1347,0,287
2146,272,1344,0,294
2147,272,1343,0,300
2148,271,1339,0,306
2149,266,1337,0,297
2150,261,1335,0,291
2151,261,1332,0,290
2152,260,1332,0,288
2153,260,1332,0,285
2154,262,1334,0,280
2155,266,1336,0,276
2156,271,1336,0,265
2157,273,1334,0,265
2158,276,1333,0,257
2159,279,1331,0,251
2160,281,1325,0,245
2161,282,1319,0,237
2162,285,1316,0,225
2163,287,1315,0,224
2164,286,1321,0,218
2165,288,1319,0,223
2166,289,1316,0,227
2167,292,1316,0,221
2168,294,1317,0,216
2169,300,1318,0,199
2170,307,1318,0,201
2171,310,1318,0,194
2172,310,1321,0,192
2173,311,1323,0,193
2174,310,1323,0,200
2175,310,1320,0,203
2176,310,1318,0,206
2177,317,1314,0,200
2178,321,1315,0,200
2179,328,1318,0,195
2180,325,1319,0,205
2181,323,1314,0,221
2182,323,1309,0,243
2183,327,1308,0,253
2184,325,1307,0,253
2185,327,1306,0,250
2186,326,1303,0,252
2187,325,1304,0,252
2188,327,1303,0,254
2189,326,1303,0,255
2190,326,1303,0,258
2191,326,1304,0,260
2192,326,1304,0,260
2193,326,1304,0,260
2194,326,1304,0,261
2195,325,1303,0,258
2196,326,1303,0,259
2197,325,1303,0,253
2198,324,1304,0,252
2199,324,1305,0,246
2200,323,1305,0,242
2201,323,1305,0,243
2202,322,1307,0,235
2203,323,1307,0,233
2204,322,1308,0,237
2205,321,1309,0,234
2206,321,1311,0,234
2207,320,1312,0,234
2208,320,1312,0,233
2209,320,1312,0,229
2210,320,1312,0,228
2211,320,1312,0,228
2212,319,1312,0,230
2213,319,1312,0,229
2214,319,1312,0,228
2215,320,1312,0,228
2216,320,1311,0,225
2217,319,1311,0,223
2218,320,1308,0,222
2219,320,1307,0,221
2220,318,1307,0,223
2221,317,1306,0,226
2222,319,1304,0,236
2223,321,1301,0,242
2224,320,1299,0,238
2225,321,1297,0,238
2226,321,1295,0,220
2227,322,1295,0,218
2228,323,1294,0,218
2229,322,1295,0,215
2230,323,1296,0,214
2231,323,1296,0,212
2232,324,1296,0,213
2233,325,1297,0,214
2234,325,1297,0,214
2235,326,1297,0,213
2236,326,1297,0,211
2237,326,1298,0,214
2238,326,1298,0,213
2239,326,1299,0,214
2240,326,1299,0,214
2241,326,1300,0,215
2242,326,1301,0,215
2243,326,1302,0,215
2244,326,1302,0,217
2245,326,1303,0,220
2246,327,1303,0,221
2247,326,1303,0,220
2248,325,1305,0,220
2249,326,1304,0,222
2250,324,1304,0,220
2251,323,1305,0,220
2252,324,1304,0,227
2253,323,1304,0,230
2254,323,1304,0,230
2255,323,1304,0,230
2256,322,1305,0,229
2257,322,1304,0,229
2258,322,1304,0,233
2259,321,1303,0,237
2260,320,1305,0,236
2261,321,1304,0,232
2262,321,1304,0,222
2263,320,1305,0,217
2264,319,1305,0,215
2265,320,1306,0,219
2266,321,1306,0,220
2267,320,1305,0,220
2268,321,1304,0,214
2269,320,1302,0,212
2270,319,1300,0,209
2271,319,1299,0,209
2272,319,1299,0,208
2273,320,1299,0,206
2274,319,1299,0,204
2275,316,1300,0,206
2276,316,1300,0,208
2277,316,1299,0,204
2278,317,1298,0,211
2279,317,1297,0,207
2280,319,1296,0,208
2281,319,1295,0,209
2282,319,1296,0,211
2283,319,1296,0,214
2284,319,1295,0,216
2285,319,1295,0,220
2286,320,1294,0,222
2287,320,1293,0,221
2288,321,1291,0,219
2289,321,1292,0,223
2290,320,1292,0,224
2291,320,1291,0,223
2292,319,1292,0,223
2293,319,1292,0,223
2294,319,1292,0,223
2295,320,1292,0,222
2296,320,1292,0,223
2297,320,1292,0,224
2298,320,1293,0,225
2299,320,1293,0,226
2300,319,1294,0,227
2301,319,1293,0,228
2302,319,1294,0,227
2303,319,1294,0,227
2304,318,1294,0,229
2305,318,1296,0,229
2306,318,1299,0,235
2307,320,1300,0,239
2308,320,1300,0,240
2309,320,1299,0,237
2310,321,1299,0,241
2311,322,1298,0,242
2312,324,1296,0,243
2313,325,1296,0,244
2314,326,1296,0,246
2315,326,1296,0,248
2316,326,1297,0,248
2317,328,1297,0,251
2318,329,1295,0,257
2319,330,1295,0,260
2320,330,1296,0,261
2321,331,1296,0,260
2322,331,1296,0,254
2323,331,1296,0,251
2324,331,1296,0,252
2325,331,1295,0,253
2326,332,1297,0,256
2327,332,1297,0,255
2328,332,1297,0,255
2329,332,1298,0,253
2330,333,1298,0,255
2331,333,1298,0,255
2332,333,1299,0,256
2333,333,1299,0,255
2334,334,1299,0,256
2335,334,1298,0,255
2336,333,1298,0,254
2337,333,1297,0,252
2338,333,1298,0,251
2339,332,1299,0,249
2340,331,1298,0,253
2341,330,1296,0,254
2342,329,1296,0,254
2343,327,1296,0,250
2344,326,1295,0,245
2345,325,1295,0,240
2346,324,1296,0,238
2347,324,1297,0,241
2348,326,1297,0,244
2349,326,1298,0,244
2350,326,1297,0,243
2351,327,1296,0,240
2352,328,1297,0,241
2353,329,1297,0,239
2354,330,1296,0,238
2355,330,1296,0,240
2356,330,1297,0,238
2357,329,1297,0,237
2358,328,1298,0,241
2359,326,1299,0,238
2360,322,1298,0,233
2361,319,1299,0,228
2362,314,1306,0,233
2363,312,1306,0,220
2364,313,1311,0,225
2365,310,1314,0,229
2366,310,1313,0,240
2367,309,1316,0,232
2368,311,1315,0,231
2369,311,1316,0,241
2370,313,1323,0,257
2371,318,1336,0,258
2372,321,1338,0,257
2373,319,1339,0,266
2374,319,1337,0,277
2375,317,1339,0,278
2376,313,1342,0,285
2377,314,1346,0,294
2378,315,1343,0,295
2379,315,1343,0,296
2380,316,1346,0,302
2381,317,1345,0,298
2382,321,1343,0,301
2383,322,1343,0,304
2384,322,1343,0,304
2385,322,1344,0,309
2386,322,1344,0,308
2387,318,1342,0,317
2388,318,1342,0,315
2389,318,1341,0,314
2390,319,1341,0,308
2391,320,1341,0,306
2392,319,1341,0,309
2393,319,1340,0,308
2394,319,1340,0,306
2395,318,1339,0,306
2396,318,1340,0,307
2397,320,1343,0,310
2398,319,1343,0,313
2399,319,1345,0,317
2400,319,1345,0,319
2401,318,1344,0,322
2402,317,1343,0,321
2403,318,1342,0,319
2404,319,1343,0,320
2405,319,1342,0,317
2406,318,1341,0,315
2407,318,1342,0,314
2408,320,1340,0,316
2409,320,1339,0,316
2410,321,1338,0,314
2411,321,1337,0,318
2412,326,1337,0,332
2413,330,1342,0,341
2414,329,1342,0,352
2415,327,1341,0,359
2416,329,1340,0,2
2417,325,1343,0,8
2418,327,1346,0,1
2419,325,1343,0,1
2420,320,1345,0,359
2421,317,1348,0,359
2422,311,1349,0,359
2423,306,1351,0,354
2424,306,1351,0,353
2425,314,1352,0,350
2426,316,1354,0,342
2427,320,1357,0,342
2428,321,1354,0,331
2429,319,1351,0,329
2432,315,1354,0,313
2433,308,1351,0,307
2434,303,1350,0,284
2435,304,1349,0,284
2436,302,1349,0,282
2437,302,1350,0,285
2438,302,1350,0,285
2439,301,1350,0,280
2440,299,1350,0,276
2441,295,1346,0,265
2442,297,1342,0,266
2443,290,1332,0,242
2444,285,1334,0,239
2445,279,1338,0,226
2446,278,1336,0,214
2447,279,1336,0,216
2448,278,1335,0,210
2449,277,1331,0,194
2450,280,1324,0,167
2451,282,1328,0,167
2452,284,1329,0,166
2453,286,1328,0,173
2454,287,1328,0,180
2455,288,1327,0,183
2456,289,1326,0,178
2457,285,1328,0,174
2458,284,1331,0,155
2459,286,1337,0,145
2460,285,1340,0,146
2461,285,1343,0,144
2462,285,1344,0,144
2463,287,1346,0,146
2464,284,1350,0,150
2465,284,1352,0,154
2466,283,1351,0,157
2467,283,1346,0,163
2468,281,1344,0,182
2469,286,1345,0,203
2470,286,1342,0,180
2471,286,1340,0,176
2472,287,1340,0,172
2473,288,1338,0,172
2474,289,1338,0,170
2475,289,1338,0,168
2476,288,1339,0,166
2477,285,1339,0,161
2478,286,1339,0,160
2479,287,1340,0,160
2480,287,1341,0,162
2481,287,1341,0,162
2482,287,1341,0,164
2483,287,1341,0,163
2484,287,1342,0,162
2485,286,1343,0,165
2486,286,1343,0,166
2487,287,1344,0,170
2488,287,1343,0,169
2489,287,1342,0,169
2490,287,1342,0,169
2491,287,1340,0,166
2492,287,1339,0,164
2493,287,1339,0,165
2494,288,1338,0,164
2495,287,1339,0,166
2496,287,1339,0,167
2497,287,1341,0,170
2498,288,1342,0,171
2499,288,1341,0,175
2500,288,1342,0,173
2501,288,1342,0,179
2502,289,1342,0,181
2503,289,1343,0,179
2504,290,1342,0,175
2505,289,1342,0,171
2506,288,1342,0,173
2507,288,1343,0,173
2508,288,1342,0,168
2509,287,1341,0,168
2510,288,1342,0,172
2511,286,1342,0,170
2512,286,1343,0,169
2513,287,1342,0,168
2514,286,1343,0,167
2515,286,1342,0,165
2516,286,1342,0,164
2517,286,1343,0,165
2518,287,1343,0,165
2519,287,1341,0,157
2520,287,1342,0,158
2521,287,1342,0,162
2522,286,1343,0,164
2523,287,1343,0,162
2524,286,1342,0,164
2525,286,1342,0,163
2526,286,1342,0,163
2527,286,1342,0,164
2528,286,1343,0,165
2529,286,1343,0,165
2530,286,1343,0,164
2531,286,1342,0,163
2532,287,1343,0,163
2533,287,1344,0,163
2534,286,1344,0,162
2535,286,1344,0,165
2536,286,1344,0,163
2537,287,1345,0,163
2538,287,1346,0,164
2539,287,1349,0,166
2540,288,1352,0,167
2541,287,1352,0,172
2542,287,1351,0,174
2543,287,1351,0,173
2544,287,1351,0,175
2545,287,1351,0,176
2546,287,1350,0,181
2547,287,1349,0,182
2548,287,1350,0,181
2549,287,1350,0,181
2550,287,1347,0,170
2551,286,1347,0,162
2552,286,1347,0,161
2553,286,1347,0,156
2554,286,1348,0,151
2555,285,1349,0,149
2556,284,1349,0,149
2557,284,1350,0,151
2558,284,1351,0,151
2559,280,1352,0,149
2560,279,1351,0,147
2561,279,1352,0,148
2562,280,1350,0,146
2563,280,1352,0,145
2564,281,1353,0,149
2565,283,1351,0,156
2566,285,1352,0,157
2567,285,1352,0,158
2568,283,1350,0,165
2569,283,1350,0,168
2570,283,1349,0,170
2571,285,1347,0,165
2572,285,1349,0,164
2573,285,1352,0,171
2574,286,1351,0,179
2575,287,1346,0,178
2576,290,1345,0,176
2577,295,1342,0,188
2578,297,1346,0,205
2579,302,1352,0,233
2580,302,1355,0,231
2581,295,1351,0,242
2582,300,1352,0,250
2583,300,1350,0,249
2584,316,1343,0,269
2585,323,1338,0,298
2586,330,1331,0,304
2587,332,1325,0,310
2588,332,1324,0,310
2589,332,1325,0,311
2590,332,1324,0,312
2591,333,1326,0,315
2592,335,1329,0,319
2593,335,1332,0,321
2594,335,1335,0,325
2595,335,1335,0,330
2596,334,1337,0,334
2597,335,1333,0,332
2598,333,1329,0,338
2599,330,1329,0,337
2600,322,1327,0,335
2601,319,1326,0,333
2602,313,1326,0,332
2603,310,1323,0,330
2604,310,1320,0,333
2605,307,1318,0,340
2606,306,1317,0,338
2607,306,1317,0,338
2608,306,1322,0,332
2609,305,1322,0,336
2610,307,1322,0,341
2611,309,1328,0,348
2612,309,1331,0,347
2613,310,1328,0,351
2614,311,1323,0,351
2615,307,1320,0,347
2616,306,1319,0,348
2617,304,1317,0,343
2618,304,1317,0,343
2619,304,1321,0,345
2620,305,1324,0,344
2621,304,1324,0,338
2622,303,1321,0,343
2623,304,1320,0,343
2624,306,1322,0,345
2625,310,1324,0,348
2626,311,1324,0,342
2627,309,1318,0,345
2628,308,1318,0,341
2629,304,1319,0,345
2630,302,1321,0,347
2631,300,1322,0,350
2632,298,1325,0,3
2633,295,1324,0,3
2634,287,1326,0,5
2635,287,1330,0,16
2636,282,1325,0,11
2637,282,1329,0,0
2638,281,1329,0,358
2639,281,1330,0,353
2640,282,1330,0,354
2641,283,1329,0,356
2642,284,1327,0,0
2643,285,1325,0,11
2644,284,1327,0,10
2645,285,1327,0,14
2646,286,1328,0,12
2647,285,1332,0,8
2648,285,1331,0,9
2649,282,1333,0,7
2650,282,1332,0,4
2651,277,1329,0,10
2652,274,1330,0,1
2653,272,1327,0,356
2654,270,1325,0,354
2655,268,1327,0,353
2656,268,1327,0,346
2657,269,1330,0,346
2658,267,1332,0,336
2659,265,1330,0,335
2660,267,1329,0,331
2661,264,1317,0,328
2662,264,1320,0,340
2663,264,1318,0,329
2664,260,1319,0,303
2665,261,1319,0,311
2666,262,1320,0,299
2667,260,1320,0,292
2668,260,1319,0,291
2669,262,1322,0,290
2670,262,1326,0,289
2671,258,1324,0,284
2672,258,1324,0,287
2673,257,1326,0,284
2674,255,1326,0,283
2675,254,1323,0,285
2676,252,1323,0,285
2677,252,1322,0,283
2678,254,1321,0,283
2679,254,1320,0,281
2680,253,1319,0,279
2681,254,1319,0,280
2682,253,1319,0,273
2683,255,1321,0,280
2684,255,1320,0,282
2685,254,1320,0,282
2686,254,1321,0,282
2687,254,1320,0,285
2688,255,1321,0,287
2689,254,1320,0,287
2690,254,1320,0,285
2691,253,1320,0,283
2692,252,1319,0,281
2693,252,1321,0,282
2694,248,1320,0,276
2695,249,1320,0,276
2696,251,1321,0,282
2697,253,1321,0,286
2698,254,1322,0,289
2699,252,1320,0,286
2700,252,1320,0,285
2701,253,1319,0,283
2702,256,1317,0,286
2703,255,1320,0,283
2705,255,1321,0,285
2708,259,1319,0,285
2709,257,1317,0,277
2714,254,1320,0,267
2715,252,1311,0,254
2716,254,1306,0,247
2717,256,1299,0,243
2718,256,1297,0,248
2719,258,1296,0,245
2720,259,1295,0,247
2721,260,1296,0,246
2722,261,1297,0,242
2723,263,1296,0,240
2724,263,1296,0,245
2725,264,1292,0,247
2726,265,1291,0,247
2727,265,1291,0,247
2728,262,1291,0,241
2729,261,1290,0,241
2731,259,1284,0,254
2732,257,1282,0,253
2733,259,1279,0,250
2734,262,1274,0,247
2735,264,1272,0,246
2736,262,1272,0,241
2737,264,1270,0,236
2738,265,1264,0,235
2739,266,1265,0,247
2740,268,1264,0,240
2741,272,1268,0,245
2742,269,1267,0,235
2743,267,1269,0,233
2744,267,1272,0,241
2745,267,1273,0,254
2746,268,1272,0,254
2747,268,1272,0,259
2748,268,1271,0,259
2749,266,1272,0,260
2750,265,1277,0,258
2751,263,1282,0,254
2752,265,1286,0,256
2753,265,1288,0,252
2754,262,1289,0,223
2755,264,1286,0,212
2756,266,1288,0,206
2757,281,1297,0,213
2758,280,1292,0,204
2759,279,1295,0,213
2760,277,1297,0,213
2761,280,1297,0,208
2762,283,1296,0,204
2763,284,1296,0,199
2764,285,1298,0,192
2765,286,1302,0,186
2766,289,1305,0,178
2767,296,1304,0,173
2768,303,1305,0,172
2769,307,1307,0,176
2770,312,1307,0,172
2771,317,1309,0,168
2772,320,1312,0,177
2773,324,1311,0,170
2774,328,1312,0,168
2775,331,1311,0,164
2776,334,1312,0,174
2777,340,1317,0,185
2778,344,1314,0,196
2779,347,1315,0,198
2780,352,1314,0,203
2781,357,1312,0,206
2782,362,1312,0,201
2783,365,1311,0,194
2784,369,1309,0,188
2785,373,1307,0,187
2786,370,1305,0,193
2787,372,1303,0,203
2788,371,1304,0,204
2789,370,1306,0,203
2790,369,1304,0,188
2791,364,1305,0,190
2792,365,1305,0,188
2793,365,1305,0,190
2794,366,1305,0,189
2795,368,1305,0,185
2796,372,1305,0,184
2797,378,1303,0,180
2798,379,1302,0,181
2799,379,1301,0,187
2800,384,1302,0,181
2801,388,1300,0,176
2802,395,1300,0,182
2803,395,1299,0,179
2804,400,1299,0,180
2805,395,1302,0,180
2806,390,1304,0,184
2807,383,1306,0,180
2808,377,1311,0,188
2809,377,1311,0,191
2810,374,1310,0,182
2811,372,1310,0,177
2812,372,1304,0,157
2813,369,1305,0,150
2814,367,1311,0,134
2815,365,1311,0,134
2816,369,1313,0,136
2817,373,1317,0,138
2818,373,1317,0,144
2819,372,1317,0,145
2820,370,1320,0,150
2821,372,1322,0,150
2822,376,1325,0,142
2823,378,1324,0,148
2824,378,1324,0,146
2825,378,1325,0,145
2826,379,1326,0,146
2827,379,1326,0,145
2828,381,1328,0,144
2829,381,1328,0,145
2830,385,1329,0,149
2831,386,1331,0,151
2832,382,1334,0,146
2833,378,1335,0,144
2834,379,1333,0,133
2835,377,1337,0,132
2836,377,1341,0,135
2837,379,1346,0,128
2838,380,1352,0,132
2839,382,1354,0,128
2840,382,1357,0,126
2841,381,1359,0,129
2842,382,1362,0,133
2843,381,1364,0,134
2844,381,1365,0,132
2845,381,1366,0,132
2846,382,1367,0,133
2847,385,1369,0,123
2848,390,1375,0,116
2849,391,1376,0,118
2850,391,1377,0,112
2851,391,1374,0,106
2852,394,1375,0,93
2853,395,1373,0,80
2854,393,1373,0,78
2855,392,1374,0,79
2856,390,1375,0,82
2857,389,1377,0,82
2858,390,1380,0,84
2859,388,1378,0,84
2860,388,1377,0,86
2861,384,1378,0,91
2862,385,1378,0,97
2863,384,1377,0,99
2864,385,1379,0,92
2865,385,1380,0,86
2866,384,1380,0,87
2867,385,1381,0,81
2868,384,1381,0,75
2869,385,1380,0,68
2870,386,1382,0,65
2871,385,1383,0,57
2872,384,1382,0,57
2873,382,1382,0,58
2874,381,1381,0,61
2875,379,1380,0,65
2876,379,1381,0,64
2877,379,1382,0,66
2878,379,1383,0,65
2879,380,1385,0,60
2880,380,1384,0,57
2881,378,1383,0,55
2882,377,1382,0,58
2883,377,1383,0,60
2884,376,1382,0,59
2885,376,1383,0,54
2886,376,1384,0,52
2887,376,1385,0,41
2888,373,1381,0,38
2889,368,1379,0,30
2890,366,1376,0,29
2891,365,1375,0,31
2892,362,1377,0,31
2893,357,1382,0,39
2894,356,1385,0,37
2895,356,1390,0,35
2896,356,1389,0,33
2897,357,1386,0,36
2898,361,1379,0,41
2899,358,1376,0,36
2900,358,1378,0,28
2901,357,1380,0,20
2902,354,1380,0,16
2903,352,1375,0,5
2904,350,1375,0,356
2905,348,1372,0,357
2906,345,1373,0,352
2907,345,1376,0,347
2908,345,1374,0,348
2909,343,1371,0,349
2910,340,1369,0,345
2911,338,1369,0,343
2912,339,1370,0,340
2913,341,1373,0,339
2914,342,1375,0,335
2915,343,1377,0,333
2916,343,1379,0,325
2917,343,1380,0,323
2918,343,1379,0,323
2919,339,1380,0,314
2920,337,1383,0,313
2921,337,1383,0,312
2922,337,1383,0,313
2923,338,1381,0,319
2924,339,1382,0,321
2925,338,1382,0,322
2926,338,1382,0,320
2927,337,1382,0,320
2928,339,1382,0,328
2929,339,1382,0,331
2930,340,1382,0,331
2931,342,1382,0,337
2932,341,1381,0,343
2933,341,1381,0,344
2934,342,1381,0,344
2935,342,1379,0,351
2936,338,1379,0,355
2937,339,1380,0,358
2938,338,1381,0,357
2939,340,1379,0,5
2940,339,1380,0,1
2941,342,1379,0,344
2942,339,1377,0,334
2943,340,1377,0,326
2944,338,1377,0,323
2945,338,1378,0,319
2946,337,1377,0,319
2947,338,1376,0,315
2948,338,1376,0,308
2949,340,1373,0,304
2950,339,1371,0,287
2951,339,1371,0,283
2952,340,1372,0,287
2953,337,1374,0,285
2954,335,1372,0,275
2955,335,1370,0,267
2956,336,1371,0,262
2957,342,1366,0,258
2958,345,1362,0,254
2959,342,1361,0,244
2960,343,1359,0,247
2961,342,1361,0,234
2962,340,1364,0,225
2963,335,1366,0,225
2964,331,1364,0,215
2965,330,1368,0,221
2966,325,1370,0,208
2967,325,1370,0,205
2968,326,1370,0,204
2969,328,1372,0,208
2970,329,1374,0,209
2971,329,1374,0,207
2972,330,1375,0,204
2973,341,1375,0,202
2974,344,1375,0,189
2975,349,1376,0,181
2976,352,1376,0,179
2977,360,1381,0,171
2978,362,1382,0,165
2979,365,1386,0,160
2980,366,1385,0,162
2981,368,1385,0,164
2982,370,1386,0,150
2983,373,1386,0,145
2984,372,1383,0,131
2985,371,1384,0,128
2986,375,1386,0,135
2987,382,1396,0,136
2988,384,1399,0,137
2989,386,1403,0,139
2990,387,1404,0,144
2991,389,1406,0,142
2992,390,1407,0,141
2993,392,1409,0,139
2994,397,1413,0,139
2995,400,1415,0,135
2996,399,1416,0,140
2997,400,1415,0,146
2998,405,1415,0,144
2999,406,1421,0,138
