0,1020,738,0,68
1,1021,738,0,67
2,1021,738,0,67
3,1020,739,0,66
4,1021,738,0,67
5,1020,739,0,67
6,1020,739,0,61
7,1020,739,0,62
8,1020,739,0,64
9,1020,738,0,63
10,1020,737,0,71
11,1020,737,0,74
12,1020,737,0,74
13,1019,737,0,74
14,1020,735,0,73
15,1019,737,0,71
16,1019,737,0,69
17,1020,735,0,68
18,1020,736,0,65
19,1019,735,0,68
20,1020,735,0,66
21,1021,735,0,67
22,1021,734,0,66
23,1021,735,0,69
24,1020,736,0,63
25,1021,736,0,63
26,1021,735,0,64
27,1020,737,0,57
28,1020,737,0,57
29,1021,737,0,58
30,1021,737,0,57
31,1022,737,0,59
32,1021,737,0,57
33,1022,737,0,54
34,1021,737,0,57
35,1020,738,0,55
36,1020,738,0,54
37,1021,737,0,54
38,1021,737,0,56
39,1022,736,0,55
40,1022,738,0,51
41,1022,739,0,51
42,1022,740,0,52
43,1022,739,0,51
44,1023,738,0,51
45,1023,738,0,53
46,1022,739,0,56
47,1023,740,0,57
48,1024,739,0,57
49,1023,741,0,58
50,1023,740,0,59
51,1023,740,0,59
52,1022,741,0,59
53,1023,741,0,60
54,1022,740,0,54
55,1023,739,0,56
56,1023,739,0,57
57,1023,739,0,56
58,1023,738,0,52
59,1023,740,0,58
60,1024,739,0,56
61,1023,740,0,57
62,1023,739,0,55
63,1023,739,0,54
64,1023,740,0,54
65,1023,739,0,53
66,1023,739,0,52
67,1024,738,0,53
68,1024,738,0,53
69,1024,739,0,52
70,1024,740,0,55
71,1024,738,0,51
72,1024,739,0,51
73,1023,739,0,50
74,1022,741,0,51
75,1024,740,0,54
76,1023,742,0,55
77,1024,741,0,53
78,1024,741,0,52
79,1023,741,0,50
80,1024,741,0,53
81,1023,742,0,53
82,1023,742,0,56
83,1023,743,0,53
84,1024,742,0,51
85,1023,742,0,50
86,1024,742,0,55
87,1024,742,0,55
88,1024,742,0,51
89,1024,743,0,47
90,1024,742,0,48
91,1024,742,0,49
92,1024,743,0,51
93,1024,742,0,50
94,1024,742,0,51
95,1024,743,0,51
96,1024,743,0,51
97,1024,744,0,48
98,1024,744,0,51
99,1023,744,0,43
100,1024,743,0,48
101,1024,744,0,47
102,1024,744,0,52
103,1023,745,0,49
104,1023,745,0,49
105,1022,746,0,47
106,1022,746,0,50
107,1024,745,0,51
108,1023,747,0,53
109,1023,747,0,52
110,1024,746,0,53
111,1025,745,0,56
112,1025,745,0,53
113,1024,747,0,50
114,1025,746,0,53
115,1025,746,0,52
116,1024,746,0,49
117,1025,744,0,52
118,1026,744,0,51
119,1025,745,0,51
120,1025,744,0,52
121,1026,744,0,52
122,1026,745,0,54
123,1026,744,0,53
124,1026,744,0,54
125,1026,744,0,53
126,1026,744,0,53
127,1026,744,0,55
128,1025,746,0,55
129,1025,746,0,53
130,1025,747,0,50
131,1023,747,0,44
132,1023,746,0,33
133,1022,746,0,31
134,1023,746,0,32
135,1022,747,0,31
136,1022,749,0,32
137,1022,749,0,34
138,1020,751,0,33
139,1020,751,0,34
140,1021,750,0,28
141,1019,750,0,19
142,1019,752,0,18
143,1018,755,0,12
144,1015,755,0,7
145,1014,756,0,10
146,1016,755,0,9
147,1017,755,0,11
148,1017,755,0,15
149,1017,755,0,17
150,1016,757,0,20
151,1016,759,0,28
152,1018,759,0,30
153,1018,759,0,29
154,1018,759,0,23
155,1018,759,0,21
156,1018,760,0,17
157,1019,760,0,17
158,1016,759,0,16
159,1016,763,0,19
160,1017,767,0,18
161,1017,767,0,16
162,1019,766,0,17
163,1021,766,0,15
164,1021,765,0,15
165,1022,764,0,14
166,1023,763,0,12
167,1023,763,0,11
168,1025,764,0,14
169,1025,764,0,12
170,1026,764,0,10
171,1024,765,0,7
172,1023,765,0,5
173,1024,765,0,3
174,1024,765,0,5
175,1024,765,0,6
176,1023,766,0,8
177,1021,767,0,9
178,1021,767,0,7
179,1022,767,0,9
180,1022,766,0,8
181,1022,767,0,9
182,1017,768,0,11
183,1013,769,0,13
184,1008,769,0,4
185,1006,769,0,356
186,1007,768,0,354
187,1008,768,0,354
188,1009,768,0,356
189,1010,768,0,358
190,1009,768,0,357
191,1010,769,0,0
192,1009,768,0,359
193,1009,768,0,359
194,1010,768,0,1
195,1011,767,0,2
196,1012,767,0,1
197,1012,766,0,0
198,1012,766,0,356
199,1009,767,0,355
200,1009,767,0,354
201,1008,767,0,352
202,1009,767,0,353
203,1010,768,0,352
204,1011,769,0,354
205,1011,769,0,357
206,1012,769,0,354
207,1013,767,0,351
208,1014,767,0,356
209,1013,769,0,10
210,1014,770,0,12
211,1016,771,0,14
212,1016,772,0,16
213,1018,774,0,19
214,1017,776,0,29
215,1017,777,0,31
216,1016,777,0,32
217,1015,778,0,34
218,1017,784,0,42
219,1017,783,0,48
220,1017,785,0,67
221,1017,787,0,72
222,1016,788,0,80
223,1017,787,0,72
224,1018,788,0,69
225,1019,788,0,67
226,1020,787,0,64
227,1020,787,0,66
228,1019,788,0,64
229,1016,790,0,71
230,1016,791,0,67
231,1013,793,0,64
232,1009,794,0,55
233,1007,794,0,56
234,1008,796,0,51
235,1008,797,0,49
236,1008,798,0,44
237,1010,800,0,38
238,1009,800,0,34
239,1008,801,0,30
240,1006,801,0,31
241,1004,799,0,30
242,1003,798,0,36
243,1004,798,0,30
244,1004,798,0,30
245,1003,797,0,32
246,1002,796,0,35
247,1003,797,0,31
248,1003,797,0,32
249,1003,797,0,30
250,1002,795,0,25
251,1001,796,0,24
252,1000,796,0,25
253,999,796,0,24
254,1002,797,0,20
255,1002,798,0,20
256,1004,798,0,17
257,1005,799,0,18
258,1005,799,0,19
259,1005,799,0,19
260,1007,798,0,20
261,1008,799,0,29
262,1009,800,0,39
263,1009,800,0,42
264,1009,801,0,42
265,1011,804,0,40
266,1011,802,0,48
267,1010,801,0,47
268,1010,800,0,50
269,1011,799,0,48
270,1012,799,0,51
271,1013,799,0,51
272,1012,798,0,55
273,1011,797,0,60
274,1012,797,0,57
275,1012,796,0,58
276,1013,795,0,59
277,1016,795,0,65
278,1020,792,0,77
279,1021,793,0,75
280,1022,796,0,83
281,1024,799,0,88
282,1023,802,0,90
283,1024,802,0,97
284,1023,801,0,96
285,1025,800,0,92
286,1026,799,0,91
287,1026,801,0,93
288,1025,802,0,103
289,1025,803,0,109
290,1027,803,0,104
291,1027,804,0,102
292,1026,807,0,108
293,1024,807,0,118
294,1023,808,0,119
295,1027,809,0,125
296,1036,803,0,113
297,1031,806,0,111
298,1030,809,0,109
299,1029,813,0,111
300,1029,817,0,111
301,1029,818,0,110
302,1029,819,0,105
303,1028,820,0,105
304,1028,823,0,108
305,1028,823,0,107
306,1026,822,0,109
307,1026,822,0,110
308,1027,824,0,110
309,1029,826,0,112
310,1028,827,0,113
311,1029,829,0,113
312,1031,830,0,123
313,1032,832,0,116
314,1032,837,0,116
315,1033,838,0,115
316,1031,840,0,114
317,1034,843,0,112
318,1032,847,0,130
319,1033,849,0,127
320,1035,853,0,131
321,1038,853,0,138
322,1042,855,0,143
323,1043,855,0,145
324,1043,856,0,148
325,1043,856,0,153
326,1043,858,0,163
327,1044,859,0,170
328,1045,860,0,173
329,1049,859,0,174
330,1054,860,0,173
331,1054,858,0,171
332,1054,859,0,175
333,1054,860,0,176
334,1054,859,0,178
335,1055,860,0,177
336,1056,858,0,172
337,1056,859,0,173
338,1053,859,0,176
339,1050,858,0,176
340,1050,858,0,174
341,1051,858,0,168
342,1049,858,0,163
343,1053,859,0,165
344,1051,859,0,170
345,1051,858,0,175
346,1051,857,0,179
347,1052,856,0,179
348,1053,855,0,173
349,1053,856,0,166
350,1056,857,0,160
351,1057,859,0,153
352,1056,859,0,149
353,1056,861,0,144
354,1056,861,0,143
355,1056,861,0,145
356,1056,860,0,147
357,1057,862,0,140
358,1057,863,0,140
359,1057,863,0,138
360,1058,864,0,141
361,1060,867,0,138
362,1059,868,0,142
363,1060,868,0,143
364,1060,868,0,144
365,1061,869,0,145
366,1062,871,0,146
367,1061,871,0,147
368,1063,873,0,147
369,1060,871,0,154
370,1059,869,0,166
371,1057,869,0,183
372,1063,866,0,197
373,1065,863,0,205
374,1064,863,0,206
375,1064,865,0,201
376,1064,864,0,201
377,1062,864,0,203
378,1070,854,0,193
379,1073,853,0,192
380,1073,853,0,196
381,1075,849,0,199
382,1080,846,0,202
383,1082,846,0,203
384,1084,842,0,211
385,1085,843,0,210
386,1092,844,0,201
387,1094,842,0,197
388,1097,839,0,194
389,1101,840,0,189
390,1105,841,0,186
391,1105,843,0,181
392,1102,843,0,179
393,1101,844,0,181
394,1101,844,0,179
395,1101,844,0,179
396,1102,842,0,186
397,1103,841,0,187
398,1105,841,0,186
399,1104,839,0,190
400,1101,837,0,206
401,1102,836,0,211
402,1106,831,0,227
403,1107,826,0,233
404,1111,823,0,235
405,1114,822,0,237
406,1117,824,0,237
407,1118,825,0,240
408,1116,824,0,245
409,1115,824,0,251
410,1114,823,0,254
411,1113,824,0,255
412,1113,819,0,252
413,1115,819,0,248
414,1115,818,0,244
415,1114,814,0,249
416,1114,811,0,251
417,1113,807,0,251
418,1111,805,0,259
419,1112,803,0,262
420,1112,802,0,266
421,1112,800,0,267
422,1112,796,0,269
423,1114,795,0,268
424,1113,796,0,273
425,1115,795,0,275
426,1115,794,0,281
427,1116,794,0,282
428,1115,794,0,285
429,1114,794,0,280
430,1112,792,0,276
431,1110,787,0,279
432,1109,786,0,278
433,1108,786,0,280
434,1109,785,0,276
435,1108,784,0,270
436,1107,780,0,263
437,1108,779,0,266
438,1109,779,0,273
439,1107,780,0,272
440,1106,781,0,269
441,1106,779,0,271
442,1107,778,0,275
443,1109,779,0,280
444,1109,781,0,283
445,1109,782,0,289
446,1110,783,0,298
447,1110,784,0,297
448,1109,783,0,297
449,1110,781,0,299
450,1111,779,0,301
451,1111,781,0,295
452,1109,780,0,293
453,1108,781,0,293
454,1107,781,0,294
455,1108,781,0,297
456,1108,782,0,298
457,1109,782,0,300
458,1108,782,0,299
459,1109,782,0,303
460,1108,782,0,302
461,1108,782,0,302
462,1108,781,0,302
463,1109,781,0,303
464,1110,780,0,307
465,1111,779,0,311
466,1111,779,0,309
467,1110,779,0,305
468,1111,779,0,307
469,1111,777,0,308
470,1112,776,0,310
471,1111,776,0,312
472,1110,777,0,305
473,1109,777,0,306
474,1110,776,0,309
475,1111,776,0,313
476,1109,776,0,316
477,1105,780,0,309
478,1103,780,0,310
479,1103,779,0,312
480,1103,779,0,312
481,1103,778,0,306
482,1105,777,0,303
483,1104,776,0,305
484,1104,777,0,316
485,1100,776,0,321
486,1099,776,0,319
487,1100,774,0,305
488,1101,779,0,320
489,1103,780,0,319
490,1106,781,0,331
491,1107,781,0,329
492,1107,781,0,326
493,1108,782,0,319
494,1109,781,0,321
495,1107,779,0,313
496,1107,779,0,316
497,1106,783,0,313
498,1104,784,0,302
499,1102,783,0,293
500,1098,782,0,284
501,1095,780,0,282
502,1096,780,0,284
503,1094,781,0,284
504,1094,780,0,285
505,1094,779,0,287
506,1093,781,0,285
507,1092,782,0,284
508,1090,783,0,280
509,1083,782,0,274
510,1086,779,0,274
511,1085,777,0,266
512,1085,778,0,264
513,1083,778,0,260
514,1083,780,0,263
515,1083,781,0,260
516,1082,782,0,255
517,1082,785,0,257
518,1081,784,0,251
519,1081,785,0,250
520,1084,785,0,238
521,1093,796,0,233
522,1092,793,0,234
523,1092,789,0,223
524,1092,790,0,228
525,1092,788,0,229
526,1095,786,0,239
527,1098,785,0,245
528,1095,784,0,242
529,1095,784,0,237
530,1096,783,0,238
531,1097,782,0,236
532,1098,782,0,236
533,1101,781,0,237
534,1103,780,0,238
535,1105,778,0,237
536,1106,776,0,238
537,1105,776,0,239
538,1105,776,0,234
539,1103,775,0,234
540,1101,772,0,232
541,1102,770,0,229
542,1105,770,0,222
543,1104,765,0,216
544,1108,761,0,211
545,1110,758,0,208
546,1112,757,0,214
547,1112,755,0,215
548,1114,754,0,213
549,1117,754,0,222
550,1116,754,0,219
551,1117,752,0,220
552,1122,750,0,223
553,1128,749,0,231
554,1130,748,0,235
555,1131,748,0,235
556,1133,754,0,233
557,1132,759,0,217
558,1132,761,0,217
559,1129,762,0,216
560,1125,765,0,209
561,1124,767,0,204
562,1122,768,0,204
563,1120,770,0,198
564,1121,769,0,205
565,1120,766,0,211
566,1120,765,0,206
567,1119,764,0,195
568,1117,765,0,191
569,1119,767,0,190
570,1118,767,0,184
571,1119,766,0,183
572,1124,767,0,180
573,1130,766,0,174
574,1133,767,0,168
575,1139,766,0,141
576,1138,767,0,140
577,1138,770,0,138
578,1138,773,0,133
579,1139,774,0,131
580,1139,778,0,124
581,1143,783,0,118
582,1144,789,0,115
583,1142,791,0,112
584,1142,794,0,109
585,1142,793,0,109
586,1140,794,0,107
587,1140,798,0,105
588,1138,800,0,99
589,1137,800,0,87
590,1136,800,0,82
591,1138,801,0,71
592,1139,801,0,69
593,1139,806,0,67
594,1140,808,0,70
595,1141,809,0,74
596,1143,808,0,69
597,1140,811,0,76
598,1138,816,0,78
599,1137,817,0,76
600,1135,819,0,81
601,1135,824,0,87
602,1134,827,0,89
603,1136,827,0,82
604,1136,831,0,88
605,1136,834,0,89
606,1136,836,0,94
607,1137,837,0,101
608,1137,839,0,103
609,1136,842,0,101
610,1138,846,0,108
611,1142,848,0,108
612,1142,848,0,110
613,1147,854,0,113
614,1148,857,0,112
615,1150,857,0,112
616,1150,858,0,111
617,1150,860,0,115
618,1151,863,0,114
619,1154,863,0,105
620,1152,860,0,108
621,1151,858,0,108
622,1147,857,0,116
623,1145,855,0,124
624,1147,859,0,117
625,1148,864,0,113
626,1147,866,0,115
627,1148,871,0,108
628,1149,872,0,106
629,1150,879,0,106
630,1150,880,0,106
631,1154,880,0,102
632,1155,881,0,104
633,1153,882,0,98
634,1153,884,0,100
635,1151,889,0,92
636,1153,891,0,97
637,1152,896,0,99
638,1152,898,0,99
639,1155,903,0,97
640,1155,910,0,89
641,1155,913,0,87
642,1154,913,0,88
643,1154,916,0,88
644,1153,917,0,88
645,1153,917,0,88
646,1153,918,0,90
647,1152,921,0,95
648,1152,922,0,87
649,1155,923,0,83
650,1156,923,0,82
651,1156,923,0,83
652,1157,923,0,82
653,1158,921,0,81
654,1158,919,0,81
655,1155,919,0,85
656,1156,915,0,86
657,1157,913,0,86
658,1159,913,0,85
659,1159,917,0,90
660,1160,919,0,89
661,1161,920,0,90
662,1164,920,0,95
663,1167,920,0,99
664,1170,922,0,106
665,1174,922,0,99
666,1178,926,0,89
667,1179,928,0,88
668,1179,931,0,88
669,1179,935,0,91
670,1181,940,0,100
671,1184,944,0,102
672,1198,943,0,99
673,1195,944,0,107
674,1197,943,0,110
675,1199,943,0,112
676,1202,946,0,104
677,1202,948,0,112
678,1201,949,0,114
679,1202,948,0,119
680,1202,947,0,125
681,1203,948,0,131
682,1206,948,0,138
683,1206,948,0,141
684,1207,947,0,145
685,1207,947,0,145
686,1206,949,0,139
687,1205,948,0,134
688,1203,946,0,124
689,1203,945,0,124
690,1203,945,0,119
691,1204,945,0,116
692,1204,946,0,114
693,1204,947,0,124
694,1204,947,0,125
695,1205,947,0,124
696,1203,945,0,122
697,1203,945,0,121
698,1203,946,0,122
699,1203,946,0,123
700,1202,946,0,123
701,1202,947,0,128
702,1204,948,0,139
703,1209,951,0,142
704,1213,954,0,141
705,1216,955,0,141
706,1217,955,0,144
707,1218,953,0,150
708,1222,948,0,166
709,1221,948,0,170
710,1220,946,0,171
711,1218,945,0,182
712,1215,945,0,184
713,1214,944,0,193
714,1212,944,0,202
715,1216,943,0,213
716,1219,939,0,218
717,1220,936,0,215
718,1223,935,0,214
719,1222,935,0,212
720,1223,934,0,213
721,1223,934,0,214
722,1224,935,0,207
723,1225,936,0,198
724,1228,936,0,190
725,1228,938,0,184
726,1228,940,0,178
727,1227,941,0,174
728,1227,943,0,169
729,1228,944,0,170
730,1225,947,0,163
731,1225,947,0,159
732,1223,948,0,155
733,1224,952,0,143
734,1226,953,0,162
735,1225,951,0,140
736,1218,946,0,119
737,1217,948,0,90
738,1215,953,0,98
739,1218,958,0,94
740,1220,957,0,99
741,1226,958,0,99
742,1230,957,0,104
746,1231,968,0,63
747,1231,977,0,55
748,1228,980,0,61
749,1226,982,0,59
750,1221,984,0,49
751,1212,994,0,44
752,1208,997,0,25
753,1203,998,0,16
754,1197,1004,0,28
755,1192,1004,0,16
756,1187,1003,0,12
757,1179,1006,0,13
758,1174,1006,0,19
759,1172,1009,0,43
760,1170,1015,0,47
761,1167,1018,0,54
762,1166,1020,0,53
763,1166,1022,0,50
764,1159,1026,0,58
765,1160,1035,0,47
766,1150,1033,0,51
767,1149,1033,0,57
768,1144,1036,0,63
769,1144,1044,0,56
770,1142,1047,0,58
771,1138,1050,0,61
772,1133,1050,0,55
773,1130,1052,0,49
774,1129,1055,0,50
775,1124,1060,0,39
776,1123,1062,0,40
777,1120,1063,0,38
778,1116,1064,0,39
779,1113,1063,0,29
780,1109,1069,0,20
781,1103,1070,0,15
782,1102,1074,0,13
783,1101,1076,0,14
784,1099,1076,0,15
785,1097,1076,0,13
786,1096,1076,0,14
787,1095,1076,0,15
788,1094,1077,0,17
789,1093,1077,0,17
790,1093,1077,0,15
791,1092,1077,0,14
792,1091,1077,0,12
793,1091,1077,0,13
794,1091,1078,0,13
795,1091,1078,0,15
796,1090,1078,0,11
797,1088,1077,0,8
798,1088,1077,0,9
799,1087,1077,0,11
800,1086,1078,0,13
801,1084,1080,0,21
802,1082,1080,0,18
803,1081,1081,0,17
804,1080,1081,0,15
805,1080,1081,0,14
806,1079,1086,0,14
807,1076,1091,0,11
808,1073,1090,0,12
809,1072,1090,0,8
810,1071,1090,0,8
811,1069,1089,0,11
812,1068,1089,0,8
813,1067,1088,0,8
814,1066,1088,0,11
815,1066,1089,0,15
816,1067,1088,0,14
817,1067,1087,0,14
818,1067,1087,0,17
819,1068,1087,0,17
820,1069,1087,0,13
821,1068,1087,0,8
822,1068,1088,0,6
823,1069,1087,0,4
824,1066,1085,0,4
825,1066,1086,0,5
826,1063,1086,0,6
827,1060,1087,0,11
828,1060,1089,0,13
829,1059,1090,0,12
830,1059,1091,0,15
831,1059,1091,0,15
832,1059,1091,0,11
833,1060,1092,0,11
834,1058,1091,0,11
835,1057,1090,0,8
836,1056,1089,0,7
837,1055,1089,0,7
838,1054,1088,0,7
839,1053,1088,0,8
840,1051,1087,0,8
841,1051,1087,0,9
842,1050,1086,0,7
843,1050,1087,0,7
844,1050,1087,0,7
845,1048,1087,0,7
846,1047,1089,0,12
847,1047,1090,0,12
848,1047,1090,0,10
849,1046,1089,0,8
850,1046,1089,0,6
851,1046,1088,0,7
852,1045,1088,0,6
853,1045,1088,0,7
854,1045,1089,0,5
855,1044,1090,0,5
856,1043,1090,0,5
857,1041,1091,0,9
858,1040,1093,0,10
859,1042,1091,0,9
860,1043,1091,0,10
861,1043,1090,0,9
862,1043,1090,0,8
863,1043,1090,0,6
864,1043,1090,0,9
865,1044,1090,0,11
866,1044,1091,0,11
867,1044,1091,0,12
868,1045,1091,0,12
869,1045,1091,0,9
870,1047,1091,0,8
871,1048,1090,0,8
872,1047,1090,0,6
873,1047,1090,0,6
874,1046,1089,0,4
875,1047,1090,0,6
876,1047,1091,0,7
877,1046,1091,0,10
878,1047,1091,0,10
879,1048,1091,0,11
880,1050,1091,0,13
881,1051,1091,0,14
882,1052,1090,0,16
883,1054,1090,0,16
884,1053,1090,0,16
885,1053,1089,0,11
886,1053,1089,0,10
887,1052,1088,0,11
888,1052,1090,0,13
889,1052,1092,0,19
890,1047,1093,0,23
891,1042,1092,0,24
892,1035,1092,0,21
893,1032,1093,0,17
894,1032,1094,0,13
895,1029,1096,0,15
896,1027,1096,0,10
897,1025,1096,0,3
898,1027,1095,0,5
899,1027,1097,0,8
900,1025,1098,0,9
901,1023,1098,0,15
902,1021,1099,0,19
903,1019,1100,0,19
904,1015,1103,0,28
905,1015,1103,0,25
906,1015,1104,0,23
907,1012,1103,0,17
908,1009,1103,0,14
909,1007,1102,0,13
910,1007,1102,0,12
911,1011,1103,0,14
912,1008,1102,0,16
913,1007,1102,0,21
914,1006,1102,0,22
915,1003,1103,0,18
916,1003,1103,0,11
917,1008,1101,0,11
918,1005,1100,0,7
919,998,1097,0,3
920,995,1097,0,7
921,992,1100,0,7
922,991,1101,0,5
923,990,1102,0,1
924,988,1101,0,0
925,987,1100,0,358
926,984,1100,0,351
927,982,1100,0,348
928,981,1101,0,348
929,984,1099,0,351
930,984,1099,0,355
931,984,1100,0,355
932,987,1100,0,355
933,988,1101,0,359
934,990,1102,0,1
935,990,1100,0,3
936,990,1101,0,1
937,993,1103,0,357
938,993,1103,0,1
939,993,1104,0,2
940,994,1103,0,1
941,993,1103,0,1
942,993,1102,0,4
943,993,1103,0,5
944,993,1103,0,6
945,994,1103,0,4
946,994,1103,0,6
947,994,1106,0,9
948,995,1108,0,9
949,994,1108,0,7
950,994,1109,0,4
951,992,1109,0,5
952,991,1110,0,6
953,992,1109,0,8
954,993,1109,0,11
955,995,1107,0,9
956,994,1105,0,10
957,994,1104,0,8
958,994,1106,0,9
959,993,1103,0,11
960,993,1103,0,10
961,994,1104,0,10
962,994,1104,0,10
963,994,1103,0,12
964,993,1102,0,11
965,992,1100,0,6
966,992,1099,0,10
967,992,1099,0,14
968,991,1099,0,17
969,991,1099,0,17
970,991,1099,0,16
971,992,1097,0,16
972,990,1097,0,19
973,990,1097,0,11
974,988,1096,0,8
975,987,1095,0,6
976,984,1094,0,1
977,982,1093,0,358
978,980,1095,0,359
979,976,1095,0,355
980,970,1093,0,350
981,967,1089,0,354
982,965,1089,0,351
983,963,1090,0,350
984,967,1079,0,344
985,964,1086,0,350
986,954,1091,0,351
987,947,1091,0,351
988,948,1091,0,347
989,948,1091,0,350
990,946,1092,0,355
991,946,1093,0,356
992,945,1093,0,359
993,941,1093,0,4
994,938,1092,0,7
995,937,1091,0,6
996,934,1092,0,3
997,931,1092,0,3
998,928,1092,0,1
999,922,1095,0,348
1000,920,1096,0,352
1001,916,1094,0,349
1002,912,1093,0,350
1003,913,1092,0,344
1004,913,1092,0,341
1005,913,1090,0,353
1006,910,1091,0,0
1007,901,1092,0,12
1008,895,1095,0,15
1009,892,1098,0,10
1010,886,1098,0,13
1011,884,1099,0,15
1012,884,1099,0,17
1013,882,1098,0,20
1014,883,1098,0,19
1015,883,1097,0,25
1016,886,1098,0,19
1017,886,1098,0,17
1018,886,1099,0,19
1019,886,1097,0,19
1020,886,1096,0,22
1021,886,1092,0,21
1022,883,1093,0,22
1023,888,1092,0,19
1024,890,1091,0,23
1025,891,1090,0,22
1026,891,1088,0,16
1027,891,1089,0,9
1028,890,1087,0,4
1029,891,1088,0,7
1030,891,1088,0,4
1031,891,1085,0,358
1032,891,1083,0,353
1033,891,1082,0,351
1034,890,1081,0,349
1035,889,1081,0,348
1036,889,1080,0,348
1037,888,1080,0,351
1038,888,1082,0,352
1039,892,1086,0,3
1040,891,1088,0,9
1041,888,1092,0,17
1042,886,1095,0,18
1043,884,1098,0,19
1044,882,1100,0,24
1045,878,1102,0,25
1046,877,1102,0,31
1047,877,1102,0,33
1048,876,1102,0,36
1049,877,1101,0,31
1050,876,1100,0,26
1051,875,1100,0,22
1052,874,1100,0,22
1053,874,1100,0,21
1054,872,1100,0,21
1055,872,1100,0,21
1056,872,1100,0,22
1057,871,1101,0,20
1058,869,1100,0,20
1059,868,1101,0,17
1060,865,1101,0,17
1061,863,1102,0,17
1062,860,1102,0,14
1063,860,1103,0,18
1064,858,1104,0,22
1065,860,1103,0,23
1066,862,1105,0,32
1067,863,1106,0,32
1068,868,1107,0,37
1069,869,1108,0,45
1070,872,1113,0,53
1071,870,1112,0,55
1072,865,1114,0,46
1073,861,1115,0,45
1074,858,1117,0,46
1075,855,1118,0,49
1076,853,1119,0,56
1077,852,1118,0,59
1078,850,1122,0,67
1079,847,1126,0,64
1080,846,1127,0,68
1081,844,1128,0,72
1082,843,1129,0,66
1083,845,1128,0,59
1084,844,1129,0,64
1085,845,1133,0,60
1086,840,1135,0,65
1087,837,1137,0,60
1088,838,1140,0,65
1089,834,1145,0,66
1090,831,1147,0,59
1091,829,1150,0,57
1092,829,1148,0,51
1093,827,1149,0,44
1094,824,1149,0,36
1095,820,1148,0,34
1096,815,1147,0,34
1097,814,1147,0,36
1098,814,1148,0,45
1099,815,1154,0,53
1100,817,1156,0,51
1101,816,1154,0,51
1102,817,1155,0,52
1103,815,1155,0,51
1104,813,1153,0,53
1105,813,1153,0,52
1106,811,1150,0,45
1107,809,1150,0,45
1108,804,1152,0,53
1109,798,1156,0,58
1110,795,1161,0,64
1111,794,1163,0,65
1112,794,1164,0,65
1113,798,1170,0,55
1114,795,1172,0,62
1115,796,1180,0,65
1116,793,1187,0,69
1117,791,1189,0,74
1118,788,1192,0,78
1119,787,1197,0,79
1120,787,1198,0,86
1121,788,1200,0,77
1122,789,1201,0,75
1123,789,1204,0,82
1124,786,1204,0,80
1125,787,1206,0,83
1126,787,1206,0,86
1127,789,1205,0,85
1128,787,1206,0,85
1129,785,1205,0,81
1130,785,1206,0,80
1131,788,1208,0,82
1132,791,1209,0,84
1133,793,1208,0,81
1134,793,1208,0,75
1135,793,1209,0,76
1136,794,1209,0,79
1137,795,1207,0,82
1138,795,1204,0,83
1139,794,1202,0,91
1140,798,1201,0,106
1141,797,1199,0,116
1142,799,1200,0,128
1143,796,1203,0,128
1144,797,1203,0,129
1145,797,1203,0,122
1146,797,1205,0,117
1147,799,1209,0,115
1148,799,1210,0,115
1149,799,1212,0,116
1150,800,1215,0,118
1151,805,1215,0,123
1152,809,1217,0,125
1153,821,1222,0,122
1154,820,1223,0,129
1155,819,1226,0,140
1156,818,1227,0,144
1157,819,1228,0,145
1158,819,1229,0,145
1159,819,1229,0,146
1160,819,1229,0,147
1161,818,1229,0,147
1162,815,1227,0,147
1163,814,1230,0,139
1164,821,1238,0,137
1165,824,1241,0,142
1166,822,1245,0,160
1167,822,1250,0,171
1168,831,1256,0,152
1169,831,1259,0,141
1170,830,1259,0,138
1171,830,1258,0,134
1172,832,1262,0,124
1173,827,1262,0,144
1174,835,1271,0,106
1175,837,1273,0,93
1176,838,1274,0,87
1177,838,1274,0,85
1178,839,1274,0,91
1179,839,1278,0,95
1180,839,1280,0,90
1181,836,1282,0,88
1182,838,1282,0,90
1183,839,1279,0,86
1184,837,1277,0,92
1185,840,1283,0,95
1186,843,1288,0,93
1187,843,1292,0,86
1188,846,1294,0,93
1189,847,1294,0,85
1190,851,1295,0,87
1191,853,1296,0,93
1192,855,1295,0,98
1193,855,1297,0,99
1194,863,1299,0,109
1195,862,1302,0,102
1196,860,1305,0,99
1197,857,1303,0,98
1198,855,1303,0,99
1199,856,1301,0,98
1200,860,1301,0,100
1201,863,1300,0,96
1202,866,1297,0,94
1203,866,1296,0,95
1204,864,1297,0,98
1205,865,1298,0,111
1206,869,1298,0,113
1207,869,1300,0,103
1208,869,1300,0,101
1209,870,1297,0,98
1210,867,1295,0,92
1211,864,1294,0,89
1212,864,1293,0,95
1213,862,1292,0,89
1214,862,1289,0,84
1215,863,1284,0,76
1216,861,1283,0,64
1217,861,1282,0,56
1218,869,1284,0,44
1219,864,1284,0,49
1220,861,1285,0,54
1221,855,1288,0,67
1222,850,1291,0,76
1223,846,1297,0,73
1224,840,1305,0,79
1225,839,1304,0,65
1226,836,1304,0,68
1227,833,1307,0,69
1228,833,1309,0,70
1229,835,1312,0,61
1230,829,1311,0,53
1231,825,1311,0,59
1232,823,1312,0,57
1233,822,1314,0,54
1234,818,1317,0,51
1235,814,1318,0,52
1236,811,1320,0,46
1237,809,1322,0,42
1238,807,1323,0,40
1239,805,1322,0,34
1240,806,1322,0,35
1241,803,1324,0,35
1242,800,1329,0,29
1243,796,1329,0,24
1244,791,1329,0,22
1245,785,1330,0,17
1246,781,1331,0,14
1247,779,1330,0,15
1248,774,1330,0,13
1249,770,1329,0,18
1250,765,1332,0,12
1251,763,1333,0,11
1252,758,1333,0,20
1253,755,1336,0,27
1254,753,1338,0,33
1255,746,1338,0,40
1256,746,1338,0,45
1257,747,1338,0,46
1258,747,1339,0,42
1259,746,1339,0,43
1260,751,1341,0,41
1261,751,1341,0,46
1262,751,1340,0,40
1263,750,1339,0,45
1264,752,1344,0,49
1265,754,1345,0,47
1266,751,1343,0,46
1267,749,1344,0,42
1268,749,1339,0,34
1269,745,1346,0,31
1270,739,1351,0,25
1271,736,1355,0,27
1272,730,1357,0,23
1273,730,1346,0,4
1274,725,1342,0,9
1275,723,1345,0,8
1276,723,1345,0,6
1277,725,1346,0,6
1278,726,1349,0,4
1279,727,1351,0,6
1280,725,1356,0,17
1281,723,1361,0,21
1282,719,1362,0,24
1283,717,1362,0,19
1284,709,1364,0,16
1285,702,1366,0,14
1286,699,1368,0,16
1287,696,1369,0,9
1288,694,1367,0,7
1289,690,1363,0,3
1290,687,1360,0,355
1291,685,1361,0,1
1292,684,1363,0,0
1293,685,1363,0,6
1294,687,1363,0,11
1295,688,1366,0,7
1296,690,1371,0,6
1297,688,1371,0,5
1298,691,1371,0,5
1299,692,1371,0,8
1300,697,1373,0,11
1301,696,1374,0,17
1302,696,1373,0,14
1303,697,1372,0,15
1304,698,1372,0,22
1305,699,1370,0,23
1306,698,1369,0,25
1307,698,1369,0,26
1308,698,1371,0,23
1309,699,1372,0,26
1310,697,1369,0,36
1311,697,1369,0,37
1312,696,1369,0,40
1313,692,1372,0,31
1314,687,1374,0,29
1315,685,1374,0,35
1316,684,1375,0,34
1317,683,1374,0,37
1318,682,1375,0,37
1319,684,1375,0,41
1320,685,1375,0,39
1321,684,1376,0,38
1322,682,1379,0,34
1323,681,1380,0,28
1324,679,1382,0,29
1325,677,1382,0,38
1326,673,1383,0,39
1327,671,1386,0,41
1328,672,1387,0,37
1329,666,1392,0,45
1330,666,1394,0,44
1331,665,1394,0,37
1332,662,1398,0,37
1333,654,1399,0,37
1334,649,1401,0,46
1335,644,1403,0,47
1336,640,1409,0,51
1337,641,1414,0,56
1338,639,1420,0,60
1339,637,1421,0,66
1340,637,1421,0,67
1341,639,1423,0,72
1342,642,1426,0,87
1343,646,1430,0,90
1344,649,1429,0,90
1345,652,1433,0,97
1346,650,1437,0,92
1347,651,1442,0,87
1348,652,1442,0,87
1349,651,1446,0,96
1350,653,1450,0,101
1351,651,1453,0,105
1352,654,1461,0,108
1353,656,1464,0,111
1354,656,1466,0,113
1355,655,1467,0,117
1356,655,1468,0,115
1357,653,1469,0,110
1358,656,1475,0,105
1359,660,1481,0,104
1360,663,1489,0,116
1361,666,1498,0,108
1362,666,1503,0,92
1363,668,1506,0,93
1364,668,1510,0,93
1365,667,1515,0,87
1366,667,1520,0,82
1367,666,1522,0,81
1368,666,1524,0,82
1369,663,1526,0,78
1370,660,1530,0,74
1371,659,1532,0,76
1372,659,1535,0,70
1373,657,1536,0,69
1374,657,1536,0,65
1375,655,1539,0,62
1376,653,1538,0,57
1377,650,1536,0,53
1378,649,1538,0,52
1379,647,1542,0,54
1380,645,1542,0,55
1381,645,1542,0,54
1382,643,1542,0,54
1383,643,1545,0,55
1384,642,1546,0,56
1385,640,1545,0,56
1386,640,1547,0,55
1387,639,1550,0,58
1388,637,1550,0,50
1389,636,1552,0,49
1390,638,1552,0,55
1391,635,1554,0,60
1392,634,1556,0,55
1393,633,1556,0,56
1394,631,1557,0,56
1395,629,1558,0,57
1396,628,1558,0,59
1397,628,1559,0,60
1398,630,1559,0,55
1399,631,1558,0,55
1400,631,1558,0,56
1401,634,1554,0,56
1402,634,1553,0,62
1403,634,1552,0,63
1404,633,1553,0,67
1405,635,1554,0,71
1406,639,1556,0,79
1407,642,1562,0,83
1408,642,1562,0,82
1409,644,1565,0,86
1410,647,1569,0,98
1411,646,1571,0,97
1412,645,1576,0,102
1413,646,1579,0,109
1414,649,1580,0,115
1415,659,1582,0,114
1416,661,1582,0,120
1417,661,1582,0,118
1418,664,1584,0,122
1419,661,1584,0,113
1420,661,1584,0,109
1421,661,1584,0,116
1422,658,1583,0,121
1423,661,1589,0,112
1424,664,1593,0,105
1425,665,1596,0,108
1426,664,1602,0,110
1427,668,1603,0,103
1428,671,1603,0,96
1429,672,1603,0,97
1430,671,1606,0,95
1431,672,1610,0,88
1432,673,1616,0,85
1433,672,1619,0,78
1434,667,1626,0,81
1435,667,1630,0,81
1436,666,1635,0,79
1437,667,1636,0,84
1438,671,1637,0,84
1439,671,1637,0,85
1440,671,1637,0,88
1441,671,1638,0,84
1442,667,1642,0,78
1443,666,1645,0,74
1444,665,1645,0,72
1445,666,1642,0,70
1446,667,1637,0,61
1447,670,1632,0,50
1448,666,1632,0,40
1449,666,1632,0,39
1450,664,1633,0,37
1451,663,1632,0,32
1452,660,1631,0,28
1453,654,1632,0,23
1454,652,1633,0,22
1455,650,1634,0,19
1456,650,1635,0,18
1457,649,1635,0,15
1458,647,1635,0,14
1459,647,1638,0,12
1460,645,1639,0,12
1461,640,1635,0,16
1462,639,1634,0,21
1463,636,1636,0,32
1464,635,1637,0,38
1465,634,1639,0,42
1466,633,1640,0,44
1467,634,1641,0,48
1468,638,1640,0,50
1469,638,1639,0,48
1470,638,1638,0,49
1471,640,1638,0,54
1472,642,1633,0,52
1473,644,1631,0,48
1474,645,1631,0,51
1475,646,1631,0,49
1476,646,1632,0,45
1477,647,1630,0,42
1478,647,1628,0,39
1479,648,1628,0,35
1480,648,1628,0,32
1481,647,1629,0,32
1482,646,1629,0,33
1483,645,1629,0,31
1484,644,1630,0,30
1485,644,1630,0,28
1486,640,1630,0,30
1487,639,1630,0,29
1488,639,1630,0,29
1489,639,1630,0,29
1490,639,1631,0,28
1491,639,1630,0,29
1492,638,1630,0,31
1493,638,1630,0,31
1494,638,1631,0,31
1495,638,1633,0,35
1496,638,1633,0,34
1497,637,1633,0,32
1498,637,1632,0,28
1499,635,1632,0,28
1500,634,1631,0,24
1501,633,1631,0,23
1502,632,1631,0,22
1503,632,1631,0,22
1504,633,1630,0,20
1505,633,1629,0,19
1506,632,1628,0,18
1507,633,1628,0,15
1508,633,1629,0,17
1509,633,1629,0,20
1510,633,1629,0,20
1511,633,1629,0,19
1512,634,1629,0,19
1513,634,1628,0,18
1514,632,1629,0,20
1515,632,1630,0,21
1516,631,1630,0,19
1517,631,1630,0,18
1518,631,1630,0,17
1519,631,1630,0,19
1520,632,1630,0,19
1521,634,1629,0,23
1522,640,1630,0,28
1523,639,1632,0,38
1524,642,1635,0,45
1525,641,1638,0,50
1526,642,1640,0,54
1527,642,1640,0,52
1528,641,1641,0,52
1529,641,1641,0,51
1530,641,1641,0,48
1531,640,1640,0,45
1532,640,1639,0,42
1533,641,1638,0,36
1534,644,1635,0,28
1535,646,1632,0,22
1536,649,1629,0,14
1537,645,1630,0,9
1538,643,1630,0,5
1539,642,1629,0,2
1540,641,1630,0,1
1541,640,1630,0,358
1542,640,1630,0,1
1543,639,1630,0,0
1544,639,1630,0,359
1545,638,1630,0,358
1546,638,1630,0,356
1547,638,1630,0,352
1548,639,1629,0,355
1549,640,1630,0,351
1550,639,1631,0,349
1551,637,1631,0,351
1552,635,1630,0,353
1553,632,1630,0,358
1554,627,1630,0,2
1555,626,1631,0,7
1556,622,1628,0,17
1557,619,1630,0,17
1558,616,1631,0,19
1559,613,1630,0,15
1560,611,1632,0,18
1561,606,1633,0,17
1562,604,1636,0,10
1563,595,1633,0,10
1564,593,1633,0,14
1565,597,1637,0,17
1566,600,1641,0,21
1567,601,1650,0,30
1568,600,1646,0,27
1569,587,1643,0,25
1570,579,1646,0,23
1571,572,1648,0,26
1572,566,1651,0,25
1573,560,1650,0,24
1574,556,1651,0,29
1575,553,1651,0,30
1576,549,1649,0,22
1577,546,1651,0,27
1578,542,1651,0,30
1579,540,1652,0,25
1580,539,1653,0,24
1581,540,1654,0,26
1582,540,1654,0,26
1583,540,1655,0,27
1584,539,1656,0,32
1585,537,1657,0,31
1586,539,1657,0,32
1587,540,1656,0,39
1588,539,1656,0,42
1589,537,1658,0,43
1590,536,1658,0,43
1591,535,1659,0,43
1592,533,1660,0,43
1593,532,1660,0,49
1594,528,1662,0,52
1595,528,1664,0,53
1596,530,1663,0,52
1597,529,1662,0,52
1598,529,1664,0,56
1599,530,1665,0,61
1600,530,1666,0,55
1601,528,1667,0,59
1602,530,1665,0,60
1603,528,1668,0,61
1604,528,1669,0,57
1605,527,1670,0,53
1606,524,1668,0,60
1607,522,1669,0,64
1608,522,1671,0,61
1609,519,1672,0,61
1610,519,1670,0,63
1611,520,1673,0,63
1612,519,1676,0,64
1613,519,1679,0,60
1614,519,1679,0,58
1615,516,1678,0,53
1616,515,1680,0,53
1617,513,1683,0,56
1618,512,1685,0,54
1619,511,1685,0,55
1620,511,1687,0,53
1621,509,1690,0,55
1622,506,1692,0,49
1623,503,1691,0,47
1624,502,1690,0,45
1625,501,1691,0,45
1626,503,1692,0,45
1627,504,1693,0,43
1628,503,1693,0,43
1629,502,1693,0,43
1630,502,1693,0,44
1631,503,1695,0,44
1632,503,1694,0,43
1633,503,1695,0,46
1634,504,1695,0,49
1635,505,1693,0,46
1636,506,1691,0,46
1637,509,1690,0,44
1638,511,1691,0,39
1639,512,1692,0,36
1640,512,1692,0,35
1641,513,1692,0,36
1642,515,1694,0,30
1643,515,1694,0,30
1644,516,1694,0,29
1645,515,1693,0,29
1646,514,1692,0,33
1647,513,1693,0,34
1648,511,1694,0,28
1649,509,1695,0,24
1650,505,1694,0,25
1651,501,1697,0,19
1652,503,1699,0,14
1653,505,1697,0,18
1654,505,1698,0,10
1655,504,1697,0,7
1656,503,1699,0,8
1657,500,1700,0,12
1658,496,1700,0,7
1659,494,1700,0,7
1660,492,1697,0,3
1661,488,1699,0,4
1662,485,1702,0,14
1663,479,1704,0,13
1664,475,1705,0,8
1665,474,1705,0,11
1666,474,1708,0,357
1667,474,1704,0,358
1668,473,1704,0,1
1669,471,1704,0,3
1670,469,1707,0,6
1671,468,1708,0,6
1672,468,1710,0,2
1673,468,1713,0,1
1674,464,1713,0,359
1675,459,1713,0,0
1676,457,1712,0,355
1677,453,1713,0,351
1678,451,1713,0,351
1679,446,1712,0,345
1680,446,1710,0,343
1681,441,1709,0,341
1682,438,1710,0,343
1683,448,1724,0,358
1684,450,1726,0,1
1685,446,1715,0,334
1686,445,1713,0,333
1687,444,1710,0,336
1688,441,1709,0,338
1689,441,1707,0,338
1690,441,1708,0,337
1691,440,1708,0,337
1692,438,1708,0,342
1693,438,1709,0,344
1694,437,1711,0,347
1695,433,1714,0,355
1696,430,1716,0,5
1697,433,1714,0,7
1698,430,1711,0,17
1699,427,1714,0,23
1700,426,1714,0,31
1701,422,1713,0,29
1702,421,1718,0,36
1703,416,1721,0,40
1704,412,1722,0,34
1705,412,1724,0,34
1706,410,1726,0,37
1707,411,1727,0,40
1708,409,1728,0,39
1709,406,1730,0,40
1710,405,1732,0,40
1711,403,1731,0,43
1712,404,1735,0,39
1713,403,1736,0,37
1714,403,1739,0,36
1715,403,1737,0,35
1716,402,1736,0,46
1717,403,1734,0,42
1718,404,1732,0,38
1719,402,1729,0,44
1720,400,1729,0,46
1721,398,1732,0,50
1722,394,1738,0,58
1723,396,1741,0,63
1724,395,1742,0,63
1725,392,1747,0,67
1726,390,1753,0,58
1727,389,1756,0,54
1728,388,1764,0,50
1729,384,1765,0,45
1730,381,1765,0,46
1731,379,1766,0,45
1732,379,1766,0,42
1733,378,1766,0,44
1734,375,1767,0,46
1735,374,1768,0,46
1736,373,1769,0,43
1737,372,1771,0,40
1738,370,1774,0,37
1739,370,1774,0,40
1740,371,1774,0,37
1741,371,1774,0,34
1742,371,1775,0,38
1743,371,1775,0,36
1744,371,1776,0,34
1745,371,1775,0,35
1746,371,1775,0,35
1747,372,1774,0,33
1748,373,1773,0,33
1749,380,1768,0,34
1750,380,1767,0,36
1751,381,1769,0,42
1752,380,1769,0,43
1753,384,1770,0,49
1754,384,1772,0,54
1755,385,1775,0,57
1756,386,1777,0,59
1757,389,1776,0,59
1758,388,1776,0,63
1759,394,1776,0,64
1760,394,1776,0,63
1761,394,1778,0,62
1762,395,1782,0,64
1763,399,1787,0,67
1764,401,1786,0,72
1765,400,1785,0,76
1766,399,1785,0,80
1767,399,1786,0,79
1768,400,1787,0,86
1769,400,1788,0,78
1770,402,1789,0,85
1771,404,1787,0,83
1772,407,1786,0,95
1773,410,1789,0,103
1774,413,1790,0,113
1775,414,1789,0,123
1776,422,1789,0,138
1777,431,1789,0,138
1778,436,1790,0,138
1779,439,1794,0,135
1780,441,1795,0,131
1781,446,1797,0,139
1782,449,1799,0,139
1783,451,1799,0,141
1784,452,1801,0,140
1785,457,1804,0,145
1786,459,1806,0,139
1787,464,1804,0,136
1788,470,1801,0,126
1789,473,1806,0,114
1790,475,1809,0,101
1791,475,1811,0,95
1792,477,1810,0,93
1793,477,1811,0,94
1794,476,1812,0,91
1795,474,1813,0,91
1796,473,1814,0,91
1797,473,1813,0,91
1798,473,1812,0,92
1799,473,1813,0,93
1800,473,1814,0,94
1801,473,1814,0,95
1802,472,1815,0,101
1803,474,1812,0,111
1804,475,1811,0,115
1805,478,1810,0,117
1806,483,1809,0,121
1807,484,1810,0,128
1808,485,1811,0,130
1809,485,1811,0,126
1810,487,1808,0,123
1811,490,1806,0,130
1812,491,1805,0,128
1813,493,1805,0,123
1814,493,1805,0,132
1815,493,1805,0,134
1816,493,1804,0,135
1817,494,1803,0,138
1818,494,1803,0,138
1819,495,1803,0,136
1820,494,1804,0,126
1821,495,1804,0,109
1822,495,1804,0,115
1823,503,1802,0,98
1824,503,1803,0,109
1825,507,1806,0,130
1826,511,1806,0,135
1827,513,1808,0,143
1828,515,1808,0,142
1829,515,1809,0,143
1830,516,1811,0,141
1831,515,1813,0,147
1832,518,1813,0,140
1833,519,1815,0,142
1834,519,1816,0,142
1835,520,1815,0,149
1836,522,1815,0,157
1837,530,1814,0,164
1838,532,1814,0,167
1839,533,1814,0,166
1840,534,1814,0,170
1841,539,1815,0,170
1842,543,1816,0,178
1843,545,1815,0,178
1844,544,1815,0,180
1845,544,1816,0,181
1846,544,1816,0,180
1847,541,1817,0,184
1848,540,1817,0,188
1849,542,1813,0,196
1850,546,1811,0,205
1851,552,1808,0,211
1852,557,1806,0,212
1853,560,1802,0,212
1854,565,1799,0,213
1855,568,1800,0,216
1856,568,1798,0,218
1857,567,1800,0,217
1858,568,1800,0,218
1859,569,1800,0,217
1860,570,1800,0,219
1861,568,1800,0,216
1862,568,1798,0,218
1863,570,1794,0,219
1864,568,1794,0,218
1865,567,1795,0,216
1866,566,1796,0,214
1867,567,1796,0,212
1868,567,1796,0,211
1869,567,1796,0,210
1870,567,1796,0,211
1871,566,1797,0,211
1872,565,1797,0,214
1873,565,1798,0,216
1874,564,1799,0,220
1875,564,1800,0,219
1876,564,1801,0,218
1877,563,1803,0,221
1878,559,1804,0,230
1879,556,1804,0,241
1880,555,1804,0,241
1881,554,1802,0,244
1882,552,1801,0,250
1883,549,1799,0,263
1884,545,1793,0,273
1885,543,1788,0,273
1886,541,1786,0,274
1887,540,1784,0,278
1888,538,1780,0,280
1889,538,1778,0,278
1890,539,1777,0,273
1891,541,1777,0,269
1892,542,1776,0,269
1893,543,1775,0,278
1894,542,1775,0,282
1895,540,1773,0,280
1896,539,1770,0,279
1897,538,1769,0,280
1898,538,1771,0,286
1899,537,1772,0,287
1900,535,1774,0,289
1901,535,1774,0,288
1902,536,1774,0,288
1903,535,1772,0,287
1904,534,1770,0,287
1905,530,1767,0,278
1906,528,1760,0,277
1907,529,1760,0,283
1908,528,1762,0,292
1909,529,1769,0,293
1910,525,1769,0,282
1911,528,1769,0,275
1912,528,1765,0,273
1913,528,1765,0,279
1914,524,1762,0,280
1915,524,1760,0,275
1916,524,1757,0,273
1917,528,1757,0,269
1918,528,1756,0,268
1919,526,1754,0,265
1920,526,1753,0,265
1921,524,1753,0,267
1922,522,1753,0,272
1923,523,1753,0,271
1924,524,1754,0,265
1925,527,1753,0,261
1926,525,1751,0,265
1927,523,1749,0,266
1928,524,1752,0,265
1929,524,1752,0,266
1930,525,1754,0,268
1931,526,1756,0,270
1932,522,1756,0,267
1933,521,1756,0,260
1934,522,1756,0,258
1935,526,1753,0,257
1936,528,1749,0,254
1937,529,1751,0,250
1938,528,1751,0,251
1939,530,1753,0,249
1940,530,1755,0,246
1941,531,1758,0,243
1942,532,1758,0,242
1943,532,1758,0,240
1944,534,1759,0,241
1945,536,1760,0,240
1946,537,1760,0,240
1947,539,1761,0,236
1948,538,1760,0,233
1949,537,1761,0,230
1950,537,1760,0,229
1951,537,1761,0,227
1952,537,1761,0,223
1953,537,1761,0,224
1954,538,1761,0,223
1955,537,1761,0,224
1956,537,1761,0,219
1957,536,1760,0,220
1958,536,1760,0,221
1959,538,1759,0,216
1960,540,1757,0,216
1961,544,1754,0,210
1962,547,1753,0,213
1963,547,1751,0,212
1964,548,1751,0,210
1965,551,1751,0,209
1966,559,1752,0,200
1967,562,1749,0,198
1968,561,1750,0,196
1969,562,1749,0,194
1970,563,1748,0,197
1971,564,1749,0,199
1972,564,1749,0,200
1973,567,1746,0,203
1974,567,1744,0,212
1975,565,1739,0,217
1976,567,1737,0,217
1977,567,1734,0,225
1978,568,1736,0,223
1979,566,1734,0,222
1980,567,1734,0,225
1981,566,1732,0,221
1982,565,1732,0,218
1983,566,1734,0,218
1984,569,1736,0,219
1985,570,1739,0,223
1986,567,1738,0,217
1987,566,1740,0,218
1988,563,1743,0,217
1989,560,1745,0,222
1990,558,1745,0,224
1991,556,1744,0,228
1992,556,1743,0,228
1993,557,1743,0,231
1994,556,1743,0,230
1995,554,1743,0,229
1996,553,1744,0,230
1997,552,1743,0,233
1998,550,1740,0,235
1999,546,1736,0,233
2000,543,1732,0,230
2001,543,1731,0,236
2002,542,1729,0,241
2003,545,1731,0,241
2004,545,1731,0,244
2005,543,1730,0,245
2006,542,1731,0,251
2007,541,1732,0,258
2008,540,1738,0,271
2009,538,1739,0,278
2010,537,1741,0,300
2011,537,1741,0,307
2012,536,1741,0,309
2013,534,1741,0,309
2014,534,1739,0,310
2015,532,1735,0,318
2016,531,1730,0,320
2017,530,1729,0,323
2018,524,1728,0,328
2019,523,1723,0,329
2020,523,1722,0,344
2021,518,1720,0,341
2022,513,1719,0,350
2023,508,1716,0,354
2024,506,1718,0,358
2025,505,1718,0,3
2026,504,1719,0,3
2027,502,1720,0,6
2028,502,1717,0,12
2029,499,1718,0,20
2030,496,1719,0,20
2031,494,1718,0,21
2032,494,1718,0,19
2033,490,1716,0,29
2034,493,1722,0,23
2035,490,1722,0,26
2036,489,1719,0,30
2037,490,1717,0,32
2038,489,1717,0,41
2039,490,1718,0,46
2040,487,1718,0,50
2041,486,1722,0,51
2042,480,1721,0,54
2043,480,1723,0,58
2044,475,1725,0,63
2045,478,1728,0,54
2046,477,1727,0,60
2047,476,1727,0,55
2048,476,1728,0,59
2049,474,1729,0,63
2050,474,1732,0,67
2051,473,1738,0,71
2052,468,1740,0,72
2053,468,1743,0,80
2054,468,1745,0,79
2055,466,1747,0,79
2056,466,1747,0,78
2058,472,1756,0,62
2059,468,1758,0,66
2060,462,1759,0,71
2061,461,1753,0,67
2062,456,1762,0,62
2063,454,1768,0,59
2064,453,1771,0,56
2065,452,1770,0,60
2066,450,1772,0,62
2067,450,1774,0,59
2068,451,1776,0,54
2069,451,1775,0,54
2070,451,1773,0,49
2071,452,1773,0,45
2072,451,1773,0,43
2073,451,1773,0,38
2074,451,1774,0,37
2075,448,1774,0,43
2076,445,1778,0,47
2077,445,1779,0,50
2078,441,1779,0,47
2079,436,1782,0,40
2080,440,1778,0,40
2081,440,1778,0,39
2082,440,1778,0,42
2083,440,1777,0,48
2084,440,1778,0,58
2085,439,1781,0,69
2086,441,1789,0,71
2087,440,1793,0,66
2088,436,1795,0,63
2089,433,1799,0,58
2090,433,1802,0,51
2091,432,1803,0,47
2092,428,1804,0,51
2093,429,1807,0,39
2094,425,1810,0,33
2095,426,1814,0,28
2096,425,1816,0,33
2097,425,1818,0,28
2098,425,1819,0,23
2099,422,1819,0,20
2100,422,1817,0,21
2101,422,1816,0,22
2102,422,1815,0,18
2103,421,1814,0,20
2104,421,1813,0,19
2105,420,1812,0,19
2106,419,1811,0,17
2107,419,1811,0,16
2108,417,1812,0,18
2109,419,1812,0,16
2110,421,1811,0,15
2111,422,1812,0,17
2112,424,1811,0,20
2113,427,1809,0,16
2114,429,1807,0,22
2115,434,1812,0,35
2116,430,1814,0,40
2117,430,1818,0,49
2118,432,1818,0,51
2119,432,1818,0,62
2120,432,1822,0,56
2121,431,1822,0,53
2122,429,1824,0,57
2123,427,1828,0,56
2124,425,1835,0,61
2125,422,1835,0,61
2126,419,1840,0,63
2127,417,1844,0,65
2128,415,1845,0,69
2129,413,1846,0,77
2130,413,1846,0,77
2131,410,1848,0,81
2132,408,1849,0,86
2133,407,1851,0,87
2134,406,1853,0,83
2135,404,1854,0,84
2136,405,1857,0,103
2140,409,1856,0,48
2143,412,1850,0,76
2144,410,1852,0,84
2145,411,1863,0,105
2146,407,1858,0,81
2147,405,1860,0,69
2148,401,1864,0,69
2149,399,1868,0,72
2150,398,1872,0,72
2151,398,1874,0,67
2152,397,1875,0,62
2153,397,1875,0,57
2154,397,1875,0,56
2155,397,1875,0,50
2156,397,1876,0,51
2157,398,1880,0,61
2158,397,1883,0,59
2159,397,1885,0,60
2160,394,1887,0,62
2161,392,1889,0,64
2162,394,1891,0,62
2163,392,1891,0,62
2164,392,1890,0,63
2165,391,1890,0,61
2166,391,1891,0,60
2167,392,1889,0,62
2168,392,1890,0,66
2169,392,1890,0,66
2170,392,1891,0,67
2171,392,1893,0,63
2172,392,1891,0,58
2173,392,1892,0,56
2174,390,1891,0,47
2175,393,1891,0,49
2176,390,1892,0,46
2177,390,1892,0,48
2178,389,1892,0,50
2179,389,1892,0,48
2180,388,1892,0,42
2181,388,1893,0,32
2182,387,1893,0,24
2183,382,1893,0,21
2184,382,1892,0,16
2185,376,1894,0,11
2186,371,1891,0,3
2187,367,1889,0,1
2188,364,1887,0,1
2189,362,1884,0,358
2190,363,1882,0,349
2191,363,1880,0,340
2192,369,1879,0,340
2196,374,1873,0,343
2197,371,1872,0,345
2198,369,1873,0,348
2199,367,1871,0,357
2200,360,1871,0,348
2201,358,1872,0,351
2202,357,1876,0,357
2203,355,1874,0,353
2204,349,1872,0,356
2205,345,1871,0,358
2206,345,1872,0,359
2207,354,1890,0,10
2208,349,1890,0,4
2209,347,1883,0,358
2210,339,1879,0,1
2211,336,1878,0,355
2212,337,1878,0,353
2213,338,1878,0,351
2214,342,1879,0,353
2215,339,1879,0,353
2216,335,1881,0,347
2217,337,1883,0,344
2218,339,1885,0,333
2219,339,1882,0,327
2220,338,1880,0,329
2221,338,1876,0,323
2222,333,1875,0,321
2223,330,1871,0,319
2224,323,1871,0,316
2225,321,1871,0,315
2226,320,1871,0,321
2227,320,1872,0,322
2228,319,1873,0,325
2229,317,1874,0,328
2230,314,1875,0,330
2231,309,1874,0,327
2232,308,1874,0,324
2233,306,1876,0,327
2234,299,1877,0,330
2235,296,1877,0,330
2236,294,1875,0,330
2237,286,1874,0,339
2238,285,1874,0,338
2239,282,1874,0,342
2240,280,1874,0,349
2241,279,1876,0,355
2242,278,1877,0,354
2243,279,1876,0,357
2244,280,1875,0,356
2245,284,1873,0,1
2246,283,1871,0,1
2247,285,1872,0,358
2248,282,1871,0,357
2249,279,1869,0,355
2250,277,1865,0,347
2251,275,1863,0,343
2252,274,1858,0,333
2253,275,1854,0,332
2254,268,1850,0,321
2255,264,1843,0,306
2256,266,1839,0,303
2257,263,1837,0,310
2258,259,1832,0,300
2259,257,1830,0,294
2260,259,1826,0,286
2261,257,1816,0,292
2262,257,1815,0,291
2263,264,1823,0,294
2264,264,1815,0,287
2265,262,1813,0,284
2266,259,1810,0,282
2267,257,1805,0,271
2268,254,1804,0,273
2269,255,1799,0,281
2270,257,1797,0,283
2271,258,1794,0,291
2272,259,1792,0,293
2273,259,1791,0,295
2274,259,1788,0,297
2275,262,1788,0,304
2276,262,1790,0,314
2277,260,1791,0,315
2278,258,1792,0,320
2279,255,1794,0,325
2280,253,1795,0,333
2281,249,1798,0,343
2282,250,1800,0,343
2285,255,1801,0,174
2286,253,1802,0,176
2287,255,1802,0,175
2290,255,1800,0,350
2291,258,1797,0,352
2292,258,1796,0,350
2293,257,1793,0,351
2294,257,1793,0,350
2295,257,1793,0,348
2298,245,1793,0,356
2299,241,1792,0,1
2300,240,1795,0,349
2301,242,1796,0,345
2302,240,1797,0,343
2303,239,1797,0,342
2304,239,1799,0,342
2305,237,1797,0,346
2306,236,1795,0,352
2307,235,1795,0,356
2308,233,1798,0,350
2309,234,1800,0,335
2310,236,1798,0,330
2311,235,1796,0,332
2312,235,1795,0,333
2313,237,1796,0,335
2314,236,1798,0,335
2315,235,1798,0,330
2316,234,1795,0,326
2317,232,1794,0,335
2318,232,1793,0,343
2319,230,1795,0,337
2320,230,1795,0,327
2321,230,1795,0,328
2322,229,1795,0,333
2323,227,1794,0,329
2324,223,1794,0,328
2325,224,1796,0,334
2326,223,1798,0,332
2327,220,1796,0,331
2328,225,1793,0,334
2329,232,1790,0,338
2330,232,1791,0,333
2331,230,1794,0,327
2332,227,1793,0,324
2333,229,1796,0,331
2334,227,1795,0,326
2335,228,1798,0,319
2336,229,1806,0,310
2337,229,1804,0,315
2338,226,1797,0,327
2339,222,1793,0,328
2340,220,1790,0,326
2341,219,1789,0,331
2342,211,1791,0,336
2343,210,1791,0,335
2344,209,1794,0,338
2345,207,1796,0,344
2346,208,1797,0,351
2347,208,1798,0,354
2348,209,1797,0,359
2349,208,1798,0,356
2350,207,1800,0,357
2351,203,1799,0,353
2352,201,1800,0,358
2353,198,1796,0,357
2354,193,1799,0,359
2355,189,1801,0,2
2356,195,1801,0,357
2357,195,1801,0,358
2358,194,1801,0,0
2359,192,1802,0,0
2360,188,1801,0,359
2361,195,1800,0,353
2362,193,1797,0,357
2363,194,1796,0,1
2380,154,1777,1,49
2382,154,1776,1,63
2385,155,1776,1,65
2392,297,1782,1,288
2412,465,1815,1,27
2414,466,1815,1,45
2424,490,1830,1,0
2429,519,1753,1,3
2440,310,1844,1,299
2441,310,1842,1,301
2442,309,1841,1,303
2454,334,2065,1,14
2455,334,2065,1,27
2456,334,2065,1,32
2457,334,2064,1,41
2458,334,2065,1,25
2459,334,2065,1,21
2460,335,2066,1,37
2461,334,2066,1,29
2463,335,2066,1,342
2464,335,2066,1,355
2465,334,2066,1,14
2466,334,2067,1,36
2467,334,2066,1,32
2468,334,2065,1,18
2469,334,2065,1,30
2470,334,2065,1,38
2473,334,2065,1,61
2474,334,2065,1,82
2475,334,2064,1,75
2476,334,2064,1,77
2477,334,2064,1,73
2478,334,2064,1,63
2479,334,2064,1,59
2480,334,2064,1,62
2481,334,2064,1,60
2482,334,2065,1,60
2483,334,2065,1,45
2484,334,2065,1,56
2485,334,2065,1,66
2489,334,2064,1,57
2490,334,2064,1,46
2491,334,2064,1,46
2492,334,2064,1,39
2493,334,2064,1,51
2494,335,2064,1,39
2495,335,2064,1,63
2496,335,2064,1,62
2497,334,2064,1,83
2498,335,2065,1,95
2499,335,2065,1,84
2500,335,2064,1,45
2501,335,2064,1,42
2502,335,2064,1,43
2503,335,2064,1,65
2504,336,2064,1,57
2505,336,2064,1,44
2506,335,2064,1,36
2507,335,2064,1,53
2508,335,2064,1,46
2509,335,2064,1,24
2510,336,2063,1,54
2511,335,2063,1,45
2512,335,2063,1,53
2513,336,2064,1,78
2514,336,2063,1,117
2515,337,2063,1,85
2516,337,2063,1,69
2517,335,2064,1,72
2518,336,2063,1,77
2519,336,2064,1,66
2520,336,2064,1,65
2521,336,2064,1,65
2527,336,2063,1,64
2528,337,2064,1,47
2532,335,2064,1,45
2533,334,2064,1,45
2534,334,2064,1,44
2535,334,2064,1,53
2536,334,2064,1,47
2537,334,2064,1,37
2538,334,2064,1,39
2539,334,2064,1,65
2540,334,2064,1,67
2541,335,2063,1,67
2542,335,2064,1,80
2543,335,2065,1,85
2544,334,2065,1,87
2545,334,2065,1,76
2546,334,2065,1,71
2547,334,2065,1,81
2548,334,2065,1,55
2549,334,2065,1,60
2550,334,2065,1,75
2551,335,2065,1,84
2552,335,2064,1,93
2553,335,2065,1,79
2554,335,2064,1,79
2555,335,2065,1,77
2556,335,2065,1,86
2557,335,2064,1,96
2558,335,2065,1,83
2559,335,2064,1,81
2560,335,2064,1,67
2561,335,2064,1,75
2562,335,2065,1,51
2563,335,2064,1,53
2564,335,2064,1,52
2565,335,2064,1,61
2566,335,2064,1,60
2567,334,2064,1,63
2568,335,2064,1,51
2569,335,2064,1,51
2570,334,2064,1,67
2571,335,2064,1,61
2572,335,2064,1,69
2573,334,2064,1,40
2574,334,2064,1,43
2575,335,2064,1,61
2576,334,2064,1,46
2577,335,2064,1,50
2578,335,2064,1,61
2579,335,2064,1,56
2580,335,2064,1,71
2581,335,2064,1,60
2582,335,2064,1,56
2583,335,2064,1,55
2584,335,2064,1,56
2585,335,2064,1,61
2586,335,2064,1,56
2587,335,2064,1,56
2588,335,2064,1,51
2589,334,2064,1,68
2590,334,2064,1,60
2591,335,2064,1,51
2592,335,2064,1,48
2593,334,2064,1,45
2594,335,2064,1,38
2595,335,2064,1,56
2596,335,2064,1,47
2597,335,2064,1,62
2598,334,2064,1,40
2599,335,2064,1,49
2600,334,2064,1,68
2601,335,2064,1,51
2602,335,2064,1,56
2603,335,2064,1,51
2604,335,2064,1,51
2605,335,2064,1,49
2606,335,2064,1,57
2607,335,2064,1,53
2608,335,2064,1,51
2609,335,2064,1,57
2610,335,2064,1,61
2611,335,2064,1,51
2612,335,2064,1,57
2613,335,2064,1,54
2614,335,2064,1,69
2615,335,2064,1,57
2616,335,2064,1,36
2617,335,2064,1,31
2618,335,2064,1,57
2619,335,2064,1,64
2620,335,2065,1,58
2621,335,2065,1,81
2622,335,2064,1,76
2623,335,2064,1,70
2624,335,2064,1,70
2625,335,2064,1,58
2626,335,2064,1,65
2627,335,2064,1,70
2628,335,2064,1,60
2629,335,2065,1,64
2630,335,2065,1,75
2631,335,2064,1,82
2632,335,2064,1,78
2633,335,2064,1,81
2634,335,2064,1,87
2635,335,2064,1,82
2636,334,2063,1,77
2637,334,2063,1,86
2638,334,2063,1,97
2639,334,2063,1,90
2640,334,2063,1,96
2641,334,2064,1,86
2642,335,2064,1,77
2643,334,2063,1,77
2644,333,2063,1,79
2645,333,2063,1,78
2646,334,2063,1,86
2647,334,2063,1,74
2648,334,2063,1,79
2649,334,2063,1,80
2650,334,2063,1,83
2651,334,2063,1,87
2652,334,2063,1,94
2653,334,2064,1,86
2654,334,2065,1,84
2655,334,2066,1,74
2656,334,2066,1,80
2657,334,2065,1,87
2658,334,2064,1,84
2659,334,2065,1,71
2660,335,2066,1,71
2661,335,2065,1,79
2662,335,2063,1,91
2663,335,2063,1,95
2664,335,2063,1,90
2665,335,2063,1,79
2666,336,2062,1,66
2667,336,2062,1,75
2668,336,2063,1,86
2669,336,2063,1,78
2670,336,2063,1,77
2671,336,2063,1,75
2672,336,2063,1,69
2673,336,2063,1,71
2674,336,2063,1,95
2675,336,2063,1,97
2676,335,2063,1,96
2677,336,2063,1,95
2678,335,2063,1,88
2679,336,2063,1,76
2680,336,2063,1,74
2681,336,2063,1,71
2682,336,2064,1,71
2683,336,2064,1,73
2684,336,2063,1,69
2685,336,2063,1,78
2686,335,2063,1,88
2687,336,2063,1,77
2688,336,2063,1,75
2689,336,2063,1,66
2690,336,2063,1,69
2691,336,2063,1,72
2692,336,2063,1,67
2693,336,2063,1,54
2694,336,2064,1,58
2695,335,2063,1,55
2696,335,2063,1,61
2697,336,2063,1,64
2698,335,2063,1,71
2699,335,2063,1,88
2700,335,2063,1,90
2701,335,2063,1,87
2702,335,2063,1,92
2703,335,2063,1,87
2704,334,2063,1,94
2705,334,2062,1,90
2706,334,2062,1,77
2707,334,2062,1,80
2708,334,2063,1,92
2709,334,2063,1,90
2714,332,2063,1,31
2715,332,2064,1,47
2716,333,2065,1,36
2717,335,2064,1,23
2718,335,2063,1,17
2719,336,2064,1,12
2720,336,2063,1,36
2721,336,2064,1,65
2722,335,2065,1,66
2723,335,2064,1,51
2724,335,2064,1,39
2725,335,2065,1,35
2726,336,2065,1,25
2728,335,2065,1,51
2729,334,2065,1,71
2730,334,2064,1,79
2731,334,2064,1,90
2732,335,2064,1,60
2733,335,2064,1,57
2734,335,2064,1,48
2735,335,2065,1,64
2736,335,2065,1,62
2737,335,2064,1,51
2738,335,2065,1,39
2739,335,2066,1,39
2740,335,2066,1,29
2741,338,2066,1,30
2750,336,2064,1,54
2751,335,2064,1,85
2752,335,2065,1,98
2753,334,2065,1,92
2754,335,2065,1,80
2755,335,2065,1,64
2756,335,2065,1,72
2757,335,2064,1,67
2758,335,2064,1,58
2759,335,2064,1,77
2760,334,2064,1,79
2761,334,2065,1,68
2762,334,2065,1,65
2763,334,2065,1,48
2767,332,2064,1,74
2768,333,2064,1,90
2769,333,2064,1,86
2770,333,2064,1,282
2771,333,2064,1,271
2772,333,2064,1,52
2773,333,2064,1,29
2776,334,2064,1,56
2777,334,2064,1,45
2778,333,2064,1,43
2779,333,2064,1,45
2780,333,2064,1,47
2781,333,2064,1,53
2782,334,2063,1,57
2783,334,2063,1,50
2784,334,2063,1,49
2785,335,2064,1,69
2786,335,2064,1,67
2787,335,2064,1,66
2788,335,2064,1,60
2789,335,2063,1,58
2790,335,2064,1,76
2791,335,2064,1,65
2792,335,2064,1,59
2793,335,2064,1,67
2794,335,2064,1,72
2795,335,2064,1,69
2796,335,2064,1,76
2797,335,2064,1,59
2798,335,2064,1,59
2799,335,2064,1,75
2800,335,2063,1,74
2801,335,2063,1,69
2802,335,2063,1,71
2803,335,2062,1,70
2804,335,2063,1,73
2805,335,2063,1,79
2806,335,2063,1,78
2807,335,2063,1,77
2808,335,2063,1,77
2809,335,2063,1,74
2810,335,2063,1,79
2811,335,2063,1,80
2812,335,2063,1,74
2813,335,2064,1,77
2814,335,2063,1,78
2815,335,2064,1,79
2816,335,2063,1,78
2817,335,2063,1,80
2818,335,2063,1,82
2819,335,2064,1,76
2820,334,2063,1,75
2821,335,2063,1,76
2822,335,2063,1,75
2823,335,2064,1,71
2824,335,2063,1,75
2825,334,2064,1,71
2826,334,2063,1,77
2827,335,2064,1,71
2828,335,2064,1,80
2829,335,2064,1,76
2830,334,2064,1,77
2831,335,2064,1,79
2832,335,2063,1,77
2833,334,2063,1,70
2834,334,2063,1,82
2835,334,2063,1,71
2836,335,2063,1,81
2837,335,2063,1,64
2838,335,2064,1,80
2839,335,2064,1,71
2840,335,2064,1,66
2841,335,2064,1,67
2842,334,2064,1,65
2843,334,2064,1,79
2844,334,2064,1,79
2845,334,2064,1,80
2846,335,2064,1,71
2847,335,2064,1,76
2848,334,2064,1,78
2849,334,2064,1,72
2850,334,2064,1,75
2851,334,2064,1,69
2852,334,2064,1,71
2853,334,2064,1,67
2854,334,2064,1,76
2855,335,2064,1,70
2856,335,2064,1,73
2857,335,2064,1,76
2858,335,2064,1,72
2859,335,2064,1,70
2860,335,2064,1,73
2861,335,2064,1,72
2862,334,2064,1,72
2863,334,2064,1,72
2864,335,2064,1,73
2865,335,2064,1,73
2866,335,2064,1,70
2867,335,2064,1,77
2868,335,2064,1,70
2869,335,2064,1,70
2870,335,2064,1,66
2871,335,2064,1,71
2872,335,2064,1,73
2873,335,2064,1,70
2874,335,2064,1,73
2875,334,2064,1,78
2876,335,2064,1,79
2877,334,2064,1,76
2878,335,2064,1,75
2879,335,2064,1,64
2880,335,2064,1,62
2881,335,2064,1,68
2882,335,2064,1,72
2883,335,2064,1,77
2884,335,2064,1,75
2885,334,2064,1,81
2886,335,2064,1,83
2887,334,2064,1,84
2888,334,2065,1,93
2889,335,2065,1,96
2890,334,2065,1,92
2891,334,2065,1,82
2892,334,2064,1,89
2893,334,2065,1,88
2894,334,2065,1,88
2895,334,2065,1,100
2896,334,2065,1,87
2897,334,2065,1,72
2898,334,2065,1,76
2899,335,2064,1,82
2900,334,2064,1,74
2901,334,2064,1,67
2902,334,2063,1,65
2903,335,2064,1,74
2904,335,2064,1,76
2905,335,2064,1,61
2906,335,2064,1,63
2907,335,2064,1,73
2908,335,2064,1,76
2909,335,2064,1,78
2910,335,2064,1,77
2911,335,2064,1,71
2912,334,2064,1,72
2913,334,2064,1,75
2914,334,2064,1,66
2915,334,2063,1,69
2916,334,2064,1,60
2917,334,2064,1,62
2918,334,2064,1,66
2919,334,2064,1,78
2920,334,2064,1,80
2921,334,2063,1,63
2922,335,2064,1,55
2923,334,2063,1,77
2924,333,2063,1,79
2925,333,2063,1,75
2926,332,2064,1,76
2927,333,2064,1,84
2928,333,2064,1,94
2929,333,2064,1,90
2932,333,2065,1,55
2933,333,2065,1,92
2934,333,2064,1,84
2935,334,2064,1,58
2936,334,2064,1,52
2937,335,2064,1,60
2938,334,2063,1,57
2939,335,2064,1,59
2940,334,2063,1,61
2941,334,2064,1,51
2942,335,2063,1,59
2943,335,2063,1,45
2944,335,2064,1,54
2945,335,2063,1,62
2946,334,2063,1,59
2947,334,2063,1,52
2948,335,2063,1,66
2952,334,2064,1,56
2953,335,2064,1,67
2954,334,2064,1,85
2955,335,2064,1,277
2956,335,2064,1,279
2957,335,2063,1,271
2958,335,2063,1,272
2959,334,2063,1,280
2960,334,2063,1,280
2961,334,2063,1,282
2962,334,2063,1,277
2963,334,2063,1,272
2964,334,2063,1,86
2965,334,2064,1,88
2966,334,2064,1,87
2967,334,2064,1,271
2968,334,2064,1,278
2969,334,2064,1,283
2974,333,2066,1,312
2975,332,2066,1,309
2976,332,2065,1,304
2977,331,2066,1,310
2978,331,2066,1,281
2979,331,2065,1,300
2980,329,2066,1,300
2981,329,2066,1,309
2982,329,2066,1,329
2983,330,2065,1,300
2984,332,2065,1,319
2989,331,2064,1,12
2992,332,2065,1,310
2993,333,2065,1,297
2994,333,2065,1,302
2995,333,2065,1,293
2996,333,2065,1,284
2997,333,2065,1,289
2998,333,2064,1,291
2999,333,2065,1,285
