0,1687,1663,0,221
1,1688,1664,0,210
2,1685,1665,0,210
3,1682,1667,0,218
4,1684,1663,0,229
5,1682,1664,0,229
6,1685,1667,0,217
7,1685,1667,0,214
8,1682,1668,0,207
9,1682,1668,0,214
10,1679,1667,0,206
11,1677,1670,0,213
12,1680,1669,0,212
13,1695,1674,0,227
14,1700,1676,0,224
15,1706,1676,0,240
16,1705,1678,0,248
17,1700,1678,0,236
18,1699,1676,0,226
19,1700,1677,0,219
20,1701,1678,0,201
21,1706,1680,0,190
22,1703,1686,0,190
23,1707,1689,0,187
24,1706,1690,0,182
25,1705,1690,0,181
26,1705,1690,0,185
27,1706,1692,0,186
28,1710,1693,0,195
29,1710,1692,0,188
30,1713,1693,0,185
31,1716,1694,0,178
32,1718,1696,0,179
33,1719,1697,0,177
34,1719,1695,0,176
35,1724,1696,0,177
36,1730,1693,0,184
37,1735,1692,0,189
38,1735,1688,0,198
39,1737,1686,0,198
40,1739,1684,0,201
41,1739,1683,0,205
42,1738,1684,0,211
43,1737,1682,0,215
44,1734,1681,0,223
45,1733,1679,0,221
46,1729,1680,0,223
47,1727,1680,0,224
48,1725,1678,0,230
49,1723,1673,0,235
50,1724,1673,0,239
51,1723,1671,0,243
52,1724,1668,0,248
53,1725,1665,0,246
54,1726,1664,0,241
55,1730,1654,0,236
56,1729,1652,0,237
57,1728,1650,0,234
58,1728,1650,0,238
59,1725,1652,0,241
60,1723,1649,0,244
61,1722,1647,0,251
62,1724,1646,0,243
63,1725,1646,0,241
64,1723,1644,0,241
65,1721,1641,0,237
66,1725,1638,0,237
67,1726,1634,0,242
68,1727,1632,0,238
69,1728,1629,0,230
70,1730,1626,0,220
71,1734,1624,0,219
72,1734,1620,0,213
73,1737,1617,0,211
74,1741,1614,0,209
75,1744,1612,0,209
76,1747,1610,0,203
77,1747,1609,0,204
78,1748,1608,0,204
79,1747,1609,0,202
80,1748,1608,0,199
81,1745,1609,0,203
82,1746,1606,0,206
83,1746,1605,0,215
84,1747,1604,0,222
85,1749,1596,0,231
86,1751,1594,0,228
87,1750,1593,0,231
88,1750,1594,0,226
89,1748,1595,0,223
90,1748,1597,0,217
91,1751,1596,0,218
92,1756,1594,0,231
93,1756,1593,0,230
94,1757,1588,0,231
95,1755,1584,0,228
96,1754,1585,0,222
97,1754,1584,0,215
98,1755,1585,0,220
99,1757,1582,0,214
100,1757,1582,0,211
101,1756,1580,0,211
102,1756,1577,0,219
103,1759,1578,0,216
104,1758,1578,0,202
105,1760,1582,0,190
106,1759,1582,0,188
107,1759,1585,0,186
108,1760,1587,0,181
109,1762,1590,0,179
110,1762,1591,0,177
111,1763,1590,0,179
112,1763,1588,0,181
113,1764,1588,0,180
114,1766,1589,0,181
115,1768,1589,0,179
116,1770,1590,0,171
117,1772,1594,0,165
118,1773,1595,0,169
119,1771,1597,0,173
120,1772,1598,0,175
121,1773,1599,0,176
122,1777,1598,0,183
123,1781,1598,0,183
124,1783,1600,0,191
125,1783,1600,0,185
126,1780,1600,0,181
127,1779,1602,0,182
128,1779,1602,0,183
129,1777,1602,0,184
130,1776,1602,0,184
131,1776,1602,0,187
132,1774,1600,0,187
133,1774,1601,0,189
134,1773,1602,0,191
135,1772,1603,0,189
136,1774,1602,0,192
137,1776,1602,0,191
138,1774,1602,0,193
139,1773,1602,0,189
140,1773,1601,0,190
141,1772,1602,0,195
142,1770,1604,0,198
143,1770,1603,0,197
144,1770,1603,0,199
145,1769,1604,0,197
146,1768,1604,0,194
147,1767,1603,0,195
148,1767,1604,0,194
149,1767,1604,0,188
150,1767,1604,0,188
151,1767,1604,0,184
152,1767,1604,0,184
153,1766,1603,0,184
154,1767,1604,0,185
155,1768,1604,0,182
156,1767,1603,0,175
157,1769,1603,0,179
158,1768,1603,0,177
159,1769,1602,0,187
160,1770,1602,0,186
161,1767,1604,0,183
162,1767,1605,0,180
163,1766,1604,0,179
164,1766,1604,0,178
165,1767,1607,0,178
166,1768,1605,0,178
167,1768,1604,0,180
168,1768,1605,0,182
169,1769,1604,0,184
170,1767,1605,0,182
171,1764,1604,0,182
172,1760,1604,0,189
173,1762,1605,0,201
174,1762,1605,0,189
175,1764,1605,0,179
176,1763,1605,0,179
177,1762,1606,0,183
178,1762,1606,0,183
179,1764,1607,0,188
180,1766,1608,0,194
181,1765,1609,0,195
182,1766,1609,0,198
183,1766,1609,0,198
184,1766,1609,0,201
185,1767,1610,0,205
186,1768,1611,0,201
187,1770,1612,0,198
188,1771,1611,0,201
189,1775,1610,0,200
190,1774,1609,0,203
191,1774,1608,0,202
192,1774,1607,0,201
193,1773,1608,0,199
194,1773,1606,0,193
195,1773,1607,0,190
196,1773,1606,0,186
197,1773,1606,0,187
198,1772,1606,0,187
199,1772,1606,0,185
200,1771,1606,0,185
201,1772,1606,0,183
202,1772,1604,0,181
203,1773,1603,0,183
204,1770,1602,0,186
205,1771,1601,0,189
206,1774,1600,0,190
207,1775,1602,0,189
208,1775,1602,0,188
209,1776,1601,0,191
210,1773,1601,0,192
211,1771,1602,0,186
212,1771,1602,0,181
213,1772,1604,0,179
214,1773,1603,0,182
215,1774,1603,0,184
216,1774,1604,0,182
217,1773,1604,0,177
218,1772,1604,0,180
219,1773,1603,0,181
220,1774,1603,0,186
221,1774,1603,0,186
222,1775,1602,0,185
223,1775,1603,0,181
224,1775,1603,0,183
225,1775,1602,0,182
226,1775,1602,0,179
227,1774,1602,0,176
228,1774,1602,0,182
229,1774,1601,0,181
230,1773,1602,0,185
231,1772,1603,0,182
232,1771,1603,0,184
233,1773,1602,0,185
234,1773,1602,0,184
235,1772,1603,0,182
236,1773,1602,0,184
237,1772,1603,0,184
238,1769,1604,0,188
239,1769,1604,0,188
240,1770,1604,0,182
241,1770,1603,0,183
242,1771,1603,0,182
243,1771,1601,0,179
244,1771,1600,0,179
245,1775,1600,0,187
246,1776,1600,0,182
247,1777,1600,0,190
248,1776,1601,0,190
249,1775,1601,0,185
250,1775,1601,0,188
251,1774,1601,0,191
252,1772,1602,0,188
253,1772,1602,0,187
254,1772,1601,0,191
255,1773,1601,0,193
256,1774,1602,0,190
257,1773,1603,0,189
258,1774,1603,0,189
259,1774,1603,0,185
260,1772,1603,0,184
261,1771,1602,0,178
262,1773,1604,0,183
263,1773,1604,0,180
264,1772,1604,0,179
265,1773,1603,0,181
266,1774,1604,0,183
267,1776,1602,0,185
268,1778,1602,0,182
269,1779,1600,0,176
270,1779,1601,0,179
271,1779,1605,0,180
272,1778,1605,0,179
273,1777,1606,0,178
274,1776,1605,0,179
275,1776,1606,0,175
276,1776,1606,0,174
277,1777,1607,0,178
278,1774,1607,0,184
279,1773,1606,0,178
280,1774,1606,0,177
281,1777,1606,0,183
282,1781,1605,0,184
283,1785,1604,0,185
284,1790,1603,0,188
285,1794,1600,0,188
286,1799,1603,0,190
287,1808,1603,0,195
288,1811,1603,0,196
289,1813,1600,0,196
290,1815,1600,0,198
291,1817,1599,0,201
292,1819,1598,0,205
293,1824,1597,0,212
294,1824,1598,0,212
295,1824,1599,0,206
296,1821,1600,0,200
297,1820,1601,0,197
298,1818,1600,0,201
299,1819,1601,0,205
300,1820,1600,0,207
301,1821,1598,0,211
302,1821,1596,0,213
303,1822,1595,0,213
304,1824,1595,0,213
305,1824,1592,0,210
306,1825,1590,0,211
307,1825,1591,0,215
308,1823,1592,0,215
309,1822,1593,0,213
310,1819,1591,0,209
311,1821,1592,0,212
312,1819,1594,0,221
313,1817,1595,0,220
314,1816,1596,0,215
315,1815,1596,0,211
316,1815,1596,0,211
317,1815,1595,0,215
318,1815,1596,0,211
319,1812,1597,0,212
320,1811,1596,0,212
321,1809,1596,0,210
322,1808,1596,0,210
323,1811,1597,0,209
324,1810,1597,0,207
325,1809,1597,0,208
326,1809,1593,0,204
327,1809,1594,0,204
328,1810,1595,0,207
329,1811,1597,0,212
330,1810,1598,0,204
331,1805,1600,0,205
332,1802,1607,0,202
333,1800,1609,0,199
334,1795,1611,0,206
335,1796,1612,0,209
336,1799,1611,0,209
337,1801,1611,0,220
338,1807,1610,0,230
339,1808,1609,0,241
340,1811,1609,0,250
341,1812,1610,0,250
342,1812,1614,0,257
343,1814,1613,0,264
344,1819,1617,0,264
345,1821,1622,0,261
346,1824,1618,0,267
347,1827,1608,0,291
348,1829,1612,0,296
349,1839,1612,0,302
350,1841,1606,0,337
351,1844,1605,0,346
352,1848,1604,0,346
353,1852,1604,0,343
354,1854,1604,0,348
355,1853,1602,0,349
356,1849,1599,0,347
357,1851,1598,0,349
358,1854,1598,0,346
359,1858,1602,0,344
360,1859,1604,0,338
361,1856,1604,0,333
362,1856,1603,0,333
363,1854,1598,0,330
364,1855,1601,0,329
365,1856,1601,0,326
366,1854,1598,0,328
367,1854,1595,0,326
368,1858,1594,0,321
369,1861,1593,0,319
370,1864,1593,0,309
371,1870,1587,0,313
372,1870,1587,0,316
373,1869,1588,0,321
374,1869,1589,0,326
375,1869,1590,0,331
376,1868,1592,0,332
377,1867,1586,0,325
378,1867,1581,0,318
379,1870,1577,0,313
380,1873,1571,0,303
381,1878,1568,0,299
382,1884,1565,0,303
383,1885,1561,0,315
384,1891,1562,0,316
385,1894,1564,0,327
386,1900,1562,0,348
387,1903,1567,0,355
388,1900,1577,0,351
389,1894,1576,0,350
390,1895,1575,0,343
391,1894,1575,0,344
392,1895,1575,0,338
393,1896,1576,0,332
394,1907,1575,0,328
395,1907,1574,0,329
396,1903,1574,0,336
397,1902,1574,0,344
398,1902,1574,0,339
399,1900,1574,0,330
400,1895,1575,0,336
401,1892,1576,0,338
402,1890,1575,0,341
403,1891,1579,0,344
404,1888,1578,0,343
405,1890,1579,0,342
406,1890,1581,0,339
407,1888,1581,0,339
408,1886,1582,0,340
409,1885,1583,0,338
410,1885,1584,0,341
411,1882,1587,0,328
412,1881,1588,0,331
413,1881,1588,0,332
414,1879,1587,0,331
415,1883,1587,0,336
416,1885,1586,0,337
417,1887,1588,0,332
418,1886,1589,0,326
419,1886,1588,0,332
420,1885,1588,0,327
421,1886,1587,0,334
422,1886,1587,0,337
423,1884,1590,0,330
424,1884,1589,0,332
425,1884,1589,0,329
426,1884,1590,0,328
427,1887,1589,0,336
428,1884,1590,0,326
429,1885,1590,0,327
430,1886,1589,0,324
431,1886,1590,0,322
432,1885,1590,0,324
433,1885,1593,0,323
434,1886,1593,0,328
435,1885,1593,0,327
436,1884,1594,0,326
437,1883,1595,0,322
438,1884,1594,0,326
439,1883,1594,0,324
440,1883,1594,0,321
441,1881,1594,0,314
442,1883,1595,0,318
443,1889,1594,0,324
444,1891,1603,0,332
445,1891,1608,0,319
446,1890,1610,0,316
447,1890,1610,0,308
448,1898,1612,0,301
449,1898,1614,0,296
450,1896,1611,0,293
451,1897,1602,0,277
452,1896,1596,0,271
453,1896,1590,0,258
454,1898,1588,0,259
455,1901,1590,0,270
456,1906,1591,0,271
457,1904,1597,0,282
458,1903,1599,0,286
459,1898,1600,0,291
460,1902,1600,0,304
461,1904,1600,0,305
462,1905,1599,0,299
463,1903,1596,0,293
464,1902,1595,0,277
465,1919,1586,0,273
466,1915,1576,0,281
467,1913,1568,0,280
468,1908,1557,0,269
469,1907,1552,0,268
470,1901,1542,0,272
471,1896,1533,0,266
472,1892,1531,0,260
473,1891,1531,0,259
474,1891,1535,0,262
475,1888,1537,0,265
476,1888,1538,0,267
477,1890,1538,0,266
478,1888,1537,0,270
479,1887,1535,0,272
480,1888,1537,0,272
481,1885,1539,0,270
482,1887,1538,0,272
483,1885,1538,0,263
484,1885,1538,0,263
485,1881,1536,0,266
486,1878,1533,0,274
487,1874,1532,0,272
488,1875,1531,0,286
489,1874,1530,0,286
490,1873,1530,0,284
491,1872,1532,0,279
492,1876,1531,0,281
493,1875,1530,0,278
494,1881,1525,0,283
495,1886,1520,0,289
496,1885,1519,0,295
497,1888,1513,0,311
498,1888,1513,0,313
499,1888,1514,0,313
500,1885,1511,0,312
501,1883,1513,0,302
502,1879,1517,0,299
503,1878,1518,0,299
504,1880,1519,0,296
505,1877,1518,0,299
506,1881,1517,0,300
507,1879,1519,0,301
508,1878,1519,0,303
509,1879,1519,0,303
510,1878,1521,0,299
511,1878,1522,0,299
512,1878,1521,0,306
513,1879,1521,0,306
514,1879,1522,0,306
515,1876,1525,0,298
516,1872,1523,0,294
517,1874,1526,0,300
518,1875,1523,0,308
519,1875,1523,0,302
520,1885,1522,0,327
521,1877,1530,0,302
522,1879,1533,0,286
523,1879,1533,0,285
524,1881,1531,0,285
525,1880,1533,0,284
526,1880,1531,0,287
527,1879,1529,0,288
528,1879,1528,0,282
529,1879,1525,0,282
530,1879,1521,0,273
531,1881,1520,0,275
532,1884,1521,0,287
533,1889,1517,0,303
534,1894,1511,0,324
535,1891,1514,0,317
536,1893,1511,0,323
537,1895,1511,0,322
538,1894,1514,0,323
539,1895,1515,0,323
540,1893,1518,0,318
541,1894,1518,0,314
542,1894,1517,0,324
543,1893,1515,0,326
544,1893,1515,0,326
545,1892,1513,0,332
546,1891,1513,0,327
547,1891,1514,0,324
548,1893,1513,0,324
549,1895,1509,0,328
550,1898,1504,0,328
551,1899,1498,0,337
552,1896,1494,0,340
553,1887,1487,0,341
554,1879,1482,0,343
555,1872,1487,0,339
556,1869,1483,0,334
557,1865,1486,0,329
558,1864,1485,0,325
559,1863,1483,0,323
560,1862,1483,0,319
561,1863,1480,0,321
562,1868,1480,0,331
563,1870,1479,0,332
564,1870,1479,0,331
565,1870,1479,0,332
566,1870,1479,0,334
567,1869,1479,0,335
568,1869,1479,0,334
569,1867,1479,0,337
570,1868,1479,0,335
571,1869,1480,0,332
572,1868,1479,0,334
573,1869,1477,0,336
574,1870,1474,0,342
575,1871,1472,0,344
576,1871,1470,0,349
577,1870,1468,0,357
578,1871,1466,0,359
579,1870,1463,0,2
580,1867,1463,0,1
581,1870,1461,0,6
582,1868,1464,0,2
583,1867,1466,0,3
584,1868,1465,0,3
585,1868,1466,0,5
586,1868,1469,0,2
587,1867,1468,0,1
588,1866,1469,0,1
589,1866,1470,0,358
590,1867,1468,0,356
591,1869,1465,0,354
592,1870,1460,0,356
593,1872,1458,0,357
594,1871,1457,0,0
595,1873,1459,0,0
596,1874,1459,0,2
597,1878,1453,0,358
598,1877,1451,0,5
599,1879,1448,0,10
600,1882,1447,0,11
601,1881,1449,0,18
602,1884,1450,0,26
603,1883,1450,0,24
604,1883,1448,0,26
605,1880,1446,0,33
606,1877,1446,0,37
607,1878,1446,0,33
608,1879,1446,0,34
609,1879,1447,0,33
610,1880,1448,0,29
611,1878,1449,0,20
612,1876,1453,0,15
613,1885,1455,0,11
614,1885,1454,0,14
615,1885,1451,0,18
616,1880,1449,0,20
617,1884,1447,0,23
618,1888,1448,0,23
619,1888,1447,0,21
620,1889,1447,0,22
621,1890,1447,0,33
622,1889,1445,0,35
623,1890,1441,0,35
624,1889,1442,0,37
625,1888,1444,0,32
626,1889,1446,0,39
627,1888,1449,0,43
628,1889,1444,0,40
629,1889,1442,0,37
630,1893,1442,0,45
631,1895,1441,0,39
632,1894,1443,0,36
633,1898,1443,0,32
634,1899,1443,0,34
635,1897,1444,0,32
636,1898,1444,0,32
637,1901,1442,0,34
638,1906,1440,0,27
639,1905,1438,0,28
640,1903,1435,0,33
641,1907,1432,0,32
642,1908,1430,0,36
643,1906,1429,0,26
644,1900,1429,0,19
645,1894,1420,0,7
646,1888,1414,0,3
647,1878,1421,0,358
648,1877,1419,0,354
649,1873,1419,0,353
650,1877,1419,0,355
651,1875,1420,0,6
652,1870,1425,0,12
653,1861,1430,0,15
654,1854,1438,0,19
655,1844,1442,0,9
656,1840,1445,0,7
657,1836,1449,0,350
658,1830,1450,0,344
659,1821,1454,0,342
660,1822,1448,0,339
661,1824,1445,0,348
662,1823,1446,0,339
663,1820,1445,0,340
664,1819,1444,0,341
665,1816,1444,0,342
666,1815,1446,0,342
667,1817,1452,0,331
668,1819,1452,0,333
669,1820,1451,0,330
670,1817,1450,0,334
671,1813,1452,0,342
672,1800,1447,0,350
673,1793,1445,0,355
674,1791,1448,0,344
675,1783,1451,0,334
676,1780,1453,0,331
677,1775,1456,0,326
678,1769,1452,0,319
679,1758,1449,0,324
680,1747,1443,0,328
681,1731,1437,0,330
682,1724,1433,0,320
683,1722,1430,0,301
684,1712,1421,0,280
685,1705,1412,0,269
686,1701,1411,0,265
687,1696,1407,0,256
688,1696,1401,0,262
689,1698,1393,0,263
690,1699,1383,0,263
691,1701,1376,0,262
692,1698,1371,0,270
693,1699,1361,0,265
694,1701,1349,0,268
695,1701,1337,0,281
696,1700,1324,0,279
697,1694,1321,0,287
698,1687,1317,0,289
699,1688,1314,0,293
700,1681,1305,0,304
701,1675,1302,0,314
702,1670,1296,0,327
703,1664,1292,0,327
704,1657,1290,0,335
705,1652,1290,0,336
706,1648,1285,0,331
707,1647,1283,0,322
708,1637,1277,0,317
709,1628,1278,0,314
710,1620,1266,0,311
711,1617,1265,0,318
712,1614,1264,0,318
713,1605,1260,0,320
714,1601,1260,0,324
715,1595,1258,0,332
716,1588,1255,0,334
717,1585,1255,0,334
718,1585,1250,0,326
719,1585,1251,0,325
720,1586,1254,0,319
721,1586,1257,0,325
722,1585,1258,0,331
723,1586,1257,0,331
724,1587,1256,0,330
725,1584,1254,0,329
726,1584,1252,0,335
727,1580,1247,0,329
728,1575,1245,0,327
729,1573,1243,0,331
730,1567,1242,0,330
731,1568,1244,0,324
732,1570,1245,0,326
733,1566,1242,0,329
734,1564,1244,0,329
735,1566,1241,0,337
736,1565,1241,0,347
737,1562,1242,0,348
738,1561,1236,0,354
739,1561,1232,0,338
740,1561,1229,0,336
741,1559,1224,0,327
742,1556,1221,0,326
743,1556,1221,0,330
744,1556,1221,0,326
745,1558,1220,0,329
746,1558,1228,0,325
747,1555,1231,0,324
748,1549,1229,0,326
749,1544,1223,0,323
750,1539,1220,0,321
751,1529,1214,0,326
752,1523,1208,0,327
753,1512,1210,0,330
754,1502,1207,0,340
755,1496,1202,0,337
756,1495,1198,0,332
757,1495,1199,0,337
758,1490,1195,0,334
759,1486,1192,0,330
760,1480,1193,0,339
761,1474,1193,0,339
762,1466,1194,0,342
763,1461,1191,0,344
764,1460,1193,0,347
765,1461,1187,0,356
766,1463,1183,0,3
767,1463,1184,0,357
768,1463,1185,0,359
769,1462,1186,0,359
770,1464,1186,0,359
771,1467,1183,0,359
772,1465,1183,0,355
773,1465,1183,0,357
774,1466,1184,0,357
775,1467,1184,0,353
776,1467,1183,0,352
777,1468,1183,0,355
778,1466,1183,0,356
779,1466,1184,0,356
780,1465,1185,0,0
781,1463,1187,0,357
782,1458,1186,0,359
783,1455,1187,0,353
784,1451,1188,0,350
785,1444,1186,0,349
786,1436,1185,0,349
787,1433,1183,0,349
788,1433,1183,0,348
789,1434,1182,0,345
790,1434,1181,0,345
791,1434,1181,0,345
792,1437,1180,0,357
793,1443,1178,0,4
794,1441,1184,0,352
795,1436,1177,0,359
796,1435,1175,0,358
797,1433,1173,0,355
798,1435,1172,0,1
799,1438,1173,0,0
800,1441,1171,0,0
801,1442,1172,0,354
802,1442,1172,0,359
803,1441,1170,0,357
804,1442,1168,0,358
805,1445,1168,0,2
806,1445,1165,0,4
807,1449,1164,0,1
808,1452,1165,0,359
809,1451,1166,0,349
810,1450,1167,0,349
811,1449,1165,0,349
812,1449,1164,0,343
813,1453,1169,0,335
814,1449,1174,0,326
815,1446,1177,0,317
816,1447,1178,0,307
817,1453,1176,0,306
818,1449,1178,0,302
819,1445,1178,0,295
820,1447,1177,0,296
821,1447,1177,0,294
822,1448,1179,0,288
823,1449,1179,0,283
824,1450,1177,0,281
825,1451,1174,0,287
826,1449,1175,0,296
827,1443,1171,0,300
828,1441,1165,0,310
829,1441,1163,0,309
830,1445,1164,0,300
831,1454,1161,0,311
832,1457,1162,0,306
833,1462,1165,0,312
834,1464,1168,0,319
835,1459,1169,0,335
836,1456,1175,0,346
837,1454,1175,0,350
838,1452,1178,0,359
839,1450,1176,0,4
840,1446,1175,0,2
841,1444,1174,0,0
842,1444,1176,0,0
843,1443,1177,0,1
844,1442,1178,0,359
845,1442,1177,0,1
846,1442,1177,0,1
847,1441,1179,0,5
848,1436,1179,0,16
849,1433,1171,0,22
850,1432,1174,0,34
851,1433,1174,0,35
852,1434,1169,0,27
853,1431,1167,0,15
854,1430,1168,0,18
855,1427,1170,0,18
856,1426,1171,0,15
857,1429,1171,0,13
858,1432,1170,0,15
859,1430,1171,0,11
860,1431,1170,0,8
861,1430,1169,0,6
862,1431,1169,0,3
863,1431,1168,0,9
864,1429,1167,0,8
865,1427,1170,0,8
866,1424,1171,0,7
867,1425,1169,0,5
868,1427,1171,0,5
869,1429,1170,0,2
870,1432,1166,0,1
871,1430,1165,0,358
872,1430,1166,0,359
873,1431,1164,0,356
874,1432,1163,0,351
875,1433,1163,0,349
876,1432,1162,0,355
877,1431,1162,0,356
878,1431,1161,0,354
879,1429,1163,0,354
880,1426,1161,0,355
881,1431,1159,0,353
882,1432,1160,0,353
883,1434,1159,0,356
884,1434,1150,0,347
885,1438,1148,0,342
886,1441,1144,0,336
887,1437,1142,0,333
888,1438,1137,0,325
889,1430,1135,0,320
890,1422,1131,0,301
891,1418,1125,0,307
892,1413,1123,0,310
893,1414,1124,0,301
894,1413,1125,0,288
895,1411,1125,0,289
896,1410,1126,0,283
897,1408,1125,0,290
898,1407,1129,0,283
899,1405,1130,0,286
900,1403,1129,0,277
901,1406,1131,0,281
902,1406,1130,0,275
903,1405,1130,0,273
904,1403,1133,0,276
905,1401,1134,0,269
906,1403,1133,0,262
907,1403,1134,0,251
908,1401,1134,0,253
909,1401,1134,0,252
910,1403,1134,0,255
911,1401,1133,0,257
912,1400,1139,0,262
913,1399,1140,0,263
914,1397,1141,0,271
915,1398,1142,0,280
916,1394,1143,0,281
917,1391,1141,0,276
918,1390,1141,0,280
919,1388,1140,0,282
920,1386,1139,0,278
921,1386,1138,0,284
922,1385,1138,0,281
923,1384,1138,0,285
924,1387,1137,0,295
925,1393,1145,0,297
926,1393,1146,0,300
927,1387,1149,0,296
928,1387,1154,0,294
929,1386,1156,0,289
930,1385,1157,0,282
931,1388,1157,0,279
932,1391,1157,0,293
933,1391,1156,0,292
934,1391,1158,0,289
935,1390,1159,0,293
936,1388,1160,0,287
937,1393,1161,0,289
938,1394,1160,0,291
939,1393,1158,0,293
940,1395,1159,0,291
941,1393,1160,0,289
942,1392,1158,0,276
943,1391,1158,0,270
944,1389,1157,0,266
945,1389,1159,0,272
946,1390,1160,0,276
947,1391,1160,0,272
948,1391,1158,0,270
949,1392,1157,0,269
950,1394,1158,0,277
951,1395,1155,0,274
952,1394,1155,0,279
953,1392,1156,0,282
954,1391,1156,0,278
955,1391,1156,0,277
956,1391,1156,0,282
957,1393,1156,0,283
958,1395,1157,0,285
959,1397,1159,0,289
960,1401,1154,0,295
961,1402,1152,0,298
962,1403,1150,0,300
963,1400,1151,0,294
964,1399,1151,0,294
965,1400,1152,0,295
966,1401,1152,0,291
967,1400,1152,0,292
968,1399,1151,0,293
969,1399,1151,0,294
970,1400,1151,0,296
971,1403,1150,0,294
972,1402,1150,0,291
973,1402,1149,0,294
974,1404,1149,0,300
975,1401,1147,0,296
976,1401,1146,0,298
977,1405,1144,0,295
978,1405,1142,0,295
979,1412,1137,0,316
980,1414,1138,0,312
981,1418,1137,0,308
982,1418,1133,0,311
983,1421,1129,0,316
984,1423,1129,0,323
985,1419,1130,0,333
986,1418,1132,0,337
987,1418,1134,0,337
988,1417,1135,0,340
989,1411,1132,0,343
990,1412,1134,0,348
991,1411,1131,0,346
992,1410,1131,0,347
993,1408,1133,0,341
994,1409,1130,0,344
995,1413,1127,0,340
996,1419,1129,0,338
997,1422,1127,0,335
998,1423,1126,0,330
999,1425,1125,0,326
1000,1427,1125,0,328
1001,1428,1124,0,331
1002,1428,1122,0,330
1003,1429,1122,0,332
1004,1429,1123,0,334
1005,1430,1123,0,333
1006,1429,1122,0,334
1007,1429,1122,0,331
1008,1430,1123,0,317
1009,1430,1121,0,306
1010,1431,1120,0,300
1011,1428,1117,0,293
1012,1426,1114,0,287
1013,1426,1115,0,276
1014,1428,1111,0,274
1017,1427,1092,0,236
1018,1428,1087,0,234
1019,1431,1084,0,238
1020,1434,1080,0,228
1021,1437,1076,0,229
1022,1441,1074,0,228
1023,1441,1072,0,231
1024,1447,1067,0,242
1025,1450,1067,0,253
1026,1450,1066,0,252
1027,1449,1066,0,251
1028,1449,1066,0,254
1029,1449,1066,0,255
1030,1450,1067,0,256
1031,1452,1067,0,254
1032,1454,1064,0,258
1033,1453,1064,0,257
1034,1452,1064,0,255
1035,1452,1065,0,255
1036,1453,1065,0,251
1037,1452,1067,0,253
1038,1446,1069,0,241
1039,1447,1072,0,248
1040,1448,1073,0,245
1041,1448,1072,0,240
1042,1448,1069,0,233
1043,1445,1063,0,232
1044,1441,1056,0,219
1045,1441,1058,0,216
1046,1439,1059,0,213
1047,1440,1058,0,203
1048,1438,1056,0,191
1049,1435,1058,0,194
1050,1432,1061,0,203
1051,1430,1061,0,208
1052,1428,1061,0,221
1053,1423,1060,0,229
1054,1421,1062,0,240
1055,1419,1061,0,238
1056,1416,1062,0,243
1057,1416,1060,0,249
1058,1417,1062,0,244
1059,1417,1062,0,244
1060,1417,1061,0,244
1061,1415,1059,0,240
1062,1416,1060,0,242
1063,1414,1061,0,246
1064,1409,1064,0,238
1065,1407,1066,0,240
1066,1406,1067,0,241
1067,1405,1068,0,242
1068,1404,1070,0,241
1069,1407,1068,0,246
1070,1407,1074,0,252
1071,1410,1076,0,256
1072,1416,1072,0,249
1073,1418,1072,0,239
1074,1419,1073,0,237
1075,1420,1071,0,245
1076,1421,1065,0,253
1077,1422,1063,0,270
1078,1427,1060,0,275
1079,1432,1061,0,281
1080,1436,1058,0,280
1081,1438,1055,0,287
1082,1437,1051,0,293
1083,1438,1045,0,300
1084,1437,1049,0,297
1085,1439,1048,0,305
1086,1435,1053,0,299
1087,1435,1053,0,297
1088,1436,1054,0,296
1089,1436,1056,0,290
1090,1435,1057,0,284
1091,1434,1058,0,285
1092,1434,1059,0,285
1093,1433,1060,0,284
1094,1433,1059,0,285
1095,1432,1059,0,284
1096,1432,1059,0,285
1097,1433,1059,0,282
1098,1432,1060,0,280
1099,1432,1060,0,279
1100,1432,1060,0,277
1101,1432,1062,0,282
1102,1432,1065,0,281
1103,1433,1065,0,280
1104,1433,1066,0,281
1105,1433,1066,0,279
1106,1432,1064,0,273
1107,1432,1064,0,270
1108,1433,1061,0,267
1109,1434,1060,0,274
1110,1435,1059,0,275
1111,1436,1059,0,278
1112,1437,1057,0,277
1113,1437,1056,0,276
1114,1436,1057,0,276
1115,1433,1058,0,278
1116,1433,1060,0,278
1117,1433,1059,0,275
1118,1434,1059,0,276
1119,1436,1056,0,277
1120,1437,1056,0,276
1121,1436,1056,0,278
1122,1433,1060,0,271
1123,1430,1065,0,274
1124,1425,1070,0,272
1125,1423,1070,0,273
1126,1423,1074,0,268
1127,1422,1075,0,265
1128,1420,1074,0,256
1129,1420,1074,0,249
1130,1420,1073,0,247
1131,1420,1073,0,238
1132,1421,1073,0,237
1133,1419,1073,0,228
1134,1419,1073,0,229
1135,1418,1075,0,234
1136,1418,1075,0,230
1137,1417,1075,0,230
1138,1416,1077,0,235
1139,1416,1076,0,234
1140,1416,1076,0,234
1141,1416,1076,0,235
1142,1417,1076,0,238
1143,1417,1074,0,233
1144,1417,1077,0,236
1145,1417,1077,0,234
1146,1416,1076,0,231
1147,1417,1076,0,232
1148,1418,1076,0,230
1149,1418,1077,0,231
1150,1419,1077,0,230
1151,1419,1077,0,233
1152,1418,1077,0,231
1153,1417,1078,0,235
1154,1415,1078,0,229
1155,1414,1078,0,228
1156,1414,1079,0,231
1157,1413,1082,0,239
1158,1411,1078,0,229
1159,1410,1077,0,225
1160,1410,1080,0,224
1161,1410,1082,0,224
1162,1410,1082,0,225
1163,1409,1082,0,228
1164,1408,1082,0,232
1165,1407,1081,0,226
1166,1406,1078,0,234
1167,1407,1079,0,241
1168,1407,1081,0,238
1169,1409,1084,0,258
1170,1409,1086,0,259
1171,1410,1086,0,254
1172,1410,1086,0,246
1173,1411,1087,0,245
1174,1409,1087,0,233
1175,1409,1086,0,230
1176,1409,1089,0,238
1177,1408,1090,0,233
1178,1409,1092,0,254
1179,1407,1093,0,252
1180,1407,1093,0,249
1181,1408,1095,0,253
1182,1408,1094,0,249
1183,1411,1093,0,255
1184,1410,1092,0,260
1185,1410,1088,0,264
1186,1411,1086,0,264
1187,1410,1087,0,272
1188,1410,1086,0,274
1189,1411,1086,0,279
1190,1412,1084,0,281
1191,1413,1081,0,282
1192,1418,1076,0,294
1193,1410,1082,0,291
1194,1408,1085,0,282
1195,1402,1088,0,274
1196,1402,1083,0,264
1197,1405,1080,0,252
1198,1414,1079,0,248
1199,1415,1075,0,234
1200,1414,1074,0,221
1201,1412,1074,0,218
1202,1413,1072,0,216
1203,1413,1067,0,216
1204,1414,1066,0,215
1205,1413,1064,0,211
1206,1412,1061,0,208
1207,1413,1063,0,210
1208,1412,1059,0,202
1209,1411,1060,0,205
1210,1411,1062,0,210
1211,1409,1062,0,208
1212,1412,1066,0,215
1213,1416,1067,0,218
1214,1408,1063,0,200
1215,1406,1063,0,191
1216,1403,1066,0,198
1217,1402,1066,0,199
1218,1402,1065,0,192
1219,1403,1064,0,189
1220,1402,1067,0,189
1221,1405,1065,0,180
1222,1405,1063,0,170
1223,1407,1062,0,166
1224,1407,1057,0,167
1225,1407,1056,0,163
1226,1408,1058,0,169
1227,1408,1056,0,164
1228,1407,1058,0,173
1229,1408,1056,0,170
1230,1407,1057,0,170
1231,1408,1057,0,173
1232,1408,1059,0,176
1233,1410,1058,0,177
1234,1410,1057,0,175
1235,1409,1054,0,162
1236,1409,1054,0,160
1237,1409,1053,0,164
1238,1410,1052,0,165
1239,1409,1054,0,166
1240,1407,1058,0,177
1241,1408,1057,0,165
1242,1406,1057,0,163
1243,1404,1061,0,179
1244,1403,1062,0,174
1245,1403,1062,0,169
1246,1404,1064,0,176
1247,1405,1063,0,170
1248,1413,1069,0,177
1249,1416,1070,0,178
1250,1417,1073,0,183
1251,1417,1075,0,182
1252,1418,1075,0,187
1253,1420,1077,0,201
1254,1416,1075,0,207
1255,1415,1077,0,210
1256,1425,1087,0,242
1257,1427,1086,0,234
1258,1422,1079,0,217
1259,1422,1080,0,230
1260,1419,1081,0,237
1261,1415,1086,0,238
1262,1414,1090,0,243
1263,1413,1098,0,242
1264,1411,1097,0,239
1265,1415,1094,0,232
1266,1416,1091,0,230
1267,1415,1089,0,227
1268,1417,1089,0,228
1269,1420,1089,0,237
1270,1422,1091,0,236
1271,1422,1092,0,236
1272,1422,1091,0,230
1273,1424,1088,0,237
1274,1423,1088,0,234
1275,1423,1089,0,242
1276,1421,1088,0,240
1277,1420,1088,0,234
1278,1420,1087,0,231
1279,1419,1087,0,229
1280,1418,1087,0,230
1281,1417,1087,0,227
1282,1417,1088,0,226
1283,1417,1089,0,232
1284,1420,1090,0,241
1285,1419,1088,0,238
1286,1419,1088,0,244
1287,1418,1087,0,241
1288,1417,1085,0,241
1289,1417,1085,0,240
1290,1417,1086,0,235
1291,1418,1085,0,236
1292,1419,1081,0,235
1293,1423,1084,0,225
1294,1421,1083,0,222
1295,1421,1083,0,216
1296,1421,1080,0,213
1297,1420,1079,0,204
1298,1420,1078,0,206
1299,1420,1079,0,220
1300,1419,1080,0,220
1301,1418,1081,0,216
1302,1418,1081,0,231
1303,1420,1077,0,234
1304,1422,1072,0,237
1305,1422,1070,0,242
1306,1421,1069,0,243
1307,1420,1068,0,246
1308,1420,1067,0,251
1309,1422,1066,0,249
1310,1422,1064,0,249
1311,1420,1065,0,249
1312,1416,1065,0,255
1313,1414,1064,0,257
1314,1412,1064,0,258
1315,1412,1064,0,259
1316,1413,1061,0,259
1317,1414,1057,0,257
1318,1412,1056,0,253
1319,1415,1051,0,252
1320,1416,1045,0,249
1321,1418,1034,0,251
1322,1424,1029,0,257
1323,1428,1025,0,254
1324,1430,1024,0,251
1325,1429,1023,0,253
1326,1434,1022,0,256
1327,1435,1023,0,262
1328,1432,1023,0,254
1329,1435,1025,0,260
1330,1437,1023,0,256
1331,1435,1025,0,256
1332,1433,1023,0,242
1333,1433,1023,0,241
1334,1433,1021,0,243
1335,1432,1018,0,249
1336,1432,1020,0,251
1337,1432,1020,0,251
1338,1433,1021,0,248
1339,1433,1021,0,252
1340,1433,1020,0,251
1341,1434,1021,0,250
1342,1433,1020,0,250
1343,1435,1021,0,249
1344,1436,1023,0,252
1345,1434,1022,0,256
1346,1434,1021,0,255
1347,1435,1023,0,254
1348,1433,1023,0,255
1349,1432,1023,0,259
1350,1431,1024,0,259
1351,1430,1025,0,255
1352,1429,1025,0,254
1353,1429,1024,0,258
1354,1430,1023,0,261
1355,1430,1023,0,264
1356,1429,1024,0,267
1357,1429,1025,0,271
1358,1430,1026,0,283
1359,1429,1025,0,283
1360,1431,1025,0,276
1361,1430,1024,0,275
1362,1429,1023,0,269
1363,1429,1023,0,269
1364,1429,1025,0,270
1365,1430,1025,0,271
1366,1429,1024,0,270
1367,1429,1024,0,270
1368,1431,1027,0,269
1369,1431,1030,0,263
1370,1431,1030,0,262
1371,1434,1029,0,272
1372,1433,1028,0,276
1373,1433,1027,0,280
1374,1436,1027,0,276
1375,1436,1026,0,279
1376,1437,1028,0,278
1377,1437,1026,0,287
1378,1441,1025,0,300
1379,1438,1019,0,309
1380,1440,1016,0,314
1381,1433,1013,0,314
1382,1428,1007,0,310
1383,1425,1004,0,306
1384,1422,1000,0,295
1385,1421,994,0,293
1386,1414,991,0,281
1387,1411,985,0,282
1388,1408,989,0,275
1389,1405,986,0,270
1390,1403,979,0,266
1391,1407,971,0,263
1392,1395,965,0,252
1393,1398,953,0,251
1394,1397,942,0,229
1395,1400,940,0,240
1396,1396,930,0,239
1397,1394,921,0,228
1398,1391,913,0,215
1399,1390,904,0,207
1400,1392,900,0,191
1401,1390,897,0,182
1402,1395,890,0,172
1403,1395,885,0,172
1404,1398,887,0,170
1405,1400,881,0,173
1406,1400,882,0,173
1407,1404,882,0,181
1408,1410,879,0,180
1409,1409,881,0,177
1410,1411,880,0,183
1411,1413,886,0,189
1412,1412,888,0,188
1413,1409,884,0,186
1414,1409,884,0,188
1415,1407,884,0,186
1416,1405,884,0,185
1417,1405,884,0,188
1418,1405,884,0,189
1419,1406,884,0,185
1420,1405,885,0,183
1421,1404,885,0,183
1422,1403,886,0,184
1423,1403,886,0,186
1424,1404,886,0,185
1425,1404,887,0,189
1426,1404,887,0,188
1427,1405,887,0,189
1428,1405,886,0,191
1429,1406,886,0,186
1430,1406,886,0,188
1431,1406,886,0,184
1432,1407,887,0,183
1433,1409,887,0,193
1434,1407,885,0,202
1435,1408,884,0,204
1436,1408,884,0,202
1437,1408,885,0,202
1438,1408,884,0,202
1439,1407,886,0,201
1440,1407,886,0,204
1441,1408,886,0,204
1442,1408,885,0,202
1443,1408,885,0,202
1444,1408,885,0,201
1445,1408,886,0,203
1446,1408,888,0,207
1447,1408,888,0,208
1448,1408,887,0,206
1449,1407,887,0,205
1450,1407,887,0,204
1451,1408,886,0,204
1452,1407,886,0,206
1453,1408,885,0,211
1454,1408,885,0,209
1455,1408,885,0,208
1456,1409,886,0,204
1457,1407,884,0,204
1458,1408,884,0,202
1459,1409,882,0,207
1460,1411,882,0,221
1461,1411,882,0,228
1462,1411,880,0,237
1463,1410,881,0,257
1464,1410,875,0,272
1465,1410,871,0,274
1466,1409,868,0,278
1467,1408,867,0,279
1468,1407,865,0,274
1469,1407,863,0,269
1470,1407,859,0,269
1471,1407,855,0,258
1472,1411,850,0,254
1473,1418,843,0,253
1474,1417,832,0,252
1475,1426,824,0,258
1476,1425,817,0,244
1477,1423,817,0,248
1478,1427,822,0,263
1479,1423,817,0,258
1480,1423,816,0,258
1481,1424,816,0,266
1482,1423,814,0,263
1483,1422,816,0,261
1484,1422,817,0,267
1485,1428,814,0,270
1486,1434,815,0,276
1487,1432,812,0,278
1488,1428,807,0,280
1489,1428,799,0,288
1490,1427,793,0,283
1491,1422,786,0,287
1492,1421,782,0,290
1493,1419,779,0,291
1494,1417,777,0,296
1495,1417,774,0,306
1496,1416,773,0,310
1497,1416,774,0,310
1498,1415,771,0,309
1499,1415,770,0,309
1500,1416,771,0,309
1501,1417,770,0,312
1502,1416,772,0,312
1503,1416,769,0,308
1504,1417,769,0,302
1505,1420,769,0,304
1506,1425,773,0,309
1507,1423,777,0,313
1508,1420,782,0,327
1509,1423,777,0,337
1510,1423,779,0,344
1511,1422,780,0,351
1512,1421,780,0,354
1513,1417,784,0,356
1514,1417,786,0,352
1515,1419,787,0,352
1516,1417,783,0,355
1517,1416,784,0,355
1518,1417,789,0,347
1519,1417,788,0,350
1520,1417,788,0,356
1521,1416,787,0,356
1522,1417,789,0,349
1523,1416,787,0,353
1524,1414,785,0,352
1525,1409,783,0,348
1526,1406,786,0,354
1527,1401,788,0,0
1528,1396,790,0,8
1529,1392,791,0,14
1530,1391,795,0,10
1531,1392,791,0,17
1532,1395,796,0,6
1533,1393,793,0,12
1534,1395,797,0,2
1535,1397,799,0,0
1536,1397,801,0,357
1537,1396,801,0,354
1538,1396,796,0,357
1539,1394,795,0,359
1540,1393,797,0,359
1541,1393,800,0,357
1542,1393,800,0,1
1543,1392,793,0,10
1544,1392,795,0,5
1545,1396,794,0,9
1546,1396,789,0,10
1547,1397,789,0,22
1548,1394,789,0,22
1549,1389,786,0,30
1550,1391,787,0,25
1551,1390,788,0,24
1552,1388,789,0,25
1553,1390,788,0,27
1554,1389,786,0,29
1555,1388,784,0,35
1556,1385,784,0,35
1557,1385,785,0,34
1558,1388,786,0,29
1559,1389,787,0,25
1560,1390,786,0,21
1561,1388,785,0,24
1562,1389,786,0,22
1563,1390,786,0,17
1564,1387,784,0,20
1565,1390,787,0,12
1566,1389,787,0,17
1567,1392,789,0,17
1568,1390,792,0,12
1569,1390,794,0,6
1570,1390,792,0,13
1571,1389,790,0,16
1572,1389,790,0,12
1573,1389,789,0,13
1574,1388,788,0,15
1575,1387,787,0,16
1576,1387,788,0,13
1577,1386,788,0,14
1578,1385,789,0,13
1579,1384,790,0,15
1580,1383,790,0,19
1581,1383,789,0,23
1582,1385,793,0,16
1583,1387,794,0,12
1584,1386,792,0,13
1585,1386,790,0,16
1586,1386,792,0,13
1587,1385,792,0,13
1588,1384,793,0,12
1589,1384,792,0,13
1590,1383,792,0,12
1591,1385,792,0,9
1592,1383,792,0,14
1593,1384,792,0,13
1594,1384,791,0,15
1595,1385,796,0,9
1596,1383,795,0,10
1597,1385,795,0,13
1598,1386,793,0,18
1599,1385,793,0,16
1600,1386,796,0,8
1601,1387,796,0,18
1602,1387,795,0,14
1603,1387,795,0,10
1604,1386,795,0,10
1605,1384,796,0,11
1606,1380,796,0,10
1607,1382,799,0,10
1608,1381,798,0,15
1609,1379,799,0,17
1610,1382,800,0,12
1611,1383,797,0,14
1612,1382,794,0,15
1613,1381,794,0,8
1614,1381,791,0,6
1615,1382,789,0,5
1616,1380,790,0,18
1617,1379,790,0,16
1618,1379,789,0,18
1619,1378,791,0,18
1620,1376,794,0,12
1621,1379,794,0,14
1622,1379,792,0,12
1623,1379,794,0,11
1624,1381,793,0,12
1625,1380,796,0,11
1626,1379,797,0,12
1627,1379,799,0,14
1628,1379,802,0,12
1629,1379,800,0,8
1630,1383,799,0,7
1631,1384,796,0,6
1632,1385,789,0,1
1633,1387,791,0,7
1634,1385,793,0,11
1635,1385,792,0,8
1636,1382,795,0,10
1637,1383,790,0,10
1638,1381,794,0,6
1639,1379,795,0,5
1640,1379,796,0,3
1641,1377,797,0,0
1642,1375,797,0,352
1643,1370,798,0,344
1644,1366,798,0,342
1645,1364,797,0,340
1646,1362,794,0,342
1647,1359,793,0,340
1648,1359,797,0,342
1649,1358,802,0,347
1650,1355,801,0,351
1651,1351,799,0,351
1652,1349,803,0,356
1653,1348,800,0,1
1654,1345,804,0,2
1655,1343,806,0,2
1656,1343,809,0,4
1657,1341,815,0,10
1658,1339,815,0,18
1659,1338,823,0,30
1660,1336,824,0,35
1661,1341,828,0,26
1662,1342,832,0,24
1663,1342,834,0,24
1664,1341,833,0,26
1665,1342,835,0,20
1666,1341,836,0,19
1667,1340,837,0,19
1668,1340,837,0,20
1669,1340,838,0,17
1670,1341,841,0,16
1671,1341,840,0,18
1672,1340,839,0,17
1673,1340,840,0,16
1674,1339,836,0,20
1675,1338,836,0,14
1676,1337,836,0,11
1677,1338,838,0,4
1678,1337,839,0,3
1679,1335,839,0,16
1680,1334,842,0,17
1681,1333,845,0,10
1682,1334,849,0,5
1683,1333,849,0,7
1684,1335,851,0,5
1685,1336,853,0,3
1686,1336,854,0,1
1687,1336,853,0,6
1688,1337,847,0,2
1689,1337,846,0,1
1690,1338,844,0,2
1691,1340,845,0,3
1692,1340,844,0,3
1693,1339,844,0,2
1694,1339,843,0,1
1695,1339,842,0,2
1696,1339,842,0,2
1697,1339,844,0,1
1698,1338,845,0,359
1699,1338,843,0,3
1700,1338,843,0,2
1701,1339,843,0,3
1702,1339,843,0,4
1703,1339,845,0,4
1704,1339,846,0,3
1705,1339,848,0,359
1706,1339,849,0,359
1707,1339,848,0,1
1708,1339,848,0,3
1709,1338,847,0,12
1710,1340,849,0,8
1711,1339,849,0,5
1712,1339,848,0,7
1713,1341,849,0,5
1714,1340,849,0,5
1715,1337,849,0,2
1716,1336,849,0,3
1717,1336,849,0,359
1718,1336,849,0,2
1719,1333,850,0,3
1720,1334,849,0,6
1721,1333,847,0,6
1722,1334,845,0,7
1723,1334,845,0,3
1724,1333,845,0,5
1725,1332,844,0,5
1726,1332,843,0,7
1727,1332,844,0,6
1728,1332,844,0,5
1729,1331,845,0,2
1730,1333,844,0,2
1731,1334,843,0,4
1732,1335,844,0,6
1733,1337,843,0,6
1734,1336,844,0,5
1735,1337,844,0,4
1736,1337,845,0,4
1737,1336,845,0,4
1738,1336,844,0,5
1739,1335,846,0,9
1740,1337,848,0,6
1741,1337,848,0,4
1742,1338,848,0,7
1743,1336,851,0,1
1744,1336,850,0,1
1745,1335,849,0,2
1746,1333,848,0,4
1747,1334,850,0,2
1748,1337,845,0,0
1749,1337,844,0,356
1750,1337,846,0,353
1751,1337,844,0,351
1752,1337,847,0,347
1753,1335,849,0,354
1754,1335,846,0,359
1755,1333,848,0,356
1756,1334,849,0,349
1757,1335,849,0,352
1758,1336,848,0,0
1759,1334,849,0,359
1760,1337,844,0,357
1761,1336,844,0,355
1762,1337,842,0,355
1763,1337,842,0,359
1764,1335,843,0,6
1765,1338,840,0,4
1766,1335,846,0,359
1767,1333,850,0,358
1768,1333,847,0,357
1769,1331,850,0,356
1770,1330,851,0,355
1771,1331,852,0,356
1772,1331,846,0,357
1773,1330,847,0,357
1774,1330,854,0,351
1775,1331,844,0,353
1776,1334,844,0,354
1777,1336,843,0,354
1778,1335,846,0,355
1779,1333,844,0,358
1780,1332,843,0,351
1781,1333,842,0,356
1782,1335,840,0,2
1783,1336,842,0,5
1784,1336,843,0,4
1785,1335,842,0,2
1786,1334,843,0,1
1787,1333,843,0,1
1788,1335,842,0,359
1789,1335,843,0,2
1790,1335,842,0,0
1791,1335,842,0,357
1792,1335,842,0,357
1793,1335,842,0,355
1794,1334,843,0,356
1795,1337,842,0,359
1796,1337,842,0,2
1797,1338,842,0,357
1798,1337,842,0,359
1799,1337,843,0,0
1800,1336,843,0,2
1801,1338,843,0,0
1802,1338,843,0,0
1803,1338,843,0,2
1804,1336,843,0,3
1805,1336,843,0,3
1806,1337,842,0,3
1807,1338,843,0,7
1808,1338,843,0,4
1809,1338,844,0,5
1810,1338,843,0,3
1811,1339,843,0,3
1812,1339,843,0,2
1813,1338,843,0,1
1814,1338,843,0,3
1815,1338,843,0,6
1816,1337,843,0,6
1817,1338,843,0,7
1818,1338,844,0,7
1819,1337,843,0,10
1820,1337,842,0,13
1821,1337,844,0,11
1822,1338,843,0,11
1823,1337,843,0,10
1824,1336,842,0,4
1825,1338,841,0,3
1826,1338,841,0,6
1827,1338,842,0,9
1828,1337,842,0,4
1829,1337,842,0,4
1830,1337,842,0,5
1831,1337,842,0,3
1832,1338,842,0,3
1833,1335,842,0,0
1834,1336,842,0,0
1835,1338,842,0,1
1836,1338,843,0,5
1837,1338,843,0,8
1838,1337,842,0,7
1839,1338,842,0,10
1840,1337,844,0,13
1841,1338,843,0,11
1842,1337,842,0,10
1843,1337,842,0,7
1844,1336,841,0,2
1845,1337,842,0,6
1846,1337,842,0,7
1847,1337,843,0,8
1848,1338,842,0,9
1849,1337,842,0,358
1850,1337,842,0,0
1851,1336,842,0,2
1852,1337,842,0,4
1853,1337,841,0,4
1854,1338,841,0,5
1855,1338,841,0,8
1856,1337,841,0,8
1857,1338,841,0,8
1858,1337,842,0,3
1859,1338,843,0,5
1860,1337,842,0,5
1861,1337,842,0,6
1862,1338,842,0,7
1863,1339,842,0,9
1864,1338,841,0,8
1865,1339,842,0,10
1866,1338,843,0,15
1867,1338,843,0,17
1868,1338,843,0,15
1869,1338,842,0,10
1870,1337,843,0,6
1871,1338,843,0,2
1872,1337,842,0,6
1873,1337,843,0,5
1874,1336,841,0,2
1875,1336,841,0,3
1876,1337,841,0,5
1877,1337,841,0,5
1878,1338,841,0,1
1879,1338,841,0,2
1880,1339,841,0,2
1881,1338,841,0,2
1882,1337,842,0,3
1883,1338,842,0,4
1884,1337,842,0,2
1885,1336,842,0,4
1886,1336,841,0,3
1887,1337,841,0,3
1888,1337,841,0,3
1889,1336,841,0,5
1890,1337,843,0,8
1891,1337,843,0,7
1892,1337,841,0,6
1893,1337,841,0,2
1894,1337,841,0,1
1895,1338,842,0,4
1896,1338,842,0,2
1897,1338,841,0,3
1898,1337,843,0,4
1899,1337,843,0,4
1900,1335,843,0,4
1901,1337,842,0,4
1902,1337,842,0,2
1903,1337,842,0,4
1904,1336,842,0,4
1905,1337,842,0,5
1906,1336,843,0,2
1907,1336,843,0,6
1908,1335,841,0,9
1909,1332,839,0,4
1910,1331,838,0,5
1911,1332,837,0,7
1912,1331,836,0,8
1913,1331,835,0,10
1914,1330,834,0,12
1915,1334,837,0,4
1916,1334,839,0,5
1917,1333,840,0,4
1918,1333,840,0,358
1919,1333,841,0,353
1920,1333,841,0,353
1921,1333,838,0,357
1922,1332,840,0,352
1923,1332,840,0,354
1924,1332,838,0,356
1925,1331,838,0,358
1926,1331,834,0,6
1927,1332,833,0,6
1928,1333,836,0,5
1929,1333,839,0,1
1930,1334,839,0,1
1931,1332,838,0,358
1932,1331,837,0,0
1933,1331,837,0,1
1934,1332,837,0,1
1935,1331,835,0,5
1936,1331,834,0,13
1937,1331,833,0,7
1938,1330,834,0,359
1939,1330,833,0,359
1940,1334,836,0,4
1941,1337,842,0,9
1942,1338,848,0,0
1943,1337,850,0,352
1944,1335,846,0,354
1945,1333,843,0,354
1946,1331,840,0,357
1947,1331,839,0,1
1948,1329,837,0,4
1949,1327,836,0,358
1950,1326,836,0,357
1951,1327,836,0,356
1952,1327,835,0,0
1953,1327,835,0,1
1954,1328,834,0,359
1955,1327,833,0,1
1956,1326,833,0,1
1957,1326,833,0,359
1958,1326,832,0,1
1959,1328,832,0,0
1960,1328,833,0,0
1961,1329,832,0,1
1962,1327,833,0,358
1963,1327,833,0,0
1964,1329,834,0,359
1965,1329,832,0,359
1966,1327,833,0,2
1967,1327,831,0,4
1968,1326,827,0,9
1969,1329,836,0,3
1970,1331,835,0,358
1971,1327,832,0,359
1972,1327,835,0,353
1973,1329,837,0,356
1974,1330,837,0,355
1975,1329,837,0,354
1976,1331,839,0,353
1977,1332,840,0,354
1978,1331,840,0,356
1979,1331,841,0,355
1980,1331,838,0,352
1981,1331,837,0,353
1982,1330,838,0,351
1983,1329,840,0,349
1984,1329,840,0,350
1985,1330,840,0,353
1986,1331,842,0,351
1987,1330,842,0,352
1988,1331,841,0,354
1989,1330,842,0,353
1990,1328,842,0,353
1991,1327,841,0,356
1992,1325,841,0,355
1993,1324,840,0,354
1994,1323,842,0,350
1995,1325,841,0,348
1996,1324,838,0,357
1997,1326,837,0,358
1998,1328,840,0,348
1999,1326,839,0,346
2000,1326,841,0,343
2001,1326,840,0,347
2002,1326,842,0,347
2003,1325,843,0,344
2004,1324,842,0,345
2005,1323,842,0,350
2006,1324,843,0,353
2007,1325,847,0,345
2008,1325,847,0,349
2009,1325,848,0,345
2010,1324,846,0,347
2011,1324,851,0,337
2012,1323,851,0,336
2013,1324,852,0,333
2014,1326,852,0,334
2015,1325,853,0,330
2016,1325,852,0,331
2017,1325,852,0,330
2018,1325,852,0,334
2019,1324,855,0,331
2020,1324,854,0,331
2021,1324,853,0,335
2022,1325,852,0,336
2023,1322,856,0,325
2024,1323,854,0,327
2025,1322,853,0,326
2026,1323,853,0,325
2027,1323,852,0,325
2028,1322,852,0,324
2029,1321,853,0,328
2030,1318,850,0,339
2031,1319,850,0,342
2032,1323,851,0,337
2033,1327,849,0,332
2034,1326,849,0,325
2035,1328,848,0,321
2036,1328,845,0,318
2037,1329,840,0,304
2038,1330,839,0,294
2039,1328,835,0,280
2040,1323,834,0,265
2041,1319,836,0,257
2042,1318,837,0,246
2043,1318,837,0,242
2044,1319,835,0,238
2045,1319,831,0,231
2046,1319,831,0,227
2047,1320,831,0,230
2048,1319,831,0,231
2049,1316,829,0,235
2050,1315,826,0,237
2051,1315,827,0,233
2052,1315,825,0,236
2053,1316,824,0,243
2054,1317,822,0,251
2055,1317,823,0,248
2056,1316,824,0,240
2057,1316,825,0,233
2058,1315,826,0,229
2059,1316,826,0,221
2060,1314,826,0,216
2061,1316,826,0,225
2062,1314,825,0,228
2063,1313,827,0,231
2064,1310,821,0,222
2065,1309,819,0,214
2066,1314,823,0,228
2067,1313,823,0,223
2068,1313,822,0,215
2069,1316,821,0,214
2070,1315,824,0,215
2071,1317,826,0,229
2072,1318,826,0,226
2073,1318,825,0,220
2074,1316,822,0,218
2075,1316,822,0,209
2076,1315,823,0,207
2077,1318,825,0,226
2078,1317,825,0,225
2079,1319,826,0,226
2080,1320,830,0,224
2081,1320,828,0,218
2082,1320,827,0,213
2083,1326,846,0,220
2084,1326,845,0,226
2085,1324,844,0,222
2086,1323,844,0,210
2087,1323,838,0,205
2088,1323,834,0,203
2089,1323,830,0,206
2090,1324,833,0,206
2091,1325,834,0,212
2092,1326,836,0,212
2093,1323,830,0,204
2094,1325,837,0,202
2095,1323,833,0,205
2096,1323,830,0,196
2097,1326,832,0,191
2098,1326,834,0,190
2099,1325,837,0,197
2100,1326,837,0,195
2101,1328,837,0,198
2102,1329,839,0,197
2103,1328,840,0,200
2104,1326,841,0,210
2105,1323,845,0,195
2106,1322,849,0,189
2107,1321,845,0,168
2108,1321,844,0,170
2109,1316,851,0,167
2110,1315,852,0,162
2111,1311,849,0,152
2112,1310,851,0,144
2113,1311,854,0,139
2114,1311,853,0,138
2115,1310,848,0,129
2116,1309,847,0,121
2117,1310,849,0,111
2118,1310,850,0,103
2119,1310,852,0,102
2120,1310,852,0,99
2121,1310,854,0,93
2122,1312,858,0,100
2123,1311,860,0,107
2124,1311,861,0,104
2125,1311,852,0,96
2126,1311,853,0,88
2127,1312,854,0,93
2128,1311,855,0,84
2129,1312,858,0,74
2130,1310,860,0,64
2131,1308,863,0,48
2132,1303,868,0,43
2133,1299,867,0,31
2134,1295,865,0,21
2135,1290,864,0,27
2136,1289,862,0,16
2137,1281,864,0,10
2138,1278,864,0,9
2139,1273,864,0,7
2140,1270,863,0,3
2141,1269,863,0,2
2142,1267,864,0,1
2143,1268,865,0,359
2144,1270,866,0,358
2145,1269,866,0,354
2146,1268,866,0,356
2147,1270,868,0,356
2148,1269,869,0,354
2149,1271,871,0,357
2150,1269,871,0,359
2151,1270,868,0,3
2152,1270,868,0,0
2153,1270,867,0,2
2154,1270,866,0,0
2155,1268,867,0,359
2156,1264,864,0,358
2157,1265,859,0,11
2158,1262,861,0,7
2159,1258,852,0,27
2160,1254,849,0,34
2161,1249,849,0,40
2162,1244,855,0,44
2163,1243,859,0,55
2164,1242,865,0,64
2165,1245,872,0,78
2166,1244,876,0,86
2167,1245,880,0,84
2168,1243,883,0,83
2169,1243,883,0,78
2170,1242,884,0,62
2171,1245,889,0,48
2172,1242,893,0,40
2173,1243,898,0,29
2174,1240,899,0,35
2175,1243,904,0,36
2176,1243,911,0,39
2177,1237,918,0,38
2178,1232,920,0,20
2179,1232,916,0,23
2180,1232,917,0,21
2181,1229,920,0,27
2182,1228,923,0,23
2183,1228,927,0,26
2184,1229,926,0,41
2185,1230,928,0,47
2186,1227,929,0,58
2187,1225,934,0,65
2188,1223,940,0,77
2189,1222,945,0,79
2190,1221,948,0,81
2191,1221,950,0,83
2192,1223,951,0,90
2193,1223,954,0,96
2194,1223,958,0,106
2195,1224,961,0,109
2196,1223,962,0,117
2197,1224,963,0,115
2198,1223,966,0,116
2199,1222,968,0,124
2200,1223,967,0,119
2201,1224,966,0,121
2202,1227,971,0,117
2203,1229,975,0,118
2214,1252,993,0,115
2215,1251,996,0,111
2216,1252,1001,0,114
2217,1255,1007,0,130
2218,1255,1015,0,149
2219,1257,1021,0,153
2220,1270,1024,0,139
2221,1265,1031,0,148
2222,1261,1029,0,149
2223,1261,1030,0,152
2224,1260,1030,0,153
2225,1259,1030,0,154
2226,1259,1029,0,157
2227,1259,1028,0,161
2228,1257,1027,0,157
2229,1256,1026,0,156
2230,1256,1026,0,155
2231,1255,1025,0,150
2232,1254,1021,0,150
2233,1255,1022,0,148
2234,1254,1022,0,143
2235,1254,1022,0,140
2236,1256,1021,0,136
2237,1255,1023,0,147
2238,1256,1024,0,151
2239,1256,1025,0,154
2240,1257,1025,0,158
2241,1257,1025,0,161
2242,1258,1025,0,159
2243,1258,1025,0,157
2244,1257,1024,0,154
2245,1257,1026,0,162
2246,1257,1029,0,171
2247,1257,1029,0,175
2248,1258,1029,0,179
2249,1256,1030,0,185
2250,1254,1030,0,176
2251,1253,1028,0,160
2252,1256,1026,0,143
2253,1255,1027,0,141
2254,1255,1035,0,149
2255,1254,1036,0,155
2256,1253,1036,0,174
2257,1254,1035,0,182
2258,1253,1035,0,191
2259,1253,1036,0,189
2260,1253,1035,0,192
2261,1254,1035,0,189
2262,1255,1037,0,191
2263,1253,1038,0,186
2264,1253,1041,0,183
2265,1254,1043,0,176
2266,1254,1045,0,184
2267,1256,1046,0,181
2268,1258,1045,0,175
2269,1256,1044,0,170
2270,1255,1043,0,178
2271,1254,1039,0,193
2272,1255,1038,0,197
2273,1255,1038,0,195
2274,1253,1040,0,204
2275,1252,1038,0,205
2276,1253,1036,0,205
2277,1253,1037,0,206
2278,1252,1031,0,206
2279,1251,1033,0,200
2280,1250,1034,0,198
2281,1249,1033,0,193
2282,1248,1030,0,189
2283,1247,1032,0,189
2284,1246,1034,0,185
2285,1244,1034,0,180
2286,1244,1035,0,183
2287,1245,1034,0,182
2288,1243,1033,0,175
2289,1243,1034,0,178
2290,1243,1033,0,178
2291,1243,1032,0,180
2292,1243,1032,0,180
2293,1243,1031,0,181
2294,1243,1031,0,176
2295,1243,1031,0,175
2296,1244,1032,0,171
2297,1243,1035,0,173
2298,1242,1035,0,165
2299,1240,1036,0,161
2300,1239,1040,0,172
2301,1239,1041,0,168
2302,1238,1041,0,179
2303,1236,1041,0,179
2304,1238,1040,0,179
2305,1237,1036,0,184
2306,1239,1030,0,197
2307,1245,1019,0,176
2308,1248,1021,0,162
2310,1291,1022,0,66
2311,1283,1017,0,57
2312,1278,1016,0,51
2313,1277,1018,0,52
2314,1278,1018,0,52
2315,1279,1020,0,54
2316,1284,1016,0,46
2317,1287,1011,0,47
2318,1292,1006,0,46
2319,1295,1000,0,48
2320,1296,998,0,48
2321,1293,1000,0,57
2322,1294,998,0,58
2323,1295,998,0,59
2324,1294,999,0,66
2325,1293,1000,0,71
2326,1294,1002,0,70
2327,1293,1004,0,64
2328,1292,1006,0,58
2329,1290,1009,0,62
2330,1295,1008,0,65
2331,1299,1010,0,60
2332,1295,1013,0,57
2333,1296,1012,0,57
2334,1297,1014,0,56
2335,1296,1014,0,52
2336,1296,1017,0,52
2337,1294,1022,0,48
2338,1288,1027,0,51
2339,1287,1031,0,46
2340,1283,1036,0,51
2341,1279,1041,0,55
2342,1276,1049,0,63
2343,1280,1045,0,64
2344,1291,1042,0,53
2345,1293,1038,0,47
2346,1293,1039,0,56
2347,1297,1037,0,59
2348,1298,1031,0,62
2349,1299,1025,0,67
2350,1301,1017,0,77
2351,1302,1014,0,73
2352,1304,1005,0,83
2353,1304,1000,0,81
2354,1301,995,0,80
2355,1298,993,0,82
2356,1294,995,0,80
2357,1289,997,0,98
2358,1285,1002,0,116
2359,1275,995,0,133
2360,1275,989,0,142
2361,1279,988,0,145
2362,1278,989,0,139
2363,1282,986,0,144
2364,1281,981,0,142
2365,1288,968,0,132
2366,1288,956,0,124
2367,1293,955,0,102
2368,1293,947,0,90
2369,1289,948,0,96
2370,1283,950,0,96
2371,1280,950,0,106
2372,1272,950,0,125
2373,1268,947,0,121
2374,1267,944,0,122
2375,1265,951,0,150
2376,1268,954,0,153
2377,1267,954,0,144
2378,1267,950,0,117
2379,1263,947,0,109
2380,1259,944,0,102
2381,1257,944,0,99
2382,1254,946,0,107
2383,1254,946,0,97
2384,1255,945,0,96
2385,1257,942,0,86
2387,1254,951,0,46
2388,1251,955,0,24
2389,1245,949,0,5
2390,1238,948,0,349
2391,1235,946,0,339
2392,1231,941,0,332
2393,1243,931,0,359
2394,1235,929,0,352
2395,1229,926,0,343
2396,1225,929,0,352
2397,1216,927,0,354
2398,1207,924,0,356
2399,1198,923,0,355
2400,1187,925,0,357
2401,1178,925,0,358
2402,1171,922,0,354
2403,1159,916,0,350
2404,1152,917,0,350
2405,1152,918,0,358
2406,1153,918,0,357
2407,1151,915,0,346
2408,1148,912,0,340
2409,1145,909,0,329
2410,1139,911,0,337
2411,1130,909,0,348
2412,1121,908,0,352
2413,1112,909,0,357
2414,1102,913,0,1
2415,1099,918,0,11
2416,1100,919,0,10
2417,1100,920,0,15
2418,1098,921,0,17
2419,1096,925,0,18
2420,1095,927,0,17
2421,1084,928,0,35
2422,1074,932,0,31
2423,1067,937,0,37
2424,1057,946,0,45
2425,1056,947,0,34
2426,1053,952,0,26
2427,1048,953,0,29
2428,1049,953,0,26
2429,1053,953,0,31
2430,1052,958,0,49
2431,1049,965,0,68
2432,1047,975,0,72
2433,1043,982,0,86
2434,1045,987,0,87
2435,1046,994,0,87
2436,1044,992,0,88
2437,1044,995,0,89
2438,1045,996,0,88
2439,1045,999,0,86
2440,1045,1005,0,90
2441,1046,1010,0,93
2442,1049,1020,0,101
2443,1053,1024,0,99
2444,1051,1026,0,97
2445,1055,1033,0,83
2446,1058,1036,0,73
2447,1057,1037,0,70
2448,1058,1033,0,69
2449,1058,1033,0,71
2450,1058,1030,0,73
2451,1061,1028,0,77
2452,1061,1032,0,86
2453,1057,1032,0,83
2454,1056,1036,0,75
2455,1053,1041,0,76
2456,1052,1043,0,77
2457,1048,1046,0,85
2458,1049,1050,0,91
2459,1049,1065,0,88
2460,1048,1072,0,85
2461,1049,1077,0,75
2462,1048,1087,0,71
2463,1049,1099,0,72
2464,1046,1110,0,77
2465,1043,1117,0,79
2466,1039,1129,0,88
2467,1038,1137,0,92
2468,1038,1141,0,88
2469,1036,1148,0,85
2470,1034,1158,0,81
2471,1030,1164,0,78
2472,1028,1167,0,69
2473,1025,1172,0,69
2474,1018,1180,0,55
2475,1014,1184,0,50
2476,1012,1185,0,43
2477,1007,1187,0,39
2478,1000,1187,0,38
2479,996,1192,0,32
2480,990,1196,0,31
2481,983,1204,0,36
2482,977,1206,0,36
2483,972,1210,0,36
2484,966,1215,0,38
2485,964,1216,0,39
2486,963,1215,0,34
2487,963,1219,0,39
2488,961,1220,0,36
2489,957,1223,0,27
2490,949,1231,0,22
2491,946,1231,0,17
2492,945,1233,0,15
2493,944,1233,0,12
2494,945,1231,0,15
2495,945,1230,0,12
2496,943,1227,0,358
2497,940,1222,0,355
2498,935,1224,0,357
2499,934,1224,0,357
2500,928,1224,0,354
2501,922,1223,0,352
2502,916,1222,0,348
2503,911,1221,0,348
2504,903,1221,0,347
2505,895,1220,0,344
2506,890,1220,0,343
2507,884,1220,0,344
2508,876,1223,0,351
2509,870,1223,0,356
2510,868,1228,0,9
2511,866,1230,0,13
2512,862,1228,0,10
2513,853,1228,0,12
2514,847,1232,0,10
2515,841,1235,0,6
2516,836,1236,0,12
2517,831,1239,0,13
2518,823,1241,0,2
2519,817,1239,0,0
2520,816,1238,0,358
2521,819,1239,0,10
2522,820,1240,0,14
2523,823,1243,0,23
2524,823,1247,0,25
2525,817,1248,0,32
2526,810,1251,0,42
2527,807,1253,0,46
2528,805,1258,0,46
2529,799,1261,0,41
2530,792,1267,0,42
2531,790,1269,0,40
2532,788,1272,0,37
2533,790,1273,0,42
2534,787,1279,0,46
2535,782,1283,0,48
2536,776,1292,0,60
2537,774,1302,0,55
2538,775,1317,0,71
2539,769,1324,0,71
2540,768,1328,0,75
2541,770,1331,0,81
2542,768,1331,0,93
2545,780,1347,0,98
2546,785,1354,0,110
2547,789,1358,0,117
2548,794,1362,0,122
2549,796,1364,0,118
2550,796,1371,0,116
2551,796,1374,0,109
2552,798,1375,0,110
2553,798,1378,0,100
2554,803,1381,0,100
2555,804,1380,0,102
2556,803,1373,0,102
2557,801,1372,0,95
2558,798,1371,0,85
2559,798,1379,0,71
2560,795,1383,0,67
2561,791,1385,0,57
2562,789,1388,0,51
2563,784,1392,0,46
2564,779,1398,0,47
2565,774,1398,0,37
2566,765,1401,0,36
2567,760,1406,0,33
2568,755,1407,0,30
2569,756,1402,0,22
2570,756,1401,0,21
2571,756,1401,0,18
2572,757,1403,0,10
2573,757,1400,0,8
2574,755,1402,0,6
2575,754,1403,0,13
2576,753,1406,0,13
2577,750,1410,0,10
2578,747,1410,0,7
2579,748,1410,0,5
2580,748,1406,0,354
2581,744,1402,0,348
2582,741,1398,0,346
2583,736,1396,0,338
2584,732,1395,0,337
2585,730,1395,0,338
2586,730,1395,0,339
2587,727,1394,0,339
2588,725,1395,0,342
2589,722,1397,0,352
2590,718,1397,0,0
2591,711,1397,0,6
2592,708,1401,0,8
2593,705,1406,0,13
2594,702,1409,0,14
2595,702,1410,0,15
2596,702,1409,0,16
2597,699,1409,0,15
2598,697,1411,0,16
2599,696,1413,0,17
2600,694,1414,0,19
2601,694,1416,0,21
2602,691,1420,0,23
2603,702,1423,0,17
2604,697,1426,0,17
2605,693,1428,0,22
2606,692,1433,0,20
2607,686,1436,0,21
2608,681,1441,0,18
2609,674,1444,0,21
2610,669,1451,0,16
2611,662,1454,0,13
2612,655,1459,0,12
2613,651,1459,0,4
2614,648,1460,0,0
2615,645,1467,0,9
2616,635,1470,0,6
2617,629,1467,0,359
2618,624,1467,0,359
2619,615,1466,0,351
2620,607,1465,0,341
2621,606,1460,0,340
2622,605,1457,0,331
2623,600,1454,0,330
2624,596,1452,0,331
2625,594,1451,0,336
2626,590,1451,0,344
2627,584,1447,0,348
2628,574,1442,0,344
2629,576,1442,0,352
2630,583,1447,0,6
2631,585,1446,0,1
2632,588,1445,0,359
2633,588,1445,0,355
2634,589,1445,0,357
2635,589,1445,0,356
2636,589,1445,0,356
2637,588,1445,0,359
2638,587,1446,0,356
2639,587,1445,0,357
2640,588,1444,0,353
2641,588,1444,0,353
2642,588,1445,0,352
2643,588,1445,0,350
2644,587,1444,0,349
2645,586,1444,0,346
2646,586,1443,0,345
2647,587,1443,0,345
2648,587,1443,0,344
2649,587,1442,0,344
2650,587,1442,0,343
2651,587,1442,0,343
2652,586,1442,0,342
2653,587,1441,0,343
2654,587,1442,0,344
2655,586,1442,0,346
2656,588,1442,0,345
2657,587,1443,0,345
2658,587,1443,0,344
2659,588,1443,0,345
2660,590,1443,0,345
2661,589,1444,0,347
2662,589,1444,0,345
2663,590,1443,0,345
2664,588,1443,0,350
2665,588,1443,0,355
2666,588,1442,0,358
2667,587,1443,0,359
2668,588,1442,0,356
2669,588,1442,0,359
2670,588,1441,0,3
2671,592,1442,0,12
2672,592,1442,0,13
2673,591,1442,0,13
2674,591,1440,0,9
2675,590,1437,0,12
2676,590,1436,0,19
2677,590,1437,0,24
2678,591,1437,0,28
2679,591,1435,0,34
2680,591,1435,0,33
2681,591,1435,0,29
2682,588,1436,0,18
2683,584,1437,0,13
2684,581,1436,0,10
2685,577,1436,0,9
2686,567,1433,0,2
2687,560,1432,0,355
2688,556,1433,0,354
2689,553,1431,0,356
2690,546,1431,0,357
2691,542,1433,0,3
2692,544,1435,0,0
2693,546,1435,0,356
2694,549,1435,0,350
2695,554,1433,0,338
2696,557,1430,0,325
2697,555,1424,0,320
2698,552,1418,0,298
2699,548,1413,0,279
2700,548,1409,0,269
2701,549,1406,0,271
2702,547,1403,0,270
2703,546,1403,0,272
2704,547,1403,0,273
2705,545,1403,0,268
2706,550,1396,0,268
2707,551,1387,0,267
2708,551,1383,0,272
2709,551,1383,0,272
2710,553,1378,0,267
2711,556,1374,0,269
2712,554,1372,0,269
2713,552,1378,0,261
2714,555,1384,0,251
2715,558,1380,0,241
2716,559,1380,0,235
2717,563,1383,0,236
2718,567,1381,0,235
2719,570,1376,0,234
2720,572,1372,0,233
2721,572,1374,0,234
2722,574,1373,0,236
2723,575,1373,0,239
2724,575,1375,0,238
2725,575,1376,0,237
2726,574,1377,0,240
2727,574,1378,0,242
2728,575,1375,0,240
2729,575,1375,0,239
2730,575,1374,0,239
2731,576,1375,0,239
2732,579,1373,0,242
2733,582,1372,0,249
2734,583,1371,0,252
2735,583,1371,0,254
2736,583,1370,0,250
2737,583,1371,0,248
2738,584,1371,0,244
2739,584,1373,0,237
2740,587,1372,0,236
2741,590,1371,0,238
2742,590,1372,0,235
2743,591,1374,0,231
2744,592,1374,0,231
2745,593,1376,0,230
2746,593,1377,0,227
2747,596,1374,0,225
2748,597,1375,0,219
2749,599,1372,0,214
2750,600,1371,0,210
2751,606,1368,0,216
2752,607,1368,0,212
2753,612,1372,0,195
2754,617,1374,0,187
2755,623,1375,0,191
2756,622,1373,0,194
2757,627,1376,0,185
2758,638,1369,0,190
2759,651,1370,0,190
2760,654,1368,0,177
2761,656,1370,0,165
2762,658,1374,0,160
2763,659,1377,0,147
2764,669,1383,0,143
2765,676,1393,0,139
2766,681,1398,0,145
2767,688,1402,0,136
2768,693,1416,0,125
2769,700,1420,0,137
2770,701,1428,0,127
2771,701,1430,0,129
2772,703,1431,0,128
2773,702,1430,0,134
2774,702,1427,0,138
2775,702,1425,0,147
2776,703,1423,0,151
2777,705,1424,0,148
2778,706,1426,0,145
2779,704,1426,0,142
2780,703,1427,0,140
2781,703,1425,0,144
2782,701,1423,0,154
2783,700,1421,0,157
2784,700,1420,0,165
2785,699,1420,0,168
2786,698,1420,0,173
2787,701,1417,0,169
2788,701,1418,0,161
2789,702,1417,0,153
2790,702,1417,0,150
2791,699,1417,0,149
2792,695,1419,0,145
2793,694,1420,0,138
2794,695,1421,0,136
2795,697,1419,0,132
2796,698,1422,0,139
2797,697,1421,0,134
2798,699,1423,0,132
2799,699,1425,0,127
2800,697,1429,0,122
2801,695,1436,0,115
2802,694,1440,0,102
2803,695,1449,0,92
2804,695,1453,0,90
2805,696,1455,0,91
2806,696,1459,0,94
2807,699,1461,0,98
2808,701,1466,0,111
2809,697,1466,0,113
2810,698,1470,0,113
2811,698,1472,0,108
2812,698,1473,0,116
2813,699,1474,0,124
2814,698,1476,0,123
2815,699,1478,0,126
2816,707,1480,0,125
2817,709,1484,0,119
2818,708,1490,0,113
2819,711,1494,0,120
2820,712,1496,0,123
2821,713,1497,0,124
2822,713,1497,0,121
2823,713,1497,0,120
2824,712,1494,0,116
2825,711,1493,0,110
2826,709,1489,0,106
2827,713,1497,0,110
2828,716,1505,0,109
2829,718,1511,0,102
2830,717,1516,0,104
2831,717,1517,0,111
2832,716,1519,0,109
2833,716,1521,0,119
2834,723,1522,0,138
2835,726,1522,0,139
2836,730,1522,0,147
2837,731,1519,0,154
2838,732,1519,0,152
2839,729,1517,0,149
2840,729,1516,0,148
2841,730,1516,0,147
2842,729,1515,0,146
2843,730,1517,0,150
2844,738,1519,0,156
2845,742,1519,0,161
2846,746,1521,0,164
2847,748,1524,0,169
2848,755,1525,0,165
2849,760,1525,0,171
2850,769,1526,0,172
2851,776,1531,0,173
2852,778,1533,0,172
2853,779,1533,0,172
2854,779,1534,0,167
2855,780,1535,0,165
2856,781,1536,0,165
2857,784,1535,0,164
2858,786,1537,0,164
2859,783,1537,0,158
2860,784,1537,0,161
2861,787,1538,0,167
2862,785,1542,0,163
2863,787,1544,0,155
2864,788,1545,0,153
2865,789,1541,0,172
2866,785,1541,0,172
2867,783,1541,0,171
2868,787,1540,0,171
2869,790,1540,0,169
2870,790,1539,0,170
2871,793,1538,0,175
2872,795,1539,0,175
2873,796,1539,0,170
2874,797,1540,0,171
2875,800,1540,0,172
2876,801,1541,0,170
2877,799,1543,0,155
2878,800,1548,0,145
2879,800,1552,0,134
2880,803,1563,0,137
2881,806,1567,0,130
2882,803,1569,0,126
2883,801,1570,0,126
2884,803,1570,0,124
2885,803,1572,0,126
2886,804,1570,0,132
2887,810,1572,0,140
2888,813,1572,0,143
2889,816,1573,0,148
2890,823,1578,0,144
2891,828,1583,0,141
2892,832,1590,0,143
2893,835,1590,0,143
2894,841,1590,0,156
2895,850,1590,0,161
2896,852,1592,0,158
2897,856,1597,0,151
2898,856,1597,0,148
2899,858,1599,0,149
2900,865,1598,0,163
2901,875,1598,0,157
2902,877,1601,0,141
2903,878,1600,0,145
2904,882,1599,0,148
2905,886,1601,0,148
2906,889,1607,0,141
2907,892,1612,0,137
2908,898,1615,0,140
2909,904,1616,0,142
2910,904,1616,0,136
2911,904,1618,0,130
2912,903,1619,0,133
2913,901,1618,0,133
2914,901,1614,0,127
2915,901,1615,0,122
2916,902,1614,0,116
2917,901,1616,0,114
2918,901,1616,0,113
2919,900,1617,0,114
2920,900,1617,0,112
2921,900,1617,0,109
2922,901,1620,0,108
2923,898,1621,0,101
2924,900,1625,0,94
2925,901,1634,0,86
2926,904,1643,0,82
2927,902,1652,0,76
2928,902,1657,0,82
2929,901,1660,0,87
2930,901,1663,0,90
2931,902,1669,0,96
2932,902,1674,0,102
2933,900,1681,0,98
2934,904,1691,0,95
2935,908,1695,0,96
2936,912,1702,0,95
2937,912,1707,0,99
2938,909,1709,0,101
2939,907,1712,0,101
2940,907,1716,0,97
2941,907,1719,0,97
2942,907,1721,0,99
2943,907,1720,0,95
2944,913,1728,0,100
2945,915,1734,0,104
2946,914,1738,0,108
2947,915,1749,0,102
2948,915,1755,0,105
2949,918,1769,0,117
2950,922,1780,0,118
2951,921,1783,0,118
2952,924,1782,0,123
2953,925,1785,0,130
2954,926,1789,0,116
2955,928,1793,0,121
2956,928,1795,0,118
2957,928,1797,0,118
2958,927,1798,0,115
2959,927,1797,0,113
2960,926,1796,0,106
2961,925,1794,0,102
2962,925,1794,0,98
2963,927,1792,0,94
2964,928,1790,0,91
2965,929,1788,0,88
2966,928,1790,0,84
2967,927,1793,0,88
2968,926,1793,0,93
2969,926,1796,0,99
2970,930,1799,0,105
2971,932,1801,0,113
2972,936,1802,0,123
2973,939,1808,0,124
2974,944,1811,0,131
2975,946,1807,0,139
2976,946,1808,0,143
2977,946,1807,0,140
2978,946,1807,0,135
2979,946,1807,0,141
2980,946,1807,0,144
2981,946,1807,0,142
2982,946,1806,0,142
2983,946,1807,0,145
2984,946,1808,0,140
2985,945,1809,0,141
2986,944,1809,0,145
2987,942,1807,0,136
2988,944,1808,0,137
2989,943,1807,0,137
2990,943,1807,0,150
2991,946,1809,0,159
2992,954,1808,0,157
2993,957,1806,0,166
2994,962,1799,0,177
2995,964,1796,0,183
2996,966,1792,0,184
2997,976,1789,0,189
2998,978,1779,0,186
2999,976,1779,0,175
