0,1674,1200,0,39
1,1676,1199,0,42
2,1675,1201,0,29
3,1673,1202,0,29
4,1671,1209,0,20
5,1669,1212,0,13
6,1669,1213,0,12
7,1667,1214,0,7
8,1667,1215,0,4
9,1666,1213,0,6
10,1665,1213,0,4
11,1664,1214,0,4
12,1664,1215,0,3
13,1664,1218,0,356
14,1663,1220,0,353
15,1662,1223,0,351
16,1663,1228,0,348
17,1664,1229,0,345
18,1664,1228,0,348
19,1667,1228,0,350
20,1669,1230,0,348
21,1670,1230,0,348
22,1670,1230,0,354
23,1669,1231,0,356
24,1669,1234,0,353
25,1669,1235,0,355
26,1670,1239,0,1
27,1672,1246,0,8
28,1671,1248,0,14
29,1670,1248,0,21
30,1668,1249,0,37
31,1665,1251,0,55
32,1664,1252,0,68
33,1663,1252,0,76
34,1665,1250,0,72
35,1665,1248,0,78
36,1666,1247,0,82
37,1664,1248,0,91
38,1667,1248,0,96
39,1668,1252,0,100
40,1668,1252,0,104
41,1672,1255,0,110
42,1672,1253,0,112
43,1672,1253,0,112
44,1672,1251,0,112
45,1675,1246,0,110
46,1675,1243,0,111
47,1676,1243,0,113
48,1676,1242,0,123
49,1675,1242,0,127
50,1676,1243,0,134
51,1676,1243,0,141
52,1677,1243,0,136
53,1678,1242,0,133
54,1678,1242,0,137
55,1678,1243,0,140
56,1678,1243,0,142
57,1677,1243,0,142
58,1677,1244,0,142
59,1677,1244,0,140
60,1677,1243,0,135
61,1676,1243,0,137
62,1675,1243,0,136
63,1673,1243,0,134
64,1670,1243,0,134
65,1669,1242,0,130
66,1668,1243,0,127
67,1665,1247,0,125
68,1664,1251,0,120
69,1667,1252,0,116
70,1669,1254,0,118
71,1671,1255,0,118
72,1672,1256,0,117
73,1673,1257,0,114
74,1675,1259,0,117
75,1676,1261,0,122
76,1677,1264,0,125
77,1682,1268,0,135
78,1689,1268,0,145
79,1692,1271,0,148
80,1695,1270,0,142
81,1695,1271,0,143
82,1695,1271,0,141
83,1696,1271,0,145
84,1696,1268,0,151
85,1695,1267,0,152
86,1693,1266,0,157
87,1689,1266,0,161
88,1686,1265,0,176
89,1686,1263,0,182
90,1686,1261,0,188
91,1685,1260,0,191
92,1682,1258,0,193
93,1681,1255,0,205
94,1681,1254,0,213
95,1681,1254,0,218
96,1680,1255,0,218
97,1680,1257,0,225
98,1679,1257,0,229
99,1678,1258,0,232
100,1675,1261,0,235
101,1675,1263,0,241
102,1674,1265,0,256
103,1673,1267,0,262
104,1673,1266,0,264
105,1675,1266,0,266
106,1675,1266,0,268
107,1674,1266,0,269
108,1674,1266,0,268
109,1673,1265,0,269
110,1674,1263,0,273
111,1674,1262,0,278
112,1674,1262,0,277
113,1673,1262,0,275
114,1673,1262,0,274
115,1676,1260,0,274
116,1676,1257,0,270
117,1676,1254,0,272
118,1677,1252,0,272
119,1677,1251,0,274
120,1677,1250,0,268
121,1677,1249,0,260
122,1677,1247,0,260
123,1677,1247,0,260
124,1678,1246,0,261
125,1677,1246,0,258
126,1677,1245,0,255
127,1676,1244,0,255
128,1675,1244,0,255
129,1675,1243,0,250
130,1675,1244,0,251
131,1675,1243,0,248
132,1675,1243,0,250
133,1674,1243,0,257
134,1674,1241,0,264
135,1673,1240,0,267
136,1675,1240,0,272
137,1675,1237,0,269
138,1679,1236,0,279
139,1678,1237,0,279
140,1679,1236,0,280
141,1677,1237,0,275
142,1677,1236,0,275
143,1677,1237,0,273
144,1675,1237,0,276
145,1675,1236,0,274
146,1675,1236,0,276
147,1673,1240,0,279
148,1673,1241,0,284
149,1672,1241,0,290
150,1672,1241,0,290
151,1672,1241,0,294
152,1671,1239,0,295
153,1670,1240,0,299
154,1669,1240,0,305
155,1669,1242,0,308
156,1669,1243,0,312
157,1668,1242,0,313
158,1667,1242,0,316
159,1667,1245,0,320
160,1666,1245,0,324
161,1667,1245,0,329
162,1667,1246,0,331
163,1667,1247,0,329
164,1667,1249,0,325
165,1665,1251,0,326
166,1664,1253,0,324
167,1663,1253,0,330
168,1662,1256,0,328
169,1662,1258,0,327
170,1662,1260,0,327
171,1661,1260,0,329
172,1662,1260,0,329
173,1663,1260,0,331
174,1662,1261,0,323
175,1660,1261,0,317
176,1659,1262,0,320
177,1661,1260,0,330
178,1664,1260,0,329
179,1667,1259,0,329
180,1668,1258,0,332
181,1668,1257,0,332
182,1670,1258,0,338
183,1672,1258,0,338
184,1672,1258,0,338
185,1672,1258,0,336
186,1671,1260,0,335
187,1671,1260,0,338
188,1669,1260,0,336
189,1669,1258,0,339
190,1670,1258,0,340
191,1669,1258,0,343
192,1668,1259,0,344
193,1667,1258,0,344
194,1666,1258,0,345
195,1667,1258,0,346
196,1666,1257,0,344
197,1669,1259,0,345
198,1670,1260,0,346
199,1671,1261,0,346
200,1671,1262,0,346
201,1672,1263,0,351
202,1672,1263,0,356
203,1671,1263,0,359
204,1672,1262,0,3
205,1671,1258,0,359
206,1671,1256,0,355
207,1672,1255,0,351
208,1675,1255,0,352
209,1675,1255,0,346
210,1674,1253,0,342
211,1673,1252,0,343
212,1675,1251,0,337
213,1675,1251,0,339
214,1675,1251,0,339
215,1675,1251,0,345
216,1673,1250,0,348
217,1673,1250,0,346
218,1674,1251,0,346
219,1674,1251,0,346
220,1675,1253,0,348
221,1675,1253,0,348
222,1674,1254,0,348
223,1674,1255,0,348
224,1674,1256,0,349
225,1673,1256,0,346
226,1673,1256,0,349
227,1674,1256,0,347
228,1675,1256,0,347
229,1674,1256,0,349
230,1675,1256,0,347
231,1675,1256,0,346
232,1675,1256,0,344
233,1675,1256,0,344
234,1675,1256,0,343
235,1675,1257,0,341
236,1675,1257,0,343
237,1675,1257,0,342
238,1677,1260,0,347
239,1678,1262,0,354
240,1679,1262,0,359
241,1681,1264,0,7
242,1683,1265,0,11
243,1684,1266,0,9
244,1685,1267,0,12
245,1685,1268,0,13
246,1686,1269,0,14
247,1687,1270,0,20
248,1691,1273,0,12
249,1695,1276,0,5
250,1693,1275,0,350
251,1693,1273,0,338
252,1695,1273,0,331
253,1697,1272,0,331
254,1699,1271,0,337
255,1700,1272,0,328
256,1703,1276,0,326
257,1703,1275,0,326
258,1703,1276,0,327
259,1703,1275,0,327
260,1703,1275,0,330
261,1703,1275,0,334
262,1702,1275,0,333
263,1704,1275,0,334
264,1704,1275,0,334
265,1705,1274,0,335
266,1705,1274,0,336
267,1706,1274,0,336
268,1705,1275,0,339
269,1703,1275,0,343
270,1703,1274,0,349
271,1702,1273,0,353
272,1701,1272,0,354
273,1696,1270,0,350
274,1694,1271,0,346
275,1693,1271,0,344
276,1693,1271,0,344
277,1696,1269,0,348
278,1697,1269,0,345
280,1699,1268,0,345
281,1697,1268,0,345
282,1695,1269,0,345
283,1694,1269,0,342
284,1695,1270,0,337
285,1694,1271,0,334
286,1693,1271,0,335
287,1694,1272,0,328
288,1691,1271,0,334
289,1689,1274,0,325
290,1688,1274,0,334
291,1686,1274,0,337
292,1681,1274,0,334
293,1678,1273,0,330
294,1676,1272,0,333
295,1672,1273,0,333
296,1672,1273,0,333
297,1672,1273,0,336
298,1670,1273,0,336
299,1669,1270,0,336
300,1667,1267,0,342
301,1666,1266,0,342
302,1667,1268,0,334
303,1667,1265,0,339
304,1666,1265,0,338
305,1668,1266,0,333
306,1668,1262,0,329
307,1668,1257,0,335
308,1668,1258,0,334
309,1666,1259,0,331
310,1666,1259,0,333
311,1668,1258,0,330
312,1671,1259,0,324
313,1670,1258,0,313
314,1668,1255,0,310
315,1669,1252,0,309
316,1668,1250,0,308
317,1666,1250,0,308
318,1666,1253,0,311
319,1666,1254,0,314
320,1666,1255,0,317
321,1663,1254,0,316
322,1660,1255,0,315
323,1659,1255,0,316
324,1658,1254,0,315
325,1657,1251,0,311
326,1659,1247,0,314
327,1658,1243,0,310
328,1659,1239,0,313
329,1658,1238,0,308
330,1658,1234,0,306
331,1658,1230,0,306
332,1657,1225,0,309
333,1655,1221,0,308
334,1654,1219,0,311
335,1652,1216,0,318
336,1650,1214,0,318
337,1646,1212,0,313
338,1641,1211,0,308
339,1640,1211,0,305
340,1640,1211,0,300
341,1640,1212,0,299
342,1639,1214,0,292
343,1638,1213,0,290
344,1636,1212,0,282
345,1633,1208,0,278
346,1632,1203,0,277
347,1633,1201,0,277
348,1633,1199,0,276
349,1634,1198,0,276
350,1634,1196,0,270
351,1635,1191,0,271
352,1635,1191,0,268
353,1635,1190,0,267
354,1636,1189,0,264
355,1637,1190,0,264
356,1636,1189,0,261
357,1636,1191,0,260
358,1635,1192,0,256
359,1634,1192,0,257
360,1634,1192,0,258
361,1634,1192,0,260
362,1633,1192,0,264
363,1632,1192,0,266
364,1633,1193,0,267
365,1630,1191,0,259
366,1631,1187,0,256
367,1631,1186,0,257
368,1637,1184,0,260
369,1638,1183,0,261
370,1639,1180,0,257
371,1639,1175,0,255
372,1639,1172,0,254
373,1640,1170,0,248
374,1641,1165,0,246
375,1644,1164,0,252
376,1644,1164,0,252
377,1646,1164,0,257
378,1648,1163,0,252
379,1650,1162,0,261
380,1649,1159,0,268
381,1651,1156,0,267
382,1649,1154,0,265
383,1648,1149,0,257
384,1648,1145,0,259
385,1653,1140,0,257
386,1656,1131,0,258
387,1656,1129,0,259
388,1655,1129,0,261
389,1655,1126,0,260
390,1653,1124,0,260
391,1653,1124,0,262
392,1653,1123,0,263
393,1652,1122,0,265
394,1652,1121,0,263
395,1653,1121,0,263
396,1654,1121,0,266
397,1653,1121,0,266
398,1652,1121,0,266
399,1652,1121,0,267
400,1652,1121,0,267
401,1652,1119,0,266
402,1652,1119,0,267
403,1653,1116,0,272
404,1653,1114,0,272
405,1655,1113,0,275
406,1654,1113,0,274
407,1653,1113,0,273
408,1655,1108,0,274
409,1654,1099,0,273
410,1654,1098,0,272
411,1656,1097,0,277
412,1657,1098,0,280
413,1656,1094,0,270
414,1658,1085,0,275
415,1657,1079,0,277
416,1656,1074,0,279
417,1656,1071,0,282
418,1656,1068,0,283
419,1656,1061,0,282
420,1655,1054,0,283
421,1651,1046,0,284
422,1648,1042,0,288
423,1646,1039,0,291
424,1647,1035,0,292
425,1643,1033,0,292
426,1641,1032,0,286
427,1642,1029,0,286
428,1643,1025,0,283
429,1644,1024,0,284
430,1644,1025,0,284
431,1643,1026,0,285
432,1644,1026,0,283
433,1644,1026,0,282
434,1644,1027,0,286
435,1644,1029,0,288
436,1645,1030,0,288
437,1648,1032,0,288
438,1647,1033,0,288
439,1645,1034,0,286
440,1645,1034,0,288
441,1647,1032,0,294
442,1646,1032,0,292
443,1646,1031,0,293
444,1643,1033,0,291
445,1644,1035,0,299
446,1643,1035,0,303
447,1644,1035,0,308
448,1642,1035,0,307
449,1641,1035,0,305
450,1640,1036,0,303
451,1641,1038,0,304
452,1641,1038,0,306
453,1642,1039,0,305
454,1642,1041,0,304
455,1642,1041,0,304
456,1642,1041,0,304
457,1643,1041,0,301
458,1643,1041,0,301
459,1645,1042,0,300
460,1647,1044,0,307
461,1647,1043,0,323
462,1648,1042,0,326
463,1649,1042,0,344
464,1653,1043,0,5
465,1653,1043,0,2
466,1654,1043,0,7
467,1654,1044,0,11
468,1655,1045,0,15
469,1656,1047,0,24
470,1659,1048,0,24
471,1661,1049,0,14
472,1662,1049,0,23
473,1663,1050,0,28
474,1664,1049,0,35
475,1666,1049,0,29
476,1668,1049,0,30
477,1668,1049,0,32
478,1668,1049,0,33
479,1668,1049,0,34
480,1668,1049,0,33
481,1668,1048,0,34
482,1668,1048,0,32
483,1668,1049,0,34
484,1667,1049,0,35
485,1667,1049,0,42
486,1667,1048,0,47
487,1668,1047,0,54
488,1668,1047,0,53
489,1669,1046,0,51
490,1669,1046,0,51
491,1669,1046,0,50
492,1670,1045,0,49
493,1670,1046,0,48
494,1670,1046,0,49
495,1669,1046,0,56
496,1670,1045,0,54
497,1670,1045,0,54
498,1670,1045,0,56
499,1670,1045,0,54
500,1670,1044,0,55
501,1671,1045,0,54
502,1671,1044,0,53
503,1671,1044,0,53
504,1672,1044,0,51
505,1672,1044,0,52
506,1671,1044,0,52
507,1672,1044,0,54
508,1672,1044,0,55
509,1672,1043,0,58
510,1672,1043,0,58
511,1673,1043,0,58
512,1674,1042,0,57
513,1676,1040,0,54
514,1678,1041,0,52
515,1678,1039,0,49
516,1678,1039,0,52
517,1678,1038,0,50
518,1674,1036,0,51
519,1670,1035,0,48
520,1671,1034,0,44
521,1670,1036,0,50
522,1670,1039,0,53
523,1668,1038,0,60
524,1663,1035,0,66
525,1662,1035,0,66
526,1662,1034,0,61
527,1662,1033,0,59
528,1664,1033,0,53
529,1666,1033,0,48
530,1668,1034,0,47
531,1667,1033,0,49
532,1668,1034,0,47
533,1668,1033,0,44
534,1667,1033,0,42
535,1668,1033,0,44
536,1669,1034,0,39
537,1668,1034,0,31
538,1670,1033,0,31
539,1669,1033,0,31
540,1669,1034,0,28
541,1669,1034,0,28
542,1669,1034,0,32
543,1668,1034,0,30
544,1669,1034,0,30
545,1669,1033,0,31
546,1669,1034,0,30
547,1669,1034,0,29
548,1669,1034,0,32
549,1669,1034,0,29
550,1669,1034,0,29
551,1668,1035,0,28
552,1667,1034,0,24
553,1668,1034,0,24
554,1668,1034,0,22
555,1669,1033,0,23
556,1668,1033,0,22
557,1667,1034,0,22
558,1669,1034,0,19
559,1670,1034,0,16
560,1669,1033,0,14
561,1669,1033,0,13
562,1669,1030,0,15
563,1668,1029,0,11
564,1667,1028,0,10
565,1668,1027,0,8
566,1668,1027,0,8
567,1668,1026,0,8
568,1668,1026,0,10
569,1666,1027,0,8
570,1666,1027,0,7
571,1666,1026,0,8
572,1667,1025,0,6
573,1667,1025,0,8
574,1668,1025,0,7
575,1669,1025,0,7
576,1669,1026,0,5
577,1671,1026,0,6
578,1670,1027,0,10
579,1669,1027,0,5
580,1667,1027,0,1
581,1666,1026,0,356
582,1666,1025,0,354
583,1667,1025,0,352
584,1668,1025,0,346
585,1667,1025,0,343
586,1667,1026,0,345
587,1667,1026,0,345
588,1666,1025,0,342
589,1665,1024,0,341
590,1664,1023,0,340
591,1663,1023,0,339
592,1662,1023,0,338
593,1662,1021,0,338
594,1660,1021,0,340
595,1659,1019,0,339
596,1659,1015,0,338
597,1658,1014,0,339
598,1658,1014,0,339
599,1657,1014,0,336
600,1657,1014,0,338
601,1658,1014,0,338
602,1658,1013,0,338
603,1658,1014,0,337
604,1658,1014,0,340
605,1657,1014,0,339
606,1657,1014,0,338
607,1657,1013,0,338
608,1657,1013,0,338
609,1657,1013,0,338
610,1659,1013,0,337
611,1659,1013,0,335
612,1658,1013,0,336
613,1657,1013,0,334
614,1657,1012,0,330
615,1657,1011,0,331
616,1658,1011,0,330
617,1659,1011,0,329
618,1661,1009,0,331
619,1662,1006,0,329
620,1663,1006,0,336
621,1664,1006,0,340
622,1664,1007,0,343
623,1662,1006,0,342
624,1661,1006,0,343
625,1659,1008,0,346
626,1657,1009,0,350
627,1656,1010,0,348
628,1655,1010,0,349
629,1654,1010,0,349
630,1653,1011,0,352
631,1652,1011,0,354
632,1653,1012,0,356
633,1653,1013,0,356
634,1653,1015,0,356
635,1652,1015,0,359
636,1651,1015,0,359
637,1648,1017,0,2
638,1647,1018,0,3
639,1647,1018,0,10
640,1645,1017,0,19
641,1643,1016,0,21
642,1643,1014,0,24
643,1642,1014,0,30
644,1640,1014,0,32
645,1638,1013,0,31
646,1636,1013,0,33
647,1634,1012,0,35
648,1628,1011,0,39
649,1626,1009,0,36
650,1625,1010,0,38
651,1624,1012,0,39
652,1623,1013,0,38
653,1621,1013,0,36
654,1621,1013,0,33
655,1620,1014,0,33
656,1618,1015,0,32
657,1617,1014,0,29
658,1616,1015,0,32
659,1615,1016,0,35
660,1615,1016,0,32
661,1615,1016,0,28
662,1613,1015,0,28
663,1612,1015,0,31
664,1611,1015,0,27
665,1611,1015,0,24
666,1610,1015,0,18
667,1609,1014,0,17
668,1609,1014,0,15
669,1609,1013,0,15
670,1608,1013,0,16
671,1609,1013,0,17
672,1608,1012,0,16
673,1608,1012,0,18
674,1608,1012,0,18
675,1608,1013,0,19
676,1608,1013,0,19
677,1608,1013,0,17
678,1608,1013,0,15
679,1608,1012,0,21
680,1608,1012,0,24
681,1607,1012,0,28
682,1607,1011,0,31
683,1607,1010,0,35
684,1606,1012,0,34
685,1603,1013,0,35
686,1602,1014,0,32
687,1601,1013,0,33
688,1601,1013,0,35
689,1601,1013,0,36
690,1600,1014,0,38
691,1600,1015,0,40
692,1599,1015,0,42
693,1596,1013,0,45
694,1593,1013,0,46
695,1589,1015,0,40
696,1586,1015,0,38
697,1585,1015,0,36
698,1584,1017,0,39
699,1585,1018,0,39
700,1580,1017,0,44
701,1580,1015,0,44
702,1578,1015,0,46
703,1577,1016,0,47
704,1576,1016,0,52
705,1574,1016,0,55
706,1574,1017,0,58
707,1573,1018,0,60
708,1573,1020,0,60
709,1574,1020,0,62
710,1573,1020,0,62
711,1573,1022,0,59
712,1573,1022,0,60
713,1573,1023,0,62
714,1573,1024,0,59
715,1575,1025,0,53
716,1576,1024,0,56
717,1576,1025,0,55
718,1577,1025,0,53
719,1577,1024,0,56
720,1578,1025,0,52
721,1578,1025,0,50
722,1578,1025,0,49
723,1578,1025,0,49
724,1578,1025,0,51
725,1579,1025,0,51
726,1581,1025,0,49
727,1585,1025,0,43
728,1585,1025,0,41
729,1585,1025,0,37
730,1586,1025,0,38
731,1586,1026,0,37
732,1586,1025,0,38
733,1585,1025,0,40
734,1585,1025,0,41
735,1585,1025,0,43
736,1585,1025,0,43
737,1585,1025,0,42
738,1585,1025,0,43
739,1586,1026,0,39
740,1587,1027,0,37
741,1586,1028,0,36
742,1588,1029,0,35
743,1587,1029,0,36
744,1587,1030,0,35
745,1589,1028,0,35
746,1588,1027,0,35
747,1587,1026,0,34
748,1586,1025,0,37
749,1586,1024,0,41
750,1586,1024,0,36
751,1585,1024,0,33
752,1585,1023,0,30
753,1584,1022,0,26
754,1585,1021,0,27
755,1585,1021,0,25
756,1585,1022,0,21
757,1583,1022,0,18
758,1582,1022,0,16
759,1579,1022,0,12
760,1576,1022,0,7
761,1573,1022,0,6
762,1568,1021,0,3
763,1564,1020,0,359
764,1562,1018,0,357
765,1561,1014,0,355
766,1560,1013,0,349
767,1556,1012,0,346
768,1556,1011,0,348
769,1555,1011,0,350
770,1555,1011,0,353
771,1555,1011,0,355
772,1556,1011,0,356
773,1556,1010,0,353
774,1555,1010,0,352
775,1555,1009,0,352
776,1557,1007,0,357
777,1558,1005,0,3
778,1558,1004,0,2
779,1559,1003,0,1
780,1557,1002,0,359
781,1555,1003,0,0
782,1553,1005,0,2
783,1551,1005,0,8
784,1549,1005,0,17
785,1549,1004,0,16
786,1549,1003,0,11
787,1548,1004,0,12
788,1547,1006,0,16
789,1544,1007,0,18
790,1541,1010,0,26
791,1537,1013,0,25
792,1536,1013,0,23
793,1532,1016,0,26
794,1527,1019,0,32
795,1523,1019,0,30
796,1521,1019,0,26
797,1518,1021,0,30
798,1519,1023,0,27
799,1518,1022,0,23
800,1517,1022,0,24
801,1516,1022,0,22
802,1511,1025,0,27
803,1511,1026,0,25
804,1511,1023,0,33
805,1509,1023,0,39
806,1510,1025,0,49
807,1509,1029,0,53
808,1507,1030,0,60
809,1506,1032,0,60
810,1506,1032,0,60
811,1505,1033,0,61
812,1505,1033,0,63
813,1506,1037,0,61
814,1505,1038,0,63
815,1505,1038,0,62
816,1505,1038,0,63
817,1504,1039,0,63
818,1501,1041,0,63
819,1501,1042,0,68
820,1500,1042,0,71
821,1499,1042,0,71
822,1497,1043,0,68
823,1498,1043,0,68
824,1497,1044,0,67
825,1498,1044,0,64
826,1497,1044,0,65
827,1498,1044,0,64
828,1499,1044,0,66
829,1498,1045,0,63
830,1497,1046,0,59
831,1496,1047,0,58
832,1495,1047,0,55
833,1494,1047,0,50
834,1494,1047,0,46
835,1494,1047,0,46
836,1493,1048,0,48
837,1492,1047,0,44
838,1491,1048,0,41
839,1490,1048,0,40
840,1489,1047,0,35
841,1487,1047,0,34
842,1489,1050,0,37
843,1486,1050,0,37
844,1485,1051,0,38
845,1486,1053,0,39
846,1486,1053,0,40
847,1486,1054,0,41
848,1486,1054,0,40
849,1487,1053,0,39
850,1486,1053,0,38
851,1487,1052,0,40
852,1488,1053,0,42
853,1489,1052,0,42
854,1490,1052,0,40
855,1490,1051,0,40
856,1491,1051,0,39
857,1491,1050,0,41
858,1492,1050,0,43
859,1492,1050,0,43
860,1492,1050,0,45
861,1492,1050,0,43
862,1492,1050,0,41
863,1492,1050,0,38
864,1493,1050,0,39
865,1493,1050,0,37
866,1493,1050,0,35
867,1491,1051,0,34
868,1491,1052,0,28
869,1493,1053,0,28
870,1494,1054,0,27
871,1494,1055,0,22
872,1494,1055,0,20
873,1494,1056,0,17
874,1492,1056,0,11
875,1489,1057,0,4
876,1486,1059,0,359
877,1484,1058,0,355
878,1482,1061,0,350
879,1480,1062,0,343
880,1477,1062,0,342
881,1472,1059,0,339
882,1471,1059,0,338
883,1471,1058,0,337
884,1471,1057,0,340
885,1472,1057,0,341
886,1479,1061,0,343
887,1478,1061,0,343
888,1477,1061,0,343
889,1477,1061,0,344
890,1476,1060,0,346
891,1474,1059,0,345
892,1474,1058,0,345
893,1473,1058,0,343
894,1473,1059,0,344
895,1477,1061,0,347
896,1477,1061,0,347
897,1477,1061,0,348
898,1479,1061,0,344
899,1479,1061,0,348
900,1479,1059,0,349
901,1480,1059,0,350
902,1481,1059,0,350
903,1480,1059,0,354
904,1480,1059,0,353
905,1479,1061,0,350
906,1480,1061,0,350
907,1479,1061,0,350
908,1479,1061,0,353
909,1481,1060,0,353
910,1481,1060,0,350
911,1483,1061,0,350
912,1483,1061,0,349
913,1483,1060,0,348
914,1483,1060,0,355
915,1483,1062,0,1
916,1483,1063,0,1
917,1483,1063,0,0
918,1484,1062,0,2
919,1485,1062,0,6
920,1485,1062,0,9
921,1486,1060,0,15
922,1486,1060,0,15
923,1487,1058,0,17
924,1488,1058,0,18
925,1488,1058,0,16
926,1488,1058,0,12
927,1488,1058,0,9
928,1490,1056,0,7
929,1491,1055,0,7
930,1493,1055,0,7
931,1495,1056,0,359
932,1496,1053,0,3
933,1501,1050,0,1
934,1501,1050,0,0
935,1499,1052,0,1
936,1501,1052,0,2
937,1502,1052,0,6
938,1502,1052,0,13
939,1504,1054,0,11
940,1506,1058,0,9
941,1506,1059,0,7
942,1505,1059,0,7
943,1505,1056,0,11
944,1505,1057,0,7
945,1506,1058,0,358
946,1505,1060,0,0
947,1506,1059,0,3
948,1506,1062,0,0
949,1506,1062,0,4
950,1509,1056,0,12
951,1509,1056,0,10
952,1509,1057,0,7
953,1510,1057,0,5
954,1510,1057,0,6
955,1510,1057,0,4
956,1509,1057,0,0
957,1509,1057,0,3
958,1509,1057,0,3
959,1510,1057,0,3
960,1510,1057,0,5
961,1509,1057,0,3
962,1509,1057,0,1
963,1508,1057,0,1
964,1506,1059,0,5
965,1505,1060,0,5
966,1506,1061,0,1
967,1506,1062,0,1
968,1505,1062,0,2
969,1505,1062,0,1
970,1505,1062,0,1
971,1505,1062,0,2
972,1505,1060,0,1
973,1505,1059,0,1
974,1504,1059,0,1
975,1504,1059,0,3
976,1503,1061,0,3
977,1503,1062,0,5
978,1504,1065,0,11
979,1502,1063,0,9
980,1501,1062,0,14
981,1502,1062,0,10
982,1503,1062,0,10
983,1503,1062,0,12
984,1504,1063,0,8
985,1506,1065,0,13
986,1506,1067,0,19
987,1506,1068,0,19
988,1506,1067,0,17
989,1506,1066,0,22
990,1509,1069,0,22
991,1509,1068,0,27
992,1510,1069,0,28
993,1510,1068,0,32
994,1510,1071,0,36
995,1511,1073,0,37
996,1513,1074,0,37
997,1515,1073,0,42
998,1515,1074,0,41
999,1516,1077,0,43
1000,1518,1075,0,51
1001,1520,1074,0,49
1002,1521,1073,0,49
1003,1522,1073,0,48
1004,1523,1072,0,45
1005,1522,1072,0,44
1006,1523,1072,0,47
1007,1523,1071,0,47
1008,1524,1071,0,46
1009,1524,1071,0,45
1010,1524,1071,0,44
1011,1525,1069,0,45
1012,1526,1068,0,44
1013,1528,1068,0,43
1014,1530,1069,0,43
1015,1530,1069,0,43
1016,1530,1069,0,42
1017,1531,1070,0,43
1018,1531,1069,0,45
1019,1530,1069,0,46
1020,1529,1069,0,50
1021,1529,1069,0,46
1022,1528,1069,0,49
1023,1528,1069,0,46
1024,1529,1069,0,44
1025,1529,1070,0,43
1026,1529,1069,0,45
1027,1529,1069,0,42
1028,1529,1069,0,42
1029,1529,1069,0,42
1030,1529,1069,0,46
1031,1528,1070,0,47
1032,1528,1069,0,48
1033,1528,1069,0,48
1034,1529,1069,0,49
1035,1529,1069,0,48
1036,1528,1070,0,49
1037,1529,1070,0,48
1038,1528,1070,0,48
1039,1527,1071,0,50
1040,1526,1075,0,52
1041,1526,1077,0,50
1042,1526,1078,0,48
1043,1526,1078,0,46
1044,1526,1077,0,45
1045,1526,1076,0,45
1046,1525,1076,0,45
1047,1526,1077,0,48
1048,1526,1075,0,44
1049,1525,1075,0,44
1050,1525,1075,0,44
1051,1525,1075,0,43
1052,1525,1075,0,45
1053,1525,1075,0,41
1054,1526,1076,0,41
1055,1527,1078,0,43
1056,1526,1078,0,47
1057,1526,1078,0,46
1058,1524,1079,0,45
1059,1523,1080,0,46
1060,1523,1081,0,46
1061,1525,1080,0,47
1062,1529,1080,0,46
1063,1530,1079,0,44
1064,1531,1081,0,42
1065,1530,1079,0,44
1066,1528,1078,0,45
1067,1528,1078,0,45
1068,1527,1078,0,47
1069,1527,1077,0,46
1070,1527,1077,0,45
1071,1526,1077,0,45
1072,1526,1077,0,44
1073,1525,1077,0,44
1074,1525,1076,0,43
1075,1525,1076,0,42
1076,1526,1075,0,41
1077,1525,1076,0,42
1078,1526,1080,0,45
1079,1526,1081,0,46
1080,1527,1084,0,49
1081,1527,1084,0,48
1082,1527,1082,0,47
1083,1528,1082,0,46
1084,1530,1080,0,45
1085,1530,1077,0,42
1086,1529,1075,0,46
1087,1527,1074,0,45
1088,1527,1073,0,44
1089,1528,1072,0,43
1090,1533,1074,0,44
1091,1533,1075,0,42
1092,1533,1075,0,41
1093,1534,1077,0,42
1094,1533,1077,0,42
1095,1534,1078,0,42
1096,1533,1078,0,41
1097,1533,1078,0,42
1098,1533,1077,0,42
1099,1533,1077,0,43
1100,1532,1075,0,39
1101,1529,1077,0,31
1102,1527,1077,0,26
1103,1524,1076,0,22
1104,1522,1076,0,24
1105,1519,1074,0,31
1106,1517,1073,0,36
1107,1518,1071,0,30
1108,1519,1070,0,31
1109,1520,1069,0,29
1110,1521,1067,0,26
1111,1523,1067,0,20
1112,1524,1067,0,21
1113,1524,1067,0,22
1114,1523,1067,0,20
1115,1523,1067,0,20
1116,1523,1069,0,18
1117,1524,1069,0,16
1118,1524,1069,0,18
1119,1524,1069,0,16
1120,1524,1069,0,14
1121,1524,1069,0,17
1122,1525,1069,0,14
1123,1524,1069,0,16
1124,1524,1068,0,15
1125,1524,1068,0,17
1126,1523,1069,0,16
1127,1523,1069,0,16
1128,1523,1069,0,13
1129,1524,1069,0,12
1130,1524,1068,0,13
1131,1523,1069,0,15
1132,1523,1068,0,15
1133,1523,1069,0,14
1134,1523,1068,0,13
1135,1524,1069,0,14
1136,1524,1069,0,15
1137,1523,1069,0,15
1138,1523,1069,0,13
1139,1524,1069,0,10
1140,1524,1069,0,13
1141,1524,1069,0,12
1142,1524,1068,0,13
1143,1524,1068,0,13
1144,1523,1068,0,15
1145,1524,1067,0,15
1146,1523,1067,0,17
1147,1523,1066,0,18
1148,1523,1066,0,20
1149,1523,1067,0,19
1150,1523,1067,0,18
1151,1523,1066,0,18
1152,1522,1066,0,21
1153,1522,1066,0,22
1154,1522,1065,0,23
1155,1521,1065,0,25
1156,1522,1065,0,22
1157,1522,1063,0,18
1158,1524,1062,0,12
1159,1525,1062,0,9
1160,1525,1061,0,7
1161,1525,1061,0,7
1162,1525,1061,0,8
1163,1524,1060,0,10
1164,1525,1060,0,8
1165,1525,1060,0,7
1166,1526,1060,0,9
1167,1526,1060,0,10
1168,1526,1060,0,8
1169,1527,1060,0,6
1170,1529,1060,0,8
1171,1529,1060,0,12
1172,1530,1059,0,18
1173,1533,1059,0,25
1174,1533,1058,0,31
1175,1531,1056,0,33
1176,1532,1054,0,33
1177,1534,1053,0,28
1178,1534,1051,0,32
1179,1534,1050,0,33
1180,1532,1043,0,38
1181,1532,1039,0,36
1182,1533,1038,0,36
1183,1531,1036,0,39
1184,1532,1034,0,36
1185,1532,1033,0,30
1186,1533,1031,0,26
1187,1535,1032,0,22
1188,1536,1031,0,22
1189,1537,1031,0,24
1190,1538,1031,0,32
1191,1542,1032,0,41
1192,1544,1033,0,35
1193,1548,1032,0,35
1194,1548,1031,0,36
1195,1551,1033,0,33
1196,1551,1032,0,30
1197,1552,1030,0,22
1198,1557,1028,0,18
1199,1560,1027,0,12
1200,1563,1018,0,17
1201,1561,1017,0,26
1202,1559,1020,0,33
1203,1559,1019,0,34
1204,1558,1014,0,33
1205,1562,1007,0,29
1206,1561,1006,0,35
1207,1561,1003,0,36
1208,1560,1001,0,32
1209,1557,1002,0,32
1210,1555,1003,0,45
1211,1550,1005,0,52
1212,1543,1004,0,62
1213,1541,1005,0,62
1214,1537,1002,0,67
1215,1538,1001,0,69
1216,1540,1003,0,58
1217,1539,1002,0,64
1218,1542,1000,0,62
1219,1541,1000,0,64
1220,1539,999,0,62
1221,1539,998,0,62
1222,1536,998,0,61
1223,1536,999,0,60
1224,1537,999,0,60
1225,1536,998,0,68
1226,1538,996,0,63
1227,1537,997,0,68
1228,1535,998,0,72
1229,1532,999,0,68
1230,1534,1002,0,59
1231,1530,1004,0,56
1232,1529,1005,0,56
1233,1529,1007,0,58
1234,1529,1009,0,53
1235,1528,1010,0,48
1236,1528,1009,0,49
1237,1529,1009,0,50
1238,1531,1008,0,45
1239,1531,1005,0,45
1240,1532,1002,0,46
1241,1530,1002,0,46
1242,1530,1001,0,48
1243,1529,1001,0,52
1244,1530,1000,0,52
1245,1530,999,0,51
1246,1529,999,0,50
1247,1529,999,0,50
1248,1529,1000,0,44
1249,1528,999,0,45
1250,1528,998,0,47
1251,1529,998,0,50
1252,1530,998,0,52
1253,1533,997,0,51
1254,1536,993,0,56
1255,1538,993,0,47
1256,1539,992,0,44
1257,1537,989,0,52
1258,1541,990,0,49
1259,1540,990,0,55
1260,1540,989,0,57
1261,1541,987,0,57
1262,1545,986,0,57
1263,1548,982,0,55
1264,1551,980,0,47
1265,1550,980,0,45
1266,1550,978,0,40
1267,1552,974,0,33
1268,1559,970,0,22
1269,1560,964,0,14
1270,1566,963,0,6
1271,1564,963,0,5
1272,1564,963,0,9
1273,1564,963,0,4
1274,1565,963,0,7
1275,1565,962,0,5
1276,1569,964,0,353
1277,1569,963,0,356
1278,1570,962,0,352
1279,1569,962,0,350
1280,1570,961,0,348
1281,1570,960,0,350
1282,1570,960,0,352
1283,1569,958,0,357
1284,1569,958,0,357
1285,1569,957,0,358
1286,1569,957,0,357
1287,1568,957,0,356
1288,1568,957,0,354
1289,1569,958,0,356
1290,1570,958,0,355
1291,1569,958,0,356
1292,1569,957,0,357
1293,1569,958,0,357
1294,1569,960,0,5
1295,1568,961,0,9
1296,1569,962,0,12
1297,1568,961,0,20
1298,1568,961,0,22
1299,1567,962,0,20
1300,1567,962,0,21
1301,1568,961,0,19
1302,1567,960,0,21
1303,1569,958,0,16
1304,1569,958,0,14
1305,1568,955,0,14
1306,1566,952,0,15
1307,1564,951,0,12
1308,1563,951,0,12
1309,1559,951,0,13
1310,1558,951,0,17
1311,1559,948,0,22
1312,1559,948,0,17
1313,1561,948,0,9
1314,1561,947,0,4
1315,1561,946,0,3
1316,1561,945,0,358
1317,1561,943,0,0
1318,1561,942,0,1
1319,1559,941,0,1
1320,1559,941,0,356
1321,1559,941,0,351
1322,1558,942,0,345
1323,1559,944,0,349
1324,1559,945,0,346
1325,1560,945,0,340
1326,1560,946,0,340
1327,1560,946,0,340
1328,1559,946,0,343
1329,1558,943,0,349
1330,1554,943,0,351
1331,1552,942,0,355
1332,1544,940,0,350
1333,1539,935,0,355
1334,1538,932,0,354
1335,1538,931,0,356
1336,1539,932,0,358
1337,1538,932,0,0
1338,1536,929,0,5
1339,1536,928,0,9
1340,1536,927,0,12
1341,1536,929,0,6
1342,1535,928,0,4
1343,1535,927,0,3
1344,1534,927,0,1
1345,1534,929,0,3
1346,1534,930,0,4
1347,1535,932,0,3
1348,1535,932,0,4
1349,1536,933,0,2
1350,1537,932,0,4
1351,1537,933,0,5
1352,1537,935,0,2
1353,1538,935,0,3
1354,1540,936,0,3
1355,1541,938,0,2
1356,1540,936,0,8
1357,1539,934,0,7
1358,1539,932,0,12
1359,1539,931,0,12
1360,1541,930,0,13
1361,1539,928,0,23
1362,1538,928,0,27
1363,1539,931,0,35
1364,1538,931,0,40
1365,1536,933,0,39
1366,1537,933,0,39
1367,1537,933,0,38
1368,1537,933,0,43
1369,1537,933,0,44
1370,1537,934,0,42
1371,1536,933,0,46
1372,1535,932,0,46
1373,1535,933,0,45
1374,1535,933,0,44
1375,1534,932,0,48
1376,1535,931,0,49
1377,1538,931,0,44
1378,1539,930,0,39
1379,1540,929,0,38
1380,1541,928,0,38
1381,1541,928,0,40
1382,1542,928,0,40
1383,1542,928,0,41
1384,1542,927,0,45
1385,1543,927,0,43
1386,1543,927,0,42
1387,1543,928,0,43
1388,1541,930,0,45
1389,1540,933,0,40
1390,1540,934,0,42
1391,1539,933,0,44
1392,1539,934,0,43
1393,1539,935,0,42
1394,1538,936,0,42
1395,1537,937,0,45
1396,1537,938,0,39
1397,1538,940,0,38
1398,1538,940,0,36
1399,1537,939,0,42
1400,1538,936,0,43
1401,1539,935,0,46
1402,1539,935,0,48
1403,1539,934,0,49
1404,1539,935,0,43
1405,1539,937,0,47
1406,1537,940,0,46
1407,1537,942,0,46
1408,1536,942,0,44
1409,1535,943,0,43
1410,1535,943,0,44
1411,1534,942,0,48
1412,1534,942,0,49
1413,1535,939,0,51
1414,1536,940,0,50
1415,1536,940,0,47
1416,1537,942,0,43
1417,1539,943,0,45
1418,1540,945,0,46
1419,1542,946,0,50
1420,1544,947,0,53
1421,1545,947,0,58
1422,1547,947,0,55
1423,1548,946,0,55
1424,1550,942,0,53
1425,1551,942,0,51
1426,1550,943,0,52
1427,1550,943,0,49
1428,1550,943,0,48
1429,1551,943,0,49
1430,1550,943,0,50
1431,1550,943,0,54
1432,1549,943,0,57
1433,1549,942,0,58
1434,1550,941,0,56
1435,1550,942,0,56
1436,1549,942,0,56
1437,1550,942,0,56
1438,1550,943,0,55
1439,1550,943,0,55
1440,1551,943,0,54
1441,1551,943,0,50
1442,1552,943,0,49
1443,1552,943,0,48
1444,1552,943,0,49
1445,1551,943,0,52
1446,1551,944,0,54
1447,1551,945,0,50
1448,1551,944,0,50
1449,1550,943,0,46
1450,1548,942,0,41
1451,1547,941,0,38
1452,1553,942,0,37
1453,1555,942,0,34
1454,1556,942,0,32
1455,1555,942,0,36
1456,1556,942,0,33
1457,1557,942,0,29
1458,1557,943,0,29
1459,1558,943,0,27
1460,1557,944,0,26
1461,1558,945,0,24
1462,1558,946,0,23
1463,1557,947,0,18
1464,1555,948,0,14
1465,1554,948,0,10
1466,1552,949,0,7
1467,1549,950,0,12
1468,1550,954,0,12
1469,1550,957,0,15
1470,1550,959,0,22
1471,1550,961,0,24
1472,1552,966,0,30
1473,1553,966,0,33
1474,1555,964,0,38
1475,1556,962,0,41
1476,1556,958,0,42
1477,1555,957,0,43
1478,1553,958,0,40
1479,1550,957,0,41
1480,1548,957,0,38
1481,1548,957,0,38
1482,1548,956,0,37
1483,1547,956,0,37
1484,1546,957,0,40
1485,1546,956,0,43
1486,1546,956,0,44
1487,1548,959,0,45
1488,1549,959,0,43
1489,1549,959,0,41
1490,1550,959,0,39
1491,1550,957,0,39
1492,1549,955,0,42
1493,1549,954,0,43
1494,1549,954,0,44
1495,1549,953,0,45
1496,1548,953,0,46
1497,1548,952,0,44
1498,1547,950,0,44
1499,1544,949,0,52
1500,1543,949,0,55
1501,1542,948,0,67
1502,1541,946,0,73
1503,1539,944,0,75
1504,1538,941,0,82
1505,1536,940,0,81
1506,1535,941,0,90
1507,1536,943,0,91
1508,1535,943,0,86
1509,1535,943,0,84
1510,1535,944,0,81
1511,1535,944,0,78
1512,1535,945,0,78
1513,1536,945,0,76
1514,1536,945,0,69
1515,1537,945,0,67
1516,1537,945,0,69
1517,1536,945,0,74
1518,1535,946,0,74
1519,1536,948,0,71
1520,1536,948,0,73
1521,1535,947,0,72
1522,1534,947,0,70
1523,1534,949,0,77
1524,1536,948,0,75
1525,1534,949,0,80
1526,1535,949,0,77
1527,1534,950,0,75
1528,1534,949,0,74
1529,1534,949,0,72
1530,1532,948,0,69
1531,1533,948,0,67
1532,1532,947,0,66
1533,1532,947,0,66
1534,1533,947,0,68
1535,1532,947,0,63
1536,1532,947,0,66
1537,1532,947,0,66
1538,1532,947,0,69
1539,1531,947,0,69
1540,1531,947,0,66
1541,1530,947,0,70
1542,1530,946,0,72
1543,1531,947,0,69
1544,1530,949,0,68
1545,1529,950,0,66
1546,1529,948,0,71
1547,1529,947,0,71
1548,1529,946,0,68
1549,1529,946,0,65
1550,1529,946,0,63
1551,1530,946,0,65
1552,1530,947,0,58
1553,1527,943,0,59
1554,1527,940,0,65
1555,1527,941,0,64
1556,1526,941,0,70
1557,1533,942,0,63
1558,1533,943,0,68
1559,1530,944,0,65
1560,1530,944,0,66
1561,1529,944,0,70
1562,1528,943,0,71
1563,1528,943,0,72
1564,1527,943,0,71
1565,1527,942,0,71
1566,1527,942,0,70
1567,1524,939,0,70
1568,1523,939,0,77
1569,1533,938,0,75
1570,1531,940,0,74
1571,1530,939,0,71
1572,1530,938,0,71
1573,1528,938,0,73
1574,1526,938,0,75
1575,1527,939,0,72
1576,1524,939,0,77
1577,1522,940,0,82
1578,1521,942,0,79
1579,1520,943,0,75
1580,1519,944,0,71
1581,1518,946,0,75
1582,1517,946,0,75
1583,1517,945,0,83
1584,1516,944,0,89
1585,1516,945,0,87
1586,1516,946,0,87
1587,1518,946,0,85
1588,1523,947,0,76
1589,1527,949,0,59
1590,1527,950,0,61
1591,1527,950,0,61
1592,1527,951,0,62
1593,1527,952,0,67
1594,1527,951,0,64
1595,1528,952,0,63
1596,1528,951,0,65
1597,1528,952,0,69
1598,1529,952,0,66
1599,1529,953,0,72
1600,1531,954,0,70
1601,1530,955,0,69
1602,1532,956,0,68
1603,1533,958,0,68
1604,1534,958,0,69
1605,1537,959,0,70
1606,1540,963,0,72
1607,1542,962,0,73
1608,1543,963,0,70
1609,1544,962,0,73
1610,1540,961,0,85
1611,1538,961,0,87
1612,1536,959,0,85
1613,1534,959,0,87
1614,1535,958,0,88
1615,1535,958,0,90
1616,1534,958,0,88
1617,1534,957,0,89
1618,1532,956,0,92
1619,1531,956,0,89
1620,1530,955,0,90
1621,1529,954,0,90
1622,1528,954,0,92
1623,1529,954,0,90
1624,1529,953,0,88
1625,1529,952,0,88
1626,1529,952,0,88
1627,1529,952,0,87
1628,1529,952,0,89
1629,1528,951,0,90
1630,1529,952,0,89
1631,1528,951,0,90
1632,1528,951,0,89
1633,1530,951,0,86
1634,1533,950,0,83
1635,1534,949,0,80
1636,1532,949,0,69
1637,1529,948,0,65
1638,1529,945,0,62
1639,1528,943,0,58
1640,1527,940,0,68
1641,1527,939,0,69
1642,1528,937,0,68
1643,1528,936,0,67
1644,1527,936,0,65
1645,1527,936,0,64
1646,1527,937,0,65
1647,1528,937,0,62
1648,1530,937,0,57
1649,1529,937,0,60
1650,1530,937,0,57
1651,1530,937,0,57
1652,1529,937,0,58
1653,1530,934,0,57
1654,1531,934,0,54
1655,1532,934,0,52
1656,1531,933,0,57
1657,1531,933,0,58
1658,1532,933,0,55
1659,1532,933,0,56
1660,1532,934,0,50
1661,1531,934,0,43
1662,1532,933,0,40
1663,1533,933,0,37
1664,1533,934,0,34
1665,1534,934,0,30
1666,1535,934,0,21
1667,1535,934,0,19
1668,1535,934,0,13
1669,1534,932,0,14
1670,1534,931,0,20
1671,1535,935,0,16
1672,1535,929,0,22
1673,1535,927,0,22
1674,1534,926,0,23
1675,1534,926,0,22
1676,1533,925,0,22
1677,1533,924,0,20
1678,1533,924,0,20
1679,1532,923,0,23
1680,1532,924,0,22
1681,1532,923,0,23
1682,1532,924,0,20
1683,1532,923,0,19
1684,1533,924,0,17
1685,1533,924,0,17
1686,1533,923,0,18
1687,1533,923,0,18
1688,1533,923,0,17
1689,1533,923,0,17
1690,1534,923,0,18
1691,1533,923,0,17
1692,1533,923,0,15
1693,1534,923,0,16
1694,1534,923,0,14
1695,1533,923,0,16
1696,1533,922,0,18
1697,1532,922,0,19
1698,1532,922,0,17
1699,1532,922,0,17
1700,1532,922,0,18
1701,1532,922,0,19
1702,1533,922,0,19
1703,1533,922,0,17
1704,1532,922,0,17
1705,1533,922,0,19
1706,1533,922,0,18
1707,1532,922,0,18
1708,1533,922,0,18
1709,1533,922,0,17
1710,1533,922,0,18
1711,1533,922,0,18
1712,1533,922,0,19
1713,1533,922,0,16
1714,1532,922,0,14
1715,1532,922,0,12
1716,1532,922,0,15
1717,1532,922,0,15
1718,1532,922,0,15
1719,1532,922,0,15
1720,1532,922,0,14
1721,1532,922,0,15
1722,1532,922,0,15
1723,1532,922,0,15
1724,1532,922,0,15
1725,1532,923,0,15
1726,1531,923,0,14
1727,1532,923,0,14
1728,1533,923,0,14
1729,1534,924,0,10
1730,1534,924,0,8
1731,1534,924,0,7
1732,1533,924,0,7
1733,1533,924,0,8
1734,1533,924,0,11
1735,1533,924,0,12
1736,1533,923,0,13
1737,1534,923,0,11
1738,1533,923,0,10
1739,1534,924,0,8
1740,1534,923,0,9
1741,1534,923,0,9
1742,1536,925,0,6
1743,1537,925,0,8
1744,1537,925,0,10
1745,1536,923,0,14
1746,1536,923,0,19
1747,1534,922,0,21
1748,1532,922,0,22
1749,1531,921,0,25
1750,1532,920,0,28
1751,1533,920,0,31
1752,1533,920,0,34
1753,1533,921,0,36
1754,1532,923,0,37
1755,1532,922,0,39
1756,1531,922,0,46
1757,1526,920,0,58
1758,1523,922,0,68
1759,1518,925,0,93
1760,1515,927,0,101
1761,1514,929,0,106
1762,1512,931,0,106
1763,1511,929,0,98
1764,1509,928,0,102
1765,1505,928,0,116
1766,1505,928,0,117
1767,1504,927,0,117
1768,1504,926,0,116
1769,1502,926,0,130
1770,1501,928,0,141
1771,1501,926,0,141
1772,1500,926,0,147
1773,1500,925,0,151
1774,1498,924,0,156
1775,1496,920,0,157
1776,1494,921,0,178
1778,1493,922,0,180
1779,1494,922,0,170
1780,1496,919,0,161
1781,1495,921,0,166
1782,1494,922,0,172
1783,1493,922,0,171
1784,1493,921,0,173
1785,1489,922,0,182
1786,1486,922,0,182
1787,1483,923,0,190
1788,1483,927,0,199
1789,1489,928,0,214
1790,1493,923,0,212
1791,1487,919,0,206
1792,1486,920,0,217
1793,1486,919,0,224
1794,1485,920,0,231
1795,1483,921,0,226
1796,1485,921,0,230
1797,1482,920,0,234
1798,1480,919,0,235
1799,1479,919,0,233
1800,1479,919,0,233
1801,1479,920,0,235
1802,1479,920,0,244
1803,1477,920,0,255
1804,1477,918,0,261
1805,1477,916,0,269
1806,1478,915,0,269
1807,1475,913,0,279
1808,1473,913,0,283
1809,1472,911,0,282
1810,1470,910,0,281
1811,1469,909,0,281
1812,1469,906,0,283
1813,1467,905,0,278
1814,1466,905,0,279
1815,1465,905,0,282
1816,1464,907,0,288
1817,1463,907,0,291
1818,1462,907,0,297
1819,1462,907,0,303
1820,1460,906,0,305
1821,1460,906,0,309
1822,1460,906,0,308
1823,1460,906,0,307
1824,1460,906,0,310
1825,1460,906,0,309
1826,1460,902,0,304
1827,1458,900,0,304
1828,1454,901,0,304
1829,1455,900,0,301
1830,1455,899,0,306
1831,1452,901,0,299
1832,1450,904,0,303
1833,1450,904,0,307
1834,1451,902,0,309
1835,1452,900,0,305
1836,1449,902,0,304
1837,1449,902,0,304
1838,1449,900,0,303
1839,1447,901,0,300
1840,1448,901,0,302
1841,1450,899,0,304
1842,1452,897,0,305
1843,1448,895,0,303
1844,1445,893,0,294
1845,1444,893,0,299
1846,1444,894,0,296
1847,1442,894,0,292
1848,1440,895,0,293
1849,1441,896,0,289
1850,1438,894,0,281
1851,1436,903,0,257
1852,1438,890,0,290
1853,1437,890,0,297
1854,1438,891,0,295
1855,1437,891,0,295
1856,1437,891,0,299
1857,1437,891,0,308
1858,1437,891,0,313
1859,1436,891,0,310
1860,1436,889,0,315
1861,1436,888,0,313
1862,1435,887,0,310
1863,1436,888,0,315
1864,1436,887,0,315
1865,1435,887,0,314
1866,1435,886,0,313
1867,1435,887,0,310
1868,1435,887,0,315
1869,1434,887,0,322
1870,1435,886,0,321
1871,1435,886,0,321
1872,1435,886,0,320
1873,1435,886,0,317
1874,1435,886,0,317
1875,1438,887,0,315
1876,1437,887,0,317
1877,1437,887,0,316
1878,1436,887,0,316
1879,1435,887,0,316
1880,1434,887,0,314
1881,1434,888,0,316
1882,1434,888,0,317
1883,1433,889,0,322
1884,1433,889,0,322
1885,1433,889,0,322
1886,1433,889,0,322
1887,1433,889,0,323
1888,1432,889,0,325
1889,1433,890,0,322
1890,1433,890,0,323
1891,1432,889,0,322
1892,1431,889,0,321
1893,1429,889,0,319
1894,1427,890,0,321
1895,1429,889,0,328
1896,1430,890,0,331
1897,1431,890,0,330
1898,1432,890,0,330
1899,1432,890,0,333
1900,1433,890,0,331
1901,1433,891,0,334
1902,1432,892,0,343
1903,1432,892,0,346
1904,1431,892,0,346
1905,1431,892,0,347
1906,1430,892,0,346
1907,1430,892,0,347
1908,1431,892,0,348
1909,1429,891,0,349
1910,1430,891,0,351
1911,1430,891,0,352
1912,1431,891,0,353
1913,1431,891,0,351
1914,1431,890,0,353
1915,1432,890,0,352
1916,1431,890,0,352
1917,1431,888,0,353
1918,1431,888,0,352
1919,1431,888,0,351
1920,1431,887,0,352
1921,1431,888,0,352
1922,1430,887,0,349
1923,1430,888,0,350
1924,1430,889,0,355
1925,1430,889,0,354
1926,1429,889,0,353
1927,1429,889,0,352
1928,1429,889,0,351
1929,1429,889,0,349
1930,1428,889,0,350
1931,1428,889,0,347
1932,1429,889,0,347
1933,1430,889,0,351
1934,1429,887,0,352
1935,1428,887,0,349
1936,1428,888,0,345
1937,1428,888,0,347
1938,1429,888,0,346
1939,1429,888,0,346
1940,1429,889,0,347
1941,1430,889,0,346
1942,1428,889,0,347
1943,1427,889,0,345
1944,1428,889,0,345
1945,1427,887,0,341
1946,1427,886,0,341
1947,1427,886,0,340
1948,1427,885,0,340
1949,1428,884,0,339
1950,1428,883,0,339
1951,1426,882,0,337
1952,1424,881,0,333
1953,1422,880,0,336
1954,1423,879,0,337
1955,1424,878,0,336
1956,1424,877,0,336
1957,1424,877,0,334
1958,1424,876,0,334
1959,1424,876,0,332
1960,1426,876,0,333
1961,1425,875,0,329
1962,1425,875,0,331
1963,1427,876,0,332
1964,1427,876,0,330
1965,1427,876,0,332
1966,1427,876,0,333
1967,1427,876,0,334
1968,1427,875,0,333
1969,1428,875,0,336
1970,1428,875,0,335
1971,1428,875,0,333
1972,1428,875,0,333
1973,1428,875,0,332
1974,1428,875,0,332
1975,1428,875,0,332
1976,1428,875,0,331
1977,1428,876,0,330
1978,1428,875,0,330
1979,1428,875,0,331
1980,1429,876,0,332
1981,1429,876,0,332
1982,1429,875,0,333
1983,1429,875,0,333
1984,1429,875,0,332
1985,1429,876,0,332
1986,1428,876,0,331
1987,1428,876,0,331
1988,1428,876,0,331
1989,1428,877,0,331
1990,1427,875,0,329
1991,1428,874,0,325
1992,1429,874,0,324
1993,1428,874,0,327
1994,1430,875,0,328
1995,1429,874,0,327
1996,1429,874,0,325
1997,1429,874,0,324
1998,1429,874,0,325
2003,1428,873,0,331
2004,1428,873,0,332
2005,1428,872,0,333
2006,1427,872,0,332
2007,1428,873,0,330
2008,1427,873,0,332
2009,1427,874,0,335
2010,1427,874,0,335
2011,1428,875,0,335
2012,1428,875,0,337
2013,1428,875,0,335
2014,1428,875,0,336
2015,1428,875,0,337
2016,1428,875,0,338
2017,1428,874,0,340
2018,1427,874,0,341
2019,1427,874,0,340
2020,1425,874,0,342
2021,1424,874,0,343
2022,1422,874,0,342
2023,1422,874,0,343
2024,1423,874,0,342
2025,1423,874,0,343
2026,1421,874,0,345
2027,1421,874,0,345
2028,1421,874,0,344
2029,1421,874,0,345
2030,1421,874,0,344
2031,1421,874,0,343
2032,1421,874,0,341
2033,1421,875,0,339
2034,1421,875,0,338
2035,1421,875,0,339
2036,1420,875,0,339
2037,1420,875,0,338
2038,1420,875,0,339
2039,1420,875,0,338
2040,1420,875,0,341
2041,1420,875,0,344
2042,1420,875,0,346
2043,1419,874,0,347
2044,1418,875,0,345
2045,1418,875,0,343
2046,1418,875,0,343
2047,1418,875,0,341
2048,1417,875,0,347
2049,1417,875,0,348
2050,1418,875,0,349
2051,1417,875,0,348
2052,1417,875,0,347
2053,1417,876,0,344
2054,1417,875,0,341
2055,1417,876,0,340
2056,1416,876,0,339
2057,1416,875,0,338
2058,1417,874,0,338
2059,1417,870,0,334
2060,1417,866,0,333
2061,1417,864,0,332
2062,1418,865,0,330
2063,1417,866,0,331
2064,1418,867,0,331
2065,1417,866,0,330
2066,1416,862,0,329
2067,1416,862,0,327
2068,1415,862,0,326
2069,1415,862,0,325
2070,1415,863,0,325
2071,1415,863,0,330
2072,1414,864,0,332
2073,1414,864,0,333
2074,1413,864,0,333
2075,1413,864,0,335
2076,1412,864,0,333
2077,1411,863,0,335
2078,1410,862,0,335
2079,1410,862,0,335
2080,1409,861,0,333
2081,1409,861,0,335
2082,1408,861,0,336
2083,1408,861,0,336
2084,1407,861,0,336
2085,1407,861,0,335
2086,1408,861,0,333
2087,1407,861,0,341
2088,1408,861,0,341
2089,1408,860,0,336
2090,1408,862,0,340
2091,1407,861,0,334
2092,1406,861,0,338
2093,1407,861,0,337
2094,1407,860,0,332
2095,1407,860,0,333
2096,1407,859,0,332
2097,1407,860,0,331
2098,1407,860,0,331
2099,1407,860,0,330
2100,1406,859,0,330
2101,1407,859,0,332
2102,1406,859,0,335
2103,1406,858,0,338
2104,1405,859,0,337
2105,1405,860,0,341
2106,1405,859,0,338
2107,1405,860,0,339
2108,1405,860,0,343
2109,1405,860,0,340
2110,1404,861,0,344
2111,1404,861,0,343
2112,1404,861,0,343
2113,1404,861,0,345
2114,1404,861,0,344
2115,1403,861,0,344
2116,1404,861,0,344
2117,1403,861,0,345
2118,1404,861,0,343
2119,1404,861,0,343
2120,1405,860,0,340
2121,1403,860,0,341
2122,1404,861,0,341
2123,1404,860,0,340
2124,1405,861,0,338
2125,1404,861,0,341
2126,1404,862,0,343
2127,1405,861,0,340
2128,1403,863,0,340
2129,1404,864,0,334
2130,1403,862,0,337
2131,1403,865,0,335
2132,1404,866,0,339
2133,1405,866,0,338
2134,1405,866,0,339
2135,1406,866,0,341
2136,1405,865,0,341
2137,1406,864,0,339
2138,1406,861,0,339
2139,1407,861,0,337
2140,1407,861,0,334
2141,1408,862,0,330
2142,1406,861,0,327
2143,1406,860,0,326
2144,1407,860,0,330
2145,1406,861,0,339
2146,1404,864,0,344
2147,1405,863,0,346
2148,1406,865,0,344
2149,1407,867,0,344
2150,1408,870,0,326
2151,1407,870,0,320
2152,1406,870,0,320
2153,1406,870,0,321
2154,1406,870,0,324
2155,1407,871,0,324
2156,1407,870,0,323
2157,1407,871,0,326
2158,1407,872,0,331
2160,1408,875,0,331
2161,1409,877,0,326
2162,1409,878,0,325
2163,1409,878,0,322
2164,1408,878,0,322
2165,1408,878,0,325
2166,1408,878,0,323
2167,1408,878,0,324
2168,1408,879,0,321
2169,1408,878,0,323
2170,1408,878,0,324
2171,1408,878,0,326
2172,1407,878,0,329
2173,1408,878,0,331
2174,1408,878,0,329
2175,1408,878,0,329
2176,1408,879,0,328
2177,1408,879,0,331
2178,1408,879,0,330
2179,1409,879,0,329
2180,1409,879,0,332
2181,1409,879,0,332
2182,1408,879,0,331
2183,1408,879,0,331
2184,1409,879,0,329
2185,1407,879,0,328
2186,1407,880,0,323
2187,1407,882,0,328
2188,1406,882,0,323
2189,1405,882,0,321
2190,1406,882,0,322
2191,1407,882,0,328
2192,1407,883,0,329
2193,1407,883,0,332
2194,1407,882,0,334
2195,1406,882,0,333
2196,1408,883,0,332
2197,1408,883,0,329
2198,1407,884,0,330
2199,1408,884,0,332
2200,1408,884,0,332
2201,1408,884,0,331
2202,1409,884,0,333
2203,1411,884,0,336
2204,1411,885,0,337
2205,1411,884,0,334
2206,1414,884,0,330
2207,1417,884,0,330
2208,1420,882,0,324
2209,1423,881,0,323
2210,1424,881,0,328
2211,1425,883,0,331
2212,1425,884,0,343
2213,1424,883,0,348
2214,1425,872,0,354
2215,1426,871,0,353
2216,1426,871,0,350
2217,1425,881,0,335
2218,1425,881,0,342
2219,1427,889,0,337
2220,1428,887,0,335
2221,1427,888,0,330
2222,1426,887,0,330
2223,1429,888,0,334
2224,1429,889,0,336
2225,1430,884,0,340
2226,1431,885,0,340
2227,1431,880,0,345
2228,1430,876,0,339
2229,1430,874,0,341
2230,1429,874,0,344
2231,1430,874,0,343
2232,1430,874,0,342
2233,1434,876,0,334
2234,1433,878,0,338
2235,1432,878,0,342
2236,1429,877,0,344
2237,1429,876,0,343
2238,1430,876,0,341
2239,1431,876,0,341
2240,1434,876,0,341
2241,1437,874,0,340
2242,1438,873,0,343
2243,1439,871,0,348
2244,1436,869,0,350
2245,1434,869,0,350
2246,1434,869,0,348
2247,1433,869,0,349
2248,1434,867,0,351
2249,1434,870,0,351
2250,1433,871,0,350
2251,1435,879,0,347
2252,1435,876,0,351
2253,1435,875,0,348
2254,1433,874,0,346
2255,1434,879,0,340
2256,1435,884,0,338
2257,1434,882,0,342
2258,1434,882,0,339
2259,1434,881,0,336
2260,1436,879,0,334
2261,1438,876,0,334
2262,1438,876,0,335
2263,1438,877,0,329
2264,1438,876,0,329
2265,1438,874,0,328
2266,1443,869,0,328
2267,1448,867,0,324
2268,1448,870,0,320
2269,1448,872,0,320
2270,1449,872,0,322
2271,1455,880,0,316
2272,1456,881,0,313
2273,1458,883,0,316
2274,1462,886,0,311
2275,1465,887,0,318
2276,1462,892,0,316
2277,1464,893,0,313
2278,1465,894,0,322
2279,1465,894,0,329
2280,1465,895,0,320
2281,1466,896,0,319
2282,1466,895,0,316
2283,1467,894,0,324
2284,1468,895,0,324
2285,1468,895,0,324
2286,1468,896,0,324
2287,1464,897,0,323
2288,1462,898,0,324
2289,1459,899,0,323
2290,1457,899,0,322
2291,1455,898,0,318
2292,1453,897,0,321
2293,1450,896,0,315
2294,1448,895,0,310
2295,1450,896,0,309
2296,1450,895,0,309
2297,1452,895,0,313
2298,1450,897,0,311
2299,1448,898,0,311
2300,1447,898,0,314
2301,1446,899,0,315
2302,1446,897,0,318
2303,1446,898,0,319
2304,1445,900,0,315
2305,1445,899,0,319
2306,1444,899,0,319
2307,1445,899,0,319
2308,1444,900,0,312
2309,1442,900,0,310
2310,1441,900,0,308
2311,1441,899,0,312
2312,1443,900,0,312
2313,1443,900,0,314
2314,1443,898,0,318
2315,1442,898,0,321
2316,1442,900,0,322
2317,1442,901,0,323
2318,1442,901,0,325
2319,1442,901,0,322
2320,1443,901,0,328
2321,1444,902,0,330
2322,1441,900,0,332
2323,1441,899,0,333
2324,1441,901,0,327
2325,1441,902,0,329
2326,1440,903,0,331
2327,1439,906,0,321
2328,1436,905,0,316
2329,1435,902,0,323
2330,1436,900,0,332
2331,1433,899,0,327
2332,1434,895,0,344
2333,1434,894,0,352
2334,1436,892,0,353
2335,1435,893,0,348
2336,1433,894,0,347
2337,1431,895,0,344
2338,1432,896,0,342
2339,1432,895,0,337
2340,1432,896,0,337
2341,1430,896,0,342
2342,1431,896,0,339
2343,1431,897,0,344
2344,1430,899,0,337
2345,1430,899,0,331
2346,1431,899,0,334
2347,1434,899,0,348
2348,1435,893,0,351
2349,1437,889,0,4
2350,1438,884,0,3
2351,1437,884,0,4
2352,1436,883,0,355
2353,1437,883,0,354
2354,1439,883,0,352
2355,1438,883,0,352
2356,1438,883,0,350
2357,1440,883,0,353
2358,1440,882,0,355
2359,1440,883,0,355
2360,1439,885,0,348
2361,1441,888,0,345
2362,1440,891,0,345
2363,1440,892,0,348
2364,1440,896,0,350
2365,1440,895,0,347
2366,1440,894,0,343
2367,1440,891,0,345
2368,1437,889,0,338
2369,1436,889,0,335
2370,1438,890,0,338
2371,1438,890,0,342
2372,1435,886,0,352
2373,1433,885,0,358
2374,1431,885,0,6
2375,1432,886,0,7
2376,1432,885,0,11
2377,1432,885,0,9
2378,1432,886,0,10
2379,1432,886,0,9
2380,1431,887,0,6
2381,1433,886,0,9
2382,1434,887,0,11
2383,1434,889,0,10
2384,1433,890,0,10
2385,1434,889,0,11
2386,1434,889,0,9
2387,1433,890,0,3
2388,1432,891,0,0
2389,1431,892,0,0
2390,1432,894,0,1
2391,1432,893,0,2
2392,1433,894,0,3
2393,1433,893,0,2
2394,1433,893,0,1
2395,1433,894,0,359
2396,1431,896,0,0
2397,1432,898,0,0
2398,1432,897,0,5
2399,1433,897,0,3
2400,1432,897,0,1
2401,1432,898,0,358
2402,1431,898,0,355
2403,1430,898,0,354
2404,1430,896,0,354
2405,1428,894,0,348
2406,1428,894,0,349
2407,1427,891,0,350
2408,1428,892,0,343
2409,1428,891,0,340
2410,1428,894,0,332
2411,1426,896,0,330
2412,1427,899,0,341
2413,1427,899,0,343
2414,1426,900,0,339
2415,1426,900,0,339
2416,1426,900,0,339
2417,1426,901,0,339
2418,1427,900,0,334
2419,1428,899,0,334
2420,1426,897,0,323
2421,1424,895,0,322
2422,1424,894,0,322
2423,1424,892,0,319
2424,1423,892,0,321
2425,1423,891,0,319
2426,1420,887,0,315
2427,1416,884,0,315
2428,1415,882,0,312
2429,1415,882,0,313
2430,1416,879,0,320
2431,1417,878,0,321
2432,1419,880,0,325
2433,1419,883,0,324
2434,1418,881,0,324
2435,1419,879,0,326
2436,1418,877,0,325
2437,1417,876,0,323
2438,1417,876,0,323
2439,1417,875,0,325
2440,1423,878,0,339
2441,1423,881,0,329
2442,1420,878,0,326
2443,1418,877,0,323
2444,1418,877,0,324
2445,1417,876,0,325
2446,1422,880,0,338
2447,1424,881,0,345
2448,1423,882,0,348
2449,1423,882,0,346
2450,1424,881,0,347
2451,1424,883,0,342
2452,1425,883,0,341
2453,1424,884,0,345
2454,1422,884,0,344
2455,1422,883,0,342
2456,1421,883,0,341
2457,1420,883,0,340
2458,1419,882,0,340
2459,1421,885,0,334
2460,1422,885,0,335
2461,1421,885,0,330
2462,1420,885,0,331
2463,1421,887,0,333
2464,1421,888,0,332
2465,1421,887,0,334
2466,1422,887,0,332
2467,1422,888,0,335
2468,1419,887,0,325
2469,1416,885,0,318
2470,1415,885,0,317
2471,1415,885,0,317
2472,1416,886,0,321
2473,1425,887,0,344
2474,1425,886,0,341
2475,1427,886,0,341
2476,1429,885,0,339
2477,1426,885,0,341
2478,1423,884,0,342
2479,1423,884,0,342
2480,1421,884,0,341
2481,1422,886,0,339
2482,1423,896,0,340
2483,1422,898,0,346
2484,1420,900,0,345
2485,1418,898,0,346
2486,1417,902,0,351
2487,1413,905,0,352
2488,1412,907,0,354
2489,1411,906,0,357
2490,1407,906,0,5
2491,1406,907,0,4
2492,1404,908,0,2
2493,1403,909,0,3
2494,1403,903,0,357
2495,1402,898,0,357
2496,1404,896,0,351
2497,1405,892,0,347
2498,1409,888,0,352
2499,1409,889,0,353
2500,1409,891,0,358
2501,1406,896,0,1
2502,1405,895,0,354
2503,1406,896,0,355
2504,1407,898,0,353
2505,1409,897,0,354
2506,1409,897,0,357
2507,1409,897,0,358
2508,1410,898,0,358
2509,1409,898,0,357
2510,1409,899,0,354
2511,1409,900,0,351
2512,1409,900,0,351
2513,1409,901,0,354
2514,1409,901,0,353
2515,1409,901,0,352
2516,1409,902,0,352
2517,1410,901,0,354
2518,1409,902,0,353
2519,1410,902,0,353
2520,1410,902,0,354
2521,1409,902,0,351
2522,1409,902,0,349
2523,1407,902,0,349
2524,1407,903,0,348
2525,1407,903,0,352
2526,1405,902,0,352
2527,1408,899,0,355
2528,1409,897,0,357
2529,1410,897,0,358
2530,1413,892,0,2
2531,1415,893,0,3
2532,1415,893,0,11
2533,1414,892,0,16
2534,1414,892,0,17
2535,1413,892,0,18
2536,1413,892,0,16
2537,1414,890,0,18
2538,1416,890,0,21
2539,1416,890,0,18
2540,1416,890,0,18
2541,1414,888,0,25
2542,1416,889,0,23
2543,1417,890,0,20
2544,1416,890,0,22
2545,1416,891,0,26
2546,1415,890,0,27
2547,1413,887,0,31
2548,1411,888,0,36
2549,1412,891,0,25
2550,1414,896,0,20
2551,1415,891,0,25
2552,1418,889,0,19
2553,1418,892,0,12
2554,1416,889,0,13
2555,1418,894,0,8
2556,1417,894,0,15
2557,1416,896,0,14
2558,1415,897,0,8
2559,1415,898,0,4
2560,1417,898,0,4
2561,1415,901,0,1
2562,1412,902,0,3
2563,1413,903,0,4
2564,1412,906,0,4
2565,1413,907,0,6
2566,1412,907,0,4
2567,1422,907,0,10
2568,1424,904,0,15
2569,1421,900,0,12
2570,1420,900,0,6
2571,1420,900,0,359
2572,1419,900,0,355
2573,1419,898,0,356
2574,1421,898,0,355
2575,1424,898,0,354
2576,1425,897,0,354
2577,1427,894,0,351
2578,1426,895,0,348
2579,1426,896,0,352
2580,1428,895,0,354
2581,1425,896,0,357
2582,1424,891,0,353
2583,1424,888,0,359
2584,1424,890,0,359
2585,1423,894,0,0
2586,1425,895,0,359
2587,1426,896,0,358
2588,1426,895,0,357
2589,1425,896,0,355
2590,1426,896,0,356
2591,1426,896,0,356
2592,1423,894,0,353
2593,1425,896,0,358
2594,1425,890,0,356
2595,1424,889,0,354
2596,1425,890,0,356
2597,1425,892,0,352
2598,1425,891,0,354
2599,1424,893,0,356
2600,1425,893,0,0
2601,1425,894,0,1
2602,1425,894,0,4
2603,1425,893,0,3
2604,1426,893,0,5
2605,1425,889,0,9
2606,1425,892,0,7
2607,1424,892,0,10
2608,1424,893,0,6
2609,1424,894,0,4
2610,1424,896,0,1
2611,1422,896,0,356
2612,1426,902,0,0
2613,1421,901,0,356
2614,1421,902,0,353
2615,1419,901,0,349
2616,1419,902,0,348
2617,1418,901,0,348
2618,1416,901,0,348
2619,1415,901,0,349
2620,1413,901,0,347
2621,1412,901,0,347
2622,1409,901,0,349
2623,1408,900,0,347
2624,1408,900,0,344
2625,1407,899,0,343
2626,1411,900,0,346
2627,1413,902,0,349
2628,1415,902,0,352
2629,1414,901,0,350
2630,1414,903,0,349
2631,1415,902,0,348
2632,1415,901,0,348
2633,1414,902,0,348
2634,1414,902,0,347
2635,1414,901,0,348
2636,1414,901,0,348
2637,1414,901,0,348
2638,1414,901,0,350
2639,1415,898,0,354
2640,1414,897,0,0
2641,1414,895,0,4
2642,1414,893,0,7
2643,1413,890,0,9
2644,1413,890,0,5
2645,1412,892,0,1
2646,1411,892,0,0
2647,1412,891,0,1
2648,1413,892,0,5
2649,1411,893,0,1
2650,1411,893,0,357
2651,1410,893,0,355
2652,1411,893,0,353
2653,1410,890,0,1
2654,1411,890,0,357
2655,1411,890,0,0
2656,1410,889,0,359
2657,1410,889,0,1
2658,1410,889,0,1
2659,1413,890,0,356
2660,1414,892,0,358
2661,1415,893,0,358
2662,1416,893,0,359
2663,1415,893,0,357
2664,1416,893,0,358
2665,1416,893,0,0
2666,1415,893,0,359
2667,1419,895,0,4
2668,1422,907,0,3
2669,1423,908,0,0
2670,1426,907,0,358
2671,1428,906,0,0
2672,1429,903,0,3
2673,1431,904,0,359
2674,1432,903,0,353
2675,1431,898,0,0
2676,1433,900,0,5
2677,1432,893,0,22
2678,1427,895,0,31
2679,1423,892,0,41
2680,1416,890,0,33
2681,1415,890,0,35
2682,1414,888,0,28
2683,1414,887,0,29
2684,1410,887,0,35
2685,1410,890,0,45
2686,1407,889,0,39
2687,1407,888,0,33
2688,1407,889,0,33
2689,1406,890,0,32
2690,1404,890,0,29
2691,1404,890,0,22
2692,1406,889,0,20
2693,1406,891,0,21
2694,1405,892,0,26
2695,1405,892,0,34
2696,1405,894,0,34
2697,1405,894,0,39
2698,1402,892,0,46
2699,1399,889,0,48
2700,1397,890,0,39
2701,1396,890,0,36
2702,1395,890,0,37
2703,1393,890,0,30
2704,1390,891,0,33
2705,1387,892,0,24
2706,1388,891,0,14
2707,1391,893,0,358
2708,1392,896,0,349
2709,1390,893,0,349
2710,1390,892,0,347
2711,1390,891,0,347
2712,1390,890,0,349
2713,1391,891,0,350
2714,1392,891,0,355
2715,1391,890,0,358
2716,1390,887,0,358
2717,1388,885,0,0
2718,1388,883,0,8
2719,1386,879,0,9
2720,1387,883,0,359
2721,1387,882,0,2
2722,1386,880,0,9
2723,1387,877,0,13
2724,1388,883,0,2
2725,1389,884,0,4
2726,1392,878,0,21
2727,1388,877,0,26
2728,1387,877,0,34
2729,1390,877,0,29
2730,1390,880,0,31
2731,1391,881,0,28
2732,1392,881,0,16
2733,1391,880,0,18
2734,1388,880,0,12
2735,1387,879,0,6
2736,1389,882,0,0
2737,1386,882,0,6
2738,1386,881,0,7
2739,1386,881,0,3
2740,1386,882,0,358
2741,1386,884,0,354
2742,1387,885,0,355
2743,1388,884,0,357
2744,1386,886,0,355
2745,1386,883,0,354
2746,1387,884,0,352
2747,1386,882,0,351
2748,1385,882,0,350
2749,1385,881,0,347
2750,1384,882,0,345
2751,1382,884,0,339
2752,1382,883,0,340
2753,1382,883,0,333
2754,1383,880,0,337
2755,1379,883,0,341
2756,1377,880,0,335
2757,1376,875,0,337
2758,1376,874,0,332
2759,1373,871,0,326
2760,1371,870,0,323
2761,1370,870,0,319
2762,1369,869,0,323
2763,1369,868,0,330
2764,1369,868,0,335
2765,1366,868,0,334
2766,1364,870,0,333
2767,1364,869,0,335
2768,1361,870,0,331
2769,1359,868,0,333
2770,1355,865,0,325
2771,1358,867,0,316
2772,1353,866,0,305
2773,1348,869,0,299
2774,1347,871,0,295
2775,1340,872,0,275
2776,1341,872,0,270
2777,1340,879,0,270
2778,1339,878,0,277
2779,1335,876,0,286
2780,1333,872,0,295
2781,1332,872,0,300
2782,1327,866,0,307
2783,1324,863,0,323
2784,1325,861,0,328
2785,1326,862,0,332
2786,1325,865,0,334
2787,1326,864,0,337
2788,1328,864,0,337
2789,1324,864,0,350
2790,1316,864,0,3
2791,1310,865,0,8
2792,1305,867,0,20
2793,1303,871,0,28
2794,1302,872,0,28
2795,1301,877,0,25
2796,1299,874,0,19
2797,1295,878,0,16
2798,1293,877,0,21
2799,1294,877,0,20
2800,1293,877,0,24
2801,1295,876,0,24
2802,1296,877,0,17
2803,1296,876,0,17
2804,1296,875,0,16
2805,1297,875,0,16
2806,1297,875,0,16
2807,1296,875,0,15
2808,1294,876,0,13
2809,1293,876,0,8
2810,1292,875,0,5
2811,1294,875,0,6
2812,1296,874,0,9
2813,1296,874,0,7
2814,1296,874,0,8
2815,1296,874,0,5
2816,1298,873,0,5
2817,1305,870,0,9
2818,1308,870,0,18
2819,1312,869,0,20
2820,1313,867,0,15
2821,1314,866,0,1
2822,1313,866,0,2
2823,1314,866,0,358
2824,1314,865,0,7
2828,1328,873,0,7
2831,1328,874,0,358
2832,1327,872,0,351
2834,1327,872,0,326
2835,1324,869,0,318
2872,1394,1180,0,70
2907,1384,882,0,216
2920,1286,1100,0,11
2971,1478,1099,0,195
2984,1404,1068,0,287
