0,1252,930,0,258
1,1248,928,0,268
2,1244,926,0,276
3,1242,923,0,282
4,1243,928,0,289
5,1244,915,0,308
6,1242,914,0,312
7,1241,913,0,307
8,1238,912,0,311
9,1238,909,0,306
10,1239,910,0,304
11,1240,906,0,312
12,1240,903,0,315
13,1237,899,0,323
14,1235,899,0,332
15,1236,900,0,335
16,1240,900,0,342
17,1238,903,0,341
18,1236,903,0,345
19,1235,901,0,348
20,1234,901,0,350
21,1233,902,0,343
22,1233,903,0,343
23,1233,903,0,344
24,1232,904,0,337
25,1234,898,0,354
26,1235,900,0,355
27,1236,897,0,350
28,1235,896,0,348
29,1234,900,0,346
30,1234,894,0,345
31,1235,897,0,344
32,1234,898,0,349
33,1234,898,0,350
34,1235,895,0,344
35,1234,898,0,352
36,1233,896,0,347
37,1234,900,0,348
38,1234,897,0,348
39,1234,897,0,343
40,1234,900,0,346
41,1234,899,0,344
42,1233,899,0,346
43,1232,903,0,338
44,1235,902,0,345
45,1235,900,0,345
46,1234,901,0,346
47,1235,900,0,344
48,1235,899,0,347
49,1234,900,0,341
50,1234,900,0,343
51,1233,895,0,353
52,1232,890,0,350
53,1233,884,0,354
54,1234,882,0,0
55,1234,881,0,1
56,1234,879,0,1
59,1241,872,0,5
60,1242,867,0,3
61,1243,867,0,2
62,1242,869,0,0
63,1243,868,0,4
64,1244,868,0,4
65,1244,867,0,3
66,1245,865,0,0
67,1246,867,0,358
68,1248,867,0,352
69,1248,865,0,355
70,1249,864,0,358
71,1248,863,0,5
72,1249,861,0,7
73,1250,860,0,4
74,1252,859,0,359
75,1253,858,0,347
76,1253,862,0,345
77,1255,861,0,351
78,1257,861,0,353
79,1257,858,0,353
80,1252,855,0,358
81,1250,857,0,359
82,1252,861,0,355
83,1250,860,0,4
84,1248,864,0,356
85,1249,859,0,4
86,1247,855,0,4
87,1246,859,0,1
88,1246,861,0,5
89,1245,862,0,5
90,1247,866,0,5
91,1247,865,0,10
92,1250,863,0,6
93,1253,863,0,3
94,1255,863,0,11
95,1254,863,0,17
96,1260,862,0,27
97,1263,867,0,56
98,1261,874,0,34
99,1259,873,0,46
100,1258,872,0,52
101,1252,873,0,61
102,1249,870,0,65
103,1252,872,0,60
104,1253,877,0,49
105,1255,876,0,50
106,1256,876,0,38
107,1256,887,0,24
108,1253,891,0,29
109,1247,892,0,20
110,1244,895,0,23
111,1242,898,0,26
112,1236,906,0,13
113,1232,908,0,6
114,1229,908,0,5
115,1224,910,0,5
116,1219,909,0,6
117,1216,909,0,7
118,1217,909,0,5
119,1220,908,0,19
120,1220,910,0,20
121,1221,912,0,22
122,1221,913,0,29
123,1219,912,0,38
124,1221,913,0,51
125,1220,913,0,51
126,1219,912,0,54
127,1222,914,0,50
128,1223,914,0,43
129,1221,913,0,36
130,1218,913,0,37
131,1214,911,0,25
132,1212,912,0,21
133,1213,911,0,25
134,1213,908,0,24
135,1212,908,0,25
136,1211,908,0,26
137,1210,907,0,29
138,1209,908,0,27
139,1208,908,0,25
140,1209,909,0,25
141,1208,909,0,20
142,1208,909,0,20
143,1208,908,0,20
144,1207,909,0,21
145,1207,909,0,23
146,1206,908,0,23
147,1205,908,0,23
148,1204,908,0,23
149,1202,907,0,27
150,1200,911,0,25
151,1200,910,0,24
152,1202,907,0,21
153,1206,905,0,12
154,1208,907,0,6
155,1209,905,0,4
156,1210,904,0,358
157,1211,902,0,349
158,1212,898,0,345
159,1216,892,0,330
160,1211,887,0,322
161,1207,885,0,323
162,1202,884,0,319
163,1199,883,0,318
164,1199,882,0,316
165,1203,882,0,311
166,1203,883,0,310
167,1201,882,0,309
168,1200,880,0,304
169,1201,883,0,306
170,1203,890,0,294
171,1203,890,0,304
172,1203,889,0,303
173,1203,888,0,308
174,1204,891,0,303
175,1203,891,0,305
176,1201,892,0,299
177,1201,891,0,295
178,1201,890,0,294
179,1201,889,0,294
180,1195,888,0,292
181,1194,887,0,297
182,1194,886,0,301
183,1194,886,0,306
184,1193,887,0,309
185,1190,886,0,314
186,1189,886,0,319
187,1188,886,0,322
188,1186,887,0,324
189,1185,887,0,332
190,1182,886,0,336
191,1180,883,0,335
192,1178,881,0,340
193,1176,882,0,331
194,1179,882,0,332
195,1181,884,0,324
196,1180,883,0,322
197,1177,882,0,322
198,1175,880,0,324
199,1171,878,0,327
200,1163,881,0,318
201,1161,879,0,309
202,1161,878,0,303
203,1161,877,0,311
204,1156,876,0,315
205,1154,876,0,324
206,1151,872,0,332
207,1147,874,0,327
208,1147,874,0,328
209,1150,873,0,330
210,1158,869,0,335
211,1158,867,0,344
212,1157,867,0,336
213,1161,865,0,333
214,1160,862,0,330
215,1160,859,0,329
216,1168,858,0,332
217,1166,861,0,339
218,1170,860,0,339
219,1174,865,0,335
220,1174,872,0,324
221,1179,880,0,337
222,1177,880,0,348
223,1177,883,0,353
224,1173,884,0,357
225,1173,883,0,1
226,1170,882,0,6
227,1168,881,0,9
228,1160,881,0,19
229,1152,880,0,32
230,1149,888,0,39
231,1146,893,0,46
232,1140,896,0,54
233,1138,900,0,62
234,1137,902,0,67
235,1137,904,0,63
236,1138,905,0,64
237,1139,903,0,62
238,1139,901,0,64
239,1140,900,0,65
240,1140,900,0,69
241,1142,899,0,70
242,1147,898,0,72
243,1163,891,0,61
244,1162,891,0,67
245,1166,891,0,69
246,1169,890,0,68
247,1170,893,0,67
248,1167,895,0,71
249,1166,893,0,68
250,1168,892,0,71
251,1168,895,0,61
252,1169,895,0,51
253,1172,893,0,42
254,1165,892,0,38
255,1165,891,0,24
256,1169,889,0,21
257,1171,887,0,22
258,1175,886,0,32
259,1175,886,0,34
260,1173,888,0,39
261,1173,889,0,47
262,1177,887,0,38
263,1179,890,0,35
264,1177,893,0,42
265,1178,893,0,41
266,1178,893,0,38
267,1178,892,0,39
268,1178,892,0,36
269,1180,890,0,37
270,1181,889,0,47
271,1181,890,0,46
272,1179,892,0,51
273,1179,893,0,49
274,1178,894,0,47
275,1178,895,0,45
276,1179,894,0,44
277,1180,892,0,40
278,1182,891,0,40
279,1183,890,0,36
280,1183,889,0,34
281,1185,889,0,31
282,1185,887,0,29
283,1186,887,0,30
284,1188,887,0,33
285,1187,887,0,34
286,1186,886,0,32
287,1186,886,0,27
288,1185,886,0,30
289,1184,887,0,33
290,1183,889,0,44
291,1182,891,0,43
292,1183,891,0,42
293,1183,890,0,44
294,1183,890,0,42
295,1183,896,0,51
296,1180,895,0,51
297,1180,895,0,51
298,1180,893,0,53
299,1182,893,0,42
300,1183,891,0,40
301,1182,891,0,38
302,1182,892,0,37
303,1182,893,0,34
304,1181,892,0,37
305,1181,892,0,29
306,1182,892,0,30
307,1180,895,0,32
308,1179,895,0,32
309,1179,896,0,33
310,1179,896,0,31
311,1178,896,0,30
312,1178,895,0,28
313,1179,895,0,28
314,1179,894,0,26
315,1179,894,0,26
316,1179,894,0,23
317,1179,895,0,24
318,1179,895,0,24
319,1180,894,0,27
320,1181,894,0,23
321,1181,894,0,19
322,1180,894,0,15
323,1181,895,0,13
324,1181,894,0,16
325,1180,892,0,18
326,1180,892,0,21
327,1178,892,0,22
328,1176,894,0,23
329,1174,896,0,28
330,1173,897,0,28
331,1172,898,0,29
332,1173,899,0,30
333,1174,897,0,30
334,1174,896,0,27
335,1172,895,0,24
336,1170,895,0,24
337,1170,896,0,23
338,1171,896,0,24
339,1171,897,0,25
340,1172,897,0,26
341,1173,897,0,22
342,1174,898,0,18
343,1175,899,0,15
344,1173,898,0,18
345,1172,896,0,18
346,1171,896,0,17
347,1171,894,0,19
348,1171,894,0,20
349,1173,892,0,19
350,1175,891,0,16
351,1176,889,0,13
352,1176,888,0,11
353,1175,891,0,11
354,1175,891,0,10
355,1176,890,0,8
356,1176,889,0,7
357,1175,889,0,8
358,1172,892,0,8
359,1170,893,0,8
360,1170,893,0,5
361,1170,894,0,2
362,1169,892,0,0
363,1169,891,0,358
364,1169,893,0,359
365,1169,892,0,359
366,1169,891,0,356
367,1169,891,0,357
368,1170,890,0,359
369,1172,893,0,2
370,1172,893,0,5
371,1172,893,0,7
372,1171,893,0,5
373,1170,893,0,6
374,1170,893,0,7
375,1170,892,0,6
376,1170,891,0,6
377,1172,891,0,7
378,1171,890,0,7
379,1171,890,0,9
380,1169,891,0,10
381,1168,892,0,10
382,1168,892,0,9
383,1167,892,0,11
384,1165,891,0,8
385,1164,891,0,6
386,1166,892,0,9
387,1164,888,0,14
388,1165,891,0,11
389,1163,894,0,9
390,1159,895,0,20
391,1153,896,0,22
392,1153,897,0,20
393,1158,893,0,22
394,1158,895,0,20
395,1157,897,0,21
396,1156,901,0,21
397,1154,907,0,20
398,1162,913,0,12
399,1163,911,0,1
400,1162,908,0,0
401,1162,907,0,1
402,1163,914,0,354
403,1166,917,0,355
404,1165,910,0,359
405,1166,911,0,0
406,1163,903,0,3
407,1162,902,0,0
408,1159,898,0,358
409,1158,891,0,3
410,1157,890,0,4
411,1156,885,0,8
412,1159,894,0,358
413,1159,893,0,2
414,1156,896,0,1
415,1154,901,0,4
416,1151,900,0,18
417,1149,900,0,19
418,1148,900,0,12
419,1147,901,0,9
420,1145,903,0,9
421,1146,900,0,12
422,1146,900,0,7
423,1144,899,0,9
424,1143,898,0,12
425,1143,900,0,12
426,1141,900,0,13
427,1139,905,0,10
428,1135,907,0,10
429,1129,909,0,9
430,1120,908,0,8
431,1114,910,0,14
432,1107,910,0,13
433,1100,912,0,10
434,1096,912,0,5
435,1092,912,0,14
436,1087,913,0,15
437,1085,918,0,18
438,1083,919,0,20
439,1082,922,0,19
440,1081,923,0,20
441,1079,924,0,19
442,1078,927,0,16
443,1077,934,0,4
446,1080,929,0,7
447,1081,929,0,6
448,1083,931,0,354
449,1086,929,0,349
450,1085,926,0,336
451,1085,923,0,334
452,1086,923,0,334
453,1088,922,0,326
454,1089,921,0,319
455,1089,918,0,318
456,1089,919,0,317
457,1088,921,0,314
458,1089,922,0,309
459,1091,920,0,313
460,1091,919,0,308
461,1086,916,0,296
462,1088,909,0,291
463,1084,906,0,281
464,1082,901,0,290
465,1079,897,0,285
466,1079,893,0,278
467,1074,891,0,279
468,1072,887,0,273
469,1073,890,0,271
470,1069,890,0,261
471,1067,890,0,258
472,1068,891,0,259
473,1069,888,0,261
474,1069,885,0,258
475,1069,885,0,258
476,1065,887,0,257
477,1067,886,0,258
478,1067,881,0,252
479,1065,880,0,249
480,1061,881,0,242
481,1061,882,0,243
482,1062,878,0,236
483,1059,874,0,228
484,1059,873,0,224
485,1059,872,0,221
486,1057,874,0,210
487,1061,873,0,201
488,1068,877,0,216
489,1074,875,0,206
490,1075,877,0,199
491,1076,877,0,200
492,1082,873,0,203
493,1085,871,0,205
494,1096,863,0,202
495,1097,859,0,192
496,1099,859,0,194
497,1102,858,0,187
498,1101,859,0,186
499,1098,857,0,199
500,1102,853,0,215
501,1103,850,0,223
502,1110,852,0,234
503,1111,849,0,228
504,1110,845,0,216
505,1109,845,0,216
506,1110,845,0,214
507,1109,844,0,207
508,1110,841,0,201
509,1109,840,0,196
510,1111,840,0,200
511,1110,840,0,201
512,1106,839,0,193
513,1104,838,0,192
514,1099,837,0,188
515,1101,845,0,185
516,1101,842,0,183
517,1100,836,0,181
518,1098,837,0,180
519,1101,832,0,183
520,1103,837,0,203
521,1099,836,0,217
522,1099,839,0,227
523,1098,838,0,215
524,1104,838,0,204
525,1105,840,0,203
526,1105,839,0,193
527,1104,839,0,180
528,1104,839,0,169
529,1104,839,0,175
530,1104,839,0,175
531,1105,837,0,170
532,1106,838,0,166
533,1107,840,0,159
534,1106,839,0,162
535,1108,841,0,158
536,1108,840,0,154
537,1107,840,0,148
538,1106,841,0,148
539,1107,842,0,145
540,1109,844,0,136
541,1109,845,0,140
542,1110,848,0,146
543,1106,852,0,157
544,1107,853,0,166
545,1114,852,0,167
546,1118,847,0,163
547,1124,845,0,173
548,1129,848,0,186
549,1130,850,0,191
550,1133,850,0,190
551,1134,850,0,185
552,1130,849,0,176
553,1127,849,0,184
554,1128,850,0,188
555,1127,849,0,185
556,1126,846,0,180
557,1124,848,0,166
558,1123,849,0,164
559,1124,848,0,161
560,1130,849,0,152
561,1129,854,0,150
562,1129,855,0,148
563,1130,856,0,142
564,1124,862,0,157
565,1118,861,0,156
566,1111,854,0,145
567,1108,847,0,152
568,1110,839,0,149
569,1107,846,0,153
570,1106,847,0,152
571,1106,848,0,152
572,1106,848,0,152
573,1107,848,0,155
574,1107,847,0,156
575,1106,847,0,152
576,1110,848,0,151
577,1113,849,0,149
578,1114,848,0,147
579,1115,848,0,148
580,1116,848,0,143
581,1117,845,0,134
582,1118,845,0,131
583,1120,848,0,125
584,1119,852,0,120
585,1118,851,0,108
586,1117,855,0,97
587,1116,856,0,94
588,1114,855,0,94
589,1111,855,0,93
590,1110,857,0,96
591,1108,858,0,95
592,1107,861,0,99
593,1106,863,0,101
594,1106,864,0,103
595,1106,864,0,100
596,1105,865,0,106
597,1105,865,0,105
598,1104,865,0,104
599,1104,865,0,102
600,1103,866,0,97
601,1102,868,0,97
602,1101,870,0,98
603,1101,870,0,94
604,1101,874,0,94
605,1101,876,0,89
606,1103,877,0,92
607,1100,878,0,91
608,1097,877,0,92
609,1097,876,0,90
610,1097,877,0,90
611,1095,880,0,87
612,1095,882,0,91
613,1094,883,0,91
614,1096,882,0,87
615,1097,883,0,90
616,1099,886,0,79
617,1097,884,0,71
618,1095,886,0,74
619,1095,887,0,74
620,1092,885,0,85
621,1090,885,0,89
622,1090,886,0,88
623,1089,885,0,92
624,1088,885,0,95
625,1088,887,0,94
626,1087,887,0,96
627,1087,888,0,95
628,1091,890,0,89
629,1088,894,0,97
630,1093,901,0,95
631,1091,906,0,107
632,1091,908,0,106
633,1092,910,0,109
634,1093,910,0,107
635,1089,911,0,104
636,1088,913,0,102
637,1088,913,0,103
638,1088,913,0,104
639,1087,914,0,105
640,1089,916,0,103
641,1090,917,0,107
642,1090,917,0,103
643,1089,912,0,105
644,1090,916,0,93
645,1088,920,0,81
646,1088,923,0,71
647,1085,927,0,65
648,1084,929,0,68
649,1085,928,0,66
650,1086,927,0,72
651,1088,928,0,73
652,1086,929,0,73
653,1086,925,0,73
654,1086,924,0,66
655,1085,925,0,68
656,1083,926,0,69
657,1084,927,0,70
658,1086,928,0,74
659,1085,929,0,73
660,1085,930,0,69
661,1086,931,0,70
662,1084,933,0,71
663,1083,933,0,59
664,1083,933,0,57
665,1082,932,0,55
666,1081,929,0,49
667,1080,925,0,45
668,1081,924,0,35
669,1080,923,0,31
670,1076,924,0,26
671,1075,923,0,26
672,1073,923,0,24
673,1072,923,0,21
674,1072,921,0,16
675,1073,919,0,5
676,1074,915,0,355
677,1075,914,0,353
678,1076,916,0,349
679,1084,913,0,336
680,1087,913,0,333
681,1088,916,0,327
682,1088,913,0,323
683,1086,911,0,322
684,1085,909,0,324
685,1085,909,0,324
686,1085,908,0,324
687,1086,906,0,321
688,1085,905,0,320
689,1084,906,0,321
690,1083,906,0,315
691,1084,905,0,314
692,1086,905,0,317
693,1086,903,0,318
694,1087,903,0,316
695,1086,903,0,318
696,1084,904,0,314
697,1081,906,0,304
698,1081,904,0,311
699,1082,904,0,313
700,1081,905,0,310
701,1081,905,0,311
702,1080,906,0,304
703,1079,904,0,305
704,1079,904,0,302
705,1078,904,0,297
706,1079,902,0,300
708,1078,898,0,301
709,1075,894,0,288
710,1075,892,0,286
711,1071,889,0,277
712,1064,887,0,270
713,1063,884,0,260
714,1065,882,0,261
715,1067,879,0,255
716,1065,880,0,254
717,1063,883,0,262
718,1066,876,0,273
719,1062,873,0,280
720,1061,873,0,282
721,1060,874,0,283
722,1059,874,0,283
724,1058,873,0,288
725,1057,874,0,293
726,1056,873,0,303
727,1054,873,0,311
728,1050,874,0,318
729,1047,873,0,319
730,1044,874,0,319
731,1042,874,0,320
732,1040,874,0,321
733,1037,873,0,319
734,1036,872,0,319
735,1037,871,0,317
736,1038,871,0,325
737,1038,871,0,324
738,1039,873,0,321
739,1039,876,0,326
740,1039,876,0,337
741,1038,878,0,334
742,1037,875,0,339
743,1038,875,0,344
744,1037,875,0,343
745,1037,876,0,335
746,1038,876,0,331
747,1038,876,0,334
748,1037,876,0,335
749,1036,877,0,332
750,1037,876,0,332
751,1036,876,0,334
752,1035,877,0,336
753,1037,875,0,329
754,1037,875,0,329
755,1035,875,0,329
756,1034,875,0,326
757,1035,876,0,317
758,1037,873,0,314
759,1039,872,0,317
760,1040,873,0,320
761,1040,874,0,322
762,1045,875,0,324
763,1046,878,0,324
764,1048,879,0,325
765,1050,881,0,330
766,1050,887,0,329
767,1049,890,0,336
768,1051,891,0,336
769,1053,893,0,336
770,1054,896,0,353
771,1053,898,0,359
772,1051,898,0,10
773,1046,899,0,12
774,1049,909,0,15
775,1045,907,0,18
776,1043,908,0,18
777,1039,910,0,13
778,1037,909,0,17
779,1038,908,0,20
780,1039,910,0,11
781,1038,913,0,23
782,1036,912,0,13
783,1038,914,0,18
784,1037,919,0,17
785,1036,919,0,15
786,1036,917,0,14
787,1035,919,0,19
788,1036,921,0,20
789,1036,923,0,16
790,1035,920,0,18
791,1035,923,0,16
792,1035,923,0,13
793,1034,918,0,20
794,1033,920,0,25
795,1032,922,0,23
796,1030,923,0,25
797,1028,918,0,26
798,1030,921,0,24
799,1029,921,0,30
800,1034,925,0,33
801,1037,926,0,39
802,1041,925,0,40
803,1038,923,0,37
804,1038,923,0,37
805,1038,923,0,37
806,1036,923,0,38
807,1034,924,0,37
808,1031,924,0,39
809,1034,927,0,42
810,1035,927,0,48
811,1035,927,0,55
812,1034,928,0,56
813,1035,929,0,60
814,1034,927,0,69
815,1035,929,0,67
816,1034,930,0,63
817,1034,931,0,61
818,1034,931,0,59
819,1036,931,0,57
820,1039,936,0,42
821,1040,944,0,25
822,1037,945,0,22
823,1040,949,0,4
824,1039,940,0,16
825,1036,942,0,12
826,1028,942,0,21
827,1024,945,0,28
828,1020,949,0,30
829,1011,958,0,25
830,1003,961,0,26
831,995,955,0,13
832,988,962,0,28
833,986,964,0,39
834,981,967,0,41
835,974,971,0,43
836,970,975,0,51
837,970,983,0,54
838,967,993,0,59
839,967,1004,0,50
840,967,1007,0,44
841,968,1016,0,30
842,965,1015,0,32
843,958,1015,0,36
844,950,1026,0,46
845,945,1031,0,36
846,945,1035,0,29
847,947,1037,0,31
848,938,1030,0,30
849,936,1029,0,28
850,932,1029,0,18
851,933,1034,0,24
852,936,1036,0,44
853,932,1038,0,42
854,928,1039,0,41
855,924,1044,0,41
856,919,1048,0,45
857,919,1048,0,40
858,917,1048,0,35
859,917,1042,0,20
860,916,1042,0,15
861,907,1037,0,14
862,896,1041,0,12
863,888,1043,0,8
864,882,1043,0,2
865,879,1040,0,353
866,878,1037,0,353
867,876,1038,0,349
868,870,1032,0,346
869,868,1028,0,337
870,864,1027,0,337
871,863,1024,0,331
872,862,1021,0,333
873,863,1021,0,341
874,861,1024,0,352
875,859,1027,0,359
876,857,1031,0,7
877,859,1032,0,10
878,862,1032,0,13
879,862,1033,0,21
880,863,1034,0,24
881,863,1033,0,27
882,865,1033,0,29
883,866,1033,0,34
884,864,1032,0,34
885,863,1031,0,38
886,862,1032,0,43
887,863,1038,0,44
888,864,1043,0,45
889,865,1049,0,40
890,872,1048,0,41
891,870,1047,0,62
892,870,1054,0,66
893,862,1055,0,69
894,854,1059,0,71
895,847,1061,0,88
896,846,1062,0,97
897,847,1063,0,106
898,848,1067,0,113
899,856,1064,0,122
900,860,1063,0,126
901,862,1065,0,127
902,867,1070,0,122
903,869,1071,0,120
904,873,1073,0,129
905,878,1076,0,129
906,881,1077,0,130
907,887,1081,0,130
908,901,1078,0,110
909,901,1082,0,114
910,904,1078,0,134
911,906,1076,0,145
912,909,1075,0,153
913,907,1076,0,165
914,909,1075,0,175
915,908,1069,0,163
916,910,1068,0,171
917,908,1065,0,178
918,907,1060,0,194
919,911,1060,0,188
920,910,1061,0,197
921,909,1057,0,200
922,914,1052,0,217
923,915,1053,0,226
924,915,1049,0,228
925,915,1046,0,223
926,920,1043,0,220
927,922,1040,0,212
928,922,1043,0,213
929,919,1041,0,217
930,923,1039,0,228
931,928,1033,0,225
932,932,1029,0,227
933,942,1025,0,233
934,942,1023,0,230
935,940,1018,0,225
936,946,1016,0,220
937,942,1012,0,219
938,941,1009,0,208
939,945,1003,0,205
940,937,1004,0,212
941,938,996,0,211
942,938,994,0,208
943,934,994,0,209
944,932,995,0,208
945,930,994,0,212
946,932,992,0,213
947,930,989,0,209
948,929,988,0,211
949,929,987,0,209
950,929,987,0,209
951,928,986,0,210
952,930,986,0,212
953,928,985,0,215
954,926,985,0,220
955,923,987,0,216
956,922,988,0,221
957,922,988,0,226
958,920,993,0,235
959,919,996,0,250
960,919,999,0,255
961,922,998,0,268
962,917,1005,0,273
963,915,1009,0,272
964,919,1012,0,284
965,918,1014,0,291
966,917,1014,0,292
967,918,1016,0,295
968,918,1017,0,297
969,918,1017,0,297
970,918,1019,0,294
971,920,1021,0,297
972,922,1023,0,298
973,925,1029,0,299
974,926,1030,0,298
975,928,1033,0,299
976,928,1034,0,299
977,929,1034,0,297
978,928,1035,0,296
979,928,1035,0,296
980,928,1035,0,296
981,927,1037,0,294
982,927,1037,0,295
983,927,1038,0,295
984,926,1037,0,291
985,927,1037,0,293
986,927,1037,0,294
987,927,1038,0,294
988,927,1038,0,295
989,927,1039,0,296
990,927,1039,0,296
991,927,1039,0,299
992,928,1041,0,296
993,930,1044,0,299
994,930,1045,0,304
995,930,1044,0,302
996,931,1044,0,301
997,931,1045,0,301
998,934,1040,0,295
999,933,1040,0,297
1000,932,1039,0,295
1001,932,1036,0,292
1002,933,1031,0,283
1003,931,1032,0,279
1004,931,1033,0,280
1005,931,1031,0,279
1006,928,1030,0,275
1007,927,1029,0,273
1008,927,1028,0,273
1009,927,1027,0,273
1010,927,1026,0,271
1011,930,1023,0,259
1012,937,1014,0,261
1013,937,1013,0,261
1014,940,1008,0,274
1015,954,996,0,293
1016,961,985,0,317
1017,966,978,0,329
1018,968,978,0,330
1019,968,979,0,329
1020,968,979,0,330
1021,970,981,0,325
1022,971,980,0,324
1023,970,982,0,323
1024,968,984,0,323
1025,967,986,0,323
1026,966,986,0,324
1027,964,987,0,328
1028,963,987,0,331
1029,957,989,0,324
1030,958,988,0,327
1031,959,989,0,328
1032,960,989,0,328
1033,955,991,0,311
1034,958,990,0,315
1035,959,988,0,322
1036,958,989,0,314
1037,959,988,0,319
1038,958,988,0,318
1039,957,989,0,318
1040,959,989,0,316
1041,958,990,0,313
1042,957,990,0,311
1043,957,990,0,310
1044,955,991,0,308
1045,958,991,0,310
1046,961,990,0,318
1047,958,990,0,315
1048,957,991,0,311
1049,955,992,0,310
1050,957,991,0,314
1051,957,992,0,313
1052,956,993,0,310
1053,955,993,0,306
1054,956,993,0,308
1055,956,993,0,310
1056,955,992,0,308
1057,957,991,0,310
1058,958,992,0,310
1059,963,989,0,328
1060,961,985,0,324
1061,961,985,0,323
1062,961,984,0,325
1063,960,983,0,325
1064,961,983,0,325
1065,960,987,0,331
1066,960,987,0,333
1067,961,986,0,330
1068,960,986,0,328
1069,960,986,0,328
1070,958,987,0,323
1071,958,987,0,324
1072,959,987,0,329
1073,958,987,0,329
1074,958,987,0,329
1075,959,986,0,324
1076,960,987,0,328
1077,959,988,0,327
1078,958,989,0,330
1079,960,989,0,339
1080,960,988,0,337
1081,959,987,0,328
1082,958,986,0,329
1083,958,986,0,331
1084,958,987,0,330
1085,958,987,0,330
1086,959,988,0,331
1087,959,989,0,336
1088,959,990,0,335
1089,958,991,0,329
1090,958,992,0,329
1091,959,992,0,332
1092,959,993,0,334
1093,958,993,0,334
1094,959,993,0,332
1095,958,993,0,331
1096,958,992,0,334
1097,958,993,0,333
1098,957,993,0,331
1099,958,993,0,331
1100,959,992,0,327
1101,959,993,0,326
1102,959,994,0,326
1103,959,993,0,330
1104,959,992,0,332
1105,958,992,0,331
1106,959,993,0,329
1107,957,993,0,329
1108,957,991,0,333
1109,961,990,0,341
1110,961,988,0,326
1111,964,987,0,324
1112,967,985,0,318
1113,968,985,0,316
1114,968,986,0,321
1115,967,986,0,320
1116,967,984,0,322
1117,969,981,0,324
1118,968,979,0,314
1119,967,980,0,316
1120,965,982,0,317
1121,964,985,0,320
1122,964,986,0,322
1123,966,985,0,320
1124,965,986,0,320
1125,965,989,0,323
1126,966,988,0,327
1127,966,985,0,325
1128,965,989,0,313
1129,962,990,0,315
1130,958,987,0,317
1131,957,981,0,315
1132,961,979,0,323
1133,964,976,0,325
1134,961,977,0,325
1135,955,976,0,324
1136,949,977,0,326
1137,947,975,0,325
1138,946,978,0,324
1139,947,978,0,319
1140,948,977,0,317
1141,948,976,0,313
1142,945,978,0,312
1143,941,980,0,309
1144,936,979,0,303
1145,937,977,0,308
1146,933,976,0,303
1147,934,975,0,303
1148,931,975,0,301
1149,929,969,0,305
1150,926,969,0,300
1151,924,965,0,299
1152,924,966,0,296
1153,924,967,0,297
1154,922,962,0,290
1155,919,958,0,279
1156,918,956,0,282
1157,917,955,0,280
1158,918,953,0,282
1159,918,952,0,279
1160,916,951,0,281
1161,919,946,0,287
1162,917,943,0,287
1163,920,942,0,295
1164,918,944,0,290
1165,916,944,0,290
1166,915,945,0,293
1167,917,946,0,298
1168,919,946,0,294
1169,921,946,0,298
1170,921,947,0,303
1171,921,948,0,298
1172,918,949,0,289
1173,916,950,0,295
1174,915,952,0,296
1175,913,952,0,297
1176,911,951,0,295
1177,910,949,0,295
1178,909,949,0,296
1179,908,947,0,290
1180,907,946,0,292
1181,908,949,0,292
1182,908,945,0,292
1183,909,941,0,302
1184,909,936,0,305
1185,916,928,0,308
1186,915,927,0,308
1187,915,928,0,305
1188,912,933,0,312
1189,908,932,0,303
1190,905,928,0,290
1191,905,923,0,287
1192,904,921,0,285
1193,908,917,0,302
1194,904,911,0,308
1195,906,905,0,314
1196,900,903,0,317
1197,898,901,0,324
1198,894,901,0,331
1199,888,899,0,327
1200,885,894,0,327
1201,884,897,0,322
1202,882,897,0,322
1203,879,893,0,319
1204,877,893,0,314
1205,877,894,0,317
1206,877,894,0,318
1207,879,894,0,333
1208,883,899,0,333
1209,882,899,0,336
1210,883,902,0,332
1211,882,902,0,337
1212,881,902,0,342
1213,880,902,0,351
1214,881,903,0,345
1215,882,904,0,346
1216,880,905,0,346
1217,878,900,0,354
1218,877,902,0,350
1219,875,902,0,356
1220,868,903,0,356
1221,869,902,0,2
1222,870,906,0,3
1223,872,909,0,8
1224,870,914,0,7
1225,871,922,0,10
1226,869,923,0,17
1227,862,923,0,16
1228,860,929,0,18
1229,862,940,0,21
1230,856,935,0,27
1231,851,934,0,19
1232,853,941,0,22
1233,847,940,0,18
1234,844,944,0,16
1235,841,944,0,19
1236,840,945,0,15
1237,838,945,0,17
1238,840,945,0,17
1239,840,946,0,14
1240,845,945,0,2
1241,844,942,0,351
1242,846,940,0,330
1243,845,941,0,324
1244,843,939,0,319
1245,842,931,0,307
1246,840,929,0,298
1247,837,927,0,296
1248,838,926,0,293
1249,837,923,0,283
1250,834,912,0,278
1251,832,906,0,279
1252,832,903,0,277
1253,836,897,0,267
1254,834,902,0,265
1255,833,903,0,268
1256,832,900,0,253
1257,832,899,0,248
1258,833,897,0,244
1259,835,897,0,244
1260,835,899,0,242
1261,838,903,0,226
1262,840,901,0,231
1263,842,899,0,229
1264,844,899,0,231
1265,845,896,0,233
1266,849,898,0,228
1267,853,896,0,217
1268,855,894,0,214
1269,862,896,0,220
1270,866,894,0,222
1271,870,891,0,223
1272,871,887,0,227
1273,872,888,0,232
1274,870,887,0,230
1275,875,882,0,231
1276,877,877,0,226
1277,884,877,0,228
1278,886,878,0,217
1279,886,874,0,207
1280,891,874,0,213
1281,895,873,0,206
1282,895,872,0,206
1283,896,869,0,204
1284,896,869,0,204
1285,896,869,0,208
1286,895,871,0,211
1287,890,871,0,207
1288,890,871,0,211
1289,894,868,0,218
1290,900,863,0,216
1291,905,861,0,213
1292,906,860,0,215
1293,906,862,0,212
1294,907,859,0,214
1295,908,861,0,213
1296,908,859,0,214
1297,908,855,0,209
1298,908,854,0,207
1299,910,854,0,208
1300,911,854,0,204
1301,917,851,0,196
1302,919,851,0,194
1303,920,847,0,189
1304,921,847,0,193
1305,923,847,0,194
1306,930,848,0,190
1307,934,845,0,187
1308,936,845,0,199
1309,937,844,0,197
1310,937,842,0,193
1311,938,841,0,193
1312,938,841,0,194
1313,938,842,0,194
1314,940,841,0,195
1315,942,839,0,194
1316,943,839,0,196
1317,947,838,0,203
1318,949,837,0,200
1319,950,836,0,195
1320,951,834,0,194
1321,952,834,0,194
1322,954,835,0,196
1323,957,833,0,190
1324,958,836,0,193
1325,961,836,0,196
1326,961,836,0,194
1327,964,833,0,195
1328,965,833,0,194
1329,965,835,0,205
1330,968,833,0,202
1331,969,831,0,194
1332,964,833,0,201
1333,962,835,0,203
1334,963,833,0,198
1335,964,836,0,219
1336,961,837,0,211
1337,959,836,0,209
1338,956,835,0,196
1339,953,835,0,198
1340,952,839,0,199
1341,951,841,0,205
1342,956,841,0,207
1343,962,837,0,206
1344,968,834,0,208
1345,972,832,0,216
1346,975,830,0,209
1347,976,831,0,211
1348,976,831,0,210
1349,975,829,0,206
1350,975,827,0,203
1351,974,828,0,205
1352,975,826,0,202
1353,975,825,0,203
1354,976,824,0,203
1355,977,825,0,207
1356,980,824,0,216
1357,981,818,0,211
1358,983,816,0,204
1359,986,814,0,198
1360,991,811,0,195
1361,992,811,0,190
1362,993,811,0,193
1363,995,810,0,196
1364,995,809,0,195
1365,995,806,0,194
1366,993,804,0,201
1367,991,804,0,207
1368,990,803,0,214
1369,987,803,0,216
1370,987,802,0,217
1371,988,801,0,220
1372,989,800,0,219
1373,989,797,0,219
1374,990,796,0,220
1375,991,794,0,227
1376,991,792,0,222
1377,991,791,0,222
1378,992,790,0,218
1379,994,787,0,222
1380,995,785,0,225
1381,1000,783,0,217
1382,1001,781,0,219
1383,1005,776,0,225
1384,1010,772,0,225
1385,1015,770,0,216
1386,1015,771,0,218
1387,1012,770,0,222
1388,1011,769,0,224
1389,1011,769,0,229
1390,1010,766,0,234
1391,1016,764,0,246
1392,1013,760,0,252
1393,1013,759,0,254
1394,1011,758,0,253
1395,1012,757,0,250
1396,1012,755,0,250
1397,1012,755,0,252
1398,1011,755,0,253
1399,1010,756,0,253
1400,1007,754,0,254
1401,1009,747,0,254
1402,1008,745,0,257
1403,1006,744,0,263
1404,1002,744,0,269
1405,999,748,0,268
1406,1002,756,0,272
1407,1004,757,0,278
1408,1004,757,0,278
1409,1004,755,0,272
1410,1003,751,0,264
1411,1002,748,0,262
1412,1001,747,0,261
1413,1001,748,0,266
1414,1000,747,0,268
1415,999,747,0,271
1416,998,748,0,272
1417,998,747,0,274
1418,998,745,0,277
1419,999,745,0,280
1420,999,743,0,281
1421,1000,741,0,277
1422,1002,738,0,276
1423,1002,730,0,280
1424,1003,728,0,281
1425,1004,726,0,281
1426,1002,726,0,279
1427,999,724,0,278
1428,999,724,0,280
1429,998,723,0,278
1430,999,722,0,276
1431,1002,720,0,277
1432,1001,720,0,277
1433,1001,722,0,276
1434,1002,721,0,273
1435,1002,721,0,272
1436,1003,721,0,278
1437,1004,720,0,278
1438,1004,721,0,285
1439,1004,720,0,296
1440,1001,723,0,304
1441,998,721,0,313
1442,997,721,0,314
1443,996,722,0,313
1444,996,722,0,315
1445,996,722,0,319
1446,997,721,0,320
1447,998,721,0,316
1448,1000,720,0,312
1449,1000,719,0,305
1450,998,719,0,304
1451,998,719,0,302
1452,1000,722,0,302
1453,1001,724,0,300
1454,1003,725,0,313
1455,1004,728,0,317
1456,1005,731,0,321
1457,1006,732,0,320
1458,1005,733,0,325
1459,1006,732,0,318
1460,1004,732,0,315
1461,1003,731,0,312
1462,1003,731,0,309
1463,1003,731,0,303
1464,1003,731,0,301
1465,1002,731,0,305
1466,999,730,0,307
1467,998,727,0,309
1468,997,725,0,309
1469,994,724,0,311
1470,992,722,0,312
1471,990,720,0,310
1472,989,719,0,313
1473,988,717,0,314
1474,986,715,0,315
1475,984,715,0,311
1476,983,719,0,307
1477,983,719,0,314
1478,983,718,0,325
1479,980,720,0,324
1480,979,721,0,329
1481,979,724,0,343
1482,980,720,0,322
1483,980,719,0,327
1484,981,721,0,323
1485,981,721,0,319
1486,982,718,0,326
1487,981,717,0,329
1488,977,716,0,327
1489,975,715,0,321
1490,972,713,0,321
1491,973,720,0,316
1492,974,717,0,315
1493,973,712,0,319
1494,969,709,0,321
1495,967,707,0,322
1496,965,705,0,324
1497,963,705,0,323
1498,961,703,0,321
1499,958,701,0,318
1500,956,701,0,318
1501,957,701,0,319
1502,957,701,0,319
1503,957,700,0,318
1504,958,702,0,322
1505,961,705,0,321
1506,963,707,0,318
1507,965,711,0,321
1508,961,711,0,316
1509,961,707,0,311
1510,959,707,0,311
1511,960,707,0,313
1512,963,709,0,312
1513,963,710,0,311
1514,966,710,0,316
1515,967,713,0,314
1516,966,714,0,313
1517,966,713,0,318
1518,965,716,0,313
1519,966,714,0,315
1520,966,714,0,315
1521,966,710,0,315
1522,965,711,0,310
1523,965,711,0,308
1524,965,711,0,309
1525,966,710,0,315
1526,965,709,0,315
1527,964,712,0,308
1528,964,712,0,308
1529,964,712,0,308
1530,963,712,0,311
1531,962,713,0,305
1532,960,714,0,308
1533,961,713,0,305
1534,961,714,0,302
1535,961,714,0,303
1536,960,714,0,320
1537,957,712,0,330
1538,951,709,0,339
1539,951,707,0,345
1540,952,706,0,349
1541,957,707,0,356
1542,959,711,0,4
1543,964,712,0,13
1544,962,713,0,18
1545,962,713,0,22
1546,963,714,0,22
1547,965,713,0,35
1548,968,719,0,25
1549,965,716,0,34
1550,967,713,0,38
1551,967,712,0,41
1552,971,707,0,51
1553,973,708,0,72
1554,974,707,0,86
1555,975,708,0,89
1556,975,709,0,93
1557,975,712,0,103
1558,976,712,0,115
1559,980,715,0,117
1560,983,713,0,134
1561,986,719,0,139
1562,986,723,0,146
1563,988,724,0,152
1564,987,725,0,158
1565,988,724,0,162
1566,991,727,0,177
1567,993,727,0,172
1568,992,727,0,171
1569,992,729,0,164
1570,993,729,0,156
1571,993,730,0,156
1572,993,733,0,162
1573,995,733,0,167
1574,996,735,0,172
1575,998,737,0,164
1576,1000,736,0,164
1577,1003,736,0,162
1578,1008,737,0,172
1579,1014,740,0,170
1580,1015,742,0,171
1581,1017,740,0,165
1582,1018,741,0,172
1583,1020,742,0,172
1584,1021,742,0,177
1585,1020,741,0,188
1586,1023,745,0,199
1587,1025,743,0,193
1588,1025,741,0,190
1589,1030,738,0,198
1590,1027,733,0,188
1591,1026,734,0,189
1592,1028,734,0,187
1593,1032,735,0,177
1594,1032,736,0,171
1595,1030,734,0,182
1596,1030,733,0,183
1597,1030,733,0,181
1598,1030,734,0,183
1599,1029,734,0,179
1600,1030,734,0,181
1601,1028,734,0,180
1602,1025,735,0,178
1603,1026,736,0,187
1604,1024,736,0,191
1605,1021,737,0,196
1606,1018,735,0,205
1607,1015,735,0,204
1608,1012,733,0,221
1609,1011,734,0,231
1610,1011,734,0,249
1611,1013,732,0,256
1612,1013,731,0,255
1613,1014,730,0,263
1614,1013,728,0,263
1615,1011,726,0,270
1616,1013,724,0,276
1617,1011,724,0,289
1618,1009,722,0,295
1619,1010,720,0,289
1620,1009,719,0,285
1621,1007,718,0,280
1622,1007,715,0,273
1623,1007,712,0,266
1624,1007,710,0,266
1625,1007,705,0,265
1626,1010,698,0,253
1627,1006,694,0,251
1628,1005,687,0,240
1629,1005,686,0,228
1630,1011,688,0,217
1631,1009,687,0,209
1632,1008,684,0,208
1633,1011,681,0,220
1634,1014,679,0,227
1635,1015,677,0,234
1636,1019,672,0,242
1637,1024,666,0,241
1638,1026,662,0,236
1639,1028,660,0,239
1640,1028,659,0,234
1641,1031,656,0,229
1642,1028,652,0,221
1643,1034,648,0,226
1644,1035,646,0,229
1645,1036,644,0,229
1646,1039,639,0,237
1647,1039,629,0,242
1648,1044,628,0,244
1649,1046,623,0,248
1650,1049,622,0,251
1651,1052,621,0,253
1652,1052,620,0,255
1653,1052,619,0,259
1654,1053,617,0,260
1655,1052,616,0,263
1656,1052,616,0,261
1657,1052,615,0,261
1658,1051,614,0,264
1659,1052,613,0,260
1660,1052,614,0,261
1661,1052,613,0,259
1662,1053,613,0,256
1663,1051,614,0,258
1664,1051,616,0,262
1665,1053,618,0,262
1666,1053,621,0,260
1667,1050,622,0,261
1668,1045,621,0,248
1669,1048,617,0,254
1670,1050,613,0,257
1671,1049,613,0,259
1672,1052,608,0,265
1673,1060,603,0,275
1674,1064,602,0,280
1675,1067,599,0,286
1676,1066,598,0,288
1677,1063,596,0,289
1678,1062,590,0,297
1679,1061,589,0,298
1680,1070,581,0,312
1681,1063,582,0,313
1682,1058,584,0,303
1683,1055,583,0,293
1684,1055,579,0,294
1685,1055,579,0,293
1686,1059,571,0,304
1687,1057,570,0,296
1688,1061,567,0,300
1689,1061,567,0,300
1690,1063,563,0,310
1691,1063,561,0,306
1692,1063,561,0,305
1693,1063,560,0,306
1694,1062,560,0,310
1695,1058,566,0,305
1696,1057,566,0,303
1697,1058,566,0,311
1698,1057,563,0,314
1699,1056,561,0,317
1700,1057,561,0,314
1701,1057,560,0,317
1702,1059,561,0,316
1703,1057,564,0,314
1704,1057,566,0,314
1705,1057,567,0,311
1706,1059,569,0,312
1707,1059,568,0,314
1708,1059,568,0,311
1709,1059,569,0,311
1710,1057,569,0,305
1711,1057,571,0,312
1712,1056,571,0,311
1713,1055,570,0,315
1714,1055,574,0,321
1715,1055,574,0,324
1716,1054,574,0,324
1717,1054,572,0,319
1718,1050,572,0,315
1719,1048,570,0,315
1720,1046,572,0,320
1721,1044,573,0,314
1722,1044,573,0,317
1723,1046,574,0,311
1724,1047,577,0,310
1725,1043,588,0,323
1726,1044,599,0,323
1727,1044,606,0,348
1728,1042,604,0,333
1729,1039,600,0,331
1730,1038,600,0,332
1731,1038,600,0,334
1732,1036,599,0,329
1733,1035,601,0,333
1734,1033,606,0,315
1735,1035,607,0,319
1736,1032,610,0,306
1737,1034,609,0,301
1738,1032,611,0,292
1739,1032,611,0,291
1740,1032,611,0,290
1741,1034,610,0,289
1742,1031,608,0,282
1743,1031,606,0,279
1744,1031,604,0,283
1745,1035,598,0,292
1746,1035,598,0,287
1747,1034,593,0,267
1748,1037,588,0,264
1749,1039,580,0,270
1750,1040,575,0,263
1751,1040,573,0,259
1752,1042,573,0,254
1753,1042,573,0,254
1754,1041,574,0,253
1755,1041,572,0,256
1756,1041,567,0,260
1757,1041,559,0,252
1758,1041,557,0,247
1759,1040,553,0,246
1760,1043,557,0,254
1761,1043,557,0,250
1762,1041,558,0,233
1763,1039,559,0,239
1764,1040,561,0,241
1765,1041,561,0,245
1766,1041,561,0,244
1767,1040,560,0,242
1768,1040,560,0,241
1769,1041,559,0,238
1770,1041,558,0,241
1771,1042,556,0,244
1772,1043,551,0,239
1773,1044,550,0,236
1774,1045,548,0,242
1775,1045,547,0,241
1776,1045,547,0,238
1777,1045,549,0,236
1778,1045,548,0,239
1779,1046,546,0,235
1780,1046,546,0,232
1781,1047,545,0,235
1782,1048,546,0,228
1783,1049,547,0,225
1784,1048,547,0,232
1785,1049,545,0,236
1786,1048,545,0,235
1787,1048,549,0,233
1788,1047,551,0,241
1789,1051,554,0,252
1790,1050,559,0,258
1791,1049,562,0,250
1792,1047,563,0,249
1793,1048,561,0,246
1794,1052,564,0,249
1795,1052,564,0,250
1796,1054,558,0,251
1797,1057,552,0,236
1798,1063,548,0,235
1799,1067,545,0,230
1800,1069,542,0,234
1801,1069,541,0,232
1802,1070,542,0,237
1803,1069,540,0,232
1804,1071,537,0,233
1805,1072,536,0,238
1806,1072,536,0,237
1807,1072,535,0,238
1808,1072,534,0,240
1809,1072,535,0,240
1810,1076,533,0,252
1811,1081,529,0,265
1812,1082,525,0,270
1813,1083,521,0,269
1814,1083,518,0,274
1815,1084,519,0,276
1816,1089,520,0,283
1817,1088,520,0,277
1818,1087,525,0,267
1819,1086,528,0,264
1820,1087,528,0,265
1821,1091,525,0,236
1822,1089,529,0,227
1823,1090,528,0,218
1824,1090,529,0,221
1825,1094,529,0,210
1826,1098,527,0,222
1827,1097,527,0,224
1828,1096,526,0,223
1829,1096,525,0,227
1830,1096,524,0,233
1831,1098,521,0,237
1832,1098,519,0,240
1833,1100,518,0,243
1834,1100,515,0,246
1835,1100,512,0,253
1836,1100,510,0,254
1837,1098,507,0,254
1838,1097,509,0,252
1839,1098,513,0,254
1840,1098,512,0,267
1841,1097,510,0,274
1842,1096,510,0,282
1843,1089,508,0,292
1844,1086,508,0,299
1845,1085,510,0,301
1846,1084,512,0,310
1847,1081,513,0,311
1848,1076,512,0,316
1849,1074,513,0,321
1850,1074,513,0,330
1851,1070,512,0,338
1852,1066,512,0,338
1853,1066,511,0,338
1854,1066,508,0,338
1855,1066,511,0,342
1856,1065,511,0,337
1857,1069,509,0,338
1858,1071,506,0,338
1859,1070,506,0,340
1860,1068,509,0,342
1861,1067,509,0,343
1862,1066,507,0,343
1863,1066,507,0,340
1864,1065,508,0,338
1865,1062,508,0,339
1866,1063,509,0,338
1867,1064,510,0,334
1868,1065,510,0,336
1869,1065,510,0,336
1870,1066,511,0,332
1871,1067,510,0,327
1872,1065,508,0,327
1873,1064,506,0,328
1874,1063,505,0,329
1875,1062,505,0,331
1876,1061,505,0,330
1877,1061,504,0,328
1878,1060,504,0,330
1879,1061,504,0,328
1880,1061,504,0,328
1881,1061,505,0,329
1882,1061,504,0,331
1883,1061,505,0,330
1884,1061,505,0,329
1885,1061,504,0,330
1886,1062,505,0,330
1887,1063,506,0,331
1888,1062,507,0,331
1889,1062,508,0,329
1890,1062,508,0,324
1891,1062,508,0,326
1892,1063,507,0,327
1893,1060,507,0,325
1894,1058,508,0,324
1895,1054,508,0,326
1896,1051,507,0,329
1897,1048,506,0,331
1898,1044,505,0,331
1899,1041,504,0,335
1900,1040,503,0,338
1901,1038,499,0,326
1902,1036,500,0,322
1903,1035,500,0,320
1904,1034,498,0,323
1905,1032,494,0,322
1906,1029,495,0,321
1907,1028,494,0,319
1908,1027,493,0,321
1909,1023,490,0,325
1910,1022,489,0,332
1911,1020,489,0,331
1912,1022,489,0,328
1913,1026,489,0,327
1914,1026,490,0,325
1915,1024,488,0,332
1916,1023,487,0,332
1917,1023,485,0,336
1918,1023,484,0,344
1919,1022,485,0,350
1920,1021,485,0,353
1921,1019,486,0,352
1922,1023,483,0,352
1923,1026,484,0,346
1924,1026,483,0,344
1925,1026,484,0,347
1926,1022,484,0,344
1927,1019,483,0,345
1928,1020,483,0,343
1929,1028,485,0,343
1930,1025,487,0,351
1931,1020,491,0,0
1932,1016,492,0,359
1933,1012,491,0,359
1934,1011,490,0,0
1935,1011,491,0,6
1936,1012,489,0,15
1937,1011,489,0,19
1938,1012,490,0,14
1939,1011,492,0,11
1940,1010,490,0,16
1941,1007,490,0,16
1942,1007,490,0,14
1943,1008,492,0,14
1944,1009,492,0,11
1945,1010,491,0,10
1946,1010,489,0,14
1947,1007,491,0,12
1948,1008,491,0,8
1949,1009,491,0,8
1950,1009,491,0,6
1951,1009,491,0,5
1952,1009,489,0,10
1953,1011,487,0,8
1954,1015,481,0,12
1955,1014,477,0,18
1956,1015,474,0,23
1957,1015,473,0,21
1958,1014,475,0,16
1959,1015,477,0,9
1960,1013,480,0,12
1961,1012,481,0,15
1962,1012,481,0,13
1963,1012,482,0,11
1964,1010,483,0,11
1965,1010,481,0,12
1966,1012,481,0,14
1967,1012,483,0,8
1968,1011,483,0,8
1969,1010,480,0,16
1970,1010,480,0,12
1971,1009,482,0,8
1972,1007,482,0,10
1973,1008,482,0,4
1974,1008,482,0,1
1975,1007,480,0,7
1976,1007,478,0,8
1977,1007,477,0,14
1978,1007,477,0,8
1979,1008,476,0,10
1980,1009,476,0,11
1981,1008,475,0,12
1982,1008,474,0,20
1983,1008,470,0,24
1984,1007,472,0,27
1985,1007,473,0,28
1986,1009,478,0,17
1987,1010,478,0,15
1988,1012,478,0,13
1989,1013,477,0,18
1990,1013,477,0,19
1991,1010,476,0,22
1992,1009,478,0,17
1993,1010,477,0,19
1994,1012,478,0,25
1995,1011,478,0,28
1996,1010,477,0,29
1997,1011,476,0,34
1998,1011,478,0,30
1999,1011,479,0,24
2000,1009,481,0,28
2001,1011,481,0,25
2002,1014,479,0,21
2003,1015,479,0,17
2004,1013,480,0,21
2005,1013,480,0,18
2006,1014,480,0,12
2007,1018,477,0,4
2008,1017,475,0,3
2009,1017,477,0,2
2010,1020,479,0,3
2011,1021,477,0,10
2012,1021,477,0,8
2013,1021,478,0,5
2014,1021,477,0,10
2015,1020,478,0,10
2016,1021,477,0,9
2017,1021,478,0,8
2018,1022,477,0,9
2019,1022,477,0,10
2020,1020,479,0,13
2021,1019,481,0,12
2022,1019,481,0,15
2023,1016,483,0,20
2024,1014,484,0,22
2025,1013,485,0,24
2026,1013,486,0,23
2027,1013,486,0,23
2028,1012,487,0,19
2029,1012,490,0,11
2030,1010,490,0,6
2031,1011,486,0,9
2032,1013,481,0,15
2033,1012,480,0,15
2034,1015,479,0,11
2035,1015,479,0,12
2036,1015,479,0,12
2037,1014,483,0,10
2038,1012,483,0,10
2039,1011,483,0,11
2040,1008,485,0,16
2041,1006,487,0,13
2042,1005,488,0,15
2043,1011,486,0,14
2044,1013,484,0,14
2045,1015,483,0,14
2046,1017,484,0,18
2047,1017,485,0,15
2048,1013,484,0,13
2049,1013,483,0,14
2050,1012,480,0,19
2051,1013,481,0,18
2052,1014,480,0,19
2053,1013,482,0,20
2054,1014,481,0,22
2055,1017,481,0,18
2056,1016,481,0,22
2057,1015,482,0,22
2058,1011,484,0,26
2059,1009,484,0,26
2060,1007,483,0,29
2061,1006,483,0,33
2062,1005,482,0,32
2063,1004,473,0,57
2064,1003,470,0,67
2065,998,465,0,82
2066,992,464,0,93
2067,988,467,0,108
2068,989,474,0,119
2069,985,486,0,136
2070,987,488,0,147
2071,991,492,0,163
2072,992,495,0,180
2073,995,496,0,190
2074,997,498,0,189
2075,1000,510,0,206
2076,1004,517,0,207
2077,1009,519,0,243
2078,1014,520,0,248
2079,1016,518,0,252
2080,1017,516,0,244
2081,1019,514,0,240
2082,1018,510,0,239
2083,1019,509,0,230
2084,1022,510,0,223
2085,1021,511,0,214
2086,1020,513,0,207
2087,1023,513,0,198
2088,1026,517,0,185
2089,1027,519,0,179
2090,1031,522,0,162
2091,1030,522,0,159
2092,1031,523,0,157
2093,1033,525,0,155
2094,1033,524,0,148
2095,1034,526,0,141
2096,1033,527,0,141
2097,1033,529,0,140
2098,1034,531,0,131
2099,1033,532,0,128
2100,1034,536,0,123
2101,1035,539,0,113
2102,1037,542,0,119
2103,1038,545,0,118
2104,1038,547,0,114
2105,1037,548,0,110
2106,1037,549,0,107
2107,1037,549,0,107
2108,1036,550,0,108
2109,1036,551,0,108
2110,1035,552,0,103
2111,1035,553,0,100
2112,1034,553,0,99
2113,1033,554,0,100
2114,1032,556,0,96
2115,1030,557,0,99
2116,1031,557,0,101
2117,1031,558,0,100
2118,1031,558,0,100
2119,1031,560,0,95
2120,1030,562,0,97
2121,1032,565,0,96
2122,1030,565,0,101
2123,1025,565,0,105
2124,1021,570,0,104
2125,1021,572,0,108
2126,1023,572,0,112
2127,1024,574,0,116
2128,1024,580,0,119
2129,1027,581,0,124
2130,1030,584,0,134
2131,1035,586,0,138
2132,1037,588,0,146
2133,1038,590,0,144
2134,1039,594,0,133
2135,1038,601,0,130
2136,1041,603,0,127
2137,1048,603,0,130
2138,1046,605,0,141
2139,1048,606,0,148
2140,1052,606,0,157
2141,1053,609,0,155
2142,1054,609,0,158
2143,1056,608,0,160
2144,1056,609,0,162
2145,1055,605,0,161
2146,1054,612,0,163
2147,1053,610,0,154
2148,1052,613,0,142
2149,1055,618,0,140
2150,1056,621,0,135
2151,1057,625,0,133
2152,1064,630,0,126
2153,1061,633,0,137
2154,1062,634,0,140
2155,1060,636,0,142
2156,1062,637,0,145
2157,1062,638,0,145
2158,1064,639,0,144
2159,1065,638,0,142
2160,1064,639,0,148
2161,1062,637,0,148
2162,1059,637,0,152
2163,1057,639,0,149
2164,1067,633,0,169
2165,1070,632,0,175
2166,1074,631,0,176
2167,1076,632,0,181
2168,1078,637,0,189
2169,1081,639,0,184
2170,1088,641,0,190
2171,1091,643,0,189
2172,1097,642,0,190
2173,1096,640,0,193
2174,1101,638,0,199
2175,1105,638,0,197
2176,1106,637,0,199
2177,1109,636,0,200
2178,1111,634,0,200
2179,1117,630,0,202
2180,1121,629,0,201
2181,1122,629,0,197
2182,1122,630,0,204
2183,1127,626,0,205
2184,1129,622,0,203
2185,1130,624,0,199
2186,1132,623,0,202
2187,1138,619,0,210
2188,1141,617,0,210
2189,1143,616,0,215
2190,1147,615,0,199
2191,1154,615,0,191
2192,1156,617,0,180
2193,1161,617,0,165
2194,1164,618,0,170
2195,1166,620,0,170
2196,1167,620,0,169
2197,1167,622,0,171
2198,1169,624,0,176
2199,1171,623,0,166
2200,1173,622,0,169
2201,1174,622,0,176
2202,1175,618,0,186
2203,1169,615,0,195
2204,1167,609,0,214
2205,1168,605,0,218
2206,1168,603,0,226
2207,1167,601,0,236
2208,1166,595,0,253
2209,1166,593,0,259
2210,1163,589,0,266
2211,1160,585,0,270
2212,1155,580,0,286
2213,1152,575,0,296
2214,1150,571,0,303
2215,1152,569,0,301
2216,1158,573,0,308
2217,1153,575,0,301
2218,1150,576,0,300
2219,1149,573,0,293
2220,1148,571,0,285
2221,1148,568,0,280
2222,1149,565,0,271
2223,1150,562,0,267
2224,1151,558,0,266
2225,1152,554,0,260
2226,1153,553,0,254
2227,1156,547,0,256
2228,1156,544,0,262
2229,1156,546,0,261
2230,1156,542,0,266
2231,1158,540,0,257
2232,1158,542,0,255
2233,1159,545,0,245
2234,1164,538,0,236
2235,1170,535,0,222
2236,1175,530,0,217
2237,1178,524,0,214
2238,1186,525,0,207
2239,1193,521,0,209
2240,1198,518,0,202
2241,1203,516,0,198
2242,1209,518,0,190
2243,1215,515,0,183
2244,1219,515,0,181
2245,1225,515,0,179
2246,1226,514,0,186
2247,1225,513,0,192
2248,1225,511,0,203
2249,1231,508,0,204
2250,1232,508,0,204
2251,1231,508,0,207
2252,1232,508,0,207
2253,1236,505,0,210
2254,1235,509,0,216
2255,1235,510,0,222
2256,1237,511,0,224
2257,1242,507,0,228
2258,1243,508,0,224
2259,1244,507,0,215
2260,1237,509,0,212
2261,1233,513,0,213
2262,1232,513,0,213
2263,1232,512,0,220
2264,1234,511,0,230
2265,1236,512,0,214
2266,1245,507,0,208
2267,1248,507,0,200
2268,1254,504,0,200
2269,1257,494,0,199
2270,1262,491,0,199
2271,1267,490,0,205
2272,1271,489,0,211
2273,1272,491,0,211
2274,1271,490,0,207
2275,1260,489,0,187
2276,1254,494,0,183
2277,1247,494,0,164
2278,1245,491,0,169
2279,1246,490,0,171
2280,1252,493,0,161
2281,1257,492,0,150
2282,1262,494,0,127
2283,1269,498,0,114
2284,1272,498,0,98
2285,1272,504,0,84
2286,1268,505,0,77
2287,1265,508,0,64
2288,1262,509,0,59
2289,1259,511,0,55
2290,1256,514,0,59
2291,1255,514,0,56
2292,1256,515,0,51
2293,1255,514,0,56
2294,1253,515,0,52
2295,1253,515,0,49
2296,1252,515,0,37
2297,1249,515,0,26
2298,1248,515,0,28
2299,1246,517,0,28
2300,1245,520,0,29
2301,1245,520,0,31
2302,1246,518,0,29
2303,1245,517,0,34
2304,1245,519,0,38
2305,1243,515,0,32
2306,1241,516,0,26
2307,1239,517,0,12
2308,1236,518,0,3
2309,1233,518,0,3
2310,1224,518,0,2
2311,1217,514,0,2
2312,1215,510,0,7
2313,1213,514,0,14
2314,1206,519,0,18
2315,1198,524,0,18
2316,1193,527,0,24
2317,1188,529,0,33
2318,1187,528,0,35
2319,1183,529,0,37
2320,1183,530,0,34
2321,1182,530,0,30
2322,1184,536,0,29
2323,1184,537,0,28
2324,1183,536,0,26
2325,1181,536,0,33
2326,1170,538,0,42
2327,1175,542,0,36
2328,1168,538,0,38
2329,1166,538,0,42
2330,1162,537,0,43
2331,1164,543,0,35
2332,1163,544,0,32
2333,1163,542,0,31
2334,1163,542,0,28
2335,1162,541,0,29
2336,1160,541,0,30
2337,1154,540,0,25
2338,1152,541,0,18
2339,1152,540,0,15
2340,1154,541,0,3
2341,1149,539,0,0
2342,1148,536,0,358
2343,1147,535,0,359
2344,1146,535,0,355
2345,1142,529,0,350
2346,1141,521,0,337
2347,1138,520,0,344
2348,1139,515,0,336
2349,1136,512,0,337
2350,1138,503,0,346
2351,1132,506,0,342
2352,1124,505,0,337
2353,1116,495,0,350
2354,1111,491,0,350
2355,1107,482,0,2
2356,1104,472,0,0
2357,1100,478,0,5
2358,1098,478,0,7
2359,1096,479,0,4
2360,1093,480,0,9
2361,1092,478,0,5
2362,1092,477,0,0
2363,1091,477,0,359
2364,1087,478,0,356
2365,1087,477,0,359
2366,1086,471,0,355
2367,1085,474,0,347
2368,1084,473,0,346
2369,1085,471,0,342
2370,1087,469,0,336
2371,1085,471,0,333
2372,1084,471,0,333
2373,1085,469,0,329
2374,1085,469,0,323
2375,1085,468,0,321
2376,1085,467,0,318
2377,1086,466,0,318
2378,1087,466,0,317
2379,1090,467,0,315
2380,1089,464,0,306
2381,1090,463,0,306
2382,1088,463,0,306
2383,1087,464,0,310
2384,1087,464,0,321
2385,1088,464,0,326
2386,1086,465,0,326
2387,1083,466,0,327
2388,1079,467,0,332
2389,1078,470,0,349
2390,1078,472,0,354
2391,1078,473,0,356
2392,1078,474,0,357
2393,1078,474,0,1
2394,1077,475,0,1
2395,1076,475,0,359
2396,1077,475,0,355
2397,1076,475,0,356
2398,1075,475,0,355
2399,1076,476,0,357
2400,1076,478,0,356
2401,1076,480,0,356
2402,1076,481,0,1
2403,1075,481,0,0
2404,1075,483,0,359
2405,1075,482,0,3
2406,1075,481,0,4
2407,1075,482,0,2
2408,1075,482,0,359
2409,1075,483,0,356
2410,1076,485,0,358
2411,1076,484,0,0
2412,1075,483,0,0
2413,1075,482,0,1
2414,1075,483,0,358
2415,1074,485,0,355
2416,1075,482,0,1
2417,1074,483,0,4
2418,1073,483,0,3
2419,1074,484,0,0
2420,1074,484,0,1
2421,1074,483,0,2
2422,1072,485,0,0
2423,1073,482,0,4
2424,1073,483,0,0
2425,1073,484,0,2
2426,1071,487,0,358
2427,1071,486,0,359
2428,1071,485,0,2
2429,1069,485,0,4
2430,1069,488,0,356
2431,1068,486,0,356
2432,1068,486,0,356
2433,1067,485,0,358
2434,1067,484,0,358
2435,1069,484,0,354
2436,1069,485,0,354
2437,1069,485,0,354
2438,1069,484,0,356
2439,1068,480,0,1
2440,1068,478,0,5
2441,1068,479,0,359
2442,1067,481,0,356
2443,1068,481,0,359
2444,1068,483,0,2
2445,1070,485,0,358
2446,1070,486,0,358
2447,1072,487,0,356
2448,1074,488,0,352
2449,1074,486,0,353
2450,1075,486,0,350
2451,1074,486,0,351
2452,1074,486,0,352
2453,1074,483,0,0
2454,1074,483,0,358
2455,1074,482,0,1
2456,1073,480,0,3
2457,1073,478,0,4
2458,1072,478,0,5
2459,1072,477,0,4
2460,1072,477,0,7
2461,1072,476,0,8
2462,1071,475,0,8
2463,1071,475,0,11
2464,1071,476,0,10
2465,1071,476,0,6
2466,1070,478,0,4
2467,1071,478,0,4
2468,1070,477,0,6
2469,1069,478,0,3
2470,1070,476,0,7
2471,1070,476,0,7
2472,1069,476,0,7
2473,1068,476,0,5
2474,1067,475,0,9
2475,1068,477,0,2
2476,1067,478,0,359
2477,1068,480,0,357
2478,1066,481,0,355
2479,1067,482,0,356
2480,1068,486,0,356
2481,1067,484,0,359
2482,1067,485,0,356
2483,1068,486,0,351
2484,1066,487,0,351
2485,1065,487,0,349
2486,1063,490,0,336
2487,1066,487,0,350
2488,1065,487,0,350
2489,1064,488,0,346
2490,1064,488,0,346
2491,1064,488,0,347
2492,1063,488,0,350
2493,1062,488,0,349
2494,1061,489,0,345
2495,1063,486,0,351
2496,1062,487,0,351
2497,1061,489,0,342
2498,1061,489,0,345
2499,1059,488,0,345
2500,1057,493,0,332
2501,1057,492,0,343
2502,1056,491,0,345
2503,1055,489,0,350
2504,1055,489,0,351
2505,1055,490,0,350
2506,1054,492,0,344
2507,1056,492,0,345
2508,1055,491,0,350
2509,1055,492,0,350
2510,1055,492,0,349
2511,1056,493,0,348
2512,1056,493,0,350
2513,1056,494,0,349
2514,1057,494,0,349
2515,1058,493,0,349
2516,1058,495,0,339
2517,1056,496,0,340
2518,1056,497,0,335
2519,1055,497,0,340
2520,1054,498,0,343
2521,1058,498,0,338
2522,1056,499,0,342
2523,1058,495,0,346
2524,1057,495,0,343
2525,1054,496,0,341
2526,1051,500,0,338
2527,1048,500,0,338
2528,1048,498,0,328
2529,1046,496,0,326
2530,1043,496,0,326
2531,1040,493,0,331
2532,1036,493,0,327
2533,1034,495,0,326
2534,1034,495,0,326
2535,1034,495,0,327
2536,1033,496,0,324
2537,1033,498,0,323
2538,1033,498,0,325
2539,1035,498,0,327
2540,1033,496,0,328
2541,1033,495,0,328
2542,1033,495,0,327
2543,1032,495,0,326
2544,1030,494,0,323
2545,1030,494,0,324
2546,1028,491,0,328
2547,1025,489,0,329
2548,1018,487,0,332
2549,1018,487,0,334
2550,1018,486,0,330
2551,1015,486,0,329
2552,1015,486,0,327
2553,1015,485,0,328
2554,1013,481,0,341
2555,1011,482,0,348
2556,1008,481,0,347
2557,1007,481,0,346
2558,1007,481,0,348
2559,1006,481,0,344
2560,1004,481,0,345
2561,1004,480,0,347
2562,1011,481,0,350
2563,1012,481,0,345
2564,1016,479,0,353
2565,1015,480,0,355
2566,1018,480,0,356
2567,1021,480,0,0
2568,1019,481,0,356
2569,1027,481,0,350
2570,1031,481,0,352
2571,1028,484,0,347
2572,1028,481,0,341
2573,1025,478,0,332
2574,1023,473,0,336
2575,1020,471,0,328
2576,1019,470,0,323
2577,1021,470,0,318
2578,1020,472,0,309
2579,1018,471,0,305
2580,1016,472,0,309
2581,1016,473,0,307
2582,1017,474,0,299
2583,1019,475,0,288
2584,1019,475,0,290
2585,1018,476,0,288
2586,1017,476,0,284
2587,1016,477,0,283
2588,1017,480,0,276
2589,1018,481,0,278
2590,1018,482,0,276
2591,1017,482,0,276
2592,1016,482,0,274
2593,1015,483,0,271
2594,1015,482,0,270
2595,1016,482,0,265
2596,1017,484,0,264
2597,1017,485,0,262
2598,1015,483,0,268
2599,1014,482,0,273
2600,1013,479,0,278
2601,1013,478,0,278
2602,1012,478,0,280
2603,1012,478,0,282
2604,1012,478,0,283
2605,1011,476,0,285
2606,1012,475,0,286
2607,1012,475,0,287
2608,1013,474,0,292
2609,1014,477,0,294
2610,1015,484,0,289
2611,1013,485,0,273
2612,1014,486,0,270
2613,1014,483,0,262
2614,1013,478,0,260
2615,1012,473,0,256
2616,1013,472,0,253
2617,1014,472,0,242
2618,1014,475,0,234
2619,1012,479,0,236
2620,1014,481,0,231
2621,1014,483,0,221
2622,1020,485,0,215
2623,1019,484,0,194
2624,1025,483,0,178
2625,1028,488,0,185
2626,1031,491,0,159
2627,1033,493,0,145
2628,1032,494,0,146
2629,1032,493,0,146
2630,1034,491,0,156
2631,1036,489,0,157
2632,1036,491,0,151
2633,1037,490,0,143
2634,1037,492,0,141
2635,1037,493,0,143
2636,1037,495,0,150
2637,1038,495,0,151
2638,1038,496,0,149
2639,1038,496,0,147
2640,1038,495,0,148
2641,1037,495,0,145
2642,1038,498,0,125
2643,1035,503,0,108
2644,1034,505,0,106
2645,1034,505,0,95
2646,1032,507,0,93
2647,1031,509,0,92
2648,1030,511,0,93
2649,1030,512,0,91
2650,1029,511,0,82
2651,1029,514,0,76
2652,1028,517,0,69
2653,1027,519,0,64
2654,1023,521,0,63
2655,1023,519,0,56
2656,1021,518,0,39
2657,1027,514,0,34
2658,1024,518,0,30
2659,1019,517,0,26
2660,1013,514,0,13
2661,1005,514,0,14
2662,1002,507,0,5
2663,999,510,0,4
2664,997,513,0,8
2665,996,516,0,10
2666,995,522,0,2
2667,992,521,0,2
2668,989,520,0,3
2669,990,524,0,356
2670,989,524,0,358
2671,987,523,0,6
2672,982,523,0,18
2673,977,522,0,26
2674,974,524,0,37
2675,971,528,0,41
2676,968,531,0,40
2677,963,534,0,43
2678,959,541,0,43
2679,951,542,0,32
2680,946,542,0,27
2681,942,542,0,33
2682,940,542,0,32
2683,939,544,0,22
2684,933,542,0,23
2685,930,543,0,18
2686,923,545,0,24
2687,920,544,0,29
2688,918,540,0,31
2689,915,536,0,18
2690,908,535,0,19
2691,901,535,0,10
2692,892,533,0,13
2693,887,533,0,11
2694,883,532,0,6
2695,878,531,0,11
2696,877,532,0,12
2697,878,535,0,12
2698,874,536,0,13
2699,869,537,0,13
2700,868,537,0,12
2701,869,537,0,12
2702,870,536,0,18
2703,870,535,0,19
2704,869,536,0,15
2705,870,535,0,5
2706,869,533,0,10
2707,868,531,0,10
2708,864,525,0,3
2709,863,525,0,357
2710,860,528,0,4
2711,853,529,0,1
2712,847,529,0,359
2713,841,533,0,356
2714,836,532,0,354
2715,833,526,0,356
2716,825,527,0,357
2717,818,530,0,357
2718,814,533,0,359
2719,811,535,0,11
2720,806,531,0,16
2721,799,534,0,26
2722,798,539,0,17
2723,793,540,0,20
2724,791,547,0,17
2725,787,547,0,21
2726,777,547,0,19
2727,769,551,0,16
2728,762,550,0,9
2729,758,552,0,9
2730,754,553,0,4
2731,748,551,0,0
2732,742,550,0,358
2733,737,554,0,357
2734,734,553,0,2
2735,731,550,0,2
2736,728,549,0,3
2737,722,550,0,3
2738,717,549,0,1
2739,713,549,0,0
2740,705,549,0,8
2741,703,557,0,17
2742,700,560,0,22
2743,696,565,0,36
2744,699,572,0,43
2745,698,576,0,49
2746,695,577,0,56
2747,692,575,0,68
2748,693,575,0,68
2749,693,573,0,70
2750,694,574,0,66
2751,693,576,0,58
2752,693,578,0,58
2753,696,576,0,54
2754,696,579,0,47
2755,693,580,0,44
2756,697,573,0,34
2757,695,568,0,24
2758,699,564,0,24
2759,695,565,0,27
2760,693,565,0,20
2761,694,564,0,19
2762,699,561,0,24
2763,702,560,0,28
2764,702,560,0,25
2765,701,561,0,25
2766,698,564,0,32
2767,694,568,0,38
2768,693,568,0,37
2769,691,568,0,37
2770,691,568,0,33
2771,689,567,0,36
2772,689,567,0,37
2773,688,567,0,37
2774,687,567,0,29
2775,684,568,0,30
2776,680,572,0,28
2777,676,575,0,27
2778,677,575,0,24
2779,679,572,0,27
2780,680,571,0,25
2781,678,571,0,28
2782,680,570,0,29
2783,680,571,0,32
2784,680,572,0,35
2785,681,571,0,36
2786,682,571,0,32
2787,682,571,0,33
2788,682,571,0,34
2789,685,572,0,31
2790,685,573,0,41
2791,684,575,0,46
2792,687,576,0,52
2793,689,582,0,48
2794,690,589,0,43
2795,687,590,0,43
2796,683,591,0,43
2797,678,593,0,42
2798,677,595,0,38
2799,685,593,0,41
2800,688,593,0,41
2801,689,594,0,40
2802,690,594,0,39
2803,689,595,0,43
2804,688,594,0,48
2805,689,595,0,53
2806,687,595,0,59
2807,688,596,0,60
2808,688,596,0,63
2809,690,596,0,57
2810,690,596,0,56
2811,691,598,0,54
2812,691,599,0,49
2813,690,599,0,49
2814,690,600,0,46
2815,690,599,0,46
2816,690,599,0,39
2817,693,602,0,40
2818,693,601,0,50
2819,702,608,0,58
2820,700,613,0,48
2821,696,607,0,55
2822,694,606,0,55
2823,694,607,0,61
2824,692,606,0,58
2825,691,604,0,52
2826,692,604,0,57
2827,692,605,0,48
2828,692,604,0,49
2829,691,604,0,52
2830,689,604,0,54
2831,689,604,0,51
2832,690,603,0,46
2833,689,603,0,50
2834,688,603,0,50
2835,687,601,0,39
2836,687,602,0,38
2837,687,603,0,37
2838,689,602,0,33
2839,691,604,0,26
2840,689,607,0,21
2841,688,609,0,16
2842,686,613,0,11
2843,686,617,0,1
2844,682,618,0,356
2845,681,617,0,353
2846,680,617,0,351
2847,680,616,0,351
2848,680,617,0,351
2849,680,618,0,345
2850,678,619,0,345
2851,678,619,0,345
2852,677,619,0,341
2853,678,619,0,343
2854,676,619,0,346
2855,674,619,0,341
2856,673,620,0,333
2857,673,622,0,330
2858,673,624,0,328
2859,676,624,0,332
2860,677,625,0,337
2861,680,628,0,338
2862,681,630,0,334
2863,683,632,0,333
2864,686,635,0,326
2865,684,635,0,321
2866,686,637,0,322
2867,684,637,0,320
2868,682,634,0,317
2869,684,633,0,315
2870,685,632,0,318
2871,683,629,0,322
2872,687,618,0,337
2873,689,611,0,345
2874,690,609,0,349
2875,689,607,0,355
2876,689,605,0,351
2877,690,605,0,354
2878,684,607,0,350
2879,678,613,0,351
2880,672,614,0,348
2881,666,611,0,339
2882,661,612,0,341
2883,658,611,0,347
2884,655,610,0,355
2885,653,609,0,2
2886,656,611,0,3
2887,657,612,0,2
2888,656,616,0,358
2889,656,614,0,351
2890,656,613,0,352
2891,656,613,0,337
2892,657,613,0,334
2893,657,611,0,339
2894,657,611,0,333
2895,661,610,0,335
2896,664,610,0,328
2897,669,610,0,327
2898,665,611,0,337
2899,661,614,0,356
2900,657,615,0,9
2901,656,615,0,16
2902,653,615,0,17
2903,652,618,0,15
2904,651,622,0,17
2905,649,622,0,15
2906,645,622,0,19
2907,645,621,0,22
2908,643,622,0,25
2909,641,622,0,23
2910,640,622,0,19
2911,641,622,0,17
2912,640,622,0,16
2913,641,622,0,15
2914,641,622,0,13
2915,641,622,0,18
2916,642,622,0,21
2917,641,623,0,20
2918,641,623,0,19
2919,640,623,0,18
2920,641,622,0,17
2921,641,622,0,19
2922,642,622,0,17
2923,643,622,0,16
2924,644,623,0,15
2925,655,625,0,5
2926,657,627,0,4
2927,653,630,0,20
2928,651,634,0,32
2929,650,641,0,41
2930,648,638,0,48
2931,645,639,0,49
2932,644,642,0,51
2933,644,641,0,56
2934,644,641,0,55
2935,644,641,0,56
2936,644,643,0,55
2937,643,644,0,53
2938,642,648,0,58
2939,645,656,0,56
2940,644,655,0,65
2941,643,656,0,73
2942,646,661,0,60
2943,646,666,0,68
2944,643,671,0,75
2945,641,674,0,73
2946,640,676,0,72
2947,639,680,0,72
2948,639,684,0,75
2949,641,686,0,74
2950,642,689,0,63
2951,641,692,0,57
2952,641,692,0,54
2953,641,688,0,41
2954,639,689,0,35
2955,637,685,0,30
2956,635,683,0,28
2957,635,679,0,26
2958,634,677,0,23
2959,635,675,0,13
2960,635,675,0,9
2961,634,670,0,11
2962,634,668,0,7
2963,634,664,0,4
2964,634,660,0,357
2965,637,655,0,349
2966,636,649,0,343
2967,634,645,0,344
2968,630,640,0,348
2969,623,639,0,336
2970,618,639,0,337
2971,614,640,0,338
2972,609,637,0,339
2973,609,626,0,341
2974,604,628,0,334
2975,601,625,0,330
2976,600,619,0,318
2977,597,615,0,317
2978,593,613,0,314
2979,592,610,0,320
2980,590,608,0,322
2981,589,606,0,326
2982,586,603,0,324
2983,583,600,0,329
2984,582,597,0,327
2985,580,593,0,324
2986,579,590,0,320
2987,578,587,0,313
2988,577,580,0,304
2989,574,579,0,301
2990,573,574,0,296
2991,572,571,0,304
2992,571,570,0,306
2993,571,570,0,312
2994,569,568,0,311
2995,567,567,0,310
2996,566,565,0,311
2997,565,563,0,307
2998,562,562,0,309
2999,562,562,0,313
