149,871,1855,0,38
159,871,1863,0,359
160,870,1862,0,1
161,869,1861,0,355
162,868,1860,0,355
163,866,1858,0,356
164,866,1858,0,4
165,866,1859,0,7
166,868,1859,0,8
167,868,1860,0,11
168,867,1861,0,10
169,869,1862,0,9
170,870,1861,0,8
171,870,1861,0,6
172,870,1861,0,5
173,869,1862,0,1
174,871,1863,0,3
175,871,1864,0,1
176,872,1864,0,1
177,880,1862,0,14
178,880,1863,0,9
179,882,1863,0,0
180,879,1861,0,351
181,875,1859,0,346
182,866,1859,0,345
183,858,1851,0,345
184,849,1852,0,350
185,841,1856,0,356
186,832,1851,0,5
187,822,1859,0,12
188,814,1862,0,24
189,809,1880,0,32
190,803,1878,0,44
191,795,1884,0,44
192,791,1887,0,46
193,786,1896,0,49
194,785,1901,0,52
195,780,1905,0,48
196,778,1908,0,44
197,773,1910,0,32
198,767,1910,0,37
199,764,1915,0,39
200,761,1918,0,42
201,758,1915,0,45
202,762,1917,0,48
203,757,1916,0,52
204,755,1917,0,55
205,756,1921,0,52
206,755,1920,0,58
207,755,1923,0,67
208,753,1927,0,74
209,753,1929,0,79
210,758,1936,0,87
211,753,1946,0,95
212,758,1953,0,97
213,763,1958,0,95
214,764,1957,0,101
215,764,1954,0,103
216,765,1953,0,97
217,768,1953,0,95
218,769,1954,0,90
219,770,1954,0,96
220,770,1960,0,100
221,768,1966,0,106
222,774,1966,0,104
223,775,1965,0,104
224,774,1962,0,104
225,774,1961,0,101
226,774,1961,0,97
227,774,1961,0,98
228,776,1962,0,90
229,776,1966,0,87
230,781,1971,0,66
231,781,1976,0,58
232,781,1985,0,53
233,775,1990,0,54
234,775,1995,0,52
235,776,1995,0,55
236,781,1997,0,67
237,784,1992,0,80
238,780,1994,0,91
239,781,1998,0,96
240,782,2003,0,99
241,782,2007,0,96
242,784,2015,0,101
243,784,2017,0,113
244,787,2021,0,113
245,790,2025,0,122
246,797,2037,0,113
247,798,2043,0,98
248,796,2051,0,100
249,794,2052,0,102
250,796,2055,0,104
251,796,2057,0,104
252,797,2060,0,104
253,797,2062,0,103
254,798,2062,0,104
255,797,2061,0,105
256,798,2060,0,103
257,798,2060,0,102
258,798,2060,0,101
259,798,2060,0,101
260,798,2057,0,104
261,796,2055,0,109
262,794,2057,0,112
263,796,2057,0,118
264,804,2056,0,133
265,806,2058,0,144
266,812,2057,0,158
267,819,2056,0,176
268,827,2050,0,183
269,831,2051,0,187
270,837,2053,0,198
271,834,2053,0,204
272,836,2052,0,199
273,845,2048,0,202
274,850,2047,0,198
275,856,2045,0,192
276,862,2046,0,193
277,872,2047,0,193
278,880,2047,0,183
279,893,2048,0,173
280,905,2051,0,162
281,912,2049,0,177
282,924,2049,0,192
283,936,2044,0,202
284,946,2038,0,220
285,957,2041,0,190
286,970,2033,0,175
287,977,2034,0,184
288,981,2026,0,207
291,1019,2009,0,210
292,1019,2009,0,199
293,1035,2004,0,195
294,1044,2000,0,211
295,1046,1992,0,231
296,1049,1980,0,241
297,1052,1968,0,250
298,1051,1961,0,262
299,1052,1951,0,261
300,1052,1937,0,264
301,1054,1924,0,257
302,1055,1911,0,261
303,1053,1907,0,264
304,1047,1908,0,275
305,1050,1911,0,279
306,1049,1906,0,279
307,1049,1903,0,280
308,1049,1899,0,280
309,1047,1897,0,279
310,1047,1897,0,277
311,1047,1897,0,278
312,1047,1897,0,279
313,1047,1897,0,279
314,1047,1897,0,279
315,1047,1896,0,280
316,1047,1896,0,281
317,1047,1895,0,284
318,1048,1895,0,283
319,1048,1895,0,284
320,1048,1896,0,284
321,1049,1897,0,287
322,1049,1897,0,290
323,1049,1897,0,289
324,1052,1897,0,297
325,1054,1896,0,305
326,1054,1894,0,310
327,1054,1891,0,316
328,1054,1891,0,321
329,1055,1890,0,321
330,1056,1890,0,323
331,1057,1889,0,329
332,1056,1886,0,335
333,1056,1886,0,336
334,1057,1887,0,336
335,1056,1887,0,337
336,1056,1887,0,338
337,1057,1886,0,336
338,1055,1887,0,331
339,1055,1887,0,336
340,1055,1887,0,336
341,1056,1886,0,336
342,1057,1886,0,343
343,1056,1887,0,340
344,1055,1886,0,334
345,1055,1886,0,335
346,1055,1886,0,334
347,1054,1886,0,331
348,1054,1886,0,332
349,1054,1886,0,334
350,1053,1886,0,335
351,1054,1886,0,335
352,1054,1886,0,338
353,1054,1886,0,338
354,1054,1886,0,336
355,1054,1886,0,335
356,1054,1886,0,337
357,1054,1886,0,336
358,1053,1886,0,333
359,1052,1885,0,330
360,1052,1886,0,333
361,1052,1887,0,335
362,1052,1887,0,335
363,1052,1887,0,335
364,1051,1887,0,334
365,1052,1888,0,335
366,1052,1888,0,334
367,1053,1888,0,338
368,1052,1888,0,343
369,1054,1889,0,338
370,1055,1888,0,338
371,1055,1888,0,332
372,1055,1888,0,332
373,1055,1888,0,334
374,1055,1888,0,333
375,1055,1888,0,333
376,1056,1888,0,331
377,1055,1888,0,338
378,1055,1889,0,338
379,1055,1888,0,332
380,1055,1888,0,331
381,1055,1889,0,340
382,1055,1889,0,337
383,1055,1889,0,335
384,1056,1889,0,340
385,1056,1888,0,342
386,1056,1888,0,343
387,1056,1888,0,350
388,1056,1887,0,343
389,1056,1887,0,343
390,1055,1887,0,344
391,1055,1887,0,342
392,1053,1886,0,344
393,1055,1886,0,344
394,1055,1886,0,343
395,1054,1887,0,342
396,1055,1886,0,339
397,1055,1886,0,345
398,1056,1887,0,344
399,1058,1887,0,349
400,1058,1887,0,350
401,1058,1887,0,350
402,1058,1887,0,348
403,1057,1887,0,348
404,1056,1887,0,350
405,1054,1886,0,346
406,1054,1886,0,341
407,1054,1886,0,342
408,1055,1886,0,341
409,1055,1886,0,342
410,1055,1886,0,343
411,1056,1886,0,344
412,1056,1886,0,344
413,1057,1886,0,343
414,1056,1886,0,342
415,1056,1886,0,344
416,1056,1886,0,343
417,1056,1886,0,342
418,1056,1886,0,343
419,1055,1886,0,341
420,1056,1886,0,341
421,1057,1887,0,344
422,1056,1887,0,346
423,1056,1887,0,349
424,1057,1888,0,353
425,1058,1887,0,347
426,1058,1887,0,349
427,1056,1887,0,349
428,1056,1887,0,351
429,1056,1887,0,351
430,1058,1888,0,352
431,1058,1888,0,349
432,1056,1888,0,351
433,1056,1887,0,349
434,1055,1888,0,351
435,1054,1887,0,350
436,1054,1886,0,349
437,1054,1886,0,349
438,1054,1886,0,346
439,1054,1886,0,344
440,1054,1886,0,345
441,1054,1886,0,345
442,1054,1886,0,345
443,1053,1886,0,345
444,1054,1886,0,347
445,1054,1886,0,347
446,1054,1886,0,346
447,1054,1886,0,345
448,1054,1886,0,345
449,1053,1886,0,344
450,1054,1886,0,344
451,1054,1886,0,344
452,1054,1886,0,344
453,1054,1886,0,344
454,1054,1886,0,344
455,1054,1886,0,345
456,1054,1886,0,345
457,1054,1886,0,345
458,1054,1886,0,344
459,1054,1886,0,345
460,1053,1886,0,346
461,1053,1887,0,346
462,1053,1887,0,346
463,1052,1887,0,346
464,1053,1887,0,346
465,1053,1887,0,343
466,1053,1887,0,345
467,1053,1887,0,343
468,1052,1886,0,342
469,1052,1886,0,341
470,1053,1886,0,341
471,1054,1887,0,342
472,1054,1887,0,343
473,1054,1887,0,343
474,1054,1887,0,342
475,1054,1887,0,341
476,1054,1887,0,340
477,1054,1887,0,341
478,1054,1887,0,341
479,1054,1887,0,342
480,1054,1887,0,343
481,1053,1887,0,343
482,1053,1887,0,343
483,1054,1887,0,342
484,1054,1887,0,343
485,1054,1887,0,343
486,1054,1887,0,343
487,1054,1887,0,343
488,1054,1887,0,342
489,1053,1887,0,343
490,1053,1887,0,343
491,1053,1887,0,343
492,1053,1887,0,342
493,1053,1887,0,346
494,1053,1887,0,342
495,1053,1887,0,346
496,1053,1887,0,345
497,1053,1887,0,345
498,1052,1887,0,346
499,1052,1887,0,344
500,1052,1887,0,344
501,1053,1887,0,344
502,1052,1887,0,344
503,1053,1887,0,344
504,1052,1887,0,344
505,1052,1887,0,346
506,1052,1887,0,345
507,1052,1887,0,345
508,1052,1887,0,345
509,1052,1887,0,346
510,1052,1887,0,346
511,1052,1887,0,346
512,1052,1887,0,345
513,1052,1887,0,346
514,1052,1887,0,346
515,1052,1887,0,346
516,1052,1887,0,345
517,1053,1887,0,344
518,1053,1887,0,345
519,1053,1887,0,344
520,1053,1887,0,345
521,1052,1887,0,346
522,1052,1887,0,346
523,1052,1887,0,346
524,1053,1887,0,347
525,1053,1887,0,346
526,1053,1887,0,346
527,1053,1887,0,346
528,1053,1887,0,347
529,1053,1887,0,347
530,1053,1887,0,346
531,1053,1887,0,348
532,1053,1887,0,348
533,1053,1887,0,348
534,1053,1887,0,347
535,1053,1887,0,349
536,1053,1887,0,345
537,1053,1887,0,344
538,1053,1887,0,344
539,1053,1887,0,346
540,1052,1887,0,349
541,1053,1886,0,341
542,1052,1886,0,342
543,1052,1886,0,340
544,1053,1887,0,343
545,1054,1887,0,346
546,1053,1887,0,345
547,1051,1886,0,338
548,1051,1886,0,342
549,1052,1886,0,343
550,1052,1886,0,341
551,1052,1886,0,342
552,1052,1886,0,342
553,1052,1886,0,342
554,1052,1887,0,346
555,1053,1887,0,349
556,1052,1887,0,346
557,1053,1887,0,346
558,1053,1887,0,347
559,1052,1888,0,350
560,1052,1889,0,353
561,1051,1889,0,354
562,1050,1889,0,355
563,1049,1889,0,351
564,1049,1889,0,346
565,1049,1890,0,345
566,1049,1891,0,341
567,1049,1891,0,332
568,1048,1889,0,325
569,1048,1889,0,329
570,1047,1890,0,324
571,1047,1890,0,326
572,1048,1889,0,324
573,1048,1889,0,324
574,1048,1891,0,323
575,1048,1892,0,323
576,1049,1892,0,321
577,1049,1892,0,321
578,1049,1891,0,320
579,1049,1891,0,321
580,1051,1892,0,320
581,1049,1891,0,319
582,1049,1890,0,320
583,1050,1889,0,319
584,1051,1889,0,320
585,1051,1889,0,321
586,1051,1889,0,322
587,1051,1889,0,323
588,1051,1889,0,323
589,1052,1889,0,324
590,1051,1889,0,325
591,1052,1889,0,325
592,1052,1889,0,326
593,1053,1889,0,328
594,1052,1889,0,329
595,1052,1889,0,330
596,1052,1889,0,329
597,1051,1888,0,328
598,1052,1888,0,325
599,1051,1888,0,329
600,1052,1888,0,328
601,1052,1889,0,332
602,1052,1888,0,329
603,1051,1888,0,330
604,1052,1889,0,332
605,1052,1890,0,334
606,1053,1890,0,337
607,1053,1890,0,334
608,1052,1888,0,328
609,1052,1888,0,327
610,1052,1889,0,329
611,1052,1888,0,328
612,1052,1888,0,329
613,1052,1888,0,332
614,1052,1888,0,330
615,1052,1888,0,333
616,1052,1888,0,333
617,1052,1888,0,333
618,1052,1888,0,332
619,1052,1887,0,332
620,1051,1887,0,332
621,1052,1887,0,332
622,1052,1887,0,331
623,1052,1887,0,331
624,1052,1887,0,331
625,1052,1887,0,331
626,1052,1887,0,333
627,1052,1888,0,333
628,1052,1888,0,333
629,1052,1888,0,334
630,1053,1889,0,333
631,1053,1888,0,333
632,1052,1889,0,333
633,1052,1889,0,331
634,1052,1889,0,329
635,1051,1889,0,330
636,1051,1888,0,330
637,1051,1888,0,333
638,1051,1887,0,332
639,1049,1886,0,330
640,1050,1886,0,329
641,1050,1887,0,332
642,1051,1887,0,329
643,1051,1887,0,329
644,1049,1886,0,329
645,1049,1886,0,327
646,1052,1888,0,329
647,1052,1888,0,331
648,1051,1888,0,331
649,1051,1887,0,331
650,1051,1888,0,331
651,1051,1887,0,332
652,1052,1888,0,329
653,1052,1888,0,331
654,1052,1888,0,331
655,1051,1887,0,332
656,1051,1889,0,337
657,1052,1890,0,341
658,1052,1889,0,336
659,1052,1889,0,334
660,1052,1889,0,335
661,1051,1888,0,333
662,1051,1888,0,332
663,1051,1888,0,331
664,1051,1888,0,332
665,1050,1888,0,332
666,1050,1888,0,334
667,1050,1888,0,333
668,1050,1888,0,332
669,1051,1888,0,335
670,1051,1888,0,334
671,1052,1888,0,333
672,1052,1887,0,332
673,1053,1888,0,331
674,1053,1888,0,332
675,1053,1888,0,332
676,1053,1887,0,331
677,1053,1887,0,331
678,1053,1888,0,332
679,1053,1888,0,333
680,1053,1888,0,332
681,1054,1888,0,331
682,1053,1888,0,331
683,1053,1888,0,329
684,1053,1888,0,330
685,1053,1887,0,329
686,1053,1887,0,329
687,1053,1887,0,331
688,1053,1887,0,331
689,1053,1887,0,331
690,1053,1887,0,330
691,1053,1887,0,329
692,1053,1887,0,328
693,1053,1887,0,330
694,1053,1887,0,330
695,1054,1887,0,330
696,1054,1887,0,332
697,1053,1887,0,330
698,1053,1887,0,330
699,1053,1887,0,329
700,1053,1887,0,331
701,1053,1887,0,330
702,1053,1887,0,329
703,1053,1886,0,330
704,1053,1886,0,331
705,1052,1886,0,331
706,1053,1886,0,330
707,1052,1886,0,330
708,1052,1886,0,329
709,1052,1886,0,330
710,1053,1886,0,331
711,1053,1886,0,331
712,1053,1886,0,333
713,1053,1886,0,328
714,1053,1886,0,331
715,1053,1886,0,332
716,1053,1886,0,331
717,1053,1886,0,332
718,1053,1886,0,331
719,1053,1886,0,332
720,1054,1886,0,332
721,1053,1886,0,332
722,1054,1886,0,332
723,1054,1886,0,332
724,1054,1886,0,331
725,1054,1886,0,332
726,1053,1886,0,333
727,1054,1886,0,333
728,1053,1886,0,333
729,1054,1886,0,332
730,1054,1886,0,332
731,1053,1886,0,332
732,1054,1886,0,332
733,1054,1887,0,335
734,1055,1887,0,330
735,1055,1887,0,337
736,1056,1887,0,332
737,1056,1887,0,336
738,1056,1888,0,335
739,1056,1888,0,335
740,1055,1887,0,336
741,1054,1887,0,336
742,1054,1887,0,332
743,1053,1887,0,334
744,1053,1887,0,332
745,1052,1887,0,332
746,1052,1887,0,330
747,1053,1887,0,333
748,1052,1886,0,332
749,1052,1886,0,332
750,1053,1886,0,331
751,1052,1886,0,332
752,1052,1886,0,330
753,1052,1886,0,333
754,1053,1887,0,333
755,1053,1886,0,333
756,1053,1886,0,334
757,1053,1886,0,333
758,1053,1886,0,333
759,1053,1886,0,332
760,1053,1886,0,333
761,1053,1886,0,333
762,1053,1886,0,332
763,1053,1886,0,332
764,1053,1886,0,333
765,1053,1886,0,332
766,1054,1886,0,331
767,1053,1886,0,333
768,1054,1886,0,331
769,1054,1886,0,332
770,1054,1886,0,331
771,1053,1886,0,333
772,1054,1886,0,335
773,1053,1886,0,333
774,1054,1886,0,332
775,1053,1886,0,332
776,1054,1886,0,332
777,1054,1886,0,332
778,1054,1886,0,332
779,1054,1886,0,332
780,1053,1886,0,332
781,1053,1886,0,333
782,1053,1886,0,335
783,1053,1886,0,335
784,1053,1886,0,335
785,1053,1886,0,335
786,1053,1886,0,335
787,1053,1886,0,335
788,1052,1885,0,333
789,1053,1885,0,332
790,1053,1886,0,334
791,1053,1886,0,333
792,1054,1887,0,339
793,1054,1888,0,341
794,1052,1887,0,339
795,1052,1886,0,331
796,1051,1886,0,330
797,1052,1886,0,332
798,1052,1886,0,331
799,1052,1886,0,332
800,1052,1886,0,330
801,1051,1886,0,330
802,1052,1886,0,329
803,1051,1886,0,331
804,1051,1886,0,329
805,1051,1886,0,330
806,1052,1886,0,331
807,1053,1886,0,331
808,1053,1886,0,331
809,1052,1886,0,331
810,1052,1886,0,332
811,1053,1887,0,331
812,1052,1887,0,330
813,1053,1887,0,331
814,1052,1886,0,330
815,1053,1886,0,329
816,1053,1886,0,330
817,1053,1886,0,329
818,1053,1886,0,330
819,1053,1886,0,329
820,1053,1886,0,330
821,1053,1886,0,329
822,1053,1886,0,331
823,1052,1885,0,332
824,1052,1885,0,332
825,1052,1885,0,331
826,1052,1885,0,331
827,1053,1885,0,333
828,1052,1885,0,332
829,1053,1885,0,331
830,1053,1885,0,332
831,1053,1885,0,332
832,1053,1885,0,333
833,1053,1885,0,332
834,1053,1885,0,333
835,1053,1885,0,333
836,1053,1885,0,333
837,1053,1885,0,332
838,1053,1885,0,332
839,1053,1885,0,333
840,1054,1886,0,332
841,1053,1886,0,331
842,1053,1885,0,329
843,1053,1885,0,330
844,1053,1885,0,333
845,1053,1886,0,332
846,1052,1885,0,333
847,1053,1886,0,331
848,1053,1886,0,331
849,1053,1885,0,329
850,1053,1886,0,332
851,1053,1885,0,332
852,1053,1886,0,335
853,1054,1886,0,333
854,1053,1885,0,334
855,1053,1885,0,333
856,1054,1886,0,333
857,1054,1886,0,335
858,1054,1886,0,335
859,1054,1886,0,335
860,1054,1886,0,334
861,1053,1886,0,334
862,1053,1886,0,333
863,1054,1887,0,333
864,1054,1887,0,336
865,1053,1887,0,336
866,1053,1886,0,336
867,1053,1886,0,336
868,1053,1886,0,336
869,1053,1886,0,334
870,1053,1886,0,335
871,1053,1886,0,332
872,1053,1885,0,333
873,1054,1886,0,333
874,1053,1886,0,333
875,1053,1886,0,334
876,1054,1885,0,334
877,1054,1885,0,334
878,1054,1885,0,334
879,1054,1885,0,333
880,1054,1885,0,334
881,1054,1886,0,333
882,1054,1886,0,335
883,1053,1886,0,336
884,1054,1886,0,336
885,1053,1886,0,339
886,1054,1886,0,336
887,1054,1886,0,332
888,1054,1886,0,333
889,1054,1886,0,332
890,1054,1885,0,334
891,1053,1885,0,332
892,1053,1885,0,333
893,1053,1885,0,332
894,1054,1885,0,331
895,1054,1886,0,331
896,1055,1886,0,332
897,1055,1886,0,330
898,1055,1886,0,329
899,1055,1886,0,330
900,1051,1884,0,334
901,1050,1884,0,334
902,1051,1884,0,334
903,1053,1884,0,330
904,1051,1884,0,332
905,1050,1884,0,334
906,1052,1884,0,332
907,1052,1884,0,332
908,1053,1885,0,334
909,1053,1885,0,332
910,1053,1885,0,332
911,1053,1885,0,332
912,1052,1885,0,333
913,1053,1885,0,332
914,1053,1885,0,334
915,1053,1885,0,333
916,1053,1885,0,333
917,1053,1885,0,332
918,1053,1885,0,331
919,1052,1884,0,331
920,1052,1884,0,330
921,1052,1884,0,332
922,1053,1885,0,333
923,1053,1885,0,334
924,1053,1884,0,330
925,1053,1884,0,331
926,1053,1885,0,330
927,1052,1884,0,331
928,1052,1884,0,332
929,1053,1884,0,331
930,1054,1885,0,330
931,1054,1885,0,331
932,1053,1884,0,332
933,1054,1885,0,333
934,1053,1884,0,333
935,1053,1884,0,333
936,1055,1884,0,332
937,1055,1885,0,332
938,1054,1884,0,332
939,1054,1884,0,332
940,1054,1884,0,334
941,1054,1884,0,333
942,1055,1884,0,333
943,1055,1885,0,332
944,1055,1885,0,333
945,1055,1885,0,333
946,1054,1884,0,336
947,1054,1884,0,334
948,1054,1884,0,336
949,1054,1884,0,336
950,1054,1884,0,335
951,1054,1884,0,333
952,1054,1884,0,335
953,1054,1884,0,335
954,1054,1884,0,334
955,1054,1884,0,334
956,1055,1884,0,335
957,1054,1884,0,339
958,1053,1884,0,340
959,1053,1883,0,342
960,1053,1884,0,342
961,1052,1883,0,342
962,1052,1883,0,342
963,1052,1883,0,342
964,1052,1883,0,342
965,1051,1883,0,342
966,1051,1883,0,341
967,1052,1883,0,339
968,1052,1882,0,335
969,1052,1883,0,340
970,1052,1883,0,340
971,1053,1883,0,338
972,1053,1882,0,336
973,1053,1882,0,335
974,1053,1883,0,333
975,1052,1883,0,335
976,1053,1883,0,335
977,1052,1883,0,333
978,1052,1883,0,337
979,1052,1884,0,344
980,1054,1884,0,341
981,1054,1884,0,336
982,1054,1885,0,337
983,1053,1884,0,336
984,1054,1884,0,332
985,1053,1884,0,330
986,1052,1885,0,337
987,1051,1886,0,350
988,1051,1886,0,350
989,1052,1887,0,351
990,1054,1885,0,342
991,1054,1885,0,336
992,1054,1885,0,334
993,1054,1885,0,335
994,1054,1885,0,335
995,1054,1885,0,336
996,1054,1885,0,333
997,1054,1885,0,335
998,1054,1885,0,335
999,1054,1885,0,337
1000,1053,1885,0,337
1001,1053,1884,0,337
1002,1053,1884,0,337
1003,1054,1884,0,335
1004,1054,1885,0,337
1005,1054,1885,0,336
1006,1054,1885,0,338
1007,1054,1884,0,338
1008,1054,1884,0,336
1009,1054,1884,0,338
1010,1054,1884,0,336
1011,1054,1884,0,338
1012,1054,1884,0,336
1013,1054,1884,0,337
1014,1054,1884,0,336
1015,1053,1884,0,339
1016,1053,1884,0,337
1017,1053,1884,0,337
1018,1054,1884,0,336
1019,1054,1884,0,336
1020,1053,1884,0,338
1021,1053,1884,0,338
1022,1053,1884,0,336
1023,1053,1884,0,336
1024,1053,1884,0,337
1025,1053,1884,0,337
1026,1053,1884,0,336
1027,1053,1884,0,335
1028,1053,1884,0,335
1029,1053,1884,0,336
1030,1053,1884,0,334
1031,1053,1884,0,336
1032,1054,1884,0,335
1033,1054,1884,0,334
1034,1054,1884,0,335
1035,1054,1884,0,335
1036,1054,1884,0,336
1037,1054,1884,0,335
1038,1054,1885,0,337
1039,1054,1885,0,337
1040,1054,1885,0,338
1041,1054,1884,0,336
1042,1053,1884,0,337
1043,1053,1884,0,337
1044,1053,1884,0,338
1045,1053,1884,0,337
1046,1054,1884,0,336
1047,1054,1884,0,336
1048,1054,1884,0,335
1049,1054,1884,0,336
1050,1054,1884,0,337
1051,1054,1884,0,335
1052,1054,1884,0,336
1053,1054,1884,0,336
1054,1054,1884,0,337
1055,1053,1884,0,338
1056,1053,1884,0,337
1057,1053,1884,0,336
1058,1053,1884,0,336
1059,1053,1884,0,337
1060,1053,1884,0,336
1061,1053,1884,0,336
1062,1053,1884,0,336
1063,1053,1884,0,336
1064,1054,1884,0,336
1065,1054,1884,0,336
1066,1054,1885,0,337
1067,1054,1885,0,336
1068,1054,1884,0,334
1069,1054,1884,0,335
1070,1054,1884,0,336
1071,1054,1884,0,336
1072,1054,1885,0,337
1073,1055,1885,0,338
1074,1055,1885,0,338
1075,1054,1885,0,340
1076,1054,1885,0,342
1077,1053,1885,0,342
1078,1053,1885,0,342
1079,1053,1884,0,341
1080,1054,1885,0,339
1081,1054,1885,0,339
1082,1055,1885,0,337
1083,1055,1885,0,339
1084,1054,1885,0,340
1085,1054,1884,0,339
1086,1053,1884,0,339
1087,1054,1884,0,340
1088,1053,1884,0,341
1089,1053,1884,0,339
1090,1053,1884,0,339
1091,1054,1884,0,340
1092,1054,1884,0,340
1093,1054,1884,0,342
1094,1053,1884,0,343
1095,1053,1884,0,341
1096,1053,1885,0,343
1097,1053,1885,0,343
1098,1053,1885,0,345
1099,1053,1885,0,346
1100,1053,1884,0,342
1101,1052,1884,0,344
1102,1052,1884,0,337
1103,1052,1886,0,340
1104,1052,1885,0,341
1105,1052,1885,0,341
1106,1052,1886,0,347
1107,1053,1887,0,350
1108,1053,1887,0,350
1109,1053,1887,0,348
1110,1054,1888,0,346
1111,1053,1887,0,343
1112,1054,1886,0,340
1113,1054,1886,0,340
1114,1055,1887,0,335
1115,1055,1887,0,334
1116,1055,1886,0,332
1117,1055,1886,0,332
1118,1055,1886,0,333
1119,1056,1887,0,332
1120,1056,1886,0,332
1121,1056,1886,0,332
1122,1055,1886,0,334
1123,1056,1886,0,331
1124,1056,1885,0,333
1125,1056,1885,0,335
1126,1056,1885,0,333
1127,1057,1885,0,333
1128,1057,1885,0,332
1129,1056,1885,0,335
1130,1056,1885,0,332
1131,1056,1885,0,335
1132,1056,1884,0,331
1133,1055,1885,0,341
1134,1055,1886,0,341
1135,1055,1885,0,336
1136,1056,1886,0,338
1137,1055,1886,0,342
1138,1055,1885,0,342
1139,1055,1886,0,344
1140,1055,1885,0,346
1141,1056,1885,0,343
1142,1056,1885,0,342
1143,1055,1885,0,339
1144,1056,1885,0,339
1145,1056,1885,0,339
1146,1055,1885,0,346
1147,1056,1885,0,342
1148,1057,1886,0,340
1149,1057,1885,0,338
1150,1058,1886,0,328
1151,1060,1887,0,337
1152,1060,1888,0,2
1153,1055,1887,0,327
1154,1057,1886,0,331
1155,1056,1887,0,334
1156,1057,1887,0,334
1157,1056,1886,0,326
1158,1056,1886,0,332
1159,1057,1886,0,334
1160,1055,1886,0,335
1161,1056,1886,0,335
1162,1055,1887,0,345
1163,1056,1887,0,340
1164,1056,1888,0,340
1165,1056,1888,0,338
1166,1056,1889,0,335
1167,1056,1889,0,333
1168,1056,1888,0,334
1169,1056,1888,0,332
1170,1057,1888,0,328
1171,1057,1887,0,331
1172,1056,1887,0,331
1173,1056,1887,0,332
1174,1056,1887,0,333
1175,1056,1888,0,334
1176,1056,1888,0,334
1177,1056,1887,0,329
1178,1055,1886,0,328
1179,1056,1887,0,329
1180,1056,1887,0,333
1181,1055,1887,0,334
1182,1056,1887,0,333
1183,1055,1887,0,337
1184,1054,1887,0,342
1185,1053,1887,0,334
1186,1052,1887,0,334
1187,1053,1887,0,332
1188,1052,1887,0,330
1189,1052,1887,0,328
1190,1050,1886,0,328
1191,1049,1885,0,328
1192,1050,1885,0,328
1193,1050,1885,0,328
1194,1051,1886,0,329
1195,1052,1887,0,328
1196,1051,1886,0,328
1197,1052,1887,0,326
1198,1049,1886,0,326
1199,1052,1887,0,323
1200,1051,1887,0,324
1201,1052,1887,0,326
1202,1052,1888,0,328
1203,1053,1887,0,328
1204,1052,1887,0,329
1205,1052,1887,0,329
1206,1052,1887,0,328
1207,1052,1888,0,328
1208,1052,1887,0,326
1209,1052,1888,0,327
1210,1052,1888,0,327
1211,1051,1888,0,327
1212,1051,1888,0,327
1213,1052,1887,0,328
1214,1051,1887,0,327
1215,1051,1887,0,325
1216,1052,1886,0,326
1217,1052,1886,0,327
1218,1053,1887,0,328
1219,1053,1887,0,328
1220,1053,1886,0,327
1221,1053,1886,0,328
1222,1053,1886,0,328
1223,1053,1886,0,330
1224,1054,1886,0,327
1225,1054,1887,0,328
1226,1054,1886,0,329
1227,1054,1886,0,328
1228,1054,1886,0,327
1229,1054,1886,0,329
1230,1054,1886,0,325
1231,1053,1886,0,327
1232,1053,1885,0,324
1233,1053,1885,0,324
1234,1053,1886,0,328
1235,1053,1886,0,327
1236,1052,1886,0,328
1237,1053,1886,0,327
1238,1053,1886,0,325
1239,1053,1886,0,325
1240,1053,1886,0,325
1241,1053,1885,0,318
1242,1053,1886,0,321
1243,1053,1886,0,320
1244,1054,1887,0,324
1245,1054,1887,0,326
1246,1053,1886,0,326
1247,1054,1886,0,322
1248,1052,1886,0,328
1249,1053,1886,0,330
1250,1053,1886,0,330
1251,1053,1886,0,328
1252,1053,1886,0,328
1253,1053,1886,0,328
1254,1053,1886,0,328
1255,1053,1886,0,328
1256,1054,1886,0,329
1257,1054,1886,0,328
1258,1053,1886,0,328
1259,1054,1886,0,329
1260,1054,1886,0,329
1261,1054,1886,0,329
1262,1054,1887,0,329
1263,1054,1887,0,328
1264,1054,1887,0,328
1265,1054,1887,0,329
1266,1054,1886,0,329
1267,1054,1887,0,330
1268,1054,1887,0,329
1269,1054,1887,0,329
1270,1054,1886,0,328
1271,1054,1886,0,329
1272,1054,1886,0,328
1273,1054,1886,0,328
1274,1053,1886,0,328
1275,1053,1886,0,328
1276,1053,1886,0,328
1277,1053,1886,0,328
1278,1053,1886,0,327
1279,1054,1886,0,328
1280,1053,1886,0,328
1281,1053,1886,0,329
1282,1053,1886,0,329
1283,1054,1886,0,327
1284,1054,1886,0,328
1285,1053,1886,0,327
1286,1053,1886,0,328
1287,1053,1886,0,329
1288,1053,1886,0,328
1289,1053,1886,0,327
1290,1053,1886,0,328
1291,1053,1886,0,328
1292,1053,1886,0,328
1293,1053,1886,0,330
1294,1053,1886,0,330
1295,1052,1886,0,331
1296,1052,1886,0,330
1297,1052,1886,0,330
1298,1053,1886,0,330
1299,1053,1886,0,329
1300,1053,1886,0,329
1301,1053,1886,0,328
1302,1053,1886,0,329
1303,1053,1886,0,330
1304,1053,1886,0,331
1305,1053,1886,0,329
1306,1053,1886,0,328
1307,1053,1886,0,329
1308,1054,1886,0,330
1309,1053,1886,0,330
1310,1053,1885,0,331
1311,1053,1885,0,332
1312,1053,1885,0,329
1313,1053,1885,0,330
1314,1053,1886,0,330
1315,1053,1886,0,330
1316,1053,1886,0,330
1317,1053,1886,0,329
1318,1053,1886,0,330
1319,1053,1885,0,332
1320,1052,1885,0,331
1321,1052,1885,0,331
1322,1052,1885,0,331
1323,1051,1885,0,331
1324,1051,1885,0,330
1325,1052,1885,0,331
1326,1052,1885,0,330
1327,1052,1885,0,332
1328,1053,1885,0,331
1329,1053,1885,0,332
1330,1052,1885,0,332
1331,1053,1886,0,331
1332,1053,1886,0,333
1333,1053,1886,0,330
1334,1053,1886,0,332
1335,1053,1885,0,332
1336,1053,1885,0,330
1337,1053,1885,0,331
1338,1053,1885,0,332
1339,1054,1886,0,330
1340,1053,1886,0,331
1341,1053,1885,0,331
1342,1052,1885,0,331
1343,1053,1885,0,330
1344,1053,1885,0,332
1345,1053,1885,0,332
1346,1053,1885,0,331
1347,1053,1885,0,332
1348,1053,1885,0,332
1349,1053,1885,0,332
1350,1053,1885,0,331
1351,1053,1885,0,331
1352,1053,1885,0,332
1353,1052,1885,0,330
1354,1052,1885,0,332
1355,1052,1885,0,332
1356,1052,1885,0,332
1357,1053,1885,0,333
1358,1052,1885,0,333
1359,1052,1885,0,332
1360,1052,1885,0,332
1361,1053,1885,0,332
1362,1053,1885,0,332
1363,1053,1885,0,331
1364,1053,1885,0,333
1365,1053,1885,0,332
1366,1052,1885,0,334
1367,1052,1885,0,333
1368,1052,1885,0,333
1369,1052,1885,0,334
1370,1052,1885,0,334
1371,1052,1885,0,333
1372,1053,1885,0,333
1373,1053,1885,0,333
1374,1053,1885,0,332
1375,1053,1885,0,333
1376,1053,1885,0,332
1377,1053,1885,0,332
1378,1053,1885,0,331
1379,1053,1885,0,332
1380,1053,1885,0,332
1381,1053,1886,0,330
1382,1053,1886,0,330
1383,1053,1886,0,330
1384,1053,1886,0,330
1385,1053,1885,0,330
1386,1053,1885,0,331
1387,1053,1885,0,332
1388,1053,1886,0,330
1389,1053,1885,0,331
1390,1053,1885,0,331
1391,1053,1886,0,330
1392,1053,1886,0,330
1393,1053,1886,0,329
1394,1053,1886,0,330
1395,1053,1886,0,329
1396,1053,1886,0,329
1397,1053,1886,0,329
1398,1053,1886,0,329
1399,1054,1886,0,329
1400,1054,1886,0,328
1401,1053,1886,0,329
1402,1053,1885,0,330
1403,1053,1886,0,330
1404,1053,1886,0,330
1405,1053,1886,0,330
1406,1053,1886,0,330
1407,1053,1886,0,331
1408,1053,1886,0,332
1409,1053,1886,0,330
1410,1053,1885,0,329
1411,1053,1886,0,329
1412,1053,1886,0,331
1413,1053,1886,0,330
1414,1053,1886,0,331
1415,1053,1886,0,330
1416,1053,1886,0,331
1417,1053,1886,0,330
1418,1053,1886,0,330
1419,1053,1886,0,329
1420,1053,1886,0,331
1421,1053,1886,0,331
1422,1053,1886,0,331
1423,1053,1886,0,330
1424,1054,1886,0,329
1425,1054,1886,0,330
1426,1053,1886,0,331
1427,1054,1886,0,330
1428,1053,1886,0,331
1429,1053,1886,0,330
1430,1053,1886,0,330
1431,1053,1886,0,330
1432,1053,1886,0,330
1433,1053,1885,0,331
1434,1052,1885,0,331
1435,1052,1885,0,332
1436,1052,1885,0,332
1437,1052,1885,0,331
1438,1052,1885,0,332
1439,1052,1885,0,330
1440,1052,1885,0,331
1441,1053,1886,0,329
1442,1052,1885,0,331
1443,1052,1885,0,332
1444,1052,1885,0,332
1445,1052,1885,0,331
1446,1052,1885,0,331
1447,1052,1885,0,331
1448,1053,1886,0,330
1449,1052,1885,0,330
1450,1053,1886,0,333
1451,1053,1886,0,328
1452,1053,1886,0,330
1453,1054,1886,0,330
1454,1054,1886,0,327
1455,1054,1886,0,331
1456,1054,1886,0,331
1457,1055,1886,0,333
1458,1055,1886,0,334
1459,1053,1884,0,328
1460,1054,1885,0,331
1461,1055,1886,0,334
1462,1055,1886,0,335
1463,1055,1886,0,337
1464,1055,1886,0,337
1465,1055,1886,0,338
1466,1055,1886,0,336
1467,1054,1886,0,337
1468,1054,1886,0,335
1469,1054,1886,0,333
1470,1054,1886,0,334
1471,1054,1886,0,332
1472,1055,1886,0,332
1473,1054,1885,0,329
1474,1054,1885,0,327
1475,1055,1886,0,328
1476,1054,1886,0,329
1477,1054,1885,0,328
1478,1053,1885,0,329
1479,1054,1885,0,331
1480,1054,1886,0,333
1481,1054,1886,0,331
1482,1053,1886,0,336
1483,1052,1886,0,335
1484,1053,1885,0,330
1485,1053,1885,0,334
1486,1053,1885,0,329
1487,1053,1885,0,332
1488,1053,1887,0,344
1489,1052,1887,0,346
1490,1052,1888,0,341
1491,1052,1889,0,347
1492,1053,1888,0,342
1493,1052,1888,0,344
1494,1052,1889,0,348
1495,1053,1889,0,346
1496,1051,1889,0,350
1497,1051,1889,0,351
1498,1051,1888,0,340
1499,1052,1887,0,339
1500,1052,1887,0,340
1501,1052,1887,0,339
1502,1051,1886,0,337
1503,1051,1887,0,336
1504,1053,1887,0,335
1505,1052,1887,0,335
1506,1051,1887,0,334
1507,1051,1887,0,334
1508,1051,1886,0,334
1509,1052,1887,0,335
1510,1052,1887,0,337
1511,1053,1887,0,334
1512,1052,1887,0,328
1513,1053,1887,0,313
1514,1053,1888,0,308
1515,1053,1888,0,325
1516,1053,1888,0,340
1517,1052,1889,0,339
1518,1052,1888,0,339
1519,1052,1888,0,336
1520,1052,1888,0,335
1521,1052,1887,0,332
1522,1052,1887,0,330
1523,1052,1887,0,330
1524,1052,1887,0,333
1525,1052,1887,0,333
1526,1052,1886,0,332
1527,1052,1886,0,331
1528,1052,1887,0,333
1529,1052,1887,0,334
1530,1052,1888,0,335
1531,1052,1888,0,337
1532,1053,1888,0,334
1533,1053,1888,0,335
1534,1053,1887,0,330
1535,1053,1887,0,328
1536,1053,1887,0,331
1537,1054,1886,0,328
1538,1054,1886,0,331
1539,1052,1886,0,332
1540,1053,1886,0,331
1541,1054,1887,0,331
1542,1053,1886,0,333
1543,1053,1886,0,333
1544,1053,1886,0,332
1545,1053,1886,0,330
1546,1053,1886,0,330
1547,1054,1886,0,329
1548,1054,1886,0,329
1549,1054,1886,0,329
1550,1054,1886,0,328
1551,1053,1886,0,328
1552,1053,1886,0,329
1553,1053,1886,0,328
1554,1052,1886,0,330
1555,1053,1885,0,330
1556,1052,1885,0,331
1557,1051,1885,0,331
1558,1051,1885,0,330
1559,1051,1885,0,334
1560,1052,1885,0,334
1561,1052,1885,0,336
1562,1053,1885,0,335
1563,1054,1884,0,334
1564,1056,1884,0,332
1565,1057,1883,0,326
1566,1058,1884,0,324
1567,1058,1885,0,324
1568,1056,1885,0,332
1569,1056,1885,0,333
1570,1057,1885,0,330
1571,1056,1885,0,334
1572,1056,1885,0,334
1573,1056,1886,0,337
1574,1055,1885,0,336
1575,1055,1885,0,334
1576,1055,1885,0,335
1577,1055,1886,0,337
1578,1056,1886,0,334
1579,1056,1886,0,334
1580,1056,1886,0,335
1581,1055,1886,0,337
1582,1055,1886,0,338
1583,1055,1886,0,337
1584,1055,1886,0,338
1585,1055,1886,0,337
1586,1055,1886,0,338
1587,1055,1886,0,335
1588,1056,1886,0,336
1589,1055,1886,0,337
1590,1056,1886,0,336
1591,1055,1886,0,337
1592,1055,1886,0,335
1593,1055,1886,0,338
1594,1055,1886,0,339
1595,1054,1886,0,339
1596,1054,1885,0,337
1597,1054,1885,0,338
1598,1054,1885,0,336
1599,1053,1885,0,338
1600,1054,1885,0,336
1601,1054,1885,0,335
1602,1054,1885,0,337
1603,1054,1885,0,337
1604,1054,1885,0,337
1605,1054,1885,0,336
1606,1054,1885,0,336
1607,1054,1885,0,336
1608,1054,1885,0,334
1609,1054,1885,0,336
1610,1054,1885,0,336
1611,1055,1885,0,336
1612,1055,1885,0,336
1613,1056,1886,0,336
1614,1056,1886,0,336
1615,1056,1886,0,337
1616,1055,1886,0,339
1617,1055,1886,0,340
1618,1055,1886,0,338
1619,1053,1885,0,342
1620,1053,1885,0,342
1621,1053,1885,0,343
1622,1053,1885,0,339
1623,1053,1885,0,342
1624,1052,1885,0,343
1625,1052,1884,0,340
1626,1052,1884,0,340
1627,1051,1884,0,340
1628,1053,1885,0,334
1629,1053,1884,0,335
1630,1053,1885,0,333
1631,1053,1885,0,334
1632,1053,1885,0,336
1633,1053,1885,0,334
1634,1054,1885,0,333
1635,1054,1885,0,334
1636,1055,1885,0,333
1637,1054,1885,0,334
1638,1054,1885,0,334
1639,1055,1885,0,333
1640,1055,1885,0,334
1641,1056,1885,0,336
1642,1056,1885,0,335
1643,1055,1885,0,339
1644,1055,1885,0,336
1645,1056,1885,0,337
1646,1055,1885,0,336
1647,1055,1885,0,335
1648,1056,1885,0,335
1649,1055,1885,0,334
1650,1056,1885,0,333
1651,1056,1885,0,332
1652,1056,1885,0,333
1653,1056,1885,0,334
1654,1056,1885,0,337
1655,1055,1885,0,336
1656,1055,1885,0,334
1657,1054,1885,0,333
1658,1054,1885,0,337
1659,1054,1884,0,333
1660,1054,1884,0,337
1661,1052,1885,0,343
1662,1054,1885,0,338
1663,1054,1884,0,329
1664,1053,1884,0,332
1665,1053,1884,0,335
1666,1054,1885,0,333
1667,1055,1885,0,333
1668,1055,1885,0,335
1669,1054,1886,0,337
1670,1054,1886,0,337
1671,1055,1885,0,340
1672,1054,1886,0,340
1673,1052,1887,0,348
1674,1054,1886,0,347
1675,1055,1886,0,346
1676,1055,1886,0,341
1677,1054,1885,0,336
1678,1054,1885,0,332
1679,1054,1885,0,335
1680,1053,1885,0,335
1681,1052,1885,0,336
1682,1052,1885,0,336
1683,1054,1885,0,334
1684,1054,1885,0,335
1685,1054,1885,0,334
1686,1054,1885,0,334
1687,1054,1885,0,335
1688,1054,1885,0,334
1689,1054,1885,0,335
1690,1054,1885,0,336
1691,1054,1885,0,334
1692,1054,1885,0,334
1693,1053,1885,0,334
1694,1053,1885,0,336
1695,1053,1885,0,336
1696,1053,1885,0,337
1697,1053,1885,0,338
1698,1053,1885,0,337
1699,1053,1885,0,337
1700,1052,1885,0,339
1701,1052,1885,0,339
1702,1052,1885,0,339
1703,1052,1885,0,340
1704,1052,1885,0,339
1705,1052,1885,0,340
1706,1052,1885,0,339
1707,1052,1885,0,341
1708,1052,1885,0,340
1709,1052,1885,0,343
1710,1052,1885,0,341
1711,1052,1885,0,342
1712,1052,1885,0,342
1713,1052,1885,0,340
1714,1052,1885,0,342
1715,1051,1885,0,344
1716,1051,1884,0,344
1717,1050,1885,0,344
1718,1051,1885,0,338
1719,1051,1885,0,340
1720,1052,1885,0,339
1721,1051,1885,0,343
1722,1051,1885,0,342
1723,1051,1885,0,343
1724,1051,1885,0,341
1725,1051,1885,0,341
1726,1051,1885,0,342
1727,1052,1885,0,339
1728,1052,1885,0,339
1729,1052,1885,0,339
1730,1052,1885,0,339
1731,1052,1885,0,338
1732,1052,1884,0,340
1733,1052,1885,0,338
1734,1052,1885,0,340
1735,1052,1885,0,339
1736,1052,1885,0,341
1737,1053,1885,0,339
1738,1053,1885,0,337
1739,1054,1885,0,337
1740,1054,1885,0,333
1741,1054,1885,0,334
1742,1054,1885,0,335
1743,1054,1885,0,335
1744,1054,1885,0,335
1745,1053,1885,0,337
1746,1053,1885,0,336
1747,1052,1885,0,335
1748,1052,1885,0,336
1749,1053,1885,0,336
1750,1052,1885,0,336
1751,1052,1885,0,336
1752,1052,1885,0,337
1753,1052,1885,0,336
1754,1051,1884,0,337
1755,1052,1884,0,335
1756,1052,1884,0,335
1757,1051,1884,0,336
1758,1051,1884,0,334
1759,1052,1884,0,333
1760,1052,1884,0,335
1761,1052,1884,0,338
1762,1052,1885,0,337
1763,1052,1885,0,336
1764,1052,1884,0,335
1765,1052,1885,0,336
1766,1052,1885,0,336
1767,1052,1885,0,337
1768,1052,1885,0,338
1769,1052,1885,0,338
1770,1051,1885,0,342
1771,1052,1885,0,337
1772,1052,1884,0,337
1773,1054,1885,0,332
1774,1053,1885,0,334
1775,1054,1885,0,333
1776,1054,1885,0,334
1777,1054,1885,0,333
1778,1054,1885,0,334
1779,1054,1885,0,334
1780,1054,1885,0,334
1781,1054,1885,0,334
1782,1054,1885,0,334
1783,1054,1885,0,334
1784,1054,1885,0,333
1785,1053,1885,0,334
1786,1053,1885,0,334
1787,1053,1885,0,334
1788,1053,1885,0,334
1789,1054,1885,0,334
1790,1054,1885,0,333
1791,1053,1885,0,334
1792,1053,1884,0,335
1793,1052,1884,0,334
1794,1052,1884,0,333
1795,1052,1884,0,334
1796,1052,1884,0,334
1797,1052,1884,0,333
1798,1052,1884,0,334
1799,1052,1884,0,333
1800,1053,1885,0,334
1801,1052,1885,0,333
1802,1053,1884,0,334
1803,1052,1884,0,334
1804,1053,1885,0,334
1805,1053,1885,0,333
1806,1053,1885,0,333
1807,1053,1885,0,334
1808,1053,1885,0,335
1809,1053,1885,0,336
1810,1052,1885,0,335
1811,1053,1885,0,335
1812,1053,1885,0,335
1813,1053,1885,0,334
1814,1053,1885,0,334
1815,1053,1885,0,335
1816,1053,1885,0,334
1817,1053,1885,0,335
1818,1053,1885,0,336
1819,1053,1885,0,336
1820,1054,1885,0,334
1821,1054,1885,0,336
1822,1054,1886,0,337
1823,1054,1885,0,335
1824,1054,1885,0,336
1825,1054,1885,0,335
1826,1054,1885,0,335
1827,1054,1885,0,336
1828,1054,1885,0,336
1829,1053,1885,0,336
1830,1053,1885,0,335
1831,1053,1885,0,335
1832,1053,1885,0,336
1833,1052,1885,0,335
1834,1052,1885,0,336
1835,1052,1885,0,336
1836,1052,1885,0,335
1837,1052,1885,0,335
1838,1053,1885,0,335
1839,1053,1885,0,334
1840,1053,1885,0,334
1841,1052,1885,0,334
1842,1052,1885,0,335
1843,1052,1885,0,333
1844,1052,1885,0,333
1845,1052,1885,0,334
1846,1052,1885,0,333
1847,1052,1885,0,333
1848,1052,1885,0,332
1849,1052,1884,0,333
1850,1051,1884,0,332
1851,1052,1885,0,334
1852,1051,1884,0,333
1853,1051,1884,0,334
1854,1051,1884,0,334
1855,1052,1885,0,333
1856,1052,1884,0,333
1857,1052,1884,0,334
1858,1052,1885,0,335
1859,1052,1885,0,334
1860,1052,1885,0,335
1861,1052,1885,0,333
1862,1053,1885,0,333
1863,1053,1885,0,333
1864,1053,1885,0,334
1865,1054,1885,0,334
1866,1054,1885,0,336
1867,1053,1885,0,336
1868,1054,1885,0,336
1869,1054,1885,0,335
1870,1053,1885,0,335
1871,1053,1885,0,336
1872,1053,1885,0,335
1873,1053,1885,0,335
1874,1053,1885,0,333
1875,1053,1885,0,335
1876,1053,1885,0,333
1877,1053,1885,0,333
1878,1053,1885,0,333
1879,1053,1885,0,332
1880,1053,1885,0,333
1881,1053,1885,0,332
1882,1053,1885,0,334
1883,1052,1885,0,333
1884,1052,1885,0,335
1885,1052,1885,0,334
1886,1051,1884,0,332
1887,1051,1884,0,333
1888,1052,1885,0,333
1889,1052,1885,0,334
1890,1052,1885,0,334
1891,1052,1885,0,334
1892,1052,1885,0,334
1893,1051,1884,0,333
1894,1051,1884,0,332
1895,1052,1885,0,332
1896,1052,1885,0,333
1897,1052,1885,0,333
1898,1052,1885,0,332
1899,1052,1885,0,333
1900,1052,1885,0,333
1901,1052,1885,0,333
1902,1052,1885,0,333
1903,1053,1885,0,332
1904,1053,1885,0,333
1905,1053,1885,0,332
1906,1053,1885,0,332
1907,1053,1885,0,332
1908,1053,1885,0,333
1909,1053,1885,0,333
1910,1053,1885,0,333
1911,1053,1885,0,333
1912,1052,1885,0,333
1913,1053,1885,0,333
1914,1052,1885,0,332
1915,1052,1885,0,332
1916,1053,1885,0,333
1917,1052,1885,0,332
1918,1052,1885,0,332
1919,1052,1885,0,334
1920,1051,1885,0,334
1921,1051,1885,0,334
1922,1052,1885,0,330
1923,1052,1885,0,331
1924,1052,1885,0,332
1925,1052,1885,0,330
1926,1052,1885,0,333
1927,1052,1885,0,332
1928,1052,1885,0,332
1929,1053,1885,0,332
1930,1053,1885,0,332
1931,1053,1885,0,332
1932,1053,1885,0,333
1933,1053,1885,0,331
1934,1053,1885,0,333
1935,1053,1885,0,332
1936,1053,1885,0,332
1937,1053,1885,0,332
1938,1053,1885,0,332
1939,1053,1885,0,332
1940,1053,1885,0,333
1941,1053,1885,0,332
1942,1053,1885,0,332
1943,1053,1885,0,332
1944,1053,1885,0,332
1945,1053,1885,0,333
1946,1054,1885,0,334
1947,1054,1885,0,335
1948,1053,1885,0,335
1949,1052,1885,0,336
1950,1052,1886,0,338
1951,1054,1885,0,335
1952,1053,1883,0,316
1953,1054,1886,0,335
1954,1054,1886,0,336
1955,1053,1885,0,333
1956,1053,1885,0,332
1957,1053,1885,0,332
1958,1052,1885,0,332
1959,1052,1885,0,332
1960,1051,1885,0,333
1961,1051,1885,0,332
1962,1052,1885,0,332
1963,1052,1885,0,331
1964,1052,1885,0,332
1965,1052,1885,0,333
1966,1052,1885,0,333
1967,1052,1885,0,333
1968,1053,1885,0,332
1969,1053,1885,0,330
1970,1053,1886,0,329
1971,1053,1885,0,332
1972,1054,1885,0,333
1973,1053,1885,0,333
1974,1053,1885,0,331
1975,1052,1885,0,333
1976,1052,1885,0,333
1977,1052,1885,0,333
1978,1051,1884,0,334
1979,1051,1884,0,333
1980,1051,1885,0,333
1981,1051,1884,0,334
1982,1049,1884,0,332
1983,1049,1884,0,332
1984,1048,1884,0,331
1985,1048,1884,0,330
1986,1049,1884,0,331
1987,1050,1884,0,332
1988,1050,1884,0,331
1989,1050,1884,0,331
1990,1049,1884,0,331
1991,1049,1884,0,331
1992,1049,1884,0,331
1993,1049,1884,0,330
1994,1048,1884,0,330
1995,1048,1884,0,329
1996,1048,1884,0,329
1997,1048,1884,0,329
1998,1047,1884,0,329
1999,1047,1884,0,328
2000,1046,1884,0,327
2001,1046,1884,0,328
2002,1046,1884,0,328
2003,1045,1883,0,327
2004,1044,1883,0,328
2005,1046,1884,0,330
2006,1047,1885,0,331
2007,1049,1885,0,334
2008,1048,1885,0,329
2009,1048,1885,0,330
2010,1049,1885,0,330
2011,1048,1885,0,330
2012,1049,1885,0,329
2013,1048,1885,0,330
2014,1047,1884,0,329
2015,1048,1885,0,326
2016,1047,1885,0,327
2017,1048,1885,0,327
2018,1048,1885,0,325
2019,1049,1886,0,328
2020,1049,1886,0,327
2021,1049,1885,0,328
2022,1050,1886,0,327
2023,1050,1886,0,326
2024,1050,1886,0,325
2025,1050,1886,0,326
2026,1050,1886,0,325
2027,1050,1886,0,326
2028,1049,1886,0,326
2029,1049,1886,0,326
2030,1050,1886,0,325
2031,1049,1886,0,326
2032,1049,1885,0,326
2033,1049,1885,0,326
2034,1049,1885,0,326
2035,1049,1886,0,326
2036,1048,1885,0,325
2037,1048,1885,0,326
2038,1048,1885,0,326
2039,1047,1884,0,329
2040,1052,1887,0,326
2041,1051,1886,0,325
2042,1052,1886,0,323
2043,1053,1886,0,326
2044,1054,1887,0,328
2045,1053,1887,0,331
2046,1053,1887,0,328
2047,1054,1887,0,329
2048,1053,1887,0,327
2049,1054,1887,0,329
2050,1054,1887,0,332
2051,1052,1886,0,333
2052,1052,1886,0,334
2053,1053,1887,0,334
2054,1053,1887,0,337
2055,1052,1886,0,334
2056,1052,1886,0,336
2057,1051,1885,0,334
2058,1050,1884,0,331
2059,1053,1886,0,333
2060,1054,1887,0,332
2061,1055,1889,0,332
2062,1055,1889,0,330
2063,1055,1889,0,329
2064,1054,1887,0,332
2065,1054,1886,0,331
2066,1053,1886,0,331
2067,1053,1886,0,333
2068,1053,1886,0,335
2069,1052,1885,0,334
2070,1052,1885,0,331
2071,1052,1886,0,332
2072,1053,1886,0,330
2073,1053,1886,0,331
2074,1053,1886,0,329
2075,1053,1886,0,329
2076,1053,1886,0,329
2077,1053,1886,0,330
2078,1053,1886,0,329
2079,1053,1886,0,329
2080,1053,1886,0,329
2081,1053,1886,0,329
2082,1053,1886,0,330
2083,1053,1886,0,329
2084,1053,1886,0,329
2085,1052,1886,0,329
2086,1052,1886,0,329
2087,1052,1886,0,328
2088,1052,1885,0,331
2089,1052,1885,0,330
2090,1052,1886,0,329
2091,1052,1885,0,330
2092,1052,1885,0,331
2093,1052,1885,0,329
2094,1052,1885,0,331
2095,1052,1886,0,330
2096,1052,1885,0,329
2097,1052,1885,0,331
2098,1052,1886,0,331
2099,1052,1886,0,333
2100,1052,1885,0,331
2101,1052,1885,0,331
2102,1052,1885,0,331
2103,1052,1885,0,332
2104,1052,1885,0,330
2105,1052,1885,0,330
2106,1052,1885,0,331
2107,1052,1885,0,331
2108,1052,1885,0,331
2109,1052,1885,0,330
2110,1052,1885,0,329
2111,1052,1885,0,330
2112,1053,1886,0,330
2113,1053,1886,0,331
2114,1053,1885,0,330
2115,1052,1885,0,331
2116,1052,1885,0,331
2117,1052,1885,0,331
2118,1052,1885,0,331
2119,1053,1886,0,333
2120,1053,1886,0,331
2121,1053,1885,0,330
2122,1053,1885,0,331
2123,1053,1885,0,331
2124,1052,1885,0,330
2125,1053,1885,0,331
2126,1053,1885,0,332
2127,1053,1885,0,332
2128,1053,1885,0,332
2129,1053,1885,0,331
2130,1053,1885,0,332
2131,1053,1885,0,332
2132,1053,1886,0,332
2133,1053,1886,0,333
2134,1053,1886,0,334
2135,1053,1886,0,336
2136,1053,1886,0,337
2137,1054,1887,0,338
2138,1053,1886,0,337
2139,1053,1886,0,338
2140,1053,1885,0,333
2141,1053,1886,0,336
2142,1053,1886,0,338
2143,1053,1885,0,336
2144,1052,1884,0,333
2145,1052,1884,0,331
2146,1051,1885,0,341
2147,1051,1885,0,343
2148,1051,1886,0,342
2149,1051,1886,0,350
2150,1051,1886,0,351
2151,1052,1885,0,323
2153,1052,1887,0,340
2154,1054,1885,0,313
2155,1052,1887,0,340
2156,1051,1887,0,346
2157,1051,1887,0,348
2158,1054,1888,0,352
2159,1054,1886,0,337
2160,1052,1887,0,353
2161,1053,1886,0,354
2162,1054,1885,0,352
2163,1054,1885,0,355
2164,1052,1884,0,5
2165,1054,1886,0,358
2166,1056,1885,0,354
2167,1057,1885,0,354
2168,1058,1884,0,355
2169,1056,1883,0,353
2170,1055,1882,0,356
2171,1054,1882,0,1
2172,1054,1882,0,2
2173,1054,1882,0,3
2174,1055,1882,0,3
2175,1055,1881,0,6
2176,1055,1880,0,7
2177,1055,1880,0,7
2178,1055,1880,0,7
2179,1056,1880,0,8
2180,1055,1880,0,9
2181,1056,1880,0,10
2182,1056,1880,0,9
2183,1055,1880,0,10
2184,1055,1879,0,11
2185,1055,1879,0,10
2186,1055,1880,0,10
2187,1055,1880,0,10
2188,1055,1880,0,12
2189,1055,1880,0,11
2190,1055,1879,0,11
2191,1056,1879,0,10
2192,1055,1880,0,10
2193,1055,1879,0,7
2194,1058,1879,0,11
2195,1055,1879,0,13
2196,1054,1879,0,14
2197,1053,1880,0,14
2198,1055,1879,0,10
2199,1056,1879,0,9
2200,1056,1879,0,10
2201,1056,1879,0,13
2202,1056,1880,0,13
2203,1056,1879,0,11
2204,1056,1879,0,11
2205,1055,1879,0,10
2206,1055,1879,0,10
2207,1055,1879,0,10
2208,1055,1879,0,10
2209,1055,1879,0,10
2210,1055,1879,0,9
2211,1055,1879,0,11
2212,1055,1879,0,10
2213,1055,1879,0,11
2214,1055,1880,0,11
2215,1055,1879,0,11
2216,1054,1879,0,8
2217,1055,1880,0,13
2218,1055,1879,0,10
2219,1055,1880,0,13
2220,1054,1879,0,10
2221,1054,1879,0,9
2222,1055,1880,0,10
2223,1055,1880,0,12
2224,1055,1880,0,11
2225,1055,1880,0,11
2226,1055,1880,0,11
2227,1055,1880,0,11
2228,1055,1880,0,12
2229,1055,1879,0,9
2230,1055,1880,0,11
2231,1055,1880,0,10
2232,1054,1880,0,12
2233,1054,1880,0,10
2234,1054,1880,0,13
2235,1054,1880,0,14
2236,1055,1879,0,8
2237,1055,1879,0,9
2238,1055,1880,0,12
2239,1055,1880,0,10
2240,1056,1879,0,10
2241,1056,1879,0,9
2242,1057,1879,0,9
2243,1057,1879,0,10
2244,1056,1879,0,9
2245,1056,1879,0,10
2246,1056,1879,0,10
2247,1056,1878,0,11
2248,1056,1879,0,10
2249,1056,1879,0,10
2250,1056,1879,0,10
2251,1055,1879,0,10
2252,1055,1879,0,9
2253,1055,1879,0,10
2254,1055,1879,0,9
2255,1055,1879,0,10
2256,1055,1879,0,11
2257,1055,1879,0,12
2258,1056,1879,0,11
2259,1056,1879,0,11
2260,1056,1878,0,10
2261,1056,1878,0,10
2262,1056,1878,0,10
2263,1056,1879,0,13
2264,1056,1879,0,13
2265,1056,1879,0,12
2266,1056,1879,0,16
2267,1056,1879,0,19
2268,1056,1879,0,17
2269,1057,1879,0,17
2270,1056,1879,0,16
2271,1056,1879,0,14
2272,1056,1879,0,15
2273,1056,1879,0,14
2274,1057,1878,0,13
2275,1057,1878,0,12
2276,1056,1879,0,15
2277,1056,1879,0,18
2278,1056,1879,0,18
2279,1056,1878,0,19
2280,1056,1878,0,19
2281,1057,1877,0,18
2282,1057,1878,0,17
2283,1056,1878,0,16
2284,1057,1878,0,17
2285,1057,1878,0,24
2286,1056,1877,0,24
2287,1056,1876,0,26
2288,1056,1876,0,29
2289,1056,1875,0,30
2290,1056,1875,0,30
2291,1055,1875,0,34
2292,1054,1876,0,36
2293,1054,1876,0,36
2294,1053,1876,0,38
2295,1053,1876,0,38
2296,1053,1877,0,38
2297,1053,1877,0,40
2298,1052,1877,0,42
2299,1052,1877,0,44
2300,1052,1877,0,46
2301,1052,1876,0,42
2302,1052,1876,0,40
2303,1053,1875,0,42
2304,1053,1875,0,43
2305,1052,1876,0,43
2306,1052,1876,0,47
2307,1053,1876,0,45
2308,1053,1875,0,43
2309,1052,1875,0,40
2310,1053,1875,0,41
2311,1052,1875,0,40
2312,1052,1875,0,44
2313,1052,1876,0,42
2314,1053,1876,0,47
2315,1053,1876,0,41
2316,1055,1876,0,42
2317,1056,1876,0,42
2318,1056,1876,0,41
2319,1060,1875,0,39
2325,1058,1878,0,25
2326,1060,1876,0,30
2327,1059,1875,0,29
2328,1058,1877,0,32
2329,1056,1877,0,30
2330,1057,1878,0,29
2331,1058,1878,0,24
2332,1058,1879,0,21
2333,1056,1883,0,14
2334,1056,1883,0,11
2335,1057,1883,0,4
2336,1056,1885,0,9
2337,1056,1885,0,13
2338,1055,1885,0,13
2339,1056,1883,0,8
2340,1056,1884,0,9
2341,1056,1884,0,20
2342,1056,1885,0,22
2344,1056,1882,0,14
2345,1059,1883,0,40
2346,1060,1880,0,31
2348,1058,1878,0,19
2349,1057,1879,0,25
2350,1057,1878,0,27
2351,1057,1877,0,31
2352,1057,1877,0,31
2353,1056,1876,0,31
2354,1056,1877,0,32
2355,1056,1876,0,33
2356,1056,1877,0,35
2357,1058,1875,0,31
2358,1055,1876,0,31
2359,1054,1876,0,33
2360,1055,1876,0,33
2361,1054,1876,0,33
2362,1055,1876,0,33
2363,1055,1876,0,39
2364,1056,1877,0,46
2365,1056,1876,0,43
2366,1059,1874,0,45
2367,1058,1875,0,42
2368,1058,1875,0,44
2369,1059,1874,0,42
2370,1060,1875,0,45
2371,1060,1876,0,46
2372,1061,1874,0,42
2373,1059,1874,0,39
2374,1058,1876,0,42
2375,1056,1878,0,42
2376,1056,1876,0,37
2377,1055,1876,0,37
2378,1055,1876,0,37
2379,1055,1877,0,40
2380,1054,1878,0,41
2381,1054,1877,0,39
2382,1054,1878,0,41
2383,1054,1877,0,37
2384,1054,1877,0,36
2385,1054,1877,0,38
2386,1054,1877,0,37
2387,1053,1877,0,36
2388,1053,1877,0,38
2389,1053,1878,0,38
2390,1053,1877,0,38
2391,1054,1877,0,37
2392,1054,1877,0,38
2393,1054,1877,0,39
2394,1054,1877,0,37
2395,1053,1877,0,39
2396,1053,1877,0,37
2397,1053,1876,0,35
2398,1053,1877,0,36
2399,1053,1877,0,35
2400,1053,1877,0,35
2401,1053,1877,0,38
2402,1054,1877,0,38
2403,1053,1877,0,38
2404,1053,1877,0,36
2405,1053,1877,0,35
2406,1053,1877,0,32
2407,1053,1877,0,32
2408,1054,1877,0,33
2409,1054,1876,0,34
2410,1057,1875,0,35
2411,1058,1874,0,35
2412,1056,1875,0,36
2413,1056,1876,0,36
2414,1055,1877,0,35
2415,1059,1874,0,33
2416,1054,1879,0,37
2417,1054,1879,0,39
2418,1054,1879,0,37
2419,1053,1878,0,33
2420,1053,1878,0,33
2421,1053,1878,0,29
2422,1053,1879,0,34
2423,1052,1879,0,28
2424,1052,1879,0,20
2425,1051,1881,0,12
2426,1049,1881,0,8
2427,1049,1881,0,15
2428,1050,1880,0,20
2429,1049,1880,0,24
2430,1049,1880,0,26
2431,1049,1880,0,25
2432,1048,1880,0,26
2433,1051,1879,0,26
2434,1054,1877,0,31
2435,1055,1876,0,32
2436,1054,1877,0,32
2437,1053,1876,0,32
2438,1054,1875,0,30
2439,1054,1876,0,32
2440,1054,1876,0,31
2441,1054,1876,0,32
2442,1055,1877,0,31
2443,1054,1877,0,29
2444,1055,1876,0,28
2445,1054,1877,0,30
2446,1056,1875,0,32
2447,1057,1876,0,34
2448,1056,1876,0,36
2449,1054,1877,0,36
2450,1055,1877,0,37
2451,1054,1877,0,35
2452,1056,1877,0,34
2453,1059,1875,0,35
2454,1057,1876,0,34
2455,1057,1876,0,35
2456,1055,1877,0,35
2457,1055,1877,0,34
2458,1054,1877,0,35
2459,1055,1877,0,34
2460,1054,1876,0,34
2461,1054,1877,0,35
2462,1054,1876,0,37
2463,1055,1875,0,38
2464,1055,1875,0,38
2465,1055,1875,0,39
2466,1055,1875,0,40
2467,1055,1875,0,39
2468,1053,1878,0,39
2469,1055,1876,0,40
2470,1053,1877,0,38
2471,1053,1877,0,36
2472,1054,1876,0,35
2473,1054,1876,0,35
2474,1053,1877,0,35
2475,1053,1877,0,36
2476,1053,1877,0,36
2477,1053,1876,0,36
2478,1054,1875,0,37
2479,1055,1875,0,37
2480,1053,1877,0,35
2481,1053,1877,0,34
2482,1053,1877,0,35
2483,1053,1877,0,35
2484,1053,1877,0,35
2485,1053,1877,0,35
2486,1053,1876,0,36
2487,1054,1876,0,35
2488,1057,1875,0,34
2489,1057,1874,0,34
2490,1057,1875,0,34
2491,1055,1875,0,34
2492,1054,1876,0,33
2493,1053,1877,0,34
2494,1053,1877,0,35
2495,1053,1876,0,35
2496,1054,1876,0,34
2497,1053,1876,0,35
2498,1053,1876,0,35
2499,1053,1876,0,35
2500,1053,1876,0,36
2501,1052,1877,0,40
2502,1053,1876,0,43
2503,1052,1876,0,41
2504,1052,1876,0,44
2505,1052,1876,0,49
2506,1052,1875,0,45
2507,1052,1875,0,46
2508,1052,1875,0,45
2509,1053,1875,0,47
2510,1053,1874,0,45
2511,1052,1876,0,48
2512,1053,1876,0,50
2513,1052,1878,0,53
2514,1052,1878,0,53
2515,1052,1877,0,55
2516,1052,1876,0,52
2517,1052,1874,0,42
2518,1053,1874,0,40
2519,1052,1874,0,40
2520,1051,1875,0,38
2521,1051,1875,0,43
2522,1051,1875,0,39
2523,1052,1874,0,37
2524,1052,1874,0,38
2525,1052,1874,0,37
2526,1052,1875,0,39
2527,1052,1875,0,37
2528,1051,1875,0,40
2529,1051,1875,0,39
2530,1051,1875,0,39
2531,1052,1874,0,39
2532,1052,1874,0,38
2533,1052,1874,0,39
2534,1052,1874,0,40
2535,1052,1874,0,40
2536,1051,1875,0,42
2537,1052,1874,0,41
2538,1052,1874,0,40
2539,1052,1875,0,38
2540,1052,1875,0,34
2541,1053,1875,0,32
2542,1054,1876,0,34
2543,1053,1875,0,34
2544,1053,1875,0,34
2545,1053,1876,0,33
2546,1053,1875,0,33
2547,1053,1875,0,32
2548,1054,1875,0,33
2549,1053,1875,0,34
2550,1053,1875,0,34
2551,1053,1875,0,33
2552,1053,1875,0,33
2553,1053,1875,0,35
2554,1053,1875,0,34
2555,1052,1876,0,35
2556,1052,1875,0,35
2557,1052,1875,0,35
2558,1052,1875,0,35
2559,1052,1875,0,35
2560,1052,1875,0,35
2561,1053,1875,0,35
2562,1052,1875,0,35
2563,1053,1875,0,36
2564,1052,1875,0,36
2565,1053,1875,0,38
2566,1053,1875,0,38
2567,1052,1875,0,38
2568,1052,1875,0,38
2569,1052,1875,0,37
2570,1052,1875,0,37
2571,1053,1875,0,36
2572,1053,1875,0,37
2573,1053,1875,0,37
2574,1053,1875,0,38
2575,1052,1875,0,38
2576,1052,1876,0,36
2577,1051,1876,0,35
2578,1051,1876,0,37
2579,1051,1876,0,37
2580,1051,1877,0,39
2581,1051,1877,0,42
2582,1051,1877,0,42
2583,1052,1876,0,42
2584,1052,1876,0,42
2585,1052,1876,0,43
2586,1051,1876,0,46
2587,1051,1876,0,44
2588,1052,1876,0,47
2589,1052,1875,0,47
2590,1052,1876,0,50
2591,1052,1875,0,49
2592,1052,1876,0,47
2593,1053,1875,0,47
2594,1052,1875,0,48
2595,1052,1874,0,46
2596,1052,1874,0,49
2597,1050,1875,0,58
2598,1049,1876,0,66
2599,1049,1877,0,67
2600,1048,1875,0,58
2601,1048,1873,0,52
2602,1045,1875,0,63
2603,1046,1875,0,67
2604,1045,1875,0,73
2605,1045,1874,0,78
2606,1045,1873,0,70
2607,1044,1873,0,65
2608,1046,1872,0,69
2609,1046,1874,0,69
2610,1044,1872,0,71
2611,1046,1871,0,57
2612,1046,1872,0,64
2613,1044,1874,0,74
2614,1043,1875,0,75
2615,1043,1875,0,71
2616,1041,1877,0,74
2617,1042,1878,0,76
2618,1043,1877,0,75
2619,1043,1877,0,76
2620,1044,1877,0,76
2621,1044,1875,0,76
2622,1044,1877,0,80
2623,1044,1878,0,82
2624,1044,1877,0,81
2625,1044,1877,0,82
2626,1044,1875,0,81
2627,1044,1875,0,80
2628,1044,1874,0,78
2629,1044,1873,0,77
2630,1043,1873,0,76
2631,1043,1872,0,75
2632,1043,1873,0,77
2633,1044,1874,0,78
2634,1044,1876,0,83
2635,1044,1873,0,84
2636,1044,1875,0,81
2637,1044,1875,0,82
2638,1045,1876,0,74
2639,1046,1876,0,68
2640,1045,1877,0,66
2641,1045,1877,0,67
2642,1044,1878,0,67
2643,1044,1879,0,72
2644,1043,1878,0,72
2645,1043,1876,0,73
2646,1044,1875,0,76
2647,1044,1874,0,76
2648,1043,1873,0,73
2649,1043,1872,0,71
2650,1043,1873,0,75
2651,1043,1874,0,76
2652,1044,1875,0,75
2653,1044,1877,0,75
2654,1044,1877,0,73
2655,1044,1878,0,69
2656,1043,1878,0,69
2657,1043,1878,0,70
2658,1044,1877,0,67
2659,1044,1876,0,65
2660,1045,1875,0,63
2661,1045,1875,0,63
2662,1045,1875,0,61
2663,1047,1874,0,57
2664,1047,1875,0,57
2665,1047,1875,0,53
2666,1049,1875,0,46
2667,1051,1875,0,42
2668,1051,1876,0,38
2669,1051,1876,0,35
2670,1051,1876,0,35
2671,1051,1877,0,35
2672,1053,1877,0,32
2673,1053,1877,0,28
2674,1052,1877,0,25
2675,1052,1877,0,24
2676,1053,1877,0,24
2677,1052,1878,0,19
2678,1054,1879,0,19
2679,1054,1880,0,21
2680,1054,1879,0,19
2681,1054,1881,0,15
2682,1054,1882,0,10
2683,1058,1882,0,8
2684,1057,1883,0,20
2686,1055,1886,0,352
2687,1053,1887,0,353
2688,1053,1887,0,338
2689,1053,1888,0,342
2690,1051,1889,0,353
2691,1052,1889,0,351
2692,1055,1890,0,349
2693,1056,1890,0,348
2694,1056,1890,0,337
2695,1057,1891,0,339
2696,1057,1891,0,338
2697,1058,1891,0,342
2698,1057,1890,0,345
2699,1057,1890,0,349
2700,1056,1890,0,349
2701,1057,1890,0,351
2702,1057,1889,0,349
2703,1058,1890,0,351
2704,1056,1890,0,348
2705,1056,1890,0,346
2706,1058,1890,0,343
2707,1057,1890,0,342
2708,1059,1891,0,348
2709,1059,1890,0,350
2710,1058,1890,0,347
2711,1059,1890,0,348
2712,1060,1890,0,348
2713,1063,1890,0,352
2714,1056,1890,0,357
2715,1054,1889,0,353
2716,1055,1889,0,352
2717,1056,1889,0,352
2718,1056,1890,0,355
2719,1057,1890,0,354
2720,1059,1889,0,348
2721,1058,1889,0,350
2722,1057,1887,0,345
2723,1056,1886,0,343
2724,1056,1886,0,340
2725,1058,1887,0,344
2726,1056,1886,0,339
2727,1059,1887,0,343
2728,1057,1887,0,343
2729,1057,1887,0,344
2730,1061,1888,0,346
2731,1063,1889,0,348
2732,1055,1888,0,343
2733,1054,1888,0,347
2734,1053,1888,0,343
2735,1053,1887,0,340
2736,1053,1887,0,342
2737,1055,1887,0,333
2738,1055,1886,0,333
2739,1055,1885,0,331
2740,1055,1886,0,332
2741,1055,1885,0,327
2742,1055,1885,0,327
2743,1055,1886,0,328
2744,1055,1886,0,329
2745,1056,1886,0,330
2746,1056,1886,0,332
2747,1056,1887,0,335
2748,1056,1886,0,332
2749,1056,1886,0,331
2750,1056,1887,0,331
2751,1056,1886,0,331
2752,1056,1887,0,329
2753,1055,1888,0,334
2754,1056,1888,0,340
2755,1055,1889,0,343
2756,1055,1890,0,345
2757,1055,1889,0,335
2758,1054,1889,0,334
2759,1053,1889,0,333
2760,1053,1889,0,332
2761,1053,1889,0,332
2762,1053,1889,0,332
2763,1053,1889,0,333
2764,1053,1889,0,332
2765,1053,1890,0,331
2766,1054,1890,0,331
2767,1054,1890,0,330
2768,1053,1890,0,327
2769,1052,1889,0,326
2770,1052,1888,0,320
2771,1052,1889,0,319
2772,1052,1889,0,322
2773,1053,1890,0,323
2774,1052,1890,0,324
2775,1052,1889,0,323
2776,1053,1889,0,321
2777,1053,1890,0,318
2778,1053,1890,0,320
2779,1053,1889,0,320
2780,1053,1889,0,323
2781,1052,1888,0,321
2782,1052,1889,0,320
2783,1052,1889,0,319
2784,1053,1889,0,314
2785,1052,1889,0,321
2786,1053,1890,0,316
2787,1052,1890,0,321
2788,1051,1890,0,323
2789,1053,1890,0,319
2790,1053,1889,0,319
2791,1052,1889,0,323
2792,1052,1888,0,322
2793,1051,1888,0,321
2794,1052,1889,0,320
2795,1053,1889,0,322
2796,1052,1890,0,320
2797,1051,1890,0,319
2798,1051,1890,0,316
2799,1050,1890,0,313
2800,1050,1890,0,312
2801,1050,1890,0,310
2802,1050,1891,0,306
2803,1050,1890,0,307
2804,1050,1890,0,306
2805,1050,1891,0,307
2806,1050,1891,0,305
2807,1050,1891,0,305
2808,1050,1891,0,305
2809,1050,1891,0,303
2810,1050,1891,0,305
2811,1050,1891,0,305
2812,1050,1891,0,302
2813,1050,1891,0,303
2814,1050,1891,0,302
2815,1049,1890,0,305
2816,1050,1889,0,306
2817,1050,1889,0,306
2818,1050,1889,0,303
2819,1050,1889,0,301
2820,1051,1889,0,302
2821,1051,1889,0,303
2822,1051,1889,0,304
2823,1051,1890,0,305
2824,1051,1890,0,302
2825,1051,1890,0,302
2826,1051,1890,0,302
2827,1051,1890,0,302
2828,1051,1890,0,304
2829,1051,1891,0,303
2830,1051,1891,0,303
2831,1052,1891,0,303
2832,1052,1889,0,308
2833,1052,1889,0,305
2834,1052,1889,0,302
2835,1052,1890,0,300
2836,1052,1889,0,298
2837,1052,1889,0,300
2838,1052,1888,0,301
2839,1051,1887,0,303
2840,1051,1888,0,302
2841,1052,1888,0,300
2842,1052,1888,0,295
2843,1054,1888,0,295
2844,1054,1887,0,303
2845,1054,1886,0,308
2846,1055,1887,0,308
2847,1055,1887,0,310
2848,1055,1886,0,316
2849,1055,1886,0,320
2850,1055,1886,0,318
2851,1055,1886,0,320
2852,1054,1886,0,318
2853,1054,1887,0,309
2854,1054,1888,0,307
2855,1053,1888,0,308
2856,1054,1887,0,308
2857,1054,1887,0,302
2858,1054,1888,0,301
2859,1053,1888,0,310
2860,1054,1888,0,303
2861,1053,1887,0,300
2862,1053,1886,0,300
2863,1053,1887,0,300
2864,1053,1888,0,304
2865,1052,1888,0,307
2866,1052,1888,0,308
2867,1052,1888,0,310
2868,1053,1888,0,311
2869,1053,1888,0,310
2870,1053,1888,0,311
2871,1053,1889,0,311
2872,1053,1888,0,312
2873,1054,1889,0,310
2874,1053,1888,0,311
2875,1052,1888,0,311
2876,1052,1888,0,312
2877,1052,1888,0,313
2878,1052,1888,0,311
2879,1052,1889,0,310
2880,1052,1889,0,309
2881,1052,1889,0,310
2882,1052,1888,0,309
2883,1051,1888,0,305
2884,1051,1888,0,303
2885,1051,1888,0,303
2886,1051,1888,0,305
2887,1051,1888,0,305
2888,1051,1888,0,304
2889,1051,1888,0,307
2890,1051,1888,0,306
2891,1052,1888,0,305
2892,1052,1888,0,303
2893,1052,1889,0,309
2894,1051,1890,0,313
2895,1052,1889,0,309
2896,1052,1890,0,311
2897,1052,1890,0,309
2898,1052,1889,0,306
2899,1052,1889,0,305
2900,1052,1889,0,305
2901,1052,1889,0,306
2902,1052,1889,0,305
2903,1052,1890,0,309
2904,1052,1891,0,309
2905,1053,1891,0,310
2906,1054,1891,0,302
2907,1053,1890,0,301
2908,1054,1891,0,302
2909,1053,1890,0,307
2910,1052,1890,0,306
2911,1053,1890,0,312
2912,1053,1891,0,310
2913,1053,1891,0,312
2914,1053,1890,0,310
2915,1053,1891,0,310
2916,1053,1890,0,309
2917,1053,1891,0,308
2918,1053,1891,0,308
2919,1053,1891,0,310
2920,1053,1892,0,312
2921,1054,1892,0,308
2922,1053,1892,0,310
2923,1053,1892,0,310
2924,1053,1891,0,308
2925,1053,1891,0,308
2926,1053,1891,0,309
2927,1053,1892,0,311
2928,1053,1892,0,310
2929,1053,1893,0,312
2930,1053,1892,0,314
2931,1052,1892,0,306
2932,1052,1892,0,303
2933,1051,1893,0,306
2934,1051,1892,0,306
2935,1050,1892,0,314
2936,1050,1893,0,320
2937,1052,1894,0,325
2938,1053,1895,0,324
2939,1055,1895,0,307
2940,1054,1893,0,305
2941,1054,1892,0,304
2942,1054,1892,0,302
2943,1054,1892,0,305
2944,1053,1891,0,304
2945,1053,1890,0,302
2946,1052,1889,0,300
2947,1052,1888,0,298
2948,1052,1888,0,298
2949,1051,1888,0,298
2950,1051,1888,0,302
2951,1051,1889,0,303
2952,1051,1889,0,304
2953,1051,1889,0,306
2954,1050,1889,0,308
2955,1050,1888,0,307
2956,1050,1888,0,307
2957,1050,1887,0,307
2958,1050,1887,0,307
2959,1050,1888,0,307
2960,1050,1888,0,307
2961,1050,1889,0,308
2962,1050,1889,0,308
2963,1051,1889,0,307
2964,1051,1889,0,306
2965,1051,1889,0,306
2966,1051,1890,0,306
2967,1051,1889,0,307
2968,1051,1889,0,306
2969,1050,1889,0,306
2970,1051,1889,0,307
2971,1051,1889,0,307
2972,1051,1889,0,307
2973,1051,1889,0,306
2974,1051,1889,0,305
2975,1051,1889,0,307
2976,1051,1889,0,307
2977,1052,1889,0,310
2978,1053,1888,0,315
2979,1052,1887,0,315
2980,1053,1887,0,317
2981,1054,1887,0,315
2982,1055,1886,0,319
2983,1057,1886,0,322
2984,1058,1886,0,325
2985,1059,1886,0,326
2986,1060,1887,0,323
2987,1060,1888,0,322
2988,1060,1888,0,319
2989,1062,1889,0,316
2990,1062,1890,0,316
2991,1063,1890,0,317
2992,1063,1891,0,315
2993,1062,1892,0,319
2994,1063,1893,0,320
2995,1063,1893,0,320
2996,1064,1894,0,322
2997,1064,1895,0,323
2998,1064,1896,0,319
2999,1064,1897,0,320
