0,416,1492,0,6
1,416,1496,0,9
2,416,1497,0,13
3,417,1498,0,11
4,415,1495,0,351
5,416,1490,0,344
6,416,1489,0,346
7,413,1490,0,344
8,408,1484,0,334
9,405,1483,0,331
10,407,1482,0,336
11,408,1481,0,338
12,405,1480,0,335
13,404,1478,0,334
14,405,1478,0,334
15,404,1476,0,336
16,404,1475,0,338
17,404,1473,0,339
18,403,1471,0,341
19,401,1470,0,338
20,402,1470,0,341
21,401,1469,0,338
22,399,1468,0,341
23,398,1467,0,342
24,398,1467,0,344
25,398,1468,0,345
26,397,1466,0,342
27,397,1466,0,342
28,399,1466,0,340
29,398,1466,0,339
30,398,1466,0,342
31,398,1466,0,345
32,397,1466,0,344
33,396,1466,0,346
34,397,1467,0,345
35,397,1467,0,346
36,397,1468,0,345
37,398,1470,0,342
38,398,1470,0,345
39,398,1469,0,345
40,398,1468,0,340
41,398,1468,0,342
42,398,1467,0,342
43,397,1467,0,344
44,398,1469,0,349
45,399,1468,0,346
46,401,1468,0,341
47,404,1468,0,340
48,407,1467,0,338
49,406,1467,0,339
50,406,1468,0,342
51,402,1468,0,342
52,401,1468,0,341
53,401,1468,0,344
54,404,1471,0,347
55,405,1471,0,347
56,404,1470,0,349
57,404,1469,0,347
58,404,1468,0,347
59,403,1468,0,347
60,402,1468,0,346
61,401,1469,0,347
62,402,1468,0,349
63,401,1467,0,346
64,403,1467,0,345
65,403,1467,0,345
66,403,1467,0,343
67,403,1466,0,346
68,403,1464,0,347
69,404,1464,0,348
70,402,1464,0,346
71,401,1462,0,346
72,402,1463,0,347
73,401,1464,0,351
74,401,1465,0,349
75,398,1464,0,353
76,398,1465,0,356
77,396,1468,0,357
78,394,1468,0,359
79,392,1471,0,4
80,392,1471,0,2
81,391,1471,0,1
82,392,1470,0,0
83,393,1470,0,3
84,392,1470,0,2
85,392,1470,0,3
86,391,1471,0,6
87,391,1471,0,8
88,392,1472,0,5
89,392,1471,0,1
90,392,1471,0,0
91,392,1471,0,355
92,391,1470,0,354
93,392,1469,0,356
94,391,1471,0,357
95,390,1472,0,1
96,390,1473,0,0
97,389,1474,0,1
98,388,1475,0,357
99,388,1475,0,356
100,388,1474,0,1
101,387,1474,0,1
102,386,1475,0,5
103,384,1475,0,3
104,384,1475,0,6
105,384,1476,0,7
106,383,1477,0,8
107,386,1475,0,7
108,386,1476,0,4
109,387,1476,0,5
110,387,1476,0,4
111,385,1477,0,6
112,384,1477,0,5
113,383,1477,0,7
114,387,1480,0,9
115,393,1482,0,14
116,395,1485,0,14
117,397,1486,0,11
118,397,1487,0,8
119,399,1486,0,6
120,403,1485,0,10
121,407,1484,0,6
122,407,1482,0,1
123,411,1481,0,359
124,412,1481,0,355
125,413,1479,0,349
126,414,1480,0,355
127,412,1479,0,7
128,414,1476,0,358
129,415,1472,0,352
130,414,1472,0,4
131,410,1475,0,11
132,412,1472,0,21
133,416,1467,0,33
134,418,1466,0,24
135,417,1461,0,23
136,416,1456,0,20
137,404,1452,0,27
138,401,1449,0,28
139,399,1445,0,36
140,395,1439,0,47
141,396,1432,0,48
142,386,1435,0,57
143,382,1429,0,56
144,388,1423,0,46
145,396,1428,0,38
146,386,1419,0,30
147,385,1417,0,32
148,388,1419,0,34
149,389,1417,0,33
150,389,1419,0,32
151,384,1422,0,20
152,384,1423,0,21
153,382,1422,0,16
154,381,1421,0,10
155,382,1422,0,10
156,384,1423,0,4
157,390,1421,0,26
158,395,1419,0,53
159,394,1420,0,60
160,393,1424,0,61
161,393,1425,0,59
162,396,1426,0,64
163,397,1429,0,71
164,397,1434,0,72
165,403,1438,0,76
166,404,1441,0,81
167,406,1439,0,89
168,406,1440,0,92
169,411,1442,0,93
170,412,1446,0,91
171,417,1454,0,88
172,423,1460,0,90
173,424,1462,0,92
174,423,1467,0,88
175,415,1466,0,93
176,417,1465,0,101
177,414,1463,0,105
178,415,1461,0,102
179,416,1460,0,107
180,416,1461,0,109
181,415,1460,0,115
182,415,1462,0,120
183,419,1461,0,127
184,426,1462,0,130
185,428,1464,0,131
186,429,1464,0,132
187,430,1470,0,143
188,434,1471,0,151
189,436,1469,0,151
190,437,1469,0,149
191,438,1468,0,149
192,438,1468,0,144
193,436,1470,0,143
194,440,1474,0,147
195,445,1480,0,139
196,447,1482,0,132
197,447,1489,0,127
198,449,1492,0,121
199,448,1494,0,105
200,448,1496,0,109
201,450,1496,0,118
202,450,1497,0,125
203,454,1499,0,130
204,452,1498,0,135
205,454,1497,0,132
206,452,1495,0,128
207,453,1495,0,125
212,461,1505,0,319
220,474,1509,0,168
221,468,1510,0,180
224,400,1493,0,0
225,397,1493,0,0
226,395,1492,0,354
275,503,1310,0,184
277,505,1311,0,212
281,456,1457,0,33
282,454,1458,0,33
283,454,1458,0,35
284,452,1461,0,33
285,452,1463,0,30
286,451,1464,0,29
287,450,1465,0,29
288,451,1466,0,28
289,453,1467,0,22
290,453,1468,0,26
291,453,1467,0,26
292,452,1467,0,26
293,453,1468,0,28
294,453,1467,0,27
295,451,1467,0,32
296,453,1469,0,30
297,451,1469,0,33
298,450,1472,0,29
299,450,1472,0,25
300,452,1472,0,21
301,452,1473,0,14
302,451,1473,0,9
303,448,1472,0,17
304,449,1474,0,18
305,449,1475,0,14
306,448,1468,0,25
307,445,1467,0,21
308,444,1467,0,22
309,444,1467,0,20
310,444,1467,0,20
311,443,1468,0,20
312,443,1467,0,22
313,444,1466,0,21
314,445,1466,0,23
315,447,1467,0,28
316,448,1467,0,25
317,447,1466,0,31
318,449,1470,0,31
319,449,1471,0,28
320,449,1468,0,39
321,449,1469,0,34
322,449,1470,0,28
323,447,1466,0,33
324,447,1467,0,36
325,448,1469,0,35
326,450,1467,0,35
327,447,1462,0,41
328,445,1458,0,45
329,444,1456,0,58
330,445,1458,0,61
331,445,1459,0,62
332,446,1462,0,57
333,445,1460,0,55
334,445,1458,0,53
335,442,1457,0,56
336,440,1453,0,69
337,436,1455,0,61
338,435,1456,0,54
339,433,1454,0,57
340,431,1454,0,60
341,430,1455,0,67
342,428,1456,0,65
343,429,1456,0,55
344,430,1456,0,53
345,429,1456,0,57
346,429,1457,0,60
347,431,1454,0,60
348,430,1454,0,62
349,430,1455,0,64
350,429,1455,0,64
351,428,1458,0,64
352,428,1458,0,63
353,428,1459,0,61
354,427,1460,0,58
355,426,1461,0,53
356,432,1459,0,58
357,428,1453,0,63
358,429,1452,0,71
359,435,1453,0,69
360,432,1454,0,78
361,427,1452,0,79
362,426,1451,0,79
363,423,1453,0,79
364,424,1449,0,85
365,422,1449,0,86
366,423,1449,0,91
367,421,1449,0,97
368,419,1453,0,104
369,419,1457,0,113
370,416,1464,0,121
371,414,1470,0,135
372,414,1472,0,130
373,411,1470,0,124
374,408,1470,0,121
375,408,1471,0,114
376,407,1471,0,112
377,408,1473,0,114
378,417,1470,0,97
379,419,1471,0,95
380,416,1470,0,93
381,414,1469,0,100
382,413,1470,0,104
383,412,1468,0,111
384,410,1467,0,117
385,410,1468,0,122
386,409,1470,0,125
387,409,1472,0,131
388,410,1473,0,135
389,411,1473,0,136
390,415,1475,0,130
391,417,1474,0,130
392,421,1472,0,133
393,421,1471,0,141
394,422,1471,0,136
395,423,1471,0,135
396,428,1472,0,138
397,431,1472,0,141
398,433,1472,0,141
399,441,1472,0,156
400,451,1475,0,154
401,454,1476,0,152
402,459,1476,0,155
403,466,1476,0,156
404,471,1477,0,158
405,479,1476,0,155
406,480,1474,0,155
407,482,1475,0,173
408,484,1478,0,169
409,488,1477,0,185
410,489,1476,0,197
411,494,1472,0,213
412,496,1471,0,218
413,496,1466,0,219
414,499,1464,0,222
415,500,1464,0,224
416,502,1464,0,225
417,502,1463,0,223
418,506,1462,0,224
419,507,1462,0,225
420,507,1463,0,226
421,507,1462,0,226
422,508,1462,0,225
423,510,1462,0,220
424,511,1462,0,221
425,510,1462,0,225
426,510,1459,0,223
427,510,1459,0,226
428,509,1456,0,225
429,506,1460,0,244
430,506,1456,0,238
431,505,1456,0,241
432,506,1457,0,240
433,506,1454,0,243
434,507,1453,0,249
435,507,1453,0,254
436,508,1454,0,257
437,506,1450,0,258
438,507,1448,0,253
439,509,1445,0,251
440,508,1444,0,253
441,511,1444,0,253
442,515,1443,0,257
443,518,1442,0,256
444,521,1441,0,255
445,519,1441,0,257
446,519,1446,0,267
447,519,1446,0,268
448,519,1447,0,269
449,514,1445,0,259
450,514,1445,0,253
451,516,1444,0,250
452,520,1444,0,239
453,524,1440,0,228
454,526,1441,0,219
455,532,1439,0,214
456,533,1439,0,209
457,537,1436,0,209
458,545,1438,0,198
459,549,1436,0,197
460,552,1436,0,193
461,552,1434,0,197
462,552,1434,0,199
463,552,1432,0,209
464,554,1431,0,207
465,557,1431,0,207
466,558,1427,0,216
467,562,1424,0,219
468,564,1424,0,211
469,565,1424,0,210
470,565,1425,0,204
471,567,1423,0,213
472,571,1420,0,216
473,575,1414,0,217
474,577,1413,0,215
475,578,1409,0,206
476,578,1407,0,209
477,581,1405,0,199
478,585,1405,0,197
479,593,1404,0,199
480,594,1401,0,195
481,594,1399,0,196
482,596,1398,0,196
483,597,1394,0,197
484,601,1395,0,199
485,603,1395,0,200
486,603,1393,0,194
487,602,1394,0,193
488,603,1398,0,192
489,602,1399,0,200
490,601,1398,0,200
491,603,1397,0,194
492,606,1398,0,194
493,611,1399,0,193
494,613,1399,0,190
495,615,1397,0,191
496,620,1394,0,195
497,623,1394,0,192
498,626,1393,0,194
499,628,1395,0,200
500,635,1387,0,210
501,637,1384,0,210
502,641,1383,0,218
503,646,1379,0,222
504,649,1376,0,229
505,648,1376,0,232
506,648,1375,0,235
507,650,1373,0,241
508,651,1371,0,246
509,651,1371,0,247
510,652,1371,0,254
511,653,1370,0,260
512,653,1369,0,262
513,653,1370,0,265
514,652,1367,0,266
515,651,1367,0,267
516,652,1364,0,276
517,652,1361,0,277
518,652,1358,0,279
519,654,1355,0,269
520,651,1351,0,275
521,651,1346,0,274
522,651,1341,0,268
523,650,1341,0,270
524,649,1345,0,269
525,647,1347,0,263
526,648,1344,0,262
527,650,1344,0,254
528,652,1341,0,246
529,655,1335,0,243
530,658,1329,0,238
531,660,1324,0,235
532,661,1322,0,232
533,664,1318,0,229
534,667,1311,0,230
535,670,1306,0,236
536,671,1301,0,246
537,673,1297,0,252
538,676,1292,0,255
539,676,1291,0,254
540,676,1292,0,252
541,676,1292,0,245
542,674,1293,0,239
543,672,1295,0,241
544,673,1294,0,241
545,674,1292,0,237
546,675,1289,0,241
547,675,1283,0,244
548,676,1281,0,241
549,680,1275,0,245
550,681,1273,0,248
551,680,1273,0,242
552,676,1275,0,247
553,674,1275,0,257
554,676,1277,0,251
555,677,1275,0,254
556,677,1273,0,259
557,676,1272,0,263
558,673,1272,0,267
559,673,1270,0,265
560,674,1268,0,264
561,674,1265,0,266
562,683,1256,0,268
563,684,1253,0,262
564,683,1250,0,258
565,684,1251,0,254
566,683,1254,0,257
567,682,1253,0,256
568,681,1252,0,255
569,682,1247,0,262
570,682,1243,0,263
571,683,1243,0,263
572,682,1243,0,265
573,681,1245,0,270
574,682,1250,0,276
575,681,1250,0,277
576,680,1251,0,274
577,681,1253,0,266
578,683,1253,0,252
579,684,1252,0,244
580,682,1252,0,237
581,681,1252,0,240
582,682,1253,0,238
583,687,1252,0,240
584,689,1250,0,234
585,689,1250,0,231
586,691,1253,0,238
587,690,1253,0,241
588,691,1253,0,243
589,693,1252,0,241
590,694,1251,0,240
591,697,1252,0,239
592,701,1252,0,244
593,702,1256,0,244
594,699,1257,0,234
595,699,1256,0,230
596,699,1256,0,222
597,700,1256,0,214
598,702,1255,0,213
599,705,1253,0,212
600,710,1252,0,210
601,715,1251,0,209
602,719,1246,0,202
603,726,1242,0,196
604,732,1237,0,200
605,735,1236,0,190
606,741,1234,0,189
607,748,1235,0,181
608,761,1239,0,173
609,760,1238,0,171
610,762,1235,0,164
611,769,1238,0,159
612,779,1238,0,141
613,778,1242,0,139
614,780,1242,0,141
615,786,1246,0,143
616,790,1250,0,139
617,795,1256,0,142
618,798,1263,0,136
619,804,1265,0,132
620,807,1263,0,137
621,811,1265,0,144
622,817,1266,0,152
623,820,1270,0,157
624,822,1268,0,172
625,822,1268,0,176
626,823,1268,0,178
627,821,1270,0,184
628,824,1270,0,190
629,826,1267,0,205
630,830,1268,0,208
631,833,1267,0,215
632,835,1264,0,225
633,839,1263,0,227
634,847,1260,0,239
635,852,1254,0,246
636,855,1242,0,251
637,858,1238,0,246
638,860,1232,0,255
639,866,1225,0,254
640,867,1223,0,247
641,869,1220,0,241
642,876,1214,0,237
643,880,1213,0,232
644,882,1213,0,224
645,889,1215,0,215
646,890,1218,0,214
647,890,1221,0,205
648,889,1223,0,200
649,886,1231,0,203
650,888,1235,0,206
651,887,1238,0,211
652,885,1242,0,216
655,900,1260,0,230
656,911,1259,0,249
657,913,1256,0,263
658,919,1253,0,271
659,921,1251,0,286
660,919,1244,0,297
661,920,1242,0,309
662,918,1241,0,310
663,916,1241,0,316
664,915,1239,0,319
665,915,1236,0,316
666,916,1234,0,314
667,919,1234,0,308
668,920,1234,0,302
669,920,1235,0,299
670,922,1236,0,295
671,925,1234,0,286
672,926,1238,0,283
673,924,1238,0,280
674,925,1236,0,271
675,928,1237,0,259
676,929,1238,0,251
677,935,1239,0,241
678,938,1239,0,233
679,939,1240,0,229
680,940,1240,0,232
681,941,1240,0,224
682,944,1238,0,222
683,946,1237,0,224
684,946,1237,0,226
685,949,1236,0,226
686,949,1235,0,226
687,948,1231,0,226
688,946,1230,0,226
689,952,1237,0,233
690,952,1232,0,236
691,953,1228,0,239
692,956,1226,0,228
693,961,1219,0,212
694,973,1216,0,211
695,975,1215,0,205
696,975,1211,0,199
697,979,1205,0,197
698,982,1205,0,194
699,984,1204,0,184
700,985,1207,0,183
701,986,1208,0,176
702,986,1207,0,174
703,984,1204,0,192
704,982,1204,0,206
705,985,1201,0,202
706,987,1199,0,200
707,991,1201,0,202
708,998,1200,0,203
709,1004,1200,0,198
710,1010,1196,0,201
711,1022,1198,0,204
712,1027,1198,0,196
713,1026,1200,0,198
714,1022,1203,0,203
715,1012,1208,0,197
716,1006,1208,0,213
717,1007,1206,0,221
718,1008,1198,0,211
719,1012,1196,0,203
720,1011,1198,0,204
721,1012,1198,0,203
722,1018,1201,0,197
723,1025,1206,0,205
724,1031,1210,0,197
725,1036,1207,0,209
726,1049,1203,0,208
727,1053,1204,0,206
728,1062,1208,0,202
729,1064,1209,0,197
730,1069,1209,0,191
731,1071,1209,0,186
732,1074,1211,0,175
733,1073,1213,0,174
734,1073,1213,0,173
735,1073,1216,0,171
736,1072,1217,0,173
737,1072,1217,0,174
738,1071,1218,0,170
739,1071,1219,0,167
740,1073,1221,0,161
741,1076,1225,0,156
742,1082,1230,0,152
743,1088,1233,0,149
744,1095,1235,0,144
745,1100,1236,0,145
746,1107,1236,0,145
747,1108,1241,0,146
748,1110,1243,0,149
749,1115,1244,0,151
750,1117,1246,0,148
751,1123,1250,0,143
752,1124,1255,0,139
753,1125,1256,0,141
754,1122,1248,0,147
755,1124,1248,0,151
756,1126,1247,0,154
757,1126,1247,0,160
758,1124,1244,0,165
759,1126,1241,0,183
760,1132,1238,0,199
761,1135,1234,0,207
762,1136,1229,0,214
763,1131,1231,0,214
764,1129,1235,0,213
765,1129,1233,0,210
766,1128,1234,0,220
767,1130,1233,0,233
768,1129,1233,0,239
769,1127,1235,0,243
770,1124,1237,0,250
771,1122,1237,0,254
772,1117,1242,0,275
773,1115,1241,0,299
774,1112,1239,0,306
775,1109,1236,0,307
776,1107,1236,0,306
777,1104,1235,0,303
778,1101,1232,0,305
779,1099,1230,0,306
780,1096,1226,0,305
781,1092,1224,0,302
782,1092,1222,0,296
783,1089,1221,0,298
784,1086,1223,0,302
785,1086,1221,0,302
786,1084,1221,0,303
787,1083,1219,0,306
788,1082,1215,0,308
789,1078,1215,0,314
790,1074,1215,0,315
791,1070,1214,0,316
792,1068,1210,0,319
793,1064,1208,0,318
794,1063,1205,0,325
795,1067,1200,0,327
796,1067,1197,0,326
797,1066,1192,0,327
798,1065,1189,0,323
799,1063,1187,0,322
800,1063,1184,0,313
801,1062,1182,0,309
802,1062,1180,0,306
803,1064,1177,0,304
804,1065,1175,0,301
805,1067,1179,0,301
806,1067,1178,0,304
807,1064,1175,0,304
808,1060,1169,0,307
809,1058,1165,0,301
810,1056,1162,0,303
811,1054,1160,0,307
812,1054,1157,0,306
813,1053,1155,0,309
814,1051,1153,0,312
815,1051,1151,0,319
816,1050,1151,0,322
817,1050,1150,0,325
818,1050,1150,0,327
819,1050,1149,0,328
820,1049,1145,0,325
821,1046,1143,0,318
822,1045,1144,0,319
823,1045,1145,0,326
824,1040,1146,0,329
825,1034,1143,0,336
826,1033,1142,0,337
827,1032,1141,0,336
828,1030,1139,0,333
829,1031,1137,0,336
830,1032,1140,0,336
831,1031,1143,0,343
832,1026,1143,0,345
833,1025,1141,0,336
834,1022,1142,0,336
835,1021,1138,0,331
836,1020,1138,0,329
837,1017,1137,0,334
838,1014,1138,0,339
839,1014,1138,0,335
840,1013,1137,0,334
841,1013,1135,0,338
842,1014,1137,0,344
843,1007,1141,0,344
844,1004,1139,0,349
845,999,1135,0,348
846,995,1134,0,350
847,992,1135,0,344
848,989,1135,0,343
849,987,1136,0,339
850,989,1138,0,342
851,990,1141,0,346
852,989,1139,0,345
853,985,1135,0,335
854,982,1135,0,338
855,981,1134,0,339
856,980,1134,0,337
857,979,1136,0,340
858,980,1139,0,345
859,980,1138,0,347
860,978,1139,0,346
861,981,1142,0,352
862,981,1143,0,352
863,980,1147,0,358
864,979,1146,0,358
865,979,1146,0,1
866,977,1146,0,359
867,976,1146,0,1
868,974,1147,0,2
869,973,1149,0,0
870,972,1150,0,358
871,973,1152,0,2
872,974,1151,0,2
873,974,1150,0,3
874,976,1149,0,358
875,978,1148,0,351
876,977,1148,0,343
877,975,1150,0,344
878,973,1150,0,342
883,970,1144,0,341
884,970,1145,0,341
885,969,1145,0,343
886,966,1145,0,339
887,962,1145,0,348
888,960,1145,0,346
889,957,1145,0,346
890,956,1145,0,349
891,953,1146,0,353
892,952,1146,0,355
893,953,1146,0,357
894,954,1147,0,351
895,953,1146,0,351
896,952,1147,0,350
897,953,1148,0,348
898,954,1149,0,349
899,955,1152,0,353
900,954,1151,0,346
901,952,1150,0,347
902,950,1150,0,346
903,950,1150,0,347
904,949,1152,0,354
905,949,1153,0,355
906,948,1154,0,358
907,946,1154,0,359
908,944,1154,0,358
909,944,1153,0,356
910,943,1152,0,353
911,944,1153,0,351
912,944,1152,0,348
913,943,1152,0,349
914,942,1151,0,346
915,941,1148,0,341
916,941,1147,0,342
917,942,1146,0,337
918,943,1143,0,327
919,943,1142,0,326
920,944,1139,0,327
921,942,1135,0,319
922,939,1134,0,315
923,934,1129,0,309
924,933,1129,0,311
925,932,1126,0,306
926,929,1123,0,310
927,927,1120,0,309
928,924,1115,0,303
929,923,1110,0,295
930,926,1105,0,296
931,927,1103,0,286
932,923,1099,0,278
933,923,1095,0,274
934,924,1094,0,282
935,921,1087,0,280
936,922,1086,0,286
937,922,1085,0,289
938,922,1084,0,296
939,918,1077,0,299
940,917,1076,0,298
941,917,1076,0,306
942,914,1076,0,307
943,912,1079,0,313
944,910,1079,0,323
945,908,1077,0,323
948,907,1080,0,320
949,901,1076,0,321
950,899,1074,0,317
951,898,1072,0,312
952,894,1070,0,311
953,890,1069,0,316
954,886,1068,0,322
955,883,1066,0,323
956,881,1067,0,323
957,881,1064,0,324
958,880,1058,0,322
959,879,1058,0,318
960,877,1057,0,311
961,874,1054,0,309
962,872,1051,0,308
963,871,1044,0,306
964,870,1038,0,300
965,869,1035,0,298
966,865,1033,0,294
967,863,1031,0,299
968,864,1026,0,302
969,865,1022,0,302
970,864,1022,0,305
971,860,1018,0,301
972,854,1011,0,310
973,852,1008,0,313
974,849,1006,0,314
975,847,1007,0,318
976,845,1005,0,319
977,843,1005,0,322
978,842,1003,0,320
979,843,1004,0,312
980,843,1002,0,309
981,843,1001,0,307
982,842,999,0,295
983,841,998,0,292
984,838,997,0,290
985,836,995,0,290
986,836,993,0,288
987,834,995,0,292
988,833,992,0,293
989,832,988,0,299
990,828,983,0,299
991,829,978,0,299
992,826,978,0,295
993,825,978,0,299
994,825,973,0,303
995,826,971,0,301
996,825,973,0,303
997,824,975,0,307
998,824,975,0,305
999,823,974,0,305
1000,823,974,0,306
1001,821,976,0,314
1002,819,977,0,323
1003,817,979,0,330
1004,815,980,0,331
1005,811,980,0,333
1006,808,980,0,337
1007,812,980,0,337
1008,812,982,0,336
1009,811,984,0,335
1010,811,981,0,340
1011,809,981,0,344
1012,807,984,0,348
1013,805,987,0,348
1014,806,989,0,343
1015,807,990,0,342
1016,809,990,0,344
1017,809,991,0,346
1018,809,992,0,343
1019,814,995,0,323
1020,820,994,0,316
1021,826,991,0,304
1022,828,990,0,298
1023,828,991,0,296
1024,827,989,0,287
1025,824,986,0,285
1026,824,979,0,280
1027,822,974,0,289
1028,823,972,0,284
1029,825,973,0,283
1030,825,977,0,275
1031,825,977,0,272
1032,824,978,0,266
1033,823,978,0,260
1034,831,977,0,246
1035,833,974,0,239
1036,838,974,0,236
1037,841,969,0,237
1038,841,968,0,232
1039,842,968,0,234
1040,849,965,0,241
1041,851,960,0,235
1042,856,955,0,233
1043,865,946,0,240
1044,867,940,0,247
1045,877,930,0,251
1046,876,928,0,257
1047,875,920,0,264
1048,876,916,0,265
1049,879,913,0,255
1050,884,911,0,255
1051,890,903,0,254
1052,892,897,0,257
1053,896,887,0,251
1054,900,881,0,249
1055,905,879,0,256
1056,909,877,0,251
1057,918,873,0,246
1058,923,867,0,243
1059,926,867,0,240
1060,929,867,0,239
1061,929,864,0,240
1062,927,867,0,238
1063,924,868,0,248
1064,924,865,0,255
1065,924,865,0,266
1066,924,863,0,265
1067,922,864,0,262
1068,923,863,0,263
1069,924,866,0,264
1070,926,873,0,259
1071,929,879,0,261
1072,929,879,0,262
1073,928,879,0,257
1074,928,879,0,254
1075,928,880,0,252
1076,928,880,0,248
1077,928,881,0,248
1078,929,882,0,252
1079,930,881,0,252
1080,930,881,0,251
1081,930,881,0,252
1082,929,881,0,252
1083,929,881,0,251
1084,929,881,0,252
1085,928,881,0,252
1086,928,882,0,253
1087,927,882,0,249
1088,927,885,0,252
1089,926,888,0,256
1090,924,889,0,261
1091,924,889,0,262
1092,923,892,0,262
1093,923,894,0,264
1094,923,892,0,265
1095,925,888,0,261
1096,925,887,0,257
1097,925,886,0,253
1098,925,885,0,250
1099,925,886,0,253
1100,925,886,0,252
1101,925,883,0,250
1102,923,884,0,253
1103,922,886,0,255
1104,920,887,0,268
1105,919,891,0,275
1106,919,890,0,277
1107,919,888,0,287
1108,915,890,0,291
1109,916,888,0,292
1110,916,883,0,296
1111,921,878,0,302
1112,921,879,0,305
1113,922,882,0,305
1114,922,882,0,304
1115,919,882,0,305
1116,918,882,0,306
1117,915,878,0,316
1118,914,876,0,313
1119,913,870,0,311
1120,912,869,0,313
1121,912,867,0,315
1122,910,866,0,314
1123,908,866,0,311
1124,905,863,0,311
1125,899,860,0,312
1126,896,855,0,312
1127,892,855,0,306
1128,891,855,0,309
1129,889,852,0,315
1130,887,851,0,313
1131,886,850,0,311
1132,881,851,0,315
1133,875,848,0,316
1134,872,837,0,322
1135,870,830,0,332
1136,864,832,0,322
1137,864,833,0,328
1138,862,834,0,326
1139,857,835,0,317
1140,858,833,0,330
1141,851,838,0,327
1142,852,836,0,324
1143,856,832,0,337
1144,855,834,0,333
1145,853,833,0,326
1146,853,832,0,330
1147,853,830,0,329
1148,853,829,0,330
1149,856,824,0,345
1150,850,828,0,337
1151,850,833,0,335
1152,851,833,0,332
1153,850,833,0,339
1154,849,833,0,339
1155,847,831,0,340
1156,847,830,0,340
1157,850,830,0,341
1158,849,829,0,341
1159,846,829,0,338
1160,844,829,0,339
1161,844,828,0,344
1162,842,828,0,342
1163,842,829,0,341
1164,842,829,0,342
1165,841,829,0,342
1166,840,828,0,341
1167,838,827,0,345
1168,833,828,0,344
1169,829,826,0,347
1170,829,829,0,349
1171,830,829,0,350
1172,829,829,0,351
1173,835,828,0,349
1174,834,828,0,350
1175,836,825,0,348
1176,836,827,0,348
1177,836,828,0,352
1178,837,828,0,353
1179,837,828,0,352
1180,836,828,0,351
1181,833,830,0,346
1182,831,829,0,348
1183,830,830,0,350
1184,830,831,0,352
1185,831,832,0,358
1186,835,827,0,1
1187,835,829,0,1
1188,833,833,0,4
1189,828,834,0,9
1190,823,837,0,13
1191,818,838,0,17
1192,811,841,0,22
1193,803,838,0,24
1194,798,840,0,24
1195,794,840,0,22
1196,791,841,0,15
1197,786,842,0,12
1198,780,842,0,10
1199,777,842,0,4
1200,774,842,0,2
1201,767,842,0,359
1202,762,841,0,357
1203,762,842,0,358
1204,763,843,0,357
1205,763,841,0,349
1206,766,838,0,334
1207,767,832,0,330
1208,766,830,0,328
1209,764,828,0,320
1210,762,826,0,315
1211,758,823,0,313
1212,755,827,0,325
1213,753,824,0,321
1214,752,819,0,309
1215,748,812,0,302
1216,747,808,0,304
1217,748,807,0,303
1218,746,806,0,296
1219,746,807,0,295
1220,744,804,0,301
1221,743,800,0,294
1222,742,803,0,307
1223,742,804,0,316
1224,736,802,0,323
1225,732,802,0,327
1226,731,801,0,333
1227,724,799,0,337
1228,721,795,0,340
1229,715,794,0,345
1230,713,795,0,343
1231,708,801,0,340
1232,704,801,0,340
1233,702,796,0,346
1234,693,794,0,345
1235,684,797,0,345
1236,683,798,0,341
1237,682,801,0,338
1238,680,801,0,342
1239,681,798,0,343
1240,676,797,0,350
1241,663,798,0,351
1242,654,801,0,352
1243,651,800,0,355
1244,646,800,0,357
1245,641,793,0,350
1246,632,792,0,352
1247,627,788,0,351
1248,621,789,0,343
1249,612,793,0,337
1250,607,791,0,339
1251,605,792,0,337
1252,603,792,0,339
1253,605,792,0,339
1254,604,791,0,340
1255,601,791,0,342
1256,596,792,0,347
1257,590,792,0,357
1258,586,792,0,1
1259,582,793,0,0
1260,579,793,0,0
1261,573,792,0,357
1262,569,792,0,356
1263,563,790,0,352
1264,561,786,0,352
1265,561,788,0,353
1266,565,794,0,352
1267,564,793,0,354
1268,562,795,0,1
1269,562,797,0,5
1270,562,798,0,6
1271,561,798,0,9
1272,561,798,0,11
1273,560,798,0,15
1274,557,797,0,14
1275,555,795,0,7
1276,552,792,0,358
1277,549,791,0,349
1278,548,790,0,347
1279,548,792,0,348
1280,544,793,0,346
1281,541,795,0,347
1282,540,796,0,348
1283,539,800,0,345
1284,540,800,0,350
1285,537,799,0,355
1286,535,802,0,4
1287,538,807,0,5
1288,538,800,0,359
1289,538,798,0,359
1290,540,799,0,350
1291,548,804,0,354
1292,548,804,0,3
1293,552,806,0,354
1294,557,807,0,346
1295,561,806,0,345
1296,560,809,0,357
1297,555,810,0,0
1298,545,811,0,0
1299,539,814,0,2
1300,534,813,0,5
1301,531,810,0,5
1302,525,815,0,8
1303,517,815,0,13
1304,513,816,0,13
1305,509,819,0,7
1306,507,817,0,1
1307,514,818,0,358
1308,515,816,0,357
1309,511,814,0,353
1310,509,810,0,346
1311,510,805,0,338
1312,506,801,0,329
1313,502,801,0,327
1314,502,796,0,325
1315,500,794,0,325
1316,496,791,0,318
1317,493,785,0,313
1318,488,780,0,307
1319,483,777,0,300
1320,481,777,0,296
1321,479,778,0,299
1322,475,770,0,311
1323,467,764,0,307
1324,463,759,0,303
1325,460,750,0,304
1326,454,748,0,299
1327,451,747,0,299
1328,447,744,0,297
1329,440,746,0,290
1330,442,744,0,296
1331,442,745,0,298
1332,441,748,0,299
1333,438,751,0,302
1334,438,752,0,300
1335,438,752,0,295
1336,439,749,0,295
1337,440,746,0,293
1338,437,742,0,288
1339,439,741,0,282
1340,438,739,0,278
1341,438,735,0,274
1342,437,732,0,272
1343,438,723,0,270
1344,444,714,0,266
1345,441,709,0,273
1346,442,705,0,275
1347,447,699,0,279
1348,450,693,0,275
1349,454,689,0,269
1350,451,683,0,271
1351,454,675,0,275
1352,460,665,0,269
1353,459,660,0,273
1354,459,657,0,281
1355,459,654,0,280
1356,461,644,0,273
1357,458,640,0,272
1358,462,635,0,281
1359,466,628,0,277
1360,465,618,0,274
1361,466,608,0,275
1362,470,600,0,269
1363,469,594,0,280
1364,470,589,0,281
1365,467,580,0,290
1366,463,567,0,293
1367,457,559,0,301
1368,457,553,0,306
1369,457,549,0,310
1370,457,546,0,301
1371,453,539,0,292
1372,449,534,0,285
1373,448,527,0,285
1374,450,517,0,284
1375,452,518,0,280
1376,453,514,0,270
1377,459,507,0,263
1378,463,503,0,263
1379,463,499,0,262
1380,464,494,0,256
1381,465,493,0,249
1382,467,491,0,244
1383,469,484,0,241
1384,474,481,0,247
1385,481,478,0,240
1386,482,476,0,240
1387,480,474,0,239
1388,478,478,0,246
1389,474,478,0,249
1390,474,481,0,257
1391,475,475,0,259
1392,472,469,0,266
1393,471,456,0,262
1394,474,450,0,268
1395,474,446,0,268
1396,475,441,0,266
1397,473,439,0,264
1398,477,436,0,261
1399,478,430,0,249
1400,480,424,0,251
1401,484,421,0,247
1402,486,421,0,245
1403,486,422,0,234
1404,488,424,0,220
1405,491,423,0,213
1406,496,424,0,211
1407,499,425,0,209
1408,501,425,0,213
1409,502,420,0,222
1410,500,416,0,228
1411,501,419,0,234
1412,500,421,0,241
1413,496,423,0,260
1414,495,421,0,273
1415,496,420,0,276
1416,495,418,0,281
1417,494,415,0,285
1418,495,408,0,281
1419,493,407,0,295
1420,492,406,0,305
1421,496,400,0,315
1422,496,401,0,319
1423,495,398,0,323
1424,493,396,0,318
1425,492,395,0,320
1426,493,394,0,321
1427,492,393,0,325
1428,493,392,0,327
1429,492,391,0,333
1430,491,391,0,332
1431,492,393,0,323
1432,499,396,0,326
1433,501,398,0,323
1434,502,397,0,316
1435,500,396,0,318
1436,499,395,0,318
1437,501,396,0,319
1438,502,397,0,307
1439,503,395,0,301
1440,504,390,0,295
1441,505,387,0,288
1442,505,383,0,290
1443,499,375,0,281
1444,499,370,0,281
1445,498,364,0,277
1446,500,354,0,273
1447,497,358,0,271
1448,495,359,0,264
1449,494,361,0,267
1450,489,361,0,281
1451,488,358,0,292
1452,483,357,0,297
1453,482,356,0,303
1454,481,355,0,309
1455,479,355,0,319
1456,474,357,0,321
1457,472,357,0,325
1458,471,355,0,324
1459,468,354,0,325
1460,465,353,0,325
1461,466,352,0,324
1462,473,353,0,316
1463,474,351,0,301
1464,476,350,0,289
1465,479,350,0,274
1466,482,347,0,271
1467,484,339,0,269
1468,487,332,0,266
1469,488,324,0,263
1470,487,320,0,262
1471,488,316,0,258
1472,488,312,0,254
1473,489,306,0,255
1474,492,304,0,251
1475,496,305,0,232
1476,501,308,0,226
1477,502,307,0,225
1478,503,310,0,220
1479,504,313,0,212
1480,502,312,0,196
1481,508,314,0,181
1482,512,315,0,169
1483,516,317,0,155
1484,516,315,0,156
1485,515,315,0,153
1486,516,316,0,151
1487,517,317,0,147
1488,521,318,0,140
1489,525,320,0,136
1490,527,320,0,144
1491,528,320,0,149
1492,527,322,0,144
1493,528,322,0,145
1494,529,323,0,146
1495,534,325,0,147
1496,537,327,0,146
1497,539,328,0,145
1498,539,328,0,143
1499,538,328,0,143
1500,538,327,0,144
1501,537,327,0,142
1502,537,327,0,143
1503,535,326,0,145
1504,534,326,0,145
1505,534,327,0,147
1506,535,327,0,141
1507,534,327,0,133
1508,536,329,0,118
1509,538,330,0,107
1510,537,332,0,99
1511,535,332,0,90
1512,537,334,0,85
1513,534,334,0,84
1514,534,336,0,84
1515,533,338,0,89
1516,533,339,0,91
1517,534,338,0,90
1518,534,338,0,90
1519,533,339,0,94
1520,534,340,0,96
1521,534,340,0,98
1522,534,341,0,99
1523,533,342,0,98
1524,532,342,0,95
1525,533,342,0,98
1526,533,341,0,101
1527,535,341,0,105
1528,536,342,0,113
1529,539,345,0,123
1530,539,344,0,129
1531,539,343,0,131
1532,540,344,0,129
1533,540,344,0,127
1534,540,345,0,123
1535,545,349,0,120
1536,547,355,0,118
1537,551,355,0,118
1538,559,357,0,121
1539,559,360,0,124
1540,560,358,0,122
1541,561,359,0,117
1542,561,359,0,117
1543,560,362,0,118
1544,560,365,0,119
1545,564,368,0,121
1546,566,371,0,123
1547,568,374,0,121
1548,575,383,0,118
1549,577,388,0,123
1550,592,390,0,121
1551,591,395,0,135
1552,591,397,0,136
1553,596,402,0,144
1554,599,403,0,142
1555,600,404,0,151
1556,599,399,0,143
1557,599,399,0,145
1558,599,399,0,142
1559,598,400,0,143
1560,596,399,0,149
1561,593,396,0,155
1562,593,393,0,152
1563,592,392,0,154
1564,593,392,0,154
1565,592,392,0,154
1566,592,392,0,154
1567,591,392,0,156
1568,592,392,0,156
1569,592,392,0,157
1570,592,392,0,156
1571,592,392,0,156
1572,592,392,0,157
1573,592,393,0,152
1574,592,393,0,154
1575,593,394,0,153
1576,593,394,0,153
1577,593,395,0,154
1578,594,396,0,159
1579,596,398,0,159
1580,599,398,0,163
1581,605,399,0,170
1582,607,398,0,164
1583,609,395,0,168
1584,611,398,0,170
1585,614,403,0,166
1586,624,406,0,169
1587,630,414,0,181
1588,633,417,0,189
1589,636,415,0,185
1590,639,412,0,180
1591,643,412,0,184
1592,653,417,0,188
1593,657,413,0,191
1594,659,411,0,190
1595,662,412,0,193
1596,673,410,0,202
1597,680,405,0,222
1598,683,400,0,220
1599,682,399,0,224
1600,678,401,0,226
1601,672,406,0,220
1602,671,410,0,215
1603,672,410,0,198
1604,676,414,0,192
1605,674,418,0,182
1606,679,418,0,175
1607,682,424,0,169
1608,689,425,0,145
1609,692,429,0,141
1610,693,429,0,140
1611,694,433,0,122
1612,695,438,0,114
1613,693,440,0,109
1614,690,443,0,100
1615,688,446,0,86
1616,686,448,0,76
1617,681,449,0,69
1618,679,449,0,66
1619,677,453,0,61
1620,674,456,0,50
1621,670,458,0,45
1622,665,461,0,44
1623,660,462,0,40
1624,661,462,0,36
1625,661,463,0,34
1626,659,464,0,39
1627,658,467,0,42
1628,657,471,0,49
1629,657,479,0,51
1630,653,481,0,53
1631,648,481,0,54
1632,644,484,0,57
1633,643,489,0,61
1634,641,493,0,63
1635,638,494,0,59
1636,638,501,0,59
1637,637,504,0,50
1638,634,509,0,47
1639,635,513,0,46
1640,641,517,0,41
1641,640,519,0,45
1642,637,520,0,47
1643,632,521,0,54
1644,629,519,0,58
1645,629,517,0,55
1646,629,520,0,52
1647,627,520,0,55
1648,629,520,0,53
1649,630,521,0,56
1650,630,523,0,52
1651,629,526,0,47
1652,629,525,0,48
1653,629,525,0,51
1654,630,523,0,60
1655,630,524,0,71
1656,633,525,0,84
1657,635,527,0,91
1658,637,528,0,99
1659,635,528,0,102
1660,633,531,0,95
1661,634,534,0,95
1662,634,538,0,91
1663,633,539,0,89
1664,632,540,0,88
1665,631,541,0,89
1666,631,540,0,95
1667,630,537,0,101
1668,631,537,0,100
1669,630,536,0,107
1670,630,535,0,124
1671,631,534,0,132
1672,630,533,0,141
1673,629,532,0,141
1674,628,530,0,153
1675,630,527,0,154
1676,631,525,0,157
1677,634,523,0,160
1678,631,523,0,177
1679,632,523,0,189
1680,632,521,0,194
1681,633,520,0,199
1682,635,517,0,199
1683,635,516,0,203
1684,634,516,0,203
1685,633,516,0,202
1686,635,514,0,196
1687,635,514,0,187
1688,638,517,0,168
1689,641,519,0,159
1690,643,520,0,158
1691,645,523,0,154
1692,652,523,0,144
1693,655,524,0,144
1694,660,527,0,142
1695,662,527,0,145
1696,663,529,0,143
1697,671,534,0,147
1698,679,532,0,142
1699,681,533,0,146
1700,679,535,0,157
1701,685,537,0,151
1702,687,538,0,150
1703,691,540,0,148
1704,693,543,0,144
1705,693,543,0,135
1706,695,544,0,126
1707,693,537,0,123
1708,696,539,0,128
1709,695,539,0,129
1710,696,540,0,127
1711,697,540,0,122
1712,698,544,0,120
1713,699,548,0,115
1714,700,550,0,122
1715,700,551,0,119
1716,698,553,0,112
1717,697,555,0,109
1718,695,559,0,101
1719,693,560,0,98
1720,690,562,0,92
1721,687,564,0,87
1722,683,564,0,74
1723,682,567,0,62
1724,681,568,0,59
1725,681,572,0,54
1726,678,575,0,51
1727,676,581,0,48
1728,674,585,0,48
1729,673,585,0,47
1730,671,585,0,46
1731,670,585,0,46
1732,670,589,0,41
1733,670,589,0,41
1734,670,591,0,42
1735,671,591,0,41
1736,672,591,0,32
1737,670,590,0,32
1738,673,589,0,38
1739,674,592,0,41
1740,671,592,0,43
1741,669,592,0,45
1742,669,591,0,46
1743,668,592,0,47
1744,666,593,0,46
1745,663,593,0,36
1746,661,591,0,25
1747,660,589,0,27
1748,659,591,0,24
1749,657,588,0,20
1750,655,588,0,16
1751,652,590,0,16
1752,648,592,0,16
1753,642,591,0,13
1754,638,590,0,19
1755,637,591,0,19
1756,637,594,0,13
1757,635,593,0,17
1758,632,596,0,28
1759,629,598,0,28
1760,630,598,0,29
1761,631,595,0,26
1762,628,593,0,20
1763,624,592,0,13
1764,619,593,0,9
1765,614,592,0,7
1766,615,589,0,2
1767,612,588,0,1
1768,609,588,0,3
1769,608,589,0,6
1770,608,588,0,7
1771,613,588,0,3
1772,613,591,0,358
1773,613,589,0,357
1774,614,588,0,353
1775,612,588,0,353
1776,611,591,0,352
1777,615,591,0,346
1778,613,587,0,336
1779,614,583,0,331
1780,612,578,0,324
1781,610,577,0,313
1782,605,570,0,308
1783,603,563,0,307
1784,601,558,0,301
1785,601,553,0,304
1786,599,546,0,307
1787,594,544,0,309
1788,588,537,0,320
1789,583,534,0,328
1790,578,530,0,333
1791,574,528,0,335
1792,570,528,0,337
1793,568,526,0,336
1794,566,525,0,339
1795,565,526,0,342
1796,561,526,0,351
1797,555,526,0,353
1798,556,530,0,1
1799,551,533,0,9
1800,546,534,0,15
1801,539,537,0,15
1802,532,542,0,16
1803,528,541,0,22
1804,524,543,0,18
1805,523,544,0,20
1806,520,545,0,23
1807,518,548,0,20
1808,519,548,0,21
1809,519,548,0,26
1810,516,548,0,26
1811,514,546,0,21
1812,513,548,0,21
1813,509,550,0,21
1814,508,551,0,22
1815,507,551,0,24
1816,510,553,0,28
1817,512,555,0,36
1818,512,556,0,42
1819,515,559,0,50
1820,513,563,0,64
1821,511,569,0,63
1822,510,571,0,63
1823,509,574,0,61
1824,509,575,0,60
1825,508,578,0,64
1826,507,580,0,69
1827,506,580,0,68
1828,506,581,0,67
1829,505,581,0,68
1830,510,576,0,60
1831,511,575,0,61
1832,511,577,0,60
1833,510,578,0,64
1834,509,580,0,63
1835,508,581,0,66
1836,508,583,0,66
1837,506,587,0,60
1838,506,589,0,56
1839,504,593,0,53
1840,504,597,0,56
1841,502,599,0,48
1842,499,601,0,50
1843,497,602,0,52
1844,493,607,0,59
1845,492,608,0,54
1846,492,608,0,53
1847,490,611,0,60
1848,488,613,0,61
1849,484,615,0,57
1850,483,618,0,53
1851,478,623,0,59
1852,476,623,0,63
1853,474,622,0,66
1854,472,627,0,73
1855,472,627,0,68
1856,476,624,0,69
1857,477,626,0,76
1858,478,626,0,78
1859,481,625,0,84
1860,485,623,0,78
1861,488,625,0,80
1862,488,626,0,78
1863,487,627,0,84
1864,487,625,0,82
1865,489,622,0,86
1866,489,622,0,89
1867,488,623,0,86
1868,488,624,0,86
1869,490,621,0,85
1870,492,618,0,89
1871,492,619,0,94
1872,491,622,0,90
1873,491,623,0,89
1874,492,622,0,90
1875,492,624,0,91
1876,493,622,0,89
1877,496,618,0,80
1878,495,627,0,76
1879,493,636,0,80
1880,490,641,0,82
1881,489,645,0,94
1882,491,652,0,94
1883,491,654,0,95
1884,499,657,0,97
1885,504,665,0,103
1887,506,673,0,112
1888,511,683,0,102
1889,510,689,0,102
1890,508,689,0,98
1891,509,690,0,97
1892,508,692,0,88
1893,508,693,0,81
1894,506,699,0,79
1895,509,706,0,72
1896,507,710,0,66
1897,506,713,0,66
1898,501,715,0,64
1899,499,718,0,58
1900,500,716,0,49
1901,498,716,0,49
1902,499,711,0,46
1903,499,711,0,47
1904,500,710,0,47
1905,499,708,0,49
1906,499,707,0,51
1907,502,710,0,70
1908,500,716,0,72
1909,499,718,0,72
1910,499,722,0,76
1911,498,727,0,77
1912,500,735,0,76
1913,497,737,0,77
1914,495,742,0,83
1915,495,746,0,86
1916,499,754,0,82
1917,499,761,0,71
1918,498,764,0,67
1919,498,765,0,72
1920,498,768,0,77
1921,497,772,0,73
1922,493,775,0,72
1923,493,776,0,74
1924,493,777,0,75
1925,492,780,0,74
1926,494,787,0,64
1927,493,790,0,64
1928,493,793,0,67
1929,493,796,0,65
1930,492,796,0,67
1931,494,794,0,74
1932,494,794,0,80
1933,495,794,0,92
1934,500,791,0,112
1935,501,793,0,120
1936,507,797,0,128
1937,511,800,0,125
1938,514,802,0,125
1939,512,807,0,113
1940,516,812,0,107
1941,521,817,0,105
1942,521,821,0,105
1943,520,824,0,105
1944,522,828,0,106
1945,525,826,0,108
1946,526,827,0,108
1947,526,832,0,111
1948,528,837,0,107
1949,529,842,0,110
1950,527,844,0,118
1951,531,848,0,119
1952,535,853,0,113
1953,538,860,0,122
1954,539,865,0,124
1955,547,875,0,127
1956,551,876,0,128
1957,552,877,0,128
1958,553,879,0,125
1959,553,877,0,124
1960,554,878,0,124
1961,552,877,0,126
1962,552,878,0,127
1963,550,878,0,123
1964,552,879,0,122
1965,549,870,0,127
1966,550,871,0,131
1967,553,876,0,139
1968,555,881,0,131
1969,559,884,0,133
1970,563,884,0,134
1971,562,885,0,130
1972,566,889,0,138
1973,567,896,0,134
1974,569,903,0,142
1975,574,908,0,137
1976,586,911,0,131
1977,588,911,0,129
1978,591,916,0,127
1979,601,920,0,122
1980,605,922,0,111
1981,608,927,0,107
1982,608,930,0,90
1983,605,945,0,80
1984,602,950,0,76
1985,602,957,0,75
1986,600,959,0,65
1987,601,960,0,60
1988,603,960,0,70
1989,603,960,0,80
1990,602,961,0,78
1991,602,953,0,77
1992,603,955,0,77
1993,602,957,0,77
1994,600,960,0,82
1995,596,963,0,82
1996,598,966,0,82
1997,598,966,0,91
1998,598,967,0,98
1999,599,970,0,98
2000,599,973,0,99
2001,598,975,0,101
2002,598,979,0,101
2003,600,986,0,105
2004,605,993,0,111
2005,607,997,0,116
2006,610,1001,0,122
2007,615,1006,0,122
2008,614,1008,0,123
2009,620,1013,0,127
2010,620,1019,0,122
2011,622,1026,0,111
2012,625,1035,0,99
2013,629,1041,0,101
2014,633,1049,0,100
2015,633,1054,0,95
2016,633,1061,0,89
2017,635,1063,0,93
2018,635,1071,0,94
2019,636,1076,0,94
2020,641,1081,0,104
2023,640,1080,0,95
2024,638,1084,0,88
2025,638,1091,0,96
2026,637,1096,0,92
2027,634,1104,0,92
2028,634,1111,0,83
2029,632,1117,0,84
2030,631,1124,0,92
2031,631,1127,0,102
2032,633,1122,0,96
2033,635,1119,0,85
2034,633,1117,0,90
2035,634,1116,0,84
2036,632,1113,0,86
2037,632,1114,0,95
2038,631,1116,0,92
2039,628,1119,0,98
2040,627,1120,0,112
2041,629,1119,0,109
2042,629,1117,0,97
2043,630,1117,0,88
2044,630,1118,0,81
2045,629,1121,0,80
2046,628,1122,0,73
2047,623,1124,0,60
2048,620,1124,0,55
2049,618,1124,0,42
2050,613,1126,0,41
2051,609,1125,0,37
2052,606,1124,0,31
2053,604,1126,0,29
2054,604,1126,0,24
2055,602,1127,0,28
2056,599,1128,0,29
2057,594,1131,0,32
2058,590,1128,0,30
2059,588,1129,0,30
2060,581,1130,0,25
2061,580,1133,0,18
2062,578,1135,0,17
2063,575,1136,0,12
2064,574,1137,0,16
2065,573,1141,0,19
2066,572,1151,0,18
2067,570,1145,0,18
2068,561,1141,0,25
2069,557,1141,0,30
2070,559,1145,0,32
2071,559,1147,0,34
2072,559,1148,0,38
2073,558,1150,0,47
2074,558,1152,0,52
2075,558,1155,0,55
2076,561,1157,0,59
2077,562,1160,0,60
2078,560,1164,0,67
2079,558,1166,0,73
2080,559,1167,0,70
2081,563,1164,0,78
2082,564,1163,0,87
2083,563,1167,0,91
2084,565,1175,0,90
2085,571,1180,0,93
2086,573,1183,0,96
2087,581,1195,0,89
2088,580,1201,0,88
2089,582,1206,0,85
2090,581,1207,0,82
2091,585,1207,0,86
2092,587,1209,0,88
2093,591,1207,0,94
2094,588,1211,0,88
2095,589,1213,0,86
2096,588,1214,0,87
2097,590,1213,0,90
2098,592,1215,0,92
2099,595,1215,0,91
2100,597,1214,0,99
2101,595,1214,0,98
2102,595,1214,0,96
2103,595,1214,0,93
2104,597,1210,0,98
2105,597,1208,0,98
2106,596,1206,0,97
2107,596,1205,0,106
2108,601,1208,0,114
2109,604,1204,0,118
2110,604,1200,0,114
2111,601,1198,0,110
2112,601,1199,0,111
2113,600,1197,0,112
2114,599,1195,0,108
2115,601,1194,0,92
2116,602,1191,0,94
2117,603,1188,0,92
2118,604,1188,0,96
2119,604,1188,0,96
2120,602,1190,0,92
2121,600,1195,0,91
2122,598,1199,0,91
2123,593,1205,0,76
2124,590,1209,0,76
2125,592,1212,0,80
2126,591,1213,0,83
2127,595,1219,0,88
2128,598,1224,0,98
2129,602,1232,0,96
2130,601,1234,0,101
2131,603,1237,0,111
2132,608,1241,0,115
2133,614,1251,0,108
2134,619,1252,0,107
2135,622,1257,0,109
2136,627,1266,0,106
2137,629,1268,0,106
2138,628,1273,0,110
2139,632,1277,0,108
2140,636,1283,0,106
2141,638,1284,0,105
2147,636,1285,0,77
2148,637,1280,0,78
2149,637,1279,0,78
2150,636,1282,0,79
2151,636,1284,0,81
2152,635,1285,0,78
2154,637,1285,0,75
2155,636,1284,0,76
2156,636,1285,0,79
2169,463,1303,0,172
2171,462,1306,0,168
2174,461,1300,0,182
2175,460,1297,0,345
2184,641,1268,0,28
2185,640,1263,0,21
2186,639,1258,0,13
2187,635,1255,0,3
2188,633,1247,0,350
2189,626,1249,0,338
2190,613,1250,0,325
2191,612,1250,0,313
2192,612,1245,0,315
2193,610,1244,0,310
2194,611,1244,0,315
2195,611,1243,0,315
2196,611,1241,0,316
2197,613,1239,0,319
2198,611,1238,0,317
2199,610,1237,0,315
2200,607,1237,0,313
2201,602,1235,0,311
2202,604,1242,0,322
2203,609,1241,0,323
2204,610,1239,0,314
2205,612,1235,0,299
2206,617,1232,0,286
2207,616,1226,0,281
2208,620,1222,0,273
2209,622,1217,0,265
2210,623,1210,0,264
2211,623,1196,0,259
2212,625,1191,0,262
2213,631,1185,0,246
2214,632,1177,0,255
2215,636,1170,0,256
2216,639,1166,0,264
2217,640,1168,0,252
2218,640,1172,0,254
2219,645,1171,0,253
2220,642,1161,0,290
2221,645,1159,0,286
2222,645,1156,0,280
2223,643,1156,0,269
2224,643,1159,0,243
2225,645,1158,0,234
2226,647,1153,0,220
2227,653,1147,0,226
2228,655,1142,0,229
2229,661,1138,0,236
2230,669,1133,0,232
2231,675,1131,0,223
2232,678,1126,0,233
2233,682,1118,0,229
2234,683,1112,0,237
2235,687,1110,0,239
2236,688,1106,0,244
2237,687,1100,0,251
2238,690,1094,0,242
2239,694,1089,0,243
2240,697,1087,0,239
2241,701,1077,0,219
2242,702,1076,0,205
2243,709,1078,0,195
2244,714,1073,0,165
2245,728,1077,0,161
2246,736,1069,0,160
2247,740,1067,0,161
2248,748,1067,0,156
2249,758,1071,0,155
2250,770,1075,0,167
2251,777,1072,0,185
2252,789,1072,0,191
2253,798,1070,0,187
2254,803,1067,0,182
2255,806,1067,0,188
2256,808,1064,0,191
2257,811,1062,0,199
2258,813,1062,0,197
2259,813,1061,0,196
2260,813,1062,0,197
2261,813,1062,0,197
2262,813,1059,0,191
2263,813,1054,0,199
2264,817,1057,0,193
2265,821,1060,0,193
2266,822,1059,0,193
2267,827,1058,0,192
2268,831,1058,0,191
2269,832,1057,0,192
2270,832,1056,0,191
2271,834,1055,0,190
2272,837,1054,0,184
2273,841,1058,0,186
2274,844,1058,0,184
2275,849,1058,0,185
2276,856,1059,0,178
2277,857,1054,0,175
2278,858,1055,0,173
2279,859,1055,0,166
2280,864,1057,0,174
2281,864,1058,0,186
2282,867,1057,0,180
2283,868,1057,0,180
2284,866,1055,0,185
2285,869,1052,0,194
2286,877,1052,0,194
2287,880,1053,0,191
2288,890,1049,0,191
2289,894,1050,0,194
2290,899,1051,0,201
2291,917,1051,0,202
2292,920,1054,0,199
2293,919,1051,0,200
2294,925,1049,0,214
2295,931,1046,0,220
2296,933,1041,0,220
2297,938,1038,0,231
2298,939,1036,0,237
2299,938,1034,0,246
2300,936,1033,0,254
2301,936,1031,0,254
2302,936,1032,0,257
2303,934,1030,0,255
2304,937,1030,0,258
2305,937,1030,0,258
2306,936,1030,0,255
2307,937,1031,0,252
2308,936,1032,0,250
2309,935,1029,0,254
2310,935,1032,0,264
2311,934,1031,0,272
2312,934,1034,0,266
2313,933,1032,0,256
2314,937,1033,0,248
2315,934,1031,0,250
2316,938,1028,0,253
2317,936,1025,0,258
2318,937,1024,0,255
2319,937,1024,0,253
2320,937,1026,0,255
2321,934,1025,0,254
2322,936,1021,0,261
2323,934,1016,0,265
2324,932,1014,0,268
2325,933,1010,0,272
2326,933,1003,0,282
2327,934,1001,0,285
2328,933,997,0,288
2329,933,994,0,287
2330,933,992,0,289
2331,933,989,0,286
2332,934,988,0,287
2333,934,988,0,288
2334,935,988,0,288
2335,935,987,0,288
2336,935,988,0,291
2337,936,989,0,299
2338,935,988,0,290
2339,935,986,0,291
2340,937,988,0,299
2341,939,989,0,308
2342,938,991,0,310
2343,937,993,0,314
2344,936,993,0,314
2345,937,994,0,317
2346,940,996,0,321
2347,939,996,0,317
2348,940,996,0,315
2349,942,997,0,316
2350,942,997,0,315
2351,941,996,0,311
2352,939,994,0,307
2353,939,992,0,305
2354,938,992,0,301
2355,937,991,0,295
2356,940,989,0,291
2357,939,987,0,290
2358,939,987,0,287
2359,938,986,0,283
2360,939,986,0,289
2361,944,996,0,297
2362,943,996,0,296
2363,942,993,0,289
2364,939,991,0,291
2365,937,990,0,291
2366,936,989,0,296
2367,936,987,0,296
2368,940,991,0,291
2369,942,992,0,278
2370,944,992,0,274
2371,947,989,0,267
2372,949,987,0,260
2373,954,985,0,250
2374,957,984,0,243
2375,962,982,0,254
2376,966,976,0,251
2377,968,974,0,251
2378,973,966,0,266
2379,976,965,0,251
2380,974,967,0,248
2381,975,969,0,245
2382,978,969,0,250
2383,979,972,0,231
2384,983,971,0,222
2385,985,970,0,218
2386,988,969,0,220
2387,991,968,0,224
2388,994,968,0,222
2389,997,971,0,212
2390,999,969,0,214
2391,1006,970,0,221
2392,1004,971,0,225
2393,1003,969,0,227
2394,1003,967,0,236
2395,1007,960,0,238
2396,1013,952,0,246
2397,1015,951,0,246
2398,1015,951,0,249
2399,1014,949,0,255
2400,1014,949,0,258
2401,1015,948,0,257
2402,1014,949,0,259
2403,1018,947,0,261
2404,1018,946,0,262
2405,1019,948,0,264
2406,1020,948,0,264
2407,1020,943,0,260
2408,1023,933,0,258
2409,1025,930,0,254
2410,1028,927,0,258
2411,1032,920,0,251
2412,1032,915,0,249
2413,1035,916,0,245
2414,1036,917,0,244
2415,1035,918,0,236
2416,1034,916,0,232
2417,1036,914,0,231
2418,1036,913,0,225
2419,1037,911,0,225
2420,1042,908,0,224
2421,1046,905,0,220
2422,1048,902,0,227
2423,1043,897,0,226
2424,1040,896,0,224
2425,1037,896,0,222
2426,1040,893,0,231
2427,1037,896,0,233
2428,1036,895,0,233
2429,1035,896,0,231
2430,1034,896,0,235
2431,1035,896,0,234
2432,1035,896,0,234
2433,1035,896,0,233
2434,1035,896,0,236
2435,1034,896,0,240
2436,1033,896,0,237
2437,1032,897,0,238
2438,1030,899,0,242
2439,1029,899,0,234
2440,1028,898,0,226
2441,1027,900,0,225
2442,1027,900,0,228
2443,1028,900,0,228
2444,1027,900,0,227
2445,1028,900,0,223
2446,1028,900,0,221
2447,1028,900,0,221
2448,1028,899,0,221
2449,1027,900,0,226
2450,1026,902,0,232
2451,1025,903,0,228
2452,1025,905,0,231
2453,1023,911,0,235
2454,1020,914,0,234
2455,1020,918,0,231
2456,1020,921,0,220
2457,1020,922,0,213
2458,1019,923,0,214
2459,1015,923,0,204
2460,1011,924,0,203
2461,1013,924,0,205
2462,1013,924,0,201
2463,1018,923,0,197
2464,1021,924,0,189
2465,1022,923,0,189
2466,1023,922,0,190
2467,1021,923,0,193
2468,1017,924,0,196
2469,1016,924,0,195
2470,1017,924,0,193
2471,1020,923,0,187
2472,1022,923,0,188
2473,1024,921,0,188
2474,1027,918,0,198
2475,1028,915,0,188
2476,1030,915,0,183
2477,1026,917,0,184
2478,1024,915,0,175
2479,1025,915,0,172
2480,1023,917,0,164
2481,1024,917,0,147
2482,1025,918,0,139
2483,1027,917,0,137
2484,1028,919,0,132
2485,1026,919,0,133
2486,1024,920,0,137
2487,1020,921,0,148
2488,1017,920,0,157
2489,1016,920,0,162
2490,1016,922,0,167
2491,1017,922,0,165
2492,1018,919,0,152
2493,1017,918,0,144
2494,1015,918,0,130
2495,1015,917,0,121
2496,1016,917,0,121
2497,1016,916,0,123
2498,1018,913,0,120
2499,1019,912,0,119
2500,1020,911,0,119
2501,1024,902,0,111
2502,1025,900,0,107
2503,1028,898,0,110
2504,1038,892,0,116
2505,1044,899,0,108
2506,1044,898,0,109
2507,1043,900,0,118
2508,1058,903,0,113
2509,1059,910,0,100
2510,1057,913,0,93
2511,1054,913,0,97
2512,1047,915,0,97
2513,1044,916,0,102
2514,1041,918,0,101
2515,1039,920,0,99
2516,1037,921,0,92
2517,1035,920,0,89
2518,1034,922,0,87
2519,1037,923,0,75
2520,1039,925,0,69
2521,1041,928,0,65
2522,1042,929,0,64
2523,1046,931,0,68
2524,1046,932,0,71
2525,1043,932,0,73
2526,1046,936,0,72
2527,1046,937,0,75
2528,1045,937,0,74
2529,1043,940,0,71
2530,1041,942,0,71
2531,1038,949,0,78
2532,1037,951,0,80
2533,1038,954,0,84
2534,1038,957,0,89
2535,1040,958,0,97
2536,1046,965,0,95
2537,1046,967,0,94
2538,1043,969,0,93
2539,1044,972,0,94
2540,1045,973,0,93
2541,1045,974,0,95
2542,1045,973,0,96
2543,1046,971,0,100
2544,1046,971,0,99
2545,1046,971,0,99
2546,1047,971,0,99
2547,1047,971,0,100
2548,1047,971,0,100
2549,1047,971,0,101
2550,1051,975,0,95
2551,1049,975,0,94
2552,1048,976,0,98
2553,1047,975,0,107
2554,1047,976,0,109
2555,1045,975,0,109
2556,1043,972,0,109
2557,1042,970,0,116
2558,1042,971,0,117
2559,1043,972,0,114
2560,1041,972,0,129
2561,1044,968,0,130
2562,1042,972,0,138
2563,1039,972,0,147
2564,1039,973,0,152
2565,1039,975,0,153
2566,1043,974,0,148
2567,1049,974,0,146
2568,1055,976,0,149
2569,1061,977,0,157
2570,1068,976,0,163
2571,1069,979,0,166
2572,1066,984,0,165
2573,1065,990,0,163
2574,1068,997,0,154
2575,1071,999,0,165
2576,1078,993,0,189
2577,1085,990,0,200
2578,1086,990,0,207
2579,1086,989,0,204
2580,1087,987,0,209
2581,1089,985,0,210
2582,1089,983,0,208
2583,1087,981,0,209
2584,1085,980,0,210
2585,1085,980,0,222
2586,1085,983,0,221
2587,1085,984,0,219
2588,1088,988,0,223
2589,1087,992,0,226
2590,1089,989,0,229
2591,1087,990,0,237
2592,1086,987,0,233
2593,1085,984,0,227
2594,1092,987,0,239
2595,1098,985,0,239
2596,1102,983,0,233
2597,1104,980,0,236
2598,1105,979,0,238
2599,1104,977,0,238
2600,1105,979,0,238
2601,1106,980,0,239
2602,1108,979,0,235
2603,1112,977,0,229
2604,1117,973,0,227
2605,1121,970,0,237
2606,1126,966,0,234
2607,1127,963,0,229
2608,1126,956,0,231
2609,1127,954,0,228
2610,1128,955,0,227
2611,1130,954,0,224
2612,1136,950,0,221
2613,1137,950,0,218
2614,1138,949,0,221
2615,1141,944,0,223
2616,1143,942,0,218
2617,1147,933,0,218
2618,1155,929,0,205
2619,1156,926,0,203
2620,1159,926,0,205
2621,1159,926,0,207
2622,1157,927,0,214
2623,1160,926,0,208
2624,1165,927,0,199
2625,1167,930,0,194
2626,1167,930,0,186
2627,1165,933,0,185
2628,1164,936,0,183
2629,1165,934,0,185
2630,1164,933,0,186
2631,1165,932,0,188
2632,1166,929,0,182
2633,1168,929,0,177
2634,1169,927,0,182
2635,1173,929,0,184
2636,1177,930,0,174
2637,1180,930,0,168
2638,1181,932,0,166
2639,1180,931,0,162
2640,1180,931,0,165
2641,1183,929,0,152
2642,1185,930,0,157
2643,1188,929,0,159
2644,1187,928,0,164
2645,1186,926,0,168
2646,1187,923,0,173
2647,1187,923,0,178
2648,1189,923,0,181
2649,1189,922,0,182
2650,1189,922,0,181
2651,1190,922,0,181
2652,1189,922,0,182
2653,1188,922,0,179
2654,1187,923,0,181
2655,1187,923,0,185
2656,1186,923,0,182
2657,1185,922,0,175
2658,1185,923,0,174
2659,1185,923,0,175
2660,1185,924,0,177
2661,1184,923,0,175
2662,1185,924,0,175
2663,1185,923,0,176
2664,1185,923,0,177
2665,1184,923,0,176
2666,1184,923,0,177
2667,1184,923,0,179
2668,1185,923,0,181
2669,1186,923,0,182
2670,1186,922,0,185
2671,1186,922,0,185
2672,1185,921,0,185
2673,1186,921,0,185
2674,1186,921,0,179
2675,1186,921,0,172
2676,1187,921,0,172
2677,1187,922,0,174
2678,1188,922,0,175
2679,1186,921,0,182
2680,1186,921,0,183
2681,1184,921,0,191
2682,1183,921,0,196
2683,1182,921,0,198
2684,1182,921,0,192
2685,1180,921,0,192
2686,1178,922,0,199
2687,1177,923,0,203
2688,1178,922,0,200
2689,1179,922,0,197
2690,1184,920,0,195
2691,1183,919,0,189
2692,1183,919,0,189
2693,1182,919,0,191
2694,1182,920,0,191
2695,1182,919,0,188
2696,1184,920,0,184
2697,1185,920,0,186
2698,1185,918,0,184
2699,1183,919,0,192
2700,1184,919,0,193
2701,1184,919,0,192
2702,1185,919,0,187
2703,1185,921,0,178
2704,1186,923,0,182
2705,1188,924,0,182
2706,1189,924,0,176
2707,1189,923,0,165
2708,1189,922,0,161
2709,1188,920,0,155
2710,1187,920,0,155
2711,1186,918,0,153
2712,1185,919,0,146
2713,1185,919,0,145
2714,1187,922,0,153
2715,1187,924,0,164
2716,1188,925,0,173
2717,1187,930,0,179
2718,1186,932,0,196
2719,1186,934,0,200
2720,1188,933,0,212
2721,1191,934,0,226
2722,1192,933,0,233
2723,1193,932,0,235
2724,1193,931,0,238
2725,1193,929,0,236
2726,1194,927,0,241
2727,1197,926,0,245
2728,1199,925,0,252
2729,1200,924,0,267
2730,1202,923,0,284
2731,1199,919,0,296
2732,1198,915,0,308
2733,1198,914,0,312
2734,1198,914,0,313
2735,1199,913,0,315
2736,1199,912,0,321
2737,1201,906,0,327
2738,1205,901,0,337
2739,1207,901,0,340
2740,1206,907,0,333
2741,1208,905,0,332
2742,1208,904,0,334
2743,1207,902,0,338
2744,1208,901,0,339
2745,1207,903,0,340
2746,1206,904,0,338
2747,1211,899,0,354
2748,1210,900,0,354
2749,1210,900,0,350
2750,1210,900,0,350
2751,1210,897,0,353
2752,1210,893,0,356
2753,1211,892,0,356
2754,1212,891,0,1
2755,1212,891,0,2
2756,1212,891,0,1
2757,1213,889,0,358
2758,1213,886,0,355
2759,1210,891,0,353
2760,1211,892,0,352
2761,1211,890,0,357
2762,1212,895,0,351
2763,1212,896,0,349
2764,1211,896,0,346
2765,1211,897,0,339
2766,1211,898,0,340
2767,1211,896,0,343
2768,1212,892,0,359
2769,1208,895,0,351
2770,1207,896,0,352
2771,1206,896,0,353
2772,1207,898,0,354
2773,1205,895,0,358
2774,1205,896,0,354
2775,1205,897,0,353
2776,1204,897,0,356
2777,1204,897,0,354
2778,1204,898,0,352
2779,1205,898,0,352
2780,1205,899,0,353
2781,1205,898,0,354
2782,1205,896,0,355
2783,1205,895,0,358
2784,1206,894,0,2
2785,1207,896,0,359
2786,1208,899,0,354
2787,1207,900,0,351
2788,1207,898,0,352
2789,1208,897,0,355
2790,1207,897,0,353
2791,1207,897,0,353
2792,1208,897,0,352
2793,1208,897,0,352
2794,1208,897,0,353
2795,1208,897,0,351
2796,1207,896,0,353
2797,1207,896,0,354
2798,1207,896,0,353
2799,1206,896,0,352
2800,1206,896,0,352
2801,1207,897,0,352
2802,1208,896,0,353
2803,1209,893,0,351
2804,1208,896,0,351
2805,1210,897,0,351
2806,1213,897,0,350
2807,1212,897,0,351
2808,1212,897,0,351
2809,1214,897,0,351
2810,1213,896,0,352
2811,1213,897,0,353
2812,1211,897,0,353
2813,1211,898,0,355
2814,1210,896,0,354
2815,1209,897,0,351
2816,1209,897,0,352
2817,1209,896,0,352
2818,1208,896,0,353
2819,1208,896,0,352
2820,1208,896,0,354
2821,1209,896,0,350
2822,1208,898,0,353
2823,1208,899,0,352
2824,1208,897,0,354
2825,1208,898,0,350
2826,1207,898,0,352
2827,1208,898,0,354
2828,1208,899,0,349
2829,1207,898,0,352
2830,1207,898,0,351
2831,1207,898,0,352
2832,1207,897,0,356
2833,1208,897,0,355
2834,1208,898,0,352
2835,1208,898,0,351
2836,1209,898,0,351
2837,1209,899,0,348
2838,1210,900,0,348
2839,1211,899,0,349
2840,1211,899,0,348
2841,1211,899,0,348
2842,1212,898,0,349
2843,1211,898,0,350
2844,1210,900,0,353
2845,1210,901,0,356
2846,1209,901,0,357
2847,1209,901,0,357
2848,1209,902,0,356
2849,1208,901,0,358
2850,1208,902,0,0
2851,1208,903,0,359
2852,1208,902,0,359
2853,1208,903,0,357
2854,1208,903,0,357
2855,1207,904,0,351
2856,1208,903,0,349
2857,1210,901,0,350
2858,1210,900,0,355
2859,1211,899,0,356
2860,1212,901,0,352
2861,1212,900,0,353
2862,1211,899,0,353
2863,1210,898,0,354
2864,1210,898,0,353
2865,1210,898,0,349
2866,1210,897,0,350
2867,1209,897,0,351
2868,1209,896,0,352
2869,1209,897,0,353
2870,1210,898,0,353
2871,1209,898,0,352
2872,1209,897,0,352
2873,1208,897,0,351
2874,1208,897,0,351
2875,1209,897,0,349
2876,1209,896,0,352
2877,1209,895,0,354
2878,1209,896,0,351
2879,1212,896,0,352
2880,1211,896,0,351
2881,1211,896,0,352
2882,1210,896,0,352
2883,1210,896,0,351
2884,1210,896,0,351
2885,1209,894,0,353
2886,1211,893,0,354
2887,1212,893,0,354
2888,1211,893,0,352
2889,1212,893,0,355
2890,1211,892,0,354
2891,1209,892,0,354
2892,1211,891,0,355
2893,1210,891,0,356
2894,1211,890,0,358
2895,1211,890,0,358
2896,1213,890,0,357
2897,1213,891,0,357
2898,1214,893,0,352
2899,1216,893,0,350
2900,1216,894,0,350
2901,1216,894,0,352
2902,1216,893,0,352
2903,1217,894,0,350
2904,1216,894,0,352
2905,1215,895,0,349
2906,1213,892,0,355
2907,1212,891,0,356
2908,1212,891,0,356
2909,1212,890,0,359
2910,1212,890,0,0
2911,1213,892,0,354
2912,1212,891,0,358
2913,1212,890,0,359
2914,1214,890,0,359
2915,1213,889,0,359
2916,1214,892,0,353
2917,1215,891,0,358
2918,1215,891,0,356
2919,1216,893,0,350
2920,1215,893,0,352
2921,1214,894,0,351
2922,1214,894,0,352
2923,1215,894,0,353
2924,1213,894,0,353
2925,1212,893,0,356
2926,1212,893,0,354
2927,1214,891,0,358
2928,1213,891,0,356
2929,1212,892,0,357
2930,1213,892,0,355
2931,1214,892,0,356
2932,1214,891,0,358
2933,1216,889,0,357
2934,1216,890,0,0
2935,1217,890,0,0
2936,1218,890,0,2
2937,1218,891,0,1
2938,1217,891,0,2
2939,1217,889,0,4
2940,1217,888,0,3
2941,1216,889,0,1
2942,1214,890,0,1
2943,1214,890,0,359
2944,1216,892,0,357
2945,1217,894,0,354
2946,1217,896,0,354
2947,1219,894,0,351
2948,1219,893,0,352
2949,1219,893,0,354
2950,1220,895,0,356
2951,1220,895,0,357
2952,1219,896,0,356
2953,1219,895,0,354
2954,1217,895,0,356
2955,1217,897,0,355
2956,1216,898,0,356
2957,1217,894,0,355
2958,1214,889,0,358
2959,1213,888,0,359
2960,1213,889,0,1
2961,1214,889,0,2
2962,1214,889,0,2
2963,1215,890,0,0
2964,1215,891,0,3
2965,1216,892,0,1
2966,1215,893,0,1
2967,1215,894,0,355
2968,1215,894,0,353
2969,1215,893,0,355
2970,1215,893,0,358
2971,1216,893,0,359
2972,1215,892,0,1
2973,1215,889,0,4
2974,1215,888,0,5
2975,1215,888,0,5
2976,1214,888,0,6
2977,1212,888,0,5
2978,1212,888,0,6
2979,1212,888,0,7
2980,1212,888,0,5
2981,1212,888,0,2
2982,1213,885,0,3
2983,1213,886,0,1
2984,1212,886,0,356
2985,1212,884,0,1
2986,1213,885,0,355
2987,1213,885,0,2
2988,1213,885,0,359
2989,1213,884,0,4
2990,1213,884,0,6
2991,1213,884,0,5
2992,1213,884,0,6
2993,1213,884,0,5
2994,1212,883,0,3
2995,1212,882,0,5
2996,1212,881,0,8
2997,1214,882,0,6
2998,1213,881,0,8
2999,1213,879,0,11
