0,91,1255,0,267
1,91,1255,0,266
2,90,1255,0,264
3,90,1255,0,266
4,89,1254,0,266
5,90,1254,0,268
6,88,1253,0,266
7,89,1253,0,266
8,88,1254,0,266
9,88,1254,0,267
10,88,1253,0,266
11,89,1253,0,265
12,89,1252,0,265
13,89,1253,0,265
14,89,1253,0,268
15,89,1252,0,267
16,89,1251,0,267
17,90,1251,0,268
18,90,1251,0,268
19,90,1251,0,268
20,91,1252,0,272
21,91,1251,0,274
22,91,1251,0,272
23,91,1252,0,274
24,91,1250,0,273
25,91,1250,0,272
26,91,1250,0,272
27,91,1250,0,271
28,91,1250,0,272
29,92,1249,0,272
30,92,1249,0,271
31,92,1249,0,271
32,92,1249,0,272
33,92,1249,0,272
34,91,1249,0,271
35,91,1250,0,269
36,91,1250,0,270
37,91,1249,0,269
38,91,1250,0,270
39,91,1250,0,271
40,91,1250,0,272
41,91,1250,0,272
42,90,1251,0,276
43,90,1252,0,280
44,91,1252,0,283
45,91,1253,0,285
46,91,1253,0,285
47,91,1253,0,285
48,91,1252,0,285
49,91,1252,0,286
50,91,1252,0,286
51,91,1252,0,285
52,91,1252,0,283
53,91,1251,0,282
54,91,1251,0,281
55,92,1251,0,280
56,91,1251,0,279
57,91,1251,0,278
58,91,1251,0,279
59,91,1251,0,279
60,91,1251,0,279
61,91,1251,0,279
62,91,1251,0,280
63,91,1250,0,279
64,91,1250,0,279
65,91,1250,0,278
66,92,1250,0,278
67,92,1251,0,281
68,92,1251,0,285
69,93,1251,0,289
70,94,1251,0,291
71,94,1249,0,292
72,93,1247,0,288
73,93,1247,0,286
74,93,1246,0,283
75,91,1245,0,280
76,91,1245,0,279
77,91,1245,0,278
78,92,1245,0,277
79,93,1246,0,276
80,92,1245,0,276
81,92,1245,0,276
82,92,1245,0,276
83,92,1246,0,277
84,92,1246,0,277
85,92,1246,0,277
86,92,1246,0,278
87,92,1246,0,278
88,91,1246,0,279
89,91,1245,0,279
90,91,1245,0,279
91,91,1245,0,278
92,91,1245,0,277
93,91,1245,0,277
94,91,1245,0,278
95,91,1245,0,278
96,91,1245,0,277
97,91,1245,0,277
98,91,1245,0,276
99,91,1245,0,275
100,91,1245,0,274
101,91,1245,0,274
102,91,1245,0,273
103,90,1244,0,271
104,90,1244,0,271
105,91,1244,0,272
106,91,1244,0,273
107,91,1244,0,274
108,91,1244,0,273
109,91,1243,0,274
110,91,1244,0,274
111,91,1244,0,275
112,91,1244,0,274
113,91,1244,0,274
114,91,1244,0,275
115,91,1243,0,274
116,91,1243,0,275
117,91,1243,0,273
118,91,1243,0,273
119,91,1243,0,274
120,91,1243,0,275
121,91,1243,0,275
122,91,1243,0,275
123,91,1243,0,275
124,91,1243,0,275
125,91,1243,0,275
126,91,1243,0,275
127,91,1243,0,275
128,91,1243,0,275
129,91,1243,0,275
130,91,1243,0,276
131,91,1243,0,275
132,91,1244,0,275
133,91,1243,0,277
134,91,1243,0,277
135,91,1243,0,277
136,91,1244,0,277
137,91,1244,0,277
138,91,1244,0,277
139,91,1243,0,277
140,91,1243,0,277
141,91,1243,0,276
142,91,1243,0,276
143,91,1243,0,276
144,91,1243,0,275
145,91,1243,0,275
146,91,1244,0,276
147,91,1244,0,276
148,91,1243,0,276
149,91,1243,0,275
150,91,1244,0,277
151,91,1243,0,275
152,90,1244,0,275
153,90,1243,0,274
154,90,1243,0,273
155,90,1243,0,273
156,90,1243,0,273
157,90,1243,0,273
158,90,1243,0,273
159,89,1242,0,272
160,87,1241,0,272
161,85,1241,0,271
162,84,1241,0,270
163,85,1241,0,271
164,85,1241,0,271
165,85,1241,0,274
166,85,1242,0,276
167,86,1242,0,275
168,86,1242,0,275
169,86,1243,0,275
170,86,1243,0,275
171,86,1243,0,275
172,86,1243,0,276
173,86,1243,0,276
174,86,1243,0,276
175,86,1243,0,275
176,86,1242,0,275
177,86,1242,0,276
178,90,1241,0,277
179,87,1239,0,277
180,85,1238,0,278
181,86,1237,0,281
182,86,1238,0,281
183,85,1237,0,281
184,84,1238,0,285
185,83,1239,0,284
186,81,1241,0,281
187,80,1243,0,282
188,82,1247,0,297
189,80,1247,0,296
190,81,1249,0,299
191,80,1248,0,298
192,81,1248,0,299
193,79,1249,0,301
194,78,1253,0,297
195,79,1255,0,291
196,79,1258,0,285
197,78,1261,0,296
198,78,1263,0,302
199,76,1261,0,294
200,74,1257,0,292
201,75,1256,0,291
202,75,1257,0,292
203,80,1267,0,302
204,77,1260,0,295
205,79,1261,0,290
206,79,1260,0,290
207,80,1260,0,285
208,85,1256,0,278
209,83,1258,0,283
210,83,1258,0,285
211,83,1257,0,290
212,83,1254,0,286
213,84,1253,0,282
214,84,1253,0,282
215,84,1254,0,286
216,85,1255,0,295
217,85,1255,0,296
218,85,1254,0,297
219,85,1254,0,297
220,84,1254,0,291
221,83,1256,0,285
222,83,1257,0,285
223,83,1257,0,280
224,82,1257,0,272
225,81,1257,0,267
226,82,1258,0,266
227,82,1259,0,261
228,84,1260,0,259
229,85,1262,0,257
230,85,1262,0,254
231,85,1262,0,251
232,86,1263,0,254
233,87,1265,0,251
234,91,1268,0,251
235,99,1263,0,240
236,98,1262,0,233
237,98,1262,0,232
238,99,1260,0,232
239,99,1260,0,231
240,100,1260,0,232
241,101,1261,0,236
242,102,1261,0,234
243,102,1260,0,230
244,102,1260,0,227
245,102,1260,0,225
246,102,1260,0,225
247,102,1261,0,225
248,102,1260,0,226
249,102,1260,0,226
250,102,1260,0,226
251,102,1260,0,226
252,101,1260,0,227
253,101,1260,0,227
254,101,1260,0,228
255,101,1260,0,229
256,101,1259,0,230
257,102,1259,0,230
258,102,1259,0,231
259,101,1259,0,229
260,101,1258,0,229
261,100,1258,0,230
262,101,1257,0,228
263,102,1256,0,224
264,102,1255,0,224
265,102,1254,0,222
266,103,1254,0,222
267,103,1254,0,221
268,103,1254,0,221
269,104,1254,0,221
270,103,1253,0,222
271,103,1254,0,220
272,103,1254,0,221
273,104,1254,0,220
274,104,1253,0,220
275,103,1253,0,219
276,103,1253,0,217
277,103,1252,0,218
278,104,1252,0,218
279,104,1250,0,218
280,104,1249,0,216
281,104,1249,0,216
282,104,1247,0,216
283,104,1246,0,214
284,104,1245,0,215
285,104,1246,0,215
286,105,1245,0,219
287,106,1246,0,221
288,107,1245,0,226
289,106,1246,0,230
290,106,1247,0,230
291,107,1246,0,229
292,106,1246,0,229
293,106,1246,0,229
294,106,1245,0,225
295,106,1245,0,224
296,108,1244,0,224
297,109,1244,0,223
298,109,1243,0,224
299,107,1242,0,229
300,109,1242,0,230
301,110,1241,0,228
302,110,1241,0,228
303,109,1239,0,224
304,110,1235,0,226
305,111,1234,0,234
306,111,1236,0,241
307,111,1234,0,243
308,110,1232,0,242
309,111,1233,0,244
310,110,1233,0,247
311,107,1234,0,248
312,105,1235,0,246
313,106,1236,0,249
314,106,1237,0,252
315,107,1237,0,250
316,106,1237,0,252
317,106,1237,0,253
318,105,1237,0,251
319,104,1237,0,253
320,104,1236,0,252
321,104,1236,0,254
322,103,1236,0,256
323,102,1236,0,257
324,102,1235,0,255
325,101,1235,0,255
326,100,1234,0,253
327,100,1234,0,253
328,100,1234,0,253
329,100,1234,0,251
330,100,1234,0,250
331,101,1234,0,248
332,101,1234,0,248
333,101,1234,0,248
334,100,1234,0,247
335,100,1234,0,247
336,100,1234,0,246
337,101,1234,0,247
338,101,1234,0,246
339,101,1234,0,245
340,101,1234,0,244
341,101,1234,0,244
342,101,1234,0,246
343,101,1233,0,245
344,101,1233,0,245
345,101,1233,0,244
346,102,1233,0,247
347,102,1233,0,246
348,102,1233,0,246
349,102,1233,0,246
350,102,1234,0,245
351,102,1234,0,244
352,102,1233,0,244
353,102,1233,0,243
354,102,1233,0,243
355,102,1232,0,245
356,102,1232,0,245
357,102,1232,0,246
358,102,1231,0,247
359,102,1231,0,247
360,102,1231,0,246
361,102,1231,0,245
362,102,1231,0,245
363,102,1231,0,245
364,103,1232,0,245
365,103,1232,0,244
366,102,1232,0,246
367,103,1232,0,244
368,102,1232,0,245
369,102,1232,0,245
370,102,1232,0,245
371,102,1232,0,247
372,102,1232,0,246
373,102,1232,0,246
374,102,1232,0,246
375,102,1232,0,245
376,102,1232,0,246
377,102,1233,0,246
378,102,1233,0,244
379,102,1233,0,246
380,102,1233,0,245
381,102,1233,0,245
382,102,1233,0,244
383,102,1232,0,245
384,102,1232,0,245
385,102,1232,0,245
386,102,1233,0,244
387,102,1233,0,245
388,102,1232,0,245
389,102,1232,0,244
390,102,1233,0,244
391,102,1233,0,244
392,102,1233,0,245
393,102,1233,0,245
394,102,1233,0,245
395,102,1233,0,245
396,102,1233,0,244
397,102,1233,0,244
398,102,1233,0,244
399,102,1233,0,243
400,102,1233,0,243
401,102,1233,0,243
402,102,1233,0,243
403,102,1234,0,242
404,102,1232,0,242
405,101,1233,0,248
406,101,1233,0,248
407,100,1234,0,249
408,100,1234,0,250
409,100,1234,0,249
410,100,1234,0,246
411,100,1234,0,244
412,100,1234,0,244
413,99,1238,0,240
414,101,1239,0,232
415,101,1240,0,234
416,101,1239,0,237
417,102,1239,0,235
418,103,1239,0,235
419,102,1238,0,236
420,102,1239,0,234
421,100,1242,0,249
422,100,1241,0,244
423,102,1239,0,239
424,102,1237,0,237
425,103,1236,0,238
426,103,1236,0,236
427,103,1236,0,236
428,103,1237,0,235
429,103,1236,0,235
430,104,1237,0,235
431,106,1237,0,230
432,107,1238,0,230
433,106,1239,0,232
434,107,1239,0,232
435,107,1239,0,232
436,108,1239,0,230
437,109,1239,0,232
438,109,1240,0,233
439,108,1239,0,234
440,109,1239,0,234
441,109,1239,0,236
442,109,1238,0,236
443,109,1239,0,237
444,108,1239,0,240
445,108,1239,0,240
446,108,1239,0,240
447,109,1239,0,240
448,109,1238,0,244
449,109,1238,0,249
450,111,1239,0,252
451,111,1240,0,250
452,112,1241,0,249
453,112,1240,0,248
454,112,1240,0,250
455,111,1239,0,250
456,109,1239,0,247
457,107,1239,0,251
458,108,1239,0,248
459,107,1240,0,250
460,107,1239,0,250
461,107,1240,0,250
462,107,1240,0,249
463,106,1239,0,252
464,106,1239,0,253
465,106,1239,0,254
466,106,1240,0,255
467,105,1239,0,256
468,106,1239,0,255
469,106,1239,0,253
470,106,1238,0,253
471,107,1238,0,252
472,108,1239,0,255
473,108,1239,0,254
474,108,1239,0,254
475,108,1240,0,254
476,108,1240,0,254
477,107,1241,0,256
478,108,1240,0,256
479,107,1241,0,255
480,108,1241,0,254
481,109,1241,0,255
482,109,1240,0,257
483,108,1240,0,256
484,108,1239,0,257
485,108,1239,0,255
486,107,1238,0,253
487,107,1238,0,252
488,107,1238,0,252
489,107,1237,0,254
490,107,1237,0,253
491,107,1236,0,252
492,107,1237,0,254
493,107,1237,0,253
494,107,1236,0,254
495,106,1237,0,257
496,107,1236,0,256
497,107,1237,0,256
498,107,1237,0,256
499,106,1237,0,255
500,106,1238,0,255
501,106,1238,0,251
502,106,1237,0,252
503,106,1237,0,253
504,106,1237,0,253
505,106,1236,0,252
506,106,1237,0,249
507,106,1237,0,249
508,107,1236,0,249
509,107,1236,0,248
510,107,1235,0,250
511,107,1235,0,249
512,107,1235,0,251
513,107,1234,0,251
514,107,1234,0,251
515,107,1234,0,251
516,107,1234,0,252
517,107,1234,0,252
518,106,1234,0,251
519,106,1233,0,252
520,106,1233,0,251
521,106,1233,0,252
522,106,1233,0,251
523,106,1232,0,249
524,106,1230,0,243
525,106,1230,0,242
526,105,1229,0,239
527,105,1229,0,241
528,105,1229,0,245
529,105,1228,0,241
530,105,1229,0,242
531,104,1229,0,246
532,104,1229,0,246
533,103,1229,0,249
534,102,1229,0,250
535,102,1229,0,251
536,102,1229,0,250
537,102,1230,0,250
538,102,1229,0,250
539,102,1229,0,250
540,102,1229,0,250
541,102,1229,0,250
542,102,1229,0,250
543,101,1229,0,249
544,101,1229,0,249
545,102,1228,0,249
546,102,1228,0,249
547,102,1228,0,249
548,102,1228,0,250
549,102,1228,0,250
550,102,1229,0,251
551,102,1229,0,250
552,102,1229,0,250
553,102,1228,0,250
554,102,1229,0,250
555,102,1229,0,249
556,101,1229,0,249
557,101,1230,0,251
558,101,1230,0,250
559,101,1230,0,251
560,100,1231,0,253
561,99,1232,0,255
562,97,1233,0,258
563,96,1235,0,257
564,96,1238,0,260
565,95,1241,0,256
566,95,1243,0,250
567,95,1247,0,249
568,95,1248,0,250
569,95,1249,0,249
570,95,1250,0,251
571,96,1250,0,250
572,96,1252,0,250
573,97,1252,0,248
574,96,1252,0,256
575,96,1252,0,257
576,97,1252,0,257
577,97,1251,0,259
578,97,1251,0,259
579,97,1251,0,259
580,98,1250,0,258
581,98,1249,0,257
582,98,1248,0,260
583,98,1247,0,263
584,99,1246,0,258
585,100,1243,0,259
586,101,1241,0,258
587,101,1236,0,255
588,100,1229,0,257
589,100,1227,0,253
590,100,1227,0,257
591,101,1227,0,257
592,100,1229,0,258
593,100,1228,0,256
594,100,1229,0,256
595,100,1229,0,256
596,100,1230,0,256
597,99,1229,0,253
598,99,1230,0,256
599,99,1230,0,255
600,98,1232,0,258
601,97,1234,0,256
602,96,1234,0,259
603,96,1233,0,259
604,97,1233,0,260
605,96,1232,0,259
606,97,1232,0,260
607,96,1233,0,256
608,97,1233,0,255
609,101,1235,0,251
610,104,1237,0,254
611,107,1237,0,259
612,112,1237,0,268
613,113,1237,0,266
614,114,1240,0,266
615,118,1242,0,265
616,123,1250,0,271
617,125,1252,0,262
618,125,1253,0,261
619,125,1252,0,262
620,125,1250,0,267
621,124,1251,0,273
622,123,1250,0,280
623,123,1250,0,278
624,121,1250,0,275
625,120,1249,0,275
626,120,1249,0,276
627,119,1247,0,278
628,117,1248,0,270
629,115,1247,0,266
630,112,1249,0,251
631,111,1250,0,239
632,113,1249,0,237
633,118,1245,0,259
634,120,1241,0,278
635,123,1238,0,286
636,125,1236,0,291
637,124,1236,0,292
638,123,1236,0,289
639,121,1238,0,284
640,120,1238,0,285
641,119,1240,0,289
642,118,1240,0,289
643,118,1240,0,291
644,119,1240,0,292
645,119,1240,0,292
646,119,1240,0,293
647,119,1240,0,291
648,118,1240,0,292
649,118,1240,0,291
650,117,1240,0,291
651,117,1241,0,292
652,117,1241,0,290
653,117,1241,0,289
654,117,1241,0,289
655,117,1241,0,288
656,117,1241,0,288
657,117,1241,0,288
658,117,1241,0,288
659,117,1241,0,288
660,117,1241,0,288
661,117,1241,0,289
662,117,1241,0,288
663,117,1241,0,289
664,117,1241,0,288
665,117,1241,0,289
666,117,1241,0,290
667,117,1241,0,290
668,117,1241,0,290
669,117,1241,0,291
670,117,1241,0,292
671,117,1241,0,293
672,117,1241,0,294
673,117,1241,0,294
674,117,1241,0,293
675,117,1241,0,294
676,117,1241,0,294
677,117,1241,0,294
678,117,1241,0,294
679,117,1241,0,293
680,117,1241,0,294
681,117,1242,0,294
682,117,1241,0,294
683,117,1241,0,294
684,117,1241,0,296
685,117,1241,0,295
686,117,1241,0,295
687,117,1241,0,295
688,117,1241,0,295
689,117,1241,0,295
690,117,1241,0,296
691,116,1241,0,297
692,116,1241,0,297
693,115,1242,0,295
694,115,1242,0,294
695,115,1242,0,294
696,115,1242,0,293
697,115,1242,0,293
698,115,1242,0,293
699,115,1242,0,292
700,115,1242,0,292
701,115,1242,0,292
702,115,1242,0,292
703,115,1242,0,293
704,115,1242,0,293
705,115,1242,0,293
706,115,1242,0,293
707,115,1242,0,293
708,115,1242,0,293
709,115,1242,0,294
710,115,1242,0,293
711,115,1242,0,294
712,115,1242,0,293
713,115,1242,0,293
714,115,1242,0,293
715,115,1242,0,292
716,115,1242,0,292
717,115,1241,0,291
718,115,1242,0,292
719,115,1241,0,291
720,115,1241,0,291
721,115,1241,0,291
722,115,1241,0,291
723,115,1241,0,291
724,115,1241,0,291
725,115,1241,0,291
726,115,1241,0,291
727,115,1241,0,291
728,115,1241,0,290
729,115,1241,0,290
730,115,1241,0,290
731,115,1241,0,291
732,115,1241,0,290
733,115,1241,0,290
734,115,1241,0,292
735,115,1241,0,291
736,115,1241,0,292
737,115,1241,0,291
738,115,1241,0,292
739,115,1241,0,291
740,115,1241,0,291
741,115,1241,0,292
742,115,1241,0,291
743,115,1241,0,292
744,115,1241,0,291
745,115,1241,0,292
746,115,1241,0,291
747,116,1241,0,291
748,115,1241,0,291
749,116,1241,0,291
750,116,1241,0,291
751,116,1241,0,291
752,115,1241,0,291
753,116,1241,0,291
754,115,1241,0,291
755,115,1241,0,291
756,115,1241,0,291
757,115,1241,0,292
758,116,1241,0,292
759,116,1241,0,291
760,116,1241,0,292
761,116,1241,0,292
762,116,1241,0,293
763,116,1242,0,292
764,116,1241,0,292
765,116,1241,0,293
766,116,1242,0,294
767,116,1242,0,295
768,116,1242,0,294
769,117,1241,0,295
770,119,1243,0,289
771,118,1243,0,290
772,119,1243,0,289
773,119,1243,0,288
774,119,1242,0,286
775,120,1242,0,284
776,119,1242,0,284
777,119,1241,0,284
778,120,1241,0,284
779,120,1241,0,282
780,120,1241,0,281
781,120,1241,0,280
782,120,1241,0,281
783,120,1241,0,281
784,120,1241,0,281
785,120,1240,0,281
786,120,1240,0,280
787,120,1240,0,281
788,120,1240,0,280
789,120,1240,0,280
790,119,1239,0,281
791,120,1240,0,282
792,119,1240,0,281
793,119,1240,0,282
794,119,1239,0,282
795,119,1239,0,283
796,119,1240,0,283
797,119,1240,0,283
798,119,1240,0,283
799,119,1240,0,283
800,119,1240,0,284
801,119,1240,0,284
802,119,1240,0,285
803,119,1240,0,285
804,119,1240,0,285
805,119,1240,0,285
806,119,1240,0,285
807,119,1239,0,285
808,119,1240,0,286
809,119,1240,0,286
810,119,1239,0,286
811,119,1239,0,286
812,118,1239,0,287
813,118,1239,0,286
814,118,1240,0,286
815,118,1239,0,286
816,118,1240,0,285
817,118,1239,0,286
818,118,1240,0,286
819,118,1240,0,287
820,118,1240,0,287
821,118,1240,0,288
822,118,1240,0,288
823,118,1240,0,289
824,118,1240,0,288
825,118,1240,0,291
826,118,1240,0,289
827,118,1240,0,290
828,118,1240,0,291
829,118,1240,0,290
830,118,1240,0,291
831,118,1240,0,291
832,118,1239,0,290
833,118,1239,0,291
834,118,1239,0,291
835,118,1239,0,290
836,117,1239,0,291
837,118,1239,0,291
838,117,1239,0,290
839,118,1239,0,290
840,118,1239,0,290
841,118,1239,0,290
842,118,1239,0,290
843,117,1239,0,289
844,117,1240,0,289
845,118,1239,0,290
846,118,1239,0,289
847,118,1239,0,289
848,118,1239,0,290
849,118,1239,0,290
850,118,1240,0,290
851,118,1239,0,290
852,118,1239,0,290
853,118,1240,0,290
854,118,1239,0,290
855,118,1239,0,290
856,118,1240,0,290
857,117,1240,0,290
858,118,1239,0,290
859,118,1239,0,289
860,117,1239,0,290
861,117,1239,0,290
862,118,1239,0,290
863,118,1239,0,290
864,117,1239,0,290
865,118,1239,0,290
866,118,1239,0,290
867,118,1239,0,290
868,117,1239,0,290
869,118,1239,0,289
870,118,1239,0,290
871,118,1239,0,290
872,117,1239,0,290
873,118,1239,0,289
874,117,1239,0,290
875,118,1239,0,290
876,118,1239,0,290
877,118,1239,0,290
878,117,1239,0,290
879,117,1239,0,290
880,117,1239,0,290
881,117,1239,0,290
882,117,1239,0,289
883,117,1239,0,289
884,117,1239,0,289
885,117,1239,0,289
886,117,1239,0,290
887,117,1239,0,291
888,117,1239,0,291
889,117,1239,0,290
890,117,1239,0,291
891,117,1239,0,290
892,118,1239,0,290
893,117,1239,0,290
894,117,1239,0,290
895,117,1239,0,290
896,117,1239,0,290
897,117,1239,0,290
898,118,1239,0,290
899,118,1239,0,290
900,118,1239,0,290
901,118,1239,0,290
902,118,1239,0,290
903,118,1239,0,290
904,118,1239,0,289
905,117,1239,0,290
906,118,1239,0,289
907,117,1239,0,290
908,117,1239,0,290
909,117,1239,0,290
910,117,1239,0,290
911,117,1239,0,290
912,117,1239,0,290
913,117,1239,0,291
914,117,1239,0,290
915,117,1239,0,290
916,118,1239,0,290
917,117,1239,0,290
918,117,1239,0,290
919,118,1239,0,290
920,117,1239,0,291
921,117,1239,0,290
922,118,1239,0,289
923,117,1239,0,291
924,117,1239,0,290
925,117,1239,0,290
926,117,1239,0,290
927,117,1239,0,290
928,117,1239,0,290
929,119,1240,0,282
930,119,1240,0,280
931,119,1240,0,279
932,119,1240,0,279
933,119,1239,0,280
934,119,1239,0,281
935,119,1239,0,283
936,119,1239,0,284
937,119,1239,0,283
938,119,1239,0,283
939,119,1239,0,284
940,119,1239,0,284
941,119,1238,0,282
942,119,1238,0,283
943,119,1237,0,283
944,119,1237,0,283
945,119,1238,0,284
946,119,1238,0,283
947,120,1239,0,288
948,119,1240,0,287
949,119,1241,0,288
950,119,1241,0,290
951,119,1241,0,291
952,119,1241,0,291
953,119,1241,0,293
954,122,1243,0,302
955,123,1243,0,305
956,123,1245,0,307
957,123,1245,0,308
958,122,1243,0,307
959,122,1242,0,309
960,122,1243,0,310
961,122,1242,0,310
962,123,1243,0,311
963,122,1243,0,311
964,122,1243,0,312
965,122,1243,0,308
966,123,1243,0,309
967,124,1244,0,308
968,126,1245,0,308
969,129,1245,0,301
970,130,1246,0,298
971,132,1246,0,298
972,132,1247,0,297
973,133,1247,0,296
974,132,1246,0,293
975,133,1245,0,294
976,135,1246,0,295
977,135,1245,0,298
978,135,1245,0,298
979,136,1245,0,300
980,136,1246,0,301
981,136,1246,0,302
982,136,1245,0,304
983,136,1245,0,302
984,136,1245,0,303
985,135,1245,0,301
986,136,1245,0,304
987,137,1244,0,309
988,140,1242,0,317
989,140,1242,0,315
990,140,1242,0,311
991,138,1241,0,310
992,137,1240,0,310
993,136,1240,0,308
994,135,1239,0,307
995,134,1240,0,304
996,134,1238,0,306
997,134,1236,0,312
998,130,1236,0,311
999,125,1236,0,303
1000,123,1237,0,304
1001,122,1236,0,306
1002,122,1236,0,306
1003,121,1236,0,303
1004,121,1234,0,307
1005,121,1236,0,312
1006,122,1236,0,313
1007,123,1236,0,315
1008,123,1236,0,315
1009,124,1236,0,317
1010,124,1236,0,317
1011,124,1237,0,319
1012,124,1236,0,316
1013,125,1236,0,318
1014,126,1236,0,320
1015,125,1236,0,318
1016,125,1235,0,321
1017,124,1235,0,319
1018,124,1235,0,320
1019,124,1235,0,319
1020,124,1235,0,320
1021,124,1235,0,319
1022,125,1235,0,320
1023,125,1235,0,320
1024,125,1235,0,321
1025,126,1236,0,321
1026,126,1235,0,321
1027,126,1235,0,320
1028,126,1235,0,321
1029,125,1235,0,320
1030,125,1235,0,319
1031,125,1234,0,319
1032,125,1234,0,319
1033,125,1234,0,322
1034,126,1235,0,322
1035,126,1234,0,324
1036,126,1234,0,324
1037,126,1234,0,324
1038,126,1234,0,324
1039,126,1234,0,324
1040,126,1234,0,325
1041,126,1234,0,324
1042,126,1234,0,324
1043,126,1234,0,323
1044,126,1234,0,323
1045,126,1234,0,323
1046,126,1234,0,323
1047,126,1234,0,322
1048,125,1235,0,317
1049,124,1234,0,315
1050,123,1234,0,315
1051,122,1234,0,316
1052,120,1233,0,315
1053,116,1233,0,309
1054,113,1234,0,305
1055,113,1234,0,302
1056,112,1233,0,299
1057,111,1232,0,297
1058,112,1232,0,293
1059,113,1230,0,287
1060,114,1230,0,284
1061,113,1230,0,286
1062,111,1231,0,284
1063,109,1230,0,289
1064,109,1231,0,291
1065,111,1235,0,291
1066,107,1236,0,292
1067,106,1237,0,290
1068,104,1237,0,297
1069,104,1237,0,299
1070,103,1237,0,301
1071,103,1236,0,303
1072,103,1236,0,306
1073,102,1235,0,306
1074,102,1235,0,307
1075,102,1235,0,308
1076,102,1235,0,307
1077,102,1235,0,306
1078,102,1235,0,306
1079,102,1235,0,306
1080,102,1235,0,306
1081,102,1235,0,306
1082,102,1235,0,306
1083,102,1235,0,306
1084,102,1235,0,306
1085,102,1235,0,306
1086,102,1235,0,305
1087,102,1234,0,305
1088,102,1234,0,305
1089,102,1234,0,305
1090,102,1235,0,304
1091,102,1235,0,306
1092,102,1235,0,306
1093,102,1235,0,306
1094,102,1235,0,307
1095,102,1235,0,306
1096,103,1235,0,308
1097,103,1235,0,307
1098,104,1236,0,310
1099,105,1236,0,309
1100,106,1235,0,309
1101,108,1236,0,312
1102,108,1236,0,318
1103,107,1235,0,322
1104,108,1235,0,325
1105,109,1235,0,333
1106,109,1235,0,336
1107,109,1236,0,335
1108,109,1236,0,334
1109,108,1235,0,330
1110,107,1235,0,327
1111,107,1234,0,327
1112,107,1235,0,328
1113,107,1235,0,328
1114,107,1235,0,327
1115,107,1235,0,325
1116,105,1238,0,320
1117,107,1238,0,325
1118,107,1238,0,326
1119,107,1238,0,327
1120,106,1237,0,328
1121,106,1236,0,327
1122,106,1235,0,330
1123,108,1237,0,328
1124,107,1239,0,329
1125,105,1239,0,325
1126,104,1238,0,327
1127,103,1239,0,324
1128,103,1238,0,321
1129,102,1237,0,320
1130,101,1237,0,321
1131,100,1237,0,325
1132,100,1236,0,326
1133,101,1237,0,330
1134,101,1237,0,326
1135,101,1237,0,325
1136,101,1237,0,325
1137,101,1237,0,326
1138,100,1236,0,326
1139,100,1236,0,324
1140,99,1236,0,326
1141,98,1236,0,326
1142,99,1236,0,327
1143,99,1237,0,327
1144,98,1237,0,328
1145,98,1237,0,329
1146,98,1237,0,329
1147,99,1237,0,327
1148,99,1237,0,330
1149,99,1237,0,330
1150,99,1237,0,330
1151,98,1237,0,329
1152,98,1237,0,329
1153,98,1237,0,327
1154,98,1237,0,327
1155,99,1237,0,327
1156,98,1237,0,327
1157,98,1237,0,327
1158,98,1237,0,326
1159,98,1236,0,327
1160,98,1237,0,326
1161,97,1237,0,329
1162,97,1237,0,330
1163,98,1237,0,330
1164,98,1237,0,329
1165,98,1237,0,330
1166,98,1237,0,330
1167,97,1237,0,329
1168,98,1236,0,329
1169,98,1236,0,330
1170,97,1237,0,331
1171,97,1237,0,333
1172,97,1238,0,332
1173,97,1239,0,332
1174,97,1239,0,334
1175,97,1239,0,335
1176,97,1238,0,336
1177,98,1238,0,338
1178,99,1238,0,336
1179,98,1237,0,336
1180,98,1237,0,335
1181,99,1237,0,334
1182,99,1238,0,334
1183,99,1238,0,335
1184,99,1238,0,334
1185,98,1238,0,333
1186,98,1238,0,333
1187,98,1238,0,334
1188,98,1238,0,333
1189,99,1238,0,333
1190,98,1238,0,332
1191,98,1238,0,332
1192,98,1238,0,332
1193,99,1238,0,331
1194,99,1238,0,331
1195,99,1237,0,331
1196,99,1237,0,331
1197,99,1237,0,330
1198,99,1237,0,331
1199,99,1237,0,329
1200,99,1238,0,330
1201,99,1237,0,329
1202,98,1237,0,328
1203,98,1238,0,330
1204,98,1238,0,330
1205,98,1237,0,329
1206,99,1237,0,328
1207,99,1237,0,329
1208,99,1237,0,329
1209,99,1237,0,329
1210,99,1237,0,329
1211,99,1237,0,329
1212,99,1237,0,329
1213,99,1237,0,329
1214,98,1237,0,328
1215,98,1237,0,328
1216,98,1237,0,328
1217,98,1237,0,327
1218,99,1237,0,326
1219,99,1237,0,327
1220,99,1237,0,326
1221,99,1237,0,326
1222,99,1237,0,325
1223,99,1237,0,325
1224,99,1237,0,325
1225,99,1237,0,326
1226,99,1237,0,326
1227,99,1237,0,327
1228,98,1237,0,325
1229,98,1237,0,326
1230,98,1237,0,325
1231,98,1237,0,325
1232,98,1237,0,325
1233,98,1237,0,325
1234,98,1237,0,325
1235,98,1237,0,325
1236,98,1237,0,325
1237,98,1237,0,325
1238,98,1237,0,325
1239,98,1237,0,325
1240,98,1237,0,325
1241,99,1237,0,325
1242,99,1237,0,325
1243,99,1237,0,325
1244,99,1237,0,326
1245,99,1237,0,327
1246,99,1237,0,327
1247,99,1237,0,326
1248,99,1237,0,326
1249,99,1237,0,326
1250,99,1237,0,326
1251,99,1237,0,326
1252,99,1237,0,326
1253,99,1237,0,326
1254,99,1237,0,326
1255,99,1237,0,326
1256,99,1237,0,326
1257,99,1237,0,326
1258,99,1237,0,326
1259,99,1237,0,326
1260,99,1237,0,326
1261,99,1237,0,326
1262,99,1237,0,327
1263,99,1237,0,327
1264,99,1237,0,327
1265,99,1237,0,326
1266,99,1237,0,326
1267,99,1237,0,327
1268,99,1237,0,326
1269,99,1237,0,326
1270,99,1237,0,326
1271,99,1237,0,326
1272,99,1237,0,326
1273,99,1237,0,326
1274,99,1237,0,326
1275,99,1237,0,326
1276,99,1237,0,326
1277,99,1237,0,325
1278,99,1237,0,326
1279,99,1237,0,326
1280,99,1237,0,326
1281,99,1237,0,326
1282,99,1237,0,326
1283,99,1237,0,326
1284,99,1237,0,326
1285,99,1237,0,325
1286,99,1237,0,325
1287,99,1237,0,325
1288,99,1237,0,325
1289,99,1237,0,326
1290,99,1237,0,325
1291,99,1237,0,325
1292,99,1237,0,325
1293,99,1237,0,326
1294,99,1237,0,326
1295,99,1237,0,326
1296,99,1237,0,325
1297,99,1237,0,326
1298,99,1237,0,326
1299,99,1237,0,325
1300,99,1237,0,325
1301,99,1237,0,325
1302,99,1237,0,325
1303,99,1237,0,325
1304,99,1237,0,325
1305,99,1237,0,324
1306,99,1237,0,324
1307,99,1237,0,324
1308,99,1237,0,323
1309,99,1237,0,323
1310,99,1237,0,322
1311,99,1236,0,321
1312,99,1236,0,320
1313,99,1236,0,318
1314,99,1236,0,319
1315,99,1236,0,319
1316,98,1235,0,319
1317,98,1235,0,319
1318,98,1235,0,319
1319,98,1235,0,319
1320,98,1235,0,318
1321,98,1235,0,318
1322,99,1235,0,317
1323,99,1236,0,319
1324,99,1236,0,319
1325,99,1236,0,319
1326,99,1236,0,319
1327,99,1236,0,319
1328,99,1236,0,319
1329,99,1236,0,319
1330,99,1236,0,318
1331,99,1235,0,319
1332,98,1235,0,318
1333,99,1235,0,316
1334,99,1235,0,316
1335,99,1236,0,316
1336,99,1236,0,315
1337,98,1235,0,315
1338,99,1235,0,315
1339,99,1236,0,316
1340,99,1236,0,316
1341,99,1236,0,316
1342,99,1236,0,316
1343,99,1236,0,316
1344,99,1236,0,316
1345,99,1236,0,316
1346,99,1236,0,316
1347,98,1236,0,317
1348,99,1236,0,316
1349,99,1235,0,317
1350,98,1235,0,316
1351,99,1235,0,317
1352,99,1235,0,317
1353,99,1235,0,317
1354,98,1235,0,317
1355,98,1235,0,317
1356,99,1235,0,317
1357,98,1235,0,317
1358,98,1235,0,317
1359,98,1235,0,318
1360,98,1235,0,317
1361,98,1235,0,317
1362,98,1235,0,317
1363,98,1235,0,317
1364,98,1235,0,317
1365,98,1235,0,317
1366,98,1235,0,317
1367,98,1235,0,316
1368,98,1235,0,317
1369,98,1235,0,316
1370,98,1235,0,317
1371,99,1235,0,317
1372,98,1235,0,317
1373,99,1235,0,317
1374,98,1235,0,318
1375,99,1235,0,317
1376,99,1235,0,317
1377,99,1235,0,317
1378,99,1235,0,317
1379,99,1236,0,317
1380,99,1235,0,317
1381,99,1236,0,317
1382,99,1235,0,318
1383,99,1235,0,317
1384,99,1236,0,317
1385,99,1235,0,317
1386,99,1235,0,317
1387,99,1235,0,317
1388,99,1235,0,317
1389,99,1235,0,317
1390,99,1235,0,317
1391,99,1235,0,317
1392,99,1235,0,316
1393,99,1235,0,317
1394,99,1235,0,317
1395,99,1235,0,317
1396,99,1235,0,317
1397,99,1235,0,318
1398,99,1235,0,317
1399,99,1235,0,317
1400,99,1236,0,316
1401,99,1236,0,317
1402,99,1235,0,317
1403,99,1235,0,317
1404,99,1235,0,318
1405,99,1236,0,317
1406,99,1236,0,317
1407,99,1236,0,317
1408,99,1236,0,317
1409,99,1236,0,317
1410,99,1236,0,316
1411,99,1236,0,316
1412,99,1235,0,317
1413,99,1235,0,317
1414,99,1235,0,318
1415,98,1235,0,319
1416,99,1235,0,318
1417,99,1235,0,318
1418,99,1235,0,318
1419,99,1235,0,319
1420,99,1235,0,318
1421,99,1235,0,318
1422,99,1235,0,318
1423,99,1235,0,317
1424,99,1235,0,319
1425,98,1235,0,316
1426,98,1235,0,316
1427,98,1235,0,315
1428,96,1235,0,315
1429,94,1235,0,313
1430,93,1235,0,309
1431,93,1234,0,309
1432,91,1235,0,304
1433,90,1235,0,304
1434,90,1235,0,305
1435,90,1235,0,305
1436,90,1236,0,304
1437,90,1236,0,305
1438,89,1236,0,304
1439,89,1237,0,303
1440,88,1237,0,305
1441,87,1237,0,304
1442,85,1236,0,299
1443,85,1236,0,299
1444,85,1237,0,299
1445,85,1238,0,302
1446,86,1241,0,304
1447,86,1241,0,306
1448,86,1242,0,309
1449,85,1242,0,313
1450,85,1243,0,313
1451,86,1243,0,315
1452,87,1243,0,318
1453,87,1244,0,315
1454,87,1244,0,316
1455,86,1244,0,315
1456,86,1243,0,318
1457,86,1242,0,318
1458,86,1241,0,316
1459,86,1241,0,317
1460,86,1241,0,317
1461,85,1240,0,317
1462,86,1240,0,317
1463,85,1240,0,320
1464,85,1241,0,318
1465,86,1241,0,320
1466,86,1242,0,321
1467,86,1242,0,322
1468,87,1243,0,323
1469,87,1243,0,325
1470,87,1244,0,325
1471,86,1243,0,324
1472,85,1242,0,323
1473,85,1242,0,322
1474,84,1242,0,320
1475,83,1240,0,320
1476,84,1240,0,319
1477,84,1240,0,318
1478,85,1240,0,318
1479,84,1240,0,319
1480,84,1240,0,322
1481,85,1241,0,323
1482,85,1241,0,323
1483,85,1242,0,325
1484,86,1242,0,327
1485,85,1245,0,328
1486,84,1245,0,330
1487,84,1249,0,330
1488,85,1249,0,333
1489,82,1248,0,324
1490,82,1244,0,323
1491,83,1242,0,319
1492,81,1239,0,320
1493,80,1238,0,323
1494,82,1237,0,322
1495,83,1235,0,316
1496,83,1234,0,316
1497,83,1233,0,318
1498,83,1233,0,316
1499,83,1233,0,316
1500,83,1236,0,298
1501,84,1234,0,319
1502,83,1235,0,317
1503,83,1235,0,317
1504,83,1237,0,321
1505,84,1237,0,318
1506,85,1237,0,316
1507,85,1237,0,315
1508,86,1240,0,290
1509,84,1237,0,318
1510,81,1233,0,319
1511,82,1230,0,321
1512,83,1231,0,322
1513,84,1232,0,321
1514,85,1230,0,323
1515,85,1229,0,328
1516,85,1228,0,331
1517,85,1229,0,324
1518,85,1229,0,323
1519,86,1229,0,323
1520,87,1230,0,318
1521,87,1229,0,319
1522,86,1228,0,317
1523,86,1228,0,315
1524,86,1228,0,315
1525,87,1228,0,315
1526,87,1228,0,316
1527,88,1229,0,320
1528,89,1229,0,323
1529,88,1228,0,325
1530,88,1227,0,331
1531,88,1226,0,335
1532,92,1228,0,347
1533,90,1230,0,342
1534,94,1232,0,336
1535,94,1232,0,328
1536,92,1230,0,330
1537,92,1230,0,331
1538,90,1229,0,333
1539,91,1230,0,338
1540,93,1230,0,346
1541,90,1232,0,325
1542,89,1233,0,308
1543,88,1232,0,309
1544,88,1232,0,314
1545,88,1230,0,314
1546,88,1229,0,317
1547,87,1229,0,309
1548,88,1228,0,318
1549,88,1228,0,316
1550,89,1227,0,315
1551,90,1226,0,315
1552,91,1227,0,319
1553,91,1229,0,324
1554,92,1231,0,327
1555,92,1231,0,327
1556,92,1231,0,329
1557,93,1230,0,328
1558,92,1230,0,329
1559,92,1228,0,329
1560,92,1227,0,331
1561,91,1227,0,332
1562,92,1227,0,334
1563,93,1226,0,334
1564,98,1226,0,329
1565,101,1224,0,325
1566,104,1225,0,328
1567,104,1226,0,330
1568,103,1225,0,331
1569,101,1225,0,332
1570,100,1224,0,331
1571,100,1223,0,326
1572,99,1223,0,327
1573,99,1223,0,326
1574,99,1224,0,327
1575,99,1225,0,330
1576,98,1225,0,330
1577,99,1226,0,332
1578,98,1225,0,332
1579,98,1226,0,334
1580,97,1226,0,333
1581,96,1228,0,333
1582,95,1228,0,333
1583,95,1228,0,331
1584,95,1227,0,332
1585,95,1227,0,333
1586,95,1227,0,334
1587,95,1227,0,335
1588,95,1226,0,335
1589,95,1226,0,336
1590,94,1226,0,336
1591,94,1226,0,337
1592,94,1226,0,336
1593,94,1226,0,334
1594,94,1226,0,334
1595,94,1226,0,334
1596,94,1226,0,335
1597,94,1226,0,336
1598,94,1226,0,337
1599,92,1227,0,337
1600,90,1226,0,336
1601,89,1226,0,337
1602,89,1225,0,338
1603,89,1225,0,337
1604,87,1226,0,336
1605,88,1227,0,339
1606,87,1227,0,336
1607,87,1227,0,335
1608,87,1227,0,332
1609,87,1226,0,330
1610,88,1226,0,327
1611,89,1225,0,325
1612,89,1224,0,323
1613,89,1223,0,319
1614,91,1223,0,317
1615,93,1225,0,315
1616,93,1225,0,314
1617,93,1224,0,315
1618,92,1224,0,315
1619,92,1223,0,314
1620,92,1223,0,314
1621,92,1223,0,314
1622,92,1223,0,314
1623,92,1223,0,314
1624,93,1223,0,313
1625,93,1224,0,312
1626,93,1224,0,311
1627,93,1225,0,311
1628,93,1226,0,311
1629,93,1226,0,311
1630,90,1225,0,313
1631,88,1225,0,313
1632,88,1225,0,316
1633,90,1224,0,317
1634,90,1224,0,316
1635,89,1223,0,316
1636,90,1223,0,319
1637,90,1223,0,323
1638,87,1222,0,320
1639,86,1223,0,326
1640,89,1226,0,332
1641,90,1228,0,333
1642,95,1230,0,338
1643,93,1229,0,333
1644,92,1227,0,331
1645,92,1227,0,332
1646,92,1227,0,330
1647,92,1227,0,329
1648,92,1228,0,325
1649,92,1227,0,322
1650,91,1227,0,323
1651,91,1227,0,324
1652,91,1227,0,323
1653,90,1226,0,326
1654,90,1226,0,325
1655,90,1226,0,323
1656,91,1227,0,325
1657,91,1228,0,325
1658,92,1230,0,328
1659,94,1231,0,328
1660,94,1231,0,332
1661,94,1231,0,330
1662,93,1230,0,330
1663,93,1229,0,333
1664,94,1229,0,340
1665,93,1228,0,339
1666,93,1228,0,340
1667,93,1228,0,340
1668,93,1228,0,338
1669,93,1228,0,337
1670,93,1227,0,333
1671,92,1227,0,333
1672,91,1227,0,335
1673,92,1227,0,332
1674,92,1227,0,333
1675,92,1226,0,339
1676,91,1226,0,339
1677,95,1228,0,337
1678,90,1228,0,338
1679,93,1230,0,341
1680,96,1230,0,342
1681,96,1230,0,342
1682,95,1229,0,338
1683,93,1228,0,334
1684,93,1228,0,329
1685,93,1227,0,325
1686,92,1226,0,326
1687,92,1226,0,328
1688,92,1225,0,330
1689,91,1225,0,333
1690,91,1224,0,336
1691,91,1223,0,335
1692,90,1224,0,337
1693,90,1223,0,337
1694,89,1223,0,336
1695,90,1223,0,337
1696,90,1223,0,341
1697,90,1223,0,343
1698,89,1223,0,347
1699,89,1223,0,348
1700,89,1223,0,351
1701,88,1224,0,354
1702,88,1224,0,353
1703,88,1224,0,353
1704,89,1223,0,351
1705,89,1223,0,350
1706,90,1223,0,349
1707,85,1223,0,348
1708,84,1223,0,347
1709,85,1222,0,346
1710,84,1222,0,347
1711,84,1222,0,345
1712,83,1222,0,344
1713,83,1221,0,345
1714,83,1221,0,344
1715,82,1221,0,344
1716,83,1221,0,340
1717,84,1222,0,339
1718,85,1221,0,336
1719,86,1221,0,333
1720,88,1223,0,336
1721,88,1223,0,338
1722,89,1223,0,340
1723,89,1223,0,341
1724,88,1223,0,342
1725,89,1223,0,342
1726,88,1222,0,341
1727,88,1222,0,342
1728,89,1222,0,344
1729,89,1222,0,344
1730,89,1222,0,343
1731,88,1222,0,345
1732,88,1222,0,345
1733,88,1222,0,345
1734,89,1222,0,342
1735,89,1222,0,341
1736,88,1221,0,341
1737,87,1221,0,339
1738,87,1221,0,338
1739,86,1221,0,338
1740,86,1221,0,339
1741,86,1221,0,339
1742,86,1220,0,336
1743,85,1220,0,336
1744,85,1221,0,337
1745,85,1221,0,337
1746,85,1221,0,337
1747,85,1221,0,338
1748,86,1222,0,339
1749,87,1222,0,342
1750,88,1222,0,347
1751,88,1222,0,347
1752,88,1223,0,349
1753,89,1223,0,349
1754,89,1224,0,352
1755,86,1225,0,354
1756,86,1226,0,358
1757,88,1225,0,358
1758,90,1226,0,4
1759,90,1226,0,9
1760,88,1225,0,10
1761,87,1226,0,10
1762,87,1226,0,9
1763,87,1227,0,10
1764,87,1227,0,9
1765,87,1228,0,8
1766,87,1228,0,8
1767,86,1228,0,8
1768,85,1228,0,7
1769,85,1228,0,8
1770,85,1228,0,8
1771,85,1229,0,8
1772,86,1229,0,8
1773,86,1228,0,9
1774,86,1228,0,8
1775,86,1228,0,8
1776,85,1228,0,8
1777,86,1227,0,4
1778,87,1228,0,2
1779,88,1228,0,0
1780,89,1229,0,358
1781,88,1230,0,354
1782,86,1229,0,359
1783,86,1230,0,2
1784,86,1230,0,2
1785,87,1230,0,3
1786,87,1230,0,4
1787,87,1230,0,4
1788,87,1230,0,4
1789,87,1230,0,3
1790,87,1230,0,2
1791,89,1231,0,357
1792,90,1231,0,347
1793,90,1231,0,342
1794,90,1231,0,337
1795,90,1231,0,337
1796,89,1231,0,336
1797,89,1231,0,337
1798,89,1230,0,338
1799,88,1230,0,339
1800,88,1229,0,338
1801,88,1229,0,341
1802,92,1229,0,351
1803,85,1231,0,332
1804,83,1229,0,328
1805,83,1229,0,330
1806,84,1229,0,328
1807,84,1229,0,329
1808,85,1229,0,330
1809,85,1230,0,330
1810,87,1230,0,333
1811,87,1230,0,337
1812,86,1230,0,338
1813,84,1230,0,334
1814,85,1231,0,335
1815,84,1231,0,334
1816,84,1232,0,338
1817,84,1232,0,339
1818,88,1234,0,347
1819,88,1235,0,350
1820,89,1236,0,350
1821,91,1236,0,355
1822,90,1237,0,358
1823,88,1237,0,0
1824,87,1237,0,4
1825,86,1237,0,8
1826,85,1237,0,5
1827,85,1237,0,5
1828,85,1237,0,5
1829,86,1236,0,3
1830,87,1235,0,2
1831,87,1235,0,0
1832,87,1234,0,356
1833,88,1234,0,346
1834,90,1234,0,342
1835,89,1234,0,339
1836,89,1234,0,338
1837,88,1234,0,335
1838,88,1233,0,334
1839,89,1233,0,337
1840,88,1233,0,336
1841,87,1233,0,335
1842,88,1233,0,335
1843,88,1232,0,337
1844,88,1232,0,335
1845,87,1232,0,335
1846,86,1231,0,336
1847,87,1232,0,333
1848,87,1232,0,333
1849,87,1232,0,334
1850,86,1232,0,332
1851,85,1232,0,330
1852,85,1232,0,331
1853,84,1231,0,329
1854,82,1229,0,328
1855,83,1230,0,326
1856,83,1228,0,332
1857,84,1229,0,334
1858,84,1229,0,332
1859,84,1231,0,329
1860,86,1231,0,329
1861,86,1230,0,327
1862,86,1230,0,326
1863,85,1230,0,323
1864,84,1231,0,318
1865,82,1228,0,324
1866,84,1228,0,323
1867,83,1228,0,324
1868,83,1228,0,323
1869,83,1227,0,326
1870,83,1227,0,325
1871,83,1227,0,327
1872,85,1229,0,333
1873,86,1229,0,337
1874,86,1231,0,327
1875,87,1232,0,326
1876,88,1230,0,341
1877,90,1229,0,345
1878,88,1230,0,339
1879,88,1229,0,344
1880,89,1229,0,344
1881,88,1230,0,342
1882,87,1229,0,339
1883,86,1229,0,338
1884,86,1230,0,340
1885,86,1230,0,343
1886,87,1229,0,347
1887,87,1229,0,348
1888,86,1228,0,348
1889,86,1227,0,349
1890,87,1227,0,349
1891,87,1227,0,349
1892,87,1226,0,349
1893,87,1226,0,350
1894,87,1227,0,349
1895,87,1227,0,348
1896,87,1227,0,348
1897,86,1227,0,345
1898,87,1228,0,336
1899,84,1227,0,320
1900,84,1226,0,319
1901,84,1225,0,317
1902,84,1224,0,316
1903,83,1224,0,315
1904,83,1223,0,315
1905,82,1225,0,316
1906,81,1225,0,318
1907,81,1224,0,318
1908,81,1224,0,318
1909,80,1224,0,317
1910,79,1222,0,312
1911,78,1222,0,307
1912,78,1221,0,304
1913,77,1220,0,302
1914,77,1220,0,300
1915,77,1220,0,299
1916,77,1219,0,300
1917,78,1219,0,298
1918,77,1217,0,298
1919,76,1217,0,297
1920,76,1216,0,295
1921,76,1215,0,294
1922,76,1215,0,294
1923,76,1215,0,295
1924,77,1214,0,293
1925,76,1215,0,295
1926,76,1215,0,292
1927,75,1214,0,293
1928,76,1215,0,292
1929,76,1216,0,294
1930,77,1216,0,296
1931,78,1216,0,297
1932,78,1216,0,297
1933,78,1216,0,296
1934,77,1216,0,296
1935,77,1216,0,296
1936,77,1216,0,297
1937,77,1215,0,299
1938,76,1215,0,298
1939,77,1215,0,299
1940,77,1214,0,300
1941,76,1216,0,294
1942,75,1217,0,291
1943,74,1217,0,288
1944,74,1217,0,288
1945,74,1216,0,288
1946,74,1216,0,288
1947,74,1216,0,290
1948,74,1214,0,287
1949,74,1212,0,288
1950,74,1212,0,289
1951,74,1211,0,289
1952,74,1211,0,289
1953,75,1210,0,292
1954,75,1210,0,292
1955,75,1209,0,292
1956,75,1208,0,291
1957,75,1207,0,290
1958,76,1206,0,291
1959,75,1206,0,290
1960,75,1208,0,291
1961,73,1209,0,286
1962,73,1209,0,281
1963,70,1207,0,284
1964,70,1204,0,282
1965,69,1202,0,278
1966,72,1205,0,282
1967,69,1199,0,289
1968,69,1199,0,290
1969,70,1199,0,309
1970,70,1197,0,293
1971,69,1196,0,284
1972,69,1195,0,284
1973,68,1195,0,284
1974,69,1195,0,282
1975,68,1195,0,276
1976,69,1196,0,276
1977,69,1197,0,278
1978,68,1197,0,284
1979,69,1198,0,281
1980,69,1198,0,284
1981,67,1198,0,275
1982,68,1199,0,272
1983,66,1200,0,264
1984,66,1201,0,262
1985,65,1201,0,263
1986,66,1200,0,267
1987,63,1194,0,294
1988,65,1197,0,280
1989,65,1195,0,286
1990,66,1202,0,257
1991,66,1202,0,262
1993,65,1199,0,258
1998,62,1197,0,260
1999,63,1199,0,258
2000,63,1198,0,257
2001,62,1199,0,256
2002,62,1197,0,270
2003,62,1198,0,260
2004,62,1198,0,253
2005,62,1199,0,250
2006,61,1196,0,261
2007,61,1194,0,262
2008,61,1196,0,259
2009,62,1198,0,243
2010,62,1199,0,240
2011,62,1195,0,236
2012,62,1193,0,238
2013,62,1192,0,243
2014,62,1191,0,233
2015,64,1193,0,235
2016,64,1193,0,231
2017,64,1193,0,230
2018,64,1193,0,227
2019,65,1193,0,224
2020,66,1193,0,219
2021,67,1193,0,215
2022,68,1192,0,215
2023,69,1191,0,212
2024,72,1188,0,215
2025,72,1188,0,211
2026,72,1188,0,213
2027,73,1188,0,212
2028,73,1187,0,208
2029,74,1187,0,212
2030,75,1186,0,210
2031,74,1186,0,220
2032,74,1186,0,220
2033,74,1184,0,214
2034,74,1185,0,217
2035,74,1184,0,213
2036,74,1184,0,210
2037,74,1183,0,209
2038,74,1182,0,206
2039,74,1183,0,208
2040,74,1183,0,207
2041,74,1183,0,208
2042,75,1183,0,207
2043,75,1184,0,208
2044,75,1185,0,209
2045,75,1185,0,213
2046,75,1186,0,213
2047,75,1186,0,214
2048,75,1185,0,215
2049,74,1185,0,217
2050,74,1185,0,217
2051,74,1186,0,216
2052,75,1186,0,217
2053,74,1186,0,216
2054,74,1185,0,218
2055,74,1185,0,217
2056,75,1186,0,214
2057,77,1185,0,213
2058,77,1185,0,213
2059,78,1185,0,207
2060,77,1185,0,207
2061,77,1184,0,205
2062,78,1184,0,202
2063,78,1183,0,200
2064,76,1183,0,200
2065,76,1183,0,200
2066,77,1182,0,199
2067,76,1182,0,200
2068,75,1182,0,200
2069,76,1182,0,200
2070,76,1182,0,201
2071,77,1182,0,199
2072,76,1182,0,200
2073,75,1183,0,203
2074,77,1182,0,199
2075,77,1182,0,197
2076,77,1182,0,197
2077,79,1181,0,197
2078,80,1181,0,199
2079,81,1181,0,199
2080,79,1181,0,198
2081,79,1182,0,198
2082,79,1182,0,199
2083,79,1181,0,199
2084,79,1182,0,198
2085,76,1182,0,195
2086,76,1182,0,198
2087,75,1183,0,202
2088,73,1184,0,212
2089,73,1183,0,205
2090,74,1181,0,205
2091,72,1182,0,232
2092,73,1181,0,237
2093,75,1177,0,252
2094,74,1175,0,254
2095,73,1172,0,255
2096,74,1169,0,255
2097,74,1168,0,254
2098,73,1167,0,252
2099,77,1168,0,242
2100,80,1168,0,242
2101,79,1167,0,241
2102,79,1165,0,240
2103,79,1164,0,242
2104,80,1164,0,242
2105,81,1165,0,241
2106,79,1167,0,242
2107,77,1166,0,241
2108,76,1164,0,238
2109,74,1162,0,258
2110,72,1162,0,257
2111,71,1162,0,259
2112,73,1160,0,263
2113,74,1159,0,269
2114,73,1157,0,270
2115,74,1153,0,270
2116,76,1151,0,275
2117,79,1145,0,266
2118,80,1141,0,263
2119,83,1138,0,256
2120,82,1136,0,257
2121,81,1135,0,255
2122,80,1135,0,249
2123,79,1134,0,248
2124,78,1134,0,248
2125,78,1134,0,252
2126,77,1133,0,256
2127,78,1133,0,254
2128,78,1135,0,265
2129,78,1133,0,254
2130,80,1130,0,234
2131,83,1129,0,237
2132,99,1129,0,237
2133,104,1124,0,230
2134,100,1123,0,228
2135,99,1120,0,231
2136,98,1117,0,226
2137,98,1114,0,217
2138,96,1114,0,212
2139,96,1113,0,210
2140,97,1113,0,208
2141,97,1112,0,205
2142,99,1116,0,210
2143,94,1113,0,205
2144,95,1112,0,206
2145,95,1111,0,210
2146,96,1109,0,211
2147,95,1110,0,211
2148,94,1110,0,217
2149,93,1108,0,220
2150,92,1110,0,218
2151,91,1109,0,217
2152,90,1107,0,223
2153,90,1107,0,224
2154,89,1107,0,224
2155,89,1107,0,223
2156,88,1106,0,229
2157,90,1105,0,227
2158,91,1106,0,233
2159,90,1106,0,233
2160,90,1106,0,239
2161,88,1108,0,242
2162,88,1108,0,250
2163,88,1108,0,251
2164,88,1109,0,255
2165,87,1110,0,256
2166,86,1109,0,257
2167,85,1111,0,254
2168,85,1110,0,262
2169,86,1110,0,264
2170,86,1111,0,264
2171,86,1110,0,264
2172,86,1111,0,263
2173,86,1109,0,261
2174,86,1108,0,261
2175,86,1108,0,263
2176,86,1108,0,263
2177,86,1110,0,266
2178,86,1110,0,267
2179,86,1111,0,268
2180,86,1111,0,268
2181,86,1112,0,269
2182,87,1111,0,269
2183,87,1111,0,268
2184,87,1111,0,269
2185,87,1111,0,268
2186,87,1112,0,270
2187,87,1112,0,270
2188,87,1112,0,270
2189,86,1111,0,271
2190,85,1111,0,273
2191,85,1111,0,273
2192,84,1111,0,273
2193,83,1113,0,272
2194,83,1114,0,275
2195,83,1114,0,277
2196,83,1115,0,277
2197,82,1115,0,277
2198,83,1116,0,280
2199,83,1118,0,286
2200,85,1121,0,292
2201,85,1122,0,294
2202,85,1123,0,291
2203,85,1122,0,271
2204,94,1110,0,261
2205,92,1112,0,268
2206,89,1112,0,267
2207,87,1112,0,269
2208,88,1112,0,272
2209,87,1113,0,270
2210,88,1112,0,269
2211,88,1113,0,270
2212,89,1113,0,272
2213,89,1112,0,271
2214,90,1110,0,268
2215,92,1111,0,268
2216,93,1112,0,268
2217,91,1113,0,268
2218,90,1111,0,264
2219,90,1112,0,267
2220,89,1113,0,267
2221,89,1113,0,265
2222,88,1113,0,265
2223,87,1113,0,264
2224,87,1112,0,263
2225,87,1113,0,263
2226,86,1113,0,260
2227,87,1112,0,260
2228,89,1112,0,262
2229,89,1113,0,265
2230,88,1112,0,267
2231,90,1111,0,264
2232,93,1114,0,267
2233,96,1114,0,264
2234,96,1114,0,262
2235,96,1114,0,261
2236,96,1114,0,261
2237,95,1113,0,262
2238,94,1112,0,258
2239,93,1112,0,254
2240,92,1111,0,253
2241,92,1112,0,254
2242,91,1112,0,254
2243,91,1110,0,259
2244,91,1111,0,263
2245,91,1111,0,262
2246,90,1110,0,264
2247,90,1110,0,263
2248,89,1110,0,266
2249,89,1110,0,266
2250,88,1110,0,267
2251,88,1109,0,267
2252,89,1110,0,264
2253,88,1111,0,266
2254,88,1111,0,268
2255,88,1111,0,268
2256,88,1110,0,266
2257,87,1110,0,267
2258,87,1110,0,270
2259,88,1110,0,269
2260,88,1109,0,267
2261,90,1107,0,260
2262,89,1108,0,257
2263,89,1108,0,258
2264,88,1107,0,259
2265,88,1107,0,260
2266,89,1107,0,259
2267,89,1107,0,265
2268,87,1106,0,269
2269,87,1105,0,273
2270,87,1102,0,273
2271,86,1101,0,272
2272,87,1100,0,268
2273,90,1098,0,267
2274,92,1094,0,265
2275,93,1092,0,261
2276,95,1090,0,256
2277,96,1088,0,254
2278,95,1085,0,254
2279,95,1085,0,260
2280,96,1083,0,259
2281,98,1082,0,265
2282,99,1076,0,247
2283,99,1075,0,245
2284,99,1074,0,246
2285,98,1074,0,245
2286,98,1074,0,244
2287,99,1073,0,247
2288,100,1071,0,248
2289,99,1070,0,248
2290,97,1069,0,249
2291,97,1070,0,251
2292,95,1069,0,249
2293,97,1071,0,255
2294,97,1068,0,261
2295,97,1066,0,266
2296,97,1064,0,265
2297,97,1065,0,266
2298,98,1065,0,265
2299,102,1063,0,273
2300,107,1058,0,286
2301,107,1056,0,289
2302,107,1056,0,289
2303,106,1055,0,284
2304,107,1055,0,283
2305,107,1055,0,283
2306,108,1054,0,283
2307,108,1054,0,282
2308,108,1056,0,282
2309,111,1055,0,283
2310,112,1053,0,280
2311,111,1054,0,278
2312,110,1055,0,275
2313,108,1058,0,268
2314,103,1058,0,254
2315,104,1056,0,256
2316,107,1055,0,258
2317,108,1054,0,252
2318,109,1055,0,251
2319,108,1054,0,252
2320,108,1055,0,259
2321,109,1055,0,263
2322,109,1055,0,264
2323,109,1056,0,268
2324,110,1056,0,271
2325,109,1056,0,274
2326,108,1055,0,276
2327,108,1056,0,277
2328,106,1055,0,279
2329,106,1055,0,279
2330,106,1055,0,274
2331,106,1054,0,274
2332,107,1053,0,274
2333,105,1050,0,267
2334,104,1050,0,262
2335,107,1050,0,268
2336,109,1050,0,273
2337,109,1049,0,276
2338,110,1047,0,278
2339,110,1049,0,281
2340,108,1049,0,282
2341,107,1046,0,284
2342,106,1045,0,287
2343,105,1044,0,283
2344,105,1044,0,284
2345,104,1044,0,281
2346,104,1045,0,282
2347,104,1046,0,282
2348,104,1046,0,284
2349,103,1046,0,286
2350,102,1045,0,289
2351,101,1044,0,289
2352,100,1044,0,290
2353,99,1043,0,292
2354,98,1045,0,298
2355,97,1045,0,304
2356,97,1044,0,306
2357,96,1042,0,307
2358,95,1042,0,308
2359,94,1039,0,308
2360,93,1038,0,306
2361,91,1039,0,306
2362,90,1039,0,304
2363,89,1037,0,304
2364,89,1033,0,304
2365,89,1029,0,305
2366,86,1030,0,305
2367,85,1029,0,302
2368,85,1029,0,301
2369,84,1029,0,301
2370,83,1029,0,300
2371,82,1030,0,300
2372,84,1032,0,302
2373,82,1034,0,297
2374,82,1034,0,300
2375,81,1034,0,303
2376,80,1033,0,305
2377,78,1031,0,313
2378,77,1028,0,311
2379,76,1025,0,299
2380,76,1023,0,301
2381,76,1022,0,299
2382,75,1021,0,294
2383,75,1020,0,298
2384,75,1019,0,298
2385,74,1016,0,299
2386,73,1016,0,295
2387,73,1017,0,290
2388,70,1018,0,290
2389,68,1017,0,289
2390,67,1016,0,290
2391,67,1016,0,289
2392,68,1016,0,290
2393,65,1013,0,291
2394,65,1012,0,287
2395,66,1011,0,291
2396,65,1009,0,283
2397,65,1005,0,277
2398,65,1004,0,276
2399,65,1006,0,272
2400,64,1004,0,272
2401,65,1008,0,278
2402,65,1010,0,287
2403,65,1009,0,292
2404,64,1006,0,291
2405,64,1002,0,289
2406,65,1002,0,286
2407,65,1001,0,290
2408,66,999,0,294
2409,66,997,0,293
2410,65,995,0,289
2411,64,997,0,292
2412,64,999,0,288
2413,65,1004,0,288
2414,67,1005,0,288
2415,67,1009,0,286
2416,69,1011,0,295
2417,70,1009,0,289
2418,69,1009,0,293
2419,68,1005,0,284
2420,69,1006,0,290
2421,70,1006,0,290
2422,70,1007,0,292
2423,70,1011,0,287
2424,71,1012,0,287
2425,70,1013,0,283
2426,66,1009,0,271
2429,73,1005,0,207
2430,72,1006,0,211
2431,73,1006,0,212
2432,74,1005,0,203
2433,75,1005,0,200
2434,73,1006,0,218
2435,73,1007,0,223
2436,70,1011,0,231
2437,69,1012,0,230
2438,72,1010,0,227
2439,74,1007,0,217
2440,74,1007,0,209
2441,74,1007,0,209
2442,73,1010,0,217
2443,73,1011,0,210
2444,74,1011,0,208
2445,74,1010,0,204
2446,74,1010,0,203
2447,73,1010,0,203
2448,74,1011,0,199
2449,74,1011,0,194
2450,74,1011,0,188
2451,75,1010,0,188
2452,76,1012,0,181
2453,76,1014,0,172
2454,77,1012,0,158
2455,80,1011,0,141
2456,83,1010,0,135
2457,84,1010,0,138
2458,86,1013,0,141
2459,85,1014,0,144
2460,86,1017,0,142
2461,86,1020,0,143
2462,85,1022,0,143
2463,85,1021,0,144
2464,87,1023,0,146
2465,88,1022,0,151
2466,89,1023,0,151
2467,90,1020,0,151
2468,91,1021,0,150
2469,91,1022,0,151
2470,91,1023,0,148
2471,91,1024,0,149
2472,91,1024,0,148
2473,92,1025,0,150
2474,91,1025,0,157
2475,92,1024,0,158
2476,92,1024,0,160
2477,92,1025,0,160
2478,92,1025,0,161
2479,90,1025,0,159
2480,90,1024,0,157
2481,91,1024,0,157
2482,90,1025,0,154
2483,90,1025,0,153
2484,90,1025,0,154
2485,89,1025,0,156
2486,90,1024,0,160
2487,90,1024,0,163
2488,90,1024,0,163
2489,91,1025,0,163
2490,91,1026,0,157
2491,91,1029,0,160
2492,92,1030,0,159
2493,92,1029,0,154
2494,93,1028,0,154
2495,92,1028,0,154
2496,94,1027,0,161
2497,94,1028,0,153
2498,94,1027,0,149
2499,94,1027,0,150
2500,94,1028,0,150
2501,94,1029,0,153
2502,94,1029,0,156
2503,94,1029,0,154
2504,94,1029,0,152
2505,93,1031,0,153
2506,94,1032,0,152
2507,92,1031,0,147
2508,91,1031,0,142
2509,92,1031,0,139
2510,92,1032,0,140
2511,91,1033,0,137
2512,91,1033,0,137
2513,91,1034,0,138
2514,91,1035,0,144
2515,94,1036,0,154
2516,97,1037,0,164
2517,98,1038,0,174
2518,99,1038,0,172
2519,98,1039,0,177
2520,99,1039,0,173
2521,98,1040,0,178
2522,98,1039,0,178
2523,99,1039,0,174
2524,99,1039,0,173
2525,99,1039,0,177
2526,99,1040,0,180
2527,98,1040,0,180
2528,98,1041,0,178
2529,97,1041,0,177
2530,96,1041,0,178
2531,97,1041,0,177
2532,98,1041,0,173
2533,98,1042,0,171
2534,98,1042,0,174
2535,98,1043,0,174
2536,96,1044,0,170
2537,97,1047,0,163
2538,97,1048,0,164
2539,98,1047,0,164
2540,98,1046,0,168
2541,98,1046,0,176
2542,99,1046,0,176
2543,99,1046,0,174
2544,99,1046,0,174
2545,96,1047,0,175
2546,96,1049,0,163
2547,97,1049,0,161
2548,96,1049,0,167
2549,95,1048,0,170
2550,96,1046,0,175
2551,96,1046,0,177
2552,97,1046,0,178
2553,102,1044,0,186
2554,102,1046,0,189
2555,100,1046,0,187
2556,98,1043,0,172
2557,97,1044,0,167
2558,97,1045,0,169
2559,97,1047,0,155
2560,97,1048,0,151
2561,96,1048,0,138
2562,97,1049,0,134
2563,97,1049,0,131
2564,97,1049,0,131
2565,99,1053,0,127
2566,99,1056,0,132
2567,98,1056,0,135
2568,98,1056,0,138
2569,99,1057,0,144
2570,99,1057,0,146
2571,99,1057,0,142
2572,99,1057,0,145
2573,100,1057,0,147
2574,99,1057,0,148
2575,99,1057,0,149
2576,99,1058,0,151
2577,100,1060,0,156
2578,100,1059,0,154
2579,100,1060,0,157
2580,100,1059,0,158
2581,99,1059,0,158
2582,99,1059,0,157
2583,98,1059,0,159
2584,96,1061,0,162
2585,93,1064,0,166
2586,90,1066,0,178
2587,91,1067,0,154
2588,93,1067,0,137
2589,95,1067,0,134
2590,95,1071,0,134
2591,97,1073,0,132
2592,97,1073,0,131
2593,96,1075,0,130
2594,95,1078,0,128
2595,94,1081,0,121
2596,92,1081,0,116
2597,90,1082,0,113
2598,90,1084,0,108
2599,90,1086,0,106
2600,89,1087,0,111
2601,88,1088,0,104
2602,87,1091,0,110
2603,88,1092,0,117
2604,89,1093,0,118
2605,89,1092,0,115
2606,88,1092,0,114
2607,88,1092,0,112
2608,88,1092,0,110
2609,87,1092,0,111
2610,87,1093,0,103
2611,87,1096,0,102
2612,87,1099,0,100
2613,86,1099,0,102
2614,85,1100,0,106
2615,86,1102,0,109
2616,86,1103,0,110
2617,86,1103,0,113
2618,87,1103,0,114
2619,87,1103,0,116
2620,87,1103,0,116
2621,87,1102,0,114
2622,87,1103,0,113
2623,87,1103,0,113
2624,87,1103,0,112
2625,87,1104,0,113
2626,87,1104,0,114
2627,87,1104,0,115
2628,87,1103,0,115
2629,87,1103,0,114
2630,86,1103,0,117
2631,87,1105,0,119
2632,88,1106,0,121
2633,89,1107,0,123
2634,89,1108,0,123
2635,89,1108,0,123
2636,89,1108,0,123
2637,89,1108,0,122
2638,90,1108,0,121
2639,89,1109,0,121
2640,89,1110,0,121
2641,90,1111,0,114
2642,90,1113,0,114
2643,89,1115,0,118
2644,89,1116,0,122
2645,89,1117,0,127
2646,89,1117,0,132
2647,89,1117,0,133
2648,90,1117,0,134
2649,90,1117,0,133
2650,89,1118,0,131
2651,89,1120,0,136
2652,88,1121,0,132
2653,87,1122,0,137
2654,87,1121,0,134
2655,89,1120,0,131
2656,90,1121,0,132
2657,89,1121,0,131
2658,87,1121,0,126
2659,86,1121,0,124
2660,85,1121,0,120
2661,83,1123,0,122
2662,83,1124,0,123
2663,84,1123,0,123
2664,87,1124,0,124
2665,84,1123,0,119
2666,83,1123,0,113
2667,83,1124,0,111
2668,83,1125,0,110
2669,83,1125,0,109
2670,82,1126,0,108
2671,82,1126,0,106
2672,81,1126,0,105
2673,81,1125,0,102
2674,82,1126,0,105
2675,82,1126,0,107
2676,82,1125,0,109
2677,83,1125,0,110
2678,84,1125,0,111
2679,85,1123,0,115
2680,87,1123,0,125
2681,88,1121,0,130
2682,88,1120,0,132
2683,89,1118,0,130
2684,88,1118,0,128
2685,90,1119,0,123
2686,90,1118,0,125
2687,91,1118,0,126
2688,90,1118,0,126
2689,90,1118,0,124
2690,89,1118,0,123
2691,88,1118,0,125
2692,88,1119,0,124
2693,89,1120,0,127
2694,89,1123,0,134
2695,88,1125,0,147
2696,89,1125,0,152
2697,90,1125,0,151
2698,90,1128,0,151
2699,89,1128,0,149
2700,91,1127,0,148
2701,92,1127,0,146
2702,91,1128,0,148
2703,93,1128,0,153
2704,94,1132,0,156
2705,97,1132,0,160
2706,96,1132,0,159
2707,95,1132,0,159
2708,94,1133,0,156
2709,93,1131,0,146
2710,92,1131,0,146
2711,92,1131,0,151
2712,93,1131,0,153
2713,93,1132,0,154
2714,90,1130,0,151
2715,90,1129,0,152
2716,90,1130,0,152
2717,94,1130,0,158
2718,90,1129,0,152
2719,90,1129,0,151
2720,90,1128,0,147
2721,90,1127,0,141
2722,90,1126,0,136
2723,90,1126,0,136
2724,90,1126,0,137
2725,89,1126,0,139
2726,90,1127,0,139
2727,90,1127,0,141
2728,90,1127,0,141
2729,90,1127,0,142
2730,90,1128,0,143
2731,90,1128,0,144
2732,90,1129,0,145
2733,90,1129,0,143
2734,90,1129,0,143
2735,90,1129,0,141
2736,89,1128,0,138
2737,89,1127,0,135
2738,88,1127,0,134
2739,86,1126,0,127
2740,85,1124,0,117
2741,83,1125,0,117
2742,81,1128,0,120
2743,79,1132,0,125
2744,79,1134,0,126
2745,79,1134,0,126
2746,78,1133,0,125
2747,78,1133,0,122
2748,78,1133,0,120
2749,77,1134,0,121
2750,77,1134,0,117
2751,77,1134,0,116
2752,77,1135,0,116
2753,77,1135,0,115
2754,77,1136,0,118
2755,77,1137,0,118
2756,77,1137,0,120
2757,77,1137,0,122
2758,77,1138,0,124
2759,77,1138,0,124
2760,77,1137,0,125
2761,77,1137,0,122
2762,77,1137,0,122
2763,77,1137,0,122
2764,77,1137,0,122
2765,77,1138,0,125
2766,77,1138,0,122
2767,77,1138,0,123
2768,77,1138,0,123
2769,77,1138,0,122
2770,77,1139,0,121
2771,77,1139,0,122
2772,77,1139,0,122
2773,77,1139,0,120
2774,77,1139,0,121
2775,77,1139,0,122
2776,77,1138,0,120
2777,77,1138,0,121
2778,77,1138,0,122
2779,77,1138,0,120
2780,77,1138,0,122
2781,77,1138,0,121
2782,77,1138,0,123
2783,77,1138,0,123
2784,77,1138,0,122
2785,77,1138,0,124
2786,77,1138,0,122
2787,77,1138,0,121
2788,77,1138,0,122
2789,77,1138,0,122
2790,77,1139,0,123
2791,77,1139,0,125
2792,77,1138,0,123
2793,77,1139,0,126
2794,77,1139,0,125
2795,77,1139,0,126
2796,77,1138,0,124
2797,77,1138,0,123
2798,77,1138,0,123
2799,77,1138,0,123
2800,77,1138,0,123
2801,77,1138,0,124
2802,77,1138,0,122
2803,77,1138,0,121
2804,77,1138,0,123
2805,77,1138,0,121
2806,77,1138,0,123
2807,77,1138,0,123
2808,77,1139,0,125
2809,77,1139,0,126
2810,77,1139,0,125
2811,77,1139,0,125
2812,77,1140,0,128
2813,77,1141,0,129
2814,77,1140,0,132
2815,77,1141,0,132
2816,77,1142,0,138
2817,78,1142,0,144
2818,78,1142,0,145
2819,79,1140,0,138
2820,80,1137,0,155
2821,83,1136,0,159
2822,83,1135,0,159
2823,83,1135,0,160
2824,84,1133,0,162
2825,84,1133,0,160
2826,87,1132,0,161
2827,89,1133,0,164
2828,90,1133,0,163
2829,92,1132,0,159
2830,93,1131,0,168
2831,99,1129,0,166
2832,99,1127,0,167
2833,98,1127,0,169
2834,99,1126,0,171
2835,99,1126,0,174
2836,98,1125,0,171
2837,98,1125,0,170
2838,98,1124,0,171
2839,98,1125,0,173
2840,98,1124,0,174
2841,98,1124,0,175
2842,98,1125,0,175
2843,98,1124,0,174
2844,98,1124,0,173
2845,98,1124,0,173
2846,98,1124,0,172
2847,99,1124,0,171
2848,99,1124,0,171
2849,99,1124,0,172
2850,99,1124,0,172
2851,99,1124,0,172
2852,99,1124,0,173
2853,99,1124,0,172
2854,99,1124,0,173
2855,98,1124,0,172
2856,99,1124,0,171
2857,99,1123,0,173
2858,98,1124,0,172
2859,98,1124,0,172
2860,99,1125,0,175
2861,98,1124,0,177
2862,98,1124,0,175
2863,99,1123,0,173
2864,99,1123,0,173
2865,99,1123,0,172
2866,99,1123,0,171
2867,99,1123,0,171
2868,99,1123,0,171
2869,99,1124,0,172
2870,99,1124,0,172
2871,99,1124,0,172
2872,99,1124,0,173
2873,99,1124,0,172
2874,99,1124,0,172
2875,99,1124,0,172
2876,99,1124,0,172
2877,99,1124,0,172
2878,99,1124,0,173
2879,99,1124,0,173
2880,99,1124,0,173
2881,99,1124,0,172
2882,99,1124,0,173
2883,99,1124,0,173
2884,99,1124,0,172
2885,99,1124,0,171
2886,100,1122,0,162
2887,100,1122,0,157
2888,99,1122,0,154
2889,98,1122,0,156
2890,100,1127,0,165
2891,99,1125,0,167
2892,99,1119,0,165
2893,98,1120,0,170
2894,97,1121,0,180
2895,98,1119,0,185
2896,98,1117,0,190
2897,100,1118,0,198
2898,103,1112,0,202
2899,103,1110,0,200
2900,103,1109,0,202
2901,105,1104,0,207
2902,104,1102,0,211
2903,103,1100,0,211
2904,103,1098,0,214
2905,103,1097,0,218
2906,104,1096,0,217
2907,103,1095,0,220
2908,102,1096,0,219
2909,101,1095,0,208
2910,100,1095,0,206
2911,100,1096,0,208
2912,99,1096,0,210
2913,99,1097,0,213
2914,99,1096,0,214
2915,99,1096,0,214
2916,98,1096,0,217
2917,98,1096,0,219
2918,98,1096,0,220
2919,98,1095,0,219
2920,98,1095,0,220
2921,98,1094,0,220
2922,98,1094,0,221
2923,99,1094,0,221
2924,99,1094,0,222
2925,99,1094,0,222
2926,99,1094,0,223
2927,99,1094,0,222
2928,99,1094,0,222
2929,99,1094,0,221
2930,99,1094,0,221
2931,98,1094,0,220
2932,98,1094,0,218
2933,99,1094,0,215
2934,98,1094,0,213
2935,98,1094,0,213
2936,98,1094,0,216
2937,97,1094,0,217
2938,95,1095,0,217
2939,93,1096,0,218
2940,92,1097,0,222
2941,92,1098,0,225
2942,91,1098,0,230
2943,90,1098,0,237
2944,91,1097,0,244
2945,91,1095,0,246
2946,91,1093,0,237
2947,92,1091,0,236
2948,91,1093,0,234
2949,91,1093,0,229
2950,90,1095,0,222
2951,91,1096,0,218
2952,90,1097,0,220
2953,88,1099,0,219
2954,86,1101,0,227
2955,86,1101,0,226
2956,88,1102,0,220
2957,87,1101,0,217
2958,86,1103,0,222
2959,86,1103,0,229
2960,86,1103,0,233
2961,86,1101,0,233
2962,86,1102,0,233
2963,86,1101,0,234
2964,86,1101,0,236
2965,86,1100,0,237
2966,86,1099,0,236
2967,86,1098,0,237
2968,86,1097,0,237
2969,85,1096,0,236
2970,85,1095,0,234
2971,85,1095,0,232
2972,83,1095,0,230
2973,82,1093,0,226
2974,83,1093,0,229
2975,84,1093,0,230
2976,83,1093,0,231
2977,82,1093,0,231
2978,83,1092,0,234
2979,84,1091,0,232
2980,84,1089,0,231
2981,84,1088,0,230
2982,83,1088,0,230
2983,82,1089,0,228
2984,84,1088,0,230
2985,84,1087,0,223
2986,83,1088,0,225
2987,83,1088,0,226
2988,82,1089,0,224
2989,83,1088,0,222
2990,83,1089,0,222
2991,83,1089,0,225
2992,83,1089,0,229
2993,81,1090,0,231
2994,80,1090,0,234
2995,80,1090,0,235
2996,78,1090,0,242
2997,78,1089,0,242
2998,78,1089,0,244
2999,77,1089,0,244
