0,641,1842,0,129
1,640,1839,0,122
2,638,1835,0,118
3,639,1833,0,108
4,640,1837,0,86
5,643,1833,0,98
6,642,1832,0,108
7,642,1827,0,117
8,643,1828,0,131
9,644,1830,0,143
10,648,1830,0,150
11,653,1833,0,153
12,655,1838,0,146
13,659,1841,0,140
14,663,1845,0,139
15,671,1854,0,153
16,673,1859,0,149
17,676,1856,0,147
18,670,1856,0,149
19,670,1857,0,157
20,671,1857,0,167
21,666,1858,0,158
22,668,1859,0,155
23,669,1859,0,156
24,662,1857,0,158
25,661,1861,0,153
26,661,1860,0,145
27,657,1862,0,134
28,660,1863,0,123
29,661,1864,0,123
30,657,1863,0,135
31,656,1860,0,143
32,658,1856,0,139
33,655,1856,0,149
34,656,1856,0,161
35,664,1860,0,175
36,671,1861,0,176
37,675,1856,0,187
38,681,1857,0,191
39,686,1858,0,179
40,691,1859,0,182
41,691,1860,0,181
42,691,1860,0,177
43,693,1866,0,168
44,694,1868,0,161
45,697,1869,0,160
46,701,1867,0,153
47,701,1868,0,148
48,705,1868,0,145
49,707,1869,0,146
50,707,1869,0,145
51,707,1869,0,147
52,706,1869,0,147
53,704,1869,0,147
54,702,1867,0,148
55,703,1869,0,152
56,705,1868,0,164
57,707,1867,0,174
58,709,1865,0,176
59,712,1865,0,182
60,714,1864,0,180
61,715,1862,0,172
62,716,1862,0,168
63,718,1861,0,169
64,720,1861,0,166
65,723,1861,0,169
66,726,1864,0,158
67,730,1864,0,150
68,735,1863,0,149
69,730,1858,0,146
70,724,1852,0,149
71,720,1851,0,150
72,719,1853,0,150
73,719,1853,0,150
74,719,1853,0,147
75,719,1850,0,144
76,720,1850,0,143
77,720,1850,0,143
78,720,1850,0,143
79,721,1850,0,143
80,721,1850,0,142
81,721,1850,0,143
82,721,1850,0,143
83,721,1850,0,142
84,721,1850,0,142
85,721,1850,0,142
86,721,1850,0,142
87,721,1850,0,141
88,721,1850,0,141
89,721,1850,0,141
90,721,1850,0,141
91,721,1850,0,140
92,721,1850,0,140
93,721,1850,0,141
94,722,1850,0,140
95,721,1850,0,140
96,722,1850,0,140
97,722,1850,0,141
98,722,1850,0,141
99,722,1850,0,140
100,722,1851,0,140
101,722,1851,0,140
102,722,1851,0,140
103,722,1851,0,141
104,722,1851,0,141
105,722,1851,0,141
106,722,1851,0,140
107,722,1851,0,140
108,722,1851,0,140
109,722,1851,0,140
110,722,1851,0,140
111,722,1851,0,140
112,722,1851,0,140
113,722,1851,0,141
114,722,1851,0,140
115,722,1851,0,140
116,723,1851,0,141
117,722,1851,0,140
118,723,1851,0,140
119,723,1851,0,140
120,723,1851,0,140
121,723,1852,0,140
122,723,1852,0,141
123,723,1852,0,140
124,723,1852,0,140
125,723,1852,0,141
126,723,1852,0,140
127,723,1852,0,140
128,723,1852,0,140
129,723,1852,0,140
130,723,1852,0,140
131,723,1852,0,140
132,723,1852,0,139
133,723,1852,0,140
134,723,1852,0,140
135,723,1852,0,140
136,723,1852,0,140
137,723,1852,0,140
138,723,1852,0,140
139,723,1852,0,140
140,723,1852,0,140
141,723,1852,0,140
142,724,1852,0,140
143,724,1852,0,140
144,724,1852,0,141
145,724,1852,0,139
146,724,1853,0,139
147,724,1853,0,140
148,725,1853,0,140
149,725,1854,0,138
150,725,1854,0,139
151,725,1854,0,138
152,725,1854,0,139
153,725,1854,0,138
154,725,1854,0,139
155,725,1855,0,138
156,726,1855,0,137
157,726,1855,0,138
158,726,1856,0,136
159,726,1856,0,135
160,726,1856,0,135
161,726,1857,0,135
162,727,1857,0,136
163,727,1858,0,134
164,727,1858,0,133
165,728,1859,0,133
166,728,1859,0,133
167,728,1860,0,131
168,728,1860,0,131
169,728,1860,0,131
170,728,1860,0,131
171,728,1860,0,131
172,729,1861,0,130
173,729,1861,0,130
174,728,1860,0,130
175,728,1860,0,130
176,729,1861,0,130
177,729,1861,0,128
178,729,1861,0,129
179,729,1861,0,129
180,729,1861,0,128
181,729,1861,0,128
182,729,1860,0,127
183,729,1861,0,126
184,728,1861,0,126
185,728,1861,0,125
186,728,1862,0,126
187,728,1862,0,125
188,729,1862,0,125
189,729,1862,0,125
190,728,1862,0,125
191,728,1862,0,124
192,728,1862,0,123
193,728,1862,0,125
194,728,1862,0,124
195,728,1862,0,125
196,728,1862,0,125
197,728,1862,0,123
198,728,1861,0,122
199,728,1861,0,121
200,728,1862,0,121
201,727,1861,0,120
202,727,1861,0,121
203,726,1861,0,120
204,726,1860,0,119
205,726,1860,0,119
206,725,1860,0,118
207,725,1861,0,119
208,725,1861,0,118
209,725,1861,0,118
210,725,1860,0,119
211,725,1860,0,116
212,726,1860,0,117
213,726,1859,0,117
214,726,1858,0,118
215,726,1856,0,117
216,726,1853,0,116
217,724,1848,0,125
218,726,1848,0,141
219,727,1848,0,145
220,727,1848,0,150
221,728,1848,0,159
222,726,1849,0,164
223,724,1849,0,167
224,722,1845,0,182
225,721,1845,0,190
226,720,1845,0,195
227,719,1844,0,197
228,719,1843,0,197
229,719,1843,0,198
230,719,1842,0,196
231,719,1842,0,196
232,720,1841,0,197
233,720,1841,0,195
234,720,1841,0,196
235,720,1840,0,195
236,720,1840,0,194
237,720,1840,0,191
238,720,1840,0,192
239,721,1840,0,192
240,721,1840,0,191
241,721,1840,0,190
242,721,1840,0,191
243,722,1840,0,190
244,722,1840,0,188
245,722,1840,0,188
246,722,1840,0,188
247,722,1839,0,187
248,722,1840,0,189
249,723,1840,0,192
250,725,1840,0,193
251,726,1840,0,194
252,726,1840,0,195
253,727,1840,0,194
254,726,1840,0,194
255,726,1840,0,195
256,727,1840,0,196
257,727,1840,0,195
258,727,1840,0,194
259,728,1839,0,196
260,728,1839,0,195
261,729,1840,0,195
262,730,1841,0,195
263,730,1840,0,196
264,729,1839,0,194
265,729,1838,0,194
266,729,1838,0,195
267,729,1838,0,196
268,730,1837,0,197
269,730,1837,0,196
270,730,1837,0,196
271,731,1837,0,196
272,731,1837,0,198
273,732,1837,0,197
274,732,1837,0,198
275,732,1837,0,199
276,733,1837,0,200
277,733,1837,0,200
278,733,1837,0,199
279,733,1837,0,199
280,734,1837,0,200
281,734,1838,0,202
282,735,1838,0,202
283,734,1837,0,202
284,734,1837,0,201
285,734,1837,0,200
286,734,1837,0,199
287,734,1836,0,199
288,734,1837,0,199
289,734,1837,0,199
290,734,1837,0,200
291,734,1837,0,201
292,734,1837,0,201
293,734,1837,0,199
294,733,1837,0,199
295,733,1837,0,199
296,733,1837,0,197
297,734,1837,0,200
298,734,1836,0,200
299,734,1837,0,201
300,734,1837,0,200
301,732,1839,0,188
302,728,1841,0,179
303,727,1843,0,174
304,727,1842,0,169
305,727,1841,0,173
306,726,1842,0,176
307,725,1843,0,179
308,725,1843,0,181
309,725,1843,0,181
310,724,1843,0,181
311,724,1842,0,178
312,724,1842,0,177
313,724,1842,0,178
314,724,1842,0,178
315,724,1842,0,178
316,725,1842,0,177
317,724,1842,0,177
318,725,1842,0,177
319,725,1842,0,177
320,724,1842,0,177
321,724,1842,0,177
322,724,1842,0,177
323,724,1842,0,177
324,724,1842,0,177
325,725,1842,0,177
326,724,1841,0,178
327,724,1841,0,178
328,724,1841,0,178
329,725,1841,0,177
330,724,1841,0,176
331,724,1841,0,176
332,724,1841,0,176
333,724,1841,0,176
334,724,1841,0,175
335,724,1841,0,175
336,724,1841,0,176
337,725,1841,0,176
338,725,1841,0,175
339,726,1842,0,177
340,727,1843,0,177
341,728,1843,0,178
342,729,1843,0,178
343,729,1843,0,176
344,729,1843,0,177
345,729,1843,0,177
346,730,1843,0,177
347,730,1843,0,177
348,730,1843,0,177
349,730,1843,0,177
350,730,1843,0,178
351,730,1843,0,176
352,730,1841,0,169
353,730,1842,0,172
354,731,1842,0,173
355,731,1842,0,173
356,731,1842,0,173
357,731,1842,0,173
358,731,1842,0,173
359,731,1842,0,174
360,731,1842,0,173
361,731,1842,0,172
362,732,1843,0,172
363,731,1843,0,175
364,732,1842,0,175
365,732,1841,0,174
366,730,1840,0,172
367,730,1839,0,173
368,731,1839,0,172
369,730,1839,0,171
370,730,1839,0,172
371,730,1839,0,172
372,730,1839,0,171
373,731,1840,0,170
374,731,1839,0,174
375,731,1839,0,174
376,732,1840,0,173
377,731,1840,0,171
378,731,1840,0,172
379,731,1840,0,173
380,730,1840,0,172
381,731,1840,0,171
382,731,1840,0,173
383,731,1840,0,172
384,731,1840,0,173
385,731,1840,0,173
386,731,1841,0,172
387,732,1841,0,173
388,732,1841,0,173
389,732,1841,0,173
390,732,1841,0,173
391,732,1841,0,173
392,732,1841,0,173
393,732,1841,0,174
394,732,1841,0,174
395,732,1841,0,173
396,732,1841,0,174
397,733,1841,0,174
398,733,1842,0,176
399,733,1842,0,176
400,733,1842,0,176
401,733,1842,0,176
402,734,1842,0,176
403,734,1842,0,176
404,734,1842,0,177
405,734,1842,0,177
406,734,1842,0,177
407,735,1842,0,178
408,735,1842,0,178
409,735,1842,0,179
410,735,1841,0,184
411,735,1842,0,178
412,735,1842,0,177
413,735,1842,0,177
414,736,1842,0,178
415,736,1842,0,178
416,736,1843,0,179
417,736,1843,0,180
418,737,1843,0,180
419,737,1843,0,180
420,737,1843,0,180
421,737,1843,0,182
422,738,1843,0,182
423,738,1843,0,182
424,738,1842,0,181
425,739,1842,0,186
426,739,1842,0,187
427,739,1843,0,188
428,739,1842,0,186
429,739,1842,0,188
430,739,1843,0,186
431,740,1842,0,189
432,740,1842,0,186
433,739,1842,0,187
434,738,1842,0,185
435,736,1843,0,184
436,732,1842,0,192
437,731,1841,0,197
438,729,1842,0,194
439,729,1842,0,192
440,728,1843,0,189
441,727,1843,0,186
442,725,1844,0,183
443,725,1843,0,179
444,725,1844,0,179
445,726,1846,0,176
446,726,1846,0,175
447,725,1846,0,178
448,725,1848,0,186
449,725,1848,0,188
450,725,1847,0,192
451,725,1846,0,189
452,725,1845,0,188
453,725,1845,0,187
454,725,1845,0,188
455,726,1845,0,187
456,726,1845,0,187
457,726,1845,0,186
458,726,1845,0,187
459,725,1845,0,185
460,726,1845,0,185
461,726,1845,0,186
462,726,1845,0,185
463,726,1845,0,185
464,726,1845,0,185
465,726,1845,0,185
466,726,1845,0,184
467,726,1845,0,183
468,727,1845,0,183
469,727,1845,0,182
470,728,1845,0,182
471,728,1845,0,182
472,728,1845,0,181
473,728,1845,0,181
474,729,1845,0,181
475,729,1845,0,180
476,729,1845,0,180
477,729,1845,0,179
478,729,1845,0,179
479,730,1845,0,179
480,730,1845,0,178
481,731,1845,0,178
482,731,1845,0,178
483,731,1845,0,179
484,732,1845,0,178
485,732,1845,0,177
486,732,1845,0,178
487,733,1845,0,178
488,733,1845,0,178
489,733,1845,0,177
490,732,1845,0,177
491,733,1845,0,177
492,732,1845,0,178
493,733,1845,0,177
494,733,1845,0,176
495,733,1845,0,175
496,734,1845,0,175
497,735,1845,0,174
498,734,1845,0,174
499,734,1845,0,174
500,735,1845,0,174
501,734,1845,0,175
502,734,1846,0,171
503,735,1846,0,174
504,735,1845,0,175
505,735,1845,0,175
506,735,1845,0,177
507,735,1845,0,179
508,735,1845,0,177
509,735,1845,0,176
510,735,1845,0,177
511,735,1844,0,179
512,735,1844,0,178
513,735,1845,0,177
514,735,1845,0,174
515,735,1844,0,175
516,736,1844,0,176
517,735,1844,0,174
518,735,1845,0,175
519,735,1844,0,174
520,735,1844,0,174
521,735,1844,0,176
522,734,1845,0,174
523,734,1845,0,173
524,734,1845,0,173
525,734,1844,0,172
526,734,1844,0,172
527,734,1845,0,171
528,734,1844,0,170
529,734,1845,0,170
530,735,1845,0,171
531,735,1844,0,170
532,735,1844,0,171
533,735,1844,0,170
534,735,1844,0,170
535,735,1844,0,169
536,735,1844,0,169
537,735,1844,0,169
538,735,1844,0,170
539,735,1844,0,169
540,735,1844,0,168
541,735,1844,0,166
542,735,1844,0,167
543,735,1844,0,168
544,735,1844,0,166
545,735,1844,0,168
546,735,1844,0,167
547,734,1843,0,166
548,734,1843,0,166
549,735,1843,0,167
550,735,1844,0,168
551,735,1844,0,168
552,735,1843,0,167
553,735,1843,0,167
554,735,1844,0,168
555,735,1844,0,167
556,735,1843,0,168
557,735,1843,0,167
558,735,1843,0,167
559,735,1843,0,166
560,735,1843,0,166
561,735,1843,0,166
562,736,1843,0,166
563,736,1844,0,167
564,736,1844,0,166
565,736,1844,0,168
566,736,1844,0,170
567,736,1844,0,169
568,737,1844,0,169
569,736,1844,0,168
570,735,1845,0,166
571,734,1845,0,162
572,735,1846,0,161
573,735,1846,0,161
574,736,1846,0,161
575,737,1847,0,162
576,738,1847,0,161
577,738,1847,0,162
578,738,1847,0,163
579,738,1847,0,163
580,739,1848,0,163
581,739,1848,0,163
582,739,1848,0,163
583,739,1848,0,164
584,739,1848,0,164
585,739,1848,0,165
586,739,1848,0,164
587,740,1848,0,164
588,739,1848,0,164
589,740,1849,0,164
590,740,1848,0,162
591,740,1849,0,162
592,740,1848,0,162
593,740,1849,0,162
594,740,1848,0,162
595,740,1848,0,163
596,739,1848,0,163
597,739,1848,0,163
598,739,1848,0,162
599,740,1848,0,163
600,740,1848,0,163
601,740,1849,0,163
602,740,1849,0,162
603,740,1849,0,161
604,740,1849,0,162
605,740,1849,0,161
606,740,1849,0,162
607,740,1849,0,161
608,740,1849,0,162
609,740,1849,0,161
610,740,1849,0,162
611,740,1849,0,162
612,740,1849,0,162
613,740,1849,0,162
614,740,1849,0,162
615,740,1849,0,163
616,740,1849,0,162
617,741,1849,0,163
618,741,1849,0,163
619,741,1849,0,163
620,741,1849,0,163
621,741,1849,0,163
622,741,1849,0,163
623,741,1849,0,163
624,741,1849,0,163
625,741,1849,0,163
626,741,1849,0,164
627,741,1849,0,163
628,741,1849,0,163
629,741,1849,0,163
630,741,1849,0,163
631,741,1849,0,163
632,741,1850,0,162
633,741,1850,0,161
634,741,1850,0,162
635,741,1850,0,162
636,741,1850,0,161
637,741,1850,0,161
638,741,1850,0,161
639,741,1850,0,162
640,742,1850,0,162
641,742,1850,0,164
642,742,1850,0,164
643,742,1850,0,163
644,742,1850,0,164
645,742,1850,0,163
646,741,1850,0,164
647,742,1850,0,164
648,742,1850,0,163
649,742,1850,0,164
650,742,1850,0,163
651,742,1850,0,163
652,742,1850,0,163
653,742,1850,0,162
654,742,1850,0,164
655,742,1850,0,164
656,742,1850,0,164
657,742,1850,0,163
658,742,1850,0,164
659,742,1850,0,164
660,742,1850,0,164
661,742,1850,0,164
662,742,1850,0,163
663,742,1850,0,164
664,742,1850,0,163
665,741,1850,0,163
666,741,1850,0,164
667,742,1850,0,163
668,742,1850,0,163
669,742,1850,0,163
670,742,1851,0,164
671,742,1851,0,162
672,742,1851,0,163
673,742,1851,0,163
674,742,1851,0,163
675,742,1851,0,163
676,742,1851,0,163
677,742,1851,0,162
678,742,1851,0,160
679,742,1851,0,160
680,743,1851,0,160
681,743,1852,0,160
682,743,1852,0,160
683,743,1852,0,160
684,743,1852,0,160
685,743,1852,0,159
686,743,1852,0,159
687,743,1852,0,158
688,743,1852,0,159
689,743,1852,0,159
690,743,1852,0,159
691,743,1852,0,160
692,743,1852,0,159
693,743,1852,0,160
694,743,1852,0,160
695,743,1852,0,160
696,743,1852,0,160
697,743,1852,0,161
698,743,1852,0,160
699,743,1852,0,160
700,743,1852,0,158
701,743,1852,0,160
702,743,1852,0,160
703,743,1852,0,159
704,743,1852,0,159
705,743,1852,0,160
706,743,1852,0,160
707,743,1852,0,160
708,743,1852,0,160
709,744,1852,0,159
710,744,1852,0,158
711,743,1852,0,158
712,743,1852,0,158
713,743,1852,0,159
714,744,1852,0,160
715,743,1852,0,157
716,743,1852,0,159
717,743,1852,0,160
718,743,1852,0,158
719,743,1852,0,158
720,743,1852,0,158
721,743,1852,0,159
722,743,1852,0,158
723,743,1852,0,158
724,743,1852,0,161
725,743,1852,0,163
726,743,1852,0,161
727,742,1852,0,160
728,742,1852,0,160
729,742,1852,0,159
730,742,1852,0,161
731,742,1852,0,160
732,742,1852,0,163
733,742,1852,0,163
734,742,1852,0,162
735,742,1852,0,160
736,743,1852,0,161
737,742,1852,0,161
738,743,1852,0,161
739,743,1852,0,162
740,742,1852,0,162
741,742,1852,0,161
742,742,1852,0,161
743,742,1852,0,161
744,742,1852,0,161
745,742,1853,0,160
746,742,1853,0,161
747,742,1853,0,160
748,742,1852,0,159
749,742,1852,0,160
750,742,1852,0,160
751,742,1852,0,159
752,742,1852,0,160
753,742,1852,0,160
754,742,1853,0,159
755,742,1852,0,159
756,742,1853,0,159
757,742,1853,0,159
758,742,1853,0,160
759,742,1852,0,161
760,742,1853,0,160
761,742,1853,0,159
762,742,1853,0,160
763,742,1852,0,160
764,742,1853,0,159
765,743,1853,0,157
766,742,1853,0,157
767,743,1853,0,156
768,743,1853,0,158
769,743,1853,0,158
770,744,1854,0,157
771,743,1853,0,159
772,744,1853,0,158
773,744,1854,0,157
774,744,1853,0,157
775,744,1853,0,157
776,744,1853,0,159
777,744,1854,0,157
778,744,1854,0,157
779,744,1853,0,155
780,744,1854,0,156
781,744,1854,0,159
782,743,1853,0,159
783,744,1854,0,158
784,744,1854,0,157
785,744,1854,0,156
786,744,1854,0,157
787,744,1854,0,156
788,744,1854,0,155
789,745,1854,0,156
790,744,1853,0,155
791,744,1853,0,156
792,744,1854,0,155
793,744,1854,0,153
794,744,1854,0,154
795,744,1853,0,155
796,744,1853,0,157
797,744,1853,0,156
798,744,1853,0,156
799,744,1853,0,155
800,744,1853,0,155
801,744,1853,0,153
802,744,1853,0,153
803,745,1854,0,152
804,744,1852,0,154
805,745,1852,0,152
806,745,1852,0,153
807,745,1853,0,153
808,746,1853,0,152
809,745,1853,0,152
810,745,1853,0,153
811,745,1853,0,153
812,745,1853,0,153
813,746,1853,0,152
814,746,1854,0,153
815,746,1853,0,153
816,746,1854,0,153
817,746,1854,0,153
818,746,1854,0,154
819,746,1854,0,154
820,746,1854,0,154
821,746,1854,0,154
822,746,1854,0,155
823,746,1854,0,155
824,746,1854,0,156
825,746,1854,0,156
826,746,1854,0,155
827,746,1854,0,156
828,746,1854,0,156
829,746,1854,0,155
830,746,1854,0,155
831,746,1854,0,155
832,746,1854,0,155
833,746,1854,0,155
834,746,1854,0,155
835,746,1854,0,155
836,746,1854,0,154
837,746,1855,0,155
838,746,1855,0,154
839,746,1855,0,155
840,746,1855,0,153
841,746,1855,0,153
842,746,1855,0,152
843,746,1855,0,152
844,746,1855,0,153
845,746,1855,0,152
846,746,1855,0,152
847,746,1855,0,151
848,746,1854,0,151
849,746,1854,0,150
850,746,1854,0,149
851,746,1854,0,151
852,747,1854,0,150
853,747,1855,0,152
854,746,1854,0,152
855,746,1854,0,151
856,746,1854,0,151
857,746,1855,0,153
858,747,1854,0,152
859,746,1855,0,154
860,747,1855,0,154
861,747,1855,0,154
862,747,1855,0,155
863,747,1855,0,154
864,747,1854,0,153
865,747,1855,0,154
866,747,1855,0,154
867,746,1855,0,154
868,746,1855,0,155
869,746,1855,0,155
870,746,1854,0,154
871,746,1854,0,154
872,746,1855,0,154
873,746,1854,0,155
874,746,1854,0,155
875,745,1854,0,155
876,745,1854,0,155
877,745,1854,0,155
878,745,1854,0,154
879,746,1854,0,154
880,746,1854,0,154
881,747,1855,0,154
882,747,1855,0,153
883,747,1854,0,153
884,747,1854,0,154
885,747,1854,0,154
886,746,1854,0,155
887,746,1854,0,155
888,746,1854,0,155
889,747,1854,0,154
890,747,1854,0,153
891,747,1854,0,153
892,747,1854,0,153
893,747,1854,0,153
894,747,1853,0,152
895,747,1854,0,152
896,747,1854,0,152
897,747,1854,0,151
898,747,1854,0,151
899,747,1854,0,151
900,747,1854,0,150
901,747,1855,0,149
902,747,1855,0,150
903,747,1855,0,149
904,747,1855,0,150
905,747,1855,0,150
906,747,1855,0,150
907,747,1855,0,152
908,747,1855,0,150
909,747,1855,0,152
910,747,1855,0,153
911,747,1855,0,154
912,747,1855,0,153
913,747,1855,0,152
914,747,1855,0,151
915,747,1855,0,153
916,747,1855,0,153
917,747,1855,0,152
918,747,1855,0,152
919,747,1854,0,151
920,747,1854,0,151
921,747,1854,0,151
922,747,1854,0,150
923,747,1854,0,150
924,747,1855,0,152
925,747,1855,0,153
926,747,1855,0,153
927,747,1855,0,152
928,747,1855,0,152
929,747,1855,0,152
930,747,1855,0,152
931,747,1855,0,152
932,748,1855,0,152
933,748,1855,0,152
934,748,1855,0,152
935,748,1855,0,152
936,748,1855,0,152
937,748,1855,0,152
938,748,1855,0,153
939,747,1855,0,153
940,748,1855,0,152
941,748,1855,0,152
942,748,1855,0,152
943,748,1855,0,152
944,748,1855,0,152
945,748,1855,0,152
946,748,1855,0,153
947,748,1855,0,153
948,748,1855,0,152
949,748,1855,0,153
950,748,1855,0,152
951,748,1855,0,152
952,747,1855,0,153
953,748,1855,0,153
954,748,1855,0,152
955,748,1855,0,153
956,748,1855,0,152
957,748,1855,0,153
958,747,1855,0,154
959,747,1856,0,155
960,747,1855,0,155
961,747,1855,0,153
962,748,1855,0,153
963,748,1855,0,153
964,748,1855,0,154
965,748,1855,0,154
966,748,1855,0,154
967,748,1855,0,153
968,747,1855,0,154
969,747,1855,0,153
970,748,1855,0,152
971,747,1855,0,153
972,748,1855,0,152
973,748,1855,0,152
974,748,1855,0,152
975,747,1855,0,154
976,747,1855,0,154
977,747,1855,0,153
978,748,1855,0,152
979,747,1855,0,154
980,747,1855,0,153
981,747,1855,0,153
982,747,1855,0,153
983,747,1855,0,152
984,748,1855,0,152
985,747,1855,0,152
986,747,1855,0,152
987,747,1855,0,154
988,747,1855,0,153
989,747,1855,0,154
990,747,1855,0,154
991,747,1855,0,153
992,747,1855,0,154
993,748,1855,0,154
994,747,1855,0,154
995,748,1855,0,153
996,748,1855,0,151
997,748,1855,0,152
998,748,1855,0,152
999,748,1855,0,153
1000,748,1855,0,151
1001,748,1855,0,151
1002,747,1855,0,151
1003,747,1855,0,152
1004,748,1855,0,151
1005,747,1855,0,151
1006,747,1855,0,150
1007,747,1855,0,150
1008,747,1856,0,150
1009,748,1856,0,149
1010,748,1856,0,149
1011,748,1856,0,149
1012,748,1856,0,151
1013,748,1856,0,154
1014,747,1856,0,152
1015,747,1856,0,152
1016,747,1856,0,152
1017,747,1856,0,151
1018,747,1856,0,152
1019,747,1856,0,152
1020,747,1856,0,149
1021,747,1856,0,148
1022,748,1855,0,148
1023,748,1855,0,146
1024,748,1856,0,146
1025,748,1856,0,145
1026,748,1856,0,144
1027,748,1856,0,144
1028,748,1856,0,144
1029,749,1856,0,146
1030,749,1856,0,144
1031,749,1856,0,144
1032,749,1856,0,144
1033,749,1856,0,147
1034,748,1856,0,144
1035,749,1856,0,143
1036,749,1856,0,142
1037,749,1857,0,145
1038,750,1857,0,145
1039,750,1857,0,145
1040,751,1857,0,145
1041,750,1857,0,147
1042,750,1857,0,148
1043,750,1857,0,147
1044,751,1857,0,146
1045,751,1857,0,148
1046,750,1857,0,147
1047,749,1857,0,147
1048,750,1857,0,148
1049,750,1857,0,148
1050,750,1857,0,148
1051,751,1857,0,147
1052,751,1857,0,148
1053,750,1856,0,149
1054,750,1856,0,150
1055,750,1856,0,150
1056,749,1856,0,151
1057,749,1856,0,152
1058,749,1857,0,153
1059,749,1857,0,154
1060,748,1856,0,153
1061,748,1856,0,152
1062,748,1856,0,153
1063,748,1856,0,153
1064,748,1856,0,153
1065,747,1856,0,153
1066,744,1854,0,152
1067,741,1853,0,152
1068,740,1852,0,151
1069,736,1847,0,145
1070,731,1843,0,133
1071,729,1844,0,130
1072,727,1842,0,122
1073,726,1841,0,118
1074,725,1840,0,117
1075,725,1838,0,113
1076,725,1837,0,110
1077,726,1837,0,99
1078,730,1833,0,86
1079,729,1832,0,89
1080,727,1831,0,89
1081,726,1827,0,85
1082,724,1826,0,77
1083,722,1828,0,76
1084,724,1828,0,71
1085,721,1825,0,78
1086,719,1824,0,83
1087,720,1820,0,81
1088,718,1819,0,84
1089,718,1818,0,82
1090,716,1816,0,85
1091,716,1816,0,86
1092,722,1815,0,102
1093,724,1816,0,107
1094,722,1814,0,114
1095,722,1814,0,112
1096,721,1812,0,121
1097,722,1811,0,137
1098,723,1807,0,138
1099,725,1803,0,138
1100,724,1801,0,146
1101,728,1799,0,152
1102,727,1799,0,158
1103,726,1798,0,160
1104,725,1797,0,162
1105,722,1798,0,169
1106,719,1797,0,169
1107,719,1796,0,168
1108,718,1797,0,178
1109,722,1800,0,209
1110,721,1803,0,214
1111,719,1805,0,200
1112,718,1805,0,179
1113,718,1803,0,162
1114,714,1801,0,152
1115,712,1801,0,143
1116,712,1803,0,133
1117,712,1805,0,134
1118,709,1803,0,130
1119,706,1802,0,120
1120,704,1800,0,114
1121,703,1799,0,101
1122,703,1799,0,100
1123,702,1796,0,98
1124,697,1792,0,90
1125,693,1787,0,90
1126,691,1787,0,89
1127,692,1788,0,84
1128,688,1787,0,96
1129,686,1789,0,105
1130,684,1784,0,119
1131,683,1788,0,130
1132,687,1791,0,141
1133,693,1794,0,150
1134,698,1796,0,156
1135,699,1798,0,149
1136,700,1804,0,141
1137,699,1801,0,148
1138,699,1801,0,150
1139,699,1800,0,152
1140,697,1800,0,154
1141,697,1800,0,153
1142,697,1799,0,153
1143,698,1800,0,152
1144,699,1799,0,151
1145,698,1799,0,152
1146,699,1799,0,151
1147,699,1799,0,151
1148,699,1799,0,150
1149,699,1799,0,151
1150,698,1799,0,153
1151,698,1799,0,153
1152,698,1799,0,153
1153,699,1799,0,153
1154,698,1799,0,153
1155,698,1799,0,153
1156,698,1799,0,153
1157,698,1799,0,152
1158,698,1799,0,152
1159,698,1799,0,153
1160,698,1799,0,153
1161,698,1800,0,156
1162,699,1801,0,156
1163,698,1800,0,156
1164,698,1800,0,156
1165,698,1800,0,155
1166,698,1800,0,155
1167,698,1800,0,155
1168,699,1800,0,156
1169,699,1800,0,156
1170,698,1800,0,155
1171,698,1800,0,155
1172,699,1800,0,157
1173,699,1800,0,157
1174,699,1800,0,156
1175,699,1800,0,157
1176,699,1800,0,157
1177,699,1800,0,157
1178,699,1801,0,156
1179,699,1801,0,155
1180,699,1801,0,156
1181,699,1801,0,157
1182,699,1801,0,158
1183,699,1801,0,159
1184,699,1801,0,156
1185,700,1801,0,157
1186,700,1801,0,157
1187,700,1801,0,158
1188,700,1800,0,160
1189,700,1800,0,159
1190,701,1801,0,162
1191,701,1802,0,165
1192,702,1801,0,166
1193,702,1802,0,166
1194,703,1802,0,167
1195,703,1802,0,169
1196,703,1802,0,170
1197,703,1802,0,169
1198,704,1802,0,169
1199,705,1802,0,172
1200,705,1803,0,173
1201,706,1803,0,175
1202,706,1803,0,176
1203,706,1803,0,177
1204,705,1803,0,174
1205,706,1802,0,173
1206,706,1802,0,173
1207,706,1802,0,173
1208,706,1802,0,172
1209,705,1802,0,172
1210,705,1803,0,173
1211,705,1803,0,173
1212,705,1803,0,176
1213,705,1804,0,178
1214,705,1804,0,178
1215,706,1804,0,177
1216,705,1803,0,176
1217,705,1804,0,177
1218,705,1803,0,177
1219,706,1803,0,178
1220,706,1804,0,179
1221,705,1804,0,179
1222,706,1804,0,180
1223,705,1804,0,179
1224,706,1804,0,180
1225,705,1804,0,180
1226,705,1804,0,180
1227,705,1804,0,180
1228,705,1804,0,181
1229,705,1804,0,180
1230,706,1804,0,181
1231,706,1804,0,181
1232,705,1804,0,181
1233,705,1804,0,182
1234,706,1804,0,182
1235,706,1804,0,183
1236,706,1804,0,184
1237,706,1804,0,183
1238,706,1804,0,183
1239,705,1804,0,182
1240,706,1804,0,182
1241,705,1803,0,181
1242,705,1803,0,181
1243,705,1803,0,181
1244,706,1803,0,180
1245,706,1803,0,178
1246,706,1803,0,178
1247,706,1802,0,177
1248,706,1802,0,178
1249,706,1802,0,177
1250,706,1803,0,178
1251,706,1802,0,178
1252,706,1803,0,177
1253,706,1803,0,178
1254,706,1803,0,178
1255,706,1802,0,179
1256,707,1802,0,180
1257,707,1802,0,179
1258,707,1802,0,179
1259,707,1802,0,180
1260,707,1802,0,179
1261,708,1802,0,179
1262,708,1802,0,178
1263,708,1802,0,178
1264,709,1802,0,177
1265,709,1801,0,178
1266,709,1801,0,179
1267,709,1801,0,179
1268,709,1801,0,180
1269,709,1801,0,180
1270,709,1801,0,180
1271,709,1801,0,180
1272,709,1801,0,181
1273,709,1801,0,181
1274,709,1801,0,181
1275,710,1801,0,180
1276,710,1801,0,181
1277,710,1801,0,182
1278,710,1801,0,183
1279,711,1800,0,182
1280,712,1800,0,182
1281,711,1800,0,182
1282,712,1800,0,181
1283,712,1800,0,182
1284,712,1800,0,181
1285,712,1800,0,183
1286,712,1800,0,182
1287,712,1800,0,183
1288,712,1800,0,181
1289,712,1800,0,181
1290,712,1799,0,181
1291,712,1799,0,181
1292,713,1799,0,181
1293,713,1799,0,182
1294,713,1799,0,180
1295,713,1799,0,180
1296,713,1799,0,180
1297,713,1799,0,179
1298,713,1799,0,179
1299,713,1799,0,179
1300,713,1799,0,179
1301,713,1798,0,179
1302,712,1798,0,178
1303,713,1798,0,178
1304,713,1799,0,179
1305,713,1799,0,179
1306,713,1799,0,180
1307,712,1798,0,179
1308,712,1798,0,178
1309,713,1798,0,178
1310,713,1798,0,179
1311,713,1798,0,179
1312,713,1797,0,178
1313,713,1797,0,179
1314,713,1797,0,179
1315,712,1797,0,177
1316,712,1796,0,176
1317,713,1797,0,180
1318,713,1797,0,181
1319,713,1797,0,181
1320,711,1797,0,179
1321,710,1796,0,177
1322,706,1794,0,175
1323,704,1796,0,176
1324,701,1795,0,165
1325,699,1796,0,156
1326,700,1798,0,140
1327,698,1799,0,139
1328,696,1803,0,141
1329,695,1806,0,142
1330,693,1807,0,142
1331,693,1808,0,143
1332,692,1808,0,146
1333,692,1808,0,145
1334,692,1808,0,146
1335,692,1809,0,147
1336,692,1809,0,148
1337,692,1809,0,147
1338,692,1810,0,147
1339,692,1810,0,145
1340,692,1810,0,146
1341,692,1810,0,147
1342,692,1810,0,146
1343,692,1810,0,146
1344,692,1810,0,147
1345,692,1810,0,145
1346,692,1810,0,144
1347,692,1810,0,144
1348,692,1810,0,145
1349,692,1810,0,145
1350,692,1810,0,144
1351,692,1811,0,143
1352,691,1811,0,143
1353,691,1811,0,142
1354,688,1809,0,137
1355,690,1807,0,121
1356,689,1806,0,116
1357,689,1805,0,107
1358,688,1803,0,96
1359,686,1801,0,83
1360,684,1800,0,84
1361,684,1801,0,87
1362,685,1801,0,95
1363,685,1803,0,101
1364,685,1803,0,102
1365,684,1803,0,102
1366,685,1802,0,102
1367,684,1801,0,101
1368,684,1795,0,91
1369,680,1792,0,89
1370,680,1792,0,98
1371,682,1791,0,100
1372,681,1790,0,101
1373,680,1789,0,100
1374,681,1786,0,101
1375,681,1787,0,102
1376,678,1789,0,108
1377,677,1788,0,119
1378,677,1788,0,123
1379,677,1789,0,131
1380,677,1788,0,136
1381,677,1787,0,141
1382,676,1787,0,143
1383,677,1786,0,148
1384,678,1786,0,155
1385,681,1787,0,162
1386,682,1787,0,166
1387,680,1785,0,170
1388,682,1786,0,183
1389,683,1783,0,187
1390,683,1785,0,196
1391,680,1789,0,185
1392,683,1790,0,186
1393,682,1790,0,179
1394,683,1794,0,180
1395,678,1791,0,171
1396,675,1793,0,181
1397,671,1788,0,185
1398,666,1790,0,187
1399,664,1787,0,203
1400,669,1786,0,213
1401,669,1783,0,223
1402,669,1781,0,231
1404,661,1782,0,222
1405,655,1784,0,211
1406,655,1782,0,207
1407,657,1779,0,192
1408,660,1780,0,191
1412,667,1777,0,157
1413,667,1778,0,149
1414,665,1775,0,124
1415,663,1771,0,115
1416,667,1775,0,114
1417,677,1784,0,109
1418,679,1788,0,104
1419,679,1792,0,97
1420,682,1794,0,104
1421,681,1795,0,107
1422,682,1794,0,112
1423,682,1793,0,114
1424,682,1790,0,113
1425,679,1786,0,111
1426,678,1780,0,114
1427,679,1778,0,114
1428,679,1774,0,114
1429,683,1773,0,113
1430,687,1772,0,104
1431,690,1769,0,99
1432,690,1766,0,96
1433,689,1761,0,83
1434,688,1760,0,75
1435,689,1760,0,67
1436,696,1760,0,65
1437,691,1757,0,62
1438,683,1757,0,65
1439,684,1756,0,62
1440,685,1757,0,52
1441,686,1756,0,49
1442,690,1753,0,45
1443,690,1751,0,38
1444,691,1741,0,33
1445,686,1734,0,26
1446,693,1731,0,10
1447,690,1724,0,352
1448,688,1720,0,350
1449,685,1717,0,348
1450,684,1715,0,345
1451,685,1712,0,334
1452,684,1710,0,325
1453,683,1707,0,313
1454,687,1692,0,321
1455,683,1692,0,316
1456,681,1692,0,323
1457,681,1694,0,331
1458,685,1695,0,337
1459,689,1694,0,342
1460,690,1694,0,340
1461,690,1694,0,340
1462,690,1694,0,337
1463,690,1695,0,338
1464,690,1695,0,338
1465,690,1695,0,337
1466,690,1696,0,336
1467,690,1696,0,334
1468,690,1696,0,334
1469,690,1696,0,334
1470,690,1696,0,333
1471,690,1696,0,333
1472,690,1696,0,333
1473,690,1696,0,333
1474,690,1696,0,333
1475,690,1696,0,332
1476,690,1697,0,332
1477,690,1697,0,330
1478,689,1697,0,328
1479,690,1697,0,329
1480,690,1697,0,330
1481,690,1696,0,329
1482,690,1696,0,328
1483,689,1697,0,327
1484,689,1696,0,327
1485,689,1696,0,328
1486,688,1696,0,327
1487,688,1695,0,327
1488,689,1695,0,329
1489,689,1695,0,329
1490,689,1695,0,327
1491,689,1695,0,327
1492,688,1695,0,328
1493,689,1695,0,328
1494,688,1695,0,327
1495,688,1695,0,326
1496,688,1695,0,325
1497,688,1696,0,325
1498,688,1695,0,325
1499,687,1695,0,324
1500,688,1695,0,323
1501,687,1695,0,322
1502,687,1695,0,323
1503,687,1695,0,322
1504,687,1695,0,321
1505,687,1695,0,322
1506,687,1695,0,323
1507,687,1695,0,322
1508,687,1694,0,322
1509,687,1694,0,322
1510,687,1694,0,323
1511,688,1694,0,324
1512,687,1694,0,325
1513,688,1694,0,325
1514,688,1693,0,327
1515,688,1693,0,328
1516,688,1694,0,328
1517,688,1694,0,327
1518,688,1694,0,326
1519,688,1694,0,326
1520,688,1694,0,325
1521,688,1694,0,324
1522,688,1694,0,324
1523,688,1693,0,325
1524,688,1693,0,325
1525,688,1693,0,325
1526,687,1693,0,324
1527,687,1693,0,325
1528,687,1693,0,323
1529,687,1693,0,324
1530,687,1693,0,323
1531,687,1694,0,322
1532,687,1694,0,322
1533,687,1693,0,324
1534,687,1693,0,323
1535,687,1693,0,323
1536,688,1693,0,323
1537,687,1693,0,321
1538,687,1693,0,321
1539,687,1693,0,320
1540,687,1693,0,318
1541,686,1693,0,317
1542,686,1693,0,317
1543,686,1692,0,315
1544,686,1693,0,315
1545,686,1693,0,315
1546,686,1693,0,316
1547,686,1693,0,316
1548,686,1693,0,315
1549,686,1693,0,316
1550,686,1693,0,317
1551,686,1693,0,317
1552,686,1692,0,316
1553,687,1693,0,317
1554,686,1693,0,316
1555,686,1693,0,316
1556,686,1693,0,314
1557,687,1693,0,315
1558,687,1693,0,314
1559,686,1693,0,312
1560,686,1693,0,310
1561,686,1693,0,310
1562,686,1693,0,309
1563,686,1694,0,308
1564,686,1694,0,306
1565,686,1695,0,302
1566,686,1695,0,301
1567,686,1694,0,303
1568,686,1693,0,301
1569,686,1693,0,301
1570,686,1693,0,300
1571,686,1694,0,299
1572,686,1694,0,300
1573,686,1693,0,299
1574,686,1693,0,300
1575,686,1694,0,299
1576,686,1694,0,299
1577,686,1694,0,299
1578,686,1694,0,300
1579,686,1694,0,299
1580,686,1694,0,298
1581,686,1693,0,296
1582,686,1693,0,297
1583,686,1693,0,297
1584,686,1693,0,297
1585,685,1693,0,297
1586,685,1693,0,297
1587,685,1693,0,296
1588,686,1692,0,297
1589,686,1692,0,297
1590,686,1693,0,296
1591,686,1692,0,295
1592,686,1692,0,295
1593,685,1692,0,295
1594,686,1692,0,296
1595,686,1692,0,295
1596,686,1692,0,296
1597,686,1692,0,295
1598,686,1692,0,296
1599,686,1692,0,296
1600,686,1691,0,296
1601,686,1691,0,296
1602,686,1691,0,295
1603,686,1691,0,295
1604,686,1691,0,296
1605,686,1691,0,296
1606,686,1691,0,295
1607,686,1691,0,295
1608,686,1691,0,295
1609,686,1691,0,296
1610,686,1691,0,295
1611,686,1691,0,296
1612,686,1691,0,296
1613,686,1691,0,295
1614,686,1690,0,296
1615,686,1690,0,296
1616,686,1690,0,296
1617,686,1690,0,295
1618,686,1690,0,295
1619,686,1690,0,295
1620,686,1690,0,296
1621,686,1690,0,296
1622,686,1690,0,295
1623,686,1690,0,296
1624,686,1690,0,296
1625,686,1690,0,296
1626,686,1690,0,296
1627,686,1690,0,296
1628,686,1690,0,296
1629,686,1690,0,297
1630,686,1690,0,297
1631,686,1690,0,297
1632,686,1689,0,296
1633,686,1690,0,296
1634,686,1689,0,296
1635,686,1689,0,296
1636,686,1690,0,297
1637,686,1690,0,295
1638,686,1690,0,295
1639,686,1689,0,295
1640,686,1689,0,295
1641,686,1689,0,296
1642,686,1689,0,296
1643,686,1689,0,296
1644,686,1688,0,295
1645,686,1688,0,292
1646,686,1689,0,293
1647,685,1689,0,292
1648,685,1690,0,294
1649,686,1692,0,295
1650,686,1693,0,297
1651,686,1694,0,295
1652,686,1694,0,295
1653,686,1694,0,292
1654,687,1694,0,293
1655,687,1694,0,293
1656,687,1695,0,292
1657,687,1695,0,292
1658,687,1695,0,291
1659,688,1695,0,292
1660,688,1694,0,292
1661,688,1695,0,291
1662,688,1694,0,291
1663,688,1694,0,290
1664,688,1694,0,290
1665,688,1694,0,289
1666,688,1694,0,288
1667,688,1693,0,288
1668,688,1694,0,288
1669,688,1694,0,288
1670,688,1693,0,288
1671,688,1693,0,288
1672,688,1693,0,288
1673,688,1692,0,288
1674,688,1692,0,288
1675,688,1692,0,288
1676,688,1692,0,289
1677,688,1692,0,288
1678,687,1692,0,288
1679,687,1692,0,288
1680,687,1692,0,288
1681,687,1692,0,287
1682,687,1692,0,287
1683,687,1692,0,287
1684,687,1692,0,286
1685,687,1693,0,286
1686,687,1691,0,286
1687,687,1690,0,285
1688,687,1691,0,286
1689,687,1691,0,285
1690,687,1692,0,285
1691,687,1691,0,285
1692,687,1691,0,287
1693,687,1691,0,287
1694,687,1691,0,286
1695,687,1691,0,286
1696,687,1691,0,287
1697,687,1690,0,287
1698,687,1690,0,287
1699,687,1690,0,287
1700,687,1690,0,287
1701,687,1690,0,287
1702,687,1690,0,287
1703,687,1690,0,288
1704,687,1690,0,287
1705,687,1690,0,287
1706,687,1689,0,287
1707,687,1690,0,287
1708,687,1690,0,287
1709,687,1690,0,288
1710,687,1689,0,287
1711,688,1689,0,286
1712,687,1689,0,286
1713,687,1689,0,287
1714,687,1689,0,287
1715,688,1689,0,286
1716,688,1689,0,286
1717,688,1689,0,286
1718,687,1689,0,287
1719,688,1689,0,286
1720,688,1689,0,286
1721,688,1689,0,286
1722,687,1689,0,287
1723,687,1689,0,286
1724,688,1689,0,286
1725,688,1689,0,287
1726,688,1689,0,286
1727,688,1689,0,286
1728,688,1689,0,286
1729,688,1689,0,286
1730,688,1689,0,286
1731,688,1689,0,285
1732,688,1689,0,286
1733,688,1689,0,285
1734,688,1689,0,285
1735,688,1689,0,285
1736,688,1689,0,285
1737,688,1689,0,285
1738,688,1689,0,286
1739,688,1689,0,285
1740,688,1689,0,285
1741,688,1689,0,286
1742,688,1689,0,285
1743,688,1689,0,285
1744,688,1689,0,286
1745,688,1689,0,286
1746,688,1689,0,285
1747,688,1689,0,285
1748,688,1689,0,285
1749,688,1689,0,285
1750,688,1688,0,285
1751,688,1688,0,285
1752,688,1688,0,285
1753,688,1689,0,285
1754,688,1688,0,285
1755,688,1689,0,286
1756,688,1689,0,285
1757,688,1689,0,285
1758,688,1689,0,286
1759,688,1689,0,287
1760,688,1689,0,285
1761,689,1689,0,285
1762,689,1688,0,285
1763,689,1689,0,285
1764,689,1689,0,285
1765,689,1689,0,285
1766,689,1689,0,285
1767,689,1689,0,285
1768,689,1689,0,286
1769,689,1688,0,286
1770,689,1688,0,285
1771,689,1688,0,285
1772,689,1688,0,285
1773,689,1688,0,284
1774,689,1688,0,285
1775,689,1688,0,285
1776,689,1688,0,285
1777,688,1688,0,284
1778,689,1688,0,285
1779,689,1688,0,284
1780,689,1688,0,285
1781,689,1688,0,285
1782,689,1688,0,285
1783,689,1688,0,285
1784,689,1688,0,285
1785,689,1688,0,285
1786,689,1688,0,285
1787,689,1688,0,285
1788,689,1688,0,284
1789,689,1688,0,285
1790,689,1688,0,284
1791,689,1688,0,285
1792,689,1688,0,284
1793,688,1687,0,284
1794,688,1687,0,285
1795,688,1687,0,285
1796,689,1687,0,285
1797,689,1687,0,285
1798,689,1687,0,284
1799,688,1687,0,284
1800,688,1687,0,284
1801,688,1687,0,285
1802,689,1687,0,285
1803,689,1687,0,285
1804,689,1687,0,285
1805,689,1687,0,285
1806,689,1687,0,285
1807,689,1687,0,284
1808,689,1687,0,284
1809,689,1687,0,284
1810,689,1687,0,284
1811,689,1687,0,284
1812,689,1687,0,284
1813,689,1687,0,284
1814,689,1687,0,284
1815,689,1687,0,284
1816,688,1687,0,283
1817,688,1687,0,283
1818,688,1687,0,282
1819,688,1688,0,282
1820,688,1688,0,283
1821,688,1688,0,283
1822,688,1688,0,284
1823,688,1688,0,284
1824,688,1688,0,285
1825,688,1688,0,282
1826,688,1688,0,283
1827,688,1687,0,284
1828,688,1688,0,284
1829,688,1687,0,284
1830,688,1687,0,283
1831,688,1687,0,284
1832,688,1686,0,283
1833,688,1686,0,282
1834,688,1687,0,283
1835,688,1687,0,283
1836,688,1687,0,283
1837,688,1687,0,283
1838,688,1686,0,283
1839,688,1687,0,283
1840,688,1686,0,283
1841,688,1687,0,283
1842,688,1687,0,283
1843,688,1687,0,283
1844,688,1687,0,282
1845,688,1687,0,284
1846,687,1688,0,284
1847,687,1688,0,286
1848,687,1689,0,286
1849,687,1691,0,293
1850,686,1694,0,297
1851,687,1695,0,301
1852,686,1695,0,301
1853,686,1695,0,300
1854,686,1695,0,300
1855,686,1695,0,300
1856,686,1695,0,300
1857,686,1695,0,300
1858,686,1695,0,300
1859,686,1695,0,300
1860,686,1695,0,300
1861,686,1696,0,300
1862,686,1696,0,300
1863,686,1696,0,300
1864,686,1696,0,301
1865,686,1695,0,301
1866,686,1695,0,300
1867,686,1695,0,300
1868,686,1695,0,300
1869,686,1696,0,301
1870,686,1695,0,301
1871,686,1696,0,300
1872,686,1696,0,301
1873,686,1695,0,301
1874,686,1696,0,302
1875,687,1696,0,301
1876,687,1695,0,303
1877,687,1695,0,302
1878,687,1695,0,303
1879,687,1695,0,303
1880,686,1695,0,302
1881,686,1696,0,302
1882,687,1696,0,304
1883,688,1698,0,305
1884,688,1698,0,303
1885,688,1697,0,301
1886,688,1697,0,301
1887,688,1697,0,302
1888,688,1698,0,302
1889,688,1696,0,301
1890,687,1695,0,300
1891,687,1695,0,298
1892,687,1695,0,297
1893,687,1695,0,299
1894,687,1695,0,299
1895,687,1694,0,299
1896,687,1694,0,299
1897,687,1695,0,297
1898,687,1695,0,298
1899,687,1695,0,298
1900,687,1695,0,298
1901,687,1695,0,296
1902,687,1694,0,297
1903,687,1694,0,298
1904,687,1694,0,298
1905,687,1695,0,299
1906,687,1695,0,299
1907,687,1695,0,299
1908,686,1694,0,298
1909,686,1694,0,299
1910,687,1694,0,299
1911,687,1694,0,299
1912,687,1694,0,300
1913,686,1694,0,300
1914,687,1694,0,299
1915,686,1694,0,298
1916,686,1694,0,298
1917,686,1693,0,298
1918,686,1693,0,298
1919,686,1693,0,298
1920,686,1693,0,298
1921,686,1693,0,298
1922,686,1693,0,298
1923,686,1693,0,298
1924,686,1693,0,298
1925,686,1693,0,298
1926,686,1692,0,298
1927,686,1692,0,299
1928,686,1692,0,299
1929,686,1691,0,298
1930,686,1691,0,298
1931,686,1691,0,298
1932,686,1691,0,298
1933,686,1691,0,298
1934,686,1690,0,297
1935,686,1691,0,298
1936,686,1690,0,298
1937,686,1691,0,298
1938,686,1690,0,297
1939,686,1690,0,297
1940,686,1691,0,297
1941,686,1690,0,298
1942,686,1690,0,297
1943,686,1690,0,298
1944,686,1690,0,298
1945,686,1691,0,298
1946,686,1690,0,297
1947,686,1690,0,297
1948,686,1690,0,298
1949,686,1690,0,298
1950,686,1690,0,297
1951,686,1690,0,298
1952,686,1690,0,298
1953,686,1690,0,298
1954,686,1690,0,298
1955,686,1689,0,298
1956,686,1690,0,298
1957,686,1689,0,298
1958,686,1689,0,298
1959,686,1689,0,299
1960,686,1689,0,298
1961,686,1689,0,298
1962,686,1690,0,297
1963,686,1689,0,299
1964,686,1689,0,299
1965,686,1689,0,298
1966,686,1689,0,298
1967,686,1689,0,298
1968,686,1689,0,298
1969,686,1689,0,297
1970,686,1689,0,298
1971,686,1689,0,298
1972,686,1689,0,298
1973,686,1689,0,298
1974,686,1689,0,298
1975,686,1689,0,299
1976,686,1689,0,298
1977,686,1690,0,298
1978,686,1691,0,297
1979,686,1690,0,298
1980,686,1690,0,298
1981,687,1690,0,299
1982,687,1690,0,297
1983,687,1689,0,295
1984,687,1688,0,294
1985,687,1688,0,294
1986,687,1688,0,294
1987,687,1688,0,294
1988,687,1688,0,294
1989,687,1688,0,294
1990,687,1688,0,294
1991,687,1688,0,294
1992,687,1688,0,294
1993,687,1688,0,294
1994,687,1688,0,293
1995,687,1688,0,293
1996,687,1688,0,294
1997,687,1688,0,293
1998,687,1688,0,293
1999,687,1688,0,293
2000,687,1688,0,293
2001,687,1688,0,294
2002,687,1688,0,294
2003,687,1688,0,294
2004,687,1687,0,295
2005,687,1687,0,294
2006,688,1687,0,294
2007,688,1687,0,295
2008,688,1687,0,296
2009,688,1686,0,296
2010,688,1687,0,295
2011,688,1687,0,296
2012,688,1687,0,296
2013,687,1687,0,295
2014,687,1687,0,294
2015,687,1686,0,295
2016,687,1686,0,295
2017,687,1686,0,294
2018,687,1686,0,294
2019,687,1686,0,294
2020,687,1686,0,294
2021,687,1686,0,294
2022,687,1686,0,294
2023,687,1685,0,294
2024,687,1686,0,294
2025,687,1686,0,293
2026,687,1686,0,293
2027,687,1686,0,293
2028,687,1686,0,293
2029,687,1686,0,293
2030,687,1686,0,292
2031,687,1686,0,292
2032,687,1686,0,293
2033,687,1686,0,292
2034,687,1686,0,291
2035,687,1686,0,291
2036,687,1686,0,292
2037,687,1686,0,292
2038,687,1686,0,293
2039,687,1686,0,294
2040,687,1687,0,293
2041,687,1686,0,294
2042,687,1686,0,293
2043,687,1686,0,294
2044,687,1686,0,294
2045,687,1686,0,293
2046,687,1686,0,293
2047,687,1686,0,293
2048,687,1686,0,293
2049,687,1686,0,293
2050,687,1686,0,293
2051,687,1686,0,293
2052,687,1686,0,293
2053,687,1686,0,293
2054,687,1686,0,292
2055,687,1686,0,292
2056,687,1686,0,292
2057,687,1686,0,292
2058,687,1686,0,293
2059,687,1685,0,293
2060,687,1685,0,293
2061,687,1685,0,293
2062,687,1686,0,293
2063,687,1685,0,293
2064,687,1685,0,293
2065,687,1685,0,292
2066,687,1686,0,292
2067,687,1685,0,292
2068,687,1686,0,293
2069,687,1685,0,292
2070,687,1685,0,292
2071,687,1686,0,292
2072,687,1685,0,292
2073,687,1685,0,292
2074,687,1686,0,293
2075,687,1685,0,292
2076,687,1685,0,293
2077,687,1685,0,293
2078,687,1685,0,293
2079,687,1685,0,293
2080,687,1685,0,293
2081,687,1685,0,293
2082,687,1686,0,293
2083,687,1686,0,293
2084,687,1686,0,293
2085,687,1685,0,293
2086,687,1685,0,293
2087,687,1685,0,293
2088,687,1685,0,293
2089,687,1685,0,293
2090,687,1685,0,293
2091,687,1685,0,292
2092,687,1685,0,292
2093,687,1686,0,293
2094,687,1686,0,293
2095,687,1686,0,293
2096,687,1686,0,293
2097,687,1686,0,293
2098,687,1686,0,293
2099,687,1686,0,293
2100,687,1686,0,293
2101,687,1686,0,293
2102,687,1686,0,293
2103,687,1686,0,292
2104,687,1685,0,293
2105,687,1686,0,293
2106,687,1686,0,293
2107,687,1686,0,293
2108,687,1686,0,292
2109,687,1686,0,293
2110,687,1686,0,293
2111,687,1685,0,293
2112,687,1685,0,294
2113,687,1685,0,293
2114,687,1685,0,293
2115,687,1685,0,293
2116,687,1685,0,293
2117,687,1685,0,293
2118,687,1685,0,293
2119,687,1685,0,293
2120,687,1685,0,293
2121,687,1685,0,293
2122,687,1685,0,293
2123,687,1685,0,293
2124,687,1685,0,293
2125,687,1685,0,293
2126,687,1685,0,293
2127,687,1685,0,293
2128,687,1685,0,293
2129,687,1685,0,293
2130,687,1685,0,293
2131,687,1685,0,293
2132,687,1685,0,293
2133,687,1685,0,293
2134,687,1685,0,293
2135,687,1685,0,293
2136,687,1685,0,293
2137,687,1685,0,293
2138,687,1685,0,293
2139,687,1685,0,294
2140,687,1685,0,292
2141,688,1685,0,292
2142,687,1685,0,292
2143,688,1685,0,291
2144,687,1685,0,291
2145,687,1685,0,291
2146,687,1685,0,291
2147,687,1685,0,289
2148,687,1684,0,290
2149,687,1684,0,290
2150,687,1684,0,289
2151,687,1685,0,290
2152,687,1685,0,290
2153,687,1685,0,290
2154,687,1685,0,291
2155,687,1685,0,291
2156,687,1685,0,292
2157,687,1685,0,292
2158,687,1685,0,292
2159,687,1685,0,292
2160,687,1685,0,292
2161,687,1685,0,292
2162,687,1685,0,292
2163,687,1685,0,292
2164,687,1685,0,292
2165,687,1685,0,292
2166,687,1685,0,292
2167,687,1685,0,293
2168,687,1684,0,292
2169,687,1684,0,292
2170,687,1684,0,293
2171,687,1684,0,292
2172,687,1684,0,292
2173,687,1684,0,292
2174,687,1684,0,292
2175,687,1684,0,292
2176,687,1684,0,293
2177,687,1684,0,292
2178,687,1684,0,293
2179,687,1685,0,292
2180,687,1685,0,292
2181,687,1684,0,293
2182,687,1684,0,291
2183,687,1684,0,292
2184,687,1684,0,292
2185,687,1684,0,292
2186,687,1684,0,292
2187,687,1684,0,292
2188,687,1684,0,292
2189,687,1684,0,292
2190,687,1684,0,292
2191,687,1684,0,292
2192,687,1684,0,292
2193,687,1684,0,292
2194,687,1684,0,291
2195,687,1684,0,291
2196,687,1684,0,291
2197,687,1684,0,291
2198,687,1684,0,291
2199,687,1684,0,291
2200,687,1684,0,291
2201,687,1684,0,291
2202,688,1685,0,292
2203,687,1685,0,292
2204,687,1685,0,291
2205,687,1685,0,291
2206,688,1685,0,292
2207,687,1685,0,292
2208,687,1685,0,292
2209,687,1685,0,292
2210,687,1685,0,292
2211,687,1685,0,291
2212,688,1685,0,291
2213,688,1685,0,292
2214,687,1685,0,291
2215,687,1684,0,292
2216,687,1684,0,291
2217,687,1684,0,292
2218,687,1684,0,292
2219,687,1684,0,292
2220,687,1684,0,292
2221,687,1684,0,292
2222,687,1684,0,292
2223,687,1684,0,292
2224,687,1684,0,292
2225,687,1684,0,291
2226,687,1684,0,291
2227,687,1684,0,292
2228,687,1684,0,292
2229,687,1684,0,293
2230,687,1684,0,293
2231,687,1684,0,293
2232,687,1684,0,293
2233,687,1684,0,292
2234,687,1684,0,292
2235,687,1684,0,292
2236,687,1684,0,293
2237,687,1684,0,293
2238,687,1683,0,294
2239,687,1683,0,294
2240,687,1683,0,294
2241,687,1683,0,295
2242,687,1683,0,294
2243,687,1683,0,294
2244,687,1683,0,295
2245,687,1683,0,295
2246,687,1683,0,294
2247,687,1683,0,294
2248,687,1683,0,293
2249,687,1683,0,293
2250,687,1683,0,293
2251,687,1683,0,293
2252,687,1683,0,293
2253,687,1684,0,292
2254,687,1684,0,291
2255,687,1684,0,292
2256,687,1684,0,292
2257,687,1683,0,292
2258,687,1683,0,292
2259,687,1683,0,291
2260,686,1683,0,292
2261,686,1683,0,292
2262,686,1683,0,292
2263,686,1683,0,292
2264,687,1683,0,291
2265,687,1683,0,291
2266,687,1683,0,291
2267,687,1683,0,291
2268,687,1683,0,291
2269,687,1683,0,291
2270,687,1683,0,290
2271,687,1683,0,290
2272,687,1684,0,290
2273,687,1683,0,290
2274,687,1683,0,290
2275,687,1683,0,291
2276,687,1683,0,292
2277,687,1683,0,292
2278,687,1683,0,292
2279,687,1683,0,292
2280,687,1683,0,292
2281,687,1683,0,291
2282,687,1683,0,291
2283,686,1683,0,291
2284,686,1683,0,290
2285,686,1683,0,291
2286,686,1683,0,290
2287,686,1683,0,290
2288,687,1683,0,291
2289,687,1683,0,291
2290,687,1683,0,291
2291,686,1683,0,291
2292,687,1684,0,290
2293,687,1683,0,290
2294,686,1683,0,291
2295,686,1683,0,292
2296,686,1684,0,292
2297,686,1683,0,291
2298,686,1684,0,291
2299,686,1683,0,292
2300,686,1683,0,292
2301,686,1683,0,293
2302,686,1683,0,293
2303,686,1683,0,292
2304,686,1682,0,292
2305,686,1683,0,292
2306,686,1683,0,292
2307,686,1683,0,292
2308,686,1683,0,293
2309,686,1682,0,293
2310,686,1682,0,293
2311,686,1683,0,293
2312,686,1683,0,293
2313,686,1683,0,293
2314,686,1683,0,293
2315,686,1683,0,293
2316,686,1683,0,292
2317,687,1683,0,292
2318,686,1683,0,295
2319,686,1683,0,295
2320,687,1683,0,293
2321,687,1683,0,293
2322,687,1683,0,293
2323,687,1683,0,293
2324,687,1683,0,293
2325,687,1683,0,293
2326,687,1683,0,293
2327,687,1683,0,293
2328,687,1683,0,293
2329,687,1683,0,293
2330,687,1683,0,293
2331,687,1683,0,293
2332,687,1683,0,292
2333,687,1683,0,293
2334,687,1683,0,293
2335,687,1683,0,293
2336,687,1683,0,293
2337,687,1683,0,293
2338,687,1683,0,293
2339,687,1683,0,293
2340,687,1683,0,292
2341,687,1683,0,293
2342,687,1683,0,292
2343,687,1683,0,292
2344,686,1683,0,292
2345,687,1683,0,293
2346,687,1683,0,292
2347,687,1682,0,291
2348,687,1682,0,292
2349,687,1683,0,292
2350,686,1683,0,293
2351,687,1682,0,292
2352,687,1682,0,292
2353,687,1682,0,293
2354,687,1682,0,293
2355,687,1682,0,293
2356,687,1682,0,292
2357,687,1682,0,293
2358,687,1682,0,293
2359,687,1682,0,293
2360,687,1682,0,293
2361,687,1682,0,292
2362,687,1682,0,292
2363,687,1682,0,293
2364,687,1682,0,292
2365,687,1682,0,292
2366,687,1682,0,292
2367,687,1682,0,292
2368,687,1682,0,292
2369,687,1682,0,292
2370,687,1682,0,292
2371,687,1682,0,292
2372,687,1682,0,292
2373,687,1682,0,292
2374,687,1682,0,293
2375,687,1682,0,292
2376,686,1682,0,292
2377,686,1682,0,293
2378,686,1682,0,292
2379,686,1682,0,292
2380,686,1682,0,292
2381,686,1682,0,292
2382,687,1682,0,293
2383,686,1682,0,292
2384,686,1682,0,293
2385,687,1682,0,292
2386,686,1682,0,293
2387,686,1682,0,292
2388,687,1682,0,293
2389,686,1682,0,292
2390,687,1682,0,293
2391,686,1682,0,292
2392,687,1681,0,292
2393,687,1681,0,292
2394,687,1681,0,292
2395,687,1681,0,290
2396,687,1681,0,290
2397,687,1681,0,291
2398,687,1681,0,291
2399,687,1681,0,290
2400,687,1681,0,291
2401,687,1681,0,290
2402,687,1681,0,290
2403,688,1681,0,290
2404,688,1681,0,290
2405,688,1681,0,290
2406,687,1681,0,289
2407,687,1681,0,290
2408,687,1681,0,290
2409,688,1682,0,289
2410,688,1682,0,290
2411,688,1681,0,290
2412,688,1681,0,290
2413,688,1681,0,290
2414,688,1681,0,291
2415,688,1682,0,291
2416,688,1683,0,292
2417,685,1683,0,289
2418,682,1690,0,293
2419,684,1693,0,301
2420,690,1696,0,321
2421,695,1701,0,331
2422,694,1703,0,338
2423,694,1703,0,349
2424,696,1702,0,358
2425,697,1703,0,0
2426,697,1704,0,359
2427,696,1706,0,0
2428,696,1708,0,0
2429,694,1710,0,356
2430,695,1710,0,357
2431,695,1710,0,354
2432,696,1710,0,354
2433,696,1710,0,355
2434,695,1710,0,356
2435,695,1711,0,354
2436,695,1711,0,355
2437,696,1711,0,353
2438,695,1711,0,353
2439,695,1712,0,353
2440,695,1712,0,354
2441,695,1712,0,353
2442,695,1711,0,354
2443,695,1711,0,355
2444,695,1711,0,356
2445,696,1711,0,355
2446,695,1711,0,354
2447,695,1712,0,355
2448,695,1711,0,355
2449,695,1711,0,355
2450,695,1711,0,355
2451,696,1711,0,355
2452,696,1711,0,357
2453,696,1711,0,357
2454,695,1711,0,355
2455,695,1711,0,356
2456,695,1711,0,356
2457,694,1711,0,356
2458,694,1711,0,355
2459,694,1711,0,355
2460,694,1711,0,355
2461,694,1711,0,354
2462,694,1711,0,356
2463,695,1712,0,354
2464,694,1711,0,354
2465,693,1712,0,355
2466,693,1711,0,355
2467,693,1712,0,355
2468,690,1712,0,357
2469,690,1712,0,357
2470,690,1712,0,357
2471,692,1711,0,356
2472,691,1711,0,356
2473,690,1711,0,357
2474,690,1712,0,357
2475,691,1712,0,357
2476,690,1711,0,357
2477,690,1711,0,358
2478,691,1711,0,357
2479,693,1712,0,356
2480,691,1711,0,357
2481,691,1712,0,357
2482,691,1712,0,357
2483,689,1711,0,357
2484,690,1711,0,357
2485,690,1712,0,356
2486,690,1712,0,357
2487,691,1711,0,357
2488,690,1711,0,359
2489,692,1711,0,357
2490,692,1711,0,358
2491,692,1711,0,359
2492,691,1711,0,359
2493,691,1711,0,359
2494,691,1711,0,0
2495,691,1711,0,0
2496,691,1711,0,0
2497,691,1711,0,359
2498,691,1711,0,359
2499,691,1711,0,358
2500,690,1711,0,358
2501,689,1711,0,359
2502,691,1711,0,1
2503,692,1710,0,1
2504,692,1710,0,1
2505,692,1710,0,1
2506,691,1710,0,1
2507,690,1710,0,1
2508,690,1710,0,1
2509,690,1710,0,2
2510,690,1710,0,1
2511,690,1710,0,2
2512,691,1710,0,1
2513,690,1710,0,2
2514,691,1710,0,1
2515,689,1710,0,2
2516,690,1710,0,2
2517,690,1710,0,2
2518,691,1710,0,2
2519,691,1710,0,2
2520,691,1710,0,2
2521,691,1710,0,2
2522,691,1710,0,1
2523,691,1710,0,2
2524,690,1710,0,2
2525,691,1710,0,1
2526,690,1710,0,2
2527,688,1710,0,3
2528,687,1711,0,3
2529,687,1711,0,3
2530,687,1711,0,3
2531,687,1711,0,3
2532,687,1711,0,3
2533,687,1711,0,3
2534,687,1711,0,3
2535,687,1711,0,3
2536,687,1711,0,3
2537,687,1711,0,3
2538,688,1711,0,3
2539,688,1711,0,3
2540,688,1710,0,3
2541,689,1710,0,4
2542,690,1710,0,4
2543,690,1710,0,3
2544,690,1710,0,3
2545,690,1710,0,4
2546,690,1710,0,4
2547,689,1710,0,4
2548,689,1710,0,4
2549,689,1710,0,4
2550,689,1710,0,4
2551,689,1710,0,4
2552,689,1710,0,4
2553,689,1710,0,4
2554,688,1710,0,3
2555,688,1711,0,2
2556,688,1711,0,2
2557,690,1710,0,2
2558,690,1710,0,2
2559,689,1710,0,3
2560,690,1710,0,3
2561,690,1710,0,4
2562,690,1710,0,3
2563,690,1711,0,3
2564,690,1711,0,3
2565,689,1710,0,4
2566,689,1711,0,2
2567,689,1710,0,4
2568,689,1710,0,3
2569,690,1710,0,4
2570,690,1710,0,4
2571,690,1710,0,4
2572,690,1710,0,5
2573,690,1710,0,5
2574,689,1710,0,6
2575,690,1710,0,5
2576,690,1710,0,5
2577,690,1710,0,5
2578,689,1710,0,5
2579,689,1710,0,5
2580,690,1710,0,5
2581,689,1710,0,5
2582,689,1710,0,6
2583,689,1711,0,6
2584,689,1710,0,7
2585,689,1710,0,7
2586,689,1710,0,8
2587,689,1710,0,7
2588,689,1710,0,8
2589,689,1710,0,7
2590,689,1710,0,8
2591,689,1711,0,8
2592,689,1710,0,8
2593,689,1711,0,8
2594,689,1710,0,7
2595,689,1711,0,7
2596,689,1711,0,8
2597,689,1711,0,8
2598,688,1711,0,8
2599,689,1711,0,7
2600,689,1711,0,7
2601,688,1711,0,8
2602,688,1711,0,8
2603,688,1711,0,8
2604,688,1711,0,8
2605,688,1711,0,8
2606,688,1711,0,9
2607,688,1711,0,9
2608,688,1711,0,9
2609,687,1711,0,9
2610,687,1712,0,8
2611,686,1712,0,9
2612,686,1713,0,8
2613,686,1713,0,9
2614,686,1713,0,10
2615,686,1713,0,11
2616,686,1713,0,11
2617,686,1713,0,12
2618,686,1713,0,11
2619,687,1713,0,10
2620,689,1711,0,12
2621,692,1709,0,11
2622,693,1709,0,10
2623,693,1710,0,10
2624,693,1710,0,13
2625,693,1710,0,13
2626,693,1709,0,13
2627,694,1710,0,13
2628,693,1710,0,14
2629,694,1710,0,13
2630,694,1710,0,14
2631,694,1709,0,17
2632,694,1709,0,18
2633,694,1708,0,19
2634,693,1707,0,20
2635,693,1707,0,21
2636,694,1707,0,21
2637,693,1707,0,21
2638,693,1708,0,18
2639,694,1708,0,17
2640,695,1709,0,17
2641,695,1709,0,17
2642,695,1709,0,16
2643,695,1709,0,15
2644,695,1709,0,15
2645,695,1708,0,16
2646,694,1707,0,18
2647,694,1707,0,22
2648,694,1708,0,20
2649,694,1708,0,18
2650,694,1708,0,17
2651,693,1708,0,18
2652,695,1708,0,15
2653,695,1709,0,14
2654,694,1709,0,13
2655,694,1710,0,13
2656,694,1710,0,14
2657,694,1710,0,13
2658,694,1710,0,13
2659,694,1710,0,14
2660,694,1710,0,15
2661,694,1710,0,15
2662,694,1710,0,15
2663,694,1710,0,15
2664,693,1710,0,15
2665,693,1709,0,15
2666,694,1709,0,13
2667,693,1709,0,15
2668,693,1709,0,14
2669,693,1709,0,14
2670,693,1709,0,14
2671,694,1708,0,16
2672,694,1708,0,16
2673,693,1708,0,17
2674,693,1708,0,17
2675,693,1708,0,18
2676,693,1707,0,17
2677,693,1708,0,17
2678,693,1708,0,17
2679,692,1708,0,17
2680,692,1708,0,16
2681,692,1708,0,18
2682,692,1708,0,16
2683,692,1708,0,16
2684,692,1708,0,15
2685,692,1708,0,14
2686,692,1709,0,13
2687,692,1708,0,13
2688,692,1709,0,13
2689,692,1709,0,12
2690,692,1709,0,12
2691,692,1709,0,13
2692,692,1709,0,13
2693,692,1708,0,14
2694,692,1708,0,16
2695,691,1708,0,15
2696,691,1708,0,14
2697,691,1708,0,13
2698,691,1708,0,14
2699,691,1708,0,13
2700,691,1708,0,12
2701,690,1709,0,12
2702,690,1709,0,12
2703,690,1709,0,11
2704,690,1709,0,12
2705,690,1709,0,12
2706,690,1709,0,11
2707,690,1709,0,12
2708,690,1709,0,12
2709,690,1709,0,12
2710,690,1709,0,11
2711,690,1709,0,11
2712,690,1709,0,11
2713,690,1709,0,11
2714,690,1709,0,11
2715,690,1709,0,11
2716,690,1709,0,11
2717,690,1709,0,11
2718,690,1709,0,11
2719,690,1709,0,11
2720,690,1709,0,11
2721,690,1709,0,10
2722,691,1709,0,11
2723,691,1709,0,10
2724,690,1709,0,11
2725,690,1709,0,10
2726,690,1709,0,10
2727,690,1709,0,9
2728,690,1709,0,10
2729,690,1709,0,10
2730,690,1709,0,9
2731,690,1709,0,10
2732,690,1709,0,11
2733,690,1709,0,11
2734,690,1709,0,11
2735,689,1709,0,11
2736,689,1709,0,11
2737,689,1709,0,9
2738,689,1709,0,9
2739,689,1709,0,9
2740,689,1709,0,9
2741,689,1709,0,8
2742,689,1709,0,9
2743,689,1709,0,10
2744,689,1709,0,11
2745,690,1709,0,10
2746,689,1709,0,11
2747,689,1709,0,11
2748,689,1709,0,12
2749,689,1709,0,11
2750,689,1709,0,11
2751,689,1709,0,10
2752,689,1709,0,11
2753,688,1709,0,12
2754,688,1709,0,13
2755,688,1709,0,13
2756,688,1709,0,12
2757,688,1709,0,11
2758,688,1709,0,11
2759,688,1709,0,10
2760,688,1709,0,10
2761,689,1710,0,9
2762,689,1710,0,9
2763,689,1710,0,9
2764,689,1710,0,9
2765,689,1710,0,9
2766,689,1710,0,8
2767,689,1710,0,9
2768,689,1710,0,8
2769,689,1710,0,8
2770,689,1710,0,8
2771,689,1710,0,8
2772,689,1710,0,10
2773,689,1709,0,11
2774,689,1709,0,9
2775,689,1710,0,8
2776,689,1710,0,8
2777,689,1710,0,9
2778,689,1709,0,9
2779,688,1709,0,10
2780,688,1710,0,10
2781,688,1710,0,10
2782,688,1710,0,10
2783,688,1709,0,11
2784,688,1709,0,10
2785,688,1709,0,11
2786,687,1709,0,11
2787,687,1709,0,11
2788,687,1709,0,10
2789,687,1710,0,10
2790,687,1710,0,10
2791,687,1709,0,10
2792,687,1710,0,9
2793,687,1710,0,9
2794,687,1710,0,9
2795,687,1710,0,9
2796,688,1710,0,9
2797,688,1710,0,9
2798,688,1710,0,9
2799,688,1710,0,9
2800,688,1710,0,9
2801,688,1710,0,9
2802,687,1710,0,9
2803,687,1709,0,10
2804,687,1710,0,9
2805,687,1710,0,9
2806,687,1710,0,9
2807,687,1710,0,8
2808,687,1710,0,8
2809,688,1710,0,7
2810,687,1710,0,8
2811,687,1710,0,7
2812,688,1710,0,6
2813,688,1710,0,6
2814,688,1710,0,5
2815,688,1710,0,6
2816,687,1710,0,6
2817,688,1710,0,6
2818,687,1710,0,6
2819,687,1710,0,7
2820,687,1710,0,7
2821,688,1710,0,6
2822,687,1710,0,6
2823,687,1711,0,6
2824,687,1711,0,6
2825,687,1711,0,5
2826,687,1711,0,5
2827,687,1711,0,4
2828,687,1711,0,5
2829,686,1711,0,4
2830,686,1711,0,4
2831,686,1711,0,4
2832,686,1711,0,3
2833,686,1711,0,4
2834,686,1711,0,4
2835,686,1711,0,4
2836,686,1711,0,4
2837,686,1711,0,4
2838,685,1711,0,4
2839,685,1711,0,4
2840,685,1711,0,5
2841,685,1711,0,3
2842,685,1711,0,4
2843,685,1711,0,4
2844,685,1711,0,4
2845,685,1711,0,4
2846,685,1711,0,5
2847,685,1710,0,5
2848,685,1710,0,6
2849,685,1710,0,5
2850,685,1710,0,4
2851,685,1710,0,6
2852,684,1710,0,5
2853,685,1710,0,6
2854,685,1710,0,6
2855,685,1710,0,5
2856,684,1710,0,5
2857,684,1710,0,4
2858,684,1710,0,5
2859,684,1710,0,3
2860,684,1711,0,3
2861,684,1710,0,2
2862,684,1710,0,3
2863,684,1710,0,4
2864,684,1710,0,4
2865,684,1710,0,3
2866,684,1710,0,3
2867,684,1710,0,3
2868,684,1710,0,4
2869,684,1710,0,3
2870,684,1710,0,3
2871,684,1710,0,4
2872,684,1710,0,4
2873,684,1710,0,4
2874,684,1710,0,4
2875,684,1710,0,4
2876,684,1710,0,4
2877,684,1710,0,4
2878,684,1710,0,5
2879,684,1710,0,5
2880,684,1710,0,4
2881,684,1710,0,4
2882,684,1710,0,4
2883,684,1710,0,4
2884,684,1710,0,4
2885,684,1710,0,4
2886,684,1710,0,4
2887,683,1710,0,3
2888,684,1710,0,3
2889,684,1711,0,3
2890,684,1710,0,4
2891,684,1710,0,3
2892,684,1710,0,3
2893,684,1710,0,3
2894,684,1710,0,5
2895,684,1710,0,5
2896,684,1710,0,5
2897,684,1710,0,5
2898,684,1710,0,5
2899,685,1710,0,6
2900,684,1710,0,5
2901,685,1710,0,5
2902,685,1710,0,5
2903,685,1710,0,4
2904,685,1710,0,4
2905,685,1710,0,3
2906,685,1710,0,4
2907,685,1710,0,3
2908,684,1710,0,5
2909,684,1710,0,5
2910,684,1710,0,5
2911,684,1710,0,5
2912,684,1710,0,5
2913,684,1710,0,5
2914,684,1710,0,5
2915,684,1710,0,6
2916,685,1709,0,7
2917,684,1709,0,6
2918,684,1710,0,6
2919,685,1710,0,5
2920,685,1710,0,5
2921,684,1710,0,5
2922,684,1710,0,5
2923,684,1710,0,5
2924,683,1710,0,5
2925,683,1710,0,5
2926,684,1710,0,5
2927,684,1710,0,5
2928,684,1710,0,4
2929,684,1710,0,4
2930,684,1710,0,4
2931,684,1710,0,4
2932,684,1710,0,5
2933,684,1710,0,4
2934,684,1710,0,5
2935,683,1710,0,4
2936,683,1710,0,4
2937,683,1710,0,4
2938,683,1710,0,4
2939,684,1710,0,4
2940,683,1710,0,4
2941,683,1710,0,4
2942,684,1710,0,4
2943,684,1710,0,5
2944,683,1710,0,4
2945,683,1710,0,4
2946,683,1710,0,5
2947,683,1710,0,3
2948,683,1710,0,3
2949,683,1710,0,3
2950,683,1710,0,2
2951,683,1711,0,2
2952,683,1711,0,2
2953,683,1711,0,2
2954,683,1711,0,2
2955,683,1711,0,2
2956,683,1710,0,3
2957,683,1710,0,3
2958,683,1710,0,3
2959,683,1710,0,3
2960,683,1710,0,4
2961,683,1710,0,4
2962,683,1710,0,4
2963,683,1710,0,4
2964,682,1710,0,5
2965,682,1710,0,4
2966,682,1710,0,4
2967,682,1710,0,4
2968,683,1710,0,3
2969,683,1710,0,3
2970,683,1710,0,3
2971,682,1710,0,4
2972,682,1710,0,5
2973,683,1710,0,4
2974,683,1710,0,3
2975,682,1710,0,2
2976,682,1710,0,3
2977,683,1711,0,3
2978,682,1711,0,2
2979,682,1711,0,2
2980,682,1711,0,1
2981,682,1711,0,1
2982,683,1711,0,1
2983,683,1711,0,1
2984,683,1711,0,1
2985,683,1711,0,1
2986,683,1711,0,1
2987,683,1711,0,2
2988,682,1711,0,1
2989,682,1711,0,1
2990,682,1711,0,1
2991,682,1711,0,1
2992,682,1711,0,1
2993,682,1711,0,1
2994,682,1711,0,1
2995,682,1711,0,1
2996,682,1711,0,1
2997,682,1711,0,1
2998,682,1711,0,1
2999,682,1711,0,1
