0,2011,1288,0,28
1,2006,1290,0,17
2,2004,1294,0,13
3,2006,1302,0,7
4,2003,1311,0,28
5,2000,1313,0,45
6,2000,1318,0,50
7,2003,1319,0,58
8,2001,1323,0,61
9,1998,1325,0,63
10,2000,1325,0,65
11,2000,1321,0,91
12,2007,1316,0,71
13,2009,1315,0,104
14,2017,1322,0,90
15,2017,1329,0,59
16,2015,1333,0,45
17,2019,1333,0,59
18,2018,1335,0,43
19,2017,1336,0,33
23,2021,1345,0,5
24,2019,1344,0,7
25,2020,1342,0,9
26,2022,1343,0,6
27,2021,1342,0,4
28,2019,1344,0,10
29,2007,1345,0,15
30,2001,1347,0,11
31,1997,1349,0,12
32,1993,1351,0,5
33,1993,1348,0,11
34,1993,1347,0,15
35,1992,1348,0,12
36,1990,1346,0,12
37,1990,1347,0,9
38,1991,1348,0,10
39,1992,1348,0,8
40,1993,1347,0,10
41,1994,1347,0,11
42,1994,1348,0,8
43,1994,1348,0,9
44,1994,1348,0,9
45,1994,1348,0,9
46,1994,1349,0,9
47,1995,1349,0,11
48,1994,1349,0,9
49,1994,1349,0,7
50,1994,1349,0,9
51,1995,1350,0,7
52,1993,1350,0,8
53,1994,1349,0,7
54,1994,1348,0,10
55,1993,1348,0,6
56,1994,1348,0,8
57,1993,1348,0,8
58,1992,1349,0,8
59,1992,1349,0,8
60,1991,1349,0,8
61,1991,1349,0,8
62,1991,1349,0,9
63,1992,1349,0,8
64,1992,1349,0,9
65,1992,1349,0,9
66,1992,1350,0,9
67,1992,1349,0,9
68,1992,1348,0,11
69,1992,1348,0,9
70,1992,1349,0,10
71,1993,1348,0,10
72,1993,1348,0,13
73,1993,1348,0,11
74,1993,1348,0,14
75,1993,1347,0,12
76,1992,1348,0,13
77,1992,1348,0,14
78,1992,1348,0,14
79,1992,1347,0,12
80,1991,1348,0,14
81,1992,1347,0,10
82,1992,1348,0,12
83,1991,1348,0,9
84,1992,1349,0,9
85,1992,1349,0,9
86,1992,1349,0,12
87,1991,1346,0,12
88,1991,1347,0,13
89,1991,1348,0,12
90,1991,1348,0,16
91,1992,1348,0,14
92,1992,1348,0,12
93,1992,1347,0,16
94,1992,1348,0,16
95,1992,1348,0,18
96,1993,1349,0,12
97,1992,1347,0,13
98,1992,1346,0,10
99,1991,1346,0,8
100,1992,1346,0,9
101,1991,1346,0,11
102,1990,1346,0,9
103,1990,1346,0,13
104,1991,1344,0,11
105,1990,1345,0,10
106,1991,1344,0,9
107,1991,1343,0,9
108,1991,1342,0,10
109,1991,1343,0,10
110,1991,1344,0,9
111,1991,1344,0,9
112,1991,1342,0,9
113,1991,1343,0,7
114,1991,1342,0,9
115,1991,1342,0,9
116,1991,1342,0,9
117,1991,1343,0,9
118,1991,1343,0,11
119,1991,1342,0,8
120,1992,1342,0,9
121,1991,1341,0,7
122,1992,1342,0,12
123,1992,1343,0,7
124,1991,1343,0,8
125,1992,1344,0,10
126,1992,1343,0,10
127,1992,1342,0,9
128,1991,1343,0,9
129,1991,1344,0,7
130,1992,1344,0,8
131,1992,1343,0,7
132,1992,1343,0,6
133,1992,1344,0,8
134,1992,1343,0,7
135,1992,1343,0,8
136,1992,1343,0,6
137,1992,1343,0,6
138,1992,1343,0,7
139,1992,1343,0,6
140,1992,1343,0,10
141,1992,1342,0,8
142,1992,1343,0,5
143,1992,1342,0,9
144,1991,1342,0,7
145,1992,1343,0,7
146,1992,1343,0,7
147,1992,1344,0,4
148,1992,1344,0,4
149,1992,1344,0,8
150,1992,1344,0,7
151,1992,1344,0,6
152,1992,1344,0,7
153,1992,1344,0,7
154,1992,1344,0,7
155,1992,1344,0,7
156,1992,1345,0,7
157,1992,1345,0,5
158,1992,1344,0,6
159,1993,1344,0,8
160,1993,1345,0,9
161,1993,1344,0,11
162,1994,1347,0,12
163,1994,1346,0,10
164,1993,1346,0,9
165,1993,1347,0,8
166,1994,1347,0,9
167,1994,1347,0,9
168,1995,1346,0,13
169,1994,1346,0,12
170,1995,1346,0,12
171,1995,1347,0,11
172,1995,1347,0,11
173,1995,1348,0,11
174,1996,1350,0,9
175,1996,1349,0,9
176,1996,1348,0,10
177,1995,1349,0,8
178,1995,1348,0,9
179,1995,1347,0,10
180,1994,1346,0,9
181,1994,1347,0,11
182,1994,1347,0,8
183,1994,1342,0,7
184,1992,1344,0,7
185,1993,1344,0,9
186,1995,1345,0,8
187,1994,1347,0,10
188,1994,1347,0,9
189,1995,1346,0,9
190,1994,1347,0,10
191,1993,1347,0,11
192,1993,1346,0,10
193,1994,1346,0,10
194,1994,1346,0,12
195,1994,1346,0,11
196,1995,1345,0,7
197,1994,1346,0,10
198,1996,1346,0,11
199,1996,1346,0,9
200,1994,1346,0,11
201,1994,1344,0,10
202,1990,1342,0,9
203,1987,1339,0,6
204,1990,1337,0,5
205,1993,1339,0,358
206,1991,1338,0,337
207,1993,1333,0,325
208,1995,1332,0,311
209,1993,1334,0,294
210,1990,1336,0,274
211,1986,1341,0,268
212,1991,1340,0,253
213,1990,1340,0,237
214,1992,1338,0,207
215,2005,1337,0,196
216,2016,1332,0,180
217,2029,1336,0,199
218,2035,1330,0,225
223,2046,1340,0,207
231,2033,1314,0,284
232,2042,1300,0,293
233,2039,1294,0,321
234,2032,1287,0,287
235,2025,1288,0,284
236,2028,1287,0,283
237,2026,1290,0,266
238,2024,1289,0,254
239,2028,1288,0,238
240,2027,1289,0,220
241,2027,1290,0,217
242,2030,1283,0,203
243,2029,1277,0,188
244,2038,1284,0,186
245,2041,1286,0,171
246,2035,1281,0,157
247,2035,1264,0,154
248,2037,1265,0,151
249,2036,1274,0,141
250,2036,1280,0,141
251,2036,1283,0,158
252,2033,1277,0,156
255,2031,1294,0,85
256,2031,1295,0,67
257,2025,1296,0,44
258,2020,1293,0,49
259,2012,1296,0,46
260,2007,1291,0,70
263,2001,1305,0,144
264,2009,1309,0,163
265,2014,1319,0,201
266,2014,1320,0,227
267,2020,1323,0,258
268,2029,1326,0,280
270,2014,1311,0,289
271,2012,1307,0,271
272,2025,1292,0,300
273,2008,1302,0,271
275,2021,1286,0,288
276,2004,1293,0,271
280,2014,1266,0,291
283,2017,1263,0,327
284,2014,1263,0,337
285,1998,1263,0,3
286,1985,1261,0,41
287,1982,1270,0,69
288,1975,1277,0,95
289,1979,1283,0,108
290,1980,1295,0,109
291,1984,1303,0,102
292,1985,1318,0,97
293,1988,1326,0,115
294,1982,1327,0,141
295,1987,1328,0,150
296,1993,1331,0,171
299,2016,1343,0,247
300,2016,1350,0,252
301,2020,1349,0,270
302,2023,1339,0,265
304,2037,1317,0,290
310,2032,1295,0,277
312,2018,1286,0,232
317,2024,1251,0,236
318,2028,1253,0,204
319,2028,1245,0,188
320,2024,1242,0,175
321,2024,1238,0,157
322,2024,1241,0,151
323,2026,1239,0,149
324,2033,1237,0,148
325,2037,1238,0,138
326,2041,1237,0,119
327,2041,1237,0,96
328,2044,1245,0,91
329,2050,1253,0,73
330,2053,1262,0,53
331,2053,1265,0,44
332,2051,1273,0,36
333,2053,1277,0,7
334,2045,1277,0,347
335,2054,1269,0,334
336,2054,1271,0,336
337,2048,1270,0,337
338,2043,1270,0,333
339,2043,1265,0,325
340,2035,1263,0,328
341,2028,1263,0,317
342,2021,1255,0,313
343,2023,1251,0,325
344,2018,1249,0,326
345,2014,1247,0,316
346,2017,1252,0,308
347,2020,1250,0,288
348,2020,1248,0,272
349,2020,1236,0,259
350,2020,1225,0,258
351,2020,1214,0,279
352,2019,1211,0,277
353,2009,1210,0,290
354,2014,1200,0,277
355,2011,1197,0,311
356,1985,1194,0,271
357,1994,1179,0,295
360,1991,1170,0,334
363,1996,1178,0,92
364,1997,1190,0,96
365,1995,1205,0,117
366,2002,1213,0,122
367,2007,1225,0,110
368,2006,1234,0,104
369,2017,1237,0,104
370,2017,1246,0,116
371,2025,1265,0,105
372,2026,1270,0,120
373,2027,1271,0,122
374,2028,1267,0,105
375,2029,1268,0,108
376,2027,1269,0,115
377,2040,1271,0,122
378,2048,1267,0,132
379,2051,1266,0,129
380,2049,1269,0,155
381,2051,1272,0,155
382,2059,1279,0,125
383,2060,1289,0,162
384,2062,1285,0,155
385,2066,1285,0,162
386,2069,1281,0,159
387,2069,1281,0,173
388,2068,1280,0,179
389,2063,1278,0,193
390,2068,1273,0,203
391,2075,1271,0,208
392,2087,1263,0,225
393,2094,1255,0,235
394,2105,1247,0,247
395,2121,1238,0,257
396,2121,1232,0,239
397,2116,1233,0,235
398,2115,1234,0,235
399,2114,1230,0,232
400,2113,1224,0,241
401,2118,1223,0,265
402,2121,1212,0,266
403,2127,1204,0,288
404,2123,1200,0,289
405,2122,1195,0,290
406,2128,1197,0,292
407,2126,1196,0,280
408,2125,1194,0,288
409,2123,1193,0,296
410,2120,1179,0,305
411,2135,1165,0,325
412,2132,1171,0,315
413,2120,1180,0,323
414,2117,1180,0,307
415,2118,1180,0,298
416,2114,1177,0,295
417,2110,1173,0,297
418,2107,1173,0,285
419,2101,1169,0,287
420,2101,1165,0,278
421,2097,1157,0,290
422,2107,1144,0,275
423,2104,1141,0,269
424,2097,1133,0,257
425,2114,1126,0,265
428,2108,1131,0,3
429,2113,1126,0,14
430,2119,1129,0,24
431,2114,1133,0,39
432,2102,1142,0,55
433,2104,1148,0,55
434,2095,1157,0,73
435,2096,1153,0,69
436,2098,1164,0,87
437,2108,1169,0,74
438,2100,1170,0,72
439,2092,1179,0,57
440,2086,1184,0,59
441,2094,1183,0,57
442,2084,1188,0,72
443,2082,1191,0,77
444,2078,1198,0,104
445,2080,1198,0,104
446,2086,1196,0,123
447,2085,1195,0,129
448,2081,1210,0,141
449,2082,1210,0,119
450,2084,1203,0,98
451,2083,1207,0,91
452,2087,1208,0,65
453,2094,1202,0,48
454,2090,1212,0,16
455,2085,1213,0,359
456,2085,1216,0,323
457,2082,1214,0,327
458,2085,1209,0,327
459,2090,1208,0,336
460,2085,1208,0,347
461,2080,1210,0,356
462,2081,1207,0,5
463,2081,1213,0,359
464,2071,1221,0,332
465,2071,1217,0,313
466,2063,1215,0,292
467,2055,1223,0,271
468,2065,1213,0,289
471,2063,1192,0,284
472,2054,1188,0,276
473,2051,1186,0,264
474,2062,1179,0,282
475,2053,1178,0,265
477,2062,1167,0,304
478,2067,1174,0,323
479,2074,1173,0,1
480,2074,1178,0,13
481,2070,1181,0,48
482,2073,1183,0,53
483,2075,1185,0,66
484,2071,1185,0,67
485,2070,1185,0,73
486,2066,1188,0,76
487,2064,1189,0,81
488,2065,1190,0,83
489,2067,1188,0,80
490,2070,1187,0,95
491,2082,1195,0,99
492,2092,1200,0,104
493,2091,1210,0,101
494,2091,1219,0,107
495,2094,1231,0,103
496,2094,1234,0,90
497,2093,1229,0,89
498,2094,1226,0,103
499,2091,1234,0,71
500,2086,1236,0,68
501,2086,1238,0,84
502,2083,1247,0,82
503,2079,1256,0,78
505,2083,1264,0,116
506,2085,1267,0,126
507,2089,1272,0,132
508,2092,1275,0,142
509,2102,1291,0,160
510,2109,1291,0,193
514,2140,1297,0,302
517,2129,1289,0,262
518,2135,1274,0,285
519,2142,1270,0,284
520,2130,1273,0,291
521,2138,1269,0,315
522,2140,1266,0,281
523,2125,1264,0,281
524,2136,1253,0,300
525,2124,1255,0,298
526,2124,1251,0,277
530,2115,1221,0,253
533,2107,1213,0,175
534,2111,1213,0,143
535,2115,1220,0,117
536,2112,1226,0,104
537,2114,1229,0,92
538,2110,1229,0,98
539,2112,1233,0,93
540,2109,1233,0,66
541,2108,1237,0,68
542,2113,1231,0,62
543,2109,1233,0,38
544,2105,1239,0,23
545,2100,1235,0,9
546,2106,1230,0,2
547,2106,1229,0,0
548,2103,1235,0,358
549,2087,1245,0,345
550,2067,1250,0,10
551,2056,1249,0,1
552,2045,1242,0,341
553,2033,1234,0,337
554,2028,1233,0,334
555,2023,1233,0,323
556,2021,1229,0,324
557,2021,1228,0,333
558,2011,1223,0,321
559,2013,1211,0,303
560,2011,1216,0,294
561,2005,1211,0,295
562,2003,1216,0,276
563,2013,1211,0,281
564,2018,1210,0,295
565,2013,1211,0,275
566,2011,1211,0,261
567,2017,1215,0,277
568,2017,1206,0,250
569,2021,1208,0,235
570,2028,1206,0,238
571,2033,1204,0,249
572,2029,1202,0,229
573,2028,1201,0,230
574,2031,1198,0,232
575,2035,1201,0,249
576,2032,1202,0,234
577,2033,1201,0,233
578,2031,1201,0,229
579,2032,1202,0,229
580,2031,1203,0,227
581,2031,1203,0,229
582,2030,1200,0,225
583,2029,1199,0,212
584,2029,1200,0,213
585,2029,1200,0,221
586,2029,1202,0,226
587,2029,1202,0,226
588,2030,1202,0,229
589,2029,1202,0,231
590,2030,1203,0,232
591,2029,1203,0,230
592,2030,1202,0,233
593,2031,1202,0,236
594,2032,1200,0,234
595,2032,1198,0,235
596,2031,1200,0,235
597,2031,1200,0,232
598,2031,1200,0,235
599,2033,1198,0,234
600,2033,1198,0,233
601,2031,1201,0,229
602,2030,1200,0,236
603,2031,1197,0,236
604,2034,1194,0,243
605,2035,1196,0,253
606,2035,1194,0,255
607,2034,1194,0,258
608,2033,1193,0,257
609,2035,1193,0,256
610,2036,1194,0,254
611,2035,1196,0,250
612,2034,1193,0,252
613,2034,1194,0,252
614,2034,1197,0,253
615,2032,1198,0,251
616,2032,1198,0,248
617,2034,1197,0,248
618,2034,1196,0,252
619,2034,1195,0,251
620,2035,1195,0,255
621,2035,1197,0,255
622,2035,1198,0,256
623,2035,1198,0,257
624,2036,1198,0,258
625,2037,1197,0,260
626,2036,1197,0,262
627,2035,1199,0,262
628,2034,1202,0,258
629,2034,1201,0,257
630,2033,1202,0,255
631,2032,1200,0,257
632,2031,1199,0,253
633,2030,1198,0,253
634,2031,1197,0,256
635,2033,1199,0,262
636,2033,1201,0,260
637,2031,1200,0,257
638,2031,1199,0,254
639,2031,1199,0,254
640,2032,1199,0,258
641,2032,1200,0,258
642,2031,1200,0,256
643,2034,1200,0,257
644,2035,1200,0,256
645,2034,1201,0,257
646,2033,1202,0,260
647,2031,1203,0,255
648,2031,1202,0,255
649,2032,1201,0,255
650,2031,1202,0,256
651,2033,1202,0,258
652,2033,1201,0,256
653,2032,1202,0,255
654,2032,1201,0,258
655,2032,1200,0,258
656,2035,1200,0,263
657,2037,1199,0,261
658,2036,1200,0,262
659,2034,1199,0,265
660,2034,1197,0,266
661,2034,1198,0,269
662,2035,1196,0,273
663,2037,1193,0,283
664,2037,1193,0,286
665,2036,1193,0,286
666,2040,1187,0,295
667,2041,1191,0,281
668,2039,1194,0,279
669,2043,1191,0,283
670,2044,1189,0,285
671,2044,1190,0,287
672,2043,1186,0,293
673,2046,1176,0,303
674,2048,1172,0,309
675,2044,1166,0,309
676,2040,1156,0,314
677,2043,1158,0,332
678,2048,1163,0,328
679,2054,1162,0,344
680,2054,1160,0,3
681,2056,1169,0,31
682,2052,1173,0,35
683,2045,1175,0,31
684,2042,1172,0,38
685,2039,1173,0,35
686,2040,1178,0,16
687,2043,1182,0,4
688,2041,1184,0,8
689,2039,1190,0,347
690,2037,1182,0,7
691,2038,1181,0,12
692,2037,1183,0,9
693,2035,1182,0,16
694,2038,1187,0,7
695,2038,1185,0,14
696,2039,1190,0,0
697,2042,1191,0,333
698,2045,1184,0,317
699,2044,1180,0,295
700,2046,1175,0,285
701,2039,1168,0,278
702,2037,1159,0,277
703,2036,1156,0,268
704,2035,1149,0,269
705,2035,1140,0,264
706,2042,1146,0,265
707,2041,1148,0,268
708,2037,1147,0,258
709,2037,1137,0,251
710,2038,1126,0,255
711,2040,1127,0,260
712,2046,1128,0,273
713,2046,1130,0,262
714,2044,1118,0,266
715,2043,1114,0,266
716,2045,1115,0,276
717,2045,1122,0,267
718,2042,1122,0,248
719,2042,1119,0,270
720,2043,1105,0,261
721,2044,1102,0,262
722,2051,1103,0,261
723,2052,1100,0,265
724,2055,1087,0,271
725,2057,1084,0,271
726,2061,1078,0,264
727,2066,1071,0,260
728,2071,1066,0,243
729,2076,1056,0,249
730,2073,1051,0,246
731,2076,1054,0,267
732,2081,1056,0,275
733,2083,1055,0,273
734,2081,1045,0,265
735,2084,1037,0,253
736,2097,1035,0,261
737,2097,1030,0,268
738,2100,1032,0,270
739,2099,1035,0,279
740,2097,1037,0,279
741,2098,1033,0,275
742,2100,1025,0,261
743,2099,1016,0,271
744,2099,1005,0,288
745,2096,1002,0,283
746,2099,1015,0,273
747,2101,1014,0,281
748,2103,1016,0,278
749,2105,1011,0,272
750,2106,1002,0,265
751,2105,998,0,270
752,2109,999,0,266
753,2107,995,0,262
754,2109,984,0,278
755,2111,990,0,278
756,2113,1004,0,245
757,2113,994,0,253
758,2118,988,0,237
759,2121,977,0,236
760,2127,973,0,240
761,2129,973,0,240
762,2131,967,0,244
763,2133,962,0,251
764,2132,961,0,239
765,2131,962,0,241
766,2131,963,0,247
767,2135,966,0,257
768,2133,965,0,243
769,2133,964,0,246
770,2133,965,0,249
771,2132,966,0,247
772,2132,964,0,244
773,2132,964,0,247
774,2132,963,0,244
775,2133,964,0,251
776,2133,965,0,251
777,2133,966,0,246
778,2133,964,0,245
779,2134,964,0,245
780,2134,964,0,246
781,2134,963,0,247
782,2134,962,0,247
783,2134,962,0,247
784,2135,962,0,246
785,2135,962,0,246
786,2136,961,0,246
787,2136,960,0,248
788,2137,961,0,246
789,2137,965,0,255
790,2136,965,0,250
791,2136,965,0,251
792,2136,965,0,252
793,2135,967,0,257
794,2138,966,0,268
795,2139,965,0,279
796,2140,962,0,301
797,2143,966,0,325
798,2144,964,0,341
799,2138,966,0,7
800,2128,970,0,10
801,2124,969,0,11
802,2123,971,0,19
803,2117,968,0,21
804,2113,971,0,26
805,2114,977,0,22
806,2116,989,0,351
807,2112,986,0,7
808,2107,990,0,2
809,2105,991,0,2
810,2103,991,0,6
811,2103,991,0,4
812,2102,991,0,2
813,2101,992,0,1
814,2102,993,0,1
815,2102,994,0,2
816,2104,995,0,9
817,2109,998,0,23
818,2111,1000,0,42
819,2112,999,0,44
820,2103,1011,0,56
824,2106,1032,0,102
825,2107,1035,0,98
826,2108,1038,0,99
827,2112,1042,0,88
828,2108,1040,0,90
829,2109,1042,0,85
830,2107,1044,0,84
831,2103,1046,0,85
832,2103,1043,0,87
833,2103,1047,0,83
834,2105,1055,0,88
836,2109,1056,0,90
837,2109,1059,0,100
838,2110,1058,0,110
839,2103,1061,0,137
840,2108,1059,0,136
841,2110,1060,0,129
842,2111,1063,0,130
843,2112,1064,0,127
844,2112,1065,0,123
845,2119,1074,0,125
846,2119,1074,0,126
847,2118,1072,0,125
848,2117,1070,0,128
849,2115,1067,0,115
850,2114,1068,0,114
851,2113,1069,0,115
852,2115,1070,0,114
853,2117,1072,0,112
854,2115,1077,0,103
855,2114,1085,0,93
856,2118,1098,0,78
857,2119,1110,0,75
858,2114,1121,0,70
859,2111,1131,0,73
860,2109,1137,0,72
862,2103,1145,0,57
863,2102,1152,0,58
864,2093,1157,0,49
865,2096,1158,0,51
866,2094,1166,0,33
867,2091,1167,0,31
868,2094,1165,0,28
869,2097,1162,0,30
870,2101,1162,0,22
871,2099,1163,0,18
872,2097,1168,0,7
873,2097,1168,0,14
874,2095,1171,0,12
875,2099,1171,0,5
876,2095,1174,0,21
877,2097,1185,0,15
878,2096,1186,0,16
879,2098,1184,0,32
880,2092,1183,0,31
881,2083,1191,0,17
882,2080,1188,0,3
883,2082,1182,0,2
884,2080,1175,0,359
885,2071,1178,0,352
886,2061,1186,0,330
887,2058,1178,0,329
888,2068,1174,0,359
891,2074,1171,0,87
892,2075,1175,0,71
893,2075,1176,0,76
894,2073,1176,0,73
895,2074,1180,0,82
896,2082,1187,0,67
897,2078,1191,0,75
898,2077,1196,0,81
899,2081,1207,0,85
900,2080,1209,0,93
901,2077,1209,0,101
902,2076,1209,0,105
903,2080,1218,0,97
904,2090,1224,0,80
905,2094,1230,0,74
906,2093,1242,0,80
907,2093,1245,0,72
908,2090,1254,0,94
909,2091,1254,0,94
910,2092,1254,0,94
911,2092,1253,0,93
912,2098,1252,0,81
913,2094,1249,0,80
914,2094,1247,0,84
915,2094,1248,0,83
916,2095,1252,0,74
917,2096,1252,0,97
918,2096,1258,0,100
919,2099,1262,0,105
920,2097,1260,0,113
921,2101,1264,0,127
922,2106,1266,0,131
923,2111,1266,0,125
924,2113,1267,0,130
925,2117,1264,0,117
926,2126,1266,0,87
927,2127,1269,0,78
928,2133,1281,0,71
929,2135,1291,0,66
930,2129,1294,0,63
931,2124,1295,0,71
932,2120,1305,0,79
933,2115,1304,0,85
934,2116,1303,0,93
935,2116,1304,0,96
936,2116,1306,0,93
937,2115,1307,0,94
938,2115,1306,0,86
939,2118,1302,0,62
940,2115,1305,0,54
941,2118,1303,0,39
942,2120,1303,0,32
943,2116,1306,0,32
944,2110,1313,0,44
945,2110,1317,0,37
946,2120,1317,0,36
947,2127,1317,0,44
948,2131,1316,0,43
949,2131,1310,0,47
950,2132,1306,0,49
951,2136,1301,0,42
952,2134,1308,0,49
953,2134,1307,0,47
954,2136,1298,0,44
955,2142,1295,0,65
956,2145,1291,0,83
959,2164,1299,0,133
960,2171,1308,0,129
961,2183,1309,0,116
962,2195,1314,0,111
963,2193,1321,0,105
964,2204,1336,0,111
965,2206,1350,0,104
966,2207,1362,0,108
967,2209,1372,0,95
968,2214,1384,0,89
969,2216,1385,0,86
970,2231,1383,0,97
971,2224,1392,0,94
972,2225,1392,0,96
973,2227,1389,0,84
974,2229,1386,0,77
975,2228,1389,0,76
976,2227,1393,0,69
977,2220,1399,0,59
978,2227,1419,0,27
979,2219,1418,0,31
980,2204,1424,0,35
981,2192,1423,0,26
982,2180,1426,0,14
983,2168,1425,0,12
984,2160,1427,0,5
985,2148,1425,0,2
986,2137,1424,0,19
987,2136,1436,0,5
988,2126,1429,0,11
989,2121,1427,0,17
990,2121,1438,0,0
991,2116,1443,0,353
992,2112,1436,0,343
993,2114,1433,0,359
994,2113,1436,0,3
995,2112,1440,0,350
996,2113,1441,0,352
997,2112,1440,0,351
998,2114,1442,0,346
999,2112,1442,0,346
1000,2112,1440,0,348
1001,2112,1439,0,347
1002,2112,1438,0,346
1003,2113,1436,0,357
1004,2113,1438,0,350
1005,2113,1439,0,349
1006,2114,1439,0,350
1007,2113,1438,0,347
1008,2113,1437,0,346
1009,2112,1435,0,343
1010,2114,1433,0,355
1011,2115,1437,0,345
1012,2114,1437,0,344
1013,2112,1434,0,346
1014,2115,1433,0,344
1015,2114,1432,0,338
1016,2115,1433,0,336
1017,2116,1433,0,326
1018,2112,1427,0,310
1019,2113,1419,0,317
1020,2111,1418,0,315
1021,2112,1418,0,312
1022,2107,1415,0,316
1023,2108,1417,0,320
1024,2108,1419,0,330
1025,2106,1416,0,9
1026,2106,1415,0,21
1027,2117,1425,0,59
1028,2124,1440,0,64
1029,2116,1441,0,56
1030,2119,1445,0,93
1031,2127,1452,0,118
1032,2132,1451,0,139
1033,2141,1449,0,158
1034,2160,1455,0,178
1035,2171,1455,0,170
1036,2185,1458,0,169
1037,2206,1461,0,181
1038,2233,1466,0,169
1039,2248,1465,0,184
1040,2270,1459,0,193
1041,2291,1457,0,203
1042,2312,1443,0,221
1043,2317,1434,0,221
1044,2324,1434,0,199
1045,2329,1437,0,193
1046,2331,1440,0,190
1047,2339,1458,0,175
1048,2339,1463,0,191
1049,2353,1454,0,181
1050,2351,1451,0,195
1051,2346,1454,0,224
1052,2349,1430,0,252
1054,2357,1416,0,248
1056,2366,1410,0,236
1057,2367,1410,0,230
1059,2373,1336,0,356
1060,2369,1327,0,8
1064,2325,1299,0,183
1078,2269,1254,0,327
1100,2243,1492,0,13
1101,2244,1490,0,8
1102,2246,1486,0,11
1103,2249,1487,0,8
1104,2249,1488,0,9
1106,2248,1488,0,9
1107,2245,1490,0,13
1116,2236,1492,0,7
1117,2239,1493,0,6
1118,2239,1492,0,4
1121,2238,1492,0,6
1122,2235,1493,0,9
1138,2097,1318,0,1
1144,2075,1223,0,138
1149,2117,1266,0,24
1150,2108,1266,0,31
1151,2102,1270,0,55
1152,2103,1269,0,55
1153,2097,1271,0,55
1154,2095,1266,0,56
1155,2089,1268,0,66
1156,2086,1268,0,78
1157,2090,1269,0,73
1158,2093,1273,0,67
1159,2092,1270,0,73
1160,2090,1266,0,78
1161,2083,1266,0,85
1162,2080,1260,0,86
1163,2075,1257,0,88
1164,2069,1258,0,107
1165,2066,1259,0,107
1166,2069,1266,0,113
1167,2076,1270,0,128
1168,2079,1270,0,129
1169,2079,1262,0,120
1170,2075,1250,0,128
1171,2072,1251,0,140
1172,2073,1244,0,142
1173,2077,1235,0,151
1174,2082,1231,0,168
1175,2091,1222,0,134
1176,2095,1217,0,133
1177,2095,1222,0,101
1178,2097,1225,0,73
1179,2085,1239,0,76
1180,2081,1247,0,93
1181,2084,1234,0,72
1182,2092,1231,0,68
1183,2100,1239,0,56
1184,2104,1240,0,56
1185,2127,1239,0,51
1186,2127,1237,0,49
1187,2129,1236,0,46
1188,2127,1248,0,27
1189,2122,1246,0,20
1190,2122,1243,0,6
1191,2118,1246,0,8
1192,2109,1251,0,5
1193,2112,1237,0,352
1194,2112,1233,0,337
1195,2116,1233,0,343
1196,2116,1231,0,355
1197,2114,1230,0,351
1198,2115,1222,0,326
1199,2119,1212,0,326
1200,2115,1212,0,350
1201,2114,1215,0,340
1203,2101,1211,0,354
1204,2092,1211,0,356
1205,2083,1211,0,0
1206,2084,1212,0,355
1207,2077,1213,0,5
1208,2078,1209,0,359
1209,2078,1209,0,12
1210,2071,1215,0,38
1211,2062,1226,0,42
1212,2056,1232,0,50
1213,2053,1230,0,48
1214,2049,1230,0,40
1215,2044,1228,0,50
1220,2049,1227,1,87
1221,2044,1225,1,303
1227,2037,1228,0,304
1228,2041,1230,0,332
1229,2041,1234,0,347
1230,2041,1231,0,339
1231,2038,1229,0,316
1232,2044,1223,0,287
1233,2042,1208,0,287
1234,2043,1202,0,282
1235,2042,1191,0,289
1236,2042,1176,0,288
1237,2041,1169,0,290
1238,2045,1165,0,318
1239,2029,1152,0,325
1240,2025,1143,0,312
1241,2017,1135,0,325
1242,2008,1118,0,357
1244,1976,1059,0,289
1245,1979,1046,0,292
1246,1975,1039,0,316
1247,1962,1030,0,331
1248,1934,996,0,336
1249,1933,993,0,308
1250,1935,985,0,281
1251,1934,972,0,310
1252,1936,969,0,286
1253,1933,961,0,263
1254,1938,961,0,278
1255,1931,959,0,285
1256,1928,952,0,299
1257,1928,943,0,311
1258,1917,935,0,310
1260,1910,932,0,308
1261,1907,921,0,312
1263,1894,885,0,298
1266,1899,883,0,301
1292,2125,1158,0,185
1295,2121,1165,0,9
1298,2122,1162,0,193
1299,2124,1161,0,194
1300,2124,1161,0,196
1301,2124,1161,0,194
1302,2123,1166,0,204
1303,2122,1164,0,195
1304,2124,1163,0,192
1305,2125,1164,0,190
1306,2125,1164,0,194
1307,2124,1166,0,201
1308,2123,1165,0,198
1309,2125,1164,0,203
1310,2126,1164,0,200
1311,2126,1164,0,203
1312,2125,1164,0,201
1313,2126,1165,0,205
1314,2126,1165,0,204
1315,2128,1165,0,214
1316,2126,1166,0,210
1317,2126,1166,0,205
1318,2126,1165,0,201
1319,2127,1165,0,206
1320,2126,1166,0,220
1321,2127,1165,0,240
1322,2131,1168,0,268
1323,2133,1174,0,308
1324,2135,1172,0,321
1325,2134,1177,0,351
1326,2135,1180,0,22
1327,2125,1177,0,21
1328,2109,1176,0,5
1329,2092,1181,0,14
1330,2082,1187,0,0
1331,2069,1190,0,352
1332,2057,1193,0,359
1333,2051,1188,0,327
1334,2049,1183,0,310
1335,2047,1179,0,287
1336,2049,1180,0,272
1337,2045,1178,0,287
1338,2045,1178,0,284
1343,2032,1189,0,83
1344,2032,1196,0,95
1345,2027,1198,0,91
1346,2024,1204,0,97
1347,2022,1214,0,118
1348,2025,1217,0,84
1351,2036,1221,0,2
1352,2036,1210,0,322
1353,2037,1197,0,288
1356,2051,1161,0,214
1357,2056,1166,0,183
1359,2083,1176,0,192
1361,2090,1175,0,177
1366,2164,1211,0,152
1367,2178,1214,0,157
1368,2200,1226,0,161
1371,2221,1226,0,347
1374,2232,1234,0,163
1383,2263,1225,0,262
1384,2259,1220,0,275
1385,2252,1212,0,298
1386,2235,1184,0,295
1387,2231,1169,0,291
1396,2193,1194,0,268
1397,2187,1184,0,236
1399,2209,1176,0,196
1403,2228,1163,0,104
1405,2232,1186,0,35
1406,2225,1191,0,2
1407,2215,1181,0,6
1412,2174,1193,0,256
1413,2176,1189,0,232
1414,2181,1193,0,204
1415,2200,1196,0,173
1421,2255,1234,0,208
1422,2261,1237,0,239
1423,2264,1230,0,270
1424,2258,1210,0,281
1425,2255,1204,0,318
1426,2254,1198,0,328
1427,2234,1191,0,337
1431,2213,1178,0,297
1432,2196,1172,0,257
1434,2220,1167,0,186
1435,2222,1170,0,174
1436,2228,1169,0,140
1437,2231,1174,0,120
1438,2238,1180,0,102
1439,2239,1192,0,92
1440,2228,1197,0,54
1441,2221,1202,0,55
1443,2202,1213,0,23
1444,2195,1215,0,58
1445,2193,1221,0,81
1446,2194,1228,0,89
1448,2195,1249,0,158
1449,2205,1254,0,184
1450,2218,1253,0,208
1451,2233,1245,0,210
1452,2245,1248,0,247
1453,2242,1245,0,276
1454,2238,1230,0,297
1457,2227,1235,0,4
1459,2209,1232,0,338
1460,2193,1234,0,315
1462,2196,1216,0,310
1463,2189,1214,0,273
1464,2195,1206,0,243
1466,2213,1202,0,183
1469,2237,1208,0,90
1470,2243,1221,0,78
1471,2241,1235,0,48
1472,2237,1238,0,37
1476,2207,1259,0,112
1477,2191,1263,0,109
1482,2233,1292,0,279
1483,2227,1281,0,303
1487,2205,1262,0,286
1488,2194,1260,0,309
1489,2193,1254,0,280
1490,2187,1248,0,246
1491,2187,1240,0,212
1494,2210,1247,0,114
1498,2203,1265,0,349
1500,2181,1269,0,344
1501,2182,1269,0,21
1502,2182,1274,0,51
1503,2180,1268,0,80
1504,2174,1273,0,107
1505,2181,1278,0,140
1506,2190,1282,0,152
1507,2206,1286,0,168
1511,2243,1281,0,258
1512,2236,1271,0,274
1513,2236,1257,0,285
1514,2221,1250,0,325
1515,2208,1242,0,348
1518,2182,1258,0,6
1522,2167,1249,0,207
1525,2193,1257,0,102
1528,2197,1274,0,22
1529,2183,1277,0,358
1530,2169,1268,0,13
1531,2166,1283,0,11
1532,2155,1269,0,48
1538,2169,1265,0,192
1539,2169,1251,0,340
1540,2179,1266,0,124
1541,2183,1270,0,105
1542,2189,1283,0,121
1543,2193,1288,0,110
1548,2233,1316,0,255
1549,2229,1314,0,269
1550,2222,1308,0,288
1551,2218,1302,0,304
1552,2208,1291,0,306
1553,2195,1279,0,338
1554,2191,1283,0,178
1556,2170,1260,0,352
1561,2178,1255,0,150
1562,2186,1249,0,131
1563,2186,1247,0,131
1564,2186,1250,0,132
1565,2188,1255,0,121
1566,2194,1257,0,104
1567,2195,1262,0,83
1568,2200,1268,0,81
1569,2206,1270,0,43
1573,2171,1297,0,83
1574,2169,1309,0,106
1575,2168,1317,0,140
1576,2168,1321,0,353
1577,2171,1319,0,192
1578,2190,1312,0,228
1579,2199,1305,0,264
1580,2201,1297,0,288
1581,2204,1285,0,324
1582,2192,1281,0,345
1583,2177,1289,0,339
1586,2159,1279,0,302
1592,2175,1287,0,84
1593,2174,1294,0,78
1594,2177,1292,0,52
1595,2174,1293,0,21
1598,2155,1308,0,292
1599,2154,1311,0,253
1604,2021,1332,0,234
1608,2164,1268,0,24
1609,2158,1271,0,50
1610,2150,1278,0,55
1611,2139,1291,0,57
1612,2133,1309,0,61
1613,2131,1326,0,79
1614,2121,1342,0,88
1615,2121,1345,0,104
1616,2121,1347,0,117
1617,2123,1351,0,124
1618,2127,1350,0,135
1619,2128,1347,0,131
1620,2128,1349,0,130
1621,2127,1349,0,132
1622,2126,1350,0,136
1623,2126,1350,0,135
1624,2127,1351,0,133
1625,2127,1352,0,132
1626,2125,1352,0,138
1627,2125,1352,0,140
1628,2125,1351,0,140
1629,2125,1350,0,139
1630,2124,1349,0,144
1631,2124,1347,0,148
1632,2125,1345,0,164
1633,2131,1344,0,179
1634,2134,1344,0,189
1635,2135,1342,0,185
1636,2139,1348,0,167
1637,2142,1356,0,153
1638,2148,1363,0,148
1639,2164,1362,0,167
1642,2214,1368,0,192
1643,2216,1369,0,200
1644,2222,1375,0,183
1645,2253,1386,0,196
1646,2256,1380,0,211
1647,2257,1377,0,218
1648,2269,1367,0,231
1649,2279,1356,0,235
1650,2294,1342,0,238
1651,2304,1323,0,265
1653,2313,1294,0,261
1656,2296,1286,0,325
1657,2276,1281,0,330
1658,2266,1264,0,321
1659,2258,1266,0,332
1660,2253,1268,0,334
1661,2225,1259,0,336
1662,2215,1246,0,327
1663,2204,1229,0,296
1665,2193,1244,0,7
1666,2176,1261,0,18
1667,2172,1275,0,15
1668,2158,1280,0,18
1669,2148,1284,0,12
1670,2126,1300,0,17
1671,2121,1297,0,17
1672,2104,1298,0,9
1673,2097,1289,0,349
1674,2096,1297,0,22
1675,2103,1297,0,43
1677,2099,1312,0,77
1679,2089,1355,0,73
1681,2092,1365,0,102
1684,2116,1367,0,176
1685,2133,1360,0,178
1687,2176,1381,0,160
1688,2189,1382,0,165
1689,2217,1386,0,150
1690,2220,1386,0,181
1691,2225,1385,0,197
1692,2231,1390,0,158
1693,2265,1381,0,190
1694,2281,1380,0,191
1697,2294,1382,0,110
1698,2294,1387,0,89
1699,2290,1394,0,81
1702,2286,1386,0,351
1703,2291,1390,0,315
1704,2300,1380,0,278
1705,2302,1358,0,272
1710,2367,1289,0,235
1712,2394,1254,0,241
1713,2397,1250,0,249
1750,2159,1083,0,12
1754,2157,1085,0,11
1755,2157,1086,0,13
1760,2158,1089,0,12
1792,1839,1280,0,304
1822,2230,1252,0,13
1823,2228,1252,0,15
1824,2226,1255,0,14
1825,2227,1254,0,14
1826,2228,1252,0,17
1827,2228,1251,0,16
1828,2228,1252,0,15
1829,2229,1257,0,8
1830,2227,1257,0,19
1831,2226,1257,0,19
1832,2227,1257,0,20
1833,2227,1258,0,23
1834,2227,1257,0,23
1835,2227,1257,0,24
1836,2226,1255,0,27
1837,2228,1256,0,23
1838,2228,1256,0,22
1839,2227,1259,0,21
1840,2228,1255,0,19
1841,2229,1256,0,18
1842,2228,1260,0,14
1843,2227,1259,0,15
1844,2227,1255,0,24
1845,2227,1255,0,20
1846,2228,1256,0,17
1847,2227,1258,0,18
1848,2226,1259,0,27
1849,2228,1258,0,27
1850,2229,1262,0,25
1851,2230,1262,0,20
1852,2229,1264,0,17
1853,2229,1264,0,15
1854,2230,1265,0,10
1855,2229,1265,0,10
1856,2229,1265,0,10
1857,2230,1264,0,7
1858,2231,1263,0,10
1859,2236,1249,0,6
1860,2231,1251,0,12
1861,2228,1248,0,19
1862,2228,1250,0,22
1863,2229,1253,0,25
1864,2229,1257,0,30
1865,2229,1257,0,28
1866,2229,1256,0,26
1867,2229,1255,0,28
1868,2230,1253,0,27
1869,2230,1253,0,21
1870,2228,1251,0,23
1871,2228,1253,0,26
1872,2230,1256,0,30
1873,2229,1257,0,30
1874,2228,1256,0,30
1875,2228,1256,0,27
1876,2229,1258,0,29
1877,2229,1261,0,23
1878,2232,1259,0,24
1879,2233,1260,0,24
1880,2232,1259,0,27
1881,2232,1263,0,18
1882,2234,1263,0,19
1883,2232,1264,0,19
1884,2230,1262,0,22
1885,2231,1262,0,16
1886,2232,1260,0,17
1887,2232,1260,0,18
1888,2230,1253,0,25
1889,2223,1248,0,40
1890,2220,1246,0,47
1891,2219,1245,0,48
1892,2217,1250,0,59
1893,2216,1251,0,64
1894,2215,1251,0,65
1895,2216,1249,0,66
1896,2219,1249,0,64
1897,2217,1248,0,63
1898,2216,1247,0,60
1899,2217,1245,0,62
1900,2215,1247,0,67
1901,2215,1250,0,64
1902,2215,1252,0,62
1903,2215,1252,0,62
1904,2215,1255,0,64
1905,2215,1255,0,64
1906,2217,1257,0,62
1907,2216,1259,0,62
1908,2217,1263,0,65
1909,2217,1265,0,64
1910,2216,1266,0,70
1911,2219,1265,0,62
1912,2221,1265,0,58
1913,2220,1264,0,61
1914,2220,1266,0,57
1915,2219,1263,0,70
1916,2220,1264,0,67
1917,2221,1265,0,61
1918,2219,1265,0,63
1919,2219,1265,0,64
1920,2218,1264,0,59
1921,2219,1260,0,52
1922,2221,1259,0,52
1923,2221,1257,0,53
1924,2220,1255,0,54
1925,2220,1253,0,59
1926,2220,1253,0,65
1927,2221,1252,0,65
1928,2222,1253,0,67
1929,2223,1256,0,66
1930,2225,1256,0,67
1931,2225,1258,0,67
1932,2225,1257,0,62
1933,2223,1258,0,60
1934,2220,1258,0,55
1935,2221,1259,0,51
1936,2221,1258,0,46
1937,2220,1260,0,42
1938,2220,1263,0,44
1939,2220,1265,0,45
1940,2220,1265,0,45
1941,2220,1265,0,46
1942,2220,1264,0,46
1943,2220,1266,0,48
1944,2218,1269,0,55
1945,2217,1271,0,58
1946,2216,1270,0,55
1947,2217,1270,0,52
1948,2217,1271,0,49
1949,2215,1271,0,54
1950,2214,1271,0,52
1951,2213,1270,0,49
1952,2211,1273,0,56
1953,2210,1277,0,59
1954,2206,1283,0,67
1955,2208,1287,0,65
1956,2208,1292,0,67
1957,2204,1295,0,79
1958,2203,1297,0,85
1959,2200,1297,0,81
1960,2200,1297,0,84
1961,2200,1296,0,87
1962,2199,1295,0,91
1963,2200,1293,0,94
1964,2201,1294,0,99
1965,2201,1294,0,101
1966,2202,1294,0,98
1967,2202,1294,0,98
1968,2203,1294,0,98
1969,2204,1294,0,97
1970,2204,1294,0,99
1971,2204,1294,0,100
1972,2205,1296,0,103
1973,2205,1297,0,102
1974,2205,1297,0,103
1975,2205,1302,0,95
1976,2207,1304,0,93
1977,2210,1304,0,89
1978,2212,1303,0,86
1979,2213,1303,0,74
1980,2215,1302,0,64
1981,2214,1302,0,61
1982,2213,1299,0,63
1983,2213,1300,0,71
1984,2211,1296,0,76
1985,2210,1293,0,85
1986,2212,1292,0,100
1987,2213,1290,0,103
1988,2217,1291,0,111
1989,2218,1293,0,127
1990,2220,1295,0,136
1991,2222,1296,0,137
1992,2222,1295,0,135
1993,2223,1296,0,133
1994,2221,1296,0,130
1995,2220,1294,0,129
1996,2221,1294,0,132
1997,2219,1298,0,131
1998,2218,1302,0,150
1999,2219,1304,0,150
2000,2224,1308,0,153
2001,2224,1311,0,154
2002,2229,1315,0,151
2003,2229,1316,0,150
2004,2230,1315,0,150
2005,2230,1315,0,150
2006,2229,1314,0,151
2007,2230,1315,0,149
2008,2231,1314,0,148
2009,2229,1316,0,149
2010,2229,1317,0,153
2011,2227,1317,0,153
2012,2228,1318,0,154
2013,2227,1321,0,161
2014,2226,1321,0,159
2015,2226,1323,0,163
2016,2221,1323,0,166
2017,2229,1326,0,160
2018,2232,1327,0,164
2019,2229,1325,0,157
2020,2230,1325,0,154
2021,2230,1325,0,160
2022,2231,1324,0,159
2023,2230,1323,0,156
2024,2228,1320,0,152
2025,2231,1320,0,153
2026,2231,1318,0,152
2027,2231,1318,0,155
2028,2233,1319,0,158
2029,2234,1317,0,161
2030,2237,1316,0,162
2031,2239,1313,0,171
2032,2240,1313,0,169
2033,2240,1312,0,167
2034,2242,1313,0,170
2035,2243,1316,0,172
2036,2244,1317,0,175
2037,2246,1318,0,179
2038,2247,1317,0,168
2039,2249,1317,0,169
2040,2251,1318,0,161
2041,2250,1322,0,159
2042,2250,1321,0,153
2043,2250,1320,0,144
2044,2250,1320,0,140
2045,2250,1320,0,138
2046,2251,1321,0,131
2047,2251,1322,0,131
2048,2253,1323,0,132
2049,2256,1324,0,124
2050,2255,1327,0,128
2051,2256,1328,0,131
2052,2258,1329,0,130
2053,2257,1332,0,128
2054,2255,1333,0,130
2055,2256,1335,0,132
2056,2259,1338,0,124
2057,2261,1342,0,117
2058,2261,1345,0,114
2059,2261,1344,0,109
2060,2260,1343,0,102
2061,2258,1342,0,104
2062,2257,1341,0,99
2063,2255,1340,0,100
2064,2255,1340,0,102
2065,2254,1339,0,102
2066,2254,1338,0,104
2067,2254,1337,0,103
2068,2254,1337,0,104
2069,2254,1338,0,99
2070,2254,1338,0,100
2071,2255,1338,0,100
2072,2254,1339,0,102
2073,2255,1340,0,103
2074,2255,1340,0,102
2075,2255,1340,0,104
2076,2255,1340,0,107
2077,2255,1340,0,108
2078,2255,1340,0,109
2079,2254,1340,0,110
2080,2256,1342,0,105
2081,2255,1341,0,106
2082,2255,1342,0,102
2083,2252,1344,0,107
2084,2247,1345,0,107
2085,2239,1350,0,126
2086,2241,1366,0,119
2087,2237,1370,0,149
2088,2241,1370,0,139
2089,2245,1368,0,143
2090,2248,1367,0,146
2091,2249,1368,0,149
2092,2249,1368,0,154
2093,2249,1369,0,160
2094,2250,1371,0,171
2095,2250,1373,0,184
2096,2248,1373,0,188
2097,2247,1373,0,190
2098,2246,1374,0,190
2099,2244,1375,0,189
2100,2243,1374,0,180
2101,2243,1374,0,179
2102,2243,1375,0,181
2103,2243,1375,0,184
2104,2243,1375,0,183
2105,2244,1374,0,182
2106,2245,1373,0,178
2107,2245,1373,0,174
2108,2246,1373,0,174
2109,2247,1373,0,176
2110,2249,1372,0,180
2111,2250,1373,0,183
2112,2250,1373,0,188
2113,2250,1375,0,190
2114,2250,1374,0,190
2115,2250,1374,0,194
2116,2248,1376,0,195
2117,2248,1376,0,197
2118,2249,1377,0,202
2119,2246,1377,0,204
2120,2245,1377,0,201
2121,2245,1376,0,202
2122,2248,1374,0,204
2123,2245,1374,0,198
2124,2247,1373,0,198
2125,2249,1372,0,196
2126,2250,1373,0,199
2127,2249,1373,0,197
2128,2248,1373,0,197
2129,2249,1372,0,197
2130,2251,1378,0,189
2131,2252,1375,0,181
2132,2251,1375,0,185
2133,2251,1376,0,190
2134,2252,1378,0,197
2135,2252,1378,0,196
2136,2249,1378,0,185
2137,2253,1377,0,187
2138,2252,1377,0,177
2139,2250,1377,0,177
2140,2247,1379,0,180
2141,2247,1380,0,179
2142,2247,1382,0,181
2143,2247,1382,0,203
2144,2248,1383,0,208
2145,2246,1381,0,198
2146,2247,1381,0,201
2147,2246,1380,0,199
2148,2249,1378,0,200
2149,2251,1378,0,201
2150,2252,1375,0,192
2151,2256,1375,0,195
2152,2258,1375,0,220
2153,2255,1380,0,224
2154,2252,1380,0,216
2155,2252,1378,0,211
2156,2253,1375,0,211
2157,2255,1373,0,207
2158,2256,1377,0,221
2159,2255,1374,0,213
2160,2255,1374,0,213
2161,2256,1373,0,215
2162,2257,1373,0,220
2163,2260,1377,0,233
2164,2258,1373,0,223
2165,2257,1374,0,218
2166,2258,1373,0,224
2167,2257,1374,0,224
2168,2258,1373,0,205
2169,2258,1372,0,189
2170,2258,1372,0,183
2171,2262,1371,0,185
2172,2266,1371,0,189
2173,2265,1373,0,190
2174,2268,1377,0,212
2175,2268,1373,0,211
2176,2268,1372,0,207
2177,2270,1368,0,195
2178,2272,1365,0,189
2179,2272,1366,0,189
2180,2273,1365,0,192
2181,2274,1365,0,195
2182,2272,1365,0,195
2183,2271,1364,0,201
2184,2273,1367,0,211
2185,2276,1366,0,216
2186,2276,1365,0,217
2187,2278,1365,0,223
2188,2280,1364,0,230
2189,2279,1365,0,226
2190,2278,1364,0,231
2191,2279,1363,0,241
2192,2280,1361,0,239
2193,2281,1357,0,253
2194,2283,1356,0,263
2195,2284,1353,0,271
2196,2283,1348,0,272
2197,2284,1346,0,275
2198,2290,1352,0,287
2199,2292,1352,0,292
2200,2295,1351,0,299
2201,2295,1349,0,309
2202,2293,1348,0,315
2203,2289,1346,0,308
2204,2288,1340,0,312
2205,2288,1341,0,315
2206,2286,1342,0,311
2207,2285,1341,0,314
2208,2285,1342,0,313
2209,2283,1342,0,312
2210,2280,1343,0,306
2211,2282,1343,0,310
2212,2284,1343,0,309
2213,2283,1342,0,307
2214,2283,1343,0,311
2215,2286,1341,0,313
2216,2287,1341,0,317
2217,2285,1342,0,311
2218,2285,1341,0,320
2219,2287,1341,0,321
2220,2286,1341,0,320
2221,2286,1341,0,323
2222,2286,1340,0,323
2223,2285,1341,0,320
2224,2285,1340,0,321
2225,2285,1341,0,320
2226,2284,1341,0,321
2227,2284,1342,0,321
2228,2283,1341,0,322
2229,2283,1344,0,329
2230,2279,1346,0,323
2231,2279,1345,0,326
2232,2281,1344,0,321
2233,2278,1344,0,322
2234,2278,1344,0,324
2235,2278,1344,0,320
2236,2277,1344,0,322
2237,2277,1343,0,324
2238,2277,1341,0,319
2239,2276,1340,0,318
2240,2277,1340,0,323
2241,2277,1341,0,315
2242,2277,1342,0,313
2243,2280,1343,0,315
2244,2281,1345,0,308
2245,2281,1343,0,317
2246,2284,1341,0,324
2247,2284,1341,0,321
2248,2286,1340,0,327
2249,2288,1341,0,328
2250,2287,1345,0,329
2251,2286,1347,0,330
2252,2287,1347,0,328
2253,2286,1350,0,326
2254,2286,1349,0,325
2255,2285,1349,0,326
2256,2284,1348,0,323
2257,2283,1348,0,319
2258,2283,1347,0,318
2259,2284,1347,0,322
2260,2285,1350,0,323
2261,2284,1355,0,309
2262,2283,1355,0,301
2263,2283,1354,0,304
2264,2284,1353,0,303
2265,2284,1352,0,305
2266,2285,1352,0,313
2267,2285,1351,0,315
2268,2284,1350,0,313
2269,2283,1349,0,312
2270,2283,1349,0,311
2271,2282,1348,0,309
2272,2281,1349,0,308
2273,2280,1349,0,305
2274,2278,1349,0,302
2275,2279,1347,0,302
2276,2276,1347,0,304
2277,2277,1347,0,305
2278,2275,1346,0,305
2279,2273,1346,0,304
2280,2274,1346,0,302
2281,2273,1346,0,297
2282,2272,1346,0,297
2283,2271,1345,0,296
2284,2271,1344,0,297
2285,2270,1343,0,299
2286,2270,1340,0,299
2287,2268,1339,0,297
2288,2265,1337,0,291
2289,2265,1336,0,290
2290,2265,1336,0,292
2291,2266,1336,0,293
2292,2264,1337,0,290
2293,2264,1334,0,289
2294,2263,1333,0,286
2295,2267,1332,0,286
2296,2268,1332,0,294
2297,2265,1332,0,287
2298,2259,1331,0,280
2299,2259,1329,0,280
2300,2260,1326,0,277
2301,2260,1325,0,268
2302,2262,1323,0,263
2303,2265,1321,0,270
2304,2266,1322,0,275
2305,2265,1323,0,272
2306,2264,1323,0,271
2307,2265,1323,0,272
2308,2266,1323,0,277
2309,2266,1325,0,280
2310,2267,1325,0,285
2311,2266,1326,0,286
2312,2261,1328,0,276
2313,2261,1329,0,287
2314,2260,1329,0,283
2315,2259,1330,0,278
2316,2259,1331,0,279
2317,2262,1330,0,279
2318,2264,1332,0,286
2319,2263,1333,0,287
2320,2260,1333,0,273
2321,2262,1334,0,263
2322,2265,1332,0,270
2323,2266,1331,0,276
2324,2267,1333,0,274
2325,2267,1333,0,274
2326,2267,1334,0,272
2327,2265,1331,0,260
2328,2266,1331,0,254
2329,2269,1336,0,262
2330,2269,1337,0,266
2331,2269,1336,0,267
2332,2268,1333,0,268
2333,2267,1332,0,269
2334,2268,1334,0,260
2335,2271,1332,0,268
2336,2270,1331,0,272
2337,2267,1328,0,277
2338,2268,1330,0,271
2339,2271,1330,0,274
2340,2271,1330,0,279
2341,2270,1330,0,277
2342,2268,1329,0,275
2343,2266,1331,0,269
2344,2269,1330,0,267
2345,2267,1327,0,263
2346,2266,1330,0,258
2347,2269,1331,0,268
2348,2268,1332,0,261
2349,2265,1330,0,260
2350,2268,1329,0,267
2351,2270,1330,0,267
2352,2269,1331,0,268
2353,2269,1330,0,264
2354,2268,1330,0,265
2355,2267,1329,0,266
2356,2269,1326,0,273
2357,2271,1328,0,276
2358,2271,1329,0,279
2359,2269,1326,0,272
2360,2269,1328,0,274
2361,2269,1325,0,273
2362,2269,1325,0,273
2363,2268,1326,0,274
2364,2267,1327,0,272
2365,2267,1328,0,261
2366,2265,1329,0,262
2367,2264,1329,0,259
2368,2262,1328,0,268
2369,2262,1328,0,268
2370,2263,1327,0,275
2371,2264,1328,0,277
2372,2267,1330,0,262
2373,2270,1330,0,250
2374,2271,1329,0,254
2375,2271,1330,0,253
2376,2270,1329,0,266
2377,2270,1332,0,275
2381,2267,1332,0,274
2382,2266,1333,0,276
2383,2264,1333,0,274
2384,2261,1332,0,275
2385,2263,1333,0,280
2386,2265,1332,0,286
2387,2264,1331,0,286
2388,2264,1330,0,286
2389,2263,1331,0,288
2390,2264,1331,0,287
2391,2264,1330,0,288
2392,2262,1329,0,281
2393,2262,1327,0,274
2394,2263,1327,0,289
2395,2263,1328,0,289
2396,2261,1328,0,281
2397,2259,1330,0,284
2398,2259,1329,0,288
2399,2258,1328,0,289
2400,2259,1325,0,289
2401,2260,1323,0,297
2402,2263,1324,0,301
2403,2263,1324,0,304
2404,2261,1324,0,297
2405,2260,1325,0,298
2406,2260,1328,0,298
2407,2259,1327,0,300
2408,2260,1328,0,299
2409,2259,1327,0,301
2410,2259,1327,0,301
2411,2259,1327,0,299
2412,2258,1327,0,296
2413,2257,1326,0,299
2414,2256,1326,0,292
2415,2256,1325,0,291
2416,2256,1324,0,293
2417,2258,1324,0,289
2418,2259,1325,0,292
2419,2261,1324,0,299
2420,2261,1325,0,296
2421,2262,1325,0,298
2422,2261,1325,0,300
2423,2260,1326,0,296
2424,2262,1329,0,301
2425,2262,1331,0,300
2426,2262,1331,0,296
2427,2262,1330,0,298
2428,2262,1330,0,301
2429,2267,1334,0,292
2430,2267,1332,0,303
2431,2268,1332,0,310
2432,2267,1332,0,304
2433,2266,1330,0,303
2434,2267,1329,0,300
2435,2270,1331,0,296
2436,2271,1332,0,297
2437,2272,1332,0,294
2438,2272,1329,0,304
2439,2270,1327,0,294
2440,2268,1325,0,295
2441,2268,1325,0,298
2442,2269,1325,0,297
2443,2270,1324,0,302
2444,2269,1324,0,300
2445,2270,1324,0,301
2446,2270,1324,0,303
2447,2270,1324,0,302
2448,2269,1325,0,300
2449,2270,1324,0,303
2450,2269,1325,0,299
2451,2268,1325,0,298
2452,2268,1324,0,299
2453,2267,1324,0,297
2454,2268,1324,0,302
2455,2266,1322,0,297
2456,2266,1322,0,303
2457,2265,1321,0,304
2458,2267,1320,0,310
2459,2269,1318,0,312
2460,2270,1318,0,314
2461,2269,1318,0,315
2462,2269,1318,0,316
2463,2269,1318,0,313
2464,2269,1318,0,314
2465,2270,1318,0,315
2466,2270,1319,0,315
2467,2271,1320,0,313
2468,2270,1319,0,313
2469,2270,1320,0,312
2470,2271,1321,0,311
2471,2269,1323,0,311
2472,2269,1325,0,311
2473,2269,1324,0,315
2474,2268,1323,0,317
2475,2269,1323,0,315
2476,2268,1323,0,317
2477,2268,1321,0,321
2478,2268,1321,0,321
2479,2268,1320,0,322
2480,2268,1321,0,322
2481,2266,1320,0,317
2482,2270,1320,0,318
2483,2271,1320,0,312
2484,2271,1318,0,313
2485,2271,1319,0,319
2486,2268,1324,0,306
2487,2267,1327,0,306
2488,2266,1329,0,300
2489,2267,1329,0,300
2490,2268,1328,0,298
2491,2269,1326,0,301
2492,2269,1325,0,306
2493,2269,1325,0,317
2494,2269,1324,0,321
2495,2269,1324,0,320
2496,2269,1325,0,322
2497,2270,1326,0,322
2498,2270,1326,0,322
2499,2274,1328,0,314
2500,2279,1330,0,315
2501,2279,1327,0,321
2502,2279,1328,0,319
2503,2278,1327,0,321
2504,2282,1329,0,330
2505,2284,1330,0,334
2506,2286,1330,0,335
2507,2283,1331,0,331
2508,2280,1328,0,316
2509,2277,1328,0,319
2510,2270,1331,0,323
2511,2266,1332,0,318
2512,2267,1331,0,318
2513,2266,1331,0,313
2514,2267,1330,0,317
2515,2265,1330,0,309
2516,2262,1331,0,310
2517,2256,1332,0,305
2518,2250,1331,0,302
2519,2245,1336,0,305
2520,2239,1332,0,297
2521,2238,1333,0,296
2522,2237,1333,0,294
2523,2235,1335,0,297
2524,2228,1340,0,308
2525,2228,1346,0,317
2526,2228,1347,0,316
2527,2229,1350,0,330
2528,2229,1351,0,332
2529,2231,1352,0,340
2530,2233,1352,0,342
2531,2234,1353,0,338
2532,2233,1354,0,331
2533,2231,1354,0,331
2534,2230,1354,0,328
2535,2229,1353,0,330
2536,2228,1352,0,329
2537,2229,1353,0,331
2538,2230,1354,0,328
2539,2232,1353,0,337
2540,2231,1353,0,336
2541,2232,1353,0,336
2542,2233,1353,0,336
2543,2234,1354,0,331
2544,2235,1355,0,333
2545,2235,1353,0,336
2546,2236,1353,0,335
2547,2236,1351,0,338
2548,2237,1350,0,336
2549,2237,1350,0,338
2550,2237,1347,0,343
2551,2234,1346,0,349
2552,2236,1347,0,352
2553,2236,1345,0,356
2554,2234,1349,0,2
2555,2235,1349,0,8
2556,2235,1350,0,14
2557,2234,1352,0,17
2558,2235,1351,0,20
2559,2239,1350,0,15
2560,2239,1349,0,14
2561,2243,1348,0,12
2562,2242,1349,0,13
2563,2243,1350,0,15
2564,2244,1349,0,19
2565,2244,1349,0,12
2566,2244,1348,0,5
2567,2244,1346,0,13
2568,2243,1344,0,13
2569,2242,1344,0,15
2570,2246,1346,0,9
2571,2248,1347,0,6
2572,2249,1347,0,5
2573,2249,1344,0,19
2574,2248,1345,0,22
2575,2248,1349,0,27
2576,2246,1351,0,20
2577,2244,1352,0,16
2578,2244,1353,0,17
2582,2248,1368,0,21
2583,2248,1368,0,28
2584,2247,1367,0,21
2585,2247,1368,0,15
2586,2246,1370,0,19
2587,2246,1371,0,26
2588,2245,1371,0,21
2589,2240,1368,0,12
2590,2237,1363,0,12
2591,2239,1363,0,10
2592,2238,1362,0,9
2593,2239,1362,0,10
2594,2240,1363,0,11
2595,2241,1362,0,13
2596,2242,1361,0,10
2597,2242,1361,0,9
2598,2242,1362,0,14
2599,2242,1363,0,20
2600,2242,1362,0,19
2601,2241,1363,0,24
2602,2239,1362,0,25
2603,2238,1361,0,21
2604,2238,1361,0,21
2605,2240,1360,0,22
2606,2241,1360,0,21
2607,2244,1357,0,19
2608,2243,1359,0,16
2609,2241,1359,0,22
2610,2240,1360,0,22
2611,2241,1360,0,28
2612,2242,1360,0,29
2613,2243,1360,0,29
2614,2243,1359,0,29
2615,2244,1360,0,31
2616,2247,1365,0,35
2617,2248,1367,0,28
2618,2249,1364,0,24
2619,2248,1373,0,21
2620,2247,1369,0,19
2621,2247,1367,0,18
2622,2247,1366,0,19
2623,2248,1368,0,19
2624,2247,1368,0,19
2625,2247,1367,0,19
2626,2249,1366,0,22
2627,2248,1367,0,19
2628,2246,1368,0,14
2629,2245,1369,0,14
2630,2245,1369,0,13
2631,2248,1369,0,13
2632,2248,1371,0,14
2633,2250,1371,0,16
2634,2250,1371,0,15
2635,2250,1370,0,15
2636,2248,1369,0,14
2637,2247,1368,0,19
2638,2247,1367,0,17
2639,2247,1367,0,16
2640,2247,1368,0,16
2641,2247,1369,0,13
2642,2249,1369,0,14
2643,2249,1368,0,16
2644,2249,1369,0,17
2645,2254,1368,0,26
2646,2257,1368,0,23
2647,2260,1368,0,19
2648,2261,1367,0,22
2649,2261,1367,0,19
2650,2261,1367,0,21
2651,2261,1367,0,24
2652,2262,1367,0,23
2653,2261,1367,0,24
2654,2261,1368,0,25
2655,2261,1368,0,26
2656,2262,1368,0,27
2657,2263,1366,0,22
2658,2265,1366,0,23
2659,2264,1366,0,27
2660,2266,1365,0,37
2661,2263,1367,0,33
2662,2264,1367,0,28
2663,2264,1367,0,33
2664,2261,1368,0,20
2665,2261,1368,0,13
2666,2262,1367,0,16
2667,2262,1366,0,15
2668,2261,1366,0,16
2669,2260,1367,0,19
2670,2260,1367,0,21
2671,2260,1365,0,20
2672,2260,1365,0,18
2673,2261,1365,0,19
2674,2260,1365,0,19
2675,2260,1364,0,17
2676,2262,1363,0,16
2677,2261,1363,0,14
2678,2262,1362,0,14
2679,2261,1363,0,13
2680,2261,1363,0,15
2681,2261,1363,0,15
2682,2262,1361,0,17
2683,2261,1360,0,21
2684,2259,1360,0,22
2685,2257,1360,0,21
2686,2255,1365,0,30
2687,2256,1364,0,22
2688,2256,1361,0,22
2689,2257,1360,0,20
2690,2255,1360,0,21
2691,2256,1359,0,18
2692,2256,1358,0,19
2693,2257,1358,0,19
2694,2257,1357,0,20
2695,2257,1354,0,28
2696,2257,1354,0,35
2697,2255,1354,0,39
2698,2256,1352,0,36
2699,2256,1351,0,34
2700,2256,1349,0,31
2701,2255,1350,0,18
2702,2252,1352,0,11
2703,2249,1348,0,4
2704,2248,1347,0,0
2705,2248,1349,0,358
2706,2251,1349,0,354
2707,2254,1345,0,352
2708,2254,1343,0,4
2709,2252,1345,0,6
2710,2251,1344,0,13
2711,2250,1341,0,16
2712,2249,1340,0,21
2713,2249,1339,0,21
2714,2250,1339,0,12
2715,2249,1342,0,5
2716,2251,1341,0,2
2717,2250,1341,0,2
2718,2251,1341,0,357
2719,2250,1342,0,358
2720,2249,1343,0,359
2721,2249,1343,0,358
2722,2250,1341,0,357
2723,2250,1339,0,357
2724,2250,1336,0,7
2725,2252,1331,0,16
2726,2252,1331,0,16
2727,2251,1334,0,21
2728,2250,1335,0,21
2729,2252,1338,0,25
2730,2251,1338,0,24
2731,2250,1340,0,25
2732,2249,1343,0,15
2733,2250,1342,0,22
2734,2250,1337,0,23
2735,2250,1337,0,17
2736,2247,1337,0,20
2737,2246,1336,0,18
2738,2246,1337,0,17
2739,2247,1338,0,16
2740,2246,1339,0,20
2741,2245,1339,0,14
2742,2245,1339,0,11
2743,2247,1336,0,20
2744,2252,1332,0,24
2745,2254,1333,0,27
2746,2252,1331,0,20
2747,2254,1332,0,17
2748,2254,1333,0,17
2749,2254,1333,0,12
2750,2255,1332,0,13
2751,2257,1333,0,15
2752,2258,1334,0,17
2753,2260,1333,0,13
2754,2258,1332,0,10
2755,2259,1333,0,8
2756,2259,1334,0,8
2757,2259,1334,0,4
2758,2258,1337,0,6
2759,2259,1335,0,8
2760,2258,1334,0,12
2761,2259,1336,0,9
2762,2260,1337,0,9
2763,2258,1339,0,9
2764,2257,1339,0,11
2765,2257,1340,0,10
2766,2256,1341,0,9
2767,2257,1342,0,9
2768,2257,1345,0,5
2769,2257,1344,0,8
2770,2257,1346,0,4
2771,2255,1346,0,4
2772,2258,1345,0,7
2773,2258,1346,0,5
2774,2260,1348,0,354
2775,2262,1349,0,349
2776,2263,1351,0,356
2777,2265,1351,0,356
2778,2264,1350,0,353
2779,2263,1349,0,354
2780,2260,1349,0,354
2781,2260,1348,0,0
2782,2259,1346,0,1
2783,2259,1346,0,359
2784,2258,1346,0,358
2785,2257,1347,0,358
2786,2257,1347,0,359
2787,2256,1346,0,357
2788,2256,1346,0,354
2789,2256,1346,0,355
2790,2259,1344,0,355
2791,2258,1344,0,356
2792,2258,1343,0,357
2793,2257,1342,0,0
2794,2257,1343,0,357
2795,2257,1343,0,358
2796,2257,1342,0,0
2797,2260,1339,0,1
2798,2259,1337,0,6
2799,2258,1341,0,6
2800,2257,1342,0,5
2801,2257,1343,0,7
2802,2255,1343,0,15
2803,2247,1349,0,4
2804,2247,1352,0,354
2805,2252,1350,0,359
2806,2255,1350,0,356
2807,2257,1346,0,11
2808,2254,1348,0,6
2809,2254,1346,0,8
2810,2256,1345,0,12
2811,2259,1344,0,13
2812,2259,1344,0,15
2813,2259,1344,0,13
2814,2258,1344,0,14
2815,2257,1340,0,22
2816,2258,1337,0,28
2817,2259,1337,0,37
2818,2260,1336,0,30
2819,2260,1334,0,40
2820,2260,1332,0,45
2821,2261,1331,0,46
2822,2260,1332,0,50
2823,2260,1332,0,57
2824,2259,1333,0,57
2825,2259,1334,0,53
2826,2259,1336,0,50
2827,2259,1338,0,42
2828,2259,1337,0,50
2829,2259,1338,0,47
2830,2259,1339,0,41
2831,2258,1343,0,37
2832,2256,1343,0,35
2833,2256,1342,0,37
2834,2256,1334,0,42
2835,2255,1333,0,47
2836,2253,1333,0,42
2837,2253,1332,0,46
2838,2253,1332,0,54
2839,2254,1331,0,45
2840,2254,1331,0,46
2841,2254,1332,0,49
2842,2256,1332,0,45
2843,2258,1331,0,42
2844,2258,1331,0,45
2845,2258,1332,0,49
2846,2258,1331,0,49
2847,2258,1330,0,43
2848,2259,1332,0,46
2849,2257,1329,0,45
2850,2257,1328,0,44
2851,2256,1329,0,40
2852,2254,1329,0,35
2853,2254,1330,0,33
2854,2255,1330,0,30
2855,2254,1327,0,32
2856,2255,1326,0,30
2857,2252,1327,0,31
2858,2251,1329,0,29
2859,2246,1334,0,32
2860,2242,1340,0,29
2861,2236,1343,0,29
2862,2229,1344,0,25
2863,2222,1346,0,19
2864,2216,1351,0,17
2865,2210,1352,0,19
2866,2208,1350,0,24
2867,2204,1350,0,16
2868,2202,1350,0,15
2869,2202,1351,0,15
2870,2199,1353,0,13
2871,2200,1355,0,8
2872,2200,1354,0,7
2873,2201,1355,0,9
2874,2201,1357,0,15
2875,2200,1358,0,2
2876,2199,1356,0,1
2877,2198,1357,0,359
2878,2203,1359,0,353
2879,2206,1361,0,350
2880,2208,1357,0,347
2881,2208,1351,0,351
2882,2208,1351,0,345
2883,2206,1349,0,352
2884,2205,1350,0,350
2885,2205,1346,0,354
2886,2205,1343,0,359
2887,2205,1344,0,357
2888,2206,1347,0,355
2889,2207,1349,0,353
2890,2208,1348,0,357
2891,2207,1349,0,356
2892,2208,1350,0,355
2893,2207,1350,0,355
2894,2207,1350,0,356
2895,2207,1350,0,357
2896,2208,1351,0,357
2897,2207,1351,0,357
2898,2207,1350,0,356
2899,2206,1349,0,357
2900,2207,1350,0,358
2901,2209,1351,0,357
2902,2209,1352,0,356
2903,2208,1353,0,358
2904,2209,1353,0,356
2905,2209,1359,0,358
2906,2207,1353,0,359
2907,2206,1352,0,2
2908,2206,1353,0,2
2909,2206,1353,0,4
2910,2205,1353,0,5
2911,2206,1353,0,3
2912,2207,1354,0,2
2913,2207,1353,0,8
2914,2206,1354,0,12
2915,2206,1354,0,9
2916,2209,1352,0,11
2917,2208,1353,0,10
2918,2211,1354,0,11
2919,2213,1355,0,8
2920,2211,1355,0,8
2921,2208,1352,0,16
2922,2209,1349,0,15
2923,2208,1350,0,14
2924,2207,1350,0,11
2925,2206,1350,0,12
2926,2207,1350,0,9
2927,2207,1350,0,9
2928,2207,1350,0,12
2929,2207,1350,0,12
2930,2208,1351,0,10
2931,2209,1351,0,8
2932,2208,1352,0,8
2933,2207,1353,0,7
2934,2211,1354,0,10
2935,2211,1354,0,9
2936,2211,1353,0,11
2937,2211,1352,0,16
2938,2211,1352,0,14
2939,2212,1350,0,13
2940,2213,1351,0,15
2941,2211,1354,0,15
2942,2208,1357,0,10
2943,2206,1356,0,13
2944,2200,1358,0,15
2945,2197,1359,0,18
2946,2195,1359,0,15
2947,2195,1360,0,11
2948,2194,1362,0,358
2949,2194,1360,0,354
2950,2191,1358,0,351
2951,2188,1358,0,349
2952,2189,1358,0,352
2953,2190,1364,0,350
2954,2189,1363,0,347
2955,2189,1364,0,350
2956,2191,1360,0,353
2957,2191,1362,0,359
2958,2192,1363,0,8
2959,2191,1362,0,16
2960,2187,1367,0,24
2961,2188,1367,0,25
2962,2188,1371,0,43
2963,2190,1368,0,53
2964,2189,1364,0,57
2965,2188,1364,0,60
2966,2189,1362,0,49
2967,2186,1360,0,39
2968,2184,1364,0,38
2969,2181,1366,0,23
2970,2179,1360,0,16
2971,2172,1358,0,8
2972,2168,1355,0,349
2973,2166,1356,0,335
2974,2164,1362,0,343
2975,2166,1364,0,350
2976,2167,1366,0,355
2977,2168,1366,0,358
2978,2169,1365,0,355
2979,2169,1363,0,358
2980,2169,1362,0,357
2981,2169,1362,0,357
2982,2166,1362,0,357
2983,2166,1359,0,0
2984,2166,1358,0,358
2985,2167,1357,0,356
2986,2166,1363,0,359
2987,2167,1360,0,2
2988,2169,1357,0,353
2989,2171,1355,0,349
2990,2167,1358,0,351
2991,2170,1358,0,348
2992,2168,1358,0,346
2993,2166,1356,0,345
2994,2163,1356,0,348
2995,2159,1355,0,345
2996,2156,1352,0,340
2997,2151,1351,0,342
2998,2143,1353,0,351
2999,2139,1353,0,353
