0,146,1413,0,339
1,145,1414,0,337
2,145,1412,0,335
3,144,1409,0,336
4,143,1408,0,320
5,146,1408,0,315
6,149,1410,0,328
7,154,1410,0,347
8,150,1411,0,350
9,150,1411,0,348
10,151,1411,0,344
11,154,1411,0,354
12,155,1411,0,352
13,154,1410,0,354
14,153,1409,0,354
15,153,1410,0,352
16,155,1411,0,356
17,157,1412,0,0
18,157,1413,0,4
19,158,1412,0,8
20,159,1415,0,10
21,159,1416,0,12
22,159,1416,0,10
23,159,1417,0,6
24,159,1416,0,12
25,159,1415,0,9
26,159,1415,0,8
27,160,1416,0,6
28,161,1418,0,3
29,161,1418,0,2
30,161,1418,0,2
31,160,1417,0,4
32,160,1416,0,6
33,160,1414,0,9
34,160,1413,0,9
35,161,1411,0,13
36,163,1413,0,12
37,164,1413,0,13
38,162,1413,0,16
39,159,1412,0,14
40,157,1409,0,8
41,153,1405,0,1
42,151,1402,0,354
43,148,1400,0,355
44,143,1400,0,350
45,141,1400,0,350
46,139,1400,0,348
47,139,1399,0,350
48,138,1399,0,354
49,136,1398,0,0
50,134,1395,0,6
51,128,1392,0,8
52,126,1392,0,6
53,123,1390,0,1
54,119,1386,0,359
55,118,1385,0,356
56,113,1384,0,356
57,107,1384,0,6
58,103,1385,0,14
59,102,1386,0,22
60,100,1386,0,23
61,98,1386,0,25
62,96,1387,0,29
63,92,1384,0,26
64,90,1385,0,28
65,90,1386,0,27
66,90,1384,0,43
67,89,1385,0,45
68,88,1387,0,51
69,86,1391,0,31
70,86,1391,0,31
71,87,1393,0,36
72,90,1392,0,32
73,88,1393,0,32
74,89,1395,0,25
75,88,1396,0,24
76,88,1396,0,22
77,89,1395,0,22
78,89,1395,0,22
79,89,1395,0,22
80,93,1393,0,21
81,93,1394,0,20
82,93,1395,0,19
83,92,1396,0,18
84,91,1396,0,18
85,91,1396,0,17
86,90,1396,0,16
87,89,1397,0,13
88,89,1396,0,13
89,89,1395,0,12
90,87,1393,0,12
91,84,1391,0,14
92,85,1389,0,17
93,84,1389,0,19
94,84,1389,0,24
95,85,1391,0,15
96,85,1391,0,12
97,85,1391,0,10
98,85,1390,0,12
99,84,1389,0,13
100,84,1389,0,12
101,85,1389,0,11
102,85,1389,0,12
103,86,1390,0,13
104,86,1389,0,15
105,86,1389,0,14
106,86,1390,0,14
107,84,1389,0,17
108,82,1388,0,17
109,81,1387,0,20
110,80,1386,0,21
111,80,1386,0,27
112,82,1386,0,24
113,81,1387,0,25
114,79,1385,0,23
115,80,1385,0,18
116,82,1386,0,16
117,85,1384,0,13
118,84,1383,0,8
119,85,1383,0,6
120,87,1383,0,2
121,91,1383,0,352
122,95,1383,0,340
123,96,1376,0,335
124,97,1373,0,330
125,99,1370,0,337
126,99,1368,0,345
127,99,1367,0,349
128,97,1364,0,352
129,97,1363,0,354
130,96,1363,0,354
131,94,1363,0,357
132,95,1363,0,355
133,95,1363,0,356
134,93,1363,0,355
135,93,1363,0,355
136,93,1363,0,355
137,93,1364,0,354
138,93,1364,0,351
139,94,1364,0,353
140,96,1365,0,351
141,95,1364,0,354
142,99,1364,0,357
143,102,1366,0,354
144,101,1367,0,354
145,100,1367,0,346
146,101,1368,0,331
147,102,1368,0,321
148,101,1367,0,311
149,102,1366,0,314
150,100,1367,0,313
151,98,1366,0,305
152,99,1369,0,303
153,99,1369,0,300
154,98,1370,0,294
155,97,1369,0,293
156,96,1365,0,291
157,94,1363,0,286
158,95,1364,0,273
159,98,1359,0,270
160,99,1356,0,268
161,99,1356,0,269
162,99,1355,0,270
163,99,1355,0,272
164,100,1355,0,272
165,100,1356,0,272
166,100,1355,0,272
167,100,1355,0,272
168,99,1353,0,268
169,98,1353,0,269
170,98,1352,0,268
171,98,1349,0,266
172,98,1348,0,266
173,98,1346,0,264
174,98,1346,0,260
175,98,1342,0,253
176,100,1342,0,251
177,99,1343,0,250
178,98,1343,0,249
179,98,1344,0,246
180,99,1344,0,247
181,98,1346,0,250
182,97,1347,0,246
183,97,1346,0,245
184,98,1345,0,243
185,98,1344,0,242
186,98,1344,0,242
187,98,1344,0,241
188,99,1344,0,241
189,99,1344,0,245
190,99,1344,0,245
191,99,1344,0,248
192,98,1345,0,250
193,98,1345,0,250
194,98,1345,0,253
195,99,1343,0,253
196,99,1343,0,255
197,100,1342,0,257
198,100,1341,0,260
199,99,1336,0,259
200,100,1335,0,262
201,100,1336,0,261
202,100,1336,0,258
203,100,1337,0,254
204,100,1338,0,252
205,100,1338,0,248
206,100,1338,0,247
207,100,1338,0,245
208,100,1337,0,246
209,100,1336,0,252
210,100,1334,0,251
211,100,1333,0,250
212,98,1333,0,252
213,98,1333,0,252
214,99,1332,0,254
215,97,1333,0,253
216,96,1333,0,250
217,97,1333,0,251
218,97,1333,0,250
219,97,1333,0,250
220,96,1333,0,251
221,97,1333,0,253
222,96,1333,0,253
223,97,1333,0,252
224,97,1333,0,253
225,96,1333,0,253
226,96,1333,0,253
227,96,1332,0,253
228,96,1332,0,252
229,96,1332,0,252
230,96,1332,0,251
231,96,1332,0,250
232,96,1332,0,249
233,97,1332,0,252
234,96,1333,0,252
235,96,1334,0,251
236,96,1333,0,248
237,98,1333,0,245
238,98,1335,0,243
239,99,1337,0,244
240,98,1337,0,248
241,97,1335,0,246
242,98,1335,0,245
243,98,1334,0,245
244,97,1333,0,244
245,96,1335,0,248
246,94,1335,0,249
247,93,1336,0,250
248,93,1337,0,249
249,91,1335,0,239
250,92,1335,0,238
251,92,1334,0,237
252,92,1333,0,234
253,91,1332,0,232
254,91,1333,0,240
255,94,1330,0,249
256,94,1327,0,252
257,94,1324,0,254
258,93,1321,0,248
259,93,1319,0,241
260,94,1318,0,242
261,94,1318,0,242
262,95,1317,0,243
263,96,1317,0,246
264,97,1315,0,245
265,98,1313,0,240
266,99,1310,0,243
267,100,1309,0,241
268,101,1309,0,240
269,102,1308,0,236
270,100,1307,0,230
271,99,1308,0,224
272,99,1310,0,222
273,99,1309,0,213
274,99,1309,0,206
275,100,1309,0,202
276,98,1312,0,212
277,96,1314,0,234
278,97,1312,0,247
279,96,1311,0,245
280,92,1312,0,240
281,90,1314,0,246
282,89,1316,0,256
283,88,1315,0,257
284,88,1315,0,258
285,88,1314,0,257
286,88,1314,0,255
287,89,1314,0,252
288,89,1313,0,247
289,90,1312,0,246
290,89,1312,0,240
291,86,1310,0,236
292,86,1311,0,237
293,85,1314,0,247
294,84,1314,0,259
295,82,1312,0,262
296,79,1311,0,263
297,78,1310,0,272
298,78,1308,0,274
299,77,1308,0,277
300,76,1308,0,282
301,77,1308,0,283
302,77,1308,0,286
303,80,1306,0,292
304,80,1305,0,296
305,79,1304,0,293
306,79,1303,0,291
307,78,1302,0,294
308,76,1301,0,295
309,76,1299,0,295
310,75,1298,0,293
311,76,1297,0,291
312,77,1294,0,293
313,78,1297,0,294
314,79,1298,0,298
315,78,1298,0,299
316,75,1296,0,295
317,74,1296,0,295
318,73,1294,0,296
319,73,1293,0,297
320,73,1292,0,297
321,72,1292,0,297
322,71,1292,0,297
323,70,1292,0,298
324,71,1292,0,301
325,70,1292,0,301
326,69,1292,0,299
327,70,1293,0,299
328,69,1292,0,296
329,70,1291,0,298
330,71,1293,0,297
331,74,1293,0,299
332,74,1294,0,298
333,74,1293,0,300
334,73,1292,0,298
335,74,1291,0,297
336,74,1291,0,298
337,73,1290,0,297
338,73,1290,0,297
339,73,1291,0,294
340,74,1291,0,293
341,74,1293,0,291
342,75,1293,0,297
343,75,1291,0,298
344,76,1290,0,299
345,78,1290,0,296
346,80,1290,0,300
347,83,1294,0,299
348,85,1298,0,304
349,88,1303,0,304
350,87,1308,0,307
351,86,1309,0,313
352,86,1306,0,306
353,84,1306,0,315
354,81,1304,0,314
355,79,1303,0,315
356,77,1303,0,318
357,75,1304,0,322
358,75,1304,0,321
359,74,1304,0,319
360,73,1304,0,319
361,72,1304,0,325
362,68,1304,0,336
363,66,1305,0,336
364,65,1306,0,334
365,65,1306,0,333
366,65,1305,0,333
367,66,1305,0,333
368,66,1303,0,326
369,64,1301,0,319
370,63,1299,0,321
371,60,1297,0,328
372,58,1295,0,327
373,60,1296,0,324
374,68,1296,0,321
375,69,1295,0,323
376,70,1293,0,311
377,73,1290,0,308
378,71,1285,0,309
379,70,1283,0,307
380,68,1282,0,307
381,69,1281,0,308
382,64,1281,0,300
383,63,1282,0,302
384,62,1278,0,307
385,64,1279,0,307
386,65,1278,0,307
387,63,1281,0,300
388,59,1280,0,292
389,59,1278,0,283
390,58,1276,0,283
391,60,1276,0,282
392,60,1276,0,279
393,61,1277,0,280
394,62,1272,0,270
395,64,1267,0,268
396,62,1267,0,265
397,60,1266,0,260
398,58,1266,0,258
399,56,1266,0,260
400,55,1264,0,262
401,56,1265,0,266
402,58,1265,0,265
403,60,1269,0,275
404,59,1269,0,278
405,59,1269,0,279
406,58,1268,0,281
407,56,1267,0,278
408,57,1268,0,281
409,58,1268,0,282
410,57,1268,0,284
411,57,1268,0,284
412,56,1267,0,281
413,55,1265,0,281
414,54,1261,0,280
415,54,1260,0,278
416,52,1259,0,274
417,51,1258,0,273
418,52,1255,0,266
419,54,1255,0,254
420,53,1253,0,246
421,54,1254,0,243
422,55,1253,0,242
423,53,1253,0,255
424,54,1253,0,255
425,56,1254,0,254
426,57,1257,0,251
427,57,1257,0,246
428,58,1258,0,250
429,59,1254,0,247
430,59,1255,0,243
431,58,1253,0,242
432,56,1250,0,245
433,56,1251,0,249
434,57,1255,0,246
435,57,1257,0,245
436,56,1256,0,240
437,57,1254,0,241
438,58,1252,0,238
439,59,1252,0,239
440,59,1252,0,239
441,59,1252,0,241
442,59,1254,0,240
443,60,1254,0,239
444,60,1253,0,237
445,60,1250,0,234
446,62,1248,0,231
447,63,1246,0,227
448,64,1242,0,223
449,66,1243,0,222
450,68,1243,0,222
451,70,1243,0,224
452,69,1243,0,224
453,68,1243,0,225
454,67,1244,0,221
455,66,1243,0,223
456,66,1242,0,226
457,66,1243,0,227
458,67,1243,0,225
459,65,1245,0,228
460,64,1247,0,235
461,64,1247,0,231
462,61,1249,0,233
463,60,1251,0,237
464,60,1251,0,243
465,60,1251,0,242
466,62,1251,0,242
467,61,1253,0,240
468,61,1253,0,239
469,59,1253,0,242
470,62,1251,0,243
471,59,1254,0,240
472,59,1253,0,229
473,59,1253,0,225
474,59,1253,0,223
475,57,1254,0,217
476,55,1255,0,216
477,55,1255,0,212
478,54,1256,0,209
479,57,1256,0,212
480,58,1256,0,224
481,60,1256,0,231
482,59,1256,0,255
483,62,1251,0,254
484,63,1245,0,246
485,64,1242,0,246
486,66,1241,0,245
487,66,1239,0,252
488,67,1238,0,257
489,65,1237,0,256
490,65,1236,0,260
491,63,1237,0,263
492,69,1234,0,282
493,68,1234,0,288
494,66,1231,0,289
495,66,1227,0,291
496,67,1228,0,293
497,65,1223,0,292
498,64,1222,0,293
499,64,1221,0,296
500,64,1221,0,297
501,64,1218,0,290
502,65,1211,0,282
503,66,1217,0,290
504,65,1215,0,293
505,63,1210,0,299
506,63,1206,0,300
507,68,1204,0,299
508,60,1204,0,294
509,58,1202,0,293
510,57,1200,0,287
511,56,1197,0,285
512,58,1195,0,291
513,56,1194,0,292
514,50,1191,0,298
515,50,1187,0,298
537,50,1123,0,282
538,52,1121,0,278
539,50,1122,0,277
555,74,1079,0,101
590,51,1049,0,235
599,50,956,0,232
600,50,957,0,230
606,53,942,0,234
607,59,940,0,227
608,60,940,0,219
609,63,936,0,202
610,68,935,0,195
611,72,935,0,199
612,73,930,0,187
613,73,926,0,186
614,74,919,0,195
615,76,916,0,186
616,77,912,0,202
617,80,908,0,201
618,87,904,0,212
619,88,898,0,213
620,88,893,0,222
621,92,888,0,212
622,95,883,0,209
623,95,878,0,213
624,94,875,0,212
625,92,873,0,227
626,94,868,0,234
627,92,867,0,237
628,93,864,0,246
629,92,863,0,252
630,92,861,0,254
631,93,861,0,258
632,92,860,0,261
633,91,858,0,260
634,92,855,0,264
635,92,852,0,264
636,92,850,0,266
637,90,848,0,265
638,90,845,0,267
639,91,843,0,264
640,91,842,0,264
641,91,839,0,273
642,90,838,0,274
643,91,835,0,272
644,91,830,0,271
645,91,826,0,271
646,90,829,0,271
647,88,828,0,275
648,88,829,0,282
649,86,828,0,285
650,85,830,0,289
651,83,829,0,288
652,80,828,0,288
653,77,828,0,293
654,75,829,0,292
655,74,825,0,297
656,74,819,0,299
657,73,819,0,297
658,73,820,0,298
659,72,824,0,298
660,72,824,0,293
661,70,826,0,291
662,73,826,0,299
663,72,827,0,300
664,71,827,0,298
665,69,827,0,302
666,66,823,0,300
667,65,821,0,297
668,65,819,0,296
669,66,821,0,287
670,66,825,0,285
671,65,824,0,279
672,65,821,0,277
673,67,819,0,278
674,67,817,0,275
675,66,817,0,273
676,67,816,0,272
677,68,816,0,274
678,66,815,0,272
679,66,816,0,273
680,67,817,0,279
681,66,817,0,273
682,67,817,0,271
683,66,819,0,275
684,66,820,0,277
685,65,819,0,276
686,64,817,0,279
687,65,818,0,276
688,63,817,0,280
689,63,817,0,286
690,63,816,0,283
691,62,815,0,284
692,62,815,0,283
693,63,814,0,281
694,63,814,0,279
695,63,813,0,275
696,63,813,0,277
697,64,813,0,276
698,63,812,0,274
699,64,812,0,272
700,65,812,0,270
701,64,814,0,281
702,64,814,0,276
703,64,813,0,274
704,65,814,0,270
705,65,813,0,270
706,65,814,0,270
707,65,812,0,270
708,64,811,0,268
709,64,812,0,270
710,64,814,0,275
711,64,816,0,278
712,64,816,0,278
713,65,816,0,279
714,65,815,0,274
715,65,814,0,273
716,65,814,0,274
717,65,815,0,275
718,65,813,0,273
719,65,814,0,273
720,64,813,0,272
721,64,813,0,269
722,65,812,0,268
723,65,813,0,270
724,65,813,0,271
725,65,813,0,272
726,65,813,0,273
727,65,814,0,273
728,65,814,0,273
729,65,814,0,273
730,65,814,0,273
731,65,814,0,272
732,65,814,0,271
733,65,814,0,271
734,65,815,0,271
735,65,814,0,270
736,65,813,0,272
737,65,814,0,271
738,65,815,0,270
739,65,814,0,272
740,65,814,0,272
741,65,815,0,270
742,65,814,0,270
743,65,814,0,270
744,65,814,0,271
745,65,814,0,272
746,65,815,0,271
747,65,814,0,271
748,65,815,0,271
749,65,814,0,272
750,65,814,0,272
751,65,814,0,272
752,65,816,0,271
753,65,816,0,273
754,65,817,0,274
755,65,817,0,277
756,65,817,0,278
757,65,815,0,276
758,65,815,0,274
759,65,815,0,274
760,65,815,0,274
761,65,815,0,274
762,65,815,0,273
763,65,816,0,274
764,65,816,0,275
765,65,816,0,273
766,65,816,0,276
767,65,816,0,275
768,65,815,0,276
769,65,814,0,282
770,65,813,0,282
771,65,813,0,281
772,65,812,0,277
773,65,811,0,275
774,65,812,0,277
775,65,814,0,281
776,65,815,0,291
777,65,814,0,287
778,65,814,0,286
779,65,815,0,281
780,65,815,0,283
781,65,815,0,279
782,65,815,0,278
783,65,815,0,280
784,65,814,0,279
785,65,814,0,279
786,65,814,0,279
787,65,812,0,276
788,65,811,0,274
789,65,812,0,274
790,65,811,0,272
791,65,810,0,271
792,65,811,0,276
793,65,814,0,278
794,65,814,0,280
795,65,814,0,283
796,65,814,0,279
797,65,813,0,280
798,65,813,0,278
799,65,813,0,277
800,65,812,0,275
801,65,811,0,273
802,65,811,0,272
803,65,813,0,275
804,65,812,0,273
805,65,814,0,280
806,65,814,0,276
807,65,814,0,277
808,65,811,0,273
809,65,809,0,271
810,65,809,0,269
811,65,809,0,268
812,65,809,0,268
813,65,809,0,268
814,65,808,0,269
815,65,808,0,268
816,65,809,0,269
817,65,809,0,269
818,65,810,0,271
819,65,812,0,275
820,65,812,0,276
821,65,813,0,278
822,65,812,0,277
823,65,811,0,275
824,65,811,0,273
825,65,810,0,272
826,65,811,0,274
827,65,811,0,276
828,65,810,0,276
829,65,810,0,275
830,65,809,0,273
831,65,809,0,270
832,65,809,0,273
833,65,809,0,269
834,65,810,0,272
835,65,810,0,269
836,65,810,0,270
837,65,811,0,272
838,65,811,0,273
839,65,811,0,272
840,65,811,0,273
841,65,812,0,272
842,65,810,0,270
843,65,810,0,270
844,65,810,0,271
845,66,810,0,272
846,65,810,0,273
847,66,811,0,271
848,66,811,0,272
849,65,811,0,272
850,65,811,0,272
851,65,812,0,272
852,65,812,0,272
853,65,812,0,271
854,65,812,0,270
855,65,811,0,270
856,65,811,0,270
857,65,811,0,270
858,65,812,0,271
859,65,813,0,274
860,65,813,0,274
861,65,814,0,273
862,65,814,0,276
863,65,813,0,276
864,65,813,0,279
865,65,813,0,278
866,65,813,0,278
867,65,813,0,276
868,65,812,0,274
869,65,813,0,277
870,65,812,0,277
871,65,814,0,274
872,65,813,0,273
873,65,813,0,271
874,65,813,0,271
875,65,814,0,273
876,65,813,0,271
877,65,814,0,270
878,66,814,0,272
879,65,813,0,270
880,65,814,0,272
881,65,813,0,271
882,66,813,0,271
883,65,814,0,274
884,65,813,0,274
885,65,814,0,275
886,66,814,0,272
887,65,813,0,271
888,66,813,0,270
889,65,813,0,269
890,66,813,0,268
891,66,812,0,268
892,66,811,0,267
893,66,811,0,267
894,66,811,0,265
895,66,811,0,266
896,66,812,0,266
897,66,812,0,266
898,66,812,0,266
899,66,812,0,265
900,66,812,0,265
901,66,812,0,266
902,66,811,0,266
903,66,812,0,266
904,66,811,0,266
905,66,811,0,265
906,66,811,0,264
907,67,810,0,264
908,67,809,0,262
909,67,809,0,259
910,67,809,0,258
911,67,809,0,261
912,67,808,0,260
913,67,809,0,262
914,67,810,0,263
915,67,811,0,265
916,67,811,0,264
917,67,811,0,264
918,67,812,0,263
919,67,812,0,263
920,67,812,0,263
921,67,812,0,263
922,67,812,0,263
923,66,811,0,264
924,67,810,0,263
925,67,809,0,262
926,67,810,0,261
927,67,810,0,261
928,68,811,0,262
929,67,811,0,261
930,67,810,0,260
931,67,810,0,260
932,67,809,0,259
933,67,809,0,260
934,67,809,0,259
935,67,810,0,261
936,67,809,0,261
937,68,809,0,259
938,68,809,0,259
939,67,809,0,256
940,68,809,0,259
941,67,809,0,256
942,67,809,0,258
943,67,809,0,262
944,66,810,0,263
945,67,809,0,262
946,67,809,0,261
947,67,809,0,260
948,67,809,0,260
949,67,809,0,261
950,67,809,0,258
951,67,809,0,262
952,67,810,0,264
953,67,809,0,259
954,67,809,0,261
955,67,810,0,263
956,66,811,0,274
957,66,811,0,272
958,66,811,0,274
959,66,811,0,281
960,66,810,0,270
961,67,811,0,265
962,67,810,0,256
963,67,810,0,252
964,67,810,0,262
965,67,810,0,248
966,67,810,0,251
967,67,809,0,255
968,67,809,0,247
969,67,810,0,254
970,67,810,0,260
971,67,809,0,243
972,67,811,0,262
973,68,809,0,265
974,68,809,0,262
975,68,808,0,262
976,67,809,0,262
977,67,809,0,262
978,66,809,0,259
979,66,810,0,259
980,66,810,0,261
981,67,810,0,256
982,67,809,0,258
983,67,808,0,258
984,67,808,0,258
985,68,808,0,257
986,68,808,0,256
987,68,808,0,258
988,68,808,0,259
989,68,808,0,259
990,68,808,0,258
991,68,809,0,258
992,68,808,0,258
993,68,809,0,258
994,68,809,0,260
995,68,809,0,260
996,68,809,0,260
997,68,810,0,263
998,68,810,0,264
999,68,809,0,263
1000,68,810,0,266
1001,69,810,0,267
1002,69,810,0,270
1003,69,810,0,269
1004,69,810,0,267
1005,69,809,0,265
1006,69,809,0,263
1007,69,809,0,264
1008,69,809,0,263
1009,69,809,0,263
1010,69,809,0,263
1011,69,809,0,263
1012,69,809,0,263
1013,69,809,0,263
1014,69,808,0,263
1015,69,808,0,263
1016,69,808,0,261
1017,69,809,0,264
1018,69,808,0,261
1019,69,808,0,260
1020,70,807,0,261
1021,70,807,0,261
1022,70,807,0,261
1023,70,807,0,261
1024,71,807,0,260
1025,71,806,0,259
1026,70,806,0,260
1027,70,806,0,259
1028,71,807,0,259
1029,70,809,0,260
1030,70,809,0,260
1031,70,809,0,261
1032,70,809,0,262
1033,70,809,0,261
1034,70,809,0,262
1035,70,809,0,262
1036,70,809,0,264
1037,70,808,0,263
1038,69,808,0,262
1039,69,808,0,262
1040,69,809,0,261
1041,69,809,0,261
1042,69,809,0,265
1043,69,809,0,261
1044,70,808,0,259
1045,69,808,0,259
1046,69,808,0,260
1047,70,807,0,259
1048,70,808,0,261
1049,70,808,0,262
1050,70,807,0,263
1051,70,808,0,262
1052,70,807,0,261
1053,70,808,0,262
1054,70,808,0,260
1055,70,808,0,259
1056,69,808,0,261
1057,69,808,0,261
1058,69,808,0,262
1059,69,808,0,261
1060,70,808,0,263
1061,70,808,0,262
1062,70,808,0,263
1063,70,808,0,262
1064,70,808,0,261
1065,70,807,0,259
1066,70,808,0,261
1067,69,808,0,260
1068,70,807,0,260
1069,70,807,0,259
1070,70,808,0,261
1071,70,808,0,260
1072,70,807,0,259
1073,70,806,0,258
1074,70,806,0,258
1075,70,806,0,258
1076,70,806,0,258
1077,70,806,0,258
1078,70,806,0,259
1079,71,806,0,260
1080,71,805,0,261
1081,71,806,0,263
1082,71,806,0,261
1083,71,807,0,263
1084,70,809,0,264
1085,69,809,0,263
1086,69,809,0,263
1087,69,809,0,264
1088,69,809,0,264
1089,69,809,0,265
1090,69,809,0,267
1091,69,808,0,262
1092,69,808,0,260
1093,69,808,0,261
1094,69,809,0,263
1095,68,808,0,261
1096,68,808,0,264
1097,68,809,0,263
1098,67,809,0,262
1099,67,809,0,262
1100,67,809,0,263
1101,67,809,0,263
1102,66,809,0,262
1103,66,809,0,262
1104,66,809,0,261
1105,67,808,0,261
1106,67,808,0,262
1107,67,808,0,262
1108,67,808,0,264
1109,67,808,0,264
1110,67,808,0,262
1111,66,808,0,263
1112,66,808,0,264
1113,66,809,0,264
1114,66,809,0,264
1115,67,809,0,264
1116,67,809,0,262
1117,68,809,0,265
1118,68,809,0,264
1119,68,809,0,264
1120,68,809,0,264
1121,68,809,0,262
1122,68,810,0,264
1123,68,810,0,267
1124,68,811,0,269
1125,68,810,0,269
1126,68,809,0,264
1127,68,809,0,260
1128,67,808,0,262
1129,68,808,0,262
1130,67,808,0,261
1131,68,807,0,260
1132,68,807,0,261
1133,68,807,0,260
1134,68,807,0,260
1135,68,807,0,258
1136,68,807,0,258
1137,68,807,0,260
1138,68,808,0,261
1139,69,808,0,261
1140,68,807,0,260
1141,69,807,0,260
1142,68,808,0,261
1143,68,809,0,260
1144,68,809,0,259
1145,68,809,0,260
1146,68,809,0,260
1147,68,809,0,261
1148,68,808,0,261
1149,68,809,0,265
1150,68,808,0,265
1151,68,809,0,265
1152,68,809,0,265
1153,68,808,0,264
1154,68,809,0,263
1155,67,808,0,264
1156,67,808,0,261
1157,67,808,0,259
1158,67,809,0,257
1159,66,811,0,261
1160,65,810,0,263
1161,66,810,0,262
1162,66,811,0,263
1163,66,812,0,263
1164,66,811,0,263
1165,66,811,0,262
1166,66,811,0,263
1167,67,811,0,263
1168,67,811,0,263
1169,67,811,0,263
1170,67,811,0,263
1171,67,811,0,262
1172,67,810,0,262
1173,67,810,0,263
1174,67,810,0,263
1175,67,810,0,263
1176,67,810,0,263
1177,67,810,0,263
1178,67,809,0,263
1179,67,810,0,264
1180,66,809,0,265
1181,66,809,0,263
1182,67,809,0,264
1183,67,809,0,264
1184,66,809,0,264
1185,66,807,0,262
1186,66,807,0,262
1187,67,808,0,267
1188,66,808,0,265
1189,66,810,0,269
1190,66,810,0,271
1191,65,810,0,273
1192,66,809,0,273
1193,66,810,0,274
1194,66,810,0,274
1195,66,810,0,273
1196,66,810,0,271
1197,66,810,0,271
1198,66,810,0,269
1199,66,809,0,265
1200,66,809,0,262
1201,66,809,0,263
1202,66,809,0,262
1203,66,809,0,263
1204,66,808,0,263
1205,66,808,0,263
1206,66,808,0,263
1207,66,808,0,262
1208,66,807,0,263
1209,66,807,0,263
1210,66,807,0,262
1211,66,808,0,262
1212,67,807,0,262
1213,67,807,0,263
1214,66,807,0,265
1215,67,808,0,265
1216,67,808,0,266
1217,67,809,0,264
1218,67,805,0,248
1219,68,813,0,267
1220,68,812,0,265
1221,68,812,0,267
1222,66,814,0,268
1223,66,817,0,275
1224,65,816,0,268
1225,67,815,0,260
1226,67,815,0,256
1227,70,811,0,245
1228,68,812,0,244
1229,69,810,0,234
1230,69,809,0,216
1231,69,812,0,215
1232,70,813,0,213
1233,70,813,0,221
1234,71,813,0,220
1235,70,812,0,219
1236,71,812,0,218
1237,72,812,0,213
1238,73,812,0,212
1239,75,814,0,212
1240,75,815,0,210
1241,76,816,0,209
1242,76,816,0,207
1243,76,816,0,207
1244,76,816,0,206
1245,76,816,0,206
1246,76,816,0,208
1247,76,817,0,208
1248,75,817,0,208
1249,74,817,0,209
1250,75,816,0,210
1251,75,816,0,210
1252,75,816,0,211
1253,74,816,0,220
1254,71,818,0,231
1255,69,818,0,240
1256,69,819,0,254
1257,67,817,0,259
1258,65,823,0,270
1259,65,823,0,273
1260,66,819,0,271
1261,66,819,0,275
1262,66,814,0,278
1263,65,813,0,277
1264,65,814,0,276
1265,65,811,0,274
1266,67,812,0,270
1267,67,810,0,266
1268,68,806,0,256
1269,70,804,0,257
1270,71,803,0,260
1271,71,804,0,258
1272,72,805,0,256
1273,73,805,0,256
1274,73,805,0,257
1275,72,805,0,258
1276,72,805,0,257
1277,73,805,0,257
1278,72,807,0,261
1279,72,808,0,267
1280,72,810,0,271
1281,71,810,0,266
1282,70,806,0,260
1283,72,805,0,256
1284,72,805,0,250
1285,75,803,0,248
1286,78,800,0,245
1287,78,798,0,244
1288,77,798,0,247
1289,76,799,0,246
1290,76,799,0,246
1291,76,798,0,245
1292,75,797,0,247
1293,75,797,0,248
1294,75,796,0,252
1295,74,795,0,254
1296,74,796,0,252
1297,74,796,0,244
1298,73,797,0,246
1299,73,797,0,252
1300,72,800,0,261
1301,72,801,0,263
1302,71,802,0,267
1303,71,802,0,269
1304,71,803,0,272
1305,71,803,0,274
1306,69,802,0,273
1307,68,802,0,280
1308,67,801,0,277
1309,65,801,0,269
1310,65,802,0,270
1311,63,803,0,265
1312,62,798,0,257
1313,61,798,0,251
1314,63,795,0,249
1315,65,796,0,248
1316,66,793,0,243
1317,65,792,0,238
1318,65,792,0,238
1319,67,793,0,235
1320,67,794,0,232
1321,61,800,0,244
1322,63,797,0,231
1323,60,800,0,230
1324,56,801,0,224
1325,58,800,0,215
1326,61,796,0,209
1327,66,793,0,204
1328,67,792,0,203
1329,69,791,0,195
1330,71,792,0,198
1331,71,791,0,194
1332,72,792,0,182
1333,69,792,0,179
1334,68,794,0,180
1335,68,795,0,167
1336,68,796,0,161
1337,68,796,0,154
1338,70,797,0,153
1339,75,798,0,172
1340,75,797,0,162
1341,74,798,0,175
1342,75,798,0,178
1343,74,799,0,184
1344,74,799,0,191
1345,75,799,0,201
1346,77,799,0,197
1347,79,800,0,192
1348,78,801,0,202
1349,81,800,0,200
1350,81,799,0,201
1351,81,798,0,198
1352,81,798,0,198
1353,82,798,0,197
1354,83,798,0,201
1355,84,798,0,204
1356,83,797,0,198
1357,82,797,0,195
1358,83,798,0,196
1359,83,798,0,195
1360,86,798,0,188
1361,88,799,0,191
1362,88,799,0,193
1363,88,800,0,194
1364,87,800,0,193
1365,87,799,0,191
1366,88,799,0,193
1367,89,799,0,191
1368,88,800,0,188
1369,87,801,0,182
1370,86,802,0,180
1371,84,803,0,178
1372,84,804,0,178
1373,84,804,0,175
1374,84,804,0,169
1375,83,806,0,168
1376,87,812,0,157
1377,88,813,0,149
1378,88,817,0,143
1379,91,820,0,152
1380,94,821,0,157
1381,96,821,0,164
1382,96,821,0,166
1383,94,820,0,170
1384,95,819,0,172
1385,95,819,0,175
1386,97,818,0,172
1387,97,817,0,170
1388,96,817,0,171
1389,96,816,0,173
1390,95,816,0,174
1391,95,816,0,167
1392,95,817,0,168
1393,96,817,0,167
1394,97,818,0,166
1395,97,818,0,167
1396,97,818,0,166
1397,97,818,0,169
1398,97,818,0,170
1399,97,819,0,171
1400,97,819,0,170
1401,97,818,0,169
1402,97,819,0,170
1403,97,819,0,171
1404,96,819,0,171
1405,96,818,0,167
1406,96,818,0,168
1407,97,819,0,166
1408,97,818,0,167
1409,96,818,0,167
1410,96,818,0,166
1411,96,818,0,167
1412,96,819,0,166
1413,96,819,0,165
1414,96,819,0,166
1415,96,819,0,169
1416,95,818,0,169
1417,93,818,0,169
1418,86,817,0,173
1419,87,816,0,173
1420,85,819,0,158
1421,84,820,0,159
1422,84,821,0,164
1423,83,823,0,164
1424,82,822,0,161
1425,81,821,0,161
1426,82,821,0,169
1427,80,819,0,173
1428,83,819,0,172
1429,86,818,0,174
1430,88,817,0,179
1431,90,819,0,179
1432,93,820,0,180
1433,93,821,0,181
1434,92,821,0,182
1435,91,822,0,187
1436,85,820,0,196
1437,83,819,0,212
1438,82,817,0,215
1439,81,818,0,216
1440,80,816,0,215
1441,81,817,0,214
1442,81,818,0,214
1443,82,818,0,209
1444,86,815,0,194
1445,89,816,0,183
1446,91,818,0,174
1447,95,819,0,176
1448,97,821,0,176
1449,97,821,0,178
1450,98,821,0,175
1451,98,821,0,172
1452,97,822,0,167
1453,98,820,0,160
1454,101,821,0,155
1455,101,821,0,155
1456,102,823,0,158
1457,103,823,0,158
1458,104,824,0,154
1459,104,824,0,154
1460,103,823,0,156
1461,101,822,0,152
1462,101,822,0,140
1463,100,821,0,132
1464,100,823,0,127
1465,100,826,0,124
1466,99,827,0,124
1467,98,826,0,112
1468,97,826,0,107
1469,97,830,0,112
1470,98,832,0,105
1471,100,833,0,95
1472,99,834,0,87
1473,100,836,0,89
1474,102,839,0,86
1475,105,841,0,76
1476,111,842,0,64
1477,111,844,0,63
1478,110,844,0,65
1479,112,841,0,58
1480,114,842,0,51
1481,112,845,0,41
1482,109,846,0,31
1483,111,843,0,18
1484,109,842,0,11
1485,108,841,0,7
1486,107,840,0,1
1487,108,842,0,354
1488,110,840,0,347
1489,109,837,0,341
1490,110,835,0,341
1491,110,834,0,341
1492,109,834,0,344
1493,109,834,0,347
1494,108,834,0,351
1495,108,835,0,351
1496,109,836,0,351
1497,110,835,0,350
1498,110,834,0,351
1499,112,833,0,351
1500,107,830,0,347
1501,108,830,0,338
1502,107,831,0,331
1503,107,833,0,328
1504,107,828,0,331
1505,108,826,0,319
1506,111,823,0,331
1507,112,823,0,326
1508,112,825,0,317
1509,111,826,0,321
1510,111,826,0,317
1511,112,825,0,308
1512,112,826,0,305
1513,112,826,0,303
1514,112,824,0,303
1515,112,824,0,298
1516,112,824,0,300
1517,111,824,0,300
1518,112,825,0,300
1519,112,826,0,284
1520,113,826,0,300
1521,112,826,0,295
1522,111,826,0,304
1523,106,821,0,302
1524,104,821,0,293
1525,104,820,0,295
1526,104,819,0,295
1527,102,820,0,287
1528,101,819,0,289
1529,100,819,0,291
1530,101,819,0,288
1531,100,819,0,288
1532,98,817,0,284
1533,97,816,0,287
1534,97,815,0,285
1535,96,814,0,282
1536,96,809,0,284
1537,95,808,0,281
1538,96,808,0,278
1539,95,808,0,276
1540,96,807,0,276
1541,96,806,0,275
1542,95,805,0,274
1543,93,805,0,271
1544,95,806,0,277
1545,97,803,0,282
1546,96,802,0,282
1547,95,802,0,284
1548,93,802,0,280
1549,93,801,0,275
1550,92,801,0,271
1551,92,800,0,264
1552,92,801,0,264
1553,93,801,0,260
1554,93,798,0,250
1555,93,797,0,244
1556,93,797,0,228
1557,96,799,0,217
1558,97,800,0,218
1559,99,801,0,224
1560,100,803,0,225
1561,99,804,0,226
1562,100,806,0,242
1563,100,806,0,251
1564,100,806,0,264
1565,100,808,0,271
1566,98,808,0,274
1567,95,806,0,277
1568,95,803,0,273
1569,95,803,0,273
1570,95,802,0,274
1571,96,803,0,275
1572,95,803,0,276
1573,95,802,0,275
1574,95,799,0,275
1575,95,798,0,272
1576,95,797,0,271
1577,95,796,0,271
1578,95,795,0,271
1579,95,796,0,271
1580,95,796,0,271
1581,95,796,0,271
1582,95,796,0,272
1583,95,796,0,272
1584,95,796,0,272
1585,95,796,0,272
1586,95,796,0,271
1587,95,796,0,270
1588,95,794,0,270
1589,95,793,0,269
1590,95,793,0,268
1591,96,796,0,269
1592,96,799,0,272
1593,98,801,0,279
1594,96,801,0,283
1595,94,799,0,286
1596,93,798,0,295
1597,93,798,0,300
1598,91,795,0,312
1599,90,793,0,320
1600,90,792,0,319
1601,88,791,0,318
1602,88,792,0,327
1603,85,792,0,336
1604,82,791,0,336
1605,80,791,0,335
1606,79,791,0,332
1607,78,791,0,333
1608,78,792,0,333
1609,78,792,0,330
1610,78,792,0,334
1611,78,793,0,342
1612,78,795,0,354
1613,76,794,0,5
1614,80,795,0,14
1615,82,801,0,16
1616,83,803,0,18
1617,85,805,0,19
1618,85,805,0,27
1619,83,804,0,37
1620,81,804,0,40
1621,81,803,0,36
1622,82,803,0,38
1623,83,801,0,42
1624,83,800,0,36
1625,82,801,0,35
1626,77,802,0,42
1627,72,805,0,43
1628,73,805,0,50
1629,72,806,0,49
1630,71,808,0,52
1631,71,808,0,55
1632,68,807,0,51
1633,66,806,0,49
1634,66,807,0,52
1635,66,806,0,54
1636,67,806,0,61
1637,68,806,0,62
1638,68,808,0,67
1639,68,808,0,73
1640,70,807,0,67
1641,68,807,0,68
1642,67,808,0,69
1643,67,809,0,70
1644,67,809,0,66
1645,67,809,0,69
1646,67,810,0,74
1647,68,810,0,81
1648,67,812,0,80
1649,66,812,0,81
1650,67,812,0,93
1651,67,811,0,87
1652,70,811,0,84
1653,69,811,0,83
1654,70,812,0,82
1655,70,813,0,78
1656,71,812,0,80
1657,70,809,0,87
1658,71,810,0,90
1659,71,809,0,88
1660,72,809,0,79
1661,73,808,0,81
1662,70,809,0,78
1663,69,812,0,84
1664,68,813,0,84
1665,66,816,0,88
1666,66,819,0,85
1667,65,820,0,91
1668,66,817,0,84
1669,66,820,0,88
1670,66,818,0,84
1671,68,814,0,92
1672,69,815,0,94
1673,71,815,0,95
1674,72,816,0,97
1675,73,819,0,105
1676,75,822,0,114
1677,78,824,0,133
1678,79,823,0,128
1679,80,824,0,134
1680,84,825,0,139
1681,85,825,0,136
1682,86,826,0,140
1683,87,826,0,139
1684,88,826,0,140
1685,88,826,0,141
1686,88,825,0,139
1687,88,825,0,145
1688,87,824,0,151
1689,86,822,0,159
1690,87,822,0,171
1691,88,820,0,171
1692,88,817,0,166
1693,87,815,0,173
1694,89,813,0,174
1695,92,812,0,172
1696,93,813,0,173
1697,95,815,0,177
1698,96,815,0,176
1699,97,815,0,164
1700,97,815,0,161
1701,97,814,0,166
1702,98,815,0,167
1703,99,814,0,164
1704,99,814,0,164
1705,99,814,0,166
1706,98,815,0,166
1707,98,815,0,166
1708,99,816,0,161
1709,99,816,0,161
1710,100,816,0,163
1711,100,816,0,162
1712,100,816,0,162
1713,99,816,0,161
1714,100,815,0,161
1715,100,816,0,162
1716,100,816,0,160
1717,100,815,0,161
1718,100,815,0,160
1719,100,816,0,160
1720,100,816,0,162
1721,100,816,0,161
1722,100,816,0,162
1723,100,816,0,162
1724,100,816,0,162
1725,100,816,0,162
1726,100,817,0,163
1727,100,817,0,165
1728,100,817,0,165
1729,101,817,0,168
1730,100,817,0,168
1731,101,817,0,166
1732,101,817,0,166
1733,101,817,0,167
1734,101,818,0,167
1735,101,818,0,166
1736,101,818,0,164
1737,101,818,0,166
1738,102,817,0,164
1739,102,817,0,165
1740,101,817,0,166
1741,101,817,0,167
1742,100,817,0,169
1743,101,817,0,169
1744,101,817,0,170
1745,101,817,0,172
1746,101,817,0,173
1747,100,817,0,172
1748,100,817,0,171
1749,101,818,0,169
1750,101,818,0,173
1751,102,818,0,172
1752,103,818,0,171
1753,103,818,0,171
1754,103,818,0,171
1755,103,818,0,171
1756,103,818,0,169
1757,103,818,0,169
1758,103,818,0,168
1759,104,818,0,169
1760,103,818,0,168
1761,102,818,0,170
1762,100,817,0,169
1763,100,818,0,170
1764,99,818,0,171
1765,98,818,0,174
1766,98,818,0,174
1767,98,818,0,177
1768,97,817,0,178
1769,97,816,0,181
1770,97,816,0,180
1771,95,816,0,178
1772,96,816,0,180
1773,96,815,0,179
1774,96,816,0,179
1775,95,816,0,181
1776,95,816,0,180
1777,94,815,0,178
1778,94,815,0,181
1779,94,815,0,181
1780,94,815,0,179
1781,94,815,0,181
1782,95,815,0,180
1783,96,816,0,180
1784,95,815,0,180
1785,95,815,0,180
1786,95,815,0,182
1787,95,815,0,181
1788,96,815,0,182
1789,96,815,0,179
1790,96,814,0,174
1791,97,814,0,174
1792,98,814,0,173
1793,97,814,0,171
1794,98,814,0,171
1795,97,813,0,170
1796,99,813,0,167
1797,99,812,0,165
1798,100,812,0,163
1799,100,812,0,162
1800,101,812,0,161
1801,100,812,0,164
1802,100,812,0,163
1803,100,812,0,164
1804,100,812,0,165
1805,99,813,0,167
1806,100,813,0,168
1807,100,813,0,166
1808,101,813,0,167
1809,100,813,0,164
1810,100,812,0,162
1811,100,810,0,151
1812,100,810,0,152
1813,99,811,0,153
1814,99,811,0,154
1815,100,811,0,152
1816,101,811,0,153
1817,100,810,0,150
1818,100,810,0,157
1819,99,810,0,156
1820,99,810,0,156
1821,99,810,0,154
1822,99,809,0,154
1823,100,809,0,151
1824,102,808,0,146
1825,102,809,0,147
1826,102,809,0,146
1827,102,809,0,145
1828,101,809,0,146
1829,102,809,0,145
1830,102,808,0,146
1831,101,808,0,147
1832,102,808,0,146
1833,101,808,0,150
1834,101,808,0,149
1835,102,808,0,148
1836,102,809,0,149
1837,102,809,0,148
1838,102,809,0,147
1839,102,809,0,149
1840,102,809,0,148
1841,102,809,0,146
1842,101,809,0,147
1843,101,809,0,146
1844,102,810,0,145
1845,101,809,0,147
1846,101,809,0,146
1847,101,810,0,147
1848,101,812,0,155
1849,101,812,0,159
1850,101,812,0,158
1851,101,812,0,159
1852,102,813,0,158
1853,101,813,0,161
1854,101,813,0,163
1855,101,814,0,164
1856,100,814,0,165
1857,101,814,0,163
1858,101,815,0,163
1859,101,814,0,164
1860,101,814,0,166
1861,101,815,0,165
1862,101,815,0,166
1863,101,815,0,166
1864,100,815,0,165
1865,101,815,0,163
1866,102,816,0,164
1867,102,816,0,162
1868,103,816,0,166
1869,103,817,0,166
1870,104,817,0,165
1871,104,817,0,165
1872,101,816,0,167
1873,99,816,0,170
1874,98,816,0,173
1875,100,816,0,173
1876,100,816,0,176
1877,100,816,0,178
1878,100,816,0,178
1879,100,816,0,178
1880,100,816,0,178
1881,100,816,0,178
1882,100,816,0,177
1883,100,816,0,176
1884,100,816,0,178
1885,100,816,0,177
1886,100,816,0,177
1887,100,816,0,178
1888,100,816,0,180
1889,99,816,0,178
1890,100,816,0,179
1891,100,816,0,179
1892,99,816,0,178
1893,100,815,0,178
1894,100,815,0,178
1895,99,815,0,177
1896,99,815,0,175
1897,99,815,0,178
1898,99,816,0,178
1899,99,816,0,177
1900,99,815,0,176
1901,99,815,0,176
1902,99,815,0,177
1903,100,815,0,178
1904,99,815,0,179
1905,98,816,0,179
1906,98,817,0,178
1907,97,817,0,178
1908,98,817,0,179
1909,98,817,0,179
1910,98,816,0,179
1911,98,817,0,180
1912,98,816,0,180
1913,98,816,0,178
1914,99,816,0,181
1915,98,816,0,179
1916,99,816,0,180
1917,99,816,0,179
1918,99,816,0,179
1919,98,816,0,179
1920,98,816,0,180
1921,98,816,0,179
1922,98,816,0,178
1923,98,816,0,176
1924,99,816,0,176
1925,99,816,0,177
1926,99,816,0,177
1927,99,816,0,177
1928,100,816,0,175
1929,100,816,0,174
1930,100,816,0,172
1931,101,816,0,171
1932,101,816,0,170
1933,102,816,0,170
1934,103,816,0,171
1935,102,816,0,171
1936,102,816,0,172
1937,101,816,0,169
1938,99,816,0,172
1939,100,816,0,172
1940,100,816,0,174
1941,100,817,0,174
1942,100,817,0,172
1943,100,817,0,173
1944,100,817,0,172
1945,100,817,0,172
1946,100,817,0,171
1947,100,817,0,172
1948,100,817,0,172
1949,100,817,0,172
1950,100,817,0,172
1951,100,817,0,172
1952,101,816,0,173
1953,101,816,0,173
1954,101,816,0,172
1955,101,816,0,173
1956,101,817,0,171
1957,101,817,0,170
1958,102,817,0,170
1959,102,817,0,168
1960,102,817,0,169
1961,102,816,0,170
1962,101,816,0,171
1963,101,816,0,170
1964,102,816,0,175
1965,102,816,0,173
1966,99,817,0,173
1967,101,817,0,171
1968,100,818,0,179
1969,99,818,0,177
1970,100,818,0,172
1971,99,818,0,171
1972,98,818,0,176
1973,95,818,0,181
1974,96,818,0,187
1975,94,819,0,192
1976,93,819,0,195
1977,92,818,0,196
1978,91,819,0,204
1979,92,816,0,194
1980,92,816,0,187
1981,92,814,0,178
1982,92,814,0,174
1983,93,813,0,171
1984,93,811,0,164
1985,95,808,0,161
1986,98,809,0,157
1987,98,810,0,158
1988,98,809,0,157
1989,98,809,0,155
1990,98,809,0,157
1991,99,810,0,155
1992,99,810,0,153
1993,99,810,0,152
1994,98,810,0,152
1995,98,810,0,154
1996,98,810,0,154
1997,99,810,0,153
1998,99,810,0,153
1999,99,809,0,153
2000,99,809,0,151
2001,101,809,0,149
2002,101,809,0,150
2003,102,809,0,148
2004,101,808,0,148
2005,101,809,0,149
2006,101,809,0,149
2007,100,810,0,150
2008,100,809,0,151
2009,100,809,0,150
2010,101,809,0,150
2011,103,809,0,148
2012,105,807,0,140
2013,106,806,0,132
2014,107,806,0,129
2015,107,806,0,131
2016,107,806,0,128
2017,109,805,0,124
2018,110,805,0,123
2019,110,805,0,123
2020,109,805,0,126
2021,109,806,0,128
2022,109,806,0,126
2023,109,806,0,129
2024,110,807,0,130
2025,109,807,0,134
2026,109,806,0,134
2027,106,807,0,136
2028,106,807,0,135
2029,106,807,0,137
2030,105,807,0,137
2031,105,808,0,136
2032,105,808,0,139
2033,105,808,0,135
2034,106,808,0,136
2035,105,809,0,141
2036,106,809,0,138
2037,106,809,0,141
2038,106,809,0,140
2039,106,809,0,137
2040,106,808,0,138
2041,106,809,0,138
2042,106,808,0,137
2043,107,808,0,137
2044,107,808,0,134
2045,106,807,0,134
2046,108,808,0,131
2047,107,808,0,134
2048,106,807,0,137
2049,106,807,0,139
2050,105,807,0,141
2051,104,808,0,144
2052,105,808,0,142
2053,104,808,0,149
2054,103,809,0,153
2055,103,810,0,157
2056,102,810,0,156
2057,102,810,0,155
2058,102,809,0,153
2059,101,809,0,155
2060,101,810,0,154
2061,101,810,0,155
2062,100,811,0,155
2063,100,811,0,156
2064,101,811,0,152
2065,101,813,0,156
2066,100,813,0,158
2067,100,813,0,158
2068,100,813,0,157
2069,100,813,0,158
2070,100,813,0,160
2071,100,814,0,159
2072,100,814,0,159
2073,100,814,0,160
2074,101,814,0,161
2075,100,814,0,163
2076,100,814,0,163
2077,101,815,0,163
2078,100,815,0,165
2079,101,815,0,163
2080,102,815,0,163
2081,102,815,0,162
2082,102,815,0,158
2083,102,815,0,152
2084,101,813,0,155
2085,100,813,0,157
2086,100,813,0,161
2087,99,813,0,160
2088,100,814,0,164
2089,99,814,0,168
2090,98,815,0,179
2091,99,814,0,174
2092,108,813,0,161
2093,107,815,0,162
2094,107,814,0,158
2095,109,814,0,159
2096,108,814,0,155
2097,108,815,0,153
2098,108,815,0,155
2099,107,814,0,149
2100,104,813,0,142
2101,103,813,0,139
2102,103,813,0,141
2103,103,815,0,141
2104,103,816,0,137
2105,103,818,0,137
2106,103,817,0,137
2107,102,818,0,135
2108,103,819,0,139
2109,102,820,0,151
2110,102,820,0,170
2111,98,820,0,180
2112,96,818,0,191
2113,96,818,0,196
2114,96,817,0,196
2115,95,817,0,198
2116,94,817,0,207
2117,95,817,0,214
2118,100,819,0,222
2119,101,818,0,218
2120,100,818,0,213
2121,99,817,0,217
2122,99,816,0,223
2123,99,816,0,225
2124,98,817,0,226
2125,97,815,0,230
2126,99,817,0,230
2127,98,817,0,229
2128,98,817,0,230
2129,99,814,0,236
2130,100,813,0,236
2131,102,811,0,228
2132,102,810,0,226
2133,104,808,0,224
2134,104,808,0,226
2135,104,808,0,225
2136,105,808,0,226
2137,106,808,0,230
2138,107,808,0,230
2139,107,807,0,230
2140,107,808,0,230
2141,107,808,0,231
2142,107,808,0,232
2143,108,808,0,230
2144,107,808,0,229
2145,107,808,0,230
2146,107,808,0,231
2147,107,809,0,229
2148,107,810,0,228
2149,104,811,0,224
2150,103,812,0,231
2151,102,813,0,237
2152,102,813,0,239
2153,102,814,0,237
2154,102,813,0,235
2155,102,813,0,236
2156,102,812,0,236
2157,104,812,0,239
2158,104,812,0,241
2159,106,811,0,238
2160,107,810,0,239
2161,107,810,0,238
2162,107,810,0,237
2163,107,809,0,234
2164,107,809,0,231
2165,108,809,0,235
2166,109,809,0,235
2167,109,809,0,236
2168,109,809,0,238
2169,108,808,0,237
2170,108,807,0,235
2171,108,807,0,234
2172,107,807,0,234
2173,107,807,0,237
2174,108,807,0,238
2175,109,807,0,241
2176,109,808,0,241
2177,109,808,0,242
2178,109,808,0,239
2179,109,808,0,237
2180,108,808,0,236
2181,109,808,0,236
2182,108,808,0,236
2183,108,808,0,235
2184,108,808,0,237
2185,108,808,0,237
2186,110,808,0,237
2187,109,808,0,238
2188,108,808,0,234
2189,107,809,0,246
2190,105,810,0,261
2191,104,805,0,271
2192,103,804,0,269
2193,105,802,0,264
2194,105,803,0,266
2195,103,804,0,272
2196,102,805,0,273
2197,100,803,0,273
2198,101,804,0,276
2199,101,804,0,275
2200,100,803,0,272
2201,100,801,0,271
2202,98,800,0,270
2203,97,800,0,273
2204,97,800,0,273
2205,96,800,0,275
2206,97,800,0,276
2207,97,800,0,276
2208,99,798,0,283
2209,100,798,0,286
2210,100,797,0,288
2211,99,796,0,283
2212,99,797,0,282
2213,99,796,0,282
2214,100,795,0,288
2215,101,794,0,286
2216,100,794,0,286
2217,100,793,0,282
2218,99,793,0,280
2219,98,793,0,279
2220,99,793,0,278
2221,99,793,0,277
2222,99,793,0,277
2223,99,793,0,275
2224,99,793,0,275
2225,99,793,0,276
2226,100,793,0,278
2227,101,792,0,278
2228,101,792,0,277
2229,100,792,0,277
2230,100,792,0,278
2231,100,793,0,279
2232,101,792,0,281
2233,101,792,0,282
2234,102,793,0,281
2235,101,793,0,281
2236,100,792,0,279
2237,100,793,0,277
2238,99,794,0,274
2239,97,792,0,286
2240,93,786,0,298
2241,93,786,0,300
2242,93,787,0,308
2243,92,787,0,312
2244,92,789,0,313
2245,93,789,0,316
2246,92,789,0,312
2247,91,788,0,305
2248,90,788,0,304
2249,90,786,0,303
2250,89,786,0,302
2251,88,786,0,299
2252,87,785,0,300
2253,86,786,0,306
2254,85,787,0,309
2255,83,789,0,312
2256,82,789,0,315
2257,80,789,0,316
2258,82,789,0,327
2259,81,792,0,331
2260,83,795,0,338
2261,82,796,0,346
2262,82,796,0,349
2263,81,798,0,350
2264,79,799,0,356
2265,80,800,0,1
2266,82,801,0,9
2267,82,800,0,18
2268,80,798,0,24
2269,80,796,0,32
2270,76,796,0,48
2271,81,795,0,52
2272,79,795,0,55
2273,78,795,0,58
2274,75,792,0,64
2275,73,791,0,73
2276,73,789,0,73
2277,72,789,0,72
2278,72,790,0,80
2279,71,786,0,80
2280,71,786,0,83
2281,69,786,0,80
2282,68,790,0,81
2283,68,791,0,82
2284,66,793,0,90
2287,60,797,0,128
2288,63,801,0,118
2289,65,807,0,136
2290,65,808,0,134
2291,66,809,0,138
2292,66,809,0,134
2293,67,809,0,134
2294,67,810,0,132
2295,67,811,0,132
2296,69,812,0,126
2297,71,812,0,118
2298,71,812,0,112
2299,71,815,0,109
2300,72,816,0,119
2301,71,817,0,126
2302,71,817,0,121
2303,70,817,0,121
2304,70,817,0,122
2305,69,817,0,126
2306,69,816,0,122
2307,71,816,0,127
2308,72,815,0,130
2309,71,814,0,124
2310,73,815,0,129
2311,74,816,0,132
2312,73,818,0,131
2313,73,818,0,132
2314,74,819,0,131
2315,74,819,0,129
2316,72,817,0,123
2317,71,815,0,139
2318,72,813,0,160
2319,73,813,0,157
2320,75,812,0,154
2321,77,810,0,165
2322,77,808,0,158
2323,77,808,0,155
2324,79,809,0,153
2325,80,810,0,155
2326,81,810,0,152
2327,81,808,0,151
2328,80,808,0,151
2329,80,808,0,155
2330,81,810,0,149
2331,82,811,0,153
2332,83,812,0,152
2333,84,812,0,153
2334,85,812,0,151
2335,87,812,0,156
2336,88,812,0,153
2337,89,812,0,150
2338,89,810,0,148
2339,90,809,0,154
2340,90,809,0,155
2341,89,808,0,158
2342,90,808,0,156
2343,91,808,0,151
2344,90,809,0,144
2345,90,810,0,141
2346,89,811,0,140
2347,86,811,0,133
2348,87,813,0,128
2349,85,815,0,126
2350,83,813,0,129
2351,82,813,0,126
2352,82,813,0,130
2353,80,814,0,126
2354,78,815,0,142
2355,78,815,0,139
2356,77,810,0,160
2357,77,807,0,170
2358,79,806,0,171
2359,80,805,0,167
2360,82,805,0,172
2361,79,804,0,167
2362,78,804,0,162
2363,78,804,0,158
2364,78,805,0,153
2365,78,806,0,153
2366,80,808,0,143
2367,81,807,0,153
2368,79,805,0,170
2369,79,803,0,173
2370,81,802,0,181
2371,81,801,0,183
2372,82,799,0,181
2373,84,799,0,178
2374,86,798,0,171
2375,85,797,0,166
2376,83,796,0,159
2377,80,795,0,163
2378,79,796,0,156
2379,78,795,0,155
2380,77,796,0,152
2381,74,800,0,163
2382,74,802,0,163
2383,75,802,0,159
2384,76,802,0,158
2385,77,801,0,158
2386,77,800,0,158
2387,76,800,0,160
2388,76,800,0,161
2389,76,800,0,161
2390,76,800,0,160
2391,76,800,0,163
2392,76,800,0,159
2393,75,799,0,162
2394,75,799,0,159
2395,75,798,0,160
2396,75,799,0,162
2397,74,799,0,161
2398,74,798,0,161
2399,75,798,0,160
2400,75,798,0,159
2401,75,798,0,160
2402,74,798,0,164
2403,74,798,0,167
2404,75,798,0,164
2405,75,798,0,164
2406,75,798,0,166
2407,75,798,0,168
2408,75,798,0,167
2409,75,799,0,167
2410,75,799,0,167
2411,75,798,0,166
2412,74,799,0,162
2413,73,800,0,157
2414,74,800,0,151
2415,73,799,0,156
2416,74,799,0,160
2417,75,799,0,159
2418,75,799,0,159
2419,75,799,0,163
2420,75,800,0,162
2421,75,799,0,162
2422,75,799,0,160
2423,75,799,0,162
2424,75,799,0,161
2425,75,799,0,163
2426,75,799,0,161
2427,75,798,0,158
2428,75,799,0,160
2429,75,799,0,161
2430,75,798,0,158
2431,75,798,0,159
2432,75,798,0,161
2433,75,798,0,161
2434,75,798,0,161
2435,75,798,0,160
2436,75,798,0,159
2437,75,798,0,159
2438,75,798,0,154
2439,75,798,0,155
2440,74,799,0,154
2441,74,799,0,154
2442,74,799,0,153
2443,75,799,0,154
2444,74,798,0,154
2445,74,798,0,153
2446,75,798,0,157
2447,75,798,0,156
2448,75,798,0,156
2449,75,798,0,158
2450,75,798,0,158
2451,75,798,0,158
2452,75,798,0,160
2453,74,798,0,158
2454,75,799,0,153
2455,75,800,0,153
2456,75,799,0,151
2457,75,799,0,152
2458,75,799,0,152
2459,75,800,0,155
2460,75,800,0,155
2461,75,800,0,155
2462,75,800,0,156
2463,75,799,0,155
2464,76,800,0,155
2465,77,799,0,155
2466,77,799,0,156
2467,77,800,0,158
2468,77,799,0,158
2469,77,799,0,159
2470,77,799,0,160
2471,77,799,0,159
2472,78,799,0,161
2473,78,799,0,164
2474,78,799,0,162
2475,78,799,0,163
2476,77,799,0,162
2477,75,798,0,159
2478,75,799,0,158
2479,75,800,0,158
2480,74,801,0,163
2481,74,803,0,178
2482,72,801,0,193
2483,72,797,0,195
2484,72,796,0,200
2485,73,795,0,203
2486,74,793,0,207
2487,74,793,0,213
2488,73,792,0,217
2489,72,792,0,220
2490,72,792,0,221
2491,72,792,0,225
2492,71,791,0,226
2493,71,791,0,226
2494,71,791,0,227
2495,71,790,0,220
2496,71,790,0,219
2497,71,790,0,220
2498,72,788,0,217
2499,72,788,0,213
2500,73,787,0,213
2501,74,787,0,211
2502,74,788,0,215
2503,74,788,0,217
2504,75,787,0,218
2505,76,786,0,221
2506,77,786,0,224
2507,77,786,0,226
2508,77,786,0,228
2509,78,785,0,231
2510,78,786,0,230
2511,78,786,0,230
2512,78,786,0,229
2513,78,786,0,228
2514,78,786,0,230
2515,78,787,0,228
2516,78,786,0,229
2517,78,786,0,229
2518,78,786,0,229
2519,78,786,0,229
2520,78,787,0,230
2521,78,787,0,229
2522,79,787,0,230
2523,78,787,0,230
2524,78,787,0,230
2525,77,787,0,231
2526,78,786,0,230
2527,79,786,0,230
2528,79,786,0,228
2529,79,786,0,229
2530,79,786,0,229
2531,79,786,0,230
2532,80,786,0,230
2533,79,786,0,228
2534,80,786,0,224
2535,79,787,0,223
2536,79,789,0,228
2537,79,790,0,227
2538,79,789,0,228
2539,79,789,0,230
2540,80,788,0,231
2541,80,789,0,232
2542,80,789,0,231
2543,81,788,0,230
2544,81,788,0,229
2545,81,788,0,228
2546,80,788,0,229
2547,80,787,0,229
2548,79,788,0,231
2549,79,788,0,231
2550,79,787,0,231
2551,79,787,0,232
2552,79,787,0,231
2553,77,788,0,226
2554,78,789,0,235
2555,76,792,0,240
2556,75,792,0,236
2557,75,791,0,232
2558,76,788,0,222
2559,76,787,0,231
2560,76,787,0,238
2561,77,786,0,226
2562,76,786,0,223
2563,75,788,0,230
2564,78,785,0,232
2565,82,785,0,234
2566,82,784,0,232
2567,83,783,0,220
2568,83,783,0,221
2569,84,781,0,223
2570,87,780,0,218
2571,88,778,0,220
2572,89,777,0,222
2573,89,777,0,224
2574,91,775,0,222
2575,92,775,0,221
2576,92,774,0,223
2577,92,773,0,222
2578,93,773,0,220
2579,93,773,0,220
2580,93,772,0,218
2581,94,772,0,219
2582,94,772,0,219
2583,94,771,0,217
2584,95,771,0,217
2585,95,771,0,216
2586,95,771,0,215
2587,94,772,0,212
2588,95,771,0,211
2589,95,771,0,216
2590,97,770,0,211
2591,97,770,0,213
2592,97,769,0,214
2593,97,769,0,211
2594,98,769,0,212
2595,98,769,0,209
2596,98,769,0,211
2597,97,768,0,208
2598,97,768,0,208
2599,97,767,0,206
2600,97,767,0,206
2601,97,767,0,210
2602,96,767,0,208
2603,96,766,0,202
2604,96,765,0,200
2605,96,765,0,200
2606,97,766,0,200
2607,98,766,0,202
2608,98,766,0,201
2609,98,767,0,203
2610,98,767,0,201
2611,98,767,0,200
2612,98,767,0,201
2613,98,767,0,198
2614,98,768,0,201
2615,98,768,0,203
2616,98,768,0,202
2617,98,768,0,203
2618,98,768,0,203
2619,97,768,0,200
2620,98,768,0,202
2621,98,769,0,202
2622,97,769,0,201
2623,97,768,0,202
2624,94,770,0,207
2625,93,771,0,210
2626,93,771,0,203
2627,92,772,0,212
2628,90,770,0,206
2629,92,771,0,210
2630,91,771,0,212
2631,86,772,0,216
2632,89,773,0,217
2633,89,772,0,220
2634,88,770,0,219
2635,89,770,0,209
2636,92,767,0,203
2637,94,766,0,202
2638,94,766,0,200
2639,95,766,0,201
2640,94,768,0,207
2641,95,768,0,207
2642,97,769,0,206
2643,98,769,0,204
2644,99,769,0,206
2645,99,769,0,207
2646,99,770,0,212
2647,99,770,0,213
2648,100,771,0,215
2649,100,770,0,212
2650,100,770,0,212
2651,100,770,0,212
2652,100,771,0,211
2653,100,771,0,212
2654,100,772,0,210
2655,100,772,0,208
2656,100,772,0,209
2657,101,773,0,208
2658,102,774,0,209
2659,100,776,0,210
2660,99,778,0,216
2661,99,777,0,224
2662,98,775,0,235
2663,98,772,0,239
2664,97,770,0,243
2665,96,770,0,250
2666,94,768,0,253
2667,93,768,0,255
2668,95,768,0,264
2669,97,772,0,275
2670,99,772,0,273
2671,99,771,0,273
2672,99,770,0,273
2673,99,768,0,274
2674,100,767,0,275
2675,101,769,0,274
2676,102,770,0,271
2677,101,770,0,272
2678,98,768,0,274
2679,96,763,0,262
2680,97,760,0,263
2681,97,760,0,258
2682,100,758,0,254
2683,100,756,0,253
2684,99,755,0,252
2685,99,756,0,249
2686,100,753,0,248
2687,100,752,0,246
2688,100,752,0,245
2689,101,752,0,246
2690,101,751,0,244
2691,101,750,0,243
2692,101,751,0,244
2693,100,751,0,247
2694,99,752,0,250
2695,98,752,0,250
2696,97,752,0,251
2697,96,754,0,253
2698,95,754,0,254
2699,95,755,0,257
2700,95,757,0,256
2701,95,758,0,248
2702,96,758,0,232
2703,96,761,0,225
2704,94,764,0,227
2705,94,765,0,223
2706,94,766,0,220
2707,93,767,0,223
2708,92,767,0,228
2709,91,768,0,231
2710,91,769,0,226
2711,91,769,0,226
2712,90,768,0,227
2713,90,768,0,229
2714,89,768,0,232
2715,88,768,0,237
2716,87,768,0,246
2717,86,768,0,248
2718,85,769,0,244
2719,85,768,0,238
2720,87,767,0,234
2721,88,767,0,219
2722,90,765,0,211
2723,91,765,0,208
2724,93,765,0,204
2725,97,770,0,208
2726,98,774,0,198
2727,103,774,0,192
2728,107,774,0,186
2729,110,774,0,185
2730,111,775,0,183
2731,111,775,0,183
2732,113,775,0,179
2733,115,776,0,175
2734,115,777,0,172
2735,115,778,0,171
2736,113,779,0,174
2737,111,781,0,171
2738,109,785,0,161
2739,107,788,0,152
2740,106,792,0,141
2741,105,795,0,138
2742,105,796,0,132
2743,103,796,0,125
2744,101,795,0,120
2745,110,797,0,108
2746,111,799,0,107
2747,110,799,0,105
2748,109,800,0,104
2749,109,800,0,102
2750,108,800,0,105
2751,108,799,0,110
2752,107,797,0,114
2753,108,796,0,117
2754,109,797,0,120
2755,110,796,0,118
2756,110,797,0,120
2757,110,797,0,122
2758,110,797,0,123
2759,111,798,0,112
2760,112,797,0,116
2761,112,797,0,115
2762,112,797,0,114
2763,112,797,0,114
2764,112,798,0,115
2765,112,798,0,115
2766,111,798,0,114
2767,111,797,0,111
2768,109,796,0,109
2769,104,795,0,109
2770,104,802,0,112
2771,103,805,0,101
2772,102,804,0,91
2773,102,804,0,87
2774,104,803,0,91
2775,102,802,0,88
2776,100,803,0,90
2777,99,802,0,87
2778,97,800,0,87
2779,96,802,0,86
2780,97,806,0,92
2781,99,808,0,98
2782,100,809,0,103
2783,105,809,0,113
2784,107,809,0,116
2785,106,806,0,124
2786,107,804,0,123
2787,112,802,0,116
2788,113,801,0,129
2789,114,803,0,126
2790,116,803,0,138
2791,120,803,0,145
2792,121,802,0,147
2793,120,802,0,152
2794,120,803,0,154
2795,121,804,0,158
2796,120,804,0,157
2797,121,803,0,157
2798,122,803,0,157
2799,122,803,0,159
2800,122,803,0,158
2801,122,803,0,159
2802,122,803,0,156
2803,122,804,0,156
2804,123,805,0,157
2805,124,809,0,171
2806,124,812,0,178
2807,125,813,0,178
2808,125,811,0,174
2809,125,809,0,160
2810,127,812,0,152
2811,130,819,0,141
2812,130,823,0,142
2813,135,827,0,140
2814,138,830,0,143
2815,143,829,0,144
2816,145,829,0,144
2817,148,831,0,140
2818,148,832,0,140
2819,148,833,0,140
2820,149,834,0,138
2821,150,836,0,139
2822,150,838,0,139
2823,151,839,0,139
2824,152,839,0,133
2825,153,840,0,139
2826,153,841,0,143
2827,154,843,0,148
2828,152,844,0,153
2829,151,842,0,149
2830,150,839,0,152
2831,148,839,0,157
2832,143,839,0,156
2833,141,838,0,151
2834,141,840,0,148
2835,144,840,0,158
2836,146,839,0,149
2837,141,838,0,162
2838,139,836,0,164
2839,136,835,0,171
2840,134,834,0,178
2841,133,832,0,180
2842,131,833,0,187
2843,133,831,0,190
2844,132,830,0,199
2845,133,826,0,209
2846,135,824,0,218
2847,136,824,0,227
2848,135,825,0,238
2849,133,824,0,246
2850,132,824,0,256
2851,131,825,0,256
2852,131,824,0,254
2853,132,823,0,250
2854,131,821,0,255
2855,132,816,0,257
2856,134,812,0,252
2857,134,810,0,255
2858,133,808,0,258
2859,132,806,0,260
2860,134,800,0,260
2861,135,795,0,258
2862,137,794,0,259
2863,137,792,0,263
2864,138,788,0,266
2865,138,784,0,267
2866,137,780,0,267
2867,140,775,0,261
2868,141,772,0,259
2869,144,770,0,262
2870,147,769,0,265
2871,147,770,0,265
2872,145,774,0,268
2873,142,770,0,277
2874,142,755,0,289
2875,136,750,0,285
2876,135,747,0,286
2877,135,745,0,287
2878,134,744,0,286
2879,133,741,0,289
2880,131,738,0,287
2881,130,737,0,284
2882,130,734,0,287
2883,128,732,0,284
2884,129,732,0,284
2885,130,730,0,285
2886,131,727,0,284
2887,131,724,0,282
2888,132,725,0,283
2889,133,727,0,284
2890,130,726,0,291
2891,128,725,0,290
2892,126,722,0,299
2893,125,720,0,306
2894,126,720,0,320
2895,126,723,0,329
2896,126,723,0,333
2897,125,722,0,333
2898,123,725,0,333
2899,122,725,0,333
2900,122,727,0,335
2901,120,730,0,347
2902,117,735,0,1
2903,114,735,0,4
2904,112,735,0,15
2905,111,733,0,6
2906,108,731,0,10
2907,104,728,0,3
2908,101,727,0,359
2909,98,728,0,359
2910,96,722,0,346
2911,94,721,0,341
2912,93,720,0,337
2913,90,718,0,338
2914,90,718,0,342
2915,91,718,0,331
2916,92,716,0,321
2917,92,710,0,320
2918,92,712,0,286
2919,90,711,0,305
2920,87,706,0,307
2921,87,703,0,305
2922,86,699,0,303
2923,82,697,0,303
2924,81,696,0,296
2925,82,695,0,298
2926,82,694,0,297
2927,83,694,0,300
2928,85,696,0,302
2929,87,699,0,313
2930,86,699,0,320
2931,83,699,0,328
2932,81,700,0,333
2933,78,701,0,334
2934,75,702,0,340
2935,75,704,0,351
2936,74,709,0,355
2937,74,712,0,1
2938,73,715,0,6
2939,73,717,0,10
2940,79,716,0,15
2941,81,715,0,12
2942,84,716,0,19
2943,81,717,0,29
2944,81,721,0,28
2945,81,724,0,28
2946,80,724,0,31
2947,80,723,0,30
2948,76,724,0,32
2949,75,724,0,30
2950,76,722,0,26
2951,74,722,0,24
2952,73,720,0,24
2953,70,721,0,23
2954,70,721,0,27
2955,77,723,0,33
2956,79,721,0,36
2957,86,716,0,36
2959,95,726,0,44
2960,95,727,0,48
2961,97,725,0,55
2962,98,724,0,62
2963,98,725,0,67
2964,98,725,0,70
2965,96,726,0,76
2966,96,725,0,84
2967,95,724,0,87
2968,97,723,0,94
2969,101,723,0,100
2970,103,726,0,102
2971,103,724,0,96
2972,108,723,0,110
2973,109,722,0,111
2974,106,725,0,117
2975,106,724,0,127
2976,106,727,0,135
2977,110,727,0,141
2978,115,730,0,140
2979,118,730,0,144
2980,119,731,0,147
2981,120,729,0,155
2982,121,731,0,154
2983,121,730,0,150
2984,122,730,0,149
2985,120,730,0,151
2986,121,730,0,152
2987,118,726,0,171
2988,121,723,0,173
2989,125,717,0,174
2990,128,714,0,180
2991,130,714,0,182
2992,136,711,0,178
2993,137,712,0,170
2994,138,714,0,163
2995,140,716,0,165
2996,142,717,0,165
2997,146,718,0,161
2998,148,720,0,151
2999,148,719,0,153
