0,210,2197,0,115
1,210,2198,0,116
2,211,2198,0,117
3,210,2197,0,117
4,211,2195,0,115
5,212,2196,0,116
6,212,2196,0,116
7,213,2196,0,116
8,213,2197,0,115
9,214,2197,0,113
10,214,2197,0,113
11,214,2197,0,113
12,214,2196,0,113
13,214,2196,0,114
14,214,2196,0,114
15,214,2196,0,114
16,214,2197,0,114
17,214,2196,0,113
18,214,2196,0,114
19,213,2195,0,114
20,213,2195,0,114
21,213,2195,0,115
22,213,2195,0,114
23,213,2194,0,114
24,213,2194,0,114
25,213,2195,0,115
26,213,2194,0,115
27,212,2194,0,113
28,213,2195,0,114
29,213,2195,0,115
30,212,2194,0,116
31,212,2193,0,117
32,212,2192,0,116
33,213,2193,0,114
34,213,2193,0,114
35,214,2193,0,113
36,215,2192,0,110
37,215,2192,0,108
38,215,2192,0,106
39,215,2194,0,106
40,214,2194,0,104
41,214,2194,0,103
42,214,2194,0,102
43,214,2194,0,102
44,214,2194,0,103
45,215,2194,0,103
46,214,2194,0,103
47,214,2194,0,104
48,215,2194,0,106
49,215,2194,0,105
50,215,2194,0,105
51,215,2194,0,105
52,215,2194,0,106
53,215,2194,0,106
54,215,2194,0,106
55,215,2194,0,106
56,215,2193,0,105
57,215,2194,0,106
58,215,2194,0,106
59,215,2193,0,106
60,215,2193,0,105
61,215,2194,0,106
62,215,2193,0,107
63,215,2193,0,107
64,215,2193,0,106
65,215,2193,0,106
66,216,2194,0,108
67,216,2194,0,108
68,215,2192,0,109
69,215,2192,0,109
70,215,2192,0,109
71,215,2192,0,107
72,215,2192,0,105
73,215,2192,0,105
74,215,2192,0,104
75,215,2192,0,103
76,215,2192,0,104
77,215,2192,0,104
78,215,2192,0,103
79,215,2193,0,103
80,216,2192,0,104
81,216,2193,0,103
82,216,2193,0,104
83,216,2193,0,103
84,216,2194,0,104
85,216,2194,0,105
86,215,2194,0,104
87,215,2194,0,103
88,215,2194,0,103
89,214,2194,0,102
90,214,2194,0,101
91,214,2194,0,100
92,214,2194,0,101
93,214,2194,0,100
94,214,2194,0,100
95,214,2194,0,101
96,213,2193,0,99
97,214,2193,0,101
98,214,2193,0,101
99,213,2193,0,100
100,213,2192,0,98
101,213,2193,0,99
102,213,2193,0,101
103,213,2193,0,99
104,213,2193,0,102
105,214,2193,0,103
106,214,2193,0,108
107,214,2192,0,109
108,214,2192,0,108
109,215,2192,0,108
110,214,2192,0,108
111,215,2192,0,106
112,215,2192,0,105
113,217,2191,0,101
114,217,2187,0,101
115,216,2187,0,96
116,216,2187,0,92
117,217,2187,0,92
118,217,2187,0,89
119,217,2186,0,90
120,215,2186,0,87
121,214,2186,0,85
122,215,2185,0,85
123,215,2184,0,85
124,215,2184,0,85
125,215,2184,0,85
126,215,2183,0,83
127,215,2184,0,83
128,216,2184,0,85
129,218,2186,0,87
130,219,2186,0,88
131,219,2186,0,88
132,219,2186,0,90
133,219,2186,0,90
134,219,2185,0,91
135,219,2185,0,91
136,221,2184,0,86
137,221,2183,0,85
138,221,2183,0,84
139,222,2184,0,83
140,221,2185,0,78
141,221,2184,0,81
142,221,2183,0,84
143,220,2183,0,85
144,221,2183,0,82
145,221,2183,0,74
146,220,2183,0,69
147,221,2183,0,63
148,219,2182,0,59
149,218,2183,0,58
150,218,2183,0,56
151,218,2183,0,55
152,218,2182,0,55
153,217,2182,0,50
154,219,2182,0,42
155,218,2185,0,37
156,218,2185,0,30
157,217,2186,0,23
158,217,2186,0,18
159,215,2186,0,15
160,213,2187,0,14
161,208,2187,0,12
162,208,2186,0,10
163,207,2186,0,8
164,206,2188,0,7
165,204,2189,0,5
166,201,2189,0,2
167,202,2190,0,353
168,202,2191,0,352
169,201,2192,0,351
170,201,2193,0,352
171,201,2194,0,355
172,200,2193,0,352
173,200,2194,0,354
174,199,2193,0,351
175,199,2193,0,351
176,200,2194,0,351
177,201,2194,0,354
178,202,2195,0,357
179,204,2195,0,355
180,203,2193,0,349
181,203,2193,0,340
182,206,2196,0,333
183,206,2195,0,332
184,204,2192,0,330
185,204,2190,0,328
186,203,2188,0,328
187,203,2185,0,320
188,202,2182,0,317
189,202,2181,0,318
190,201,2180,0,314
191,200,2179,0,313
192,199,2179,0,317
193,198,2179,0,313
194,199,2178,0,312
195,202,2175,0,314
196,202,2175,0,312
197,203,2173,0,302
198,204,2173,0,297
199,207,2172,0,298
200,207,2171,0,296
201,206,2172,0,292
202,204,2172,0,291
203,204,2172,0,291
204,203,2173,0,289
205,201,2172,0,289
206,201,2172,0,289
207,200,2173,0,290
208,201,2173,0,288
209,200,2172,0,288
210,200,2172,0,287
211,199,2174,0,292
212,199,2172,0,298
213,199,2170,0,298
214,197,2166,0,301
215,194,2164,0,303
216,192,2163,0,303
217,190,2161,0,303
218,189,2160,0,302
219,190,2159,0,301
220,188,2155,0,301
221,188,2156,0,299
222,188,2155,0,297
223,187,2156,0,296
224,186,2157,0,296
225,183,2156,0,302
226,182,2152,0,306
227,181,2150,0,308
228,179,2148,0,310
229,178,2149,0,312
230,178,2148,0,313
231,178,2147,0,314
232,177,2146,0,315
233,176,2145,0,314
234,175,2142,0,311
235,172,2141,0,309
236,170,2140,0,309
237,169,2139,0,311
238,167,2138,0,311
239,167,2135,0,312
240,166,2134,0,313
241,164,2133,0,309
242,164,2134,0,307
243,164,2134,0,308
244,164,2134,0,306
245,164,2134,0,307
246,164,2134,0,308
247,164,2135,0,310
248,164,2135,0,309
249,162,2136,0,306
250,162,2137,0,304
251,162,2136,0,304
252,162,2136,0,303
253,163,2136,0,308
254,162,2135,0,310
255,161,2133,0,313
256,159,2131,0,312
257,155,2129,0,312
258,152,2127,0,310
259,151,2127,0,313
260,150,2126,0,313
261,150,2126,0,313
262,150,2126,0,314
263,147,2127,0,314
264,146,2128,0,315
265,145,2128,0,316
266,143,2127,0,320
267,141,2124,0,321
268,139,2123,0,316
269,139,2124,0,316
270,139,2125,0,318
271,137,2125,0,313
272,135,2123,0,302
273,137,2122,0,295
274,137,2121,0,289
275,136,2120,0,286
276,138,2119,0,286
277,136,2117,0,282
278,135,2114,0,280
279,134,2112,0,280
280,134,2106,0,278
281,134,2103,0,279
282,134,2103,0,283
283,134,2100,0,283
284,134,2098,0,278
285,134,2097,0,275
286,135,2097,0,273
287,135,2094,0,266
288,134,2090,0,263
289,134,2089,0,261
290,135,2085,0,252
291,137,2085,0,243
292,138,2084,0,241
293,137,2081,0,231
294,137,2081,0,226
295,137,2082,0,220
296,141,2081,0,215
297,144,2080,0,222
298,147,2077,0,226
299,146,2076,0,234
300,146,2075,0,235
301,146,2073,0,233
302,148,2072,0,231
303,149,2069,0,232
304,149,2067,0,234
305,150,2066,0,237
306,150,2064,0,234
307,151,2062,0,229
308,154,2060,0,228
309,153,2063,0,221
310,152,2065,0,218
311,154,2064,0,218
312,156,2061,0,217
313,158,2060,0,220
314,161,2058,0,223
315,163,2056,0,228
316,165,2054,0,232
317,165,2053,0,234
318,165,2051,0,227
319,165,2051,0,225
320,165,2051,0,226
321,164,2052,0,229
322,166,2051,0,231
323,166,2051,0,231
324,167,2050,0,230
325,166,2049,0,237
326,165,2047,0,231
327,165,2048,0,226
328,164,2050,0,225
329,165,2048,0,223
330,165,2048,0,214
331,168,2048,0,209
332,173,2048,0,208
333,173,2047,0,210
334,172,2045,0,215
335,170,2040,0,227
336,169,2036,0,231
337,168,2032,0,243
338,167,2031,0,242
339,166,2028,0,244
340,165,2024,0,247
341,166,2023,0,252
342,165,2023,0,255
343,166,2030,0,261
344,165,2029,0,264
345,165,2029,0,265
346,166,2028,0,260
347,165,2027,0,256
348,165,2026,0,255
349,165,2025,0,249
350,165,2025,0,248
351,164,2025,0,252
352,165,2025,0,255
353,165,2026,0,255
354,166,2027,0,250
355,167,2033,0,254
356,167,2038,0,262
357,166,2037,0,263
358,165,2037,0,265
359,166,2040,0,271
360,165,2043,0,280
361,165,2045,0,287
362,164,2045,0,299
363,163,2046,0,305
364,163,2049,0,316
365,162,2051,0,321
366,165,2053,0,327
367,164,2054,0,332
368,162,2053,0,331
369,161,2056,0,338
370,161,2055,0,341
371,159,2055,0,339
372,157,2055,0,342
373,156,2055,0,348
374,157,2055,0,348
375,157,2054,0,348
376,157,2053,0,352
377,154,2054,0,356
378,153,2054,0,359
379,150,2056,0,6
380,150,2056,0,11
381,149,2056,0,15
382,150,2055,0,13
383,150,2055,0,10
384,150,2054,0,11
385,149,2053,0,8
386,146,2053,0,8
387,145,2052,0,4
388,144,2053,0,4
389,143,2052,0,2
390,144,2051,0,0
391,143,2050,0,358
392,144,2049,0,355
393,143,2048,0,353
394,142,2047,0,352
395,139,2047,0,351
396,138,2044,0,349
397,137,2042,0,348
398,136,2041,0,345
399,134,2040,0,340
400,134,2039,0,343
401,132,2040,0,345
402,132,2039,0,346
403,129,2038,0,341
404,127,2038,0,339
405,127,2037,0,338
406,126,2037,0,335
407,126,2037,0,335
408,124,2038,0,332
409,124,2039,0,333
410,127,2039,0,337
411,128,2039,0,334
412,128,2036,0,333
413,128,2033,0,333
414,127,2033,0,332
415,126,2038,0,336
416,125,2041,0,341
417,124,2040,0,339
418,125,2040,0,345
419,126,2041,0,347
420,128,2042,0,351
421,128,2043,0,355
422,130,2046,0,357
423,129,2047,0,2
424,131,2049,0,5
425,133,2050,0,10
426,133,2052,0,20
427,130,2053,0,26
428,130,2052,0,26
429,129,2052,0,23
430,127,2052,0,29
431,127,2052,0,34
432,126,2054,0,38
433,126,2055,0,40
434,125,2055,0,38
435,127,2057,0,37
436,133,2057,0,22
437,132,2055,0,27
438,132,2054,0,30
439,132,2054,0,29
440,131,2054,0,24
441,131,2054,0,25
442,130,2056,0,28
443,129,2058,0,29
444,128,2058,0,24
445,127,2059,0,26
446,126,2063,0,39
447,125,2065,0,45
448,124,2066,0,44
449,122,2069,0,44
450,121,2071,0,44
451,121,2073,0,45
452,121,2079,0,43
453,121,2079,0,46
454,120,2079,0,45
455,118,2079,0,43
456,117,2078,0,42
457,117,2078,0,41
458,117,2078,0,41
459,117,2078,0,41
460,117,2079,0,39
461,117,2079,0,34
462,116,2079,0,32
463,116,2079,0,28
464,116,2078,0,21
465,116,2078,0,19
466,118,2076,0,18
467,116,2076,0,18
468,115,2077,0,17
469,114,2077,0,15
470,114,2077,0,16
471,114,2077,0,18
472,117,2076,0,18
473,115,2077,0,22
474,114,2079,0,24
475,113,2079,0,22
476,113,2080,0,21
477,112,2080,0,20
478,111,2081,0,24
479,110,2081,0,23
480,108,2081,0,21
481,105,2082,0,17
482,102,2083,0,17
483,97,2084,0,14
484,94,2084,0,10
485,89,2083,0,4
486,83,2081,0,355
487,82,2081,0,352
488,79,2083,0,351
489,76,2082,0,347
490,75,2081,0,346
491,72,2082,0,348
492,72,2083,0,348
493,71,2080,0,347
494,69,2077,0,344
495,68,2078,0,347
496,68,2078,0,350
497,67,2077,0,349
498,78,2085,0,350
499,78,2084,0,351
500,78,2084,0,350
501,80,2083,0,351
502,80,2082,0,350
503,80,2082,0,350
504,82,2080,0,346
505,84,2079,0,343
506,86,2079,0,342
507,86,2078,0,342
508,87,2078,0,343
509,88,2077,0,340
510,87,2077,0,336
511,87,2077,0,332
512,88,2077,0,330
513,88,2076,0,330
514,88,2076,0,334
515,89,2075,0,335
516,89,2075,0,335
517,89,2074,0,335
518,89,2074,0,335
519,87,2074,0,338
520,91,2075,0,345
521,91,2078,0,359
522,94,2078,0,11
523,94,2075,0,23
524,96,2072,0,30
525,97,2073,0,42
526,98,2073,0,43
527,101,2073,0,43
528,101,2073,0,42
529,99,2074,0,42
530,100,2074,0,46
531,98,2076,0,52
532,97,2077,0,55
533,96,2077,0,62
534,97,2079,0,69
535,96,2081,0,66
536,96,2081,0,67
537,98,2080,0,66
538,99,2080,0,67
539,98,2081,0,71
540,97,2083,0,72
541,96,2083,0,74
542,97,2084,0,70
543,97,2084,0,68
544,96,2084,0,68
545,97,2085,0,69
546,98,2084,0,68
547,99,2084,0,69
548,99,2085,0,71
549,99,2086,0,75
550,100,2085,0,78
551,100,2084,0,78
552,101,2083,0,80
553,101,2082,0,79
554,102,2083,0,80
555,104,2083,0,81
556,103,2084,0,83
557,104,2083,0,84
558,103,2083,0,90
559,104,2084,0,92
560,103,2084,0,97
561,102,2084,0,98
562,102,2085,0,99
563,101,2086,0,101
564,102,2087,0,100
565,102,2089,0,100
566,103,2090,0,93
567,102,2090,0,89
568,102,2091,0,88
569,102,2090,0,88
570,102,2090,0,87
571,103,2091,0,88
572,103,2091,0,90
573,101,2094,0,97
574,101,2094,0,98
575,101,2092,0,99
576,101,2091,0,101
577,101,2091,0,102
578,101,2091,0,103
579,101,2091,0,104
580,102,2092,0,110
581,103,2091,0,117
582,104,2091,0,121
583,107,2090,0,128
584,109,2091,0,135
585,112,2093,0,138
586,116,2091,0,137
587,120,2091,0,139
588,123,2093,0,141
589,127,2094,0,150
590,130,2094,0,154
591,133,2095,0,155
592,133,2098,0,153
593,138,2100,0,147
594,141,2101,0,154
595,150,2103,0,164
596,155,2104,0,158
597,160,2103,0,159
598,167,2102,0,159
599,170,2102,0,166
600,178,2098,0,167
601,179,2100,0,159
602,180,2101,0,155
603,183,2102,0,154
604,190,2103,0,156
605,198,2103,0,159
606,201,2102,0,158
607,200,2105,0,161
608,201,2105,0,161
609,201,2105,0,165
610,204,2105,0,161
611,208,2107,0,155
612,209,2106,0,154
613,209,2106,0,153
614,210,2107,0,149
615,209,2106,0,148
616,212,2106,0,145
617,215,2107,0,146
618,213,2109,0,150
619,215,2109,0,148
620,218,2111,0,142
621,223,2113,0,134
622,227,2114,0,133
623,230,2114,0,130
624,232,2115,0,127
625,233,2116,0,128
626,232,2117,0,128
627,232,2116,0,128
628,231,2115,0,129
629,230,2115,0,128
630,231,2115,0,133
631,234,2117,0,139
632,236,2116,0,143
633,238,2116,0,147
634,240,2117,0,148
635,240,2116,0,147
636,242,2117,0,148
637,244,2117,0,147
638,246,2117,0,146
639,250,2117,0,149
640,251,2116,0,154
641,252,2115,0,156
642,252,2114,0,157
643,252,2115,0,154
644,253,2112,0,155
645,253,2110,0,151
646,253,2109,0,153
647,253,2110,0,153
648,252,2111,0,149
649,252,2113,0,147
650,252,2113,0,148
651,253,2114,0,149
652,254,2116,0,149
653,255,2118,0,147
654,255,2118,0,148
655,254,2118,0,148
656,255,2117,0,147
657,257,2117,0,150
658,258,2117,0,150
659,257,2117,0,149
660,258,2116,0,150
661,258,2116,0,148
662,258,2116,0,148
663,259,2115,0,149
664,259,2115,0,151
665,259,2114,0,150
666,258,2114,0,150
667,258,2113,0,149
668,258,2112,0,148
669,256,2112,0,147
672,258,2115,0,142
673,260,2117,0,141
674,261,2119,0,141
675,264,2124,0,133
676,267,2124,0,121
677,268,2127,0,114
678,269,2128,0,113
679,269,2128,0,115
680,268,2130,0,115
681,266,2128,0,115
682,265,2128,0,113
683,264,2128,0,109
684,264,2129,0,108
685,265,2131,0,110
686,264,2131,0,110
687,264,2131,0,112
688,264,2131,0,115
689,265,2131,0,119
690,265,2131,0,120
691,266,2132,0,123
692,267,2132,0,130
693,270,2133,0,141
694,273,2134,0,142
695,275,2134,0,142
696,278,2132,0,144
697,279,2133,0,145
698,280,2133,0,145
699,279,2132,0,145
700,276,2130,0,145
701,279,2131,0,149
702,281,2131,0,153
703,283,2132,0,153
704,286,2132,0,152
705,287,2132,0,150
706,287,2133,0,142
707,288,2135,0,141
708,290,2136,0,143
709,293,2137,0,146
710,296,2137,0,153
711,297,2137,0,155
712,297,2137,0,157
713,297,2136,0,155
714,296,2135,0,145
715,294,2137,0,135
716,293,2140,0,130
717,293,2141,0,127
718,294,2141,0,122
719,293,2140,0,120
720,292,2141,0,116
721,292,2141,0,114
722,293,2141,0,114
723,293,2144,0,113
724,293,2144,0,109
725,294,2144,0,106
726,294,2144,0,105
727,294,2145,0,108
728,294,2146,0,109
729,293,2146,0,106
730,292,2146,0,105
731,294,2148,0,111
732,296,2150,0,121
733,299,2153,0,125
734,300,2153,0,125
735,301,2153,0,123
736,301,2152,0,119
737,300,2153,0,113
738,301,2154,0,109
739,301,2158,0,107
740,302,2159,0,109
741,302,2160,0,108
742,303,2162,0,110
743,304,2164,0,113
744,304,2164,0,111
745,305,2164,0,114
746,306,2164,0,120
747,306,2164,0,120
748,307,2165,0,120
749,308,2165,0,119
750,308,2168,0,115
751,309,2171,0,100
752,310,2175,0,97
753,311,2178,0,93
754,313,2180,0,95
755,314,2183,0,94
756,315,2185,0,93
757,314,2186,0,92
758,316,2188,0,92
759,315,2188,0,95
760,315,2188,0,99
761,314,2185,0,98
762,312,2185,0,97
763,313,2187,0,98
764,312,2189,0,97
765,310,2187,0,90
766,310,2187,0,88
767,311,2192,0,86
768,311,2195,0,86
769,311,2200,0,82
770,311,2200,0,76
771,311,2202,0,75
772,311,2203,0,71
773,310,2204,0,68
774,307,2207,0,68
775,305,2208,0,72
776,303,2211,0,71
777,301,2214,0,79
778,300,2215,0,77
779,297,2217,0,79
780,295,2217,0,84
781,295,2220,0,86
782,298,2225,0,89
783,298,2229,0,91
784,299,2230,0,88
785,300,2229,0,88
786,300,2229,0,87
787,300,2230,0,86
788,301,2231,0,88
789,300,2231,0,88
790,300,2232,0,88
791,299,2233,0,89
792,298,2235,0,90
793,298,2235,0,92
794,297,2234,0,89
795,297,2233,0,90
796,298,2233,0,92
797,298,2236,0,98
798,299,2238,0,101
799,303,2241,0,101
800,305,2244,0,102
801,305,2249,0,109
802,312,2252,0,116
803,311,2252,0,121
804,312,2253,0,121
805,312,2254,0,117
806,313,2256,0,117
807,313,2256,0,118
808,313,2256,0,118
809,312,2256,0,120
810,312,2257,0,120
811,312,2257,0,119
812,312,2257,0,120
813,312,2258,0,121
814,312,2258,0,121
815,312,2258,0,122
816,312,2258,0,122
817,312,2258,0,123
818,312,2258,0,122
819,311,2256,0,120
820,312,2256,0,122
821,312,2256,0,120
822,311,2255,0,123
823,310,2255,0,117
824,310,2257,0,107
825,310,2259,0,104
826,312,2262,0,100
827,311,2263,0,99
828,311,2265,0,98
829,310,2266,0,96
830,310,2268,0,93
831,310,2269,0,91
832,311,2270,0,95
833,311,2272,0,97
834,312,2272,0,98
835,313,2275,0,103
836,313,2276,0,101
837,314,2276,0,99
838,315,2276,0,101
839,316,2277,0,102
840,317,2277,0,103
841,316,2277,0,103
842,316,2277,0,104
843,316,2276,0,105
844,316,2274,0,112
845,314,2275,0,111
846,311,2270,0,111
847,311,2268,0,118
848,314,2269,0,122
849,312,2266,0,123
850,314,2266,0,132
851,319,2265,0,135
852,318,2264,0,137
853,321,2265,0,145
854,322,2266,0,161
855,326,2264,0,174
856,326,2263,0,172
857,326,2263,0,173
858,328,2262,0,173
859,329,2262,0,172
860,330,2262,0,170
861,328,2262,0,164
862,331,2263,0,163
863,337,2264,0,170
864,338,2264,0,170
865,342,2264,0,176
866,345,2266,0,176
867,347,2266,0,181
868,349,2265,0,187
869,351,2264,0,192
870,356,2257,0,197
871,359,2256,0,192
872,359,2257,0,188
873,360,2257,0,185
874,361,2259,0,173
875,362,2261,0,174
876,364,2263,0,174
877,364,2263,0,174
878,364,2264,0,172
879,365,2263,0,171
880,365,2263,0,172
881,366,2262,0,174
882,368,2262,0,177
883,374,2263,0,177
884,377,2263,0,177
885,378,2263,0,180
886,378,2262,0,180
887,379,2262,0,180
888,379,2262,0,180
889,381,2261,0,179
890,382,2262,0,179
891,383,2261,0,179
892,382,2261,0,179
893,383,2261,0,178
894,383,2262,0,179
895,383,2262,0,180
896,383,2262,0,178
897,383,2262,0,179
898,383,2262,0,180
899,383,2262,0,180
900,383,2262,0,180
901,383,2262,0,179
902,383,2262,0,179
903,383,2262,0,181
904,382,2262,0,178
905,381,2262,0,177
906,381,2263,0,178
907,381,2263,0,178
908,380,2264,0,178
909,381,2264,0,178
910,380,2264,0,179
911,381,2263,0,178
912,383,2261,0,175
913,384,2261,0,174
914,384,2261,0,175
915,384,2262,0,175
916,385,2261,0,176
917,384,2261,0,174
918,384,2262,0,172
919,384,2262,0,173
920,384,2262,0,172
921,384,2264,0,172
922,385,2264,0,173
923,385,2264,0,173
924,385,2263,0,172
925,385,2263,0,170
926,385,2263,0,173
927,385,2263,0,171
928,385,2263,0,171
929,385,2263,0,172
930,385,2263,0,172
931,385,2263,0,172
932,384,2263,0,172
933,384,2263,0,172
934,384,2263,0,172
935,384,2263,0,172
936,384,2262,0,173
937,384,2262,0,175
938,384,2261,0,178
939,383,2262,0,178
940,382,2262,0,176
941,381,2263,0,176
942,379,2263,0,178
943,379,2263,0,179
944,381,2263,0,185
945,381,2262,0,181
946,381,2261,0,181
947,380,2261,0,180
948,381,2261,0,180
949,382,2261,0,179
950,382,2261,0,179
951,380,2261,0,179
952,378,2261,0,177
953,374,2260,0,176
954,373,2260,0,177
955,371,2260,0,180
956,367,2261,0,191
957,367,2261,0,198
958,366,2260,0,194
959,366,2259,0,202
960,366,2256,0,208
961,366,2253,0,211
962,366,2250,0,218
963,367,2246,0,226
964,366,2245,0,231
965,365,2243,0,238
966,364,2242,0,245
967,365,2241,0,248
968,366,2240,0,248
969,366,2239,0,250
970,367,2237,0,251
971,367,2236,0,255
972,367,2235,0,260
973,367,2234,0,263
974,366,2234,0,264
975,365,2234,0,268
976,365,2234,0,271
977,365,2234,0,274
978,365,2234,0,273
979,364,2234,0,273
980,363,2233,0,272
981,362,2233,0,268
982,362,2233,0,266
983,363,2232,0,265
984,363,2233,0,266
985,362,2233,0,264
986,361,2235,0,269
987,360,2236,0,274
988,359,2237,0,275
989,359,2237,0,274
990,359,2236,0,274
991,359,2235,0,276
992,358,2236,0,274
993,357,2235,0,273
994,357,2234,0,271
995,357,2234,0,272
996,357,2234,0,272
997,357,2236,0,273
998,356,2234,0,271
999,356,2234,0,269
1000,356,2233,0,265
1001,358,2232,0,258
1002,360,2230,0,262
1003,362,2226,0,262
1004,362,2225,0,261
1005,362,2223,0,259
1006,363,2221,0,255
1007,363,2219,0,251
1008,364,2218,0,252
1009,365,2219,0,254
1010,365,2218,0,251
1011,366,2218,0,248
1012,366,2218,0,240
1013,366,2220,0,240
1014,366,2219,0,239
1015,366,2218,0,238
1016,367,2216,0,240
1017,368,2215,0,241
1018,369,2212,0,239
1019,367,2213,0,240
1020,366,2213,0,243
1021,365,2213,0,241
1022,365,2213,0,242
1023,365,2211,0,238
1024,365,2210,0,238
1025,367,2209,0,238
1026,367,2208,0,235
1027,368,2206,0,234
1028,369,2205,0,233
1029,368,2205,0,233
1030,368,2205,0,232
1031,368,2206,0,232
1032,368,2206,0,229
1033,367,2206,0,230
1034,367,2206,0,229
1035,367,2206,0,230
1036,367,2206,0,230
1037,367,2207,0,230
1038,366,2208,0,229
1039,364,2208,0,231
1040,361,2211,0,231
1041,361,2212,0,230
1042,363,2211,0,233
1043,365,2208,0,232
1044,365,2208,0,228
1045,368,2208,0,225
1046,369,2208,0,225
1047,370,2209,0,224
1048,371,2209,0,218
1049,372,2210,0,214
1050,374,2210,0,211
1051,375,2210,0,212
1052,376,2210,0,215
1053,377,2209,0,223
1054,378,2207,0,227
1055,380,2205,0,228
1056,382,2203,0,232
1057,383,2202,0,237
1058,383,2199,0,239
1059,384,2198,0,233
1060,385,2197,0,235
1061,387,2196,0,233
1062,387,2194,0,233
1063,388,2193,0,235
1064,388,2194,0,234
1065,387,2194,0,236
1066,388,2194,0,236
1067,388,2193,0,235
1068,388,2193,0,233
1069,389,2193,0,233
1070,389,2193,0,233
1071,389,2193,0,233
1072,390,2193,0,232
1073,390,2192,0,231
1074,391,2192,0,231
1075,391,2193,0,233
1076,391,2193,0,233
1077,391,2192,0,231
1078,391,2192,0,232
1079,392,2192,0,232
1080,391,2193,0,231
1081,391,2191,0,230
1082,390,2190,0,226
1083,389,2190,0,223
1084,388,2189,0,219
1085,388,2189,0,219
1086,387,2189,0,219
1087,387,2189,0,219
1088,387,2188,0,219
1089,386,2188,0,218
1090,386,2188,0,216
1091,385,2187,0,215
1092,384,2187,0,215
1093,386,2187,0,217
1094,388,2187,0,219
1095,388,2189,0,222
1096,389,2191,0,228
1097,391,2192,0,231
1098,392,2193,0,234
1099,394,2193,0,236
1100,395,2193,0,241
1101,395,2193,0,242
1102,397,2193,0,245
1103,397,2194,0,248
1104,398,2195,0,249
1105,399,2196,0,252
1106,400,2197,0,253
1107,400,2197,0,254
1108,400,2196,0,254
1109,400,2197,0,254
1110,400,2198,0,255
1111,399,2198,0,257
1112,399,2196,0,256
1113,398,2196,0,254
1114,398,2194,0,253
1115,398,2194,0,253
1116,398,2194,0,250
1117,398,2194,0,250
1118,398,2193,0,250
1119,398,2193,0,249
1120,398,2194,0,250
1121,398,2193,0,249
1122,398,2194,0,250
1123,398,2194,0,249
1124,399,2194,0,248
1125,400,2194,0,251
1126,401,2194,0,253
1127,401,2194,0,254
1128,401,2195,0,255
1129,401,2195,0,256
1130,401,2195,0,256
1131,401,2195,0,256
1132,400,2195,0,257
1133,400,2195,0,256
1134,400,2195,0,255
1135,400,2195,0,255
1136,399,2196,0,255
1137,399,2196,0,255
1138,399,2196,0,254
1139,398,2196,0,253
1140,398,2196,0,253
1141,398,2196,0,254
1142,397,2198,0,254
1143,396,2198,0,253
1144,395,2197,0,251
1145,396,2194,0,246
1146,398,2193,0,239
1147,397,2193,0,230
1148,398,2194,0,230
1149,401,2193,0,229
1150,401,2193,0,228
1151,403,2194,0,224
1152,401,2195,0,224
1153,400,2195,0,226
1154,401,2194,0,230
1155,402,2193,0,230
1156,403,2193,0,229
1157,403,2193,0,229
1158,404,2192,0,230
1159,405,2190,0,230
1160,407,2188,0,227
1161,407,2188,0,230
1162,408,2188,0,230
1163,408,2187,0,230
1164,407,2187,0,231
1165,408,2186,0,230
1166,407,2185,0,230
1167,407,2186,0,232
1168,405,2186,0,245
1169,403,2186,0,254
1170,401,2185,0,261
1171,398,2187,0,266
1172,395,2187,0,268
1173,393,2187,0,264
1174,392,2187,0,262
1175,392,2188,0,261
1176,391,2187,0,260
1177,392,2188,0,262
1178,393,2190,0,265
1179,393,2191,0,269
1180,393,2191,0,270
1181,392,2191,0,272
1182,391,2191,0,276
1183,391,2190,0,275
1184,390,2189,0,275
1185,388,2187,0,275
1186,386,2187,0,278
1187,386,2186,0,277
1188,386,2186,0,277
1189,386,2186,0,279
1190,387,2186,0,282
1191,388,2186,0,282
1192,389,2185,0,283
1193,390,2185,0,282
1194,390,2184,0,282
1195,391,2184,0,283
1196,391,2185,0,286
1197,391,2185,0,286
1198,392,2185,0,287
1199,392,2184,0,288
1200,393,2184,0,289
1201,393,2184,0,289
1202,393,2184,0,289
1203,393,2184,0,289
1204,393,2184,0,290
1205,393,2184,0,292
1206,394,2186,0,293
1207,394,2186,0,296
1208,393,2187,0,297
1209,393,2187,0,295
1210,393,2187,0,291
1211,391,2187,0,280
1212,390,2185,0,278
1213,388,2183,0,276
1214,388,2180,0,273
1215,390,2179,0,267
1216,390,2178,0,264
1217,391,2180,0,264
1218,391,2181,0,260
1219,391,2184,0,259
1220,391,2184,0,252
1221,392,2183,0,250
1222,393,2183,0,254
1223,393,2182,0,254
1224,393,2181,0,257
1225,394,2181,0,261
1226,394,2180,0,263
1227,394,2180,0,267
1228,393,2180,0,273
1229,392,2185,0,285
1230,392,2185,0,288
1231,392,2184,0,289
1232,391,2184,0,290
1233,391,2187,0,295
1234,391,2187,0,296
1235,390,2187,0,296
1236,391,2187,0,296
1237,391,2187,0,296
1238,391,2186,0,294
1239,391,2186,0,294
1240,391,2186,0,296
1241,391,2186,0,298
1242,391,2186,0,298
1243,391,2186,0,296
1244,391,2186,0,294
1245,391,2187,0,295
1246,392,2187,0,297
1247,391,2188,0,296
1248,391,2189,0,297
1249,391,2189,0,299
1250,392,2190,0,298
1251,392,2191,0,297
1252,392,2192,0,291
1253,393,2195,0,288
1254,393,2196,0,287
1255,393,2201,0,284
1256,394,2201,0,284
1257,394,2199,0,280
1258,395,2199,0,281
1259,396,2198,0,280
1260,395,2198,0,281
1261,395,2197,0,280
1262,394,2196,0,278
1263,392,2194,0,283
1264,391,2194,0,287
1265,389,2192,0,285
1266,389,2192,0,286
1267,389,2191,0,282
1268,390,2190,0,277
1269,390,2187,0,269
1270,389,2185,0,262
1271,388,2185,0,254
1272,391,2185,0,252
1273,392,2186,0,251
1274,391,2187,0,257
1275,392,2187,0,260
1276,392,2186,0,263
1277,392,2187,0,270
1278,391,2190,0,281
1279,389,2192,0,287
1280,389,2191,0,287
1281,388,2190,0,285
1282,388,2188,0,286
1283,387,2188,0,289
1284,386,2187,0,288
1285,387,2187,0,288
1286,387,2187,0,289
1287,388,2187,0,288
1288,388,2186,0,289
1289,389,2186,0,291
1290,389,2186,0,292
1291,390,2186,0,292
1292,389,2187,0,290
1293,388,2188,0,290
1294,388,2188,0,290
1295,387,2188,0,287
1296,387,2187,0,282
1297,388,2184,0,274
1298,389,2183,0,271
1299,390,2184,0,266
1300,391,2183,0,262
1301,392,2184,0,258
1302,394,2184,0,253
1303,394,2184,0,253
1304,393,2186,0,245
1305,393,2187,0,233
1306,394,2187,0,232
1307,395,2187,0,227
1308,394,2190,0,223
1309,393,2190,0,224
1310,393,2190,0,233
1311,393,2190,0,236
1312,392,2192,0,238
1313,392,2193,0,238
1314,391,2193,0,238
1315,390,2193,0,238
1316,390,2192,0,236
1317,390,2192,0,235
1318,391,2192,0,235
1319,392,2193,0,238
1320,392,2193,0,240
1321,392,2193,0,238
1322,392,2192,0,237
1323,392,2191,0,233
1324,392,2191,0,230
1325,391,2190,0,229
1326,390,2189,0,225
1327,390,2189,0,223
1328,389,2188,0,221
1329,389,2189,0,219
1330,388,2189,0,218
1331,388,2189,0,219
1332,387,2189,0,220
1333,386,2189,0,218
1334,386,2188,0,215
1335,386,2188,0,216
1336,386,2187,0,216
1337,386,2187,0,217
1338,387,2187,0,219
1339,387,2188,0,219
1340,387,2188,0,216
1341,385,2188,0,217
1342,387,2188,0,206
1343,387,2189,0,206
1344,388,2189,0,213
1345,391,2189,0,219
1346,397,2182,0,232
1347,404,2175,0,242
1348,406,2171,0,262
1349,404,2169,0,260
1350,402,2169,0,263
1351,402,2168,0,265
1352,400,2163,0,264
1353,395,2159,0,274
1354,396,2153,0,286
1355,396,2153,0,284
1356,398,2154,0,281
1357,396,2153,0,284
1358,395,2151,0,288
1359,394,2146,0,293
1360,392,2142,0,295
1361,389,2138,0,297
1362,387,2137,0,299
1363,385,2137,0,296
1364,385,2136,0,303
1365,385,2135,0,305
1366,384,2135,0,307
1367,381,2135,0,310
1368,380,2137,0,320
1369,377,2138,0,323
1370,374,2139,0,323
1371,373,2138,0,317
1372,372,2136,0,314
1373,371,2134,0,317
1374,371,2134,0,320
1375,369,2133,0,325
1376,368,2132,0,329
1377,365,2132,0,327
1378,366,2131,0,322
1379,368,2132,0,316
1380,368,2130,0,311
1381,368,2129,0,309
1382,368,2128,0,312
1383,367,2126,0,310
1384,366,2125,0,311
1385,364,2122,0,309
1386,364,2122,0,308
1387,366,2124,0,313
1388,365,2125,0,315
1389,364,2126,0,316
1390,365,2125,0,319
1391,363,2126,0,322
1392,361,2130,0,322
1393,363,2129,0,314
1394,360,2131,0,303
1395,358,2132,0,294
1396,356,2130,0,288
1397,361,2128,0,295
1398,362,2128,0,297
1399,362,2128,0,293
1400,361,2129,0,287
1401,362,2131,0,283
1402,365,2132,0,288
1403,362,2131,0,290
1404,361,2133,0,294
1405,365,2136,0,288
1406,363,2134,0,286
1407,362,2134,0,279
1408,363,2134,0,271
1409,364,2137,0,266
1410,363,2135,0,257
1411,369,2134,0,238
1412,372,2135,0,233
1413,376,2134,0,228
1414,380,2132,0,224
1415,382,2130,0,223
1416,388,2125,0,215
1417,392,2124,0,198
1418,395,2125,0,194
1419,402,2126,0,182
1420,410,2127,0,179
1421,416,2127,0,174
1422,421,2128,0,168
1423,425,2128,0,161
1424,430,2130,0,151
1425,433,2132,0,153
1426,435,2133,0,160
1427,439,2133,0,167
1428,440,2130,0,173
1429,438,2128,0,163
1430,439,2129,0,157
1431,442,2131,0,152
1432,444,2135,0,145
1433,448,2142,0,141
1434,452,2146,0,145
1435,453,2147,0,145
1436,456,2149,0,148
1437,461,2149,0,142
1438,468,2152,0,138
1439,471,2153,0,141
1440,477,2155,0,144
1441,482,2158,0,147
1442,488,2159,0,152
1443,492,2159,0,164
1444,494,2158,0,166
1445,495,2157,0,165
1446,495,2156,0,165
1447,497,2157,0,164
1448,498,2158,0,162
1449,501,2157,0,168
1450,502,2157,0,164
1451,504,2158,0,165
1452,505,2158,0,166
1453,506,2158,0,172
1454,505,2156,0,170
1455,506,2155,0,172
1456,504,2154,0,173
1457,498,2152,0,171
1458,492,2150,0,173
1459,493,2146,0,174
1460,497,2147,0,172
1461,497,2150,0,169
1462,499,2153,0,155
1463,504,2156,0,152
1464,510,2159,0,143
1465,517,2164,0,140
1466,519,2166,0,138
1467,518,2168,0,140
1468,519,2169,0,142
1469,520,2169,0,137
1470,521,2168,0,133
1471,525,2169,0,140
1472,530,2174,0,148
1473,532,2176,0,141
1474,537,2179,0,133
1475,541,2182,0,135
1476,546,2185,0,142
1477,549,2186,0,142
1478,552,2188,0,145
1479,556,2189,0,142
1480,559,2192,0,141
1481,561,2196,0,138
1482,564,2198,0,141
1483,569,2200,0,143
1484,575,2204,0,151
1485,578,2207,0,155
1486,581,2207,0,160
1487,580,2209,0,154
1488,583,2208,0,148
1489,590,2212,0,144
1490,592,2214,0,145
1491,594,2215,0,146
1492,597,2217,0,142
1493,601,2220,0,144
1494,604,2224,0,146
1495,612,2223,0,142
1496,616,2227,0,145
1497,618,2228,0,146
1498,617,2229,0,148
1499,619,2227,0,148
1500,620,2226,0,151
1501,620,2227,0,154
1502,619,2225,0,142
1503,619,2225,0,132
1504,624,2227,0,125
1505,627,2229,0,121
1506,628,2230,0,115
1507,626,2234,0,108
1508,627,2240,0,93
1509,627,2248,0,87
1510,625,2250,0,87
1511,622,2254,0,84
1512,624,2257,0,80
1513,625,2259,0,82
1514,625,2260,0,91
1515,628,2259,0,99
1516,630,2258,0,106
1517,632,2259,0,110
1518,636,2261,0,118
1519,638,2264,0,126
1520,644,2270,0,131
1521,646,2273,0,137
1522,648,2273,0,141
1523,650,2272,0,138
1524,652,2271,0,130
1525,652,2271,0,127
1526,652,2271,0,116
1527,650,2273,0,108
1528,650,2274,0,106
1529,650,2277,0,106
1530,651,2279,0,104
1531,651,2282,0,104
1532,651,2283,0,100
1533,652,2282,0,86
1534,649,2283,0,83
1535,647,2282,0,77
1536,644,2282,0,66
1537,645,2284,0,62
1538,642,2286,0,50
1539,641,2290,0,29
1540,639,2289,0,26
1541,636,2289,0,19
1542,630,2288,0,13
1543,626,2285,0,5
1544,622,2283,0,1
1545,617,2282,0,354
1546,618,2278,0,353
1547,615,2277,0,346
1548,617,2278,0,336
1549,616,2275,0,327
1550,614,2272,0,320
1551,612,2271,0,319
1552,610,2268,0,318
1553,609,2263,0,319
1554,606,2261,0,327
1555,603,2260,0,324
1556,603,2259,0,325
1557,603,2257,0,330
1558,601,2256,0,329
1559,597,2253,0,324
1560,596,2254,0,327
1561,592,2253,0,336
1562,587,2253,0,339
1563,580,2253,0,348
1564,574,2254,0,356
1565,571,2255,0,1
1566,568,2258,0,3
1567,564,2259,0,3
1568,561,2258,0,5
1569,556,2258,0,6
1570,552,2259,0,10
1571,549,2260,0,10
1572,550,2262,0,15
1573,551,2260,0,15
1574,550,2260,0,15
1575,551,2260,0,17
1576,549,2262,0,15
1577,547,2261,0,11
1578,545,2261,0,8
1579,546,2259,0,0
1580,546,2256,0,359
1581,543,2256,0,358
1582,541,2254,0,356
1583,534,2255,0,352
1584,531,2256,0,354
1585,525,2255,0,354
1586,520,2253,0,358
1587,517,2253,0,2
1588,517,2254,0,2
1589,517,2255,0,2
1590,516,2256,0,358
1591,517,2258,0,355
1592,517,2257,0,348
1593,517,2254,0,343
1594,515,2248,0,335
1595,513,2246,0,337
1596,513,2249,0,331
1597,511,2246,0,327
1598,508,2247,0,319
1599,503,2250,0,298
1600,501,2250,0,297
1601,501,2250,0,296
1602,502,2252,0,291
1603,500,2251,0,287
1604,500,2247,0,287
1605,501,2244,0,287
1606,500,2242,0,292
1607,497,2239,0,299
1608,497,2238,0,297
1609,495,2237,0,299
1610,493,2234,0,301
1611,490,2233,0,304
1612,488,2231,0,302
1613,485,2228,0,301
1614,484,2226,0,304
1615,483,2225,0,309
1616,480,2226,0,312
1617,478,2223,0,323
1618,476,2219,0,318
1619,472,2214,0,318
1620,469,2213,0,320
1621,464,2208,0,312
1622,460,2204,0,308
1623,459,2204,0,312
1624,454,2199,0,325
1625,453,2199,0,331
1626,455,2200,0,325
1627,455,2198,0,324
1628,455,2197,0,322
1629,454,2195,0,328
1630,452,2194,0,332
1631,451,2196,0,337
1632,448,2195,0,334
1633,445,2195,0,335
1634,440,2193,0,334
1635,438,2193,0,334
1636,437,2191,0,332
1637,434,2191,0,332
1638,435,2193,0,332
1639,434,2195,0,333
1640,430,2193,0,335
1641,427,2191,0,337
1642,423,2189,0,342
1643,421,2188,0,348
1644,421,2187,0,350
1645,422,2187,0,344
1646,421,2185,0,341
1647,417,2184,0,338
1648,412,2182,0,332
1649,411,2180,0,326
1650,411,2179,0,322
1651,408,2176,0,321
1652,407,2173,0,322
1653,408,2170,0,324
1654,406,2167,0,318
1655,401,2165,0,321
1656,398,2164,0,317
1657,397,2164,0,314
1658,397,2162,0,318
1659,394,2161,0,316
1660,392,2161,0,319
1661,391,2161,0,323
1662,392,2163,0,322
1663,391,2163,0,321
1664,390,2161,0,321
1665,388,2160,0,318
1666,389,2160,0,312
1667,394,2158,0,301
1668,395,2154,0,297
1669,395,2153,0,294
1670,396,2151,0,291
1671,397,2149,0,285
1672,396,2146,0,280
1673,396,2146,0,280
1674,397,2149,0,281
1675,397,2151,0,283
1676,396,2150,0,286
1677,396,2150,0,290
1678,395,2147,0,289
1679,396,2145,0,286
1680,397,2145,0,287
1681,398,2143,0,285
1682,399,2142,0,291
1683,398,2142,0,295
1684,398,2144,0,301
1685,396,2143,0,306
1686,393,2143,0,311
1687,389,2141,0,314
1688,388,2140,0,314
1689,386,2142,0,322
1690,383,2141,0,327
1691,380,2138,0,332
1692,375,2136,0,335
1693,373,2134,0,335
1694,370,2135,0,337
1695,368,2133,0,331
1696,366,2133,0,328
1697,364,2130,0,323
1698,364,2128,0,321
1699,363,2126,0,322
1700,363,2127,0,326
1701,361,2128,0,328
1702,362,2126,0,327
1703,361,2127,0,328
1704,359,2129,0,342
1705,358,2129,0,344
1706,356,2129,0,348
1707,354,2130,0,349
1708,351,2131,0,354
1709,346,2132,0,1
1710,343,2133,0,4
1711,341,2133,0,6
1712,341,2134,0,6
1713,342,2135,0,5
1714,341,2135,0,8
1715,342,2136,0,8
1716,343,2136,0,9
1717,343,2136,0,7
1718,342,2135,0,5
1719,341,2132,0,2
1720,340,2130,0,357
1721,337,2129,0,349
1722,334,2126,0,342
1723,332,2125,0,336
1724,329,2125,0,341
1725,327,2124,0,341
1726,324,2124,0,340
1727,321,2122,0,337
1728,318,2118,0,335
1729,317,2116,0,331
1730,317,2116,0,331
1731,316,2115,0,327
1732,316,2112,0,321
1733,315,2111,0,316
1734,314,2110,0,316
1735,311,2108,0,315
1736,308,2108,0,317
1737,305,2105,0,314
1738,304,2101,0,310
1739,300,2098,0,315
1740,299,2095,0,318
1741,299,2094,0,321
1742,298,2092,0,319
1743,298,2092,0,316
1744,297,2092,0,318
1745,296,2091,0,312
1746,295,2091,0,313
1747,294,2092,0,311
1748,293,2094,0,312
1749,290,2090,0,311
1750,288,2087,0,311
1751,285,2084,0,308
1752,281,2083,0,307
1753,279,2083,0,314
1754,276,2082,0,322
1755,272,2078,0,320
1756,272,2077,0,318
1757,271,2078,0,314
1758,272,2077,0,317
1759,272,2076,0,315
1760,272,2076,0,318
1761,272,2076,0,319
1762,272,2076,0,317
1763,272,2076,0,317
1764,273,2076,0,319
1765,272,2075,0,320
1766,272,2074,0,321
1767,272,2074,0,319
1768,273,2076,0,321
1769,274,2078,0,324
1770,272,2076,0,318
1771,270,2072,0,312
1772,268,2070,0,313
1773,269,2068,0,317
1774,268,2069,0,321
1775,269,2070,0,325
1776,266,2068,0,328
1777,265,2066,0,328
1778,262,2065,0,326
1779,259,2063,0,327
1780,252,2057,0,322
1781,250,2055,0,320
1782,249,2054,0,320
1783,248,2054,0,325
1784,247,2053,0,328
1785,245,2053,0,329
1786,242,2056,0,334
1787,237,2055,0,338
1788,233,2056,0,338
1789,230,2056,0,343
1790,229,2055,0,347
1791,226,2053,0,348
1792,222,2052,0,346
1793,218,2050,0,345
1794,216,2048,0,344
1795,214,2047,0,347
1796,210,2046,0,347
1797,209,2045,0,347
1798,206,2043,0,346
1799,203,2040,0,345
1800,203,2044,0,344
1801,200,2042,0,347
1802,199,2042,0,346
1803,201,2042,0,347
1804,200,2041,0,350
1805,198,2042,0,350
1806,197,2041,0,349
1807,197,2042,0,348
1808,198,2042,0,350
1809,197,2042,0,348
1810,196,2042,0,347
1811,196,2042,0,348
1812,196,2042,0,347
1813,203,2042,0,351
1814,203,2043,0,348
1815,203,2044,0,350
1816,202,2045,0,346
1817,202,2045,0,348
1818,202,2046,0,346
1819,202,2045,0,346
1820,202,2045,0,346
1821,202,2044,0,346
1822,202,2045,0,345
1823,202,2045,0,346
1824,202,2045,0,346
1825,203,2045,0,344
1826,203,2046,0,345
1827,204,2046,0,347
1828,204,2046,0,347
1829,205,2046,0,345
1830,205,2047,0,345
1831,205,2046,0,348
1832,205,2045,0,349
1833,204,2044,0,351
1834,203,2044,0,351
1835,203,2044,0,350
1836,204,2044,0,351
1837,204,2043,0,352
1838,204,2043,0,353
1839,204,2043,0,353
1840,205,2043,0,354
1841,205,2043,0,353
1842,205,2043,0,353
1843,204,2043,0,352
1844,204,2043,0,351
1845,203,2044,0,348
1846,203,2044,0,346
1847,203,2043,0,344
1848,203,2044,0,340
1849,203,2043,0,336
1850,202,2042,0,336
1851,200,2040,0,329
1852,202,2039,0,327
1853,202,2038,0,323
1854,200,2036,0,319
1855,198,2032,0,313
1856,198,2028,0,314
1857,198,2025,0,316
1858,197,2024,0,311
1859,195,2020,0,309
1860,194,2018,0,308
1861,191,2013,0,304
1862,188,2009,0,308
1863,188,2009,0,309
1864,186,2007,0,309
1865,185,2007,0,308
1866,185,2006,0,305
1867,185,2002,0,304
1868,185,2002,0,303
1869,183,2002,0,305
1870,181,2000,0,312
1871,179,1997,0,308
1872,178,1998,0,303
1873,178,1999,0,301
1874,180,1998,0,302
1875,179,1995,0,300
1876,178,1993,0,293
1877,176,1987,0,290
1878,175,1984,0,290
1879,175,1983,0,290
1880,177,1980,0,290
1881,182,1978,0,292
1882,183,1978,0,292
1883,183,1980,0,293
1884,181,1981,0,293
1885,181,1982,0,300
1886,181,1982,0,308
1887,180,1981,0,312
1888,177,1979,0,313
1889,175,1978,0,317
1890,174,1977,0,317
1891,175,1976,0,315
1892,175,1974,0,315
1893,174,1972,0,316
1894,174,1972,0,317
1895,172,1972,0,315
1896,171,1972,0,315
1897,170,1972,0,317
1898,171,1973,0,320
1899,172,1972,0,322
1900,172,1972,0,320
1901,171,1972,0,319
1902,172,1972,0,315
1903,172,1972,0,313
1904,171,1972,0,310
1905,170,1971,0,305
1906,171,1970,0,302
1907,169,1966,0,299
1908,168,1965,0,297
1909,167,1965,0,300
1910,166,1963,0,305
1911,165,1964,0,307
1912,167,1966,0,310
1913,168,1968,0,313
1914,170,1970,0,310
1915,170,1968,0,303
1916,170,1967,0,299
1917,171,1967,0,303
1918,172,1968,0,307
1919,171,1968,0,311
1920,171,1968,0,314
1921,172,1970,0,318
1922,172,1970,0,322
1923,171,1969,0,321
1924,170,1968,0,318
1925,170,1969,0,321
1926,170,1970,0,324
1927,171,1970,0,324
1928,172,1970,0,320
1929,174,1968,0,315
1930,174,1968,0,313
1931,174,1968,0,312
1932,174,1968,0,314
1933,174,1969,0,318
1934,173,1971,0,321
1935,172,1971,0,322
1936,171,1974,0,325
1937,169,1974,0,328
1938,169,1975,0,326
1939,169,1975,0,324
1940,167,1974,0,324
1941,168,1974,0,325
1942,168,1974,0,327
1943,168,1974,0,329
1944,168,1974,0,328
1945,167,1975,0,326
1946,166,1976,0,324
1947,166,1976,0,324
1948,166,1976,0,328
1949,166,1976,0,328
1950,167,1975,0,328
1951,166,1976,0,331
1952,166,1975,0,332
1953,164,1974,0,330
1954,163,1974,0,325
1955,161,1972,0,328
1956,159,1971,0,328
1957,159,1970,0,329
1958,159,1970,0,334
1959,159,1971,0,334
1960,158,1970,0,329
1961,157,1968,0,327
1962,156,1967,0,328
1963,156,1967,0,332
1964,157,1968,0,338
1965,158,1967,0,331
1966,157,1965,0,329
1967,157,1964,0,329
1968,157,1965,0,331
1969,157,1964,0,331
1970,158,1966,0,331
1971,159,1968,0,331
1972,160,1970,0,334
1973,165,1976,0,333
1974,168,1977,0,335
1975,169,1977,0,334
1976,168,1978,0,328
1977,166,1979,0,313
1978,167,1979,0,309
1979,167,1978,0,309
1980,170,1976,0,315
1981,169,1975,0,306
1982,171,1974,0,302
1983,172,1973,0,303
1984,172,1973,0,306
1985,173,1974,0,312
1986,174,1973,0,314
1987,174,1973,0,319
1988,174,1973,0,328
1989,174,1975,0,332
1990,174,1976,0,329
1991,176,1983,0,339
1992,177,1982,0,341
1993,178,1983,0,345
1994,176,1982,0,344
1995,173,1981,0,344
1996,171,1982,0,345
1997,169,1982,0,348
1998,168,1985,0,353
1999,166,1985,0,356
2000,163,1991,0,1
2001,162,1992,0,3
2002,160,1993,0,6
2003,160,1995,0,2
2004,158,1996,0,6
2005,156,1998,0,9
2006,153,1998,0,4
2007,152,1997,0,5
2008,151,1997,0,7
2009,151,1998,0,7
2010,149,2000,0,10
2011,148,2002,0,12
2012,147,2011,0,16
2013,144,2011,0,19
2014,141,2014,0,22
2015,140,2015,0,23
2016,138,2016,0,25
2017,137,2015,0,23
2018,135,2018,0,17
2019,136,2020,0,17
2020,134,2020,0,20
2021,131,2019,0,23
2022,132,2020,0,15
2023,130,2020,0,14
2024,128,2018,0,13
2025,126,2018,0,11
2026,124,2020,0,4
2027,122,2021,0,3
2028,121,2021,0,3
2029,120,2022,0,0
2030,119,2022,0,1
2031,117,2022,0,358
2032,116,2022,0,356
2033,116,2022,0,354
2034,114,2022,0,355
2035,112,2021,0,354
2036,112,2020,0,353
2037,111,2019,0,349
2038,113,2019,0,346
2039,114,2018,0,344
2040,111,2017,0,340
2041,110,2016,0,338
2042,111,2015,0,341
2043,111,2014,0,343
2044,111,2015,0,345
2045,112,2015,0,350
2046,112,2015,0,352
2047,113,2015,0,352
2048,112,2015,0,351
2049,111,2014,0,347
2050,110,2014,0,345
2051,110,2013,0,344
2052,110,2014,0,344
2053,110,2014,0,345
2054,112,2016,0,351
2055,114,2017,0,352
2056,114,2018,0,355
2057,115,2021,0,357
2058,115,2025,0,2
2059,116,2029,0,4
2060,116,2029,0,6
2061,114,2031,0,8
2062,114,2030,0,6
2063,113,2030,0,5
2064,113,2030,0,6
2065,112,2029,0,6
2066,114,2029,0,2
2067,115,2028,0,357
2068,114,2027,0,356
2069,112,2027,0,359
2070,110,2028,0,5
2071,109,2030,0,9
2072,107,2031,0,15
2073,106,2032,0,19
2074,104,2033,0,24
2075,103,2036,0,29
2076,105,2038,0,32
2077,105,2040,0,33
2078,106,2042,0,25
2079,104,2042,0,34
2080,104,2043,0,37
2081,103,2043,0,41
2082,104,2043,0,48
2083,105,2047,0,48
2084,106,2046,0,45
2085,108,2051,0,51
2086,108,2053,0,56
2087,110,2054,0,53
2088,109,2052,0,57
2089,109,2052,0,56
2090,109,2053,0,53
2091,109,2054,0,55
2092,109,2055,0,58
2093,107,2057,0,57
2094,103,2059,0,59
2095,101,2061,0,59
2096,102,2063,0,51
2097,103,2065,0,50
2098,105,2065,0,52
2099,105,2066,0,52
2100,106,2065,0,49
2101,106,2064,0,48
2102,108,2063,0,49
2103,109,2063,0,59
2104,108,2061,0,63
2105,109,2058,0,64
2106,112,2057,0,68
2107,114,2058,0,68
2108,114,2058,0,72
2109,114,2058,0,75
2110,114,2058,0,84
2111,115,2061,0,88
2112,118,2058,0,90
2113,121,2059,0,93
2114,122,2060,0,93
2115,123,2063,0,93
2116,124,2063,0,95
2117,126,2065,0,99
2118,126,2067,0,103
2119,129,2070,0,99
2120,129,2072,0,99
2121,129,2072,0,101
2122,129,2074,0,100
2123,131,2074,0,96
2124,134,2074,0,97
2125,132,2074,0,97
2126,130,2075,0,101
2127,130,2075,0,101
2128,130,2075,0,98
2129,132,2076,0,96
2130,131,2075,0,96
2131,129,2074,0,98
2132,127,2072,0,101
2133,126,2070,0,101
2134,127,2068,0,103
2135,128,2067,0,104
2136,129,2067,0,116
2137,133,2066,0,128
2138,134,2065,0,132
2139,140,2067,0,136
2140,145,2067,0,138
2141,148,2068,0,143
2142,152,2068,0,146
2143,154,2069,0,144
2144,154,2070,0,147
2145,154,2070,0,150
2146,155,2071,0,151
2147,156,2071,0,153
2148,159,2072,0,155
2149,160,2072,0,155
2150,159,2072,0,159
2151,160,2072,0,160
2152,160,2072,0,159
2153,160,2073,0,158
2154,160,2073,0,160
2155,158,2073,0,169
2156,158,2071,0,175
2157,160,2070,0,178
2158,163,2068,0,183
2159,165,2064,0,186
2160,171,2062,0,188
2161,172,2062,0,188
2162,172,2062,0,187
2163,173,2062,0,184
2164,179,2060,0,179
2165,184,2058,0,182
2166,187,2060,0,175
2167,193,2061,0,168
2168,194,2058,0,172
2169,197,2058,0,174
2170,197,2058,0,175
2171,199,2059,0,173
2172,199,2060,0,175
2173,197,2059,0,172
2174,197,2059,0,168
2175,197,2058,0,170
2176,198,2059,0,172
2177,196,2060,0,173
2178,200,2059,0,180
2179,202,2060,0,184
2180,202,2055,0,194
2181,204,2053,0,197
2182,206,2052,0,199
2183,207,2051,0,199
2184,206,2050,0,200
2185,208,2050,0,198
2186,206,2050,0,196
2187,205,2050,0,197
2188,205,2048,0,195
2189,204,2049,0,199
2190,204,2048,0,200
2191,205,2048,0,197
2192,206,2048,0,196
2193,206,2047,0,197
2194,206,2047,0,195
2195,206,2047,0,197
2196,207,2047,0,198
2197,209,2046,0,199
2198,209,2047,0,198
2199,211,2046,0,196
2200,213,2044,0,199
2201,213,2043,0,203
2202,214,2042,0,204
2203,216,2040,0,207
2204,219,2039,0,206
2205,223,2037,0,207
2206,226,2034,0,207
2207,227,2034,0,208
2208,228,2033,0,208
2209,228,2034,0,209
2210,228,2034,0,207
2211,228,2033,0,209
2212,228,2033,0,208
2213,228,2034,0,206
2214,228,2035,0,206
2215,229,2034,0,204
2216,228,2035,0,208
2217,228,2035,0,207
2218,228,2035,0,208
2219,228,2037,0,209
2220,228,2036,0,209
2221,228,2036,0,209
2222,228,2037,0,210
2223,228,2037,0,209
2224,228,2037,0,211
2225,228,2036,0,210
2226,228,2036,0,211
2227,228,2036,0,211
2228,228,2037,0,214
2229,228,2037,0,214
2230,228,2037,0,215
2231,228,2036,0,216
2232,228,2036,0,217
2233,228,2036,0,218
2234,229,2036,0,218
2235,229,2036,0,218
2236,230,2036,0,218
2237,230,2036,0,216
2238,231,2035,0,217
2239,231,2034,0,216
2240,231,2034,0,215
2241,232,2034,0,216
2242,232,2034,0,216
2243,232,2034,0,216
2244,232,2033,0,217
2245,232,2033,0,215
2246,232,2033,0,215
2247,232,2033,0,216
2248,232,2034,0,216
2249,231,2033,0,215
2250,232,2034,0,216
2251,232,2034,0,215
2252,231,2034,0,213
2253,230,2034,0,210
2254,231,2034,0,211
2255,230,2034,0,210
2256,230,2034,0,211
2257,230,2034,0,210
2258,230,2034,0,209
2259,230,2034,0,209
2260,230,2033,0,208
2261,230,2034,0,208
2262,229,2033,0,208
2263,229,2033,0,209
2264,230,2033,0,208
2265,230,2033,0,209
2266,230,2033,0,210
2267,230,2034,0,212
2268,230,2034,0,215
2269,231,2035,0,215
2270,231,2035,0,215
2271,231,2035,0,216
2272,231,2035,0,216
2273,231,2035,0,217
2274,231,2035,0,216
2275,231,2035,0,216
2276,231,2035,0,217
2277,232,2036,0,217
2278,232,2036,0,216
2279,232,2036,0,216
2280,233,2036,0,216
2281,233,2036,0,216
2282,233,2036,0,216
2283,233,2036,0,217
2284,233,2036,0,217
2285,233,2036,0,219
2286,232,2036,0,218
2287,232,2036,0,217
2288,232,2036,0,213
2289,232,2036,0,211
2290,231,2036,0,213
2291,231,2036,0,214
2292,231,2035,0,212
2293,231,2036,0,213
2294,231,2036,0,211
2295,231,2035,0,211
2296,231,2035,0,214
2297,231,2036,0,213
2298,231,2035,0,214
2299,231,2035,0,214
2300,231,2035,0,214
2301,231,2035,0,213
2302,231,2035,0,213
2303,231,2036,0,210
2304,231,2035,0,212
2305,231,2035,0,211
2306,231,2035,0,211
2307,231,2035,0,210
2308,231,2036,0,209
2309,230,2036,0,212
2310,230,2036,0,212
2311,231,2036,0,213
2312,231,2036,0,213
2313,231,2036,0,214
2314,231,2036,0,210
2315,230,2036,0,212
2316,231,2036,0,213
2317,231,2036,0,213
2318,231,2036,0,215
2319,231,2036,0,215
2320,231,2036,0,215
2321,231,2036,0,215
2322,231,2036,0,216
2323,232,2036,0,216
2324,232,2036,0,215
2325,232,2036,0,215
2326,232,2035,0,214
2327,232,2035,0,215
2328,232,2035,0,217
2329,233,2034,0,216
2330,232,2034,0,215
2331,232,2034,0,215
2332,233,2034,0,216
2333,232,2034,0,216
2334,232,2034,0,215
2335,232,2034,0,216
2336,232,2033,0,214
2337,231,2033,0,213
2338,231,2033,0,212
2339,231,2032,0,211
2340,232,2032,0,211
2341,232,2032,0,210
2342,232,2032,0,211
2343,232,2032,0,210
2344,232,2032,0,209
2345,232,2032,0,210
2346,232,2032,0,210
2347,232,2032,0,210
2348,232,2032,0,211
2349,232,2032,0,211
2350,232,2032,0,212
2351,232,2032,0,212
2352,232,2032,0,212
2353,232,2032,0,212
2354,232,2032,0,212
2355,232,2032,0,213
2356,232,2032,0,212
2357,232,2032,0,212
2358,232,2033,0,212
2359,232,2032,0,212
2360,232,2033,0,213
2361,232,2033,0,213
2362,232,2033,0,213
2363,232,2033,0,215
2364,233,2033,0,213
2365,232,2033,0,213
2366,232,2032,0,213
2367,232,2032,0,213
2368,232,2033,0,214
2369,232,2033,0,213
2370,232,2033,0,213
2371,232,2034,0,212
2372,231,2034,0,211
2373,231,2034,0,212
2374,231,2034,0,212
2375,231,2035,0,212
2376,232,2035,0,213
2377,232,2034,0,214
2378,231,2034,0,212
2379,231,2034,0,213
2380,232,2034,0,214
2381,232,2033,0,215
2382,232,2033,0,216
2383,232,2033,0,216
2384,232,2033,0,215
2385,232,2033,0,216
2386,232,2033,0,216
2387,231,2033,0,214
2388,231,2033,0,212
2389,231,2033,0,212
2390,231,2032,0,211
2391,231,2033,0,211
2392,231,2033,0,212
2393,232,2033,0,214
2394,232,2033,0,215
2395,231,2033,0,214
2396,232,2033,0,214
2397,231,2033,0,214
2398,232,2033,0,214
2399,232,2033,0,215
2400,232,2033,0,215
2401,232,2033,0,215
2402,232,2033,0,214
2403,232,2033,0,214
2404,232,2033,0,214
2405,232,2032,0,212
2406,232,2033,0,214
2407,232,2034,0,213
2408,231,2035,0,210
2409,231,2035,0,209
2410,231,2035,0,212
2411,231,2035,0,213
2412,231,2036,0,212
2413,231,2036,0,211
2414,231,2036,0,211
2415,231,2036,0,210
2416,231,2036,0,212
2417,231,2036,0,211
2418,231,2036,0,212
2419,232,2036,0,212
2420,231,2036,0,213
2421,231,2036,0,213
2422,231,2035,0,212
2423,231,2036,0,212
2424,231,2036,0,213
2425,231,2037,0,213
2426,231,2037,0,214
2427,231,2036,0,213
2428,231,2035,0,213
2429,231,2035,0,213
2430,231,2035,0,213
2431,231,2035,0,212
2432,231,2035,0,212
2433,232,2036,0,213
2434,232,2035,0,212
2435,232,2035,0,213
2436,232,2034,0,212
2437,232,2034,0,213
2438,232,2034,0,213
2439,232,2034,0,214
2440,232,2033,0,216
2441,232,2033,0,214
2442,232,2033,0,215
2443,232,2033,0,216
2444,232,2033,0,215
2445,232,2033,0,214
2446,231,2034,0,211
2447,231,2034,0,209
2448,231,2035,0,211
2449,231,2037,0,209
2450,231,2038,0,211
2451,232,2038,0,210
2452,231,2038,0,210
2453,232,2038,0,210
2454,232,2036,0,211
2455,232,2036,0,213
2456,232,2036,0,214
2457,232,2035,0,212
2458,233,2034,0,213
2459,234,2034,0,212
2460,234,2034,0,214
2461,234,2034,0,214
2462,233,2034,0,215
2463,233,2034,0,215
2464,233,2034,0,216
2465,232,2034,0,215
2466,232,2034,0,215
2467,232,2034,0,214
2468,232,2034,0,215
2469,232,2033,0,216
2470,232,2033,0,215
2471,232,2033,0,215
2472,232,2033,0,215
2473,232,2034,0,213
2474,231,2035,0,211
2475,231,2035,0,212
2476,231,2036,0,213
2477,231,2036,0,212
2478,230,2036,0,212
2479,231,2035,0,212
2480,231,2035,0,211
2481,231,2035,0,213
2482,230,2035,0,210
2483,231,2034,0,213
2484,232,2034,0,215
2485,232,2034,0,212
2486,231,2034,0,211
2487,231,2034,0,212
2488,231,2033,0,211
2489,232,2034,0,213
2490,231,2034,0,213
2491,231,2033,0,216
2492,232,2034,0,213
2493,232,2033,0,214
2494,232,2033,0,213
2495,232,2033,0,214
2496,232,2033,0,214
2497,232,2033,0,214
2498,232,2033,0,214
2499,232,2033,0,215
2500,232,2033,0,214
2501,232,2033,0,214
2502,232,2033,0,215
2503,232,2033,0,216
2504,232,2033,0,215
2505,232,2033,0,214
2506,232,2033,0,215
2507,232,2034,0,216
2508,232,2034,0,216
2509,232,2034,0,216
2510,232,2034,0,215
2511,232,2034,0,216
2512,232,2034,0,216
2513,232,2034,0,216
2514,232,2034,0,216
2515,233,2034,0,215
2516,232,2035,0,215
2517,233,2034,0,215
2518,233,2034,0,214
2519,233,2035,0,215
2520,232,2035,0,211
2521,231,2035,0,212
2522,231,2035,0,214
2523,231,2035,0,215
2524,231,2034,0,214
2525,231,2034,0,213
2526,231,2034,0,214
2527,232,2033,0,216
2528,232,2032,0,217
2529,232,2033,0,218
2530,231,2033,0,219
2531,230,2033,0,219
2532,230,2033,0,219
2533,229,2033,0,219
2534,229,2034,0,221
2535,229,2033,0,220
2536,228,2033,0,216
2537,228,2033,0,217
2538,228,2033,0,218
2539,228,2033,0,220
2540,228,2034,0,218
2541,228,2034,0,217
2542,229,2035,0,215
2543,230,2036,0,210
2544,229,2038,0,206
2545,229,2040,0,202
2546,230,2040,0,205
2547,230,2040,0,205
2548,230,2041,0,205
2549,231,2040,0,206
2550,231,2040,0,208
2551,231,2039,0,209
2552,232,2038,0,211
2553,232,2037,0,212
2554,232,2035,0,212
2555,232,2034,0,212
2556,232,2034,0,212
2557,232,2034,0,211
2558,232,2033,0,211
2559,232,2034,0,211
2560,232,2034,0,211
2561,232,2033,0,210
2562,232,2033,0,209
2563,232,2033,0,211
2564,232,2034,0,211
2565,231,2035,0,211
2566,231,2036,0,211
2567,230,2036,0,211
2568,230,2036,0,211
2569,231,2035,0,211
2570,231,2036,0,212
2571,231,2035,0,211
2572,232,2036,0,210
2573,232,2036,0,210
2574,232,2036,0,210
2575,232,2035,0,210
2576,232,2034,0,211
2577,232,2035,0,210
2578,232,2035,0,209
2579,232,2034,0,211
2580,231,2034,0,211
2581,231,2034,0,211
2582,231,2034,0,212
2583,231,2034,0,212
2584,231,2033,0,211
2585,231,2033,0,210
2586,231,2033,0,211
2587,231,2032,0,211
2588,230,2032,0,212
2589,231,2031,0,211
2590,231,2031,0,209
2591,231,2031,0,208
2592,231,2030,0,207
2593,231,2030,0,207
2594,231,2030,0,208
2595,231,2030,0,210
2596,231,2030,0,211
2597,231,2030,0,211
2598,231,2029,0,212
2599,230,2029,0,213
2600,230,2030,0,212
2601,230,2030,0,212
2602,230,2030,0,212
2603,231,2030,0,211
2604,230,2030,0,210
2605,230,2030,0,210
2606,230,2030,0,209
2607,230,2030,0,209
2608,230,2031,0,209
2609,230,2031,0,209
2610,230,2031,0,208
2611,231,2031,0,208
2612,231,2031,0,209
2613,232,2031,0,208
2614,232,2031,0,208
2615,232,2031,0,207
2616,232,2032,0,210
2617,230,2032,0,210
2618,229,2033,0,209
2619,230,2033,0,209
2620,231,2033,0,212
2621,231,2033,0,214
2622,231,2033,0,212
2623,232,2033,0,214
2624,232,2033,0,213
2625,232,2032,0,212
2626,232,2033,0,213
2627,232,2033,0,212
2628,232,2033,0,212
2629,231,2033,0,213
2630,231,2032,0,212
2631,231,2033,0,214
2632,231,2032,0,213
2633,231,2032,0,212
2634,231,2032,0,212
2635,231,2032,0,212
2636,231,2032,0,212
2637,231,2032,0,212
2638,232,2032,0,212
2639,232,2032,0,212
2640,232,2032,0,212
2641,232,2032,0,212
2642,232,2033,0,211
2643,231,2033,0,212
2644,231,2034,0,211
2645,231,2034,0,209
2646,231,2034,0,209
2647,231,2034,0,209
2648,232,2034,0,208
2649,231,2034,0,210
2650,232,2033,0,210
2651,232,2033,0,209
2652,232,2033,0,210
2653,231,2033,0,210
2654,231,2033,0,210
2655,231,2032,0,210
2656,231,2032,0,209
2657,231,2032,0,210
2658,231,2031,0,208
2659,231,2031,0,208
2660,232,2031,0,209
2661,231,2031,0,209
2662,232,2031,0,210
2663,232,2031,0,208
2664,232,2030,0,210
2665,232,2030,0,210
2666,232,2030,0,209
2667,232,2030,0,210
2668,231,2030,0,209
2669,232,2030,0,209
2670,232,2030,0,209
2671,232,2030,0,209
2672,232,2030,0,209
2673,232,2030,0,210
2674,231,2030,0,210
2675,232,2030,0,209
2676,232,2030,0,209
2677,232,2031,0,210
2678,232,2031,0,209
2679,232,2030,0,209
2680,232,2030,0,209
2681,232,2031,0,209
2682,232,2031,0,209
2683,232,2031,0,209
2684,232,2031,0,209
2685,232,2032,0,211
2686,232,2033,0,210
2687,231,2034,0,211
2688,231,2034,0,210
2689,230,2034,0,210
2690,230,2034,0,210
2691,231,2034,0,211
2692,230,2034,0,211
2693,231,2034,0,211
2694,232,2034,0,211
2695,232,2034,0,212
2696,232,2034,0,213
2697,232,2033,0,212
2698,233,2033,0,213
2699,233,2034,0,214
2700,233,2034,0,214
2701,233,2033,0,214
2702,233,2035,0,213
2703,232,2036,0,210
2704,231,2036,0,211
2705,231,2036,0,209
2706,232,2036,0,213
2707,231,2036,0,213
2708,232,2035,0,209
2709,232,2035,0,209
2710,232,2035,0,210
2711,232,2035,0,209
2712,232,2034,0,208
2713,232,2035,0,210
2714,232,2034,0,209
2715,232,2034,0,211
2716,231,2034,0,211
2717,232,2034,0,210
2718,232,2034,0,211
2719,231,2033,0,211
2720,231,2033,0,211
2721,231,2033,0,211
2722,231,2033,0,211
2723,232,2033,0,213
2724,231,2033,0,212
2725,231,2032,0,213
2726,231,2032,0,212
2727,231,2032,0,213
2728,231,2032,0,213
2729,231,2032,0,213
2730,231,2032,0,212
2731,231,2032,0,210
2732,231,2031,0,210
2733,231,2031,0,210
2734,232,2032,0,210
2735,232,2031,0,209
2736,231,2031,0,210
2737,231,2031,0,210
2738,231,2031,0,209
2739,231,2031,0,210
2740,232,2031,0,209
2741,232,2031,0,210
2742,232,2032,0,209
2743,232,2031,0,210
2744,232,2031,0,210
2745,232,2032,0,209
2746,232,2032,0,209
2747,232,2032,0,209
2748,232,2032,0,208
2749,231,2031,0,209
2750,230,2032,0,208
2751,229,2033,0,205
2752,229,2032,0,207
2753,229,2032,0,206
2754,229,2032,0,205
2755,230,2032,0,206
2756,231,2032,0,206
2757,231,2033,0,208
2758,231,2033,0,209
2759,231,2034,0,209
2760,231,2033,0,209
2761,231,2034,0,209
2762,231,2032,0,209
2763,231,2033,0,208
2764,231,2033,0,208
2765,231,2033,0,209
2766,231,2033,0,209
2767,231,2033,0,209
2768,231,2033,0,208
2769,231,2034,0,210
2770,231,2034,0,209
2771,232,2035,0,208
2772,232,2035,0,208
2773,232,2035,0,207
2774,232,2035,0,209
2775,233,2035,0,207
2776,233,2036,0,208
2777,233,2035,0,207
2778,233,2036,0,208
2779,233,2036,0,208
2780,233,2036,0,208
2781,233,2036,0,208
2782,233,2036,0,208
2783,233,2037,0,209
2784,233,2036,0,208
2785,233,2036,0,208
2786,233,2036,0,207
2787,233,2036,0,210
2788,233,2037,0,210
2789,233,2036,0,210
2790,233,2036,0,210
2791,233,2036,0,211
2792,233,2037,0,210
2793,233,2036,0,209
2794,233,2037,0,209
2795,233,2037,0,210
2796,233,2037,0,208
2797,233,2037,0,209
2798,233,2036,0,208
2799,233,2036,0,208
2800,233,2036,0,208
2801,233,2036,0,209
2802,233,2036,0,208
2803,233,2036,0,209
2804,233,2035,0,208
2805,233,2035,0,208
2806,233,2035,0,208
2807,233,2035,0,208
2808,232,2035,0,208
2809,232,2035,0,209
2810,232,2035,0,209
2811,232,2035,0,208
2812,232,2035,0,208
2813,232,2034,0,210
2814,232,2035,0,209
2815,232,2035,0,210
2816,232,2035,0,208
2817,232,2036,0,209
2818,232,2036,0,209
2819,232,2036,0,208
2820,232,2035,0,207
2821,232,2035,0,208
2822,232,2036,0,208
2823,232,2036,0,207
2824,232,2035,0,208
2825,231,2035,0,208
2826,232,2035,0,207
2827,232,2036,0,208
2828,233,2036,0,207
2829,233,2036,0,207
2830,233,2036,0,206
2831,232,2036,0,207
2832,232,2035,0,208
2833,231,2035,0,209
2834,231,2035,0,208
2835,231,2035,0,209
2836,231,2035,0,208
2837,231,2035,0,209
2838,231,2036,0,209
2839,231,2036,0,208
2840,231,2035,0,209
2841,232,2035,0,210
2842,231,2035,0,211
2843,232,2036,0,210
2844,232,2036,0,210
2845,231,2035,0,209
2846,231,2035,0,209
2847,231,2034,0,209
2848,231,2034,0,210
2849,230,2034,0,210
2850,230,2034,0,209
2851,230,2034,0,209
2852,230,2034,0,210
2853,229,2033,0,209
2854,229,2035,0,208
2855,229,2034,0,205
2856,228,2032,0,204
2857,229,2031,0,206
2858,228,2031,0,206
2859,229,2031,0,204
2860,229,2032,0,206
2861,229,2032,0,207
2862,229,2032,0,207
2863,230,2032,0,207
2864,231,2033,0,206
2865,231,2033,0,206
2866,231,2033,0,206
2867,230,2033,0,206
2868,230,2032,0,207
2869,230,2032,0,207
2870,231,2032,0,207
2871,230,2032,0,207
2872,231,2032,0,207
2873,230,2032,0,208
2874,230,2031,0,209
2875,230,2031,0,210
2876,230,2031,0,210
2877,230,2031,0,210
2878,230,2031,0,210
2879,231,2031,0,209
2880,230,2031,0,209
2881,230,2031,0,210
2882,231,2031,0,208
2883,231,2031,0,208
2884,231,2031,0,208
2885,232,2032,0,209
2886,232,2032,0,209
2887,232,2032,0,207
2888,231,2033,0,206
2889,230,2033,0,208
2890,230,2033,0,207
2891,229,2031,0,206
2892,228,2031,0,205
2893,228,2031,0,206
2894,229,2032,0,209
2895,229,2031,0,209
2896,229,2031,0,206
2897,229,2031,0,207
2898,229,2031,0,207
2899,229,2031,0,208
2900,229,2031,0,207
2901,229,2031,0,209
2902,229,2031,0,209
2903,230,2031,0,209
2904,230,2030,0,208
2905,230,2030,0,208
2906,230,2030,0,209
2907,230,2030,0,210
2908,230,2030,0,209
2909,231,2030,0,208
2910,232,2030,0,208
2911,231,2030,0,208
2912,231,2030,0,207
2913,231,2031,0,207
2914,231,2031,0,206
2915,231,2031,0,207
2916,231,2031,0,206
2917,231,2031,0,206
2918,231,2031,0,207
2919,231,2031,0,206
2920,232,2031,0,207
2921,232,2031,0,208
2922,231,2032,0,209
2923,231,2032,0,208
2924,231,2031,0,209
2925,231,2031,0,208
2926,230,2032,0,206
2927,229,2032,0,206
2928,230,2032,0,207
2929,230,2032,0,208
2930,230,2031,0,208
2931,230,2031,0,209
2932,230,2031,0,208
2933,230,2031,0,208
2934,231,2031,0,208
2935,232,2031,0,207
2936,232,2030,0,207
2937,231,2030,0,209
2938,230,2030,0,209
2939,230,2029,0,210
2940,230,2030,0,210
2941,230,2030,0,209
2942,231,2030,0,208
2943,231,2030,0,206
2944,231,2030,0,207
2945,231,2030,0,206
2946,231,2030,0,205
2947,231,2030,0,207
2948,231,2030,0,207
2949,230,2030,0,208
2950,231,2030,0,207
2951,230,2031,0,207
2952,229,2031,0,207
2953,228,2031,0,206
2954,228,2030,0,203
2955,225,2032,0,203
2956,226,2035,0,200
2957,229,2041,0,196
2958,233,2040,0,190
2959,234,2036,0,177
2960,234,2035,0,171
2961,234,2035,0,175
2962,235,2033,0,176
2963,235,2033,0,181
2964,235,2034,0,179
2965,235,2035,0,176
2966,235,2035,0,171
2967,235,2035,0,173
2968,235,2034,0,172
2969,235,2034,0,169
2970,234,2036,0,169
2971,235,2037,0,167
2972,235,2037,0,166
2973,235,2037,0,173
2974,236,2037,0,177
2975,237,2036,0,175
2976,235,2037,0,178
2977,236,2035,0,189
2978,234,2035,0,184
2979,234,2036,0,178
2980,233,2036,0,178
2981,233,2038,0,177
2982,233,2039,0,177
2983,234,2039,0,179
2984,234,2037,0,175
2985,234,2036,0,177
2986,234,2036,0,185
2987,232,2037,0,193
2988,230,2037,0,204
2989,229,2039,0,206
2990,230,2039,0,209
2991,231,2038,0,212
2992,231,2038,0,211
2993,230,2036,0,208
2994,231,2034,0,209
2995,231,2034,0,210
2996,231,2034,0,208
2997,232,2034,0,209
2998,231,2034,0,208
2999,230,2035,0,203
