99,1493,889,0,150
100,1502,896,0,140
101,1511,911,0,122
102,1514,913,0,114
103,1513,914,0,113
104,1509,911,0,115
105,1513,914,0,115
106,1514,916,0,114
107,1514,915,0,110
108,1512,917,0,111
109,1513,919,0,113
110,1515,922,0,114
111,1517,923,0,115
112,1516,923,0,113
113,1518,923,0,104
114,1518,922,0,101
115,1518,922,0,109
116,1518,922,0,107
117,1518,923,0,101
118,1518,922,0,101
119,1519,923,0,104
120,1519,923,0,100
121,1520,924,0,97
122,1521,927,0,91
123,1522,930,0,88
124,1523,933,0,85
125,1525,936,0,73
126,1525,938,0,62
127,1526,940,0,61
128,1528,942,0,60
129,1529,945,0,51
130,1530,944,0,47
131,1531,945,0,50
132,1530,945,0,52
133,1528,945,0,48
134,1528,945,0,48
135,1530,945,0,50
136,1529,946,0,52
137,1529,947,0,51
138,1532,945,0,50
139,1535,941,0,47
140,1534,941,0,48
141,1536,942,0,53
142,1535,943,0,57
143,1534,941,0,61
144,1533,939,0,63
145,1531,940,0,60
146,1531,940,0,56
147,1531,942,0,59
148,1532,941,0,55
149,1533,938,0,67
150,1532,938,0,59
151,1533,939,0,50
152,1532,941,0,50
153,1532,940,0,55
154,1533,937,0,67
155,1533,936,0,72
156,1533,938,0,63
157,1533,941,0,48
158,1532,944,0,47
159,1530,946,0,46
160,1530,947,0,46
161,1529,948,0,47
162,1531,948,0,48
163,1532,949,0,39
164,1534,949,0,42
165,1535,949,0,44
166,1533,948,0,38
167,1535,949,0,42
168,1539,947,0,43
169,1542,943,0,52
170,1541,942,0,52
171,1541,941,0,53
172,1543,940,0,51
173,1540,939,0,58
174,1540,936,0,60
175,1542,936,0,58
176,1553,930,0,47
177,1554,932,0,41
178,1554,931,0,24
181,1569,931,0,310
182,1570,932,0,296
183,1570,931,0,300
184,1569,927,0,310
185,1563,924,0,313
186,1558,922,0,328
187,1554,917,0,339
188,1551,920,0,353
189,1549,923,0,7
190,1545,927,0,15
191,1541,925,0,13
192,1541,926,0,17
193,1542,924,0,33
194,1543,921,0,43
195,1542,919,0,48
196,1540,917,0,47
197,1537,917,0,55
198,1534,918,0,54
199,1532,922,0,52
200,1531,925,0,56
201,1529,932,0,63
202,1529,935,0,62
203,1527,936,0,69
204,1526,938,0,70
205,1526,940,0,64
206,1525,941,0,70
207,1524,942,0,70
208,1525,941,0,69
209,1524,941,0,65
213,1528,940,0,67
214,1525,930,0,84
215,1524,931,0,95
216,1525,931,0,104
217,1524,929,0,109
218,1523,927,0,116
219,1523,927,0,120
220,1518,930,0,131
221,1516,933,0,135
222,1516,934,0,139
223,1517,934,0,143
224,1520,934,0,137
225,1522,937,0,146
226,1523,936,0,155
227,1524,938,0,148
228,1534,941,0,151
229,1538,943,0,156
230,1536,943,0,166
231,1533,942,0,166
232,1530,942,0,167
233,1533,942,0,152
234,1537,944,0,155
235,1546,946,0,158
236,1546,949,0,165
237,1540,949,0,163
238,1538,948,0,167
239,1536,949,0,170
240,1534,949,0,172
241,1533,951,0,172
242,1535,954,0,184
243,1540,956,0,191
244,1541,957,0,204
245,1542,959,0,205
246,1544,958,0,203
247,1550,956,0,214
248,1554,950,0,229
249,1559,946,0,231
250,1560,943,0,240
251,1558,942,0,250
252,1558,943,0,231
253,1557,943,0,223
254,1561,943,0,216
255,1563,943,0,199
256,1571,948,0,201
257,1577,947,0,194
258,1589,940,0,183
259,1594,941,0,180
260,1602,943,0,205
261,1602,941,0,206
262,1603,937,0,217
263,1608,937,0,223
264,1606,935,0,229
265,1609,933,0,227
266,1610,931,0,219
267,1609,929,0,220
268,1609,930,0,219
269,1609,930,0,216
270,1610,931,0,209
271,1610,936,0,205
272,1610,936,0,212
273,1615,934,0,210
274,1621,929,0,201
275,1625,926,0,199
276,1629,926,0,202
277,1628,926,0,206
278,1632,925,0,215
279,1634,925,0,219
280,1634,926,0,216
281,1635,924,0,209
282,1641,923,0,207
283,1644,918,0,213
284,1650,918,0,206
285,1656,916,0,202
286,1660,912,0,201
287,1669,916,0,205
288,1678,915,0,200
289,1682,918,0,198
290,1689,917,0,207
291,1695,919,0,206
292,1703,918,0,212
293,1713,920,0,220
294,1717,926,0,211
295,1724,930,0,195
296,1727,925,0,179
297,1730,933,0,151
298,1736,936,0,155
299,1747,945,0,148
300,1745,947,0,141
301,1741,949,0,126
302,1745,953,0,121
303,1743,957,0,115
304,1745,962,0,115
305,1750,967,0,104
306,1760,969,0,86
307,1764,971,0,91
308,1756,978,0,98
309,1753,982,0,97
310,1751,986,0,93
311,1752,990,0,90
312,1751,997,0,89
313,1752,999,0,90
314,1753,999,0,91
315,1753,1002,0,94
316,1754,1004,0,95
317,1754,1004,0,96
318,1753,1003,0,101
319,1752,1002,0,102
320,1751,1002,0,94
321,1752,1001,0,88
322,1751,1002,0,93
323,1752,1005,0,95
324,1757,1011,0,93
325,1757,1014,0,88
326,1758,1020,0,89
327,1765,1025,0,89
328,1765,1028,0,89
329,1765,1031,0,96
330,1768,1034,0,107
331,1769,1037,0,109
332,1769,1041,0,109
333,1771,1047,0,111
334,1772,1054,0,116
335,1774,1056,0,120
336,1772,1059,0,129
337,1772,1061,0,139
338,1775,1064,0,146
339,1777,1065,0,151
340,1785,1065,0,158
341,1786,1065,0,147
342,1787,1064,0,147
343,1788,1064,0,146
344,1788,1064,0,145
345,1789,1064,0,145
346,1785,1063,0,149
347,1779,1061,0,150
348,1779,1059,0,152
349,1780,1059,0,148
350,1778,1057,0,149
351,1778,1057,0,145
352,1783,1060,0,135
353,1796,1064,0,135
354,1797,1069,0,129
355,1796,1068,0,127
356,1794,1067,0,131
357,1795,1067,0,143
358,1801,1072,0,150
359,1807,1073,0,150
360,1811,1077,0,151
361,1816,1076,0,144
362,1818,1078,0,150
363,1819,1078,0,147
364,1821,1076,0,137
365,1828,1084,0,141
366,1835,1089,0,144
367,1836,1089,0,147
368,1836,1090,0,145
369,1835,1093,0,143
370,1840,1096,0,144
371,1848,1104,0,141
372,1855,1108,0,140
373,1854,1115,0,153
374,1859,1116,0,160
375,1866,1117,0,165
376,1871,1117,0,171
377,1873,1118,0,159
378,1873,1119,0,156
379,1876,1122,0,158
380,1878,1122,0,157
381,1882,1125,0,157
382,1888,1131,0,175
383,1899,1131,0,201
384,1899,1134,0,195
385,1905,1134,0,196
386,1907,1135,0,185
387,1908,1134,0,189
388,1909,1137,0,183
389,1916,1138,0,189
390,1925,1138,0,202
391,1935,1139,0,221
392,1937,1136,0,220
393,1938,1138,0,212
394,1939,1135,0,196
395,1943,1135,0,201
396,1949,1137,0,197
397,1955,1140,0,185
398,1948,1142,0,165
399,1934,1146,0,141
400,1929,1147,0,133
401,1924,1145,0,118
402,1924,1151,0,139
403,1931,1154,0,136
404,1933,1159,0,160
405,1929,1159,0,147
406,1927,1166,0,142
407,1925,1171,0,149
408,1922,1169,0,156
409,1919,1164,0,163
410,1920,1160,0,165
411,1926,1162,0,177
412,1930,1163,0,176
413,1931,1165,0,171
414,1940,1168,0,159
415,1942,1169,0,157
416,1943,1170,0,155
417,1949,1173,0,157
418,1954,1176,0,153
419,1963,1180,0,133
420,1965,1176,0,135
421,1965,1183,0,136
422,1963,1190,0,136
423,1959,1193,0,142
424,1955,1187,0,139
425,1961,1181,0,131
426,1964,1180,0,128
427,1966,1181,0,138
428,1976,1179,0,138
429,1980,1183,0,134
430,1989,1188,0,117
431,1993,1190,0,132
432,1998,1203,0,156
433,1991,1208,0,181
434,1991,1208,0,197
435,1996,1204,0,199
436,2006,1204,0,202
437,2007,1205,0,214
438,2007,1205,0,213
439,2007,1204,0,216
440,2010,1204,0,222
441,2017,1198,0,235
442,2021,1193,0,233
443,2028,1189,0,229
444,2028,1189,0,232
445,2024,1195,0,225
446,2024,1196,0,217
447,2021,1195,0,204
448,2019,1197,0,201
449,2014,1195,0,206
450,2017,1194,0,199
451,2021,1197,0,195
452,2016,1197,0,202
453,2021,1199,0,202
454,2024,1198,0,212
455,2018,1194,0,199
456,2011,1191,0,201
457,2006,1188,0,180
458,2003,1192,0,165
459,2002,1189,0,165
460,2002,1187,0,158
461,2004,1187,0,154
462,2006,1185,0,138
463,2005,1183,0,138
464,2004,1183,0,145
465,2005,1182,0,148
466,2004,1181,0,156
467,2004,1182,0,155
468,2005,1179,0,152
469,2000,1172,0,145
470,2003,1167,0,139
471,2006,1161,0,120
472,2008,1159,0,98
473,2010,1160,0,85
474,2009,1159,0,84
475,2015,1160,0,87
476,2016,1162,0,84
477,2014,1163,0,92
478,2012,1168,0,89
479,2006,1174,0,94
480,2010,1176,0,87
481,2010,1177,0,93
482,2010,1176,0,88
483,2011,1174,0,72
484,2007,1174,0,60
485,2004,1169,0,43
486,1996,1165,0,37
487,1991,1164,0,19
488,1991,1163,0,9
489,1995,1160,0,16
490,1993,1160,0,5
491,1992,1162,0,2
492,1990,1163,0,358
493,1991,1163,0,359
494,1990,1165,0,358
495,1992,1166,0,354
496,1992,1167,0,355
497,1993,1167,0,357
498,1994,1168,0,0
499,1994,1168,0,1
500,1994,1169,0,1
501,1994,1168,0,1
502,1994,1169,0,2
503,1993,1168,0,3
504,1993,1169,0,2
505,1992,1169,0,2
506,1992,1169,0,2
507,1992,1169,0,2
508,1992,1169,0,0
509,1992,1169,0,3
510,1992,1168,0,3
511,1991,1168,0,4
512,1991,1168,0,6
513,1992,1166,0,8
514,1991,1166,0,9
515,1991,1165,0,14
516,1990,1164,0,12
517,1989,1159,0,3
518,1989,1159,0,7
519,1990,1162,0,7
520,1990,1165,0,12
521,1988,1165,0,11
522,1987,1165,0,11
523,1986,1166,0,9
524,1983,1168,0,6
525,1986,1169,0,7
526,1986,1171,0,6
527,1987,1172,0,10
528,1989,1173,0,7
529,1989,1173,0,4
530,1989,1171,0,9
531,1988,1171,0,14
532,1989,1170,0,14
533,1988,1169,0,8
534,1989,1166,0,11
535,1992,1166,0,13
536,1993,1165,0,19
537,1993,1166,0,24
538,1994,1166,0,29
539,1995,1165,0,31
540,1995,1165,0,34
541,1998,1167,0,32
542,1999,1168,0,32
543,1998,1168,0,28
544,1996,1168,0,29
545,1995,1170,0,22
546,1995,1176,0,20
547,1993,1173,0,16
548,1989,1177,0,16
549,1985,1178,0,16
550,1981,1176,0,17
551,1980,1177,0,16
552,1977,1176,0,17
553,1971,1179,0,16
554,1963,1183,0,21
555,1959,1187,0,18
556,1949,1192,0,25
557,1942,1194,0,25
558,1939,1194,0,19
559,1935,1194,0,20
560,1933,1195,0,20
561,1926,1201,0,14
562,1918,1199,0,9
563,1914,1197,0,9
564,1913,1199,0,7
565,1908,1201,0,359
566,1906,1198,0,350
567,1899,1194,0,329
568,1893,1194,0,329
569,1891,1197,0,325
570,1891,1197,0,333
571,1891,1198,0,329
572,1890,1197,0,332
573,1887,1194,0,331
574,1886,1194,0,337
575,1880,1192,0,340
576,1873,1188,0,345
577,1866,1188,0,359
578,1862,1187,0,359
579,1855,1185,0,353
580,1849,1184,0,355
581,1840,1183,0,345
582,1835,1179,0,343
583,1830,1176,0,342
584,1827,1176,0,332
585,1825,1174,0,334
586,1830,1171,0,340
587,1834,1171,0,339
588,1836,1173,0,3
589,1830,1175,0,19
590,1825,1178,0,28
591,1826,1182,0,35
592,1829,1188,0,45
593,1831,1193,0,53
594,1830,1197,0,54
595,1828,1198,0,62
596,1830,1197,0,60
597,1824,1198,0,69
598,1821,1195,0,64
599,1819,1195,0,61
600,1822,1195,0,64
601,1820,1193,0,63
602,1819,1193,0,60
603,1815,1192,0,63
604,1826,1186,0,54
605,1832,1179,0,54
606,1833,1171,0,26
607,1828,1168,0,13
608,1829,1166,0,10
609,1828,1167,0,15
610,1826,1169,0,29
611,1827,1163,0,24
612,1828,1160,0,28
613,1840,1165,0,17
614,1837,1165,0,19
615,1833,1166,0,23
616,1834,1168,0,31
617,1823,1166,0,39
618,1819,1172,0,49
619,1818,1174,0,49
620,1814,1176,0,44
621,1815,1177,0,47
622,1815,1180,0,47
623,1815,1182,0,40
624,1815,1184,0,36
625,1815,1184,0,36
626,1817,1182,0,37
627,1815,1183,0,35
628,1814,1184,0,34
629,1812,1185,0,32
630,1811,1186,0,27
631,1810,1186,0,26
632,1810,1187,0,28
633,1810,1187,0,28
634,1811,1187,0,28
635,1811,1187,0,29
636,1811,1187,0,27
637,1811,1187,0,27
638,1810,1187,0,28
639,1810,1188,0,28
640,1810,1188,0,27
641,1810,1188,0,26
642,1810,1188,0,26
643,1810,1188,0,25
644,1810,1188,0,24
645,1809,1189,0,23
646,1810,1189,0,23
647,1811,1188,0,23
648,1811,1188,0,26
649,1811,1188,0,26
650,1812,1187,0,24
651,1811,1189,0,21
652,1811,1190,0,21
653,1810,1189,0,19
654,1808,1190,0,17
655,1808,1190,0,14
656,1808,1190,0,14
657,1809,1190,0,11
658,1808,1191,0,7
659,1809,1191,0,3
660,1809,1192,0,6
661,1806,1190,0,358
662,1807,1192,0,358
663,1808,1191,0,356
664,1812,1192,0,5
665,1807,1194,0,3
666,1807,1194,0,352
667,1808,1195,0,341
668,1810,1195,0,330
669,1813,1196,0,317
670,1813,1196,0,307
671,1815,1199,0,306
673,1812,1199,0,329
674,1810,1196,0,316
675,1810,1197,0,326
676,1809,1197,0,327
677,1809,1197,0,322
678,1809,1197,0,323
679,1809,1196,0,321
680,1808,1195,0,318
681,1807,1195,0,319
682,1808,1193,0,316
683,1807,1192,0,315
684,1810,1194,0,317
685,1809,1196,0,323
686,1809,1196,0,328
687,1810,1196,0,324
688,1810,1196,0,325
689,1810,1196,0,329
690,1809,1195,0,337
691,1809,1194,0,344
692,1810,1194,0,346
693,1810,1194,0,348
694,1808,1193,0,347
695,1807,1194,0,347
696,1809,1194,0,344
697,1808,1195,0,343
698,1807,1195,0,341
699,1811,1197,0,330
700,1813,1198,0,327
701,1816,1200,0,317
702,1815,1200,0,319
703,1813,1199,0,326
704,1812,1200,0,326
705,1814,1199,0,310
706,1814,1200,1,298
707,1815,1201,1,288
708,1816,1202,1,289
711,1818,1202,1,313
712,1819,1202,1,279
713,1818,1202,1,292
714,1817,1202,1,300
715,1817,1201,1,306
716,1817,1200,1,296
717,1815,1201,1,323
718,1812,1199,0,317
719,1810,1197,0,320
720,1810,1197,0,316
721,1808,1196,0,319
722,1810,1197,0,314
723,1809,1196,0,316
724,1808,1196,0,322
725,1804,1194,0,325
726,1806,1195,0,322
727,1808,1196,0,320
728,1804,1195,0,328
729,1804,1194,0,324
730,1805,1195,0,323
731,1803,1195,0,320
732,1802,1194,0,317
733,1802,1194,0,319
734,1802,1193,0,320
735,1803,1193,0,320
736,1803,1192,0,321
737,1802,1193,0,325
738,1802,1194,0,325
739,1806,1195,0,322
740,1806,1194,0,321
741,1806,1193,0,316
742,1806,1193,0,321
743,1804,1193,0,326
744,1805,1194,0,329
745,1808,1194,0,325
746,1809,1195,0,326
747,1808,1194,0,325
748,1808,1195,0,322
749,1809,1196,0,323
750,1810,1195,0,316
751,1810,1195,0,323
752,1812,1195,0,321
753,1813,1195,0,319
754,1816,1199,0,313
755,1814,1198,0,311
756,1816,1201,0,317
757,1812,1197,0,318
758,1812,1199,0,316
759,1804,1193,0,311
760,1802,1192,0,326
761,1806,1195,0,318
762,1806,1195,0,323
763,1806,1195,0,322
764,1807,1195,0,320
765,1807,1196,0,317
766,1807,1194,0,314
767,1808,1196,0,316
768,1808,1195,0,318
769,1806,1194,0,321
770,1806,1194,0,325
771,1805,1193,0,325
772,1806,1194,0,319
773,1807,1195,0,312
774,1807,1195,0,312
775,1807,1194,0,311
776,1808,1195,0,311
777,1807,1195,0,320
778,1807,1194,0,323
779,1808,1195,0,319
780,1808,1195,0,324
781,1808,1195,0,323
782,1809,1195,0,317
783,1808,1194,0,320
784,1807,1193,0,320
785,1808,1195,0,318
786,1808,1195,0,317
787,1807,1194,0,309
788,1808,1194,0,306
789,1806,1194,0,305
790,1805,1193,0,304
791,1806,1194,0,302
792,1807,1195,0,301
793,1807,1194,0,301
794,1805,1193,0,303
795,1805,1193,0,307
796,1805,1193,0,306
797,1805,1193,0,310
798,1806,1193,0,311
799,1806,1193,0,315
800,1807,1193,0,308
801,1806,1193,0,316
802,1806,1193,0,316
803,1806,1194,0,312
804,1805,1193,0,315
805,1806,1192,0,318
806,1805,1192,0,320
807,1805,1193,0,323
808,1806,1193,0,312
809,1806,1193,0,310
810,1807,1193,0,312
811,1808,1193,0,313
812,1808,1193,0,315
813,1808,1192,0,311
814,1808,1193,0,319
815,1807,1193,0,318
816,1808,1192,0,313
817,1809,1192,0,313
818,1809,1193,0,312
819,1810,1194,0,315
820,1808,1194,0,321
821,1809,1195,0,325
822,1808,1194,0,333
823,1806,1193,0,343
824,1807,1193,1,21
825,1809,1192,1,5
826,1810,1193,0,353
827,1810,1193,0,353
828,1812,1193,0,352
829,1810,1193,0,344
830,1810,1194,0,334
831,1809,1194,0,332
832,1808,1194,0,329
833,1808,1192,0,322
834,1810,1193,0,324
835,1809,1193,0,321
836,1808,1193,0,321
837,1811,1195,0,321
838,1811,1194,0,321
839,1810,1194,0,326
840,1809,1194,0,325
841,1810,1194,0,326
852,1816,1198,0,316
853,1814,1195,0,322
854,1813,1194,0,322
855,1813,1194,0,323
856,1812,1194,0,323
857,1813,1194,0,323
858,1813,1194,0,325
859,1814,1194,0,324
860,1817,1196,0,327
861,1816,1197,0,321
862,1815,1198,0,319
863,1812,1196,0,316
864,1811,1195,0,314
865,1813,1196,0,313
866,1814,1197,0,308
867,1814,1197,0,315
868,1815,1198,0,311
869,1814,1197,0,310
870,1813,1196,0,313
871,1814,1196,0,311
872,1815,1197,0,302
873,1816,1198,1,293
874,1816,1198,1,290
875,1816,1198,1,295
876,1816,1199,1,297
877,1817,1200,1,298
878,1818,1201,1,297
879,1819,1200,1,308
880,1820,1200,1,317
881,1820,1200,0,320
882,1820,1201,1,287
883,1819,1202,1,302
884,1821,1204,1,291
885,1818,1201,1,308
886,1813,1196,0,320
887,1810,1195,0,325
888,1809,1195,0,322
889,1810,1195,0,321
890,1810,1196,0,323
891,1808,1195,0,325
892,1809,1195,0,319
893,1809,1195,0,317
894,1808,1195,0,320
895,1806,1194,0,328
896,1806,1194,0,325
897,1805,1194,0,325
898,1806,1194,0,323
899,1805,1193,0,323
900,1806,1193,0,322
901,1805,1193,0,321
902,1804,1193,0,321
903,1804,1193,0,321
904,1805,1193,0,321
905,1806,1193,0,317
906,1806,1192,0,314
907,1805,1191,0,319
908,1806,1194,0,321
909,1807,1194,0,320
910,1806,1193,0,314
911,1808,1195,0,317
912,1806,1194,0,321
913,1805,1194,0,321
914,1807,1195,0,322
915,1807,1195,0,324
916,1808,1196,0,326
917,1808,1196,0,324
918,1808,1196,0,324
919,1808,1195,0,323
920,1808,1195,0,325
921,1806,1194,0,322
922,1806,1194,0,320
923,1805,1195,0,322
924,1806,1196,0,320
925,1804,1195,0,321
926,1803,1195,0,320
927,1804,1196,0,313
928,1803,1197,0,309
929,1803,1198,0,308
930,1804,1198,0,309
931,1803,1198,0,311
932,1804,1199,0,313
933,1805,1198,1,336
934,1801,1194,1,321
937,1800,1188,1,45
938,1800,1189,1,29
939,1802,1189,1,16
940,1803,1190,1,11
941,1803,1191,1,14
942,1804,1192,1,3
943,1804,1194,1,334
944,1805,1195,1,332
945,1804,1196,0,329
946,1804,1196,1,334
947,1804,1195,1,333
948,1802,1194,1,337
949,1801,1194,1,339
950,1801,1195,1,328
951,1803,1195,1,335
952,1805,1196,1,328
953,1805,1197,1,326
954,1806,1197,0,324
955,1805,1197,0,323
956,1804,1197,0,322
957,1804,1197,0,321
958,1803,1196,0,323
959,1803,1197,0,321
960,1802,1195,0,321
961,1802,1195,0,322
962,1802,1194,0,322
963,1802,1194,0,320
964,1802,1194,0,325
965,1803,1194,0,323
966,1803,1194,0,325
967,1803,1194,0,321
968,1803,1194,0,321
969,1803,1194,0,320
970,1803,1194,0,320
971,1803,1194,0,326
972,1803,1195,0,325
973,1803,1195,1,332
974,1803,1196,0,325
975,1803,1195,1,330
976,1803,1195,0,331
977,1804,1196,0,328
978,1804,1196,0,327
979,1804,1196,1,329
980,1802,1197,1,315
981,1803,1196,1,322
982,1804,1196,0,323
983,1802,1195,1,327
984,1801,1195,1,310
985,1802,1196,1,305
986,1803,1197,1,310
987,1803,1197,1,305
988,1803,1198,1,300
989,1804,1197,0,298
990,1804,1198,0,301
991,1804,1197,0,302
992,1804,1196,0,298
993,1804,1196,0,302
994,1804,1197,0,292
995,1803,1198,0,299
996,1802,1199,1,299
997,1801,1198,1,294
998,1802,1198,1,303
999,1803,1198,1,304
1000,1804,1198,1,307
1001,1805,1198,0,304
1002,1805,1197,0,304
1003,1805,1198,0,301
1004,1805,1197,0,307
1005,1803,1196,0,317
1006,1803,1196,1,322
1007,1803,1195,0,315
1008,1804,1196,0,301
1009,1803,1194,0,282
1010,1803,1195,0,293
1011,1804,1197,0,293
1012,1804,1197,0,293
1013,1804,1197,0,294
1014,1804,1197,0,294
1015,1804,1197,0,296
1016,1805,1199,0,293
1017,1805,1199,0,295
1018,1807,1200,0,300
1019,1808,1202,0,299
1020,1805,1203,0,290
1021,1805,1204,0,290
1022,1804,1205,0,292
1023,1803,1205,0,286
1024,1803,1204,0,278
1025,1803,1205,0,283
1026,1805,1205,0,287
1027,1805,1204,0,285
1028,1805,1204,0,281
1029,1805,1204,0,284
1030,1806,1205,0,285
1031,1807,1208,0,285
1032,1808,1211,0,283
1033,1808,1211,0,283
1034,1807,1213,0,282
1035,1807,1215,0,282
1036,1806,1213,0,283
1037,1806,1212,0,280
1038,1805,1212,0,279
1039,1806,1214,0,284
1040,1806,1214,0,284
1041,1806,1214,0,286
1042,1805,1215,0,283
1043,1805,1215,0,275
1044,1806,1215,0,274
1045,1807,1215,0,277
1046,1807,1214,0,278
1047,1806,1216,0,271
1048,1805,1217,0,267
1049,1806,1217,0,269
1050,1806,1218,0,266
1051,1806,1219,0,268
1052,1806,1219,0,265
1053,1804,1219,0,269
1054,1806,1220,0,277
1055,1805,1219,0,274
1056,1805,1218,0,272
1057,1806,1218,0,269
1058,1805,1219,0,268
1059,1803,1220,0,268
1060,1804,1220,0,271
1061,1804,1220,0,269
1062,1805,1220,0,267
1063,1805,1219,0,266
1064,1805,1219,0,266
1065,1805,1219,0,264
1066,1804,1218,0,262
1067,1803,1218,0,261
1068,1802,1218,0,264
1069,1803,1216,0,273
1070,1805,1218,0,289
1071,1806,1217,0,274
1072,1803,1214,0,271
1073,1802,1211,0,266
1074,1802,1208,0,270
1075,1803,1207,0,270
1076,1804,1204,0,273
1077,1804,1205,0,281
1078,1806,1204,0,279
1079,1807,1203,0,288
1080,1807,1203,0,291
1081,1807,1202,0,294
1082,1806,1200,0,298
1083,1805,1200,0,299
1084,1805,1200,0,300
1085,1803,1198,0,299
1086,1802,1197,0,300
1087,1803,1196,0,301
1088,1804,1193,0,305
1089,1803,1194,0,312
1090,1802,1194,0,313
1091,1801,1195,0,311
1092,1802,1196,0,306
1093,1802,1196,0,304
1094,1803,1197,0,299
1095,1803,1197,0,303
1096,1804,1197,0,297
1097,1806,1198,0,295
1098,1803,1196,0,310
1099,1800,1194,0,320
1100,1801,1195,0,320
1101,1803,1196,0,320
1102,1802,1195,0,317
1103,1802,1195,0,314
1104,1802,1195,0,316
1105,1802,1195,0,319
1106,1802,1195,0,319
1107,1803,1196,0,320
1108,1802,1195,0,319
1109,1802,1195,0,317
1110,1802,1195,0,313
1111,1802,1195,0,310
1112,1801,1195,0,310
1113,1802,1195,0,310
1114,1802,1195,0,310
1115,1802,1195,0,309
1116,1801,1195,0,308
1117,1801,1194,0,303
1118,1801,1194,0,297
1119,1802,1195,0,307
1120,1801,1195,0,308
1121,1802,1195,0,308
1122,1803,1195,0,307
1123,1802,1192,0,281
1124,1801,1197,0,293
1125,1800,1187,0,277
1126,1803,1198,0,288
1127,1803,1198,1,291
1128,1802,1197,1,285
1129,1803,1196,1,279
1130,1803,1196,1,282
1131,1802,1196,1,306
1134,1802,1196,1,112
1135,1802,1196,1,84
1136,1802,1196,1,90
1137,1802,1196,1,80
1138,1802,1196,1,72
1139,1802,1196,1,72
1140,1802,1196,1,69
1141,1802,1195,1,63
1142,1802,1195,1,71
1143,1802,1195,1,62
1144,1802,1195,1,71
1145,1802,1195,1,68
1146,1802,1195,1,66
1147,1802,1196,1,80
1148,1802,1196,1,79
1149,1802,1196,1,77
1150,1802,1196,1,82
1151,1802,1196,1,76
1152,1802,1196,1,87
1153,1802,1195,1,70
1154,1802,1195,1,69
1155,1802,1195,1,83
1156,1803,1195,1,61
1157,1803,1195,1,81
1158,1803,1195,1,72
1159,1803,1196,1,81
1160,1803,1196,1,63
1163,1807,1193,0,222
1166,1803,1196,1,269
1167,1802,1196,1,282
1168,1802,1196,1,282
1169,1803,1197,1,279
1170,1803,1196,1,278
1171,1802,1196,1,273
1172,1802,1196,1,266
1173,1803,1195,0,243
1174,1804,1191,0,247
1175,1802,1195,1,240
1176,1804,1191,0,249
1177,1804,1191,0,250
1178,1805,1190,0,235
1179,1806,1192,0,230
1180,1805,1192,0,229
1181,1813,1187,0,223
1182,1806,1191,0,231
1183,1810,1189,0,216
1184,1808,1190,0,224
1185,1806,1189,0,241
1186,1806,1189,0,243
1187,1806,1189,0,240
1188,1804,1190,0,240
1189,1806,1188,0,238
1190,1807,1187,0,238
1191,1808,1186,0,246
1192,1807,1187,0,247
1193,1804,1189,0,250
1194,1803,1190,0,251
1195,1803,1190,0,254
1196,1803,1192,0,257
1197,1801,1199,1,288
1198,1801,1198,1,295
1199,1800,1197,1,298
1200,1800,1197,1,291
1201,1801,1196,1,284
1202,1801,1195,1,293
1203,1801,1193,1,299
1204,1802,1193,1,301
1205,1803,1193,1,302
1206,1802,1194,1,299
1207,1801,1195,1,290
1208,1801,1195,1,287
1209,1801,1195,1,285
1210,1801,1195,1,281
1211,1801,1196,1,278
1212,1801,1195,1,278
1213,1801,1194,1,268
1214,1801,1196,1,269
1215,1801,1196,1,261
1216,1801,1196,1,262
1217,1801,1196,1,265
1218,1801,1196,1,264
1219,1801,1196,1,265
1220,1801,1196,1,260
1221,1801,1196,1,263
1222,1801,1195,1,260
1223,1802,1195,1,254
1224,1802,1195,1,254
1225,1802,1195,1,252
1226,1802,1195,1,255
1227,1802,1195,1,254
1228,1802,1195,1,254
1229,1802,1195,1,255
1230,1802,1195,1,254
1231,1802,1195,1,255
1232,1802,1195,1,253
1233,1802,1195,1,254
1234,1801,1195,1,253
1235,1802,1195,1,254
1236,1801,1195,1,255
1237,1801,1195,1,258
1238,1802,1195,1,257
1239,1802,1195,1,256
1240,1802,1195,1,257
1241,1801,1195,1,255
1242,1803,1194,0,233
1243,1802,1195,1,258
1244,1802,1195,1,254
1245,1802,1195,1,258
1246,1802,1195,1,256
1247,1801,1195,1,256
1248,1801,1195,1,257
1249,1801,1195,1,256
1250,1802,1195,1,259
1251,1801,1195,1,257
1252,1802,1195,1,260
1253,1802,1195,1,260
1254,1802,1196,1,258
1255,1802,1196,1,257
1256,1802,1196,1,257
1257,1802,1196,1,256
1258,1802,1196,1,255
1259,1802,1195,1,257
1260,1802,1195,1,255
1261,1802,1195,1,253
1262,1802,1195,1,254
1263,1802,1195,1,252
1264,1802,1195,1,255
1265,1802,1195,1,254
1266,1802,1195,1,250
1267,1802,1196,1,255
1268,1802,1196,1,255
1269,1802,1196,1,256
1270,1802,1195,1,256
1271,1802,1195,1,267
1272,1802,1195,1,268
1273,1803,1195,1,275
1274,1802,1195,1,275
1275,1802,1195,1,275
1276,1803,1195,1,276
1277,1803,1195,1,273
1278,1803,1195,1,279
1279,1803,1195,1,278
1280,1803,1194,1,291
1281,1802,1194,1,285
1282,1802,1195,1,272
1283,1802,1195,1,280
1284,1802,1195,1,276
1285,1801,1195,1,270
1286,1801,1195,1,271
1287,1802,1195,1,274
1288,1802,1195,1,279
1289,1802,1195,1,279
1290,1802,1195,1,278
1291,1802,1195,1,296
1292,1801,1195,1,293
1293,1802,1196,1,285
1294,1802,1196,1,274
1295,1801,1196,1,270
1296,1801,1196,1,269
1297,1801,1195,1,268
1300,1800,1195,1,40
1303,1800,1195,1,302
1304,1800,1195,1,316
1305,1800,1195,1,309
1306,1800,1195,1,317
1307,1800,1194,1,336
1308,1801,1194,1,340
1309,1801,1195,1,329
1310,1800,1195,1,340
1311,1800,1195,1,340
1312,1798,1194,1,335
1313,1799,1195,1,331
1314,1800,1195,1,348
1315,1801,1194,1,353
1317,1805,1192,1,354
1318,1803,1192,1,12
1322,1799,1194,1,21
1323,1800,1194,1,42
1324,1800,1194,1,40
1331,1800,1194,1,302
1332,1799,1195,1,82
1336,1799,1195,1,29
1337,1799,1195,1,58
1338,1800,1196,1,80
1339,1800,1197,1,65
1340,1800,1196,1,53
1341,1801,1195,1,63
1342,1801,1195,1,62
1343,1800,1195,1,63
1344,1800,1194,1,78
1345,1800,1195,1,81
1346,1800,1195,1,83
1348,1800,1195,1,77
1350,1800,1195,1,273
1351,1800,1195,1,275
1353,1799,1195,1,71
1354,1800,1195,1,73
1356,1801,1195,1,67
1357,1800,1195,1,72
1358,1800,1195,1,67
1359,1800,1195,1,76
1362,1803,1191,1,51
1363,1803,1191,1,24
1364,1804,1190,1,14
1365,1804,1189,1,8
1366,1804,1189,1,4
1369,1801,1189,1,356
1370,1801,1189,1,2
1371,1802,1188,1,6
1372,1802,1188,1,14
1373,1803,1186,1,5
1381,1799,1184,1,25
1382,1800,1185,1,353
1383,1800,1185,1,5
1384,1799,1186,1,16
1385,1799,1188,1,21
1386,1800,1187,1,28
1387,1799,1187,1,30
1388,1798,1188,1,41
1389,1798,1189,1,77
1390,1799,1189,1,38
1391,1800,1190,1,56
1392,1801,1190,1,81
1395,1804,1191,1,357
1396,1805,1191,1,358
1397,1803,1191,1,342
1403,1801,1195,1,92
1404,1801,1194,1,80
1405,1802,1194,1,82
1406,1802,1194,1,84
1407,1801,1194,1,79
1408,1801,1195,1,86
1409,1801,1195,1,91
1410,1801,1195,1,90
1411,1801,1195,1,89
1412,1801,1195,1,84
1413,1801,1195,1,85
1414,1801,1195,1,78
1415,1801,1195,1,69
1416,1801,1196,1,80
1417,1801,1194,1,85
1418,1800,1194,1,85
1419,1800,1194,1,78
1420,1800,1195,1,68
1421,1800,1195,1,45
1422,1800,1195,1,49
1423,1800,1195,1,73
1424,1800,1194,1,79
1425,1799,1194,1,66
1426,1799,1194,1,66
1427,1800,1194,1,79
1428,1800,1195,1,78
1429,1800,1195,1,76
1430,1800,1195,1,55
1431,1800,1195,1,34
1432,1800,1195,1,31
1433,1800,1195,1,54
1434,1800,1195,1,59
1435,1800,1195,1,56
1436,1800,1195,1,59
1437,1800,1194,1,67
1438,1800,1195,1,82
1439,1801,1194,1,54
1440,1801,1194,1,51
1441,1801,1195,1,65
1442,1801,1194,1,70
1443,1801,1195,1,74
1444,1801,1195,1,72
1445,1801,1195,1,75
1446,1801,1195,1,74
1447,1801,1195,1,72
1448,1801,1195,1,56
1449,1801,1195,1,59
1450,1801,1195,1,61
1451,1801,1195,1,66
1452,1801,1195,1,66
1453,1801,1195,1,66
1454,1801,1195,1,64
1455,1801,1195,1,72
1456,1801,1195,1,73
1457,1801,1195,1,71
1458,1801,1195,1,73
1459,1801,1195,1,71
1460,1801,1195,1,70
1461,1801,1195,1,74
1462,1801,1195,1,71
1463,1801,1195,1,75
1464,1801,1195,1,74
1465,1799,1195,1,88
1466,1800,1195,1,86
1467,1801,1195,1,95
1468,1800,1195,1,78
1469,1801,1196,1,77
1470,1800,1196,1,70
1471,1799,1195,1,63
1472,1799,1195,1,62
1473,1800,1196,1,85
1474,1800,1196,1,90
1475,1801,1195,1,78
1476,1801,1194,1,69
1477,1801,1194,1,68
1478,1801,1194,1,78
1479,1801,1195,1,83
1480,1801,1195,1,75
1481,1801,1195,1,80
1482,1801,1195,1,83
1483,1801,1195,1,97
1484,1801,1195,1,97
1485,1801,1195,1,98
1489,1800,1194,1,127
1490,1800,1195,1,120
1491,1801,1195,1,95
1492,1801,1195,1,81
1493,1801,1195,1,75
1494,1801,1196,1,74
1495,1800,1196,1,76
1496,1800,1197,1,73
1497,1801,1197,1,77
1498,1802,1198,1,77
1499,1802,1197,1,72
1500,1802,1197,1,66
1501,1802,1197,1,65
1502,1802,1195,1,79
1503,1801,1195,1,87
1504,1801,1195,1,86
1505,1801,1195,1,79
1506,1800,1196,1,89
1507,1801,1195,1,89
1508,1800,1196,1,85
1509,1800,1196,1,73
1510,1800,1196,1,77
1511,1801,1196,1,82
1512,1801,1195,1,86
1513,1801,1196,1,85
1514,1801,1196,1,85
1515,1801,1196,1,84
1516,1802,1196,1,81
1517,1802,1196,1,77
1518,1802,1196,1,80
1519,1802,1196,1,82
1520,1802,1197,1,85
1521,1802,1197,1,83
1522,1802,1197,1,80
1523,1804,1197,1,77
1524,1804,1197,1,79
1525,1804,1195,1,80
1526,1803,1196,1,71
1527,1804,1197,1,65
1528,1803,1197,1,67
1529,1803,1197,1,74
1530,1802,1195,1,77
1531,1802,1195,1,80
1532,1802,1196,1,89
1533,1803,1196,1,89
1534,1803,1195,1,83
1535,1803,1194,1,90
1536,1803,1194,1,94
1537,1804,1195,1,79
1538,1803,1195,1,80
1539,1802,1196,1,94
1540,1802,1196,1,99
1541,1802,1197,1,95
1542,1802,1198,1,86
1543,1801,1198,1,97
1544,1801,1198,1,90
1545,1802,1197,1,86
1546,1802,1198,1,94
1547,1802,1197,1,86
1548,1802,1198,1,71
1549,1803,1198,1,68
1550,1802,1198,1,75
1551,1802,1197,1,79
1552,1802,1198,1,72
1553,1802,1197,1,76
1554,1802,1197,1,71
1555,1802,1197,1,70
1556,1802,1197,1,65
1557,1802,1196,1,67
1558,1801,1196,1,73
1559,1802,1196,1,76
1560,1802,1197,1,74
1561,1804,1196,0,48
1562,1801,1198,1,68
1563,1802,1199,1,64
1564,1802,1197,1,76
1565,1801,1195,1,86
1566,1801,1196,1,87
1567,1802,1196,1,83
1568,1801,1194,1,75
1569,1801,1198,1,60
1570,1801,1198,1,64
1571,1802,1197,1,73
1572,1802,1197,1,73
1573,1802,1196,1,79
1574,1801,1195,1,82
1575,1801,1196,1,75
1576,1802,1197,1,77
1577,1802,1197,1,77
1578,1801,1196,1,86
1579,1801,1196,1,84
1580,1801,1196,1,79
1581,1801,1196,1,77
1582,1802,1195,1,70
1583,1802,1195,1,73
1584,1802,1195,1,74
1585,1802,1194,1,71
1586,1802,1195,1,72
1587,1802,1195,1,72
1588,1802,1195,1,73
1589,1802,1195,1,69
1590,1802,1195,1,66
1591,1802,1195,1,73
1592,1802,1195,1,74
1593,1802,1195,1,78
1594,1801,1195,1,71
1595,1802,1195,1,73
1596,1802,1195,1,70
1597,1802,1195,1,70
1598,1802,1195,1,74
1599,1802,1196,1,73
1600,1802,1195,1,69
1601,1802,1195,1,67
1602,1802,1195,1,67
1603,1802,1195,1,64
1604,1802,1195,1,63
1605,1801,1196,1,75
1606,1802,1195,1,80
1607,1802,1195,1,71
1608,1802,1195,1,70
1609,1802,1195,1,74
1610,1802,1195,1,78
1611,1802,1195,1,80
1612,1803,1195,1,73
1613,1801,1195,1,75
1614,1800,1195,1,80
1615,1800,1195,1,71
1616,1801,1195,1,72
1617,1801,1195,1,76
1618,1801,1195,1,74
1619,1801,1196,1,86
1620,1801,1196,1,65
1621,1802,1195,1,67
1622,1802,1196,1,73
1623,1801,1197,0,84
1624,1802,1194,0,71
1625,1803,1194,0,64
1626,1804,1192,0,65
1627,1803,1194,0,64
1628,1800,1195,1,98
1629,1798,1195,1,98
1634,1801,1203,1,292
1635,1802,1204,1,299
1637,1802,1207,1,57
1638,1804,1204,1,69
1642,1801,1202,1,299
1649,1801,1196,1,64
1650,1801,1197,1,65
1651,1801,1199,1,59
1652,1800,1199,1,66
1653,1800,1200,1,75
1654,1801,1200,1,68
1656,1804,1201,1,62
1657,1803,1202,1,59
1662,1803,1195,1,293
1663,1803,1196,1,279
1664,1802,1196,1,292
1667,1799,1195,1,56
1668,1799,1195,1,71
1669,1799,1195,1,65
1670,1798,1193,1,60
1671,1798,1193,1,54
1672,1797,1193,1,41
1673,1797,1193,1,37
1674,1798,1193,1,31
1675,1799,1193,1,33
1676,1799,1194,1,35
1677,1800,1194,1,31
1678,1800,1194,1,44
1679,1800,1195,1,51
1680,1800,1194,1,52
1681,1800,1194,1,67
1682,1800,1194,1,53
1683,1801,1194,1,53
1684,1800,1194,1,50
1685,1801,1195,1,55
1686,1801,1195,1,50
1687,1801,1194,1,54
1688,1802,1195,1,73
1689,1802,1197,1,76
1690,1802,1198,1,81
1691,1804,1194,1,69
1692,1803,1195,1,93
1693,1801,1195,1,102
1694,1801,1196,1,82
1695,1801,1196,1,94
1696,1800,1198,1,99
1697,1800,1200,1,98
1698,1800,1200,1,88
1699,1801,1199,1,88
1700,1800,1198,1,91
1701,1801,1199,1,86
1702,1800,1197,0,88
1703,1802,1196,0,74
1704,1801,1198,1,102
1705,1801,1198,1,108
1706,1801,1197,1,112
1707,1801,1199,1,81
1708,1801,1198,1,86
1709,1801,1197,1,90
1710,1800,1195,1,85
1712,1800,1195,1,83
1713,1799,1195,1,77
1714,1799,1198,1,60
1715,1800,1195,1,73
1716,1799,1194,1,60
1717,1799,1194,1,56
1718,1800,1195,1,38
1719,1799,1194,1,39
1720,1798,1194,1,47
1721,1800,1195,1,52
1722,1802,1195,1,69
1723,1803,1195,1,88
1724,1803,1194,1,90
1725,1803,1195,1,92
1726,1803,1195,1,113
1727,1802,1193,1,109
1730,1803,1202,1,69
1731,1802,1201,1,83
1732,1802,1200,1,283
1733,1802,1199,1,273
1734,1801,1199,1,270
1735,1801,1200,1,78
1736,1801,1196,1,282
1737,1800,1194,1,294
1741,1802,1192,1,3
1747,1807,1201,1,273
1748,1802,1196,1,296
1749,1802,1201,1,291
1752,1873,1238,1,12
1756,1810,1204,0,271
1757,1809,1208,0,280
1758,1807,1208,0,272
1759,1809,1210,0,280
1760,1812,1214,0,293
1761,1814,1214,0,295
1762,1812,1213,0,291
1763,1814,1217,0,295
1764,1816,1217,0,292
1765,1819,1218,0,296
1766,1821,1220,0,296
1767,1821,1221,0,294
1768,1822,1222,0,290
1769,1822,1220,0,289
1770,1821,1219,0,290
1771,1820,1217,0,297
1772,1819,1216,0,301
1773,1819,1215,0,299
1774,1818,1215,0,299
1775,1821,1221,0,290
1776,1817,1219,0,276
1777,1817,1222,0,273
1778,1821,1222,0,273
1779,1819,1221,0,278
1780,1815,1215,0,288
1781,1809,1209,0,296
1782,1798,1198,0,287
1783,1799,1193,0,287
1784,1797,1192,0,286
1785,1795,1190,0,289
1786,1794,1189,0,291
1787,1793,1190,0,293
1788,1793,1190,0,293
1789,1792,1191,0,302
1790,1792,1192,0,305
1791,1794,1192,0,296
1792,1794,1193,0,286
1793,1794,1193,0,276
1794,1794,1191,0,266
1795,1791,1186,0,258
1796,1791,1184,0,258
1797,1790,1180,0,253
1798,1789,1178,0,247
1799,1788,1180,0,242
1800,1788,1178,0,237
1801,1787,1180,0,241
1802,1787,1182,0,249
1803,1787,1183,0,246
1804,1788,1183,0,244
1805,1787,1181,0,241
1806,1786,1181,0,237
1807,1782,1181,0,225
1808,1782,1180,0,227
1809,1782,1181,0,234
1810,1783,1181,0,236
1811,1783,1183,0,238
1812,1783,1183,0,233
1813,1783,1183,0,229
1814,1783,1183,0,227
1815,1783,1184,0,225
1816,1782,1184,0,227
1817,1784,1186,0,239
1818,1785,1185,0,248
1819,1785,1184,0,252
1820,1785,1184,0,252
1821,1785,1184,0,244
1822,1783,1181,0,231
1823,1783,1177,0,231
1824,1783,1179,0,258
1825,1785,1175,0,275
1826,1785,1173,0,286
1827,1787,1172,0,306
1828,1789,1168,0,316
1829,1795,1165,0,319
1830,1794,1167,0,320
1831,1793,1166,0,320
1832,1792,1164,0,323
1833,1791,1164,0,326
1834,1790,1163,0,323
1835,1789,1161,0,329
1836,1790,1159,0,335
1837,1792,1157,0,343
1838,1791,1159,0,339
1839,1798,1158,0,329
1840,1799,1157,0,333
1841,1801,1156,0,331
1842,1799,1156,0,327
1843,1800,1154,0,330
1844,1797,1156,0,324
1845,1796,1156,0,327
1846,1796,1156,0,331
1847,1797,1157,0,342
1848,1800,1157,0,348
1849,1799,1159,0,351
1850,1797,1162,0,347
1851,1795,1169,0,346
1852,1794,1170,0,346
1853,1795,1169,0,346
1854,1793,1169,0,349
1855,1792,1168,0,338
1856,1789,1162,0,329
1857,1788,1157,0,323
1858,1788,1153,0,321
1859,1787,1147,0,307
1860,1785,1143,0,301
1861,1784,1141,0,300
1862,1782,1139,0,293
1863,1782,1139,0,288
1864,1784,1140,0,286
1865,1783,1140,0,277
1866,1784,1139,0,274
1867,1784,1139,0,277
1868,1785,1139,0,276
1869,1785,1138,0,275
1870,1784,1134,0,276
1871,1783,1132,0,281
1872,1782,1131,0,287
1873,1783,1131,0,290
1874,1787,1138,0,296
1875,1786,1148,0,325
1876,1784,1151,0,346
1877,1783,1157,0,356
1878,1789,1155,0,4
1879,1791,1158,0,7
1880,1792,1159,0,5
1881,1794,1157,0,8
1882,1794,1159,0,17
1883,1796,1161,0,25
1884,1797,1162,0,24
1885,1797,1168,0,27
1886,1798,1170,0,21
1887,1798,1175,0,36
1888,1790,1179,0,49
1889,1785,1181,0,50
1890,1780,1181,0,50
1891,1779,1183,0,42
1892,1775,1184,0,42
1893,1778,1187,0,50
1894,1779,1186,0,51
1895,1779,1185,0,52
1896,1775,1185,0,46
1897,1776,1189,0,50
1898,1776,1193,0,57
1899,1776,1191,0,58
1900,1774,1190,0,59
1901,1780,1191,0,56
1902,1787,1186,0,63
1903,1785,1184,0,57
1904,1780,1182,0,59
1905,1776,1181,0,52
1906,1773,1185,0,58
1907,1775,1183,0,52
1908,1780,1179,0,51
1909,1786,1175,0,43
1910,1786,1176,0,30
1911,1786,1173,0,29
1912,1786,1168,0,23
1913,1786,1168,0,17
1914,1786,1169,0,18
1915,1788,1166,0,15
1916,1785,1169,0,8
1917,1779,1170,0,1
1918,1775,1171,0,350
1919,1767,1164,0,357
1920,1761,1164,0,355
1921,1755,1165,0,6
1922,1743,1165,0,13
1923,1732,1165,0,12
1924,1723,1165,0,16
1925,1710,1164,0,27
1926,1702,1174,0,41
1927,1700,1176,0,33
1928,1694,1180,0,14
1929,1686,1175,0,8
1930,1678,1175,0,0
1931,1669,1172,0,345
1932,1661,1172,0,342
1933,1658,1170,0,348
1934,1654,1169,0,344
1935,1649,1167,0,342
1936,1647,1171,0,353
1937,1644,1172,0,357
1938,1641,1173,0,0
1939,1644,1174,0,1
1940,1651,1174,0,0
1941,1656,1173,0,0
1942,1658,1173,0,359
1943,1660,1171,0,3
1944,1662,1167,0,10
1945,1662,1168,0,6
1946,1661,1164,0,8
1947,1660,1161,0,10
1948,1658,1158,0,6
1949,1655,1160,0,9
1950,1647,1159,0,17
1951,1642,1163,0,24
1952,1640,1168,0,41
1953,1643,1165,0,45
1954,1641,1164,0,52
1955,1642,1167,0,59
1956,1645,1167,0,52
1957,1648,1169,0,52
1958,1647,1169,0,56
1959,1646,1169,0,53
1960,1646,1168,0,57
1961,1645,1168,0,54
1962,1646,1168,0,56
1963,1646,1168,0,57
1964,1646,1169,0,56
1965,1646,1169,0,58
1966,1646,1169,0,58
1967,1647,1168,0,58
1968,1649,1165,0,58
1969,1651,1162,0,58
1970,1653,1161,0,57
1971,1657,1157,0,49
1972,1666,1154,0,35
1973,1665,1152,0,42
1974,1668,1153,0,41
1975,1671,1152,0,43
1976,1670,1149,0,47
1977,1671,1149,0,48
1978,1673,1147,0,46
1979,1673,1147,0,37
1980,1674,1141,0,31
1981,1674,1143,0,32
1982,1672,1140,0,32
1983,1676,1138,0,24
1984,1678,1140,0,15
1985,1677,1140,0,9
1986,1675,1139,0,9
1987,1672,1139,0,6
1988,1671,1138,0,0
1989,1671,1136,0,0
1990,1671,1135,0,0
1991,1671,1135,0,354
1992,1672,1135,0,353
1993,1673,1136,0,348
1994,1673,1135,0,347
1995,1674,1135,0,348
1996,1674,1136,0,338
1997,1676,1136,0,331
1998,1676,1137,0,328
1999,1676,1137,0,329
2000,1676,1137,0,329
2001,1676,1137,0,328
2002,1676,1136,0,327
2003,1676,1136,0,327
2004,1676,1136,0,326
2005,1677,1136,0,327
2006,1677,1136,0,329
2007,1677,1136,0,336
2008,1672,1133,0,323
2009,1669,1125,0,321
2010,1669,1117,0,322
2011,1670,1118,0,312
2012,1670,1118,0,307
2013,1668,1120,0,288
2014,1662,1120,0,271
2015,1664,1105,0,258
2016,1670,1094,0,253
2017,1671,1087,0,235
2018,1673,1084,0,227
2019,1674,1082,0,225
2020,1671,1078,0,221
2021,1676,1077,0,212
2022,1686,1073,0,223
2023,1688,1070,0,219
2024,1694,1070,0,208
2025,1701,1071,0,202
2026,1710,1078,0,187
2027,1711,1076,0,179
2028,1714,1073,0,173
2029,1716,1073,0,171
2030,1718,1075,0,166
2031,1717,1075,0,166
2032,1714,1076,0,158
2033,1711,1076,0,151
2034,1706,1074,0,155
2035,1702,1068,0,176
2036,1701,1060,0,191
2037,1700,1052,0,179
2038,1705,1046,0,178
2039,1709,1029,0,150
2040,1710,1024,0,154
2041,1721,1032,0,143
2042,1735,1045,0,109
2043,1739,1047,0,105
2044,1743,1049,0,96
2045,1743,1055,0,91
2046,1751,1056,0,88
2047,1755,1057,0,82
2048,1754,1060,0,78
2049,1753,1066,0,84
2050,1756,1071,0,85
2051,1758,1076,0,85
2052,1760,1082,0,101
2053,1766,1086,0,107
2054,1766,1081,0,116
2055,1770,1080,0,121
2056,1769,1081,0,126
2057,1771,1083,0,126
2058,1775,1085,0,131
2059,1779,1085,0,149
2060,1784,1088,0,165
2061,1790,1090,0,171
2062,1798,1096,0,169
2063,1804,1097,0,172
2064,1811,1098,0,167
2065,1819,1095,0,161
2066,1824,1101,0,170
2067,1837,1099,0,197
2068,1846,1092,0,199
2069,1851,1088,0,196
2070,1850,1086,0,196
2071,1859,1094,0,221
2072,1858,1094,0,222
2073,1858,1092,0,223
2074,1854,1090,0,236
2075,1845,1087,0,198
2076,1846,1087,0,179
2077,1845,1091,0,168
2078,1840,1091,0,176
2079,1841,1089,0,166
2080,1838,1087,0,158
2081,1837,1088,0,150
2082,1837,1089,0,147
2083,1838,1090,0,145
2084,1837,1092,0,139
2085,1836,1090,0,142
2086,1836,1091,0,142
2087,1836,1096,0,147
2088,1838,1097,0,143
2089,1843,1102,0,122
2090,1841,1101,0,124
2091,1839,1101,0,131
2092,1837,1102,0,134
2093,1837,1103,0,133
2094,1836,1103,0,143
2095,1835,1104,0,157
2096,1836,1105,0,154
2097,1836,1106,0,161
2098,1834,1106,0,163
2099,1835,1108,0,157
2100,1831,1111,0,166
2101,1830,1108,0,171
2102,1834,1104,0,178
2103,1834,1104,0,185
2104,1838,1100,0,190
2105,1837,1099,0,194
2106,1838,1098,0,192
2107,1838,1097,0,190
2108,1840,1097,0,192
2109,1843,1097,0,193
2110,1839,1097,0,197
2111,1836,1099,0,184
2112,1835,1104,0,173
2113,1836,1107,0,168
2114,1840,1109,0,168
2115,1850,1112,0,172
2116,1859,1112,0,187
2117,1868,1112,0,179
2118,1871,1114,0,178
2119,1872,1115,0,177
2120,1873,1113,0,171
2121,1870,1108,0,170
2122,1867,1106,0,175
2123,1866,1108,0,178
2124,1866,1113,0,183
2125,1867,1113,0,179
2126,1865,1112,0,176
2127,1867,1112,0,175
2128,1867,1102,0,168
2129,1868,1100,0,165
2130,1867,1097,0,158
2131,1867,1100,0,147
2132,1867,1101,0,144
2133,1866,1102,0,139
2134,1863,1105,0,125
2135,1864,1110,0,119
2136,1866,1115,0,120
2137,1872,1128,0,97
2138,1869,1130,0,99
2139,1870,1136,0,100
2140,1872,1141,0,100
2141,1872,1141,0,101
2142,1866,1143,0,101
2143,1864,1145,0,97
2144,1866,1146,0,98
2145,1870,1153,0,104
2146,1862,1159,0,109
2147,1863,1164,0,103
2148,1863,1168,0,103
2149,1865,1177,0,102
2150,1870,1184,0,107
2151,1870,1190,0,118
2152,1867,1194,0,131
2153,1870,1194,0,145
2154,1870,1192,0,150
2155,1871,1193,0,158
2156,1871,1194,0,164
2157,1871,1194,0,160
2158,1873,1195,0,161
2159,1875,1195,0,151
2160,1877,1196,0,155
2161,1877,1189,0,138
2162,1878,1184,0,129
2163,1875,1181,0,145
2164,1883,1177,0,125
2165,1882,1176,0,141
2166,1877,1170,0,160
2167,1877,1164,0,167
2168,1879,1159,0,182
2169,1894,1166,0,186
2170,1896,1151,0,187
2171,1902,1142,0,190
2172,1902,1139,0,202
2173,1903,1137,0,201
2174,1904,1135,0,212
2175,1902,1128,0,205
2176,1902,1127,0,200
2177,1907,1125,0,194
2178,1906,1123,0,184
2179,1910,1120,0,168
2180,1914,1120,0,166
2181,1917,1113,0,161
2182,1918,1118,0,153
2183,1916,1118,0,162
2184,1909,1117,0,173
2185,1903,1114,0,170
2186,1899,1113,0,173
2187,1897,1112,0,169
2188,1896,1105,0,150
2189,1893,1106,0,150
2190,1882,1110,0,124
2191,1880,1110,0,94
2192,1877,1113,0,73
2193,1876,1113,0,70
2194,1867,1116,0,79
2195,1862,1126,0,84
2196,1861,1138,0,74
2197,1856,1141,0,72
2198,1858,1139,0,57
2199,1856,1141,0,48
2200,1854,1141,0,36
2201,1852,1139,0,35
2202,1847,1139,0,28
2203,1843,1143,0,34
2204,1838,1149,0,35
2205,1836,1147,0,17
2206,1832,1148,0,14
2207,1827,1148,0,8
2208,1817,1150,0,352
2209,1802,1149,0,337
2210,1792,1140,0,327
2211,1782,1139,0,325
2212,1782,1134,0,326
2213,1777,1127,0,326
2214,1774,1126,0,328
2215,1771,1120,0,331
2216,1773,1113,0,323
2217,1770,1110,0,325
2218,1767,1102,0,324
2219,1765,1089,0,322
2220,1765,1082,0,328
2221,1755,1073,0,344
2222,1748,1072,0,338
2223,1742,1071,0,350
2224,1736,1069,0,353
2225,1731,1069,0,350
2226,1726,1070,0,350
2227,1721,1074,0,358
2228,1713,1077,0,5
2229,1708,1078,0,7
2230,1702,1078,0,3
2231,1697,1078,0,5
2232,1696,1080,0,9
2233,1694,1091,0,17
2234,1691,1098,0,30
2235,1683,1098,0,33
2236,1679,1101,0,38
2237,1679,1106,0,41
2238,1676,1106,0,39
2239,1673,1108,0,38
2240,1674,1112,0,32
2241,1673,1117,0,32
2242,1674,1119,0,35
2243,1673,1120,0,32
2244,1671,1119,0,31
2245,1669,1120,0,28
2246,1666,1123,0,29
2247,1668,1126,0,17
2248,1671,1127,0,23
2249,1671,1126,0,25
2250,1671,1127,0,25
2251,1669,1128,0,25
2252,1669,1129,0,27
2253,1668,1129,0,23
2254,1668,1129,0,17
2255,1666,1128,0,15
2256,1666,1129,0,16
2257,1665,1130,0,12
2258,1665,1129,0,13
2259,1664,1128,0,19
2260,1664,1124,0,21
2261,1663,1122,0,22
2262,1662,1124,0,31
2263,1660,1126,0,34
2264,1664,1127,0,28
2265,1668,1126,0,28
2266,1669,1124,0,22
2267,1666,1120,0,16
2268,1665,1120,0,18
2269,1664,1119,0,17
2270,1663,1119,0,17
2271,1662,1118,0,18
2272,1662,1118,0,19
2273,1663,1119,0,21
2274,1662,1119,0,22
2275,1663,1120,0,19
2276,1664,1120,0,20
2277,1667,1119,0,22
2278,1670,1116,0,21
2279,1672,1117,0,23
2280,1674,1116,0,24
2281,1671,1111,0,34
2282,1669,1115,0,33
2283,1666,1121,0,45
2284,1664,1127,0,50
2285,1661,1131,0,52
2286,1653,1135,0,52
2287,1649,1140,0,53
2288,1644,1145,0,56
2289,1640,1152,0,64
2290,1640,1156,0,56
2291,1638,1159,0,59
2292,1635,1164,0,59
2293,1631,1169,0,70
2294,1630,1176,0,67
2295,1635,1178,0,71
2296,1639,1182,0,82
2297,1640,1184,0,90
2298,1639,1186,0,99
2299,1638,1186,0,106
2300,1640,1183,0,106
2301,1639,1183,0,106
2302,1643,1188,0,106
2303,1646,1195,0,90
2304,1647,1201,0,87
2305,1649,1208,0,88
2306,1651,1214,0,89
2307,1651,1216,0,87
2308,1651,1215,0,89
2309,1651,1215,0,90
2310,1653,1217,0,84
2311,1654,1215,0,70
2312,1657,1211,0,75
2313,1657,1211,0,80
2314,1657,1214,0,79
2315,1663,1217,0,74
2316,1662,1219,0,74
2317,1657,1222,0,78
2318,1654,1227,0,76
2319,1651,1231,0,80
2320,1650,1236,0,83
2321,1648,1243,0,87
2322,1646,1250,0,96
2323,1647,1253,0,90
2324,1648,1255,0,87
2325,1649,1257,0,93
2326,1651,1259,0,97
2327,1653,1260,0,97
2328,1655,1260,0,98
2329,1658,1258,0,101
2330,1662,1262,0,100
2331,1661,1268,0,97
2332,1664,1274,0,91
2333,1674,1283,0,88
2334,1673,1291,0,83
2335,1670,1296,0,77
2336,1667,1300,0,70
2337,1669,1303,0,62
2338,1669,1302,0,69
2339,1669,1301,0,67
2340,1665,1300,0,68
2341,1663,1298,0,71
2342,1661,1299,0,68
2343,1658,1300,0,57
2344,1657,1303,0,53
2345,1657,1307,0,46
2346,1655,1307,0,40
2347,1652,1307,0,34
2348,1649,1307,0,24
2349,1645,1306,0,20
2350,1643,1307,0,11
2351,1637,1306,0,7
2352,1629,1302,0,7
2353,1620,1299,0,6
2354,1615,1299,0,5
2355,1609,1298,0,12
2356,1604,1297,0,10
2357,1598,1294,0,10
2358,1593,1294,0,8
2359,1587,1295,0,12
2360,1581,1296,0,11
2361,1581,1295,0,19
2362,1577,1293,0,27
2363,1572,1289,0,32
2364,1569,1288,0,35
2365,1565,1288,0,32
2366,1560,1292,0,27
2367,1555,1295,0,16
2368,1550,1296,0,15
2369,1543,1293,0,11
2370,1539,1292,0,2
2371,1535,1289,0,3
2372,1534,1286,0,9
2373,1533,1283,0,15
2374,1530,1284,0,18
2375,1527,1284,0,19
2376,1526,1284,0,21
2377,1525,1284,0,22
2378,1528,1285,0,20
2379,1530,1282,0,15
2380,1531,1273,0,7
2381,1527,1271,0,3
2382,1518,1277,0,2
2383,1510,1276,0,0
2384,1505,1277,0,3
2385,1497,1274,0,359
2386,1494,1272,0,359
2387,1492,1268,0,358
2388,1490,1264,0,359
2389,1496,1257,0,350
2390,1497,1258,0,349
2391,1502,1257,0,343
2392,1501,1256,0,343
2393,1504,1258,0,340
2394,1505,1257,0,346
2395,1500,1256,0,355
2396,1500,1257,0,4
2397,1494,1256,0,8
2398,1486,1256,0,1
2399,1479,1256,0,357
2400,1475,1254,0,351
2401,1471,1251,0,354
2402,1467,1255,0,359
2403,1461,1252,0,355
2404,1454,1254,0,1
2405,1453,1253,0,0
2406,1449,1251,0,356
2407,1445,1250,0,351
2408,1438,1251,0,356
2409,1431,1253,0,351
2410,1424,1251,0,359
2411,1419,1251,0,353
2412,1413,1249,0,355
2413,1412,1251,0,351
2414,1411,1254,0,342
2415,1404,1258,0,336
2416,1402,1261,0,338
2417,1395,1263,0,335
2418,1390,1266,0,336
2419,1390,1270,0,329
2420,1391,1276,0,332
2421,1393,1283,0,333
2422,1398,1288,0,336
2423,1402,1289,0,340
2424,1413,1293,0,344
2425,1422,1295,0,335
2426,1429,1284,0,325
2427,1441,1279,0,320
2428,1442,1279,0,337
2429,1441,1282,0,348
2430,1441,1281,0,349
2431,1441,1281,0,350
2432,1440,1282,0,350
2433,1443,1282,0,352
2434,1445,1284,0,349
2435,1446,1288,0,349
2436,1444,1290,0,346
2437,1444,1290,0,351
2438,1445,1291,0,350
2439,1444,1290,0,349
2440,1440,1291,0,340
2441,1439,1291,0,336
2442,1439,1289,0,332
2443,1441,1288,0,330
2444,1445,1291,0,336
2445,1454,1293,0,333
2446,1466,1290,0,328
2447,1474,1285,0,318
2448,1482,1280,0,347
2449,1477,1285,0,358
2450,1479,1284,0,355
2451,1479,1287,0,357
2452,1479,1291,0,359
2453,1478,1291,0,1
2454,1477,1290,0,358
2455,1478,1292,0,356
2456,1482,1297,0,356
2457,1484,1303,0,356
2458,1493,1305,0,2
2459,1497,1307,0,5
2460,1497,1309,0,12
2461,1495,1309,0,3
2462,1495,1308,0,1
2463,1495,1309,0,7
2464,1499,1313,0,5
2465,1502,1315,0,23
2466,1506,1316,0,20
2467,1514,1319,0,44
2468,1524,1322,0,52
2469,1533,1324,0,51
2470,1541,1325,0,64
2471,1551,1318,0,83
2472,1553,1315,0,103
2473,1559,1321,0,116
2474,1561,1324,0,119
2475,1556,1324,0,129
2476,1556,1324,0,129
2477,1555,1328,0,137
2478,1559,1330,0,154
2479,1567,1322,0,149
2480,1566,1322,0,148
2481,1568,1323,0,151
2482,1574,1327,0,149
2483,1583,1328,0,143
2484,1589,1330,0,150
2485,1593,1335,0,145
2486,1598,1335,0,146
2487,1593,1331,0,139
2488,1590,1334,0,130
2489,1585,1337,0,110
2490,1584,1348,0,101
2491,1583,1359,0,96
2492,1584,1360,0,93
2493,1588,1362,0,98
2494,1591,1365,0,106
2495,1602,1369,0,107
2496,1613,1379,0,114
2497,1617,1387,0,112
2498,1617,1393,0,108
2499,1634,1403,0,103
2500,1630,1414,0,100
2501,1635,1424,0,98
2502,1642,1431,0,92
2503,1647,1433,0,95
2504,1656,1441,0,89
2505,1654,1448,0,88
2506,1652,1452,0,82
2507,1654,1458,0,69
2508,1652,1463,0,61
2509,1655,1463,0,63
2510,1655,1465,0,64
2511,1654,1465,0,62
2512,1656,1467,0,55
2513,1655,1472,0,64
2514,1652,1476,0,66
2515,1650,1485,0,63
2516,1651,1499,0,62
2517,1646,1501,0,59
2518,1643,1503,0,59
2519,1645,1505,0,60
2520,1644,1505,0,55
2521,1641,1508,0,56
2522,1640,1516,0,57
2523,1639,1520,0,55
2524,1635,1528,0,62
2525,1633,1532,0,58
2526,1634,1527,0,47
2527,1634,1527,0,26
2528,1632,1526,0,16
2529,1623,1524,0,7
2530,1619,1521,0,6
2531,1614,1516,0,357
2532,1613,1512,0,357
2533,1614,1508,0,10
2534,1613,1510,0,1
2535,1612,1508,0,359
2536,1613,1508,0,2
2537,1613,1507,0,4
2538,1614,1508,0,5
2539,1614,1507,0,4
2540,1614,1507,0,4
2541,1614,1506,0,7
2542,1613,1506,0,3
2543,1613,1505,0,359
2544,1613,1505,0,3
2545,1613,1506,0,354
2546,1610,1500,0,349
2547,1611,1498,0,347
2548,1611,1499,0,346
2549,1609,1499,0,340
2550,1609,1503,0,343
2551,1611,1507,0,348
2552,1614,1510,0,355
2553,1614,1510,0,351
2554,1615,1509,0,350
2555,1614,1511,0,348
2556,1617,1512,0,349
2557,1619,1511,0,350
2558,1623,1510,0,358
2559,1624,1510,0,2
2560,1626,1510,0,1
2561,1630,1504,0,6
2562,1630,1503,0,5
2563,1632,1499,0,10
2564,1637,1494,0,24
2565,1635,1486,0,37
2566,1633,1482,0,43
2567,1634,1477,0,67
2568,1640,1465,0,76
2569,1637,1458,0,82
2570,1631,1454,0,122
2571,1632,1456,0,93
2572,1633,1457,0,103
2573,1635,1458,0,108
2574,1635,1459,0,98
2575,1635,1461,0,94
2576,1633,1467,0,82
2577,1631,1477,0,71
2578,1629,1480,0,63
2579,1628,1485,0,61
2580,1627,1494,0,55
2581,1625,1496,0,49
2582,1623,1497,0,36
2583,1626,1495,0,31
2584,1624,1496,0,30
2585,1623,1496,0,28
2586,1620,1499,0,31
2587,1619,1505,0,34
2588,1612,1509,0,31
2589,1601,1511,0,26
2590,1590,1514,0,23
2591,1582,1516,0,25
2592,1571,1520,0,26
2593,1564,1535,0,36
2594,1556,1538,0,34
2595,1550,1537,0,32
2596,1546,1541,0,33
2597,1536,1548,0,38
2598,1531,1555,0,41
2599,1533,1552,0,37
2600,1532,1552,0,34
2601,1535,1551,0,32
2602,1536,1551,0,28
2603,1534,1554,0,32
2604,1529,1555,0,27
2605,1521,1561,0,37
2606,1513,1568,0,41
2607,1509,1569,0,32
2608,1506,1571,0,24
2609,1503,1570,0,32
2610,1500,1570,0,35
2611,1493,1575,0,34
2612,1486,1573,0,24
2613,1481,1582,0,17
2614,1474,1581,0,13
2615,1463,1579,0,353
2616,1455,1574,0,351
2617,1450,1564,0,347
2618,1437,1559,0,335
2619,1429,1555,0,341
2620,1424,1550,0,339
2621,1410,1541,0,331
2622,1398,1538,0,321
2623,1389,1532,0,324
2624,1379,1540,0,334
2625,1367,1537,0,345
2626,1356,1525,0,352
2627,1334,1523,0,353
2628,1320,1525,0,358
2629,1310,1536,0,13
2630,1302,1530,0,22
2631,1286,1541,0,25
2632,1281,1547,0,17
2633,1278,1549,0,15
2634,1264,1553,0,17
2635,1255,1553,0,2
2636,1231,1549,0,356
2637,1213,1544,0,354
2638,1199,1542,0,346
2639,1192,1528,0,319
2640,1188,1508,0,310
2641,1185,1502,0,309
2642,1178,1488,0,302
2643,1172,1483,0,288
2644,1163,1472,0,310
2645,1148,1458,0,321
2646,1130,1448,0,322
2647,1119,1427,0,326
2648,1108,1416,0,328
2649,1108,1403,0,318
2650,1104,1389,0,315
2651,1094,1378,0,299
2652,1087,1362,0,300
2653,1081,1343,0,304
2654,1077,1330,0,295
2655,1076,1324,0,295
2656,1073,1314,0,305
2657,1063,1308,0,313
2658,1056,1306,0,307
2659,1054,1304,0,310
2660,1063,1306,0,302
2661,1065,1303,0,290
2662,1068,1300,0,275
2663,1073,1295,0,261
2664,1078,1290,0,259
2665,1089,1266,0,258
2666,1097,1255,0,260
2667,1101,1238,0,267
2668,1105,1231,0,284
2669,1101,1228,0,299
2670,1092,1220,0,313
2671,1082,1215,0,317
2672,1070,1208,0,318
2673,1061,1198,0,323
2674,1040,1187,0,330
2675,1020,1174,0,320
2676,1022,1162,0,314
2677,1015,1156,0,301
2678,1019,1148,0,294
2679,1023,1137,0,286
2680,1014,1132,0,293
2681,1007,1127,0,286
2682,1011,1125,0,274
2683,1015,1117,0,282
2684,1014,1104,0,283
2685,1017,1090,0,292
2686,1020,1077,0,280
2687,1017,1071,0,277
2688,1013,1076,0,298
2689,1013,1077,0,303
2690,1005,1068,0,302
2691,998,1052,0,310
2692,983,1043,0,314
2693,980,1041,0,316
2694,979,1034,0,308
2695,982,1025,0,294
2696,978,1007,0,306
2697,971,994,0,310
2698,967,984,0,323
2699,945,973,0,339
2700,933,973,0,356
2701,924,975,0,7
2702,919,983,0,12
2703,910,984,0,19
2704,904,988,0,32
2705,902,992,0,43
2706,905,996,0,51
2707,896,994,0,44
2708,888,991,0,41
2709,889,989,0,38
2710,888,989,0,34
2711,890,992,0,30
2712,886,995,0,36
2713,881,995,0,30
2714,881,1002,0,26
2715,879,1004,0,15
2716,879,1003,0,24
2717,880,1004,0,38
2718,877,1008,0,31
2719,876,1009,0,25
2720,870,1012,0,32
2721,865,1014,0,34
2722,867,1015,0,34
2723,864,1017,0,31
2724,863,1017,0,27
2725,855,1029,0,33
2726,848,1038,0,35
2727,846,1044,0,18
2728,841,1047,0,14
2729,836,1055,0,11
2730,828,1055,0,12
2731,817,1051,0,4
2732,801,1051,0,350
2733,798,1037,0,334
2734,790,1032,0,338
2735,769,1026,0,339
2736,765,1023,0,343
2737,761,1018,0,335
2738,757,1017,0,326
2739,754,1013,0,327
2740,754,1012,0,326
2741,752,1014,0,319
2742,752,1011,0,327
2743,752,1011,0,325
2744,753,1011,0,325
2745,755,1010,0,328
2746,756,1011,0,328
2747,755,1012,0,329
2748,753,1012,0,325
2749,753,1010,0,316
2750,754,1010,0,305
2751,750,1007,0,300
2752,753,1000,0,295
2753,752,996,0,294
2754,751,994,0,279
2755,750,986,0,267
2756,747,982,0,273
2757,741,968,0,261
2758,742,965,0,255
2759,740,966,0,251
2760,739,963,0,235
2761,734,964,0,243
2762,733,961,0,251
2763,729,951,0,218
2764,729,941,0,198
2765,731,927,0,180
2766,732,927,0,169
2767,739,934,0,148
2768,745,935,0,154
2769,754,938,0,162
2770,771,945,0,146
2771,778,946,0,151
2772,782,947,0,169
2773,788,944,0,201
2774,795,943,0,213
2775,798,935,0,205
2776,796,932,0,186
2777,790,931,0,184
2778,789,933,0,215
2779,793,919,0,241
2780,795,917,0,256
2781,796,916,0,271
2782,795,914,0,263
2783,793,909,0,259
2784,790,912,0,266
2785,790,911,0,266
2786,790,914,0,267
2787,790,914,0,241
2788,792,910,0,230
2789,795,908,0,212
2790,800,906,0,197
2791,799,909,0,179
2792,797,912,0,152
2793,798,914,0,124
2794,792,910,0,99
2795,784,914,0,75
2796,779,919,0,72
2797,770,937,0,46
2798,758,946,0,48
2799,758,961,0,50
2800,753,973,0,70
2801,748,975,0,74
2802,749,986,0,74
2803,755,1000,0,90
2804,757,1011,0,102
2805,757,1027,0,93
2806,759,1044,0,83
2807,752,1066,0,70
2808,747,1082,0,69
2809,738,1098,0,70
2810,734,1106,0,77
2811,738,1100,0,72
2814,763,1118,0,105
2815,772,1124,0,113
2816,784,1133,0,117
2817,788,1140,0,124
2818,785,1140,0,134
2819,786,1141,0,137
2820,797,1148,0,127
2821,799,1153,0,128
2822,802,1155,0,131
2823,803,1155,0,111
2824,799,1162,0,94
2825,793,1169,0,87
2826,793,1182,0,85
2827,793,1193,0,91
2828,790,1208,0,85
2829,786,1219,0,82
2830,788,1224,0,93
2831,788,1228,0,90
2832,786,1234,0,86
2833,789,1239,0,96
2834,787,1245,0,91
2835,782,1246,0,114
2836,779,1251,0,120
2837,781,1251,0,139
2838,785,1250,0,145
2839,794,1250,0,151
2840,804,1249,0,162
2841,810,1251,0,159
2842,822,1255,0,162
2843,841,1258,0,154
2844,846,1255,0,168
2845,851,1250,0,191
2846,871,1239,0,225
2847,882,1236,0,222
2848,884,1232,0,228
2849,880,1234,0,236
2850,881,1236,0,221
2851,886,1235,0,213
2852,892,1238,0,205
2853,907,1233,0,198
2854,924,1231,0,197
2855,950,1225,0,227
2856,976,1233,0,243
2857,977,1231,0,234
2858,980,1228,0,206
2859,986,1229,0,198
2860,985,1229,0,192
2861,986,1227,0,195
2862,987,1227,0,193
2863,987,1226,0,192
2864,991,1227,0,186
2865,999,1224,0,178
2868,1020,1206,0,224
2869,1044,1187,0,233
2870,1053,1184,0,221
2871,1053,1181,0,215
2872,1057,1182,0,213
2873,1063,1182,0,205
2874,1067,1184,0,198
2875,1073,1185,0,2
2876,1083,1186,0,346
2877,1094,1185,0,350
2879,1109,1195,0,149
2880,1126,1206,0,150
2881,1136,1208,0,158
2882,1142,1213,0,152
2883,1149,1216,0,339
2885,1171,1216,0,196
2886,1185,1220,0,191
2887,1194,1220,0,195
2888,1213,1215,0,207
2892,1263,1222,0,149
2893,1263,1227,0,158
2894,1268,1233,0,131
2895,1276,1242,0,131
2896,1287,1258,0,122
2897,1294,1264,0,134
2898,1296,1274,0,141
2899,1302,1276,0,145
2900,1307,1279,0,140
2901,1309,1277,0,136
2902,1319,1288,0,148
2903,1323,1296,0,147
2904,1324,1298,0,147
2905,1325,1299,0,150
2906,1329,1301,0,157
2907,1330,1304,0,149
2908,1334,1301,0,128
2909,1338,1308,0,136
2910,1350,1314,0,143
2911,1358,1315,0,145
2912,1362,1315,0,153
2913,1362,1316,0,152
2914,1360,1314,0,163
2915,1359,1310,0,174
2916,1357,1313,0,158
2917,1370,1324,0,136
2918,1373,1326,0,132
2919,1374,1326,0,124
2920,1373,1329,0,128
2921,1374,1329,0,126
2922,1375,1325,0,132
2923,1375,1325,0,138
2924,1376,1323,0,139
2925,1377,1322,0,139
2926,1378,1320,0,142
2927,1379,1317,0,152
2928,1384,1318,0,152
2929,1388,1319,0,162
2930,1399,1312,0,171
2931,1414,1315,0,193
2932,1430,1314,0,184
2933,1429,1304,0,167
2934,1437,1298,0,166
2935,1441,1298,0,159
2936,1445,1295,0,150
2937,1454,1290,0,134
2938,1463,1290,0,101
2939,1466,1286,0,88
2940,1468,1289,0,70
2941,1467,1294,0,63
2942,1462,1299,0,59
2943,1456,1299,0,61
2944,1455,1294,0,60
2945,1453,1282,0,68
2946,1451,1280,0,78
2947,1454,1278,0,75
2948,1451,1265,0,64
2949,1451,1257,0,67
2950,1451,1256,0,65
2951,1448,1254,0,74
2952,1446,1254,0,77
2953,1444,1254,0,79
2954,1443,1250,0,78
2955,1445,1246,0,87
2956,1449,1244,0,96
2957,1451,1243,0,108
2958,1454,1240,0,117
2959,1454,1244,0,124
2960,1462,1260,0,143
2961,1468,1266,0,179
2962,1482,1262,0,182
2963,1488,1265,0,179
2964,1496,1259,0,167
2965,1499,1257,0,176
2966,1504,1258,0,180
2967,1512,1259,0,176
2968,1519,1259,0,184
2969,1525,1255,0,180
2970,1523,1255,0,175
2971,1532,1256,0,166
2972,1542,1260,0,166
2973,1554,1263,0,160
2974,1564,1270,0,154
2975,1581,1270,0,165
2976,1595,1271,0,168
2977,1596,1268,0,170
2978,1602,1262,0,190
2979,1615,1259,0,189
2980,1620,1260,0,180
2981,1629,1263,0,178
2982,1632,1260,0,192
2983,1631,1259,0,191
2984,1629,1256,0,200
2985,1630,1254,0,201
2986,1631,1255,0,192
2987,1634,1259,0,180
2988,1639,1263,0,162
2989,1648,1272,0,147
2990,1656,1272,0,154
2991,1664,1281,0,149
2992,1668,1287,0,138
2993,1677,1291,0,132
2994,1681,1293,0,136
2995,1687,1301,0,128
2996,1697,1308,0,139
2997,1708,1322,0,133
2998,1711,1325,0,141
2999,1710,1324,0,137
