126,414,873,0,21
127,416,872,0,18
128,419,871,0,15
129,419,870,0,17
130,419,870,0,13
131,421,867,0,12
132,423,864,0,18
133,425,864,0,22
134,425,863,0,18
135,424,863,0,12
136,421,866,0,24
137,419,867,0,21
138,417,866,0,24
139,417,865,0,25
140,417,865,0,26
141,414,863,0,30
142,415,863,0,35
143,414,866,0,33
144,411,867,0,39
145,410,869,0,40
146,409,871,0,41
147,409,873,0,47
148,405,873,0,51
149,401,879,0,54
150,401,881,0,56
151,400,883,0,59
152,403,886,0,56
153,403,888,0,61
154,403,889,0,59
155,404,888,0,61
156,403,888,0,55
157,404,887,0,53
158,404,887,0,52
159,404,887,0,52
160,403,886,0,51
161,403,886,0,53
162,403,884,0,51
163,404,884,0,49
164,404,882,0,51
165,401,882,0,51
166,401,881,0,52
167,402,881,0,51
168,402,881,0,51
169,401,882,0,51
170,401,882,0,48
171,402,882,0,48
172,402,882,0,51
173,402,882,0,53
174,403,882,0,51
175,404,882,0,50
176,406,881,0,49
177,407,879,0,52
178,407,878,0,50
179,407,880,0,44
180,406,884,0,35
181,406,885,0,33
182,406,884,0,40
183,405,885,0,38
184,405,885,0,38
185,406,883,0,36
186,407,882,0,34
187,407,881,0,35
188,408,881,0,37
189,408,881,0,38
190,407,882,0,38
191,408,880,0,43
192,406,878,0,43
193,406,877,0,45
194,406,876,0,49
195,405,878,0,44
196,403,878,0,44
197,402,877,0,47
198,402,876,0,48
199,402,875,0,48
200,401,876,0,53
201,401,877,0,51
202,400,877,0,50
203,401,878,0,49
204,403,879,0,42
205,403,879,0,40
206,403,879,0,37
207,404,878,0,35
208,404,879,0,37
209,405,880,0,36
210,404,879,0,38
211,408,881,0,40
212,407,881,0,41
213,408,883,0,40
214,409,883,0,38
215,410,882,0,38
216,414,882,0,40
217,415,879,0,47
218,416,880,0,50
219,418,878,0,50
220,417,876,0,50
221,418,876,0,45
222,418,877,0,45
223,417,876,0,51
224,416,878,0,48
225,420,879,0,49
226,420,881,0,49
227,426,876,0,55
228,428,877,0,50
229,424,871,0,49
230,423,869,0,53
231,424,869,0,47
232,424,869,0,46
233,424,869,0,40
234,425,869,0,36
235,424,869,0,34
236,424,869,0,28
237,424,869,0,25
238,434,868,0,33
239,429,871,0,38
240,427,874,0,35
241,425,873,0,41
242,420,872,0,40
243,419,869,0,34
244,418,869,0,29
245,420,868,0,23
246,422,867,0,21
247,423,865,0,17
248,426,860,0,2
249,429,856,0,356
250,432,852,0,357
251,430,853,0,355
252,430,853,0,352
253,430,852,0,352
254,428,852,0,354
255,429,855,0,359
256,429,857,0,359
257,430,858,0,358
258,430,859,0,359
259,430,859,0,1
260,431,860,0,1
261,431,859,0,2
262,432,858,0,4
263,433,859,0,3
264,435,860,0,3
265,437,856,0,4
266,439,855,0,0
267,441,855,0,0
268,443,856,0,359
269,441,853,0,2
270,440,846,0,2
271,439,846,0,2
272,439,839,0,7
273,439,838,0,6
274,439,841,0,4
275,439,840,0,6
276,439,838,0,11
277,438,836,0,13
278,438,836,0,15
279,439,837,0,15
280,435,836,0,18
281,433,834,0,20
282,434,837,0,18
283,432,836,0,21
284,430,835,0,21
285,428,837,0,21
286,428,838,0,31
287,427,841,0,32
288,422,840,0,33
289,421,841,0,37
290,421,844,0,44
291,416,840,0,56
292,415,843,0,57
293,416,843,0,59
294,418,844,0,57
295,423,840,0,64
296,424,839,0,58
297,424,840,0,53
298,422,841,0,59
299,422,841,0,59
300,421,841,0,58
301,422,841,0,55
302,422,841,0,55
303,422,841,0,57
304,422,841,0,57
305,422,842,0,57
306,422,842,0,55
307,422,842,0,55
308,422,841,0,52
309,422,841,0,49
310,421,841,0,46
311,421,841,0,43
312,419,840,0,48
313,417,839,0,46
314,417,836,0,44
315,417,836,0,41
316,417,836,0,41
317,417,836,0,37
318,417,836,0,33
319,417,837,0,30
320,418,838,0,28
321,418,838,0,24
322,418,839,0,24
323,418,839,0,23
324,418,839,0,23
325,419,840,0,26
326,418,840,0,27
327,417,840,0,25
328,417,840,0,22
329,416,841,0,21
330,416,842,0,19
331,415,842,0,20
332,415,843,0,18
333,415,843,0,18
334,413,842,0,18
335,412,843,0,16
336,410,843,0,15
337,407,845,0,10
338,406,846,0,6
339,405,846,0,3
340,404,846,0,2
341,401,846,0,1
342,401,844,0,358
343,399,844,0,355
344,396,845,0,353
345,393,845,0,351
346,391,847,0,350
347,389,846,0,349
348,386,845,0,344
349,386,844,0,341
350,385,844,0,341
351,384,842,0,343
352,385,846,0,351
353,387,844,0,349
354,387,843,0,350
355,386,843,0,348
356,386,842,0,353
357,386,843,0,352
358,387,842,0,353
359,389,842,0,354
360,389,844,0,351
361,388,844,0,349
362,387,845,0,349
363,386,844,0,348
364,386,844,0,351
365,385,843,0,351
366,385,843,0,350
367,385,844,0,348
368,385,845,0,348
369,385,846,0,348
370,385,846,0,348
371,385,846,0,349
372,386,845,0,348
373,385,845,0,346
374,384,844,0,347
375,383,844,0,348
376,383,843,0,350
377,383,843,0,351
378,382,843,0,352
379,383,843,0,349
380,383,843,0,347
381,382,844,0,348
382,381,844,0,350
383,382,844,0,349
384,382,843,0,348
385,382,843,0,348
386,380,844,0,350
387,381,842,0,344
388,380,841,0,341
389,378,840,0,341
390,377,840,0,341
391,376,839,0,341
392,373,838,0,341
393,369,836,0,337
394,370,836,0,340
395,372,837,0,350
396,373,838,0,349
397,375,840,0,348
398,374,842,0,349
399,373,842,0,348
400,373,842,0,350
401,372,842,0,350
402,372,843,0,350
403,371,843,0,349
404,372,842,0,348
405,371,842,0,347
406,372,842,0,350
407,372,843,0,353
408,372,843,0,352
409,373,843,0,352
410,372,843,0,352
411,373,842,0,353
412,372,842,0,351
413,373,842,0,350
414,373,843,0,351
415,374,844,0,357
416,373,845,0,358
417,372,845,0,359
418,372,845,0,358
419,372,845,0,357
420,372,845,0,358
421,373,845,0,358
422,374,845,0,357
423,374,845,0,358
424,373,845,0,359
425,373,845,0,358
426,372,846,0,357
427,371,846,0,356
428,371,845,0,357
429,371,845,0,358
430,370,845,0,359
431,369,845,0,357
432,367,845,0,356
433,365,845,0,355
434,363,846,0,355
435,361,847,0,356
436,360,851,0,358
437,360,851,0,359
438,359,849,0,4
439,359,849,0,10
440,357,850,0,17
441,356,848,0,22
442,352,845,0,21
443,352,844,0,24
444,350,843,0,20
445,346,843,0,23
446,341,841,0,43
447,340,842,0,45
448,339,843,0,40
449,346,844,0,14
450,347,843,0,17
451,346,837,0,21
452,349,834,0,30
453,347,835,0,31
454,346,838,0,25
455,347,837,0,17
456,347,838,0,12
457,346,838,0,8
458,346,838,0,5
459,346,839,0,5
460,347,839,0,4
461,350,841,0,359
462,352,841,0,1
463,351,840,0,1
464,351,840,0,2
465,351,839,0,2
466,351,841,0,359
467,350,841,0,358
468,351,840,0,357
469,350,840,0,356
470,349,839,0,355
471,350,839,0,356
472,350,840,0,356
473,351,841,0,358
474,351,841,0,2
475,351,841,0,2
476,351,841,0,5
477,351,842,0,3
478,351,841,0,1
479,351,840,0,2
480,353,836,0,359
481,353,832,0,353
482,356,830,0,350
483,360,831,0,346
484,363,834,0,338
485,365,834,0,339
486,370,837,0,337
487,379,841,0,336
488,381,845,0,353
489,381,846,0,356
490,383,848,0,357
491,386,851,0,2
492,386,851,0,2
493,384,849,0,356
494,383,847,0,354
495,382,846,0,347
496,380,846,0,349
497,376,846,0,347
498,373,847,0,344
499,369,846,0,339
500,369,846,0,341
501,372,846,0,345
502,369,845,0,345
503,369,844,0,345
504,368,845,0,343
505,368,844,0,343
506,370,844,0,345
507,369,844,0,340
508,369,844,0,340
509,368,845,0,337
510,368,846,0,336
511,369,846,0,343
512,369,847,0,344
513,369,846,0,343
514,368,845,0,342
515,368,845,0,342
516,368,845,0,343
517,369,844,0,346
518,369,844,0,346
519,369,844,0,348
520,369,845,0,350
521,370,845,0,349
522,367,846,0,341
523,367,846,0,343
524,365,846,0,343
525,365,846,0,342
526,366,845,0,347
527,366,846,0,347
528,367,847,0,351
529,369,847,0,353
530,369,847,0,357
531,368,847,0,356
532,368,847,0,355
533,367,846,0,357
534,368,846,0,359
535,367,847,0,356
536,367,846,0,357
537,367,844,0,349
538,368,844,0,349
539,367,844,0,349
540,366,844,0,354
541,365,847,0,351
542,364,846,0,353
543,363,846,0,351
544,363,845,0,353
545,362,845,0,352
546,361,845,0,354
547,361,844,0,358
548,360,844,0,358
549,360,845,0,356
550,360,845,0,356
551,361,844,0,353
552,363,843,0,349
553,362,841,0,343
554,363,840,0,345
555,364,841,0,346
556,364,839,0,342
557,364,839,0,341
558,364,838,0,341
559,364,837,0,339
560,366,835,0,338
561,368,838,0,340
562,364,840,0,341
563,365,839,0,342
564,364,838,0,341
565,364,838,0,342
566,368,842,0,329
567,369,842,0,329
568,371,841,0,328
569,373,841,0,330
570,373,843,0,336
571,372,846,0,341
572,372,846,0,341
573,374,849,0,346
574,372,848,0,351
575,368,842,0,357
576,366,843,0,1
577,364,843,0,1
578,360,844,0,3
579,359,846,0,8
580,357,848,0,16
581,356,849,0,18
582,356,851,0,20
583,354,850,0,16
584,355,851,0,16
585,355,849,0,19
586,355,849,0,16
587,354,852,0,13
588,355,851,0,13
589,355,852,0,12
590,354,851,0,17
591,354,850,0,15
592,352,851,0,19
593,352,851,0,21
594,351,850,0,23
595,350,849,0,22
596,350,850,0,21
597,348,848,0,21
598,348,850,0,22
599,348,850,0,17
600,345,848,0,11
601,346,845,0,12
602,347,845,0,10
603,348,844,0,11
604,348,846,0,15
605,350,847,0,15
606,352,847,0,12
607,352,847,0,12
608,352,846,0,11
609,352,847,0,6
610,353,847,0,3
611,353,846,0,7
612,353,846,0,4
613,354,846,0,5
614,354,845,0,4
615,356,845,0,2
616,356,844,0,358
617,356,842,0,349
618,359,841,0,340
619,360,840,0,338
620,357,838,0,345
621,357,837,0,342
622,356,838,0,343
623,356,837,0,344
624,356,837,0,345
625,359,839,0,342
626,359,841,0,349
627,360,843,0,357
628,361,844,0,3
629,359,847,0,11
630,360,849,0,7
631,360,850,0,5
632,359,851,0,4
633,359,852,0,4
634,359,851,0,4
635,358,852,0,3
636,358,852,0,3
637,358,852,0,3
638,359,851,0,3
639,359,851,0,2
640,359,851,0,0
641,359,851,0,1
642,359,850,0,1
643,359,851,0,1
644,359,851,0,359
645,359,850,0,359
646,359,850,0,0
647,359,850,0,359
648,359,851,0,0
649,359,851,0,1
650,359,850,0,2
651,360,850,0,0
652,361,850,0,359
653,360,849,0,356
654,360,848,0,357
655,361,848,0,350
656,361,845,0,346
657,359,844,0,344
658,358,844,0,342
659,358,844,0,343
660,359,844,0,341
661,358,842,0,339
662,361,841,0,343
663,362,840,0,343
664,363,839,0,345
665,363,838,0,341
666,364,835,0,340
667,364,834,0,338
668,362,834,0,332
669,362,834,0,331
670,360,833,0,332
671,363,833,0,328
672,362,832,0,334
673,364,832,0,335
674,364,832,0,336
675,366,836,0,335
676,369,838,0,340
677,368,837,0,342
678,368,839,0,346
679,368,839,0,347
680,367,837,0,341
681,367,836,0,343
682,368,835,0,345
683,368,835,0,344
684,369,835,0,344
685,370,837,0,345
686,371,838,0,347
687,370,838,0,348
688,369,838,0,344
689,366,838,0,336
690,366,839,0,339
691,367,838,0,340
692,367,840,0,341
693,367,840,0,339
694,369,842,0,340
695,369,841,0,337
696,369,841,0,336
697,368,841,0,338
698,369,841,0,338
699,370,840,0,335
700,370,840,0,332
701,369,840,0,328
702,371,839,0,324
703,371,838,0,325
704,372,838,0,331
705,374,843,0,341
706,374,843,0,346
707,372,842,0,351
708,371,842,0,358
709,370,842,0,357
710,367,841,0,0
711,370,841,0,1
712,368,841,0,358
713,369,841,0,358
714,369,842,0,1
715,367,843,0,356
716,366,842,0,352
717,368,842,0,356
718,368,842,0,359
719,368,841,0,358
720,366,838,0,6
721,367,836,0,5
722,366,837,0,7
723,362,839,0,8
724,360,842,0,1
725,358,842,0,355
726,356,842,0,359
727,354,841,0,359
728,353,841,0,356
729,353,840,0,357
730,355,840,0,357
731,353,839,0,357
732,357,839,0,3
733,357,839,0,4
734,356,840,0,1
735,356,840,0,358
736,356,840,0,355
737,355,839,0,351
738,352,839,0,349
739,354,840,0,350
740,355,840,0,352
741,356,839,0,352
742,355,840,0,355
743,352,839,0,359
744,351,840,0,358
745,352,840,0,355
746,353,841,0,355
747,353,840,0,353
748,353,840,0,353
749,352,841,0,355
750,351,841,0,355
751,350,840,0,354
752,348,842,0,358
753,344,842,0,2
754,342,842,0,3
755,339,845,0,5
756,338,850,0,11
757,338,850,0,13
758,336,851,0,13
759,337,850,0,12
760,339,849,0,10
761,341,850,0,15
762,341,850,0,20
763,341,852,0,23
764,342,853,0,21
765,343,853,0,22
766,343,852,0,22
767,342,852,0,20
768,342,851,0,20
769,344,850,0,20
770,343,851,0,19
771,344,854,0,19
772,342,854,0,18
773,341,852,0,23
774,341,852,0,21
775,341,851,0,29
776,340,851,0,31
777,338,850,0,27
778,337,847,0,29
779,335,848,0,31
780,334,848,0,33
781,332,850,0,37
782,331,848,0,41
783,328,847,0,41
784,330,845,0,42
785,332,847,0,43
786,333,847,0,45
787,334,850,0,41
788,333,853,0,43
789,334,855,0,46
790,333,857,0,43
791,334,857,0,42
792,335,857,0,34
793,338,858,0,42
794,340,858,0,42
795,343,857,0,38
796,348,853,0,38
797,345,853,0,40
798,337,857,0,50
799,327,855,0,62
800,326,852,0,72
801,316,874,0,54
802,311,876,0,45
803,311,881,0,44
804,311,884,0,36
805,308,886,0,30
806,305,889,0,27
807,302,891,0,26
808,302,891,0,24
809,300,893,0,20
810,294,896,0,24
811,290,895,0,23
812,287,895,0,24
813,287,896,0,23
814,285,895,0,27
815,283,896,0,26
816,280,897,0,20
817,278,896,0,13
818,277,896,0,7
819,276,895,0,6
820,277,895,0,5
821,277,896,0,1
822,276,901,0,353
823,276,903,0,352
824,272,907,0,354
825,273,909,0,3
826,277,911,0,7
827,277,911,0,11
828,277,911,0,14
829,275,913,0,7
830,274,911,0,5
831,272,911,0,3
832,271,912,0,0
833,266,914,0,352
834,261,915,0,336
835,260,916,0,335
836,257,915,0,333
837,262,905,0,318
838,261,903,0,317
839,255,902,0,321
840,255,895,0,324
841,252,897,0,312
842,253,897,0,315
843,257,899,0,325
844,256,901,0,326
845,252,902,0,339
846,252,904,0,343
847,247,904,0,338
848,245,902,0,339
849,246,904,0,342
850,244,903,0,340
851,239,898,0,348
852,237,899,0,351
853,236,900,0,348
854,237,901,0,347
855,236,902,0,348
856,235,902,0,352
857,233,900,0,351
858,233,901,0,351
859,235,904,0,350
860,235,904,0,349
861,235,902,0,352
862,235,902,0,352
863,238,902,0,350
864,234,901,0,351
865,234,901,0,353
866,233,900,0,352
867,233,901,0,352
868,235,901,0,350
869,233,900,0,353
870,233,900,0,353
871,232,900,0,353
872,232,898,0,351
873,231,899,0,352
874,230,899,0,351
875,234,900,0,349
876,232,899,0,354
877,232,899,0,350
878,233,898,0,355
879,232,898,0,351
880,232,899,0,354
881,231,899,0,355
882,229,899,0,356
883,229,900,0,355
884,229,900,0,354
885,230,900,0,353
886,232,899,0,354
887,232,899,0,353
888,231,899,0,355
889,232,899,0,353
890,231,900,0,349
891,232,898,0,355
892,233,898,0,359
893,232,899,0,356
894,232,899,0,354
895,231,899,0,354
896,229,899,0,354
897,227,900,0,352
898,228,899,0,356
899,229,899,0,357
900,226,900,0,355
901,225,899,0,356
902,224,899,0,355
903,224,899,0,355
904,223,899,0,354
905,223,898,0,354
906,221,898,0,355
907,218,898,0,352
908,217,897,0,348
909,217,897,0,343
910,217,896,0,342
911,220,901,0,353
912,220,902,0,357
913,219,901,0,359
914,219,901,0,0
915,216,900,0,2
916,213,901,0,3
917,209,900,0,5
918,209,903,0,8
919,204,906,0,19
920,205,905,0,23
921,206,904,0,15
922,207,904,0,15
923,208,898,0,7
924,209,898,0,359
925,207,898,0,356
926,208,898,0,355
927,209,897,0,348
928,207,896,0,346
929,206,895,0,343
930,205,895,0,343
931,203,894,0,343
932,201,895,0,341
933,199,894,0,337
934,198,891,0,332
935,197,890,0,331
936,195,890,0,330
937,193,892,0,337
938,190,892,0,338
939,185,891,0,340
940,184,891,0,339
941,186,889,0,334
942,185,889,0,331
943,180,886,0,331
944,176,885,0,329
945,171,884,0,327
946,170,883,0,328
947,169,880,0,330
948,168,880,0,327
949,167,878,0,330
950,166,877,0,335
951,166,876,0,333
952,165,874,0,329
953,167,876,0,337
954,165,875,0,339
955,165,874,0,341
956,166,874,0,340
960,156,871,0,356
961,155,871,0,343
962,157,871,0,344
963,156,871,0,347
964,154,870,0,347
966,152,869,1,72
967,152,870,1,71
968,153,869,1,76
969,152,869,1,71
970,152,869,1,72
971,152,869,1,71
972,153,869,1,96
973,153,869,1,89
974,153,869,1,66
975,154,869,1,39
976,155,869,1,15
977,160,871,0,352
978,161,870,0,355
979,165,868,0,356
980,160,870,0,5
981,164,869,0,0
982,163,865,0,356
983,164,870,0,1
984,167,873,0,357
985,173,869,0,358
986,172,869,0,358
987,170,869,0,356
988,171,870,0,338
989,170,866,0,328
990,169,864,0,320
991,169,860,0,316
992,169,855,0,312
993,165,852,0,309
994,165,851,0,302
995,161,847,0,299
996,161,841,0,290
997,158,840,0,288
998,158,837,0,292
999,158,836,0,293
1000,157,835,0,290
1001,156,834,0,291
1002,156,834,0,292
1003,157,832,0,290
1004,157,830,0,291
1005,160,834,0,297
1006,161,835,0,294
1007,160,834,0,288
1008,160,831,0,286
1009,157,827,0,281
1010,152,821,0,276
1011,154,817,0,274
1012,155,815,0,276
1013,153,811,0,280
1014,151,810,0,282
1015,149,809,0,285
1016,149,810,0,280
1017,151,812,0,275
1018,150,815,0,274
1019,150,820,0,269
1020,151,822,0,262
1021,152,822,0,259
1022,151,824,0,257
1023,151,824,0,257
1024,150,825,0,256
1025,150,824,0,257
1026,151,824,0,258
1027,151,821,0,257
1028,152,819,0,254
1029,153,816,0,251
1030,152,818,0,251
1031,150,819,0,256
1032,148,818,0,262
1033,149,817,0,269
1034,148,816,0,273
1035,148,815,0,277
1036,148,814,0,286
1037,147,813,0,290
1038,146,815,0,292
1039,147,818,0,290
1040,146,823,0,280
1041,149,827,0,274
1042,154,833,0,269
1043,158,835,0,270
1044,160,842,0,276
1045,161,844,0,282
1046,162,849,0,285
1047,164,851,0,287
1048,166,855,0,290
1049,164,860,0,296
1050,166,860,0,289
1051,162,860,0,287
1052,163,860,0,285
1053,163,864,0,278
1054,162,868,0,278
1055,162,870,0,278
1056,162,871,0,277
1057,162,873,0,273
1058,162,870,0,272
1059,162,869,0,269
1060,163,869,0,258
1061,163,870,0,247
1062,163,869,0,235
1063,166,867,0,225
1064,165,866,0,225
1065,167,867,0,219
1066,168,866,0,220
1067,169,866,0,219
1068,169,866,0,217
1069,170,864,0,219
1070,171,863,0,214
1071,172,862,0,210
1072,173,862,0,214
1073,174,862,0,213
1074,175,858,0,208
1075,179,855,0,204
1076,182,854,0,205
1077,184,854,0,202
1078,184,854,0,204
1079,186,853,0,202
1080,189,853,0,201
1081,192,851,0,198
1082,194,850,0,199
1083,198,848,0,196
1084,199,847,0,198
1085,201,845,0,200
1086,204,845,0,200
1087,208,844,0,201
1088,210,843,0,204
1089,215,837,0,205
1090,216,838,0,203
1091,217,838,0,203
1092,219,838,0,203
1093,223,835,0,200
1094,226,837,0,200
1095,225,836,0,201
1096,224,835,0,201
1097,225,836,0,198
1098,225,836,0,195
1099,229,838,0,189
1100,231,838,0,191
1101,234,833,0,199
1102,239,828,0,203
1103,243,830,0,194
1104,253,832,0,186
1105,258,829,0,198
1106,264,829,0,193
1107,267,825,0,203
1108,272,821,0,201
1109,275,822,0,202
1110,282,817,0,203
1111,283,819,0,195
1112,284,816,0,191
1113,286,820,0,177
1114,294,820,0,172
1115,307,818,0,184
1116,308,819,0,191
1117,307,820,0,186
1118,307,822,0,186
1119,307,822,0,180
1120,310,822,0,165
1121,313,827,0,176
1122,318,827,0,173
1123,315,828,0,180
1124,312,826,0,178
1125,315,827,0,177
1126,312,827,0,182
1127,314,823,0,189
1128,313,825,0,184
1129,316,827,0,173
1130,319,830,0,161
1131,318,830,0,167
1132,318,828,0,167
1133,314,826,0,155
1134,313,828,0,162
1135,312,827,0,165
1136,307,827,0,166
1137,305,827,0,162
1138,307,829,0,161
1139,310,830,0,154
1140,309,829,0,165
1141,318,830,0,167
1142,324,833,0,155
1143,326,834,0,161
1144,334,834,0,161
1145,341,834,0,160
1146,344,834,0,166
1147,345,835,0,160
1148,348,836,0,163
1149,348,835,0,155
1150,352,836,0,163
1151,352,835,0,154
1152,351,835,0,154
1153,353,838,0,160
1154,358,837,0,161
1155,359,840,0,150
1156,360,839,0,149
1157,364,841,0,152
1158,371,842,0,151
1159,375,844,0,150
1160,373,836,0,161
1161,379,842,0,154
1162,380,846,0,160
1163,380,846,0,162
1164,381,847,0,155
1165,381,847,0,149
1166,382,849,0,150
1167,382,850,0,156
1168,385,849,0,146
1169,389,854,0,142
1170,394,853,0,139
1171,399,859,0,127
1172,397,863,0,130
1173,397,858,0,120
1174,390,855,0,118
1175,390,856,0,114
1176,393,858,0,106
1177,393,860,0,98
1178,393,862,0,95
1179,394,865,0,94
1180,393,865,0,95
1181,393,865,0,99
1182,393,867,0,99
1183,394,869,0,100
1184,396,878,0,95
1185,395,881,0,93
1186,393,883,0,98
1187,395,887,0,98
1188,396,890,0,96
1189,400,894,0,88
1190,401,892,0,93
1191,399,893,0,91
1192,399,892,0,94
1193,397,895,0,90
1194,396,899,0,97
1195,402,901,0,105
1196,403,903,0,106
1197,401,902,0,115
1198,407,904,0,119
1199,409,905,0,123
1200,411,906,0,128
1201,419,902,0,140
1202,421,902,0,145
1203,424,903,0,145
1204,426,906,0,144
1205,426,906,0,144
1206,433,916,0,148
1207,436,919,0,148
1208,444,919,0,148
1209,445,919,0,151
1210,446,921,0,149
1211,449,927,0,153
1212,454,930,0,158
1213,457,931,0,155
1214,454,931,0,149
1215,451,931,0,144
1216,450,931,0,144
1217,449,930,0,140
1218,449,934,0,145
1219,445,932,0,142
1220,447,933,0,146
1221,450,932,0,144
1222,454,931,0,131
1223,461,936,0,123
1224,462,933,0,131
1225,473,941,0,126
1226,477,946,0,124
1227,478,951,0,112
1228,480,955,0,111
1229,482,957,0,107
1230,481,958,0,110
1231,483,961,0,116
1232,484,963,0,115
1233,483,966,0,107
1234,485,971,0,101
1235,485,973,0,103
1236,485,970,0,105
1237,484,969,0,109
1238,484,969,0,116
1239,485,971,0,118
1240,489,975,0,105
1241,490,982,0,99
1242,492,984,0,106
1243,493,989,0,101
1244,493,992,0,95
1245,492,995,0,96
1246,489,998,0,98
1247,494,1000,0,108
1248,494,1004,0,106
1249,492,1011,0,106
1250,492,1020,0,97
1251,490,1028,0,102
1252,495,1038,0,102
1253,497,1045,0,102
1254,499,1049,0,107
1255,501,1056,0,115
1256,503,1061,0,125
1257,505,1064,0,125
1258,506,1066,0,125
1259,508,1069,0,123
1260,506,1068,0,126
1261,503,1067,0,132
1262,502,1068,0,137
1263,502,1067,0,137
1264,504,1067,0,138
1265,504,1067,0,137
1266,506,1070,0,134
1267,512,1074,0,130
1268,515,1076,0,128
1269,520,1082,0,118
1270,523,1086,0,114
1271,522,1086,0,114
1272,522,1086,0,117
1273,523,1085,0,120
1274,523,1084,0,126
1275,524,1084,0,129
1276,523,1083,0,133
1277,522,1083,0,133
1278,524,1088,0,124
1279,523,1087,0,123
1280,522,1087,0,121
1281,523,1089,0,107
1282,524,1090,0,105
1283,525,1090,0,96
1284,523,1089,0,88
1285,522,1088,0,78
1286,521,1088,0,71
1287,519,1088,0,63
1288,517,1089,0,58
1289,516,1088,0,56
1290,517,1085,0,58
1291,517,1084,0,58
1292,517,1084,0,66
1293,517,1084,0,78
1294,515,1085,0,79
1295,516,1085,0,79
1296,516,1084,0,81
1297,520,1079,0,94
1298,523,1079,0,98
1300,519,1081,0,127
1301,520,1083,0,122
1302,521,1084,0,110
1303,519,1081,0,120
1304,520,1084,0,116
1305,524,1083,0,127
1306,526,1084,0,132
1307,526,1084,0,134
1308,526,1086,0,141
1309,531,1089,0,142
1310,534,1090,0,143
1311,533,1089,0,144
1312,534,1088,0,148
1313,535,1086,0,152
1314,536,1086,0,158
1315,538,1085,0,163
1316,537,1083,0,160
1317,537,1083,0,158
1318,539,1082,0,161
1319,544,1086,0,169
1320,545,1087,0,181
1321,548,1088,0,190
1322,551,1088,0,191
1323,553,1087,0,188
1324,556,1089,0,191
1325,560,1088,0,187
1326,562,1087,0,184
1327,565,1088,0,189
1328,567,1087,0,188
1329,566,1087,0,183
1330,566,1087,0,179
1331,564,1087,0,180
1332,563,1087,0,178
1333,561,1087,0,178
1334,559,1085,0,181
1335,558,1084,0,179
1336,557,1082,0,182
1337,556,1080,0,180
1338,556,1082,0,185
1339,556,1082,0,191
1340,555,1082,0,191
1341,555,1082,0,197
1342,555,1082,0,198
1343,554,1083,0,195
1344,552,1083,0,191
1345,551,1082,0,183
1346,549,1083,0,178
1347,548,1085,0,181
1348,548,1085,0,174
1349,548,1086,0,161
1350,550,1086,0,149
1351,553,1088,0,136
1352,552,1090,0,134
1353,551,1092,0,134
1354,547,1090,0,131
1355,547,1094,0,139
1356,550,1097,0,142
1357,549,1097,0,146
1358,549,1099,0,152
1359,550,1100,0,153
1360,551,1099,0,148
1361,552,1099,0,148
1362,552,1099,0,146
1363,553,1101,0,145
1364,554,1102,0,146
1365,554,1102,0,147
1366,555,1102,0,145
1367,558,1105,0,146
1368,560,1107,0,143
1369,559,1106,0,140
1370,559,1106,0,136
1371,558,1103,0,137
1372,555,1098,0,133
1373,551,1098,0,141
1374,550,1101,0,131
1375,552,1107,0,124
1376,552,1109,0,118
1377,553,1108,0,116
1378,553,1110,0,115
1379,555,1111,0,119
1380,559,1113,0,114
1381,559,1119,0,108
1382,560,1122,0,109
1383,561,1124,0,112
1384,561,1124,0,111
1385,561,1123,0,108
1386,561,1122,0,109
1387,561,1122,0,108
1388,560,1122,0,108
1389,560,1122,0,110
1390,560,1121,0,106
1391,560,1122,0,107
1392,560,1122,0,107
1393,560,1122,0,106
1394,560,1122,0,106
1395,561,1122,0,106
1396,561,1122,0,104
1397,561,1122,0,108
1398,561,1121,0,107
1399,561,1121,0,106
1400,561,1123,0,108
1401,562,1125,0,109
1402,561,1125,0,108
1403,562,1125,0,111
1404,563,1126,0,115
1405,563,1125,0,119
1406,563,1124,0,119
1407,563,1124,0,120
1408,562,1124,0,121
1409,562,1124,0,125
1410,562,1125,0,129
1411,559,1126,0,133
1412,559,1128,0,134
1413,559,1129,0,132
1414,558,1128,0,134
1415,557,1129,0,134
1416,558,1128,0,134
1417,558,1127,0,132
1418,561,1125,0,125
1419,560,1124,0,123
1420,560,1126,0,120
1421,561,1125,0,110
1422,563,1125,0,100
1423,563,1126,0,100
1424,563,1128,0,100
1425,562,1130,0,97
1426,564,1132,0,97
1427,564,1133,0,97
1428,564,1133,0,96
1429,564,1132,0,95
1430,564,1133,0,96
1431,563,1131,0,92
1432,562,1128,0,89
1433,561,1126,0,88
1434,560,1124,0,82
1435,559,1125,0,79
1436,558,1125,0,84
1437,557,1122,0,85
1438,555,1121,0,78
1439,555,1121,0,75
1440,554,1121,0,73
1441,553,1122,0,72
1442,553,1122,0,70
1443,553,1123,0,65
1444,552,1123,0,62
1445,552,1123,0,64
1446,551,1123,0,62
1447,552,1122,0,63
1448,552,1121,0,64
1449,553,1114,0,71
1450,553,1111,0,79
1451,553,1109,0,76
1452,553,1108,0,78
1453,552,1105,0,82
1454,550,1107,0,62
1455,550,1110,0,47
1456,551,1115,0,40
1457,552,1118,0,32
1458,552,1121,0,23
1459,551,1121,0,21
1460,549,1124,0,20
1461,552,1124,0,19
1462,551,1126,0,16
1463,550,1126,0,14
1464,552,1127,0,9
1465,553,1127,0,8
1466,555,1126,0,4
1467,553,1125,0,3
1468,553,1126,0,0
1469,552,1124,0,357
1470,554,1124,0,358
1471,552,1124,0,355
1472,557,1128,0,354
1473,559,1131,0,357
1474,563,1140,0,357
1475,564,1143,0,353
1476,559,1143,0,340
1477,560,1138,0,335
1478,553,1138,0,330
1479,547,1136,0,311
1480,547,1134,0,302
1481,543,1133,0,294
1482,540,1128,0,292
1483,537,1120,0,286
1484,540,1117,0,271
1485,539,1114,0,267
1486,543,1110,0,269
1487,546,1108,0,271
1488,550,1108,0,271
1489,547,1107,0,267
1490,549,1100,0,262
1491,552,1090,0,268
1492,559,1082,0,277
1493,561,1070,0,273
1494,561,1065,0,273
1495,565,1061,0,273
1496,570,1054,0,280
1497,578,1049,0,295
1498,583,1047,0,295
1499,591,1040,0,303
1500,599,1035,0,310
1501,603,1034,0,309
1502,606,1034,0,320
1503,603,1037,0,325
1504,599,1039,0,330
1505,594,1039,0,332
1506,591,1037,0,336
1507,580,1035,0,343
1508,575,1031,0,343
1509,574,1029,0,343
1510,573,1029,0,343
1511,571,1029,0,344
1512,571,1027,0,338
1513,570,1027,0,333
1514,571,1027,0,336
1515,571,1028,0,343
1516,571,1029,0,344
1517,570,1028,0,349
1518,572,1031,0,345
1519,571,1032,0,345
1520,571,1031,0,339
1521,576,1031,0,339
1522,576,1034,0,344
1523,579,1036,0,342
1524,579,1036,0,346
1525,579,1035,0,347
1526,579,1034,0,348
1527,580,1034,0,350
1528,577,1029,0,348
1529,579,1028,0,348
1530,580,1027,0,345
1531,578,1030,0,341
1532,573,1032,0,341
1533,571,1031,0,339
1534,567,1030,0,339
1535,565,1028,0,338
1536,563,1028,0,337
1537,562,1027,0,334
1538,562,1023,0,336
1539,557,1026,0,338
1540,559,1023,0,341
1541,559,1022,0,346
1542,559,1018,0,352
1543,556,1015,0,351
1544,558,1012,0,353
1545,561,1017,0,355
1546,562,1016,0,351
1547,559,1013,0,352
1548,558,1012,0,354
1549,559,1009,0,357
1550,563,1008,0,353
1551,563,1008,0,351
1552,562,1008,0,348
1553,562,1009,0,346
1554,565,1009,0,350
1555,565,1010,0,356
1556,566,1011,0,355
1557,567,1012,0,352
1558,566,1017,0,354
1559,564,1019,0,357
1560,563,1018,0,355
1561,562,1017,0,353
1562,563,1017,0,359
1563,563,1017,0,357
1564,563,1017,0,352
1565,557,1015,0,348
1566,552,1012,0,346
1567,552,1015,0,344
1568,543,1015,0,347
1569,535,1010,0,351
1570,529,1009,0,350
1571,524,1007,0,344
1572,519,1009,0,344
1573,515,1010,0,344
1574,514,1017,0,345
1575,504,1015,0,350
1576,501,1014,0,2
1577,501,1013,0,5
1578,507,1017,0,358
1579,505,1015,0,357
1580,502,1014,0,1
1581,502,1014,0,3
1582,504,1014,0,8
1583,508,1017,0,17
1584,508,1020,0,12
1585,508,1021,0,14
1586,504,1021,0,21
1587,503,1023,0,31
1588,502,1024,0,29
1589,499,1027,0,33
1590,499,1024,0,33
1591,499,1023,0,33
1592,498,1025,0,34
1593,495,1025,0,36
1594,493,1026,0,36
1595,493,1027,0,38
1596,493,1026,0,38
1597,492,1026,0,47
1598,490,1028,0,51
1599,489,1030,0,52
1600,486,1031,0,56
1601,486,1031,0,54
1602,487,1030,0,53
1603,488,1028,0,56
1604,492,1024,0,66
1605,494,1022,0,73
1606,497,1021,0,74
1607,495,1021,0,76
1608,493,1020,0,82
1609,489,1014,0,81
1610,487,1012,0,88
1611,487,1010,0,90
1612,489,1014,0,95
1613,487,1014,0,96
1614,487,1014,0,96
1615,486,1013,0,94
1616,487,1013,0,92
1617,487,1014,0,89
1618,490,1015,0,87
1619,489,1019,0,91
1620,488,1023,0,100
1621,487,1020,0,99
1622,488,1017,0,91
1623,488,1017,0,88
1624,488,1018,0,88
1625,488,1017,0,89
1626,488,1020,0,97
1627,488,1021,0,98
1628,487,1021,0,98
1629,487,1020,0,96
1630,486,1020,0,97
1631,487,1020,0,96
1632,488,1021,0,96
1633,489,1021,0,96
1634,489,1022,0,98
1635,489,1022,0,100
1636,489,1023,0,101
1637,488,1023,0,101
1638,488,1021,0,102
1639,488,1022,0,99
1640,488,1021,0,98
1641,489,1022,0,96
1642,488,1020,0,98
1643,487,1017,0,96
1644,487,1014,0,104
1645,487,1014,0,103
1646,487,1012,0,117
1647,490,1016,0,103
1648,498,1016,0,103
1649,500,1015,0,109
1650,501,1018,0,112
1651,500,1020,0,111
1652,499,1021,0,120
1653,497,1021,0,131
1654,500,1022,0,137
1655,502,1022,0,133
1656,502,1023,0,133
1657,503,1023,0,138
1658,503,1026,0,140
1659,503,1028,0,145
1660,503,1030,0,149
1661,503,1029,0,145
1662,504,1029,0,147
1663,504,1030,0,149
1664,505,1029,0,148
1665,504,1028,0,136
1666,505,1030,0,150
1667,505,1029,0,144
1668,506,1028,0,145
1669,506,1030,0,149
1670,506,1030,0,158
1671,506,1030,0,162
1672,507,1030,0,163
1673,507,1029,0,164
1674,509,1031,0,166
1675,509,1032,0,164
1676,512,1036,0,167
1677,515,1036,0,168
1678,517,1038,0,172
1679,518,1042,0,178
1680,519,1044,0,177
1681,519,1044,0,175
1682,520,1047,0,168
1683,519,1048,0,172
1684,517,1047,0,166
1685,518,1047,0,162
1686,519,1047,0,157
1687,521,1048,0,157
1688,522,1046,0,155
1689,522,1046,0,154
1690,522,1047,0,158
1691,523,1046,0,161
1692,524,1046,0,160
1693,524,1046,0,160
1694,523,1047,0,160
1695,524,1047,0,159
1696,524,1046,0,160
1697,524,1046,0,160
1698,524,1046,0,162
1699,525,1045,0,162
1700,527,1045,0,158
1701,529,1046,0,158
1702,531,1045,0,161
1703,531,1043,0,167
1704,532,1041,0,177
1705,533,1039,0,179
1706,535,1037,0,184
1707,536,1029,0,182
1708,536,1028,0,191
1709,537,1029,0,201
1710,539,1030,0,209
1711,539,1029,0,217
1712,540,1028,0,214
1713,541,1029,0,221
1714,546,1026,0,224
1715,547,1026,0,227
1716,546,1026,0,222
1717,542,1030,0,228
1718,540,1029,0,230
1719,540,1028,0,238
1720,539,1028,0,239
1721,540,1024,0,232
1722,540,1024,0,231
1723,542,1022,0,230
1724,545,1017,0,222
1725,547,1017,0,224
1726,546,1018,0,225
1727,544,1018,0,221
1728,545,1016,0,219
1729,543,1017,0,215
1730,546,1014,0,214
1731,548,1009,0,211
1732,552,1010,0,212
1733,553,1007,0,213
1734,552,1008,0,211
1735,551,1008,0,214
1736,551,1006,0,209
1737,555,1003,0,207
1738,557,1003,0,202
1739,565,1003,0,207
1740,569,1002,0,202
1741,572,1001,0,201
1742,574,998,0,192
1743,577,997,0,192
1744,578,997,0,192
1745,578,994,0,187
1746,578,995,0,185
1747,578,997,0,191
1748,578,996,0,190
1749,578,993,0,185
1750,578,993,0,183
1751,578,994,0,180
1752,579,995,0,185
1753,578,995,0,185
1754,578,995,0,184
1755,579,994,0,182
1756,579,993,0,188
1757,579,990,0,198
1758,579,990,0,201
1759,575,992,0,215
1760,574,989,0,223
1761,576,987,0,230
1762,576,985,0,228
1763,576,983,0,231
1764,576,981,0,239
1765,577,979,0,239
1766,578,978,0,242
1767,578,978,0,240
1768,577,976,0,235
1769,577,974,0,237
1770,579,971,0,230
1771,577,969,0,222
1772,575,970,0,220
1773,577,970,0,224
1774,577,969,0,227
1775,581,967,0,237
1776,581,964,0,231
1777,582,959,0,231
1778,583,959,0,241
1779,585,959,0,247
1780,585,958,0,248
1781,585,957,0,247
1782,585,954,0,251
1783,585,954,0,245
1784,585,951,0,239
1785,588,950,0,232
1786,590,951,0,225
1787,593,948,0,228
1788,593,944,0,230
1789,595,939,0,233
1790,601,932,0,237
1791,605,921,0,221
1792,606,917,0,218
1793,606,916,0,217
1794,606,916,0,215
1795,605,916,0,216
1796,604,917,0,216
1797,607,916,0,207
1798,611,915,0,200
1799,616,919,0,188
1800,623,916,0,182
1801,627,917,0,165
1802,637,921,0,149
1803,647,925,0,138
1804,649,932,0,132
1805,647,934,0,135
1806,646,935,0,133
1807,645,938,0,129
1808,644,938,0,128
1809,644,942,0,118
1810,645,944,0,111
1811,647,946,0,101
1812,645,948,0,94
1813,644,951,0,91
1814,644,952,0,90
1815,644,953,0,88
1816,643,955,0,85
1817,643,956,0,87
1818,642,956,0,85
1819,642,957,0,85
1820,641,965,0,87
1821,640,966,0,91
1822,640,965,0,92
1823,641,965,0,91
1824,640,965,0,94
1825,639,965,0,93
1826,635,966,0,94
1827,630,967,0,107
1828,628,970,0,106
1829,626,972,0,107
1830,625,974,0,108
1831,623,976,0,107
1832,620,979,0,111
1833,619,980,0,123
1834,620,980,0,126
1835,621,979,0,124
1836,620,980,0,124
1837,619,984,0,122
1838,614,988,0,136
1839,615,996,0,105
1840,616,996,0,100
1841,614,998,0,98
1842,613,1005,0,91
1843,612,1013,0,87
1844,612,1016,0,83
1845,612,1017,0,84
1846,608,1021,0,86
1847,606,1020,0,91
1848,603,1023,0,85
1849,599,1029,0,90
1850,596,1028,0,93
1851,594,1027,0,92
1852,593,1028,0,93
1853,594,1029,0,94
1854,593,1029,0,93
1855,593,1029,0,93
1856,593,1030,0,92
1857,594,1029,0,94
1858,593,1029,0,98
1859,594,1027,0,101
1860,594,1027,0,97
1861,593,1028,0,98
1862,594,1027,0,89
1863,595,1027,0,89
1864,593,1026,0,86
1865,591,1023,0,76
1866,589,1024,0,67
1867,589,1026,0,67
1868,587,1026,0,64
1869,584,1026,0,61
1870,582,1026,0,58
1871,581,1027,0,55
1872,582,1028,0,52
1873,580,1031,0,52
1874,578,1030,0,49
1875,573,1031,0,44
1876,572,1030,0,36
1877,569,1029,0,38
1878,564,1037,0,39
1879,559,1041,0,34
1880,549,1046,0,26
1881,547,1051,0,25
1882,543,1050,0,26
1883,537,1049,0,42
1884,532,1047,0,49
1885,527,1052,0,48
1886,520,1051,0,54
1887,513,1051,0,53
1888,509,1054,0,58
1889,508,1053,0,69
1890,508,1054,0,80
1891,509,1056,0,92
1892,508,1059,0,91
1893,511,1064,0,104
1894,510,1069,0,128
1895,512,1073,0,135
1896,514,1073,0,138
1897,518,1075,0,142
1898,520,1074,0,147
1899,526,1073,0,154
1900,533,1072,0,149
1901,538,1076,0,150
1902,541,1080,0,160
1903,545,1080,0,166
1904,546,1080,0,167
1905,550,1082,0,169
1906,549,1082,0,171
1907,550,1082,0,175
1908,549,1084,0,172
1909,559,1089,0,166
1910,565,1090,0,162
1911,567,1089,0,164
1912,569,1089,0,166
1913,571,1088,0,172
1914,572,1085,0,182
1915,572,1083,0,186
1916,573,1082,0,192
1917,576,1082,0,195
1918,577,1082,0,198
1919,578,1081,0,202
1920,580,1079,0,200
1921,580,1079,0,200
1922,581,1077,0,202
1923,582,1076,0,207
1924,587,1074,0,208
1925,589,1072,0,209
1926,588,1073,0,205
1927,586,1074,0,210
1928,584,1075,0,213
1929,581,1077,0,212
1930,579,1078,0,215
1931,579,1077,0,215
1932,580,1077,0,216
1933,580,1078,0,215
1934,580,1077,0,214
1935,580,1077,0,217
1936,580,1077,0,217
1937,581,1078,0,216
1938,584,1078,0,217
1939,588,1076,0,214
1940,589,1076,0,218
1941,589,1075,0,219
1942,590,1075,0,222
1943,587,1078,0,227
1944,584,1078,0,222
1945,580,1079,0,221
1946,579,1079,0,229
1947,577,1082,0,221
1948,577,1083,0,216
1949,580,1085,0,222
1950,583,1086,0,218
1951,586,1089,0,221
1952,594,1089,0,218
1953,595,1088,0,214
1954,600,1091,0,197
1955,605,1087,0,195
1956,609,1087,0,191
1957,612,1088,0,187
1958,620,1085,0,187
1959,626,1086,0,191
1960,629,1085,0,191
1961,631,1085,0,186
1962,631,1084,0,187
1963,630,1084,0,187
1964,628,1081,0,198
1965,628,1078,0,198
1966,628,1078,0,197
1967,628,1077,0,197
1968,628,1077,0,199
1969,629,1077,0,205
1970,629,1077,0,204
1971,629,1076,0,206
1972,629,1076,0,208
1973,629,1076,0,204
1974,629,1076,0,200
1975,629,1075,0,197
1976,630,1075,0,203
1977,631,1078,0,209
1978,631,1078,0,205
1979,631,1076,0,196
1980,630,1075,0,185
1981,628,1077,0,195
1982,627,1077,0,199
1983,628,1077,0,198
1984,627,1078,0,201
1985,627,1079,0,202
1986,628,1078,0,202
1987,630,1077,0,202
1988,631,1074,0,199
1989,631,1075,0,203
1990,631,1076,0,202
1991,630,1076,0,200
1992,629,1077,0,202
1994,631,1082,0,205
1995,633,1082,0,194
1996,640,1081,0,179
1997,643,1081,0,177
1998,651,1082,0,176
1999,656,1083,0,171
2000,657,1085,0,167
2001,659,1086,0,169
2002,659,1084,0,161
2003,661,1083,0,162
2004,664,1083,0,167
2005,667,1085,0,171
2006,666,1089,0,176
2007,674,1097,0,178
2008,677,1100,0,166
2009,675,1095,0,177
2010,681,1091,0,199
2011,687,1090,0,206
2012,692,1084,0,210
2013,695,1081,0,213
2014,701,1078,0,215
2015,700,1074,0,208
2016,702,1073,0,207
2017,703,1074,0,202
2018,705,1074,0,196
2019,707,1072,0,191
2020,708,1071,0,192
2021,710,1070,0,189
2022,714,1068,0,189
2023,718,1066,0,193
2024,723,1066,0,201
2025,727,1064,0,201
2026,730,1064,0,207
2027,734,1063,0,206
2028,737,1062,0,211
2029,738,1060,0,219
2030,740,1056,0,214
2031,741,1054,0,210
2032,742,1053,0,210
2033,744,1053,0,210
2034,740,1055,0,211
2035,738,1058,0,212
2036,739,1059,0,210
2037,744,1057,0,203
2038,747,1056,0,196
2039,748,1056,0,194
2040,747,1057,0,188
2041,745,1059,0,181
2042,745,1062,0,173
2043,744,1063,0,171
2044,744,1064,0,170
2045,743,1065,0,166
2046,742,1066,0,166
2047,742,1065,0,166
2048,741,1067,0,167
2049,741,1066,0,169
2050,743,1066,0,167
2051,745,1066,0,170
2052,745,1066,0,172
2053,747,1066,0,173
2054,749,1065,0,174
2055,750,1065,0,177
2056,751,1065,0,181
2057,751,1064,0,185
2058,755,1064,0,191
2059,761,1062,0,199
2060,766,1059,0,201
2061,770,1057,0,205
2062,772,1055,0,204
2063,772,1057,0,206
2064,773,1056,0,207
2065,778,1058,0,200
2066,781,1057,0,203
2067,784,1054,0,206
2068,788,1052,0,206
2069,789,1052,0,208
2070,788,1051,0,204
2071,788,1050,0,201
2072,787,1051,0,199
2073,785,1050,0,196
2074,786,1051,0,193
2075,792,1051,0,190
2076,794,1052,0,186
2077,790,1052,0,186
2078,789,1053,0,179
2079,792,1057,0,176
2080,797,1060,0,166
2081,798,1060,0,163
2082,801,1062,0,161
2083,803,1065,0,163
2084,805,1065,0,167
2085,806,1064,0,166
2086,807,1065,0,171
2087,808,1063,0,177
2088,807,1058,0,180
2089,807,1057,0,184
2090,809,1058,0,186
2091,809,1058,0,183
2092,811,1059,0,180
2093,810,1059,0,179
2094,808,1058,0,176
2095,809,1058,0,173
2096,820,1059,0,154
2097,822,1059,0,151
2098,821,1058,0,147
2099,821,1059,0,146
2100,822,1060,0,142
2101,821,1061,0,142
2102,820,1064,0,133
2103,819,1066,0,130
2104,820,1068,0,134
2105,820,1069,0,138
2106,818,1069,0,138
2107,820,1073,0,136
2108,818,1072,0,137
2109,815,1072,0,136
2110,818,1076,0,142
2111,825,1085,0,140
2112,827,1083,0,142
2113,831,1083,0,144
2114,833,1086,0,142
2115,834,1087,0,138
2116,834,1090,0,137
2117,832,1091,0,134
2118,832,1098,0,125
2119,839,1105,0,125
2120,841,1108,0,125
2121,844,1111,0,127
2122,847,1115,0,129
2123,853,1113,0,123
2124,852,1115,0,124
2125,852,1116,0,118
2126,851,1117,0,118
2127,852,1120,0,111
2128,850,1123,0,101
2129,850,1125,0,98
2130,855,1135,0,92
2131,856,1136,0,87
2132,860,1139,0,84
2133,862,1145,0,80
2134,861,1148,0,68
2135,867,1155,0,67
2136,864,1153,0,67
2137,866,1158,0,68
2138,868,1161,0,68
2139,869,1163,0,72
2140,867,1169,0,81
2141,867,1172,0,82
2142,867,1172,0,85
2143,867,1172,0,81
2144,865,1168,0,80
2145,864,1166,0,81
2146,864,1168,0,85
2147,864,1170,0,90
2148,868,1175,0,90
2149,868,1184,0,102
2150,869,1189,0,111
2151,871,1189,0,124
2152,872,1188,0,133
2153,875,1192,0,136
2154,879,1191,0,136
2155,879,1188,0,134
2156,876,1183,0,127
2157,877,1188,0,126
2158,879,1191,0,125
2159,886,1197,0,129
2160,895,1201,0,123
2161,897,1205,0,119
2162,897,1208,0,114
2163,899,1209,0,112
2164,900,1212,0,109
2165,902,1214,0,111
2166,904,1216,0,117
2167,904,1221,0,111
2168,905,1225,0,110
2169,909,1230,0,114
2170,914,1234,0,112
2171,916,1240,0,114
2172,924,1249,0,120
2173,927,1254,0,109
2174,934,1263,0,94
2175,933,1266,0,91
2176,932,1269,0,82
2177,931,1273,0,83
2178,929,1276,0,76
2179,929,1277,0,69
2180,926,1278,0,64
2181,925,1279,0,66
2182,923,1281,0,59
2183,922,1282,0,56
2184,920,1285,0,50
2185,919,1289,0,45
2186,915,1289,0,43
2187,912,1291,0,49
2188,906,1293,0,50
2189,905,1296,0,50
2190,903,1296,0,51
2191,904,1295,0,53
2192,903,1298,0,56
2193,902,1304,0,61
2194,902,1305,0,68
2195,901,1307,0,75
2196,898,1313,0,78
2197,895,1320,0,91
2198,893,1325,0,94
2199,892,1329,0,93
2200,893,1342,0,89
2201,897,1349,0,89
2202,895,1354,0,81
2203,894,1357,0,75
2204,894,1363,0,74
2205,896,1365,0,61
2206,892,1368,0,62
2207,890,1372,0,64
2208,887,1379,0,70
2209,884,1385,0,65
2210,883,1390,0,60
2211,880,1394,0,61
2212,880,1397,0,58
2213,880,1398,0,61
2214,881,1397,0,70
2215,882,1401,0,76
2216,881,1403,0,81
2217,881,1409,0,88
2218,881,1412,0,88
2219,879,1416,0,91
2220,878,1419,0,90
2221,877,1422,0,99
2222,877,1428,0,102
2223,877,1428,0,100
2224,875,1429,0,103
2225,873,1433,0,91
2226,871,1436,0,90
2227,870,1442,0,88
2228,872,1449,0,82
2229,869,1450,0,86
2230,868,1452,0,87
2231,868,1456,0,87
2232,869,1457,0,90
2233,867,1461,0,92
2234,870,1465,0,97
2235,872,1464,0,99
2236,871,1461,0,95
2237,870,1462,0,101
2238,870,1464,0,105
2239,873,1465,0,108
2240,872,1465,0,106
2241,871,1467,0,102
2242,871,1469,0,99
2243,870,1475,0,91
2244,869,1478,0,86
2245,865,1481,0,83
2246,864,1483,0,83
2247,864,1489,0,78
2248,864,1490,0,77
2249,865,1490,0,82
2250,866,1496,0,81
2251,869,1499,0,78
2252,868,1501,0,78
2253,866,1503,0,78
2254,866,1505,0,79
2255,867,1505,0,77
2256,867,1504,0,75
2257,866,1504,0,79
2258,865,1505,0,79
2259,865,1506,0,79
2260,865,1507,0,74
2261,865,1509,0,72
2262,867,1508,0,71
2263,868,1509,0,72
2264,868,1512,0,72
2265,869,1516,0,73
2266,868,1520,0,73
2267,867,1522,0,72
2268,868,1525,0,72
2269,867,1526,0,72
2270,866,1528,0,72
2271,865,1530,0,69
2272,865,1531,0,69
2273,865,1531,0,74
2274,864,1530,0,83
2275,864,1530,0,80
2276,863,1533,0,78
2277,863,1534,0,81
2278,862,1533,0,80
2279,863,1531,0,78
2280,863,1535,0,70
2281,864,1536,0,70
2282,864,1536,0,70
2283,865,1536,0,72
2284,866,1535,0,61
2285,869,1534,0,66
2286,871,1532,0,66
2287,873,1529,0,62
2288,880,1524,0,68
2289,880,1524,0,61
2290,881,1523,0,63
2291,877,1526,0,66
2292,874,1528,0,68
2293,873,1528,0,72
2294,876,1527,0,76
2295,878,1526,0,81
2296,880,1524,0,80
2297,882,1521,0,74
2298,878,1522,0,85
2299,876,1527,0,85
2300,876,1528,0,86
2301,876,1529,0,89
2302,874,1529,0,92
2303,880,1527,0,102
2304,882,1530,0,107
2305,880,1536,0,108
2306,882,1543,0,106
2307,882,1546,0,112
2308,884,1547,0,119
2309,885,1547,0,127
2310,886,1548,0,128
2311,886,1547,0,134
2312,887,1546,0,131
2313,888,1547,0,129
2314,888,1549,0,130
2315,889,1550,0,133
2316,888,1550,0,137
2317,889,1551,0,142
2318,891,1552,0,146
2319,892,1553,0,147
2320,891,1552,0,147
2321,895,1554,0,147
2322,899,1556,0,146
2323,902,1557,0,146
2324,903,1558,0,144
2325,904,1558,0,147
2326,905,1559,0,149
2327,906,1560,0,150
2328,908,1561,0,152
2329,910,1560,0,147
2330,910,1561,0,146
2331,910,1563,0,143
2332,913,1564,0,139
2333,913,1566,0,133
2334,914,1568,0,131
2335,914,1569,0,133
2336,915,1570,0,132
2337,915,1571,0,129
2338,915,1573,0,128
2339,915,1572,0,128
2340,915,1571,0,130
2341,914,1570,0,130
2342,916,1570,0,131
2343,916,1573,0,127
2344,917,1575,0,127
2345,917,1577,0,121
2346,917,1580,0,116
2347,918,1583,0,116
2348,919,1586,0,116
2349,920,1586,0,120
2350,920,1588,0,121
2351,921,1588,0,119
2352,921,1587,0,119
2353,920,1586,0,121
2354,919,1585,0,117
2355,920,1585,0,113
2356,922,1588,0,109
2357,924,1590,0,107
2358,927,1595,0,117
2359,929,1592,0,122
2360,930,1593,0,127
2361,932,1596,0,133
2362,933,1596,0,139
2363,937,1594,0,149
2364,938,1593,0,156
2365,940,1593,0,162
2366,938,1592,0,166
2367,937,1592,0,174
2368,938,1593,0,177
2369,939,1592,0,172
2370,936,1590,0,172
2371,934,1589,0,170
2372,933,1589,0,171
2373,932,1588,0,158
2374,932,1588,0,156
2375,932,1588,0,153
2376,933,1589,0,154
2377,934,1591,0,169
2378,935,1590,0,179
2379,934,1590,0,181
2380,935,1590,0,190
2381,935,1590,0,190
2382,935,1590,0,185
2383,936,1590,0,179
2384,936,1591,0,177
2385,936,1590,0,175
2386,937,1591,0,172
2387,937,1591,0,170
2388,938,1591,0,168
2389,938,1591,0,168
2390,939,1590,0,170
2391,939,1591,0,167
2392,940,1590,0,168
2393,941,1589,0,166
2394,941,1589,0,163
2395,943,1590,0,162
2396,942,1589,0,161
2397,942,1589,0,166
2398,943,1588,0,169
2399,943,1587,0,171
2400,943,1587,0,174
2401,943,1587,0,174
2402,943,1584,0,173
2403,943,1583,0,186
2404,944,1583,0,188
2405,944,1583,0,190
2406,944,1583,0,189
2407,944,1583,0,189
2408,944,1583,0,194
2409,944,1583,0,194
2410,943,1583,0,194
2411,943,1583,0,192
2412,943,1584,0,186
2413,943,1584,0,186
2414,944,1584,0,185
2415,944,1583,0,190
2416,945,1582,0,192
2417,944,1582,0,197
2418,944,1583,0,195
2419,945,1583,0,191
2420,944,1584,0,183
2421,944,1585,0,173
2422,945,1586,0,171
2423,946,1588,0,167
2424,946,1588,0,163
2425,946,1587,0,160
2426,945,1586,0,162
2427,945,1587,0,159
2428,944,1587,0,158
2429,944,1587,0,155
2430,944,1587,0,149
2431,945,1588,0,145
2432,946,1588,0,145
2433,945,1588,0,147
2434,945,1589,0,145
2435,948,1591,0,145
2436,949,1593,0,143
2437,949,1594,0,143
2438,949,1594,0,141
2439,950,1595,0,144
2440,951,1595,0,146
2441,951,1595,0,146
2442,953,1595,0,143
2443,954,1595,0,141
2444,954,1594,0,142
2445,954,1594,0,144
2446,955,1594,0,135
2447,956,1595,0,130
2448,957,1598,0,125
2449,958,1598,0,119
2450,958,1599,0,117
2451,957,1599,0,116
2452,956,1598,0,115
2453,954,1599,0,111
2454,956,1599,0,115
2455,956,1599,0,115
2456,957,1599,0,116
2457,957,1599,0,118
2458,957,1599,0,116
2459,958,1600,0,112
2460,957,1600,0,110
2461,955,1598,0,114
2462,955,1599,0,113
2463,955,1598,0,114
2464,955,1599,0,115
2465,954,1599,0,115
2466,954,1599,0,115
2467,954,1599,0,116
2468,954,1598,0,114
2469,955,1598,0,114
2470,955,1598,0,115
2471,955,1597,0,117
2472,954,1597,0,121
2473,953,1597,0,127
2474,953,1596,0,133
2475,953,1596,0,136
2476,953,1596,0,136
2477,953,1595,0,135
2478,953,1596,0,137
2479,953,1597,0,140
2480,953,1597,0,141
2481,952,1596,0,137
2482,950,1596,0,133
2483,947,1596,0,129
2484,947,1598,0,130
2485,946,1599,0,134
2486,946,1599,0,131
2487,945,1600,0,127
2488,945,1603,0,131
2489,946,1605,0,132
2490,949,1613,0,132
2491,948,1618,0,140
2492,948,1623,0,149
2493,952,1627,0,163
2494,956,1634,0,172
2495,962,1633,0,183
2496,969,1629,0,193
2497,984,1628,0,199
2498,987,1624,0,197
2499,987,1623,0,194
2500,991,1622,0,197
2501,994,1624,0,203
2502,995,1624,0,200
2503,996,1621,0,197
2504,997,1621,0,194
2505,996,1621,0,185
2506,998,1622,0,186
2507,998,1623,0,189
2508,999,1623,0,190
2509,1001,1623,0,195
2510,1008,1623,0,192
2511,1009,1621,0,193
2512,1009,1620,0,194
2513,1009,1619,0,196
2514,1009,1620,0,198
2515,1014,1619,0,201
2516,1019,1616,0,198
2517,1025,1612,0,198
2518,1029,1610,0,197
2519,1035,1611,0,198
2520,1042,1611,0,199
2521,1044,1608,0,205
2522,1045,1606,0,210
2523,1048,1603,0,217
2524,1047,1602,0,221
2525,1047,1601,0,224
2526,1048,1601,0,222
2527,1049,1602,0,218
2528,1050,1600,0,215
2529,1051,1598,0,216
2530,1051,1597,0,218
2531,1052,1598,0,215
2532,1053,1596,0,219
2533,1053,1595,0,221
2534,1056,1593,0,218
2535,1055,1594,0,214
2536,1055,1594,0,215
2537,1055,1596,0,220
2538,1053,1597,0,226
2539,1053,1594,0,234
2540,1053,1591,0,242
2541,1053,1587,0,248
2542,1056,1586,0,245
2543,1056,1585,0,246
2544,1057,1583,0,247
2545,1056,1580,0,251
2546,1057,1577,0,260
2547,1057,1574,0,261
2548,1057,1572,0,264
2549,1056,1571,0,264
2550,1057,1571,0,265
2551,1057,1573,0,263
2552,1055,1577,0,259
2553,1056,1579,0,258
2554,1055,1581,0,248
2555,1057,1583,0,244
2556,1057,1583,0,239
2557,1057,1583,0,227
2558,1058,1583,0,226
2559,1060,1583,0,218
2560,1061,1583,0,211
2561,1060,1584,0,202
2562,1061,1587,0,196
2563,1061,1589,0,190
2564,1064,1592,0,196
2565,1064,1592,0,199
2566,1064,1592,0,199
2567,1064,1592,0,196
2568,1064,1591,0,196
2569,1064,1591,0,195
2570,1063,1591,0,195
2571,1064,1590,0,192
2572,1064,1589,0,196
2573,1065,1589,0,205
2574,1063,1589,0,207
2575,1062,1589,0,204
2576,1066,1588,0,201
2577,1069,1586,0,199
2578,1077,1584,0,202
2579,1082,1585,0,191
2580,1086,1584,0,196
2581,1095,1582,0,202
2582,1099,1582,0,201
2583,1100,1581,0,204
2584,1101,1581,0,202
2585,1097,1580,0,200
2586,1097,1580,0,196
2587,1099,1583,0,195
2588,1103,1582,0,191
2589,1109,1581,0,188
2590,1118,1581,0,186
2591,1121,1582,0,182
2592,1121,1581,0,178
2593,1124,1580,0,181
2594,1123,1577,0,181
2595,1121,1576,0,172
2596,1119,1578,0,164
2597,1120,1580,0,163
2598,1120,1583,0,167
2599,1118,1584,0,161
2600,1119,1585,0,152
2601,1126,1590,0,147
2602,1128,1593,0,149
2603,1128,1594,0,148
2604,1125,1595,0,153
2605,1125,1597,0,160
2606,1125,1599,0,152
2607,1125,1595,0,145
2608,1124,1591,0,142
2609,1120,1592,0,148
2610,1120,1589,0,148
2611,1120,1585,0,145
2612,1120,1584,0,138
2613,1118,1582,0,134
2614,1119,1581,0,125
2615,1114,1578,0,115
2616,1114,1577,0,105
2617,1118,1582,0,81
2618,1122,1585,0,54
2619,1120,1590,0,47
2620,1118,1590,0,34
2621,1115,1589,0,30
2622,1115,1589,0,29
2623,1116,1587,0,26
2624,1115,1588,0,22
2625,1115,1582,0,18
2626,1113,1575,0,13
2627,1113,1576,0,11
2628,1113,1575,0,10
2629,1113,1574,0,9
2630,1115,1574,0,9
2631,1115,1574,0,9
2632,1113,1575,0,11
2633,1112,1576,0,13
2634,1112,1576,0,14
2635,1112,1576,0,14
2636,1112,1574,0,11
2637,1110,1575,0,10
2638,1110,1577,0,11
2639,1108,1579,0,14
2640,1106,1581,0,17
2641,1105,1581,0,18
2642,1104,1582,0,19
2643,1104,1581,0,19
2644,1103,1580,0,20
2645,1102,1579,0,23
2646,1099,1578,0,25
2647,1097,1577,0,32
2648,1095,1577,0,35
2649,1093,1579,0,33
2650,1093,1579,0,33
2651,1092,1579,0,34
2652,1091,1580,0,34
2653,1093,1580,0,32
2656,1085,1575,0,352
2657,1085,1577,0,12
2658,1081,1577,0,9
2659,1080,1577,0,7
2660,1074,1577,0,3
2661,1072,1577,0,7
2662,1071,1577,0,6
2663,1069,1577,0,6
2664,1066,1576,0,11
2665,1064,1578,0,14
2666,1062,1581,0,22
2667,1061,1584,0,25
2668,1059,1584,0,29
2669,1053,1584,0,36
2670,1052,1587,0,37
2671,1050,1588,0,37
2672,1049,1591,0,39
2673,1048,1591,0,42
2674,1046,1592,0,41
2675,1046,1590,0,42
2676,1046,1588,0,42
2677,1045,1589,0,44
2678,1045,1590,0,46
2679,1046,1589,0,48
2680,1046,1589,0,49
2681,1046,1589,0,52
2682,1046,1590,0,53
2683,1047,1593,0,56
2684,1046,1597,0,58
2685,1046,1600,0,59
2686,1045,1604,0,59
2687,1046,1604,0,61
2688,1045,1605,0,59
2689,1044,1605,0,60
2690,1044,1607,0,61
2691,1045,1607,0,60
2692,1045,1609,0,61
2693,1041,1615,0,34
2696,1043,1616,0,79
2697,1043,1616,0,80
2698,1042,1617,0,84
2699,1043,1616,0,82
2700,1045,1618,0,85
2701,1044,1617,0,90
2702,1045,1616,0,84
2703,1045,1615,0,75
2704,1043,1617,0,65
2705,1041,1619,0,61
2706,1039,1621,0,60
2707,1037,1623,0,56
2708,1036,1624,0,53
2709,1034,1623,0,49
2710,1029,1621,0,42
2711,1024,1622,0,41
2712,1020,1621,0,37
2713,1020,1622,0,33
2714,1017,1625,0,34
2715,1016,1627,0,34
2716,1015,1627,0,36
2717,1014,1627,0,34
2718,1014,1628,0,36
2719,1014,1628,0,35
2720,1014,1628,0,34
2721,1014,1628,0,35
2722,1015,1628,0,34
2723,1018,1628,0,28
2724,1018,1628,0,29
2725,1017,1629,0,27
2726,1016,1628,0,30
2727,1014,1626,0,28
2728,1013,1625,0,24
2729,1013,1624,0,22
2730,1014,1624,0,22
2731,1014,1623,0,20
2732,1013,1623,0,19
2733,1012,1623,0,18
2734,1011,1623,0,18
2735,1011,1622,0,17
2736,1011,1622,0,16
2737,1011,1623,0,16
2738,1011,1623,0,18
2739,1010,1623,0,17
2740,1009,1624,0,18
2741,1008,1624,0,17
2742,1007,1624,0,15
2743,1008,1623,0,14
2744,1007,1623,0,11
2745,1006,1623,0,5
2746,1003,1622,0,2
2747,1003,1622,0,3
2748,998,1624,0,0
2749,998,1625,0,5
2750,997,1624,0,2
2751,997,1624,0,2
2752,997,1624,0,4
2753,995,1623,0,0
2754,993,1622,0,1
2755,991,1624,0,3
2756,989,1626,0,5
2760,988,1625,0,1
2761,986,1625,0,0
2762,985,1624,0,0
2763,987,1624,0,356
2764,986,1622,0,355
2765,984,1619,0,354
2766,981,1616,0,346
2767,980,1614,0,341
2768,977,1612,0,334
2769,977,1611,0,329
2770,978,1614,0,316
2771,977,1615,0,315
2772,975,1614,0,315
2773,974,1611,0,313
2774,974,1610,0,310
2775,974,1610,0,310
2776,974,1611,0,312
2777,977,1614,0,314
2778,976,1611,0,313
2779,977,1613,0,315
2780,976,1615,0,314
2781,977,1617,0,315
2782,975,1614,0,311
2783,973,1614,0,314
2784,970,1612,0,318
2785,964,1609,0,318
2786,962,1609,0,322
2787,960,1609,0,321
2788,960,1608,0,323
2789,957,1606,0,321
2790,953,1605,0,317
2791,948,1604,0,317
2792,945,1604,0,317
2793,944,1605,0,312
2794,944,1605,0,309
2795,944,1606,0,308
2796,944,1606,0,308
2797,944,1606,0,305
2798,943,1607,0,303
2799,941,1606,0,301
2800,939,1604,0,303
2801,939,1604,0,309
2802,937,1605,0,311
2803,936,1605,0,310
2804,935,1606,0,315
2805,934,1606,0,318
2806,932,1606,0,318
2807,929,1604,0,315
2808,927,1602,0,315
2809,926,1604,0,312
2810,923,1606,0,311
2811,920,1607,0,315
2812,918,1606,0,315
2813,916,1606,0,313
2814,916,1606,0,310
2815,915,1607,0,319
2816,912,1608,0,327
2817,912,1610,0,336
2818,913,1611,0,338
2819,915,1612,0,339
2820,916,1612,0,337
2821,917,1612,0,335
2822,918,1613,0,333
2823,918,1613,0,331
2824,918,1612,0,328
2825,916,1611,0,326
2826,913,1609,0,322
2827,907,1609,0,310
2828,903,1610,0,299
2829,902,1612,0,291
2830,900,1611,0,285
2831,899,1611,0,277
2832,897,1610,0,271
2833,896,1606,0,262
2834,894,1602,0,265
2835,893,1592,0,252
2836,897,1593,0,253
2837,894,1588,0,244
2838,894,1589,0,232
2839,896,1590,0,228
2840,894,1591,0,227
2841,894,1591,0,227
2842,895,1592,0,221
2843,895,1593,0,217
2844,895,1593,0,214
2845,896,1593,0,211
2846,897,1593,0,211
2847,897,1593,0,210
2848,897,1594,0,210
2849,898,1594,0,210
2850,899,1593,0,211
2851,901,1592,0,207
2852,904,1591,0,207
2853,905,1591,0,206
2854,906,1590,0,204
2855,907,1591,0,205
2856,907,1590,0,203
2857,907,1590,0,206
2858,908,1589,0,201
2859,907,1589,0,200
2860,907,1589,0,199
2861,907,1590,0,198
2862,905,1591,0,201
2863,905,1590,0,202
2864,905,1590,0,203
2865,905,1590,0,204
2866,904,1587,0,204
2867,904,1583,0,205
2868,906,1580,0,203
2869,907,1578,0,203
2870,905,1580,0,195
2871,906,1580,0,188
2872,906,1581,0,185
2873,906,1581,0,182
2874,911,1582,0,180
2875,912,1582,0,177
2876,917,1583,0,171
2877,923,1582,0,166
2878,927,1584,0,164
2879,931,1588,0,164
2880,935,1587,0,168
2881,937,1589,0,171
2882,936,1589,0,169
2883,935,1589,0,166
2884,934,1589,0,171
2885,934,1588,0,173
2886,931,1589,0,161
2887,931,1591,0,159
2888,932,1592,0,159
2889,930,1593,0,154
2890,933,1596,0,139
2891,936,1599,0,135
2892,938,1600,0,135
2893,939,1601,0,135
2894,939,1602,0,134
2895,941,1605,0,134
2896,942,1604,0,135
2897,942,1605,0,138
2898,942,1605,0,138
2899,942,1605,0,138
2900,940,1603,0,137
2901,938,1602,0,136
2902,937,1601,0,136
2903,937,1601,0,133
2904,937,1602,0,132
2905,938,1601,0,130
2906,940,1602,0,129
2907,940,1603,0,131
2908,942,1603,0,131
2909,943,1602,0,129
2910,941,1600,0,128
2911,942,1599,0,139
2912,941,1599,0,136
2913,942,1598,0,140
2914,940,1595,0,146
2915,942,1593,0,155
2916,942,1592,0,155
2917,940,1592,0,156
2918,939,1591,0,154
2919,937,1590,0,153
2920,940,1591,0,152
2921,937,1594,0,150
2922,937,1598,0,143
2923,938,1600,0,136
2924,937,1603,0,126
2925,935,1605,0,125
2926,934,1608,0,125
2927,938,1612,0,122
2928,938,1613,0,131
2929,939,1614,0,123
2930,939,1613,0,109
2931,940,1614,0,101
2932,940,1613,0,91
2933,942,1613,0,89
2934,943,1612,0,88
2935,942,1611,0,81
2936,940,1611,0,82
2937,939,1613,0,87
2938,938,1617,0,88
2939,938,1617,0,89
2940,938,1617,0,90
2941,940,1610,0,87
2942,940,1610,0,85
2943,940,1612,0,76
2944,939,1613,0,63
2945,937,1614,0,53
2946,936,1612,0,42
2947,933,1612,0,40
2948,933,1613,0,38
2949,933,1612,0,33
2950,932,1611,0,31
2951,932,1612,0,31
2952,932,1612,0,31
2953,932,1611,0,32
2954,932,1611,0,31
2955,932,1611,0,32
2956,932,1611,0,32
2957,930,1612,0,33
2958,929,1612,0,32
2959,929,1612,0,32
2960,929,1612,0,32
2961,929,1612,0,32
2962,929,1612,0,34
2963,929,1613,0,35
2964,928,1613,0,36
2965,928,1613,0,39
2966,927,1614,0,41
2967,925,1615,0,39
2968,924,1618,0,34
2969,924,1618,0,27
2970,921,1621,0,22
2971,919,1625,0,20
2972,918,1626,0,17
2973,917,1624,0,14
2974,916,1624,0,16
2975,915,1625,0,19
2976,915,1627,0,22
2977,913,1626,0,24
2978,912,1627,0,24
2979,909,1629,0,20
2980,910,1629,0,17
2981,913,1629,0,14
2982,913,1627,0,3
2983,910,1626,0,348
2984,910,1628,0,349
2985,911,1634,0,345
2986,909,1635,0,340
2987,910,1636,0,344
2988,909,1635,0,344
2989,909,1635,0,342
2990,908,1635,0,340
2991,907,1633,0,338
2992,907,1632,0,330
2993,906,1631,0,326
2994,905,1631,0,322
2995,906,1632,0,328
2996,905,1633,0,328
2997,906,1634,0,327
2998,908,1636,0,334
2999,909,1637,0,345
