0,182,1267,0,156
1,181,1262,0,150
2,181,1262,0,152
3,181,1263,0,155
4,181,1262,0,151
5,180,1260,0,136
6,179,1259,0,135
7,179,1257,0,126
8,180,1258,0,137
9,179,1258,0,138
10,177,1260,0,133
11,178,1260,0,129
12,177,1260,0,125
13,177,1258,0,107
14,181,1260,0,115
15,183,1262,0,112
16,182,1265,0,121
17,185,1267,0,121
18,185,1270,0,117
19,186,1273,0,122
20,189,1276,0,119
21,192,1280,0,120
22,193,1279,0,115
23,193,1279,0,112
24,193,1279,0,112
25,194,1281,0,114
26,194,1280,0,115
27,194,1281,0,113
28,194,1281,0,115
29,195,1283,0,112
30,195,1282,0,110
31,196,1281,0,110
32,196,1282,0,106
33,196,1283,0,110
34,197,1282,0,108
35,195,1282,0,106
36,194,1280,0,109
37,192,1280,0,115
38,193,1279,0,115
39,193,1277,0,120
40,193,1277,0,123
41,193,1276,0,123
42,193,1276,0,128
43,192,1276,0,129
44,192,1276,0,130
45,194,1277,0,127
46,193,1277,0,131
47,193,1277,0,130
48,194,1276,0,127
49,195,1274,0,122
50,195,1272,0,115
51,197,1273,0,115
52,197,1276,0,124
53,199,1277,0,120
54,200,1275,0,112
55,200,1275,0,112
56,202,1275,0,113
57,201,1276,0,112
58,200,1277,0,113
59,197,1277,0,113
60,194,1276,0,111
61,190,1276,0,129
62,185,1275,0,135
63,184,1275,0,135
64,184,1278,0,143
65,180,1279,0,154
66,180,1274,0,145
67,182,1271,0,149
68,180,1270,0,145
69,179,1271,0,150
70,176,1274,0,178
71,177,1272,0,184
72,177,1271,0,191
73,176,1270,0,192
74,179,1273,0,199
75,185,1268,0,199
76,184,1265,0,187
77,186,1260,0,174
78,182,1263,0,173
79,178,1268,0,185
80,176,1268,0,188
81,177,1268,0,184
82,175,1270,0,190
83,174,1271,0,195
84,172,1271,0,195
85,173,1271,0,192
86,173,1272,0,182
87,174,1272,0,182
88,174,1273,0,182
89,173,1273,0,179
90,174,1273,0,181
91,173,1273,0,181
92,173,1273,0,180
93,174,1273,0,179
94,173,1273,0,177
95,173,1274,0,179
96,174,1275,0,178
97,173,1274,0,174
98,172,1274,0,173
99,173,1274,0,174
100,173,1274,0,174
101,172,1274,0,176
102,173,1274,0,176
103,173,1274,0,178
104,173,1274,0,178
105,170,1274,0,172
106,171,1274,0,176
107,172,1274,0,178
108,170,1274,0,184
109,169,1275,0,190
110,170,1275,0,197
111,170,1274,0,186
112,173,1274,0,181
113,173,1274,0,181
114,175,1274,0,179
115,175,1274,0,185
116,176,1276,0,191
117,174,1277,0,193
118,173,1275,0,183
119,173,1275,0,177
120,172,1275,0,171
121,172,1275,0,177
122,171,1275,0,169
123,171,1273,0,166
124,172,1277,0,164
125,172,1280,0,154
126,172,1281,0,158
127,173,1281,0,161
128,174,1280,0,163
129,174,1280,0,158
130,174,1280,0,156
131,175,1279,0,155
132,173,1279,0,156
133,174,1279,0,153
134,175,1279,0,155
135,174,1278,0,154
136,174,1278,0,155
137,176,1279,0,161
138,178,1278,0,152
139,181,1278,0,152
140,183,1281,0,155
141,184,1280,0,152
142,184,1280,0,147
143,185,1281,0,145
144,188,1282,0,145
145,191,1285,0,140
146,191,1285,0,137
147,191,1283,0,134
148,192,1282,0,134
149,192,1281,0,134
150,193,1281,0,132
151,192,1283,0,137
152,191,1284,0,136
153,190,1283,0,134
154,187,1282,0,146
155,185,1281,0,146
156,183,1282,0,162
157,182,1279,0,163
158,179,1281,0,163
159,176,1281,0,174
160,174,1279,0,179
161,176,1276,0,187
162,177,1274,0,190
163,176,1275,0,192
164,175,1274,0,198
165,176,1275,0,192
166,177,1276,0,192
167,176,1275,0,196
168,177,1274,0,197
169,177,1273,0,195
170,176,1273,0,201
171,176,1273,0,198
172,175,1275,0,204
173,174,1278,0,205
174,174,1278,0,207
175,173,1278,0,199
176,170,1276,0,206
177,171,1277,0,207
178,173,1273,0,201
179,177,1268,0,189
180,176,1266,0,187
181,178,1266,0,184
182,176,1266,0,182
183,172,1267,0,174
184,174,1264,0,182
185,178,1265,0,179
186,178,1265,0,175
187,179,1265,0,176
188,179,1265,0,176
189,178,1266,0,174
190,176,1267,0,173
191,175,1266,0,173
192,179,1266,0,177
193,179,1268,0,177
194,179,1267,0,177
195,179,1268,0,184
196,179,1268,0,182
197,180,1267,0,184
198,183,1271,0,187
199,183,1273,0,190
200,183,1273,0,190
201,182,1273,0,192
202,182,1272,0,193
203,182,1271,0,193
204,181,1271,0,192
205,179,1270,0,190
206,179,1272,0,186
207,183,1271,0,195
208,182,1265,0,187
209,183,1261,0,172
210,185,1259,0,174
211,185,1260,0,175
212,184,1264,0,178
213,183,1267,0,179
214,181,1265,0,179
215,179,1267,0,174
216,179,1267,0,168
217,178,1266,0,148
218,178,1267,0,144
219,177,1266,0,145
220,177,1268,0,152
221,176,1269,0,167
222,176,1269,0,163
223,177,1270,0,165
224,174,1270,0,174
225,174,1270,0,185
226,177,1267,0,180
227,179,1264,0,178
228,181,1263,0,168
229,182,1263,0,164
230,183,1264,0,165
231,185,1264,0,155
232,188,1266,0,156
233,189,1266,0,154
234,189,1265,0,157
235,190,1265,0,155
236,193,1266,0,158
237,196,1265,0,159
238,197,1265,0,161
239,199,1266,0,155
240,199,1266,0,155
241,199,1264,0,151
242,201,1265,0,152
243,202,1265,0,151
244,204,1266,0,153
245,204,1266,0,154
246,201,1266,0,158
247,206,1267,0,155
249,210,1268,0,151
251,209,1267,0,152
252,204,1266,0,161
253,203,1263,0,147
254,202,1265,0,156
255,199,1264,0,161
256,200,1265,0,159
257,194,1266,0,160
258,194,1264,0,159
259,191,1267,0,174
260,188,1268,0,168
261,186,1267,0,168
262,182,1265,0,175
263,183,1265,0,195
264,182,1260,0,171
265,181,1263,0,177
266,178,1264,0,188
267,176,1263,0,184
268,175,1265,0,186
269,174,1267,0,191
270,172,1270,0,194
271,171,1268,0,189
272,170,1265,0,181
273,173,1268,0,195
274,168,1270,0,201
275,167,1270,0,208
276,165,1269,0,217
277,164,1268,0,220
278,169,1273,0,212
279,172,1284,0,223
280,170,1283,0,234
281,172,1282,0,239
282,172,1282,0,240
283,173,1278,0,236
284,170,1274,0,244
285,168,1275,0,259
286,166,1274,0,270
287,164,1269,0,275
288,166,1266,0,282
289,176,1261,0,301
290,178,1261,0,303
291,175,1259,0,298
292,173,1261,0,292
293,172,1260,0,293
294,173,1258,0,296
295,172,1260,0,296
296,172,1261,0,292
297,170,1260,0,289
298,166,1259,0,297
299,166,1258,0,292
300,172,1260,0,297
301,169,1260,0,295
302,168,1260,0,302
303,165,1258,0,301
304,162,1257,0,289
305,161,1256,0,293
306,162,1254,0,291
307,160,1253,0,288
308,160,1251,0,284
309,160,1248,0,291
310,158,1243,0,288
311,156,1234,0,284
312,155,1229,0,288
313,154,1227,0,288
314,152,1227,0,286
315,151,1229,0,283
316,152,1229,0,282
317,152,1230,0,282
318,150,1232,0,279
319,148,1235,0,278
320,149,1232,0,273
321,147,1230,0,266
322,145,1231,0,257
323,151,1223,0,252
324,155,1222,0,236
325,162,1222,0,226
326,168,1224,0,224
327,172,1224,0,227
328,174,1223,0,226
329,184,1213,0,232
330,180,1212,0,245
331,178,1210,0,242
332,184,1204,0,236
333,187,1200,0,241
334,191,1195,0,240
335,191,1193,0,245
336,190,1191,0,249
337,191,1192,0,253
338,196,1190,0,255
339,199,1191,0,264
340,198,1190,0,260
341,195,1188,0,250
342,197,1187,0,251
343,198,1185,0,251
344,197,1187,0,245
345,199,1183,0,243
346,200,1183,0,245
347,201,1180,0,243
348,202,1179,0,244
349,203,1179,0,244
350,202,1181,0,244
351,203,1179,0,244
352,202,1181,0,247
353,202,1182,0,250
354,201,1182,0,249
355,201,1182,0,250
356,201,1190,0,263
357,202,1182,0,252
358,203,1180,0,233
359,202,1179,0,229
360,199,1182,0,242
361,201,1183,0,240
362,199,1185,0,243
363,203,1182,0,244
364,203,1183,0,244
365,201,1185,0,247
366,209,1187,0,287
367,210,1184,0,293
368,211,1189,0,297
369,211,1195,0,286
370,211,1197,0,284
371,211,1197,0,286
372,212,1198,0,290
373,211,1199,0,295
374,207,1198,0,305
375,206,1200,0,322
376,206,1199,0,322
377,205,1199,0,328
378,199,1199,0,335
379,195,1195,0,345
380,194,1195,0,348
381,195,1194,0,334
382,195,1194,0,338
383,193,1194,0,336
384,192,1193,0,334
385,192,1193,0,335
386,192,1192,0,330
387,192,1193,0,335
388,192,1194,0,337
389,192,1192,0,348
390,188,1193,0,355
391,189,1193,0,354
392,189,1193,0,354
393,188,1193,0,353
394,189,1194,0,351
395,189,1194,0,351
396,187,1194,0,353
397,188,1194,0,349
398,189,1194,0,352
399,189,1193,0,355
400,189,1193,0,356
401,189,1193,0,354
402,191,1193,0,350
403,192,1191,0,351
404,194,1190,0,353
405,198,1189,0,343
406,200,1189,0,341
407,201,1195,0,339
408,204,1196,0,327
409,203,1195,0,313
410,203,1192,0,302
411,201,1190,0,293
412,198,1191,0,282
413,199,1192,0,270
414,199,1191,0,274
415,198,1192,0,272
416,198,1188,0,275
417,198,1187,0,277
418,197,1187,0,274
419,196,1187,0,274
420,196,1188,0,281
421,197,1188,0,281
422,198,1189,0,276
423,199,1190,0,274
424,199,1190,0,273
425,199,1191,0,274
426,199,1191,0,273
427,199,1190,0,271
428,199,1190,0,274
429,199,1190,0,275
430,198,1190,0,275
431,198,1190,0,276
432,198,1190,0,272
433,198,1189,0,264
434,200,1188,0,263
435,201,1186,0,257
436,202,1184,0,257
437,204,1184,0,252
438,204,1184,0,254
439,202,1186,0,250
440,202,1184,0,250
441,202,1182,0,243
442,206,1180,0,241
443,205,1179,0,237
444,205,1180,0,231
445,207,1181,0,240
446,207,1181,0,235
447,207,1182,0,234
448,207,1181,0,233
449,207,1182,0,234
450,208,1181,0,233
451,207,1182,0,238
452,207,1184,0,246
453,207,1183,0,245
454,209,1182,0,244
455,207,1180,0,243
456,206,1181,0,240
457,205,1180,0,236
458,204,1180,0,235
459,205,1181,0,236
460,203,1180,0,239
461,202,1180,0,242
462,202,1180,0,242
463,202,1179,0,244
464,201,1179,0,245
465,202,1180,0,246
466,205,1180,0,241
467,205,1178,0,240
468,203,1179,0,240
469,203,1179,0,240
470,204,1178,0,246
471,203,1178,0,247
472,205,1177,0,241
473,204,1180,0,238
474,204,1182,0,232
475,204,1179,0,237
476,206,1181,0,231
477,209,1184,0,241
478,211,1183,0,240
479,209,1182,0,233
480,210,1187,0,246
481,206,1189,0,250
482,202,1190,0,250
483,201,1194,0,248
484,203,1194,0,251
485,205,1193,0,250
486,207,1184,0,240
487,208,1183,0,247
488,209,1181,0,241
489,209,1176,0,243
490,206,1171,0,225
491,204,1171,0,230
492,205,1173,0,234
493,210,1170,0,240
494,214,1174,0,247
495,214,1175,0,250
496,213,1175,0,251
497,214,1175,0,245
498,214,1173,0,238
499,213,1175,0,236
500,212,1175,0,244
501,211,1174,0,233
502,211,1174,0,232
503,211,1174,0,235
504,211,1174,0,237
505,211,1175,0,240
506,211,1175,0,240
507,210,1175,0,240
508,211,1173,0,245
509,213,1170,0,242
510,214,1168,0,241
511,219,1167,0,247
512,221,1165,0,251
513,219,1164,0,246
514,223,1161,0,242
515,225,1162,0,238
516,221,1161,0,237
517,220,1159,0,243
518,227,1157,0,249
519,227,1153,0,252
520,227,1148,0,247
521,227,1147,0,246
522,227,1145,0,248
523,226,1142,0,249
524,227,1141,0,254
525,230,1136,0,263
526,239,1128,0,281
527,244,1124,0,300
528,242,1119,0,303
529,241,1121,0,301
530,237,1127,0,297
531,238,1123,0,292
532,238,1119,0,291
533,239,1120,0,288
534,238,1119,0,289
535,239,1119,0,289
536,241,1119,0,287
537,243,1119,0,290
538,244,1118,0,287
539,242,1118,0,290
540,241,1117,0,295
541,239,1115,0,287
542,239,1119,0,297
543,240,1117,0,299
544,240,1116,0,299
545,240,1116,0,299
546,239,1116,0,299
547,240,1117,0,295
548,241,1117,0,292
549,241,1117,0,292
550,241,1117,0,292
551,240,1117,0,291
552,241,1118,0,292
553,240,1120,0,294
554,242,1118,0,294
555,241,1118,0,294
556,241,1119,0,298
557,240,1119,0,294
558,243,1118,0,310
559,243,1119,0,319
560,244,1119,0,325
561,242,1118,0,316
562,241,1120,0,314
563,240,1119,0,313
564,241,1120,0,312
565,242,1121,0,311
566,241,1122,0,313
567,243,1119,0,318
568,243,1116,0,305
569,242,1117,0,296
570,242,1117,0,302
571,242,1116,0,311
572,243,1117,0,309
573,243,1118,0,310
574,242,1118,0,317
575,244,1119,0,324
576,243,1118,0,311
577,240,1116,0,308
578,238,1108,0,313
579,237,1100,0,314
580,235,1099,0,319
581,230,1097,0,323
582,226,1093,0,328
583,225,1091,0,331
584,226,1090,0,329
585,225,1091,0,330
586,227,1090,0,332
587,227,1092,0,328
588,227,1090,0,331
589,225,1089,0,334
590,224,1087,0,338
591,226,1085,0,347
592,228,1083,0,350
593,231,1088,0,348
594,228,1086,0,350
595,226,1083,0,353
596,224,1083,0,347
597,223,1083,0,346
598,221,1083,0,346
599,222,1081,0,346
600,222,1081,0,347
601,223,1078,0,343
602,224,1079,0,345
603,223,1079,0,347
604,222,1078,0,348
605,224,1082,0,339
606,225,1083,0,340
607,224,1083,0,340
608,220,1080,0,340
609,216,1081,0,339
610,215,1081,0,335
611,215,1081,0,346
612,212,1085,0,344
613,209,1082,0,353
614,208,1081,0,359
615,206,1079,0,357
616,205,1079,0,0
617,201,1081,0,5
618,198,1081,0,6
619,193,1082,0,5
620,191,1082,0,3
621,190,1081,0,6
622,189,1080,0,9
623,186,1079,0,3
624,184,1079,0,12
625,180,1078,0,10
626,177,1078,0,10
628,165,1080,0,13
629,163,1080,0,10
630,161,1080,0,16
631,160,1081,0,12
632,160,1081,0,2
633,158,1082,0,2
634,158,1083,0,0
635,159,1083,0,0
636,161,1082,0,359
637,160,1083,0,2
638,158,1083,0,3
639,157,1083,0,6
640,158,1081,0,7
641,158,1081,0,6
642,158,1083,0,9
643,158,1084,0,357
644,156,1084,0,357
645,157,1083,0,355
646,155,1082,0,353
647,154,1082,0,357
648,156,1081,0,4
649,158,1079,0,13
650,157,1079,0,13
651,157,1078,0,13
652,157,1079,0,12
653,159,1079,0,11
654,159,1079,0,22
655,162,1078,0,28
656,165,1077,0,27
657,162,1078,0,37
658,162,1078,0,37
659,161,1078,0,41
660,162,1077,0,37
661,164,1076,0,28
662,163,1079,0,26
663,163,1079,0,24
664,164,1080,0,23
665,167,1080,0,23
666,171,1080,0,9
667,168,1079,0,6
670,166,1081,0,3
671,170,1080,0,0
672,170,1078,0,7
673,171,1079,0,9
674,173,1080,0,20
675,172,1082,0,33
676,171,1086,0,44
677,166,1089,0,46
678,162,1093,0,52
679,160,1092,0,51
680,162,1090,0,49
681,163,1087,0,39
682,163,1086,0,44
683,164,1087,0,36
684,168,1083,0,14
685,166,1084,0,15
686,158,1084,0,11
687,155,1091,0,22
688,151,1091,0,13
689,151,1090,0,11
690,154,1089,0,2
691,157,1082,0,356
692,158,1077,0,345
693,156,1080,0,334
694,156,1080,0,333
697,142,1071,0,337
698,142,1069,0,333
699,139,1069,0,334
700,137,1069,0,336
701,136,1070,0,335
702,134,1069,0,333
703,133,1069,0,331
704,133,1070,0,326
705,135,1070,0,327
706,134,1069,0,327
707,134,1069,0,333
708,133,1070,0,331
709,137,1071,0,337
710,146,1071,0,342
711,141,1071,0,339
712,134,1067,0,330
713,130,1063,0,321
714,128,1062,0,295
715,130,1059,0,285
716,131,1059,0,282
717,133,1059,0,278
718,129,1052,0,285
719,129,1050,0,287
720,129,1047,0,293
721,128,1048,0,299
722,133,1047,0,300
723,134,1044,0,291
724,131,1039,0,296
725,128,1038,0,303
726,125,1038,0,307
727,127,1035,0,298
728,130,1036,0,295
729,129,1033,0,292
730,128,1031,0,285
731,129,1032,0,290
732,124,1033,0,320
733,118,1033,0,325
734,112,1037,0,335
735,107,1033,0,345
736,103,1034,0,2
737,102,1034,0,6
738,104,1030,0,22
739,107,1033,0,48
740,105,1038,0,59
741,106,1047,0,63
742,105,1051,0,65
743,105,1048,0,82
744,111,1050,0,87
745,109,1051,0,86
746,110,1054,0,88
747,112,1055,0,93
748,108,1052,0,110
749,101,1054,0,115
750,101,1060,0,124
751,102,1061,0,134
752,102,1062,0,138
753,104,1065,0,140
754,110,1065,0,146
755,113,1067,0,146
756,116,1067,0,148
757,120,1071,0,151
758,123,1072,0,155
759,127,1072,0,156
760,129,1070,0,170
761,128,1074,0,147
762,131,1075,0,157
763,130,1076,0,176
764,133,1075,0,174
765,134,1073,0,151
766,133,1073,0,139
767,134,1073,0,141
768,136,1072,0,148
769,140,1067,0,127
770,141,1066,0,120
771,141,1067,0,115
772,142,1063,0,93
773,143,1063,0,93
774,144,1064,0,93
775,143,1065,0,83
776,144,1066,0,93
777,144,1066,0,89
778,146,1067,0,93
779,148,1069,0,93
780,148,1069,0,92
781,148,1068,0,91
782,147,1069,0,99
783,146,1068,0,97
784,145,1068,0,100
785,146,1070,0,103
786,146,1069,0,99
787,147,1067,0,99
788,148,1067,0,94
789,147,1067,0,93
790,146,1067,0,96
791,146,1068,0,99
792,146,1068,0,99
793,146,1069,0,99
794,146,1069,0,98
795,146,1070,0,96
796,146,1070,0,97
797,146,1070,0,97
798,146,1070,0,97
799,146,1070,0,98
800,146,1069,0,99
801,146,1069,0,98
802,146,1070,0,98
803,146,1070,0,99
804,146,1070,0,99
805,146,1070,0,98
806,146,1070,0,98
807,146,1069,0,99
808,146,1069,0,98
809,146,1070,0,97
810,146,1069,0,98
811,146,1069,0,98
812,145,1069,0,99
813,145,1069,0,98
814,145,1069,0,99
815,145,1069,0,100
816,145,1069,0,99
817,145,1069,0,98
818,145,1069,0,99
819,145,1069,0,98
820,145,1069,0,98
821,145,1069,0,98
822,146,1070,0,98
823,146,1069,0,98
824,145,1069,0,99
825,146,1070,0,99
826,145,1069,0,99
827,146,1069,0,99
828,145,1069,0,99
829,145,1069,0,99
830,145,1070,0,101
831,145,1070,0,101
832,145,1070,0,101
833,145,1070,0,102
834,145,1070,0,102
835,145,1070,0,102
836,145,1070,0,104
837,145,1070,0,104
838,145,1070,0,105
839,145,1070,0,105
840,145,1070,0,105
841,145,1070,0,105
842,145,1069,0,104
843,145,1069,0,104
844,145,1069,0,103
845,145,1069,0,101
846,145,1068,0,99
847,145,1069,0,99
848,145,1069,0,100
849,145,1069,0,101
850,145,1069,0,101
851,145,1069,0,101
852,145,1069,0,103
853,145,1070,0,102
854,145,1069,0,104
855,145,1069,0,104
856,145,1070,0,104
857,145,1069,0,103
858,145,1070,0,103
859,145,1069,0,103
860,145,1069,0,104
861,145,1069,0,104
862,145,1069,0,104
863,145,1070,0,105
864,145,1070,0,105
865,145,1070,0,105
866,145,1069,0,103
867,145,1070,0,104
868,145,1070,0,103
869,145,1070,0,104
870,145,1071,0,102
871,145,1070,0,102
872,145,1071,0,104
873,144,1070,0,106
874,145,1070,0,103
875,144,1070,0,102
876,144,1070,0,103
877,144,1070,0,103
878,144,1070,0,103
879,144,1070,0,106
880,144,1070,0,106
881,143,1070,0,109
882,143,1070,0,108
883,143,1070,0,110
884,144,1071,0,111
885,143,1070,0,106
886,144,1070,0,107
887,143,1069,0,104
888,144,1070,0,109
889,144,1070,0,108
890,144,1069,0,106
891,144,1070,0,106
892,144,1070,0,105
893,144,1070,0,103
894,144,1069,0,102
895,144,1070,0,102
896,143,1070,0,101
897,143,1069,0,101
898,144,1070,0,103
899,144,1070,0,106
900,144,1070,0,105
901,144,1070,0,105
902,143,1070,0,104
903,143,1070,0,108
904,143,1070,0,113
905,142,1071,0,114
906,143,1071,0,115
907,143,1071,0,114
908,143,1071,0,113
909,144,1072,0,112
910,144,1072,0,112
911,143,1071,0,112
912,143,1071,0,113
913,143,1071,0,113
914,143,1071,0,111
915,144,1071,0,114
916,144,1071,0,115
917,144,1071,0,114
918,144,1071,0,114
919,143,1071,0,114
920,144,1071,0,114
921,144,1072,0,114
922,143,1071,0,113
923,143,1071,0,113
924,144,1071,0,114
925,144,1072,0,114
926,144,1072,0,114
927,144,1071,0,113
928,144,1071,0,111
929,144,1071,0,112
930,144,1071,0,111
931,144,1071,0,110
932,144,1071,0,109
933,144,1071,0,108
934,144,1071,0,110
935,144,1071,0,110
936,144,1071,0,111
937,144,1071,0,111
938,144,1071,0,111
939,144,1071,0,112
940,144,1071,0,110
941,144,1071,0,109
942,144,1071,0,109
943,144,1071,0,109
944,144,1071,0,109
945,144,1071,0,108
946,144,1071,0,108
947,144,1071,0,108
948,144,1071,0,108
949,144,1072,0,108
950,145,1072,0,110
951,144,1071,0,110
952,144,1072,0,110
953,144,1072,0,111
954,144,1072,0,110
955,145,1072,0,110
956,145,1072,0,109
957,144,1072,0,109
958,144,1072,0,110
959,144,1072,0,111
960,144,1072,0,112
961,144,1072,0,112
962,145,1072,0,112
963,144,1072,0,111
964,144,1072,0,111
965,144,1072,0,111
966,144,1072,0,111
967,144,1072,0,111
968,144,1072,0,110
969,144,1071,0,113
970,144,1072,0,114
971,144,1072,0,114
972,144,1072,0,113
973,144,1072,0,114
974,144,1072,0,115
975,144,1071,0,115
976,144,1072,0,115
977,144,1072,0,117
978,144,1071,0,112
979,144,1072,0,113
980,144,1073,0,113
981,144,1073,0,116
982,144,1073,0,115
983,144,1073,0,116
984,144,1073,0,115
985,145,1072,0,115
986,144,1072,0,112
987,145,1072,0,113
988,144,1072,0,112
989,144,1071,0,113
990,144,1071,0,113
991,144,1071,0,112
992,145,1070,0,107
993,144,1071,0,110
994,143,1070,0,112
995,142,1069,0,110
996,141,1069,0,110
997,142,1069,0,111
998,142,1069,0,108
999,142,1069,0,109
1000,142,1069,0,108
1001,141,1068,0,106
1002,141,1069,0,108
1003,142,1069,0,105
1004,143,1070,0,110
1005,143,1069,0,111
1006,143,1071,0,111
1007,143,1070,0,110
1008,143,1070,0,111
1009,143,1070,0,109
1010,143,1071,0,112
1011,143,1071,0,113
1012,143,1071,0,114
1013,143,1071,0,116
1014,143,1071,0,115
1015,143,1071,0,116
1016,143,1071,0,115
1017,143,1071,0,116
1018,143,1071,0,116
1019,143,1071,0,115
1020,143,1070,0,116
1021,143,1070,0,114
1022,143,1070,0,115
1023,143,1072,0,117
1024,143,1073,0,117
1025,143,1073,0,116
1026,143,1073,0,117
1027,142,1073,0,116
1028,143,1073,0,115
1029,143,1073,0,116
1030,143,1073,0,115
1031,143,1073,0,115
1032,142,1070,0,114
1033,143,1074,0,110
1034,143,1069,0,107
1035,144,1069,0,97
1036,145,1070,0,98
1037,146,1073,0,97
1038,146,1071,0,100
1039,144,1071,0,103
1040,144,1070,0,101
1041,144,1070,0,106
1042,145,1071,0,109
1043,145,1072,0,109
1044,145,1074,0,107
1045,144,1070,0,105
1046,144,1074,0,100
1047,145,1073,0,105
1048,145,1074,0,103
1049,145,1076,0,104
1050,143,1073,0,104
1051,143,1072,0,106
1052,143,1072,0,106
1053,144,1072,0,109
1054,144,1073,0,107
1055,144,1072,0,106
1056,144,1070,0,109
1057,144,1071,0,110
1058,143,1070,0,109
1059,143,1072,0,101
1060,141,1068,0,104
1061,142,1069,0,102
1062,142,1071,0,100
1063,142,1068,0,100
1064,142,1071,0,102
1065,142,1072,0,103
1066,143,1071,0,112
1067,144,1072,0,109
1068,143,1070,0,103
1069,143,1070,0,100
1070,143,1072,0,104
1071,142,1069,0,103
1072,143,1070,0,108
1073,140,1068,0,102
1074,141,1069,0,108
1075,143,1070,0,106
1076,143,1071,0,108
1077,143,1070,0,106
1078,143,1071,0,107
1079,143,1072,0,111
1080,143,1071,0,105
1081,143,1070,0,104
1082,141,1067,0,107
1083,142,1067,0,116
1084,144,1072,0,117
1085,144,1071,0,118
1086,144,1072,0,118
1087,145,1070,0,120
1088,143,1066,0,112
1089,146,1071,0,115
1090,146,1072,0,116
1091,147,1070,0,112
1092,147,1070,0,114
1093,147,1067,0,119
1094,143,1060,1,136
1096,145,1073,0,105
1097,145,1075,0,105
1098,146,1075,0,106
1099,145,1074,0,103
1100,146,1075,0,112
1101,146,1075,0,112
1102,146,1076,0,110
1103,147,1077,0,115
1104,147,1078,0,118
1105,147,1077,0,117
1106,147,1077,0,115
1107,147,1076,0,121
1108,147,1078,0,123
1111,145,1071,1,106
1112,148,1075,0,105
1113,148,1075,0,105
1114,148,1075,0,105
1115,148,1075,0,105
1116,148,1075,0,107
1117,148,1075,0,108
1118,148,1076,0,111
1119,148,1076,0,112
1120,148,1076,0,110
1121,148,1076,0,111
1122,147,1075,0,113
1123,147,1075,0,111
1124,148,1076,0,111
1125,148,1078,0,106
1126,149,1079,0,107
1127,148,1078,0,109
1128,148,1078,0,112
1129,148,1079,0,108
1130,147,1078,0,113
1131,148,1078,0,112
1132,148,1079,0,111
1133,149,1078,0,108
1134,148,1078,0,108
1135,148,1078,0,107
1136,147,1073,0,109
1137,147,1072,0,103
1138,146,1071,0,105
1139,146,1071,0,104
1140,146,1072,0,102
1141,146,1072,0,101
1142,146,1072,0,102
1143,146,1071,0,104
1144,145,1072,0,104
1145,146,1072,0,104
1146,146,1072,0,105
1147,146,1073,0,107
1148,146,1073,0,106
1149,146,1073,0,106
1150,146,1073,0,107
1151,146,1073,0,103
1152,145,1073,0,99
1153,145,1070,0,102
1154,146,1072,0,103
1155,147,1075,0,99
1156,146,1073,0,98
1157,145,1073,0,92
1158,146,1072,0,96
1159,146,1073,0,95
1160,147,1071,0,95
1161,147,1069,0,98
1162,146,1070,0,93
1163,146,1072,0,94
1164,145,1069,0,96
1165,145,1070,0,90
1166,146,1072,0,100
1167,146,1071,0,102
1168,148,1071,0,107
1169,147,1074,0,99
1170,147,1074,0,94
1171,147,1073,0,93
1172,147,1072,0,94
1173,146,1073,0,92
1174,146,1072,0,101
1175,147,1073,0,101
1176,147,1073,0,101
1177,147,1072,0,102
1178,147,1073,0,101
1179,147,1073,0,100
1180,147,1071,0,101
1181,147,1073,0,100
1182,147,1073,0,100
1183,146,1073,0,100
1184,146,1072,0,100
1185,146,1072,0,101
1186,146,1072,0,99
1187,146,1072,0,98
1188,146,1072,0,102
1189,147,1074,0,101
1190,146,1072,0,103
1191,147,1073,0,99
1192,147,1073,0,99
1193,147,1073,0,100
1194,147,1073,0,101
1195,147,1073,0,99
1196,147,1074,0,97
1197,148,1075,0,95
1198,148,1076,0,95
1199,148,1076,0,95
1200,148,1075,0,95
1201,148,1076,0,94
1202,148,1076,0,94
1203,148,1077,0,94
1204,148,1077,0,93
1205,148,1076,0,91
1206,148,1077,0,92
1207,148,1077,0,91
1208,148,1077,0,92
1209,148,1077,0,92
1210,148,1077,0,92
1211,148,1076,0,90
1212,149,1073,0,87
1213,149,1073,0,87
1214,149,1073,0,88
1215,149,1076,0,90
1216,148,1076,0,91
1217,148,1075,0,92
1218,148,1076,0,92
1219,148,1076,0,92
1220,148,1076,0,93
1221,148,1075,0,92
1222,148,1075,0,92
1223,148,1075,0,92
1224,148,1075,0,94
1225,148,1074,0,95
1226,148,1073,0,94
1227,148,1072,0,93
1228,148,1073,0,94
1229,148,1074,0,94
1230,148,1073,0,94
1231,148,1072,0,95
1232,148,1073,0,95
1233,148,1073,0,95
1234,148,1073,0,96
1235,148,1073,0,96
1236,147,1072,0,96
1237,147,1072,0,96
1238,147,1072,0,96
1239,147,1072,0,95
1240,148,1072,0,95
1241,148,1073,0,96
1242,148,1075,0,95
1243,148,1075,0,96
1244,148,1075,0,95
1245,148,1075,0,96
1246,148,1074,0,96
1247,148,1076,0,96
1248,148,1075,0,96
1249,148,1075,0,97
1250,148,1075,0,97
1251,148,1075,0,98
1252,148,1074,0,97
1253,148,1074,0,97
1254,148,1075,0,95
1255,148,1074,0,95
1256,148,1074,0,97
1257,148,1074,0,95
1258,148,1073,0,95
1259,148,1074,0,95
1260,148,1074,0,93
1261,148,1074,0,94
1262,148,1073,0,95
1263,147,1072,0,95
1264,148,1073,0,95
1265,148,1074,0,95
1266,148,1075,0,95
1267,148,1075,0,94
1268,148,1074,0,93
1269,148,1075,0,93
1270,148,1075,0,92
1271,148,1075,0,92
1272,148,1075,0,93
1273,148,1075,0,92
1274,148,1075,0,93
1275,148,1074,0,93
1276,148,1075,0,93
1277,148,1075,0,94
1278,148,1075,0,93
1279,148,1075,0,93
1280,148,1075,0,93
1281,148,1075,0,93
1282,148,1072,0,94
1283,147,1071,0,97
1284,147,1071,0,99
1285,147,1071,0,99
1286,147,1071,0,99
1287,147,1071,0,98
1288,147,1071,0,98
1289,147,1071,0,99
1290,147,1071,0,98
1291,147,1071,0,98
1292,147,1072,0,98
1293,147,1072,0,96
1294,147,1072,0,97
1295,147,1073,0,98
1296,147,1072,0,98
1297,147,1073,0,99
1298,147,1073,0,99
1299,147,1073,0,98
1300,147,1073,0,99
1301,147,1073,0,99
1302,147,1073,0,100
1303,147,1074,0,100
1304,147,1074,0,100
1305,147,1073,0,102
1306,146,1074,0,106
1307,146,1074,0,106
1308,146,1073,0,107
1309,146,1073,0,105
1310,146,1073,0,104
1311,146,1072,0,105
1312,146,1072,0,106
1313,146,1072,0,106
1314,146,1072,0,106
1315,146,1072,0,106
1316,146,1072,0,107
1317,146,1071,0,107
1318,146,1072,0,105
1319,147,1072,0,106
1320,147,1072,0,105
1321,147,1073,0,104
1322,146,1072,0,104
1323,146,1073,0,103
1324,146,1073,0,102
1325,146,1073,0,103
1326,146,1072,0,101
1327,146,1073,0,102
1328,146,1072,0,103
1329,146,1072,0,102
1330,146,1072,0,102
1331,146,1072,0,102
1332,146,1072,0,104
1333,146,1072,0,103
1334,146,1072,0,103
1335,146,1072,0,103
1336,146,1072,0,103
1337,146,1072,0,103
1338,146,1072,0,103
1339,146,1072,0,103
1340,146,1072,0,103
1341,146,1072,0,103
1342,146,1072,0,103
1343,146,1072,0,103
1344,146,1072,0,103
1345,146,1072,0,104
1346,146,1072,0,103
1347,146,1072,0,103
1348,146,1073,0,102
1349,146,1072,0,103
1350,146,1072,0,103
1351,146,1072,0,103
1352,146,1072,0,103
1353,146,1072,0,103
1354,146,1072,0,103
1355,146,1072,0,103
1356,146,1072,0,103
1357,146,1072,0,103
1358,146,1072,0,103
1359,146,1072,0,103
1360,146,1072,0,102
1361,146,1073,0,102
1362,146,1073,0,102
1363,146,1072,0,102
1364,146,1073,0,102
1365,146,1072,0,103
1366,146,1072,0,101
1367,146,1072,0,101
1368,146,1072,0,102
1369,146,1073,0,102
1370,146,1073,0,102
1371,146,1073,0,101
1372,146,1073,0,101
1373,146,1073,0,101
1374,146,1073,0,101
1375,146,1073,0,101
1376,147,1073,0,101
1377,146,1073,0,101
1378,146,1072,0,102
1379,146,1072,0,101
1380,146,1072,0,101
1381,146,1072,0,101
1382,146,1073,0,101
1383,147,1073,0,100
1384,146,1073,0,101
1385,146,1073,0,100
1386,146,1073,0,101
1387,146,1072,0,102
1388,146,1072,0,101
1389,147,1072,0,102
1390,147,1072,0,102
1391,147,1073,0,101
1392,147,1073,0,102
1393,146,1072,0,102
1394,147,1073,0,100
1395,147,1073,0,98
1396,146,1072,0,98
1397,147,1073,0,98
1398,146,1071,0,100
1399,147,1071,0,101
1400,146,1072,0,102
1401,146,1071,0,104
1402,146,1072,0,102
1403,146,1073,0,100
1404,146,1072,0,102
1405,146,1071,0,102
1406,146,1071,0,104
1407,146,1072,0,104
1408,146,1073,0,102
1409,146,1073,0,105
1410,146,1074,0,104
1411,146,1073,0,103
1412,146,1073,0,102
1413,146,1072,0,102
1414,146,1073,0,102
1415,146,1073,0,103
1416,146,1072,0,103
1417,146,1073,0,103
1418,146,1073,0,104
1419,146,1073,0,104
1420,146,1072,0,103
1421,146,1073,0,103
1422,146,1073,0,102
1423,146,1072,0,102
1424,146,1072,0,103
1425,146,1072,0,104
1426,146,1072,0,107
1427,145,1072,0,107
1428,145,1073,0,109
1429,144,1073,0,112
1430,144,1072,0,114
1431,144,1073,0,113
1432,144,1073,0,114
1433,144,1074,0,115
1434,144,1074,0,116
1435,144,1074,0,116
1436,144,1074,0,117
1437,144,1073,0,118
1438,144,1074,0,118
1439,144,1073,0,117
1440,144,1074,0,116
1441,144,1073,0,117
1442,144,1074,0,118
1443,144,1073,0,118
1444,144,1074,0,116
1445,144,1074,0,116
1446,144,1074,0,117
1447,144,1074,0,117
1448,144,1074,0,116
1449,144,1074,0,116
1450,145,1074,0,115
1451,145,1074,0,115
1452,144,1074,0,114
1453,144,1074,0,115
1454,144,1073,0,115
1455,144,1073,0,115
1456,145,1074,0,114
1457,145,1074,0,113
1458,145,1075,0,111
1459,145,1075,0,110
1460,145,1075,0,110
1461,145,1075,0,110
1462,145,1076,0,108
1463,145,1075,0,108
1464,145,1075,0,109
1465,145,1074,0,109
1466,145,1073,0,107
1467,145,1071,0,108
1468,145,1071,0,109
1469,145,1071,0,108
1470,145,1071,0,108
1471,145,1072,0,108
1472,145,1072,0,108
1473,145,1072,0,107
1474,145,1072,0,107
1475,145,1072,0,109
1476,145,1072,0,109
1477,145,1073,0,109
1478,145,1073,0,109
1479,145,1073,0,108
1480,145,1073,0,108
1481,145,1073,0,109
1482,145,1073,0,108
1483,145,1072,0,109
1484,145,1073,0,109
1485,145,1073,0,110
1486,145,1073,0,110
1487,145,1073,0,110
1488,145,1072,0,111
1489,145,1073,0,110
1490,145,1073,0,109
1491,145,1073,0,109
1492,145,1073,0,109
1493,145,1073,0,109
1494,145,1073,0,109
1495,145,1073,0,109
1496,145,1073,0,110
1497,145,1073,0,110
1498,145,1073,0,111
1499,145,1073,0,110
1500,146,1073,0,109
1501,146,1074,0,105
1502,146,1074,0,106
1503,147,1075,0,103
1504,146,1075,0,106
1505,147,1075,0,102
1506,146,1075,0,106
1507,146,1075,0,105
1508,146,1074,0,106
1509,146,1075,0,107
1510,146,1075,0,106
1511,146,1075,0,105
1512,146,1075,0,105
1513,146,1075,0,105
1514,146,1075,0,105
1515,146,1075,0,104
1516,146,1075,0,105
1517,146,1074,0,105
1518,146,1075,0,105
1519,146,1075,0,105
1520,146,1075,0,105
1521,146,1074,0,105
1522,146,1074,0,106
1523,146,1075,0,105
1524,146,1075,0,105
1525,146,1074,0,104
1526,146,1074,0,103
1527,146,1075,0,104
1528,146,1074,0,104
1529,146,1075,0,104
1530,146,1074,0,103
1531,147,1075,0,102
1532,146,1075,0,102
1533,146,1074,0,103
1534,146,1074,0,103
1535,146,1074,0,103
1536,146,1074,0,104
1537,146,1074,0,104
1538,146,1074,0,104
1539,146,1074,0,103
1540,146,1074,0,104
1541,146,1074,0,103
1542,146,1074,0,104
1543,146,1074,0,104
1544,146,1074,0,103
1545,146,1074,0,102
1546,146,1075,0,104
1547,146,1074,0,104
1548,146,1074,0,104
1549,146,1074,0,104
1550,146,1074,0,104
1551,146,1074,0,104
1552,146,1074,0,104
1553,146,1075,0,104
1554,146,1074,0,105
1555,145,1074,0,107
1556,145,1073,0,109
1557,145,1073,0,107
1558,145,1073,0,107
1559,145,1072,0,109
1560,145,1073,0,110
1561,145,1074,0,111
1562,144,1073,0,114
1563,145,1074,0,115
1564,145,1074,0,116
1565,145,1074,0,116
1566,144,1074,0,114
1567,144,1074,0,114
1568,144,1074,0,114
1569,145,1074,0,111
1570,146,1075,0,105
1571,146,1075,0,104
1572,146,1075,0,103
1573,146,1075,0,102
1574,146,1075,0,101
1575,146,1075,0,100
1576,146,1075,0,99
1577,146,1075,0,101
1578,146,1075,0,105
1579,145,1075,0,107
1580,146,1075,0,115
1581,147,1075,0,120
1582,146,1074,0,116
1583,146,1074,0,117
1584,147,1075,0,114
1585,147,1075,0,115
1586,147,1075,0,113
1587,148,1074,0,119
1588,147,1074,0,119
1589,147,1074,0,126
1590,147,1074,0,124
1591,147,1074,0,123
1592,147,1074,0,119
1593,147,1075,0,119
1594,146,1072,0,124
1595,142,1068,1,123
1598,147,1076,0,114
1599,148,1077,0,120
1600,148,1077,0,125
1601,149,1076,0,139
1602,147,1074,0,134
1603,148,1075,0,137
1604,148,1076,0,132
1605,145,1074,0,123
1606,146,1073,0,121
1607,147,1072,0,118
1608,146,1071,0,116
1609,146,1071,0,120
1610,146,1071,0,121
1611,146,1071,0,122
1612,146,1071,0,115
1613,145,1070,0,105
1614,145,1069,0,104
1615,145,1069,0,103
1616,145,1070,0,100
1617,145,1069,0,101
1618,145,1068,0,104
1619,146,1069,0,107
1620,146,1071,0,105
1621,146,1072,0,106
1622,146,1072,0,105
1623,146,1072,0,104
1624,146,1073,0,104
1625,147,1074,0,107
1626,147,1073,0,109
1627,147,1073,0,107
1628,146,1071,0,109
1629,146,1072,0,104
1630,147,1069,0,111
1631,148,1070,0,103
1632,148,1072,0,102
1633,146,1069,0,101
1634,146,1069,0,102
1635,146,1065,0,106
1636,148,1066,0,106
1637,146,1066,0,101
1638,147,1066,0,109
1639,146,1069,0,98
1640,147,1069,0,101
1641,147,1070,0,100
1642,145,1069,0,99
1643,145,1070,0,99
1644,144,1066,0,94
1645,144,1067,0,89
1646,145,1067,0,91
1647,145,1065,0,91
1648,146,1067,0,102
1649,146,1068,0,98
1650,146,1071,0,98
1651,146,1072,0,98
1652,147,1072,0,99
1653,147,1072,0,103
1654,148,1072,0,105
1655,148,1072,0,102
1656,148,1073,0,101
1657,148,1073,0,102
1658,147,1072,0,103
1659,147,1072,0,103
1660,147,1072,0,103
1661,148,1072,0,102
1662,147,1071,0,103
1663,147,1072,0,101
1664,147,1072,0,103
1665,147,1073,0,102
1666,147,1073,0,102
1667,147,1073,0,101
1668,147,1073,0,102
1669,147,1073,0,103
1670,147,1073,0,102
1671,147,1074,0,102
1672,147,1074,0,101
1673,147,1074,0,101
1674,147,1074,0,101
1675,147,1074,0,100
1676,147,1074,0,101
1677,147,1074,0,101
1678,147,1073,0,100
1679,147,1074,0,101
1680,147,1074,0,101
1681,147,1074,0,100
1682,147,1074,0,101
1683,147,1074,0,101
1684,147,1074,0,101
1685,147,1075,0,102
1686,147,1074,0,105
1687,146,1073,0,106
1688,146,1073,0,107
1689,146,1072,0,107
1690,146,1073,0,107
1691,146,1072,0,106
1692,146,1072,0,106
1693,146,1073,0,105
1694,146,1073,0,105
1695,147,1073,0,105
1696,147,1073,0,104
1697,147,1073,0,104
1698,147,1073,0,104
1699,147,1073,0,103
1700,147,1073,0,103
1701,147,1073,0,103
1702,147,1073,0,103
1703,147,1073,0,103
1704,147,1073,0,102
1705,147,1073,0,103
1706,147,1073,0,102
1707,147,1073,0,102
1708,147,1073,0,103
1709,147,1073,0,102
1710,147,1073,0,103
1711,147,1073,0,102
1712,147,1073,0,102
1713,147,1073,0,102
1714,147,1073,0,102
1715,147,1073,0,102
1716,147,1073,0,102
1717,147,1073,0,102
1718,147,1073,0,103
1719,147,1073,0,103
1720,147,1073,0,102
1721,147,1073,0,102
1722,147,1073,0,103
1723,147,1072,0,106
1724,147,1071,0,104
1725,147,1071,0,103
1726,147,1071,0,103
1727,147,1071,0,104
1728,147,1071,0,103
1729,147,1071,0,103
1730,147,1071,0,104
1731,147,1072,0,102
1732,147,1072,0,102
1733,147,1072,0,103
1734,147,1073,0,103
1735,147,1073,0,102
1736,146,1073,0,104
1737,147,1073,0,104
1738,147,1073,0,103
1739,147,1072,0,103
1740,147,1073,0,103
1741,147,1072,0,105
1742,146,1072,0,104
1743,146,1072,0,104
1744,146,1071,0,103
1745,146,1072,0,103
1746,146,1072,0,104
1747,146,1071,0,103
1748,146,1070,0,106
1749,146,1071,0,104
1750,146,1070,0,105
1751,146,1070,0,104
1752,146,1071,0,106
1753,146,1071,0,105
1754,146,1071,0,108
1755,145,1071,0,103
1756,145,1071,0,103
1757,145,1071,0,104
1758,145,1071,0,103
1759,145,1071,0,102
1760,145,1070,0,103
1761,144,1070,0,99
1762,144,1070,0,98
1763,145,1070,0,100
1764,144,1070,0,96
1765,145,1071,0,96
1766,145,1070,0,98
1767,146,1070,0,99
1768,145,1070,0,99
1769,146,1073,0,100
1770,146,1071,0,102
1771,146,1072,0,99
1772,146,1072,0,100
1773,145,1073,0,96
1774,146,1072,0,98
1775,146,1071,0,101
1776,146,1071,0,104
1777,146,1071,0,103
1778,146,1072,0,104
1779,146,1072,0,106
1780,146,1071,0,105
1781,146,1072,0,104
1782,146,1071,0,104
1783,146,1072,0,103
1784,146,1072,0,103
1785,146,1072,0,103
1786,146,1072,0,104
1787,146,1072,0,101
1788,146,1072,0,102
1789,146,1071,0,105
1790,146,1072,0,101
1791,146,1076,0,95
1792,147,1077,0,99
1793,146,1072,0,103
1794,146,1072,0,103
1795,146,1073,0,103
1796,146,1073,0,101
1797,146,1072,0,100
1798,146,1072,0,101
1799,146,1073,0,102
1800,146,1073,0,103
1801,146,1073,0,102
1802,146,1073,0,103
1803,146,1073,0,102
1804,146,1073,0,102
1805,146,1072,0,102
1806,146,1072,0,102
1807,146,1073,0,100
1808,146,1073,0,99
1809,146,1074,0,99
1810,146,1074,0,98
1811,147,1074,0,97
1812,147,1074,0,96
1813,147,1075,0,97
1814,147,1075,0,98
1815,147,1075,0,97
1816,147,1075,0,97
1817,147,1074,0,98
1818,147,1074,0,96
1819,147,1075,0,97
1820,147,1074,0,96
1821,148,1074,0,95
1822,148,1074,0,94
1823,148,1074,0,91
1824,148,1074,0,93
1825,148,1073,0,94
1826,148,1073,0,95
1827,148,1073,0,96
1828,148,1073,0,96
1829,147,1073,0,96
1830,148,1072,0,96
1831,148,1073,0,96
1832,148,1073,0,98
1833,147,1074,0,99
1834,147,1074,0,97
1835,147,1074,0,100
1836,147,1074,0,101
1837,147,1074,0,100
1838,147,1074,0,98
1839,147,1075,0,97
1840,147,1075,0,97
1841,147,1074,0,97
1842,147,1074,0,98
1843,147,1074,0,97
1844,147,1074,0,97
1845,147,1074,0,97
1846,148,1075,0,97
1847,148,1074,0,97
1848,147,1074,0,96
1849,147,1075,0,95
1850,146,1074,0,98
1851,147,1071,0,101
1852,147,1071,0,101
1853,147,1072,0,94
1854,146,1072,0,93
1855,147,1073,0,99
1856,147,1072,0,100
1857,147,1072,0,102
1858,148,1073,0,101
1859,148,1073,0,101
1860,148,1073,0,101
1861,148,1073,0,100
1862,148,1073,0,98
1863,148,1073,0,98
1864,148,1073,0,98
1865,148,1073,0,98
1866,148,1073,0,99
1867,148,1073,0,98
1868,148,1073,0,97
1869,148,1073,0,96
1870,148,1073,0,97
1871,149,1073,0,96
1872,149,1073,0,94
1873,149,1073,0,96
1874,149,1073,0,95
1875,149,1073,0,94
1876,149,1073,0,93
1877,150,1073,0,92
1878,150,1073,0,92
1879,150,1072,0,90
1880,150,1072,0,90
1881,150,1073,0,90
1882,150,1073,0,89
1883,150,1072,0,91
1884,151,1072,0,93
1885,151,1073,0,92
1886,151,1073,0,94
1887,151,1072,0,94
1888,151,1071,0,91
1889,151,1071,0,92
1890,151,1072,0,93
1891,151,1071,0,98
1892,151,1072,0,94
1893,151,1072,0,93
1894,151,1072,0,92
1895,150,1072,0,92
1896,150,1073,0,90
1897,150,1072,0,90
1898,150,1071,0,95
1899,150,1070,0,95
1900,150,1070,0,93
1901,149,1070,0,82
1902,148,1077,0,86
1903,149,1071,0,91
1904,150,1072,0,93
1905,149,1070,0,94
1906,149,1079,0,84
1907,150,1079,0,86
1908,149,1073,0,89
1909,149,1079,0,88
1911,150,1073,0,92
1912,150,1074,0,91
1913,150,1073,0,93
1914,150,1073,0,93
1915,150,1073,0,94
1916,150,1072,0,94
1917,150,1073,0,94
1918,150,1072,0,95
1919,150,1072,0,94
1920,150,1072,0,94
1921,150,1072,0,92
1922,150,1073,0,92
1923,150,1073,0,92
1924,150,1072,0,95
1925,151,1070,0,93
1926,150,1071,0,92
1927,153,1066,0,101
1929,152,1068,0,93
1930,152,1072,0,85
1931,151,1070,0,79
1932,149,1068,0,77
1933,149,1069,0,84
1934,150,1065,0,90
1935,152,1072,0,267
1936,151,1068,0,86
1937,152,1068,0,86
1938,152,1068,0,87
1939,152,1071,0,86
1940,151,1072,0,82
1941,149,1072,0,69
1942,150,1071,0,78
1944,152,1068,0,84
1945,153,1067,0,91
1946,154,1064,0,96
1947,153,1062,0,89
1948,153,1065,0,86
1949,151,1070,0,77
1950,153,1072,0,81
1951,152,1071,0,82
1952,153,1069,0,87
1953,153,1069,0,87
1954,152,1069,0,84
1955,151,1069,0,87
1956,152,1071,0,92
1957,152,1069,0,85
1958,152,1069,0,86
1959,153,1064,0,94
1960,154,1062,0,93
1961,155,1066,0,87
1962,154,1067,0,86
1963,154,1070,0,88
1964,154,1070,0,86
1965,153,1072,0,88
1966,153,1073,0,90
1967,153,1074,0,89
1968,153,1073,0,88
1969,153,1073,0,88
1970,153,1073,0,88
1971,153,1073,0,89
1972,153,1074,0,89
1973,153,1074,0,89
1974,153,1074,0,88
1975,153,1074,0,88
1976,153,1073,0,89
1977,153,1072,0,89
1978,153,1072,0,88
1979,153,1071,0,89
1980,152,1071,0,90
1981,152,1070,0,90
1982,152,1070,0,91
1983,152,1070,0,92
1984,152,1071,0,92
1985,152,1071,0,92
1986,152,1071,0,91
1987,152,1071,0,92
1988,152,1070,0,91
1989,152,1070,0,91
1990,152,1070,0,92
1991,152,1071,0,92
1992,152,1071,0,91
1993,152,1071,0,91
1994,152,1071,0,92
1995,153,1071,0,91
1996,153,1072,0,91
1997,153,1072,0,91
1998,153,1072,0,91
1999,153,1073,0,91
2000,153,1073,0,91
2001,153,1073,0,91
2002,153,1073,0,91
2003,153,1073,0,91
2004,153,1073,0,91
2005,153,1073,0,90
2006,153,1073,0,90
2007,153,1073,0,90
2008,153,1073,0,90
2009,153,1073,0,90
2010,153,1073,0,90
2011,153,1073,0,90
2012,153,1073,0,90
2013,153,1073,0,90
2014,153,1073,0,90
2015,153,1073,0,90
2016,153,1073,0,91
2017,153,1073,0,90
2018,153,1072,0,91
2019,152,1072,0,91
2020,153,1072,0,90
2021,153,1072,0,90
2022,153,1072,0,89
2023,153,1072,0,90
2024,153,1072,0,91
2025,153,1072,0,90
2026,153,1073,0,91
2027,153,1073,0,90
2028,153,1073,0,90
2029,153,1073,0,90
2030,153,1073,0,90
2031,153,1073,0,90
2032,153,1073,0,90
2033,153,1073,0,90
2034,153,1073,0,90
2035,153,1073,0,90
2036,153,1073,0,90
2037,153,1073,0,90
2038,153,1073,0,90
2039,152,1073,0,91
2040,152,1073,0,91
2041,152,1072,0,91
2042,152,1072,0,92
2043,152,1072,0,91
2044,153,1072,0,91
2045,152,1072,0,91
2046,152,1072,0,92
2047,153,1072,0,92
2048,153,1072,0,91
2049,153,1072,0,91
2050,153,1072,0,92
2051,153,1072,0,92
2052,153,1072,0,92
2053,153,1071,0,92
2054,153,1071,0,92
2055,152,1071,0,92
2056,152,1071,0,91
2057,153,1071,0,91
2058,152,1071,0,92
2059,153,1071,0,92
2060,152,1071,0,90
2061,152,1071,0,91
2062,152,1071,0,90
2063,153,1070,0,91
2064,153,1069,0,92
2065,153,1070,0,90
2066,153,1072,0,89
2067,153,1072,0,90
2068,153,1072,0,91
2069,153,1071,0,92
2070,153,1072,0,92
2071,153,1072,0,91
2072,153,1072,0,89
2073,153,1073,0,89
2074,153,1073,0,89
2075,153,1073,0,88
2076,153,1072,0,87
2077,154,1072,0,87
2078,153,1072,0,90
2079,152,1073,0,90
2080,153,1071,0,90
2081,153,1070,0,90
2082,152,1071,0,89
2083,153,1072,0,91
2084,153,1070,0,93
2085,152,1071,0,89
2086,152,1070,0,91
2087,152,1070,0,95
2088,153,1071,0,95
2089,152,1069,0,93
2090,153,1069,0,94
2091,153,1069,0,93
2092,153,1069,0,93
2093,153,1070,0,92
2094,153,1070,0,93
2095,153,1071,0,94
2096,153,1072,0,93
2097,153,1071,0,91
2098,153,1071,0,91
2099,151,1072,0,82
2100,152,1073,0,89
2101,152,1073,0,91
2102,152,1072,0,90
2103,152,1072,0,90
2104,151,1073,0,91
2105,151,1072,0,93
2106,151,1074,0,93
2107,151,1073,0,95
2108,151,1072,0,94
2109,151,1071,0,93
2110,151,1071,0,93
2111,151,1071,0,93
2112,151,1073,0,93
2113,151,1072,0,93
2114,151,1073,0,92
2115,152,1072,0,92
2116,152,1071,0,92
2117,151,1072,0,92
2118,151,1071,0,93
2119,151,1072,0,93
2120,150,1069,0,94
2121,150,1067,0,92
2122,150,1071,0,95
2123,150,1072,0,96
2124,149,1073,0,98
2125,149,1073,0,97
2126,149,1073,0,97
2127,149,1074,0,96
2128,149,1074,0,97
2129,148,1073,0,97
2130,148,1073,0,99
2131,148,1073,0,100
2132,148,1073,0,100
2133,147,1073,0,105
2134,147,1074,0,106
2135,147,1073,0,106
2136,147,1075,0,104
2137,147,1074,0,102
2138,147,1072,0,105
2139,147,1072,0,105
2140,147,1071,0,104
2141,148,1072,0,102
2142,148,1072,0,101
2143,148,1072,0,101
2144,148,1072,0,99
2145,148,1071,0,101
2146,148,1072,0,102
2147,148,1071,0,104
2148,148,1071,0,104
2149,148,1070,0,107
2150,147,1070,0,109
2151,148,1070,0,111
2152,147,1071,0,110
2153,148,1072,0,107
2154,148,1072,0,109
2155,148,1072,0,108
2156,149,1073,0,109
2157,150,1073,0,105
2158,150,1073,0,105
2159,150,1073,0,104
2160,150,1073,0,102
2161,150,1073,0,100
2162,150,1073,0,99
2163,150,1073,0,97
2164,150,1072,0,99
2165,150,1072,0,100
2166,150,1072,0,98
2167,150,1072,0,95
2168,149,1072,0,95
2169,150,1072,0,94
2170,150,1070,0,97
2171,149,1071,0,96
2172,148,1069,0,102
2173,147,1068,0,100
2174,146,1066,0,97
2175,147,1067,0,100
2176,146,1070,0,94
2177,146,1068,0,95
2178,145,1066,0,89
2179,146,1065,0,92
2180,147,1067,0,94
2181,147,1067,0,95
2182,147,1067,0,95
2183,148,1068,0,96
2184,148,1067,0,97
2185,148,1067,0,96
2186,148,1068,0,98
2187,148,1068,0,97
2188,148,1069,0,97
2189,148,1069,0,99
2190,148,1073,0,100
2191,149,1074,0,100
2192,148,1070,0,104
2193,148,1071,0,108
2194,148,1071,0,110
2195,149,1072,0,112
2196,147,1071,0,110
2197,148,1072,0,109
2198,147,1070,0,102
2199,147,1072,0,96
2200,145,1071,0,96
2201,145,1070,0,96
2202,146,1070,0,96
2203,146,1069,0,111
2204,149,1070,0,109
2205,149,1071,0,104
2206,147,1071,0,93
2207,148,1070,0,97
2208,149,1069,0,106
2209,150,1071,0,103
2210,149,1071,0,94
2211,149,1071,0,95
2212,150,1071,0,97
2213,149,1070,0,96
2214,151,1069,0,108
2215,150,1067,0,89
2216,149,1067,0,82
2217,151,1066,0,90
2218,149,1066,0,88
2219,152,1063,0,93
2220,151,1067,0,90
2221,151,1067,0,92
2222,151,1066,0,93
2223,151,1069,0,95
2224,151,1070,0,94
2225,150,1071,0,91
2226,151,1070,0,93
2227,151,1069,0,94
2228,150,1070,0,92
2229,151,1068,0,94
2230,150,1069,0,96
2231,150,1070,0,97
2232,150,1071,0,94
2233,150,1071,0,94
2234,149,1070,0,89
2235,149,1070,0,87
2236,149,1071,0,94
2237,149,1071,0,95
2238,149,1068,0,88
2239,147,1069,0,79
2240,148,1068,0,84
2241,150,1068,0,95
2242,150,1070,0,97
2243,151,1069,0,97
2244,151,1069,0,97
2245,150,1069,0,98
2246,150,1069,0,93
2247,150,1068,0,93
2248,149,1069,0,92
2249,149,1069,0,92
2250,147,1069,0,95
2251,146,1068,0,97
2252,146,1068,0,98
2253,146,1068,0,101
2254,147,1070,0,99
2255,147,1071,0,98
2256,147,1072,0,99
2257,147,1072,0,101
2258,146,1071,0,99
2259,146,1072,0,95
2260,146,1072,0,90
2261,144,1070,0,88
2262,145,1070,0,91
2263,146,1069,0,100
2264,146,1071,0,100
2265,147,1069,0,104
2266,147,1069,0,105
2267,146,1069,0,101
2268,146,1068,0,99
2269,146,1067,0,103
2270,148,1066,0,104
2271,147,1065,0,104
2272,148,1065,0,106
2273,148,1066,0,100
2274,148,1067,0,102
2275,148,1066,0,101
2276,149,1065,0,103
2277,149,1063,0,100
2278,150,1064,0,100
2279,150,1065,0,94
2280,150,1067,0,94
2281,149,1067,0,96
2282,149,1066,0,95
2283,148,1067,0,93
2284,148,1067,0,95
2285,148,1067,0,95
2286,148,1068,0,92
2287,148,1068,0,91
2288,148,1068,0,92
2289,147,1067,0,91
2290,147,1066,0,91
2291,148,1067,0,92
2292,148,1069,0,91
2293,148,1068,0,92
2294,148,1067,0,92
2295,148,1068,0,93
2296,149,1068,0,93
2297,149,1068,0,93
2298,148,1068,0,93
2299,148,1069,0,91
2300,149,1067,0,96
2301,148,1067,0,96
2302,148,1066,0,91
2303,147,1068,0,89
2304,148,1067,0,97
2305,148,1068,0,95
2306,147,1068,0,96
2307,146,1067,0,97
2308,145,1068,0,97
2309,146,1065,0,100
2310,145,1065,0,101
2311,145,1064,0,101
2312,146,1065,0,99
2313,145,1066,0,93
2314,147,1066,0,98
2315,146,1067,0,93
2316,147,1067,0,102
2317,145,1067,0,89
2318,145,1068,0,88
2319,145,1068,0,91
2320,146,1068,0,93
2321,146,1068,0,95
2322,146,1067,0,96
2323,147,1067,0,99
2324,147,1067,0,98
2325,147,1069,0,95
2326,147,1069,0,100
2327,146,1072,0,103
2328,145,1072,0,106
2329,145,1071,0,109
2330,145,1070,0,106
2331,146,1071,0,109
2332,145,1070,0,108
2333,145,1070,0,105
2334,146,1071,0,104
2335,146,1071,0,103
2336,147,1073,0,102
2337,147,1072,0,102
2338,148,1073,0,101
2339,148,1073,0,102
2340,147,1073,0,102
2341,148,1073,0,102
2342,148,1072,0,103
2343,148,1073,0,102
2344,146,1070,0,105
2345,146,1071,0,104
2346,147,1071,0,105
2347,147,1071,0,103
2348,148,1071,0,100
2349,148,1070,0,98
2350,148,1070,0,99
2351,148,1069,0,100
2352,148,1069,0,101
2353,148,1071,0,99
2354,148,1072,0,98
2355,148,1072,0,98
2356,148,1073,0,99
2357,147,1070,0,99
2358,147,1070,0,102
2359,147,1070,0,101
2360,147,1072,0,100
2361,147,1071,0,103
2362,145,1070,0,104
2363,146,1069,0,101
2364,147,1069,0,104
2365,147,1070,0,102
2366,147,1072,0,103
2367,147,1071,0,101
2368,147,1071,0,99
2369,147,1070,0,100
2370,147,1070,0,99
2371,147,1068,0,99
2372,147,1070,0,101
2373,147,1069,0,101
2374,147,1070,0,101
2375,147,1070,0,99
2376,147,1069,0,100
2377,147,1070,0,101
2378,147,1069,0,102
2379,147,1069,0,100
2380,147,1069,0,101
2381,147,1070,0,99
2382,147,1069,0,99
2383,146,1069,0,99
2384,146,1069,0,98
2385,145,1068,0,97
2386,146,1069,0,96
2387,146,1071,0,97
2388,145,1071,0,103
2389,144,1072,0,112
2390,144,1072,0,112
2391,144,1071,0,109
2392,144,1071,0,109
2393,144,1072,0,112
2394,142,1072,0,112
2395,142,1070,0,115
2396,142,1071,0,119
2397,141,1070,0,118
2398,142,1070,0,114
2399,142,1070,0,117
2400,142,1070,0,121
2401,142,1070,0,120
2402,144,1072,0,127
2403,144,1073,0,131
2404,145,1072,0,138
2405,143,1072,0,128
2406,143,1071,0,132
2407,143,1071,0,132
2408,143,1071,0,133
2409,143,1071,0,132
2410,143,1072,0,134
2411,143,1072,0,135
2412,143,1071,0,134
2413,143,1071,0,134
2414,140,1068,0,131
2415,138,1067,0,128
2416,139,1069,0,128
2417,146,1077,0,140
2418,144,1072,0,134
2419,145,1072,0,133
2420,145,1074,0,131
2421,143,1070,0,128
2423,144,1071,0,131
2424,145,1072,0,126
2425,145,1073,0,126
2426,144,1072,0,121
2427,144,1072,0,118
2428,143,1072,0,114
2429,144,1072,0,111
2430,144,1072,0,109
2431,144,1072,0,109
2432,144,1072,0,109
2433,144,1072,0,109
2434,144,1073,0,110
2435,144,1073,0,108
2436,144,1071,0,110
2437,144,1070,0,109
2438,144,1070,0,109
2439,144,1070,0,108
2440,144,1070,0,108
2441,144,1070,0,107
2442,144,1070,0,106
2443,144,1070,0,103
2444,144,1070,0,101
2445,144,1070,0,101
2446,144,1070,0,104
2447,144,1070,0,104
2448,144,1070,0,101
2449,144,1070,0,102
2450,144,1070,0,102
2451,144,1070,0,101
2452,144,1070,0,102
2453,144,1070,0,102
2454,144,1070,0,101
2455,144,1070,0,100
2456,144,1070,0,101
2457,144,1069,0,103
2458,144,1069,0,104
2459,144,1069,0,104
2460,144,1069,0,106
2461,144,1069,0,106
2462,144,1069,0,107
2463,144,1069,0,107
2464,144,1069,0,107
2465,144,1069,0,108
2466,144,1069,0,108
2467,144,1068,0,108
2468,144,1068,0,109
2469,144,1069,0,109
2470,144,1069,0,110
2471,144,1069,0,109
2472,144,1068,0,109
2473,144,1069,0,109
2474,144,1069,0,109
2475,144,1069,0,108
2476,144,1069,0,107
2477,144,1069,0,107
2478,144,1069,0,105
2479,144,1069,0,106
2480,144,1069,0,106
2481,144,1068,0,106
2482,144,1069,0,104
2483,144,1069,0,105
2484,144,1069,0,108
2485,143,1069,0,106
2486,144,1068,0,103
2487,144,1068,0,101
2488,144,1068,0,100
2489,144,1068,0,101
2490,144,1068,0,102
2491,144,1068,0,102
2492,144,1068,0,100
2493,144,1068,0,99
2494,145,1068,0,100
2495,145,1068,0,99
2496,145,1069,0,98
2497,145,1069,0,97
2498,145,1068,0,97
2499,145,1068,0,97
2500,145,1068,0,98
2501,145,1068,0,97
2502,145,1068,0,97
2503,145,1068,0,97
2504,145,1068,0,98
2505,145,1069,0,96
2506,145,1069,0,96
2507,145,1069,0,97
2508,145,1068,0,93
2509,145,1068,0,92
2510,145,1067,0,95
2511,145,1067,0,93
2512,145,1067,0,92
2513,145,1068,0,93
2514,145,1068,0,94
2515,145,1069,0,92
2516,145,1068,0,94
2517,146,1068,0,92
2518,145,1068,0,90
2519,145,1067,0,91
2520,145,1068,0,91
2521,145,1068,0,91
2522,145,1067,0,92
2523,145,1067,0,93
2524,145,1067,0,91
2525,145,1067,0,92
2526,146,1067,0,91
2527,146,1067,0,92
2528,146,1066,0,92
2529,146,1066,0,92
2530,146,1067,0,91
2531,146,1067,0,90
2532,146,1067,0,91
2533,146,1066,0,90
2534,146,1066,0,91
2535,146,1065,0,92
2536,146,1065,0,90
2537,147,1065,0,90
2538,147,1066,0,88
2539,147,1065,0,87
2540,147,1066,0,85
2541,147,1065,0,85
2542,148,1065,0,85
2543,147,1065,0,84
2544,147,1066,0,84
2545,147,1066,0,85
2546,148,1065,0,86
2547,147,1065,0,86
2548,148,1066,0,86
2549,147,1066,0,86
2550,147,1065,0,86
2551,147,1064,0,88
2552,146,1064,0,89
2553,146,1065,0,87
2554,146,1066,0,87
2555,146,1066,0,89
2556,146,1065,0,88
2557,146,1065,0,87
2558,146,1065,0,87
2559,147,1065,0,85
2560,146,1065,0,84
2561,145,1064,0,80
2562,145,1065,0,86
2563,145,1067,0,94
2564,145,1067,0,96
2565,144,1067,0,95
2566,144,1067,0,99
2567,144,1068,0,100
2568,144,1068,0,101
2569,144,1068,0,110
2570,144,1068,0,115
2571,144,1068,0,116
2572,143,1067,0,126
2573,140,1061,0,124
2574,142,1063,0,116
2575,145,1065,0,107
2576,145,1066,0,103
2577,144,1067,0,100
2578,143,1066,0,101
2579,144,1066,0,99
2580,145,1067,0,100
2581,145,1067,0,97
2582,145,1066,0,100
2583,145,1065,0,95
2584,143,1064,0,99
2585,143,1064,0,99
2586,143,1064,0,101
2587,143,1065,0,99
2588,142,1063,0,99
2589,142,1063,0,109
2590,141,1063,0,108
2591,139,1062,0,107
2592,139,1062,0,111
2593,137,1061,0,113
2594,138,1061,0,102
2595,138,1060,0,99
2596,140,1062,0,105
2597,139,1061,0,108
2598,140,1066,0,106
2599,143,1069,0,109
2600,143,1067,0,108
2601,143,1068,0,107
2602,143,1069,0,103
2603,143,1069,0,110
2604,142,1068,0,114
2605,143,1069,0,118
2606,142,1067,0,114
2607,141,1065,0,113
2608,143,1069,0,118
2609,144,1071,0,126
2610,144,1071,0,123
2611,142,1066,0,117
2612,144,1071,0,121
2613,143,1070,0,122
2614,143,1070,0,122
2615,144,1070,0,127
2616,143,1069,0,122
2617,143,1070,0,124
2618,143,1071,0,125
2619,145,1074,0,130
2620,141,1073,0,139
2621,139,1073,0,138
2622,138,1075,0,137
2623,133,1074,0,141
2624,134,1075,0,141
2625,131,1072,0,144
2626,129,1071,0,142
2627,132,1071,0,143
2628,137,1073,0,139
2629,135,1073,0,138
2630,133,1073,0,138
2631,133,1072,0,143
2632,134,1073,0,143
2633,135,1073,0,147
2635,134,1075,0,135
2636,132,1072,0,129
2637,131,1070,0,129
2638,132,1071,0,131
2639,133,1072,0,131
2640,133,1072,0,131
2641,132,1071,0,131
2642,131,1069,0,130
2643,132,1070,0,137
2644,134,1072,0,139
2645,134,1072,0,135
2646,133,1070,0,124
2647,132,1069,0,116
2648,132,1070,0,116
2649,133,1070,0,113
2650,134,1069,0,116
2651,134,1069,0,118
2652,135,1069,0,120
2653,136,1070,0,118
2654,135,1068,0,117
2655,134,1067,0,117
2656,135,1069,0,121
2657,135,1068,0,120
2658,135,1068,0,121
2659,136,1068,0,121
2660,135,1068,0,125
2661,136,1068,0,125
2662,135,1067,0,129
2663,134,1066,0,127
2664,134,1067,0,125
2665,134,1067,0,122
2666,135,1068,0,128
2667,135,1068,0,126
2668,137,1069,0,131
2669,137,1068,0,132
2670,137,1068,0,132
2671,138,1069,0,130
2672,137,1068,0,130
2673,140,1072,0,138
2674,140,1071,0,132
2675,139,1070,0,125
2676,138,1069,0,123
2677,139,1070,0,128
2678,139,1068,0,122
2679,138,1068,0,116
2680,137,1067,0,123
2681,137,1069,0,123
2682,137,1069,0,126
2683,137,1069,0,123
2684,136,1067,0,124
2685,138,1070,0,121
2686,136,1068,0,121
2687,137,1068,0,120
2688,136,1068,0,123
2689,137,1074,0,90
2690,136,1067,0,101
2691,137,1066,0,101
2692,138,1068,0,102
2693,138,1069,0,109
2694,137,1067,0,107
2695,137,1066,0,109
2696,138,1067,0,106
2697,138,1068,0,107
2698,138,1068,0,112
2699,137,1066,0,117
2700,138,1068,0,105
2701,139,1068,0,105
2702,139,1069,0,109
2703,139,1069,0,105
2704,139,1066,0,98
2705,139,1065,1,98
2706,139,1070,0,95
2707,138,1070,0,94
2708,139,1065,0,104
2709,138,1061,0,111
2710,139,1062,1,107
2711,139,1062,1,108
2712,139,1063,0,108
2713,140,1062,1,108
2714,139,1063,1,112
2715,139,1063,1,117
2716,140,1064,1,122
2717,139,1063,1,111
2718,139,1063,1,107
2719,138,1062,1,116
2720,138,1067,0,106
2721,138,1064,0,121
2722,138,1064,0,123
2723,139,1063,0,114
2724,139,1064,0,104
2725,139,1068,0,106
2726,141,1068,0,111
2727,141,1068,0,109
2728,139,1067,0,106
2729,139,1068,0,100
2730,140,1069,0,109
2731,141,1071,0,110
2732,141,1069,0,109
2733,139,1065,0,114
2734,139,1065,0,110
2735,140,1064,0,114
2736,139,1065,0,123
2737,141,1069,0,120
2738,141,1069,0,122
2739,141,1069,0,122
2740,141,1070,0,128
2741,141,1071,0,120
2742,139,1068,0,123
2743,138,1066,0,121
2744,138,1066,0,120
2745,138,1066,0,123
2746,137,1067,0,120
2747,137,1067,0,123
2748,138,1069,0,125
2749,137,1068,0,124
2750,139,1070,0,127
2751,139,1070,0,126
2752,140,1071,0,124
2753,140,1071,0,122
2757,141,1071,0,121
2758,140,1069,0,116
2759,141,1069,0,123
2760,141,1069,0,127
2761,141,1069,0,119
2762,141,1070,0,300
2763,141,1071,0,123
2764,139,1072,0,290
2765,141,1070,0,125
2766,139,1070,0,126
2767,141,1071,0,128
2768,140,1071,0,113
2769,139,1065,1,294
2770,139,1065,1,297
2771,141,1066,0,120
2772,142,1067,1,310
2773,146,1069,1,303
2774,151,1069,0,96
2775,153,1070,0,95
2778,154,1080,0,81
2779,152,1086,0,72
2780,153,1087,0,74
2781,153,1087,0,80
2782,153,1087,0,80
2783,153,1085,0,75
2784,153,1085,0,75
2785,154,1085,0,77
2786,154,1086,0,77
2787,154,1086,0,77
2788,154,1085,0,78
2789,154,1086,0,74
2790,153,1085,0,71
2791,154,1084,0,75
2792,154,1085,0,74
2793,154,1085,0,72
2794,154,1084,0,73
2795,154,1085,0,74
2796,154,1085,0,74
2797,154,1084,0,72
2798,155,1081,0,69
2808,157,1082,0,68
2809,157,1080,0,68
2812,157,1082,0,74
2814,156,1081,0,74
2815,156,1082,0,72
2816,155,1083,0,70
2817,155,1084,0,70
2818,154,1085,0,70
2819,154,1086,0,72
2820,154,1086,0,72
2821,154,1085,0,69
2822,155,1085,0,69
2823,155,1084,0,72
2824,154,1085,0,73
2825,154,1085,0,71
2826,155,1085,0,69
2827,155,1084,0,66
2828,155,1085,0,67
2829,154,1086,0,69
2830,154,1085,0,76
2831,153,1084,0,80
2832,152,1084,0,83
2833,153,1083,0,83
2834,153,1079,0,82
2836,153,1081,0,85
2837,152,1079,1,271
2838,152,1079,1,271
2839,152,1077,1,271
2840,153,1079,1,89
2842,153,1079,1,82
2843,153,1079,1,84
2844,153,1080,1,85
2845,154,1081,1,46
2846,155,1082,1,50
2847,156,1082,1,48
2848,156,1082,1,34
2849,157,1082,1,42
2850,157,1081,1,38
2851,156,1081,1,53
2852,155,1082,1,61
2853,154,1082,1,51
2854,156,1082,1,44
2855,157,1081,1,52
2856,158,1080,1,42
2857,159,1080,0,23
2859,156,1080,0,19
2860,156,1079,0,356
2861,161,1078,0,26
2862,161,1078,0,27
2863,161,1080,0,22
2864,161,1082,0,19
2865,160,1082,0,16
2866,160,1081,0,16
2867,160,1082,0,16
2868,161,1081,0,18
2870,162,1079,0,19
2871,162,1078,0,18
2872,162,1078,0,20
2873,162,1078,0,23
2874,162,1078,0,23
2875,162,1077,0,22
2876,162,1078,0,23
2877,161,1078,0,17
2878,160,1077,0,15
2879,161,1077,0,15
2880,161,1078,0,15
2881,161,1078,0,13
2882,162,1078,0,10
2883,162,1079,0,13
2884,163,1079,0,11
2885,168,1079,0,21
2887,167,1079,0,10
2888,170,1079,0,16
2889,173,1079,0,22
2890,174,1080,0,16
2891,173,1079,0,17
2892,173,1077,0,8
2893,172,1078,0,11
2894,170,1077,0,11
2895,171,1077,0,9
2896,172,1077,0,10
2897,173,1077,0,13
2898,172,1076,0,16
2899,174,1078,0,9
2900,174,1078,0,5
2901,175,1078,0,8
2902,175,1077,0,10
2903,175,1078,0,6
2904,176,1079,0,8
2905,176,1081,0,8
2906,176,1082,0,8
2907,176,1082,0,6
2908,176,1083,0,4
2909,176,1084,0,0
2910,174,1086,0,0
2911,177,1085,0,3
2912,175,1086,0,0
2913,174,1086,0,353
2914,172,1085,0,352
2915,171,1083,0,358
2916,170,1084,0,356
2917,169,1082,0,355
2918,170,1080,0,354
2919,171,1080,0,357
2920,173,1082,0,1
2921,174,1084,0,357
2922,170,1084,0,352
2923,169,1084,0,351
2924,170,1084,0,350
2925,168,1085,0,350
2926,168,1085,0,349
2927,169,1085,0,338
2928,170,1085,0,338
2929,168,1084,0,341
2930,167,1084,0,340
2931,169,1086,0,334
2932,172,1087,0,336
2933,170,1087,0,347
2934,169,1088,0,353
2935,171,1088,0,355
2936,170,1088,0,354
2937,171,1088,0,351
2938,169,1089,0,350
2939,171,1091,0,346
2940,167,1088,0,353
2941,168,1089,0,338
2942,168,1089,0,343
2943,171,1089,0,330
2944,183,1097,0,331
2945,176,1094,0,329
2953,143,1082,0,286
2954,145,1081,0,284
2955,146,1079,0,288
2956,149,1075,0,291
2957,152,1072,0,286
2958,150,1072,0,277
2959,147,1070,0,275
2960,148,1069,0,284
2961,150,1064,0,289
2962,148,1060,0,285
2963,147,1056,0,286
2964,150,1056,0,279
2965,151,1056,0,270
2966,149,1052,0,259
2967,151,1052,0,260
2968,158,1052,0,262
2969,158,1053,0,258
2970,153,1050,0,250
2971,147,1047,0,240
2972,143,1045,0,232
2973,143,1042,0,212
2974,143,1041,0,211
2975,141,1041,0,211
2976,141,1039,0,207
2977,148,1035,0,192
2978,149,1037,0,184
2979,149,1040,0,176
2980,147,1042,0,173
2981,148,1044,0,157
2982,147,1045,0,148
2983,150,1053,0,157
2984,149,1053,0,149
2985,151,1058,0,157
2986,151,1055,0,154
2987,149,1050,0,156
2988,144,1048,0,154
2989,144,1051,0,171
2990,146,1052,0,184
2991,148,1047,0,181
2992,146,1054,0,181
2993,142,1057,0,181
2994,142,1056,0,188
2995,143,1059,0,190
2996,143,1060,0,191
2997,143,1056,0,202
2998,141,1054,0,200
2999,142,1057,0,201
