0,1689,692,0,279
1,1689,690,0,282
2,1690,689,0,285
3,1690,686,0,290
4,1685,672,0,304
5,1683,667,0,314
6,1682,663,0,314
7,1682,656,0,316
8,1681,656,0,315
9,1677,658,0,309
10,1676,656,0,307
11,1672,652,0,299
12,1669,650,0,302
13,1666,647,0,297
14,1664,642,0,295
15,1665,632,0,291
16,1664,631,0,284
17,1662,628,0,290
18,1656,623,0,296
19,1651,612,0,297
20,1647,604,0,302
21,1645,594,0,302
22,1638,592,0,295
23,1633,589,0,292
24,1628,581,0,290
25,1620,570,0,291
26,1611,558,0,301
27,1608,550,0,293
28,1606,547,0,292
29,1598,546,0,307
30,1591,543,0,314
31,1582,545,0,324
32,1584,548,0,330
33,1580,547,0,332
34,1585,552,0,333
35,1589,555,0,322
36,1587,556,0,324
37,1585,557,0,327
38,1587,559,0,326
39,1587,558,0,317
40,1586,557,0,317
41,1587,558,0,317
42,1587,560,0,326
43,1588,561,0,332
44,1588,562,0,333
45,1586,562,0,340
46,1591,563,0,349
47,1593,563,0,339
48,1593,562,0,338
49,1595,564,0,335
50,1596,564,0,333
51,1599,566,0,330
52,1600,567,0,330
53,1602,569,0,327
54,1602,569,0,319
55,1602,569,0,318
56,1603,569,0,322
57,1602,570,0,314
58,1603,571,0,309
59,1603,571,0,317
60,1602,571,0,323
61,1598,571,0,323
62,1594,573,0,325
63,1590,574,0,334
64,1591,574,0,336
65,1594,574,0,345
66,1594,576,0,343
67,1595,575,0,357
68,1595,573,0,0
69,1594,573,0,0
70,1593,574,0,0
71,1590,575,0,357
72,1586,576,0,358
73,1580,574,0,351
74,1576,572,0,352
75,1575,571,0,357
76,1575,571,0,0
77,1575,571,0,359
78,1576,570,0,358
79,1575,569,0,356
80,1573,568,0,4
81,1576,571,0,358
82,1576,573,0,352
83,1580,574,0,345
84,1581,570,0,352
85,1582,572,0,347
86,1582,572,0,343
87,1581,572,0,340
88,1581,570,0,345
89,1582,569,0,346
90,1581,568,0,344
91,1580,568,0,344
92,1577,565,0,334
93,1575,564,0,326
94,1576,568,0,328
95,1575,568,0,318
96,1572,567,0,320
97,1573,567,0,325
98,1572,567,0,325
99,1571,568,0,321
100,1572,568,0,322
101,1571,567,0,324
102,1571,567,0,324
103,1571,569,0,320
104,1572,570,0,314
105,1570,570,0,310
106,1571,570,0,318
107,1568,569,0,326
108,1566,571,0,338
109,1563,574,0,350
110,1559,574,0,355
111,1556,572,0,351
112,1549,573,0,348
113,1542,573,0,348
114,1539,574,0,343
115,1539,575,0,343
116,1546,575,0,343
117,1548,575,0,347
118,1548,576,0,346
119,1544,576,0,345
120,1549,577,0,333
121,1547,577,0,337
122,1545,578,0,335
123,1538,576,0,337
124,1536,576,0,336
125,1536,576,0,336
126,1540,576,0,343
127,1543,576,0,335
128,1548,576,0,337
129,1547,578,0,344
130,1545,578,0,353
131,1541,581,0,4
132,1542,583,0,19
133,1547,581,0,25
134,1547,582,0,28
135,1552,574,0,30
136,1548,577,0,33
137,1545,582,0,34
138,1541,586,0,27
139,1543,588,0,31
140,1544,589,0,27
141,1543,591,0,23
142,1543,591,0,16
143,1542,589,0,356
144,1541,588,0,346
145,1537,584,0,338
146,1532,583,0,334
147,1529,581,0,327
148,1520,576,0,323
149,1518,574,0,318
150,1514,568,0,319
151,1510,568,0,320
152,1509,568,0,316
153,1509,568,0,313
154,1509,570,0,308
155,1508,569,0,301
156,1507,570,0,300
157,1505,572,0,294
158,1503,571,0,294
159,1503,569,0,289
160,1502,568,0,287
161,1503,570,0,295
162,1503,570,0,293
163,1503,571,0,292
164,1504,572,0,288
165,1504,573,0,287
166,1504,576,0,285
167,1504,577,0,293
168,1505,578,0,291
169,1505,579,0,290
170,1505,581,0,301
171,1507,584,0,311
172,1507,583,0,315
173,1506,581,0,317
174,1507,583,0,323
175,1507,585,0,313
176,1506,582,0,306
177,1503,583,0,313
178,1501,583,0,325
179,1499,583,0,334
180,1496,584,0,337
181,1495,584,0,337
182,1495,587,0,326
183,1496,585,0,331
184,1498,584,0,337
185,1498,583,0,336
186,1498,582,0,335
187,1497,581,0,332
188,1495,583,0,327
189,1497,585,0,319
190,1497,585,0,317
191,1498,585,0,322
192,1497,584,0,327
193,1499,584,0,328
194,1498,584,0,332
195,1498,584,0,330
196,1498,584,0,328
197,1498,586,0,326
198,1500,586,0,339
199,1499,584,0,343
200,1501,585,0,344
201,1503,585,0,345
202,1503,584,0,346
203,1501,584,0,345
204,1502,584,0,343
205,1502,583,0,346
206,1500,583,0,345
207,1499,583,0,349
208,1496,585,0,345
209,1495,585,0,344
210,1495,586,0,339
211,1496,586,0,340
212,1496,586,0,340
213,1494,585,0,340
214,1488,586,0,345
215,1488,590,0,353
216,1491,592,0,8
217,1494,593,0,21
218,1496,595,0,30
219,1495,598,0,32
220,1497,598,0,35
221,1498,597,0,37
222,1501,597,0,50
223,1502,593,0,54
224,1502,593,0,54
225,1501,595,0,57
226,1500,596,0,61
227,1499,599,0,59
228,1498,601,0,57
229,1498,602,0,55
230,1498,602,0,58
231,1500,600,0,59
232,1502,598,0,59
233,1501,598,0,60
234,1502,595,0,61
235,1501,592,0,64
236,1500,589,0,73
237,1503,588,0,86
238,1506,587,0,94
239,1510,586,0,98
240,1513,586,0,103
241,1518,590,0,97
242,1517,591,0,119
243,1518,592,0,126
244,1517,591,0,129
245,1517,591,0,132
246,1516,593,0,136
247,1515,595,0,136
248,1514,598,0,129
249,1513,599,0,125
250,1511,601,0,122
251,1514,602,0,127
252,1513,602,0,136
253,1516,600,0,146
254,1517,601,0,144
255,1518,601,0,142
256,1517,603,0,158
257,1516,603,0,171
258,1516,603,0,173
259,1513,603,0,189
260,1512,604,0,206
261,1511,601,0,239
262,1511,600,0,247
263,1509,601,0,250
264,1509,599,0,250
265,1510,597,0,241
266,1512,595,0,243
267,1513,595,0,242
268,1514,597,0,249
269,1522,595,0,240
270,1526,593,0,241
271,1525,591,0,246
272,1527,592,0,240
273,1527,588,0,241
274,1527,587,0,237
275,1528,586,0,237
276,1531,585,0,233
277,1532,578,0,238
278,1535,573,0,246
279,1538,567,0,238
280,1540,566,0,237
281,1537,570,0,233
282,1537,568,0,239
283,1537,565,0,225
284,1536,565,0,230
285,1535,570,0,247
286,1535,568,0,264
287,1535,570,0,266
288,1533,573,0,291
289,1528,573,0,313
290,1524,575,0,328
291,1522,578,0,331
292,1523,581,0,349
293,1524,582,0,357
294,1522,583,0,4
295,1520,582,0,1
296,1517,584,0,0
297,1517,585,0,357
298,1516,587,0,350
299,1511,589,0,0
300,1513,593,0,10
301,1512,600,0,19
302,1509,597,0,17
303,1505,600,0,11
304,1501,600,0,2
305,1500,600,0,357
306,1498,599,0,352
307,1498,600,0,348
308,1503,602,0,338
309,1505,605,0,332
310,1505,605,0,331
311,1506,606,0,327
312,1507,606,0,328
313,1505,606,0,330
314,1505,612,0,313
315,1505,611,0,315
316,1506,614,0,312
317,1505,613,0,313
318,1506,615,0,321
319,1507,615,0,318
320,1509,616,0,324
321,1510,617,0,329
322,1511,613,0,335
323,1512,614,0,327
324,1513,614,0,330
325,1512,611,0,332
326,1512,609,0,332
327,1514,612,0,330
328,1514,613,0,327
329,1515,610,0,328
330,1516,611,0,325
331,1516,610,0,324
332,1516,611,0,320
333,1517,610,0,315
334,1517,606,0,319
335,1517,608,0,312
336,1517,609,0,306
337,1516,609,0,315
338,1514,608,0,315
339,1515,609,0,310
340,1515,609,0,303
341,1513,614,0,292
342,1515,615,0,279
343,1514,617,0,267
344,1513,620,0,258
345,1517,618,0,254
346,1522,619,0,265
347,1523,619,0,269
348,1525,618,0,275
349,1529,617,0,280
350,1527,617,0,276
351,1526,618,0,279
352,1525,619,0,274
353,1524,620,0,271
354,1523,618,0,261
355,1523,616,0,244
356,1524,614,0,244
357,1526,613,0,243
358,1528,610,0,253
359,1529,609,0,250
360,1530,608,0,247
361,1531,606,0,245
362,1531,605,0,244
363,1530,606,0,246
364,1531,606,0,247
365,1531,607,0,248
366,1531,607,0,247
367,1533,604,0,246
368,1534,604,0,241
369,1535,603,0,236
370,1537,599,0,239
371,1539,596,0,236
372,1538,596,0,234
373,1539,597,0,229
374,1540,598,0,229
375,1541,601,0,225
376,1541,603,0,220
377,1541,603,0,206
378,1548,603,0,200
379,1554,602,0,197
380,1557,603,0,195
381,1561,605,0,196
382,1562,606,0,207
383,1565,604,0,205
384,1566,604,0,207
385,1567,604,0,209
386,1566,606,0,212
387,1571,602,0,215
388,1572,601,1,204
389,1574,601,1,241
390,1574,600,1,221
391,1574,600,1,239
392,1575,600,1,234
393,1576,601,1,237
398,1573,600,1,288
399,1573,600,1,287
400,1573,600,1,290
401,1573,599,1,291
402,1573,599,1,294
403,1572,599,1,298
404,1572,600,1,301
405,1572,600,1,303
406,1573,600,1,291
407,1572,601,1,271
408,1572,600,1,289
409,1572,600,1,288
418,1573,599,1,303
419,1573,599,1,298
420,1573,599,1,327
426,1573,600,1,89
427,1573,600,1,79
432,1572,600,1,82
433,1572,600,1,85
434,1573,600,1,53
435,1573,600,1,46
436,1573,600,1,42
437,1573,600,1,50
438,1573,600,1,53
439,1573,600,1,32
442,1573,599,1,279
443,1573,599,1,277
444,1573,599,1,287
445,1573,599,1,265
446,1573,599,1,261
447,1573,599,1,285
448,1573,599,1,276
449,1573,599,1,271
450,1573,599,1,275
451,1573,599,1,285
452,1573,599,1,292
453,1573,599,1,291
454,1572,599,1,301
455,1573,599,1,282
456,1573,600,1,296
457,1573,600,1,284
458,1573,599,1,284
459,1573,599,1,276
460,1573,599,1,275
461,1573,600,1,248
462,1573,600,1,263
463,1573,600,1,294
464,1573,600,1,317
465,1573,600,1,313
466,1573,600,1,303
467,1573,600,1,299
468,1572,600,1,301
469,1573,600,1,309
470,1573,600,1,314
471,1572,600,1,295
472,1572,600,1,294
473,1572,599,1,281
474,1572,599,1,286
475,1572,599,1,280
476,1572,599,1,285
477,1572,599,1,296
478,1572,599,1,295
479,1573,599,1,291
480,1573,600,1,290
481,1573,600,1,296
482,1573,600,1,293
483,1573,600,1,294
484,1573,600,1,296
485,1573,600,1,284
486,1573,600,1,298
487,1573,600,1,285
488,1573,600,1,280
489,1573,600,1,290
490,1573,600,1,290
491,1573,600,1,296
492,1573,600,1,290
493,1573,600,1,292
494,1573,600,1,293
495,1572,600,1,297
496,1573,600,1,293
497,1572,600,1,296
498,1572,600,1,296
499,1572,600,1,298
500,1572,600,1,296
501,1573,600,1,299
502,1572,600,1,296
503,1572,600,1,298
504,1573,600,1,290
505,1572,600,1,292
506,1572,600,1,291
507,1572,600,1,289
508,1572,600,1,289
509,1572,600,1,293
513,1573,599,1,272
514,1572,600,1,289
515,1572,600,1,305
516,1572,600,1,326
517,1572,600,1,311
518,1572,601,1,308
519,1573,600,1,285
520,1573,600,1,292
521,1573,600,1,274
522,1573,600,1,290
523,1572,600,1,292
524,1573,600,1,290
525,1573,600,1,300
526,1573,600,1,296
527,1573,600,1,298
528,1572,600,1,298
529,1573,600,1,295
530,1573,600,1,299
531,1573,600,1,296
532,1573,600,1,298
533,1572,600,1,295
534,1572,600,1,295
535,1573,600,1,296
536,1573,600,1,292
537,1573,600,1,294
538,1573,600,1,295
539,1572,600,1,292
540,1573,600,1,291
541,1572,600,1,294
542,1572,600,1,294
543,1572,600,1,295
544,1572,600,1,292
545,1573,600,1,294
546,1573,600,1,300
547,1572,600,1,296
548,1573,600,1,298
549,1572,600,1,292
550,1573,600,1,297
551,1572,600,1,293
552,1573,600,1,296
553,1572,600,1,294
554,1572,600,1,292
555,1572,600,1,292
556,1572,600,1,291
557,1573,600,1,288
558,1573,600,1,293
559,1573,600,1,295
560,1573,600,1,298
561,1573,600,1,293
562,1572,600,1,296
563,1572,600,1,292
564,1572,600,1,291
565,1573,600,1,290
566,1572,600,1,285
567,1573,600,1,287
568,1572,600,1,283
569,1573,600,1,285
570,1572,600,1,283
571,1572,600,1,285
572,1572,600,1,294
573,1572,600,1,285
574,1573,600,1,287
575,1572,600,1,288
576,1572,600,1,291
577,1572,600,1,290
578,1572,600,1,288
579,1573,600,1,283
580,1572,600,1,288
581,1572,600,1,288
582,1573,600,1,287
583,1572,600,1,291
584,1573,600,1,295
585,1573,600,1,292
586,1572,600,1,289
587,1572,600,1,292
588,1572,600,1,284
589,1572,600,1,291
590,1572,600,1,288
591,1572,600,1,289
592,1573,600,1,286
593,1572,600,1,293
594,1572,600,1,287
595,1572,600,1,290
596,1573,600,1,295
597,1573,600,1,295
598,1572,600,1,291
599,1572,600,1,299
600,1573,600,1,282
601,1573,601,1,268
602,1572,601,1,299
603,1572,600,1,293
604,1572,600,1,300
609,1572,599,1,291
610,1572,599,1,288
611,1573,599,1,267
612,1573,599,1,297
613,1573,599,1,295
614,1574,598,1,306
615,1574,597,1,311
616,1573,597,1,320
617,1573,598,1,311
618,1573,598,1,317
619,1573,599,1,308
620,1573,599,1,336
621,1574,599,1,335
627,1575,599,1,299
628,1574,599,1,284
629,1574,600,1,285
630,1575,600,1,278
631,1574,599,1,316
632,1573,600,1,310
633,1573,600,1,300
634,1573,600,1,308
639,1573,600,1,302
640,1573,599,1,289
641,1573,599,1,285
642,1573,599,1,283
643,1573,599,1,282
644,1573,599,1,276
645,1573,600,1,286
646,1573,599,1,294
647,1573,599,1,297
648,1573,600,1,288
649,1573,599,1,297
650,1573,600,1,290
651,1573,599,1,292
652,1572,599,1,291
653,1573,599,1,290
654,1572,599,1,286
655,1572,599,1,279
656,1572,599,1,287
657,1572,599,1,284
658,1573,600,1,280
659,1572,599,1,286
660,1572,600,1,283
661,1572,599,1,282
662,1572,599,1,282
663,1573,600,1,280
664,1572,599,1,288
665,1572,599,1,283
666,1573,600,1,287
667,1572,600,1,286
668,1573,600,1,288
669,1573,599,1,286
670,1573,599,1,282
671,1572,599,1,284
672,1573,599,1,280
673,1573,599,1,278
674,1573,599,1,282
675,1573,599,1,286
676,1572,599,1,287
677,1573,599,1,282
678,1572,599,1,286
679,1573,599,1,284
680,1573,600,1,289
681,1572,599,1,285
682,1573,599,1,282
683,1572,599,1,285
684,1572,599,1,286
685,1573,599,1,284
686,1572,599,1,285
687,1573,599,1,284
688,1573,600,1,288
689,1572,600,1,286
690,1573,600,1,282
691,1572,600,1,298
692,1573,600,1,291
693,1573,600,1,289
694,1572,600,1,288
695,1572,600,1,294
696,1572,600,1,298
697,1573,600,1,290
698,1573,600,1,293
699,1573,600,1,284
700,1573,600,1,281
701,1573,600,1,282
702,1572,600,1,289
703,1573,600,1,297
704,1572,600,1,291
705,1573,600,1,285
706,1572,600,1,287
707,1572,600,1,285
708,1573,600,1,280
709,1573,600,1,287
710,1573,600,1,266
711,1574,601,1,249
712,1574,601,1,243
713,1574,601,1,251
714,1574,600,1,250
715,1574,600,1,255
716,1574,600,1,258
717,1574,600,1,270
718,1575,600,1,243
719,1575,599,1,255
720,1575,600,1,242
721,1575,600,1,258
722,1575,599,1,252
723,1576,600,1,254
724,1575,600,1,250
725,1575,600,1,250
726,1575,600,1,245
727,1575,601,1,248
728,1577,600,1,252
729,1576,600,1,259
730,1575,600,1,255
731,1575,600,1,246
732,1575,600,1,227
733,1575,601,1,237
734,1575,600,1,239
735,1575,601,1,247
736,1575,600,1,233
737,1575,601,1,244
738,1575,601,1,249
739,1575,601,1,250
740,1575,601,1,252
741,1575,601,1,261
742,1574,600,1,286
743,1574,600,1,286
744,1574,599,1,275
745,1575,599,1,259
746,1576,599,1,248
747,1576,599,1,257
748,1577,600,1,251
749,1576,600,1,254
750,1576,599,1,254
751,1577,599,1,270
752,1575,599,1,247
753,1574,600,1,246
754,1573,600,1,246
755,1573,600,1,238
756,1573,600,1,260
757,1573,599,1,266
758,1573,600,1,254
759,1574,599,1,251
760,1573,600,1,267
761,1574,599,1,258
762,1573,600,1,274
763,1573,600,1,275
764,1573,599,1,289
765,1573,599,1,291
766,1572,599,1,290
767,1573,599,1,290
768,1573,599,1,284
769,1573,599,1,286
770,1573,599,1,298
771,1573,599,1,288
772,1573,599,1,285
773,1573,599,1,293
774,1573,599,1,291
775,1573,599,1,292
776,1572,599,1,297
777,1573,599,1,292
778,1573,599,1,296
779,1573,599,1,300
780,1573,599,1,295
781,1573,600,1,295
782,1573,600,1,295
783,1573,600,1,299
784,1573,600,1,299
785,1573,600,1,293
786,1573,600,1,294
787,1573,600,1,294
788,1573,600,1,290
789,1573,600,1,294
790,1573,600,1,290
791,1573,599,1,293
792,1573,600,1,287
793,1573,599,1,283
794,1573,599,1,293
795,1573,599,1,285
796,1573,599,1,285
797,1573,600,1,290
798,1573,600,1,293
799,1572,600,1,296
800,1573,599,1,289
801,1573,599,1,300
802,1573,600,1,297
803,1573,600,1,294
804,1573,599,1,284
805,1573,599,1,288
806,1573,599,1,286
807,1573,599,1,287
808,1573,600,1,288
809,1573,599,1,289
810,1573,599,1,293
811,1573,599,1,286
812,1573,600,1,287
813,1573,599,1,285
814,1573,599,1,286
815,1573,599,1,289
816,1573,599,1,282
817,1573,599,1,284
818,1573,599,1,282
819,1573,599,1,288
820,1573,599,1,287
821,1573,599,1,287
822,1573,599,1,290
823,1573,599,1,295
824,1573,599,1,285
825,1573,599,1,284
826,1573,600,1,280
827,1573,599,1,279
828,1573,599,1,294
829,1573,599,1,288
830,1573,599,1,285
831,1573,600,1,286
832,1573,600,1,284
833,1573,599,1,285
834,1572,599,1,282
835,1573,599,1,289
836,1573,599,1,289
837,1573,599,1,287
838,1572,599,1,292
839,1573,599,1,289
840,1573,599,1,294
841,1572,599,1,287
842,1573,599,1,303
843,1573,599,1,292
844,1573,599,1,286
845,1573,599,1,283
846,1573,599,1,282
847,1573,599,1,288
848,1573,599,1,290
849,1573,599,1,285
850,1573,600,1,287
851,1572,599,1,297
852,1573,599,1,283
853,1573,599,1,292
854,1573,600,1,289
855,1573,600,1,291
856,1573,600,1,285
857,1573,599,1,280
858,1574,600,1,281
859,1574,600,1,276
860,1574,600,1,257
861,1574,600,1,247
864,1574,600,1,84
865,1574,601,1,84
866,1574,600,1,62
867,1575,600,1,57
868,1575,600,1,46
869,1575,601,1,44
870,1575,601,1,39
871,1576,601,1,52
872,1575,601,1,68
873,1575,601,1,64
874,1575,600,1,56
877,1574,600,1,74
878,1575,600,1,73
879,1574,600,1,75
880,1574,600,1,77
881,1574,600,1,78
882,1574,599,1,82
883,1575,599,1,44
886,1573,599,1,281
887,1573,599,1,281
888,1573,600,1,269
889,1573,600,1,270
890,1573,599,1,262
891,1573,600,1,259
892,1573,599,1,274
893,1573,599,1,267
894,1573,599,1,271
895,1573,599,1,279
896,1573,599,1,290
897,1573,599,1,290
898,1573,599,1,301
899,1573,599,1,288
900,1573,600,1,284
901,1573,599,1,285
902,1573,599,1,286
903,1573,600,1,292
904,1573,599,1,296
905,1573,599,1,285
906,1573,600,1,289
907,1573,599,1,293
908,1573,599,1,289
909,1573,599,1,293
910,1573,599,1,287
911,1573,599,1,286
912,1573,599,1,286
913,1572,599,1,287
914,1573,599,1,292
915,1573,600,1,296
916,1573,600,1,294
917,1573,600,1,286
918,1573,600,1,273
919,1574,599,1,269
920,1574,599,1,258
921,1575,599,1,264
922,1574,598,1,302
923,1575,597,1,262
924,1574,598,1,278
925,1576,598,1,280
949,1575,596,1,316
951,1573,596,1,344
952,1573,597,1,338
956,1573,598,1,300
957,1573,598,1,314
958,1573,598,1,306
959,1573,599,1,309
960,1573,599,1,296
961,1573,599,1,293
962,1573,599,1,293
963,1573,599,1,283
964,1573,599,1,281
965,1573,599,1,280
966,1573,599,1,277
967,1573,599,1,297
968,1573,599,1,299
971,1573,599,1,281
972,1573,599,1,73
973,1573,599,1,79
976,1573,600,1,312
977,1573,600,1,298
978,1573,599,1,286
979,1573,599,1,291
980,1573,599,1,270
981,1573,599,1,292
982,1573,599,1,283
983,1573,599,1,285
984,1573,599,1,299
985,1572,599,1,318
986,1572,599,1,328
987,1572,599,1,298
988,1572,599,1,299
989,1573,600,1,288
990,1573,599,1,313
991,1573,600,1,308
995,1571,598,1,244
996,1571,598,1,255
997,1570,599,1,264
998,1570,598,1,272
999,1571,599,1,303
1000,1572,599,1,300
1001,1572,599,1,293
1002,1572,599,1,291
1003,1572,599,1,296
1004,1573,599,1,283
1005,1573,599,1,286
1006,1573,599,1,297
1007,1573,599,1,296
1008,1572,599,1,281
1009,1572,599,1,280
1010,1571,598,1,280
1013,1566,598,1,359
1016,1573,600,1,298
1017,1573,600,1,291
1018,1572,600,1,293
1021,1572,598,1,325
1022,1572,598,1,329
1023,1572,598,1,2
1024,1572,598,1,341
1025,1573,598,1,348
1026,1573,598,1,8
1027,1573,597,1,16
1028,1573,598,1,12
1029,1573,598,1,2
1030,1573,598,1,10
1033,1573,599,1,290
1034,1573,599,1,311
1035,1573,599,1,285
1036,1573,599,1,287
1037,1573,600,1,287
1038,1573,600,1,288
1039,1574,600,1,277
1040,1574,600,1,277
1041,1574,600,1,278
1042,1574,600,1,283
1043,1574,599,1,282
1044,1574,599,1,275
1045,1575,599,1,272
1046,1574,600,1,258
1047,1574,600,1,250
1048,1575,599,1,273
1049,1575,599,1,268
1057,1573,601,1,338
1059,1577,598,1,38
1060,1577,598,1,18
1065,1577,598,1,45
1066,1575,598,1,84
1067,1574,599,1,276
1068,1574,599,1,80
1075,1575,599,1,285
1076,1574,600,1,280
1077,1573,599,1,301
1078,1573,599,1,284
1079,1573,600,1,284
1080,1573,600,1,277
1081,1573,599,1,285
1082,1573,600,1,288
1083,1573,600,1,279
1084,1573,599,1,289
1085,1573,600,1,293
1089,1572,599,1,282
1090,1572,599,1,292
1091,1573,599,1,303
1092,1573,599,1,299
1093,1573,599,1,298
1094,1573,599,1,292
1095,1573,599,1,293
1096,1573,600,1,295
1097,1573,599,1,295
1098,1573,599,1,298
1099,1573,599,1,300
1100,1573,599,1,311
1101,1573,599,1,301
1102,1573,600,1,302
1103,1573,599,1,284
1104,1573,599,1,264
1105,1575,601,1,242
1112,1570,601,1,321
1113,1572,599,1,326
1114,1573,599,1,300
1115,1573,600,1,282
1116,1573,599,1,284
1117,1573,599,1,296
1118,1573,599,1,287
1119,1573,599,1,290
1120,1573,599,1,288
1121,1573,599,1,290
1122,1573,599,1,298
1123,1573,599,1,280
1124,1573,599,1,279
1125,1573,599,1,291
1126,1573,599,1,291
1127,1573,599,1,299
1128,1573,599,1,278
1129,1573,599,1,293
1130,1573,599,1,284
1131,1573,599,1,294
1132,1573,599,1,301
1133,1573,599,1,281
1134,1573,599,1,273
1135,1573,599,1,310
1136,1573,599,1,284
1137,1572,599,1,294
1138,1573,599,1,293
1139,1573,599,1,294
1140,1573,599,1,288
1141,1573,599,1,278
1142,1574,600,1,261
1146,1573,600,1,278
1147,1573,599,1,278
1148,1573,599,1,279
1149,1573,599,1,273
1150,1573,599,1,243
1151,1573,599,1,265
1152,1573,599,1,271
1153,1573,599,1,272
1154,1573,599,1,272
1155,1573,599,1,277
1156,1573,599,1,279
1157,1573,599,1,273
1158,1573,599,1,277
1159,1573,599,1,284
1160,1573,599,1,285
1161,1573,599,1,252
1162,1573,599,1,280
1163,1573,599,1,281
1164,1573,599,1,277
1165,1573,599,1,280
1166,1573,599,1,282
1167,1573,599,1,285
1168,1573,599,1,281
1169,1573,599,1,276
1170,1573,599,1,271
1171,1573,599,1,275
1172,1573,599,1,280
1173,1573,599,1,292
1174,1573,599,1,286
1175,1573,599,1,287
1176,1573,599,1,277
1177,1573,599,1,279
1178,1573,599,1,275
1179,1573,599,1,282
1180,1573,599,1,279
1181,1573,599,1,277
1182,1573,599,1,284
1183,1573,599,1,285
1184,1573,599,1,281
1185,1573,599,1,282
1186,1573,599,1,272
1187,1573,599,1,272
1188,1573,599,1,285
1189,1573,599,1,285
1190,1573,599,1,282
1191,1573,599,1,270
1192,1573,599,1,276
1193,1573,599,1,273
1194,1573,599,1,278
1195,1573,599,1,277
1196,1573,599,1,281
1197,1573,599,1,272
1198,1573,599,1,277
1199,1573,599,1,274
1200,1573,599,1,283
1201,1573,599,1,284
1202,1573,599,1,279
1203,1573,599,1,285
1204,1573,599,1,286
1205,1573,600,1,292
1206,1573,600,1,287
1207,1573,600,1,284
1208,1573,599,1,292
1209,1573,600,1,291
1210,1572,599,1,285
1211,1572,599,1,298
1214,1573,598,1,344
1215,1574,597,1,23
1216,1573,597,1,14
1217,1573,595,1,11
1218,1574,595,1,23
1219,1573,595,1,16
1221,1575,595,1,12
1224,1574,596,1,355
1225,1573,597,1,357
1226,1573,597,1,0
1227,1574,597,1,352
1228,1574,597,1,344
1229,1574,597,1,349
1230,1574,597,1,355
1231,1574,596,1,349
1232,1573,596,1,314
1233,1575,596,1,346
1234,1575,595,1,351
1235,1574,596,1,327
1236,1575,597,1,326
1237,1575,598,1,304
1240,1574,599,1,83
1241,1574,600,1,274
1242,1574,599,1,90
1243,1573,599,1,284
1244,1573,600,1,286
1245,1573,599,1,276
1246,1573,600,1,89
1247,1573,600,1,287
1248,1573,600,1,86
1251,1573,600,1,297
1252,1573,600,1,307
1253,1573,600,1,281
1254,1573,600,1,281
1255,1573,599,1,307
1256,1573,599,1,307
1257,1573,598,1,327
1258,1573,599,1,354
1262,1573,599,1,75
1263,1573,599,1,85
1264,1573,600,1,276
1268,1573,600,1,85
1269,1573,600,1,289
1270,1573,600,1,293
1271,1573,600,1,291
1272,1572,599,1,271
1275,1573,597,1,28
1276,1572,597,1,19
1277,1572,597,1,21
1278,1572,596,1,28
1279,1571,596,1,29
1280,1571,596,1,26
1281,1572,596,1,14
1282,1572,596,1,4
1284,1572,596,1,9
1285,1573,596,1,11
1286,1573,597,1,350
1289,1574,598,1,13
1290,1574,598,1,350
1291,1573,598,1,338
1292,1573,599,1,328
1293,1573,598,1,337
1294,1574,597,1,340
1295,1574,598,1,315
1296,1573,600,1,278
1297,1573,600,1,286
1298,1573,599,1,280
1299,1573,600,1,281
1300,1573,600,1,283
1301,1574,600,1,255
1302,1573,599,1,264
1303,1573,599,1,268
1304,1574,599,1,254
1305,1573,599,1,254
1306,1573,599,1,284
1307,1573,599,1,273
1308,1573,599,1,283
1309,1573,600,1,289
1310,1573,599,1,277
1311,1573,599,1,267
1312,1573,599,1,273
1313,1573,599,1,275
1314,1573,599,1,275
1315,1573,599,1,276
1316,1573,599,1,290
1317,1573,599,1,288
1318,1573,599,1,277
1319,1573,599,1,282
1320,1573,599,1,305
1321,1573,599,1,296
1322,1573,600,1,297
1323,1573,599,1,289
1324,1572,599,1,307
1325,1572,599,1,314
1326,1572,599,1,340
1327,1572,599,1,330
1328,1572,598,1,332
1329,1572,599,1,316
1330,1572,599,1,301
1331,1573,599,1,287
1332,1573,599,1,299
1333,1573,599,1,304
1334,1573,600,1,295
1335,1573,600,1,279
1336,1573,599,1,283
1340,1572,596,1,11
1341,1572,595,1,20
1342,1573,595,1,9
1343,1573,595,1,0
1344,1572,596,1,356
1345,1572,596,1,351
1347,1573,597,1,345
1348,1574,597,1,350
1349,1573,598,1,334
1350,1573,599,1,323
1351,1573,599,1,310
1352,1573,599,1,297
1353,1573,600,1,301
1354,1573,599,1,273
1355,1573,599,1,283
1356,1573,599,1,289
1357,1574,599,1,294
1358,1573,599,1,290
1361,1573,598,1,311
1362,1574,598,1,304
1363,1573,599,1,278
1364,1573,599,1,288
1365,1573,599,1,283
1366,1573,599,1,283
1367,1573,599,1,264
1368,1573,599,1,260
1369,1573,599,1,282
1370,1573,599,1,292
1371,1573,599,1,283
1372,1573,599,1,283
1373,1573,599,1,293
1374,1573,599,1,288
1375,1573,599,1,287
1376,1573,599,1,286
1377,1573,599,1,286
1378,1573,599,1,287
1379,1573,599,1,282
1380,1573,599,1,278
1381,1573,599,1,288
1382,1573,599,1,287
1383,1573,599,1,282
1384,1573,599,1,289
1385,1573,599,1,296
1386,1573,599,1,292
1387,1573,599,1,293
1388,1573,599,1,296
1389,1573,599,1,286
1390,1573,599,1,293
1391,1573,599,1,291
1392,1573,600,1,290
1393,1573,600,1,288
1394,1573,600,1,290
1395,1573,599,1,289
1396,1573,600,1,293
1397,1573,600,1,287
1398,1573,600,1,293
1399,1573,600,1,269
1400,1573,600,1,269
1401,1574,600,1,255
1404,1572,600,1,252
1405,1572,600,1,289
1406,1572,600,1,279
1407,1573,600,1,278
1408,1572,600,1,274
1409,1572,600,1,288
1410,1572,600,1,286
1411,1573,600,1,289
1412,1573,600,1,286
1413,1573,600,1,291
1414,1573,600,1,285
1415,1573,600,1,291
1416,1573,600,1,291
1417,1573,599,1,282
1418,1573,599,1,283
1419,1573,599,1,284
1420,1573,599,1,285
1421,1573,599,1,285
1422,1573,599,1,289
1423,1573,599,1,289
1424,1573,599,1,287
1425,1573,599,1,293
1426,1573,600,1,290
1427,1573,600,1,294
1428,1573,600,1,296
1429,1573,600,1,283
1430,1573,600,1,281
1431,1573,600,1,287
1432,1573,599,1,290
1433,1573,600,1,291
1434,1573,600,1,293
1435,1573,600,1,292
1436,1573,600,1,287
1437,1573,600,1,288
1438,1573,600,1,287
1439,1573,600,1,283
1440,1573,600,1,287
1441,1573,600,1,285
1442,1573,600,1,293
1443,1573,600,1,292
1444,1573,600,1,286
1445,1573,600,1,289
1446,1573,599,1,284
1447,1573,600,1,289
1448,1573,599,1,296
1449,1573,600,1,290
1450,1573,599,1,289
1451,1573,599,1,285
1452,1573,599,1,281
1453,1573,599,1,285
1454,1573,599,1,281
1455,1573,599,1,278
1456,1573,599,1,286
1457,1573,599,1,288
1458,1573,600,1,293
1459,1573,600,1,287
1460,1573,600,1,285
1461,1573,599,1,293
1462,1573,599,1,291
1463,1573,599,1,292
1464,1573,599,1,288
1465,1573,599,1,283
1466,1573,599,1,288
1467,1573,599,1,290
1468,1573,600,1,292
1469,1573,600,1,289
1470,1573,600,1,290
1471,1573,600,1,286
1472,1573,600,1,283
1473,1573,600,1,284
1474,1573,600,1,283
1475,1573,600,1,291
1476,1573,600,1,291
1477,1573,599,1,290
1478,1573,600,1,291
1479,1573,599,1,287
1480,1573,600,1,287
1481,1573,600,1,287
1482,1573,600,1,287
1483,1573,600,1,286
1484,1573,600,1,287
1485,1573,600,1,286
1486,1573,600,1,291
1487,1573,600,1,291
1488,1573,600,1,291
1489,1573,599,1,282
1490,1573,599,1,287
1491,1573,599,1,276
1492,1573,599,1,282
1493,1573,599,1,275
1494,1573,599,1,272
1495,1573,600,1,272
1496,1573,600,1,283
1497,1573,600,1,277
1498,1573,600,1,278
1499,1573,600,1,273
1500,1573,600,1,272
1501,1573,600,1,276
1502,1573,600,1,287
1503,1573,600,1,298
1504,1573,600,1,276
1505,1573,600,1,282
1506,1573,600,1,293
1509,1574,600,1,74
1510,1574,600,1,278
1514,1573,600,1,319
1517,1573,600,1,55
1518,1574,601,1,53
1519,1574,601,1,55
1520,1574,601,1,44
1521,1573,601,1,36
1522,1573,600,1,34
1525,1573,600,1,87
1526,1573,600,1,84
1527,1573,600,1,77
1531,1573,600,1,79
1532,1574,600,1,88
1533,1574,600,1,67
1534,1575,601,1,55
1535,1575,600,1,54
1536,1574,600,1,81
1537,1574,600,1,74
1538,1574,600,1,81
1541,1574,601,1,44
1542,1573,600,1,9
1543,1573,598,1,12
1544,1573,596,1,21
1545,1573,597,1,346
1546,1572,598,1,2
1547,1574,597,1,354
1550,1573,599,1,259
1551,1573,599,1,260
1552,1573,599,1,271
1553,1573,599,1,267
1554,1573,600,1,283
1555,1573,600,1,281
1556,1573,600,1,285
1557,1573,599,1,274
1558,1573,599,1,288
1559,1573,599,1,293
1560,1573,600,1,289
1561,1573,600,1,286
1562,1573,600,1,278
1563,1573,600,1,287
1564,1573,600,1,287
1565,1573,600,1,287
1566,1573,600,1,286
1567,1573,600,1,289
1568,1573,600,1,283
1569,1573,600,1,285
1570,1573,600,1,283
1571,1573,600,1,283
1572,1573,600,1,283
1573,1573,600,1,285
1574,1573,600,1,285
1575,1573,600,1,283
1576,1573,600,1,283
1577,1573,600,1,281
1578,1573,600,1,288
1579,1572,600,1,293
1580,1572,600,1,292
1581,1572,600,1,291
1582,1573,600,1,283
1583,1573,600,1,286
1584,1573,599,1,277
1585,1573,599,1,278
1586,1573,599,1,273
1587,1573,599,1,273
1588,1573,600,1,284
1589,1573,600,1,284
1590,1573,600,1,282
1591,1573,600,1,282
1592,1573,600,1,284
1593,1573,600,1,283
1594,1573,600,1,287
1595,1573,600,1,285
1596,1573,600,1,283
1597,1573,600,1,289
1598,1573,600,1,291
1599,1573,600,1,293
1600,1572,600,1,292
1601,1572,600,1,295
1602,1572,600,1,292
1603,1573,600,1,285
1604,1573,600,1,286
1605,1572,600,1,293
1606,1573,600,1,286
1607,1573,600,1,285
1608,1573,600,1,287
1609,1573,600,1,287
1610,1573,600,1,283
1611,1573,600,1,284
1612,1573,600,1,283
1613,1573,600,1,284
1614,1573,600,1,284
1615,1573,600,1,285
1616,1573,600,1,284
1617,1573,600,1,282
1618,1573,600,1,284
1619,1573,600,1,284
1620,1573,600,1,285
1621,1573,600,1,284
1622,1573,600,1,287
1623,1573,600,1,289
1624,1573,600,1,283
1625,1573,600,1,291
1626,1573,600,1,284
1627,1573,600,1,286
1628,1573,600,1,287
1629,1573,600,1,285
1630,1573,600,1,290
1631,1573,600,1,291
1632,1573,600,1,289
1633,1573,600,1,290
1634,1573,600,1,292
1635,1573,600,1,292
1636,1573,600,1,288
1637,1573,600,1,283
1638,1573,600,1,283
1639,1573,600,1,285
1640,1573,600,1,289
1641,1573,600,1,284
1642,1573,600,1,285
1643,1573,600,1,288
1644,1573,600,1,290
1645,1573,600,1,290
1646,1573,600,1,290
1647,1573,600,1,292
1648,1573,600,1,291
1649,1573,600,1,289
1650,1573,600,1,287
1651,1573,600,1,292
1652,1573,600,1,291
1653,1573,600,1,286
1654,1573,600,1,287
1655,1573,600,1,290
1656,1573,600,1,291
1657,1573,600,1,284
1658,1573,600,1,289
1659,1573,600,1,285
1660,1573,600,1,285
1661,1573,600,1,285
1662,1573,600,1,288
1663,1573,600,1,283
1664,1573,600,1,286
1665,1573,600,1,289
1666,1573,600,1,284
1667,1573,600,1,291
1668,1573,600,1,295
1669,1573,600,1,293
1670,1573,600,1,288
1671,1573,600,1,292
1672,1573,600,1,292
1673,1573,600,1,293
1674,1573,600,1,284
1675,1573,600,1,281
1676,1573,599,1,267
1677,1573,600,1,256
1678,1573,599,1,276
1679,1573,599,1,275
1680,1573,599,1,274
1681,1573,599,1,277
1682,1573,599,1,279
1683,1573,599,1,285
1684,1573,600,1,286
1685,1573,600,1,290
1686,1573,600,1,289
1687,1573,600,1,290
1688,1573,600,1,293
1689,1573,600,1,293
1690,1573,600,1,289
1691,1573,600,1,292
1692,1573,600,1,293
1693,1573,600,1,292
1694,1573,600,1,291
1695,1573,600,1,292
1696,1573,600,1,295
1697,1573,600,1,295
1698,1573,600,1,299
1699,1573,600,1,296
1700,1573,600,1,295
1701,1573,600,1,287
1702,1573,599,1,287
1703,1573,600,1,284
1704,1573,600,1,284
1705,1573,599,1,274
1706,1573,599,1,279
1707,1573,600,1,283
1708,1573,600,1,291
1709,1573,600,1,293
1710,1572,600,1,289
1711,1572,600,1,287
1712,1573,600,1,290
1713,1573,600,1,289
1714,1573,600,1,288
1715,1573,600,1,283
1716,1573,600,1,285
1717,1573,600,1,292
1718,1573,600,1,283
1719,1573,600,1,291
1720,1573,600,1,289
1721,1573,600,1,294
1722,1573,600,1,291
1723,1572,600,1,296
1724,1573,600,1,292
1725,1572,600,1,293
1726,1573,600,1,284
1727,1573,600,1,292
1728,1573,600,1,289
1729,1573,600,1,289
1730,1573,600,1,290
1731,1573,600,1,293
1732,1573,600,1,290
1733,1573,600,1,292
1734,1573,600,1,287
1735,1573,600,1,291
1736,1573,600,1,287
1737,1573,600,1,292
1738,1573,600,1,290
1739,1573,600,1,291
1740,1573,600,1,287
1741,1573,600,1,287
1742,1573,600,1,288
1743,1573,600,1,293
1744,1573,600,1,289
1745,1573,600,1,288
1746,1573,600,1,292
1747,1573,600,1,293
1748,1573,600,1,290
1749,1573,600,1,289
1750,1573,600,1,291
1751,1573,600,1,285
1752,1573,600,1,286
1753,1573,600,1,282
1754,1573,600,1,283
1755,1573,600,1,286
1756,1573,600,1,285
1757,1573,600,1,285
1758,1573,600,1,281
1759,1573,600,1,284
1760,1573,600,1,283
1761,1573,600,1,290
1762,1573,600,1,285
1763,1573,600,1,285
1764,1573,600,1,287
1765,1573,600,1,299
1766,1573,600,1,324
1767,1573,600,1,298
1768,1573,598,1,288
1769,1574,599,1,279
1770,1574,600,1,279
1771,1573,600,1,275
1772,1573,600,1,293
1773,1573,600,1,280
1774,1573,600,1,276
1775,1573,600,1,289
1776,1573,600,1,289
1777,1573,600,1,294
1778,1573,600,1,293
1779,1573,600,1,292
1780,1573,600,1,289
1781,1573,600,1,292
1782,1573,600,1,292
1783,1573,600,1,292
1784,1573,600,1,290
1785,1573,600,1,298
1786,1573,600,1,303
1787,1572,600,1,296
1788,1572,600,1,293
1789,1573,600,1,296
1790,1573,600,1,298
1791,1573,600,1,285
1792,1573,599,1,284
1793,1573,599,1,284
1794,1573,599,1,273
1795,1573,599,1,278
1796,1573,599,1,288
1797,1573,599,1,284
1798,1573,600,1,292
1799,1573,600,1,287
1800,1573,600,1,290
1801,1573,600,1,287
1802,1573,600,1,287
1803,1573,600,1,283
1804,1573,600,1,287
1805,1573,600,1,291
1806,1573,600,1,284
1807,1573,600,1,283
1808,1573,600,1,283
1809,1573,600,1,284
1810,1573,600,1,283
1811,1573,600,1,284
1812,1573,600,1,281
1813,1573,600,1,283
1814,1573,600,1,285
1815,1573,600,1,285
1816,1573,600,1,285
1817,1573,600,1,284
1818,1573,600,1,285
1819,1573,600,1,284
1820,1573,600,1,285
1821,1573,600,1,285
1822,1573,600,1,282
1823,1573,600,1,285
1824,1573,600,1,278
1825,1573,600,1,283
1826,1573,600,1,283
1827,1573,600,1,280
1828,1573,600,1,283
1829,1573,600,1,286
1830,1573,600,1,284
1831,1573,600,1,286
1832,1573,600,1,287
1833,1573,600,1,287
1834,1573,600,1,286
1835,1573,600,1,286
1836,1573,600,1,285
1837,1573,600,1,291
1838,1573,600,1,284
1839,1573,600,1,284
1840,1573,600,1,287
1841,1573,600,1,290
1842,1573,599,1,287
1843,1573,600,1,287
1844,1573,600,1,288
1845,1573,600,1,293
1846,1573,600,1,292
1847,1573,600,1,290
1848,1573,600,1,287
1849,1573,600,1,288
1850,1573,600,1,285
1851,1573,600,1,285
1852,1573,600,1,284
1853,1573,600,1,293
1854,1573,600,1,295
1855,1573,600,1,292
1856,1573,600,1,288
1857,1573,600,1,293
1858,1573,600,1,288
1859,1573,600,1,290
1860,1573,600,1,282
1861,1573,600,1,290
1862,1573,600,1,286
1863,1573,600,1,284
1864,1573,600,1,286
1865,1573,600,1,285
1866,1573,600,1,284
1867,1573,600,1,284
1868,1573,600,1,285
1869,1573,600,1,292
1870,1573,600,1,290
1871,1573,600,1,286
1872,1573,600,1,284
1873,1573,600,1,284
1874,1573,600,1,280
1875,1573,600,1,285
1876,1573,600,1,281
1877,1573,600,1,285
1878,1573,600,1,291
1879,1573,599,1,283
1880,1573,599,1,278
1881,1573,599,1,280
1882,1573,599,1,279
1883,1573,600,1,287
1884,1573,600,1,285
1885,1573,600,1,285
1886,1573,600,1,289
1887,1573,600,1,285
1888,1573,600,1,285
1889,1573,600,1,285
1890,1573,600,1,282
1891,1573,600,1,286
1892,1573,600,1,283
1893,1573,600,1,283
1894,1573,600,1,285
1895,1573,600,1,285
1896,1573,600,1,285
1897,1573,600,1,279
1898,1573,600,1,283
1899,1573,600,1,284
1900,1573,600,1,281
1901,1573,600,1,287
1902,1573,600,1,283
1903,1573,600,1,285
1904,1573,599,1,287
1905,1573,599,1,288
1906,1573,599,1,286
1907,1573,599,1,283
1908,1573,599,1,281
1909,1573,599,1,283
1910,1573,599,1,283
1911,1573,600,1,287
1912,1573,600,1,284
1913,1573,600,1,293
1914,1573,600,1,290
1915,1572,600,1,289
1916,1573,600,1,287
1917,1573,600,1,286
1918,1573,600,1,289
1919,1573,600,1,292
1920,1573,600,1,287
1921,1573,600,1,291
1922,1573,600,1,294
1923,1573,600,1,291
1924,1573,600,1,292
1925,1573,600,1,292
1926,1573,600,1,292
1927,1573,600,1,291
1928,1573,600,1,284
1929,1573,600,1,284
1930,1573,600,1,284
1931,1573,600,1,289
1932,1573,600,1,285
1933,1573,600,1,289
1934,1573,600,1,289
1935,1573,600,1,287
1936,1573,600,1,290
1937,1573,600,1,288
1938,1573,600,1,291
1939,1573,600,1,286
1940,1573,600,1,286
1941,1573,600,1,285
1942,1573,600,1,283
1943,1573,600,1,283
1944,1573,600,1,283
1945,1573,600,1,282
1946,1573,600,1,288
1947,1573,600,1,282
1948,1573,600,1,283
1949,1573,600,1,287
1950,1573,599,1,278
1951,1573,599,1,286
1952,1573,599,1,283
1953,1573,599,1,296
1954,1573,600,1,287
1955,1573,600,1,288
1956,1573,600,1,288
1957,1573,600,1,288
1958,1573,600,1,284
1959,1573,600,1,282
1960,1573,600,1,291
1961,1573,600,1,291
1962,1573,600,1,291
1963,1573,600,1,283
1964,1573,600,1,285
1965,1573,600,1,288
1966,1573,600,1,289
1967,1573,600,1,292
1968,1573,600,1,289
1969,1573,600,1,288
1970,1573,600,1,283
1971,1573,599,1,296
1972,1573,600,1,310
1976,1573,597,1,333
1979,1574,598,1,310
1980,1573,599,1,277
1981,1573,599,1,271
1982,1573,599,1,285
1983,1573,599,1,272
1984,1573,599,1,282
1985,1573,599,1,277
1986,1573,599,1,283
1987,1573,599,1,289
1988,1573,599,1,290
1989,1573,599,1,284
1990,1573,599,1,293
1991,1573,599,1,290
1992,1573,600,1,292
1993,1573,599,1,283
1994,1573,599,1,283
1995,1573,599,1,273
1996,1573,599,1,276
1997,1573,599,1,276
1998,1573,599,1,286
1999,1573,599,1,286
2000,1573,599,1,286
2001,1573,599,1,289
2002,1573,600,1,292
2003,1573,600,1,284
2004,1573,600,1,281
2005,1573,600,1,284
2006,1573,600,1,283
2007,1573,600,1,291
2008,1573,600,1,291
2009,1573,600,1,287
2010,1573,600,1,291
2011,1573,600,1,287
2012,1573,600,1,287
2013,1573,600,1,291
2014,1573,600,1,287
2015,1573,600,1,291
2016,1573,600,1,291
2017,1573,600,1,287
2018,1573,600,1,287
2019,1573,600,1,287
2020,1573,600,1,291
2021,1573,600,1,291
2022,1573,600,1,287
2023,1573,599,1,285
2024,1573,599,1,283
2025,1573,599,1,287
2026,1573,599,1,283
2027,1573,599,1,286
2028,1573,599,1,281
2029,1573,599,1,276
2030,1573,599,1,273
2031,1573,599,1,283
2032,1573,599,1,287
2033,1573,600,1,288
2034,1573,600,1,283
2035,1573,600,1,283
2036,1573,600,1,287
2037,1573,600,1,285
2038,1573,599,1,283
2039,1573,600,1,294
2040,1573,600,1,289
2041,1573,600,1,293
2042,1572,600,1,297
2043,1573,600,1,295
2044,1572,600,1,296
2045,1572,600,1,292
2046,1573,600,1,282
2047,1572,600,1,287
2048,1572,600,1,287
2049,1572,600,1,282
2050,1572,600,1,284
2051,1573,600,1,288
2052,1573,600,1,274
2053,1573,600,1,272
2054,1574,600,1,264
2055,1574,600,1,262
2056,1575,600,1,250
2057,1575,600,1,243
2058,1575,600,1,243
2059,1575,600,1,248
2060,1574,601,1,238
2061,1574,601,1,240
2062,1573,601,1,264
2063,1573,600,1,271
2064,1573,600,1,268
2065,1573,600,1,268
2066,1573,600,1,263
2067,1573,601,1,272
2068,1573,600,1,242
2069,1573,600,1,254
2070,1573,599,1,279
2071,1573,599,1,275
2072,1573,599,1,275
2073,1573,600,1,277
2074,1573,600,1,281
2075,1573,600,1,268
2076,1573,600,1,282
2077,1573,600,1,286
2078,1573,600,1,282
2079,1573,600,1,282
2080,1573,600,1,281
2083,1571,599,1,288
2084,1572,598,1,258
2085,1572,599,1,271
2086,1572,600,1,283
2087,1572,600,1,262
2088,1571,600,1,269
2089,1572,600,1,299
2090,1573,601,1,308
2091,1573,601,1,305
2092,1573,600,1,300
2093,1573,600,1,289
2094,1573,599,1,296
2095,1573,600,1,300
2096,1573,600,1,321
2097,1573,600,1,302
2098,1574,600,1,275
2099,1573,600,1,300
2100,1573,600,1,286
2101,1573,600,1,277
2102,1573,599,1,284
2103,1573,599,1,259
2104,1572,599,1,295
2105,1572,599,1,297
2106,1573,599,1,275
2107,1573,600,1,286
2108,1573,600,1,285
2109,1573,600,1,283
2110,1573,599,1,276
2111,1573,599,1,269
2112,1573,599,1,286
2113,1573,599,1,281
2114,1573,599,1,298
2115,1573,599,1,282
2116,1573,600,1,290
2117,1573,600,1,289
2118,1573,600,1,289
2119,1573,600,1,289
2120,1573,599,1,289
2121,1573,600,1,293
2122,1573,600,1,289
2123,1573,600,1,289
2124,1573,600,1,292
2125,1573,600,1,292
2126,1573,600,1,288
2127,1573,599,1,289
2128,1573,600,1,285
2129,1573,600,1,285
2130,1573,600,1,286
2131,1573,600,1,285
2132,1573,600,1,283
2133,1573,599,1,289
2134,1573,600,1,292
2135,1573,599,1,293
2136,1573,599,1,289
2137,1573,599,1,290
2138,1573,599,1,289
2139,1573,599,1,284
2140,1573,599,1,289
2141,1573,600,1,288
2142,1573,600,1,280
2143,1573,600,1,283
2144,1573,599,1,286
2145,1573,599,1,287
2146,1573,599,1,289
2147,1573,599,1,289
2148,1573,599,1,283
2149,1573,599,1,288
2150,1573,599,1,289
2151,1573,599,1,287
2152,1573,599,1,289
2153,1573,600,1,289
2154,1573,600,1,283
2155,1573,600,1,280
2156,1573,600,1,274
2157,1573,600,1,284
2158,1573,600,1,286
2159,1573,600,1,287
2160,1573,600,1,292
2161,1573,600,1,292
2162,1573,600,1,289
2163,1573,600,1,284
2164,1573,600,1,279
2165,1573,600,1,287
2166,1573,600,1,283
2167,1573,600,1,288
2168,1573,600,1,285
2169,1573,600,1,289
2170,1573,600,1,285
2171,1573,600,1,283
2172,1573,600,1,289
2173,1573,600,1,284
2174,1573,599,1,259
2175,1573,600,1,246
2176,1573,600,1,244
2177,1573,600,1,241
2178,1574,601,1,209
2179,1573,601,1,216
2180,1574,602,1,222
2183,1574,602,1,334
2184,1573,601,1,315
2185,1573,601,1,321
2186,1573,601,1,303
2187,1573,601,1,302
2188,1573,600,1,296
2189,1573,600,1,275
2190,1573,599,1,270
2191,1573,599,1,260
2192,1573,599,1,280
2193,1573,599,1,280
2194,1573,599,1,293
2195,1573,599,1,291
2196,1573,600,1,300
2197,1573,600,1,290
2198,1573,600,1,289
2199,1573,600,1,285
2200,1573,600,1,286
2201,1573,600,1,293
2202,1573,600,1,296
2203,1573,600,1,284
2204,1573,600,1,286
2205,1573,599,1,272
2206,1573,599,1,265
2207,1573,599,1,278
2210,1574,600,1,59
2211,1573,600,1,58
2212,1573,600,1,83
2213,1573,600,1,84
2214,1573,600,1,88
2215,1573,600,1,86
2218,1573,600,1,319
2219,1573,601,1,345
2220,1573,601,1,323
2221,1573,602,1,333
2223,1574,605,1,0
2224,1573,603,1,338
2225,1573,601,1,316
2226,1573,600,1,314
2229,1573,600,1,270
2230,1573,600,1,270
2231,1573,600,1,275
2232,1573,599,1,268
2233,1573,600,1,280
2234,1573,600,1,286
2235,1573,600,1,287
2236,1573,600,1,278
2237,1573,600,1,284
2238,1573,600,1,284
2239,1573,600,1,292
2240,1573,600,1,291
2241,1573,600,1,283
2242,1573,600,1,291
2243,1573,600,1,285
2244,1573,600,1,282
2245,1573,600,1,285
2246,1573,600,1,285
2247,1573,600,1,283
2248,1573,600,1,284
2249,1573,600,1,291
2250,1573,600,1,287
2251,1573,600,1,284
2252,1573,599,1,284
2253,1573,599,1,288
2254,1573,599,1,283
2255,1573,599,1,287
2256,1573,599,1,287
2257,1573,600,1,287
2258,1573,600,1,291
2259,1573,600,1,280
2260,1573,600,1,288
2261,1573,599,1,272
2262,1573,599,1,295
2265,1573,599,1,251
2266,1573,599,1,267
2267,1573,600,1,274
2268,1573,600,1,279
2269,1573,600,1,287
2270,1572,600,1,294
2271,1572,601,1,292
2272,1573,601,1,283
2273,1572,600,1,288
2274,1572,600,1,285
2275,1573,601,1,290
2276,1573,600,1,293
2277,1572,600,1,294
2278,1572,600,1,288
2279,1573,600,1,284
2280,1572,600,1,291
2281,1573,600,1,294
2282,1572,600,1,293
2283,1572,600,1,287
2284,1572,600,1,287
2285,1572,600,1,294
2286,1572,600,1,287
2287,1572,600,1,289
2288,1572,600,1,291
2289,1573,600,1,293
2290,1572,600,1,292
2291,1573,600,1,285
2292,1572,600,1,291
2293,1572,600,1,290
2294,1572,600,1,290
2295,1572,599,1,286
2296,1573,600,1,285
2297,1573,599,1,286
2298,1573,599,1,284
2299,1573,599,1,290
2300,1573,600,1,283
2301,1573,600,1,282
2302,1573,600,1,279
2303,1573,600,1,282
2304,1573,600,1,283
2305,1573,600,1,288
2306,1573,600,1,290
2307,1572,600,1,290
2308,1573,600,1,288
2309,1572,600,1,289
2310,1573,600,1,284
2311,1573,600,1,288
2312,1573,600,1,282
2313,1573,600,1,287
2314,1573,600,1,279
2315,1573,600,1,277
2316,1572,600,1,279
2317,1573,600,1,281
2318,1573,600,1,283
2319,1573,600,1,282
2320,1573,599,1,284
2321,1573,600,1,282
2322,1573,600,1,285
2323,1573,599,1,289
2324,1573,599,1,280
2325,1573,599,1,280
2326,1573,599,1,281
2327,1573,599,1,283
2328,1572,600,1,287
2329,1573,600,1,282
2330,1573,600,1,281
2331,1573,600,1,284
2332,1573,599,1,283
2333,1573,599,1,285
2334,1573,599,1,282
2335,1573,599,1,282
2336,1573,600,1,280
2337,1573,600,1,281
2338,1573,600,1,285
2339,1573,600,1,285
2340,1573,600,1,290
2341,1573,600,1,291
2342,1573,600,1,285
2343,1573,600,1,279
2344,1573,600,1,279
2345,1573,600,1,280
2346,1573,600,1,285
2347,1573,600,1,292
2348,1573,600,1,286
2349,1573,600,1,285
2350,1573,600,1,284
2351,1573,600,1,288
2352,1573,600,1,286
2353,1572,600,1,289
2354,1573,600,1,286
2355,1573,599,1,287
2356,1573,600,1,287
2357,1573,600,1,284
2358,1573,600,1,290
2359,1573,600,1,288
2360,1574,600,1,278
2361,1576,601,1,261
2367,1576,601,1,52
2371,1577,600,1,274
2372,1577,600,1,281
2373,1577,600,1,273
2374,1577,600,1,262
2375,1577,600,1,282
2376,1575,600,1,278
2377,1575,600,1,268
2378,1574,600,1,267
2379,1574,600,1,270
2380,1574,600,1,274
2381,1574,600,1,271
2382,1575,601,1,270
2383,1575,600,1,274
2384,1575,600,1,273
2385,1574,600,1,277
2386,1574,600,1,280
2387,1573,600,1,277
2388,1573,600,1,270
2389,1573,600,1,278
2390,1573,600,1,282
2391,1573,600,1,279
2392,1573,600,1,279
2393,1573,600,1,275
2394,1574,600,1,270
2395,1574,600,1,268
2396,1576,600,1,270
2397,1574,599,1,279
2398,1573,600,1,271
2399,1573,600,1,265
2400,1573,599,1,303
2401,1573,599,1,314
2402,1574,599,1,313
2403,1574,599,1,310
2404,1573,598,1,315
2405,1573,599,1,331
2406,1574,599,1,302
2407,1573,599,1,297
2408,1573,599,1,287
2409,1574,599,1,275
2410,1574,599,1,276
2411,1575,600,1,271
2412,1574,600,1,281
2413,1574,600,1,275
2414,1575,600,1,271
2415,1575,600,1,276
2416,1575,600,1,270
2417,1576,600,1,271
2418,1576,601,1,272
2419,1576,600,1,265
2420,1575,600,1,298
2421,1575,599,1,295
2424,1575,599,1,315
2425,1575,599,1,329
2426,1575,598,1,315
2427,1576,599,1,298
2428,1576,599,1,284
2429,1575,599,1,270
2430,1575,599,1,286
2431,1574,599,1,292
2432,1574,600,1,297
2433,1573,600,1,285
2434,1573,600,1,278
2435,1573,600,1,280
2436,1573,600,1,281
2437,1573,600,1,277
2438,1573,600,1,282
2439,1573,600,1,286
2440,1573,600,1,288
2441,1573,600,1,283
2442,1573,600,1,281
2443,1573,600,1,284
2444,1573,600,1,281
2445,1573,600,1,287
2446,1573,600,1,283
2447,1573,600,1,281
2448,1573,600,1,283
2449,1573,600,1,283
2450,1573,600,1,287
2451,1573,599,1,275
2452,1573,599,1,281
2453,1573,599,1,280
2454,1573,599,1,283
2455,1573,599,1,283
2456,1573,599,1,283
2457,1573,599,1,281
2458,1573,599,1,281
2459,1573,599,1,287
2460,1573,600,1,285
2461,1573,600,1,283
2462,1573,600,1,284
2463,1573,600,1,288
2464,1573,600,1,287
2465,1573,600,1,291
2466,1573,599,1,290
2467,1573,600,1,287
2468,1573,600,1,291
2469,1573,600,1,288
2470,1573,600,1,282
2471,1573,600,1,283
2472,1573,600,1,287
2473,1573,600,1,292
2476,1572,596,1,35
2477,1572,595,1,15
2482,1573,599,1,308
2483,1573,599,1,325
2484,1573,599,1,321
2485,1573,599,1,317
2486,1573,599,1,306
2487,1573,599,1,302
2488,1573,599,1,309
2489,1573,599,1,282
2490,1573,599,1,291
2491,1573,599,1,291
2492,1573,599,1,310
2493,1573,599,1,321
2494,1573,599,1,319
2497,1572,598,1,44
2500,1573,599,1,294
2501,1573,599,1,295
2502,1573,599,1,282
2503,1573,599,1,298
2504,1573,599,1,299
2505,1573,599,1,289
2506,1573,599,1,276
2507,1573,599,1,288
2508,1573,599,1,293
2509,1573,599,1,280
2510,1573,599,1,294
2511,1573,599,1,289
2512,1573,599,1,280
2513,1573,599,1,277
2514,1573,599,1,287
2515,1573,599,1,293
2516,1573,599,1,283
2517,1573,599,1,281
2518,1573,599,1,290
2519,1573,599,1,273
2520,1573,599,1,285
2521,1573,599,1,313
2522,1574,600,1,276
2523,1574,600,1,294
2524,1574,599,1,285
2525,1573,599,1,288
2526,1573,599,1,287
2527,1573,599,1,283
2528,1573,599,1,278
2529,1573,599,1,270
2530,1573,599,1,274
2534,1573,599,1,88
2535,1573,599,1,82
2536,1573,599,1,279
2537,1574,599,1,274
2538,1574,599,1,78
2541,1574,599,1,285
2542,1574,599,1,78
2543,1573,599,1,76
2544,1573,599,1,84
2545,1573,599,1,286
2546,1573,599,1,85
2547,1573,599,1,271
2548,1574,600,1,54
2549,1574,601,1,63
2550,1575,601,1,54
2551,1575,601,1,62
2552,1575,600,1,62
2553,1574,601,1,57
2554,1574,601,1,70
2555,1574,601,1,58
2557,1576,603,1,61
2558,1576,600,1,55
2559,1576,601,1,50
2566,1577,598,1,283
2567,1575,598,1,277
2568,1574,599,1,265
2569,1573,599,1,271
2570,1573,599,1,276
2571,1573,599,1,272
2572,1573,599,1,287
2573,1573,599,1,283
2574,1573,599,1,287
2575,1573,599,1,289
2576,1573,599,1,284
2577,1573,599,1,283
2578,1573,599,1,290
2579,1573,599,1,291
2580,1573,599,1,290
2581,1573,599,1,292
2582,1573,599,1,289
2583,1573,599,1,290
2584,1573,599,1,287
2585,1573,599,1,293
2586,1573,600,1,293
2587,1573,600,1,303
2588,1573,600,1,290
2589,1574,599,1,300
2590,1573,599,1,300
2591,1573,599,1,301
2592,1573,599,1,284
2593,1573,599,1,285
2594,1572,599,1,314
2595,1572,599,1,304
2596,1573,599,1,293
2597,1573,599,1,283
2598,1573,599,1,284
2599,1573,599,1,296
2600,1573,600,1,282
2601,1573,600,1,283
2602,1573,600,1,284
2603,1573,599,1,285
2604,1573,599,1,277
2605,1572,599,1,312
2606,1572,599,1,302
2607,1572,599,1,288
2608,1572,599,1,295
2609,1572,599,1,296
2610,1573,600,1,294
2611,1573,600,1,290
2612,1573,600,1,293
2613,1573,600,1,296
2614,1573,600,1,294
2615,1573,600,1,290
2616,1573,599,1,287
2617,1572,599,1,296
2618,1572,599,1,296
2619,1573,600,1,287
2620,1573,600,1,287
2621,1573,600,1,283
2622,1573,600,1,281
2623,1573,600,1,292
2624,1573,600,1,289
2625,1573,600,1,288
2626,1573,600,1,290
2627,1573,600,1,294
2628,1573,600,1,292
2629,1573,600,1,287
2630,1573,599,1,287
2631,1573,600,1,288
2632,1573,599,1,288
2633,1573,600,1,289
2634,1573,600,1,291
2635,1573,600,1,288
2636,1573,600,1,292
2637,1573,600,1,297
2638,1573,600,1,297
2639,1573,600,1,295
2640,1573,600,1,300
2641,1573,600,1,296
2642,1573,600,1,302
2643,1573,600,1,290
2644,1573,600,1,290
2645,1573,600,1,303
2646,1573,600,1,290
2647,1573,600,1,288
2648,1573,600,1,290
2649,1573,600,1,292
2650,1573,600,1,292
2651,1573,600,1,286
2652,1573,600,1,279
2653,1573,600,1,284
2654,1573,600,1,286
2655,1573,600,1,283
2656,1573,600,1,288
2657,1573,600,1,285
2658,1573,600,1,281
2659,1573,599,1,293
2660,1573,599,1,290
2661,1573,599,1,281
2662,1573,599,1,282
2663,1573,599,1,276
2664,1573,599,1,282
2665,1573,599,1,289
2666,1573,599,1,294
2667,1573,600,1,299
2668,1573,600,1,298
2669,1573,599,1,298
2670,1573,599,1,320
2671,1573,599,1,307
2672,1573,599,1,289
2673,1573,599,1,284
2676,1573,596,1,0
2677,1573,596,1,349
2678,1573,596,1,354
2679,1573,597,1,350
2680,1573,596,1,347
2684,1573,598,1,3
2688,1574,596,1,319
2689,1574,595,1,322
2690,1574,595,1,303
2691,1574,595,1,320
2692,1574,595,1,333
2693,1574,596,1,8
2694,1574,596,1,4
2695,1574,596,1,3
2696,1573,597,1,350
2697,1574,597,1,1
2698,1573,597,1,343
2699,1573,596,1,341
2702,1575,596,1,337
2703,1575,596,1,333
2704,1575,596,1,344
2705,1574,596,1,335
2706,1574,597,1,349
2707,1573,597,1,343
2708,1574,597,1,358
2710,1575,597,1,322
2711,1574,599,1,289
2712,1574,599,1,280
2713,1574,599,1,290
2714,1573,599,1,299
2715,1573,599,1,297
2716,1573,600,1,295
2719,1573,599,1,284
2720,1573,599,1,292
2721,1573,599,1,303
2722,1572,599,1,308
2723,1573,599,1,295
2724,1573,599,1,269
2725,1573,599,1,268
2726,1573,599,1,278
2727,1573,599,1,287
2728,1573,600,1,285
2729,1573,600,1,286
2730,1573,600,1,291
2731,1573,600,1,292
2732,1573,600,1,292
2733,1573,600,1,293
2734,1573,600,1,291
2735,1573,600,1,290
2736,1573,599,1,298
2737,1573,600,1,295
2738,1573,600,1,302
2739,1573,600,1,302
2740,1573,600,1,300
2741,1573,600,1,285
2742,1573,600,1,296
2743,1573,600,1,290
2744,1573,600,1,285
2745,1573,600,1,298
2746,1573,600,1,295
2747,1573,600,1,289
2748,1573,600,1,293
2749,1573,599,1,296
2750,1573,599,1,303
2751,1573,600,1,292
2752,1573,600,1,287
2753,1573,599,1,294
2754,1573,599,1,291
2755,1573,599,1,298
2756,1573,600,1,290
2757,1573,599,1,295
2758,1572,600,1,289
2759,1573,600,1,288
2760,1573,600,1,294
2763,1573,599,1,6
2764,1572,598,1,10
2765,1572,598,1,18
2768,1572,599,1,301
2769,1572,599,1,305
2770,1572,599,1,307
2771,1572,599,1,311
2772,1572,599,1,300
2773,1572,599,1,299
2774,1572,599,1,294
2775,1573,599,1,297
2779,1572,599,1,275
2780,1572,599,1,86
2785,1572,599,1,264
2786,1573,599,1,262
2787,1573,599,1,258
2788,1573,599,1,274
2789,1573,599,1,264
2790,1573,599,1,243
2791,1573,599,1,269
2792,1573,599,1,264
2793,1573,599,1,281
2794,1573,600,1,270
2795,1573,600,1,276
2796,1573,599,1,291
2797,1574,600,1,307
2798,1574,600,1,301
2799,1573,600,1,296
2800,1573,600,1,301
2801,1574,600,1,294
2802,1574,599,1,288
2803,1574,599,1,277
2804,1574,600,1,265
2805,1574,600,1,257
2808,1573,599,1,281
2809,1573,599,1,290
2810,1573,599,1,290
2811,1572,599,1,301
2812,1572,599,1,293
2813,1572,599,1,293
2814,1572,599,1,291
2817,1573,599,1,248
2818,1573,599,1,264
2819,1573,599,1,281
2820,1573,599,1,296
2821,1573,599,1,296
2822,1573,599,1,276
2823,1573,599,1,290
2824,1573,599,1,288
2825,1573,599,1,291
2826,1573,599,1,292
2827,1573,599,1,300
2828,1572,599,1,300
2829,1572,599,1,303
2830,1573,599,1,292
2831,1573,599,1,289
2832,1573,599,1,267
2833,1573,599,1,280
2834,1572,599,1,290
2835,1573,599,1,289
2836,1572,599,1,293
2837,1573,599,1,295
2838,1572,600,1,304
2839,1571,601,1,311
2840,1571,601,1,315
2849,1489,735,1,47
2850,1489,734,1,44
2853,1489,733,1,14
2872,1488,736,1,342
2873,1487,737,1,8
2875,1488,738,1,8
2876,1488,738,1,5
2879,1489,736,1,314
2882,1489,735,1,61
2883,1489,735,1,70
2884,1489,736,1,71
2885,1489,735,1,81
2886,1489,735,1,41
2889,1489,735,1,327
2890,1489,735,1,316
2891,1489,735,1,324
2892,1489,735,1,311
2893,1489,735,1,316
2894,1489,735,1,299
2895,1489,735,1,305
2896,1489,735,1,300
2897,1488,735,1,289
2898,1489,735,1,283
2899,1489,735,1,303
2900,1489,735,1,296
2901,1489,735,1,289
2902,1489,735,1,297
2903,1489,735,1,289
2904,1489,735,1,294
2905,1489,735,1,299
2906,1489,735,1,298
2907,1489,735,1,299
2908,1489,735,1,313
2909,1489,735,1,292
2910,1489,735,1,313
2911,1489,735,1,299
2914,1489,735,1,334
2918,1489,735,1,339
2919,1489,735,1,319
2920,1489,735,1,301
2921,1489,735,1,301
2922,1489,735,1,313
2923,1489,735,1,313
2924,1489,735,1,299
2925,1489,735,1,307
2926,1489,735,1,301
2927,1489,735,1,313
2928,1489,735,1,309
2929,1489,735,1,313
2930,1489,735,1,313
2931,1489,735,1,311
2932,1489,735,1,314
2933,1489,735,1,314
2934,1489,735,1,311
2935,1489,735,1,332
2936,1489,735,1,334
2937,1489,735,1,308
2940,1489,735,1,321
2941,1489,735,1,328
2942,1489,735,1,352
2943,1488,735,1,24
2946,1486,737,1,315
2948,1486,735,1,296
2956,1489,734,1,333
2957,1489,735,1,329
2958,1489,735,1,329
2959,1489,735,1,321
2960,1489,735,1,328
2961,1489,735,1,326
2962,1488,735,1,328
2963,1489,735,1,352
2964,1489,735,1,352
2965,1489,735,1,0
2966,1489,735,1,346
2967,1489,734,1,334
2968,1489,734,1,338
2969,1489,735,1,333
2972,1489,734,1,43
2977,1490,734,1,39
2978,1490,734,1,35
2979,1490,735,1,11
2980,1489,734,1,45
2981,1489,734,1,20
2982,1490,734,1,0
2991,1489,735,1,319
2992,1489,735,1,301
2996,1490,735,1,312
2997,1490,735,1,298
