13,1755,806,1,71
20,1754,800,1,80
23,1753,800,1,296
26,1754,801,1,311
29,1752,803,1,13
30,1752,803,1,11
33,1753,802,1,302
34,1752,801,1,300
35,1752,801,1,292
36,1752,801,1,289
37,1752,801,1,295
38,1753,801,1,298
39,1753,801,1,287
44,1753,801,1,0
45,1754,801,1,10
46,1754,801,1,15
47,1753,801,1,29
48,1754,802,1,42
49,1756,803,1,30
50,1756,802,1,26
51,1753,800,1,1
52,1752,801,1,350
53,1751,800,1,357
54,1751,800,1,330
55,1751,800,1,329
56,1751,800,1,333
57,1751,800,1,328
58,1751,799,1,339
59,1752,800,1,315
60,1751,799,1,308
61,1751,799,1,309
62,1751,799,1,298
63,1752,799,1,303
64,1752,799,1,318
65,1751,799,1,324
66,1751,799,1,311
67,1751,799,1,316
68,1751,799,1,314
69,1751,799,1,307
70,1751,799,1,307
71,1751,799,1,307
72,1751,799,1,309
73,1751,799,1,294
74,1751,799,1,294
75,1751,799,1,307
76,1751,799,1,308
77,1751,799,1,313
78,1751,799,1,290
79,1752,799,1,315
80,1752,799,1,303
81,1752,799,1,314
82,1752,799,1,308
83,1752,799,1,292
84,1753,799,1,289
85,1753,799,1,298
86,1753,799,1,286
87,1752,799,1,290
88,1753,799,1,295
89,1753,799,1,300
90,1753,798,1,291
91,1753,798,1,296
92,1753,798,1,295
93,1753,798,1,296
94,1752,799,1,305
95,1752,799,1,287
96,1752,800,1,323
97,1752,799,1,327
98,1752,799,1,336
99,1752,799,1,310
102,1752,800,1,341
103,1752,800,1,331
104,1752,799,1,296
105,1752,799,1,314
106,1752,800,1,336
107,1752,799,1,330
108,1752,799,1,319
109,1752,799,1,316
110,1752,799,1,318
111,1752,799,1,318
112,1752,799,1,321
113,1752,799,1,318
114,1752,799,1,335
115,1752,799,1,335
116,1752,799,1,335
117,1752,799,1,335
118,1752,799,1,335
119,1752,799,1,315
120,1752,799,1,319
121,1752,799,1,316
122,1753,799,1,330
123,1752,799,1,322
124,1752,800,1,318
125,1752,799,1,317
126,1752,799,1,342
127,1752,800,1,348
128,1752,800,1,342
129,1752,800,1,341
130,1752,799,1,3
133,1752,799,1,331
134,1752,799,1,342
135,1753,799,1,335
136,1753,799,1,335
137,1753,799,1,331
138,1752,799,1,320
139,1753,799,1,304
140,1753,799,1,300
141,1753,800,1,291
142,1753,800,1,331
143,1753,800,1,332
144,1753,801,1,344
145,1753,801,1,335
146,1752,801,1,339
147,1751,801,1,351
148,1752,801,1,336
149,1752,800,1,340
150,1752,800,1,335
151,1752,800,1,328
152,1752,800,1,314
153,1752,800,1,313
154,1752,800,1,339
155,1752,800,1,343
156,1752,799,1,334
157,1753,799,1,347
158,1753,799,1,327
159,1753,799,1,333
160,1752,799,1,337
161,1752,800,1,337
162,1752,800,1,348
163,1752,800,1,325
164,1752,800,1,341
165,1752,800,1,345
166,1752,800,1,341
167,1752,800,1,333
168,1752,800,1,305
169,1753,799,1,307
170,1753,799,1,318
171,1753,800,1,342
172,1752,800,1,327
173,1752,800,1,341
174,1752,800,1,355
175,1752,799,1,6
176,1753,800,1,333
177,1753,800,1,343
178,1753,800,1,348
179,1753,800,1,337
180,1752,800,1,320
181,1752,800,1,323
182,1752,800,1,346
183,1752,800,1,333
184,1751,800,1,6
189,1751,799,1,343
190,1752,799,1,345
191,1753,800,1,330
194,1754,799,1,286
195,1755,800,1,297
198,1753,800,1,339
199,1752,800,1,326
200,1751,800,1,346
201,1752,800,1,0
202,1752,800,1,350
203,1752,800,1,348
204,1752,800,1,345
205,1752,801,1,347
206,1752,800,1,355
207,1752,800,1,351
208,1752,800,1,346
209,1752,800,1,333
210,1753,800,1,323
211,1754,800,1,311
212,1754,800,1,317
215,1754,800,1,11
218,1754,800,1,90
221,1754,800,1,22
222,1755,800,1,354
223,1754,799,1,338
224,1755,801,0,177
227,1750,776,0,101
228,1748,776,0,120
229,1748,774,0,117
230,1747,774,0,118
231,1748,775,0,107
232,1750,775,0,113
233,1749,776,0,118
234,1746,779,0,107
235,1740,781,0,122
236,1741,782,0,124
237,1742,780,0,114
238,1738,783,0,136
239,1737,784,0,136
240,1738,782,0,139
241,1737,780,0,138
242,1737,779,0,141
243,1737,780,0,136
244,1735,783,0,138
245,1737,782,0,133
246,1738,781,0,130
247,1740,781,0,125
248,1744,780,0,114
249,1744,780,0,107
250,1744,780,0,113
251,1746,781,0,102
252,1745,782,0,112
253,1746,781,0,112
254,1751,787,0,102
255,1752,788,0,85
256,1750,791,0,85
257,1749,789,0,80
258,1750,789,0,76
259,1748,787,0,81
260,1747,789,0,66
261,1748,791,0,58
262,1748,789,0,58
263,1749,787,0,58
264,1749,788,0,54
265,1756,784,0,39
266,1751,778,0,34
267,1750,777,0,32
268,1749,778,0,29
269,1749,777,0,21
270,1750,775,0,20
271,1753,775,0,18
272,1754,773,0,3
273,1756,772,0,9
274,1756,771,0,12
275,1757,772,0,10
276,1758,773,0,14
277,1758,772,0,16
278,1760,772,0,25
279,1761,771,0,28
280,1765,771,0,24
281,1762,771,0,20
282,1764,770,0,15
283,1762,768,0,10
284,1760,769,0,6
285,1765,772,0,359
286,1771,772,0,358
287,1770,771,0,343
288,1776,769,0,335
289,1778,769,0,332
290,1784,767,0,313
291,1783,767,0,308
292,1782,766,0,302
293,1782,764,0,295
294,1782,762,0,291
295,1782,759,0,289
296,1784,759,0,282
297,1781,758,0,272
298,1778,755,0,256
299,1780,755,0,241
300,1782,750,0,225
301,1788,749,0,214
302,1786,748,0,221
303,1784,751,0,221
304,1787,751,0,220
305,1787,748,0,214
306,1785,751,0,216
307,1783,750,0,217
308,1784,748,0,218
309,1784,746,0,211
310,1787,748,0,211
311,1785,748,0,211
312,1785,749,0,215
313,1786,748,0,214
314,1781,749,0,206
315,1781,748,0,196
316,1781,746,0,192
317,1782,744,0,185
318,1784,743,0,179
319,1792,731,0,149
320,1793,737,0,149
321,1794,736,0,148
322,1796,738,0,138
323,1801,739,0,126
324,1803,746,0,118
325,1802,749,0,124
326,1800,751,0,124
327,1799,755,0,128
328,1799,754,0,124
329,1802,756,0,109
330,1803,760,0,102
331,1802,757,0,106
332,1803,761,0,110
333,1805,763,0,108
334,1805,762,0,110
335,1806,765,0,107
336,1804,767,0,100
337,1804,768,0,104
338,1804,768,0,105
339,1804,768,0,108
340,1803,767,0,119
341,1801,764,0,131
342,1802,761,0,115
343,1800,764,0,134
344,1799,762,0,137
345,1798,759,0,139
346,1799,760,0,141
347,1799,757,0,137
348,1800,756,0,131
349,1797,754,0,130
350,1796,753,0,138
351,1799,752,0,125
352,1797,754,0,134
353,1796,754,0,133
354,1796,753,0,132
355,1798,753,0,126
356,1799,752,0,129
357,1802,757,0,118
358,1804,761,0,117
359,1804,763,0,114
360,1803,766,0,110
361,1802,766,0,105
362,1802,764,0,105
363,1802,761,0,103
364,1800,761,0,98
365,1799,760,0,90
366,1798,763,0,80
367,1798,763,0,72
368,1796,765,0,58
369,1801,769,0,47
370,1803,765,0,36
371,1805,764,0,31
372,1806,765,0,33
373,1804,766,0,36
374,1799,770,0,42
375,1797,770,0,41
376,1801,768,0,33
377,1802,765,0,22
378,1802,763,0,9
379,1805,759,0,352
380,1807,758,0,349
381,1807,759,0,352
382,1806,755,0,343
383,1804,757,0,329
384,1805,757,0,321
385,1806,755,0,302
386,1806,754,0,290
387,1804,753,0,279
388,1802,751,0,267
389,1800,745,0,265
390,1800,740,0,261
391,1798,734,0,259
392,1799,732,0,251
393,1802,743,0,261
394,1799,744,0,252
395,1802,743,0,243
396,1804,744,0,226
397,1810,738,0,224
398,1812,737,0,215
399,1813,733,0,220
400,1814,733,0,217
401,1814,734,0,214
402,1815,735,0,212
403,1814,735,0,210
404,1813,735,0,211
405,1815,737,0,220
406,1816,736,0,220
407,1816,735,0,220
408,1817,734,0,217
409,1817,734,0,216
410,1818,734,0,217
411,1820,734,0,223
412,1819,734,0,221
413,1819,733,0,214
414,1819,733,0,210
415,1817,734,0,219
416,1816,733,0,216
417,1815,734,0,217
418,1815,734,0,218
419,1817,733,0,219
420,1818,734,0,222
421,1818,733,0,219
422,1820,732,0,225
423,1821,730,0,231
424,1822,731,0,221
425,1823,728,0,234
426,1822,731,0,221
427,1821,731,0,215
428,1821,730,0,222
429,1821,731,0,222
430,1821,730,0,220
431,1821,731,0,219
432,1823,731,0,218
433,1822,731,0,216
434,1820,731,0,225
435,1820,731,0,223
436,1819,731,0,225
437,1821,732,0,223
438,1821,732,0,218
439,1819,733,0,219
440,1820,735,0,218
441,1824,736,0,218
442,1823,737,0,219
443,1820,736,0,222
444,1821,736,0,225
445,1820,735,0,225
446,1820,734,0,225
447,1819,734,0,229
448,1819,735,0,228
449,1818,735,0,226
450,1818,733,0,222
451,1818,733,0,223
452,1819,734,0,223
453,1819,733,0,221
454,1819,731,0,221
455,1820,731,0,220
456,1820,732,0,220
457,1820,732,0,221
458,1820,731,0,220
459,1820,732,0,219
460,1820,731,0,223
461,1820,731,0,223
462,1819,731,0,222
463,1819,731,0,225
464,1819,731,0,224
465,1819,731,0,225
466,1819,732,0,224
467,1819,732,0,222
468,1819,732,0,223
469,1820,732,0,223
470,1819,733,0,222
471,1819,733,0,220
472,1819,733,0,220
473,1819,734,0,221
474,1818,735,0,223
475,1820,737,0,227
476,1820,738,0,225
477,1818,735,0,224
478,1818,735,0,226
479,1818,734,0,228
480,1817,735,0,225
481,1818,734,0,228
482,1817,735,0,226
483,1817,735,0,225
484,1819,735,0,224
485,1819,734,0,226
486,1819,734,0,227
487,1819,734,0,227
488,1819,734,0,229
489,1819,733,0,231
490,1819,732,0,230
491,1819,733,0,230
492,1818,733,0,232
493,1818,733,0,230
494,1818,733,0,233
495,1820,737,0,230
496,1821,738,0,226
497,1821,738,0,225
498,1818,737,0,225
499,1818,735,0,229
500,1819,735,0,231
501,1819,735,0,229
502,1820,735,0,229
503,1820,734,0,229
504,1819,734,0,229
505,1819,733,0,231
506,1819,733,0,231
507,1819,733,0,232
508,1818,733,0,232
509,1818,734,0,232
510,1819,736,0,234
511,1818,739,0,222
512,1817,739,0,222
513,1817,737,0,221
514,1815,736,0,219
515,1815,737,0,222
516,1815,736,0,222
517,1815,736,0,222
518,1815,736,0,223
519,1815,736,0,223
520,1816,737,0,225
521,1817,736,0,225
522,1818,734,0,224
523,1818,733,0,227
524,1817,733,0,224
525,1817,735,0,224
526,1817,738,0,223
527,1817,739,0,221
528,1817,738,0,221
529,1817,736,0,225
530,1817,736,0,224
531,1817,735,0,226
532,1817,737,0,228
533,1818,737,0,229
534,1819,737,0,230
535,1818,736,0,227
536,1819,735,0,229
537,1819,735,0,229
538,1819,735,0,227
539,1819,733,0,227
540,1820,733,0,225
541,1819,734,0,224
542,1819,734,0,225
543,1818,736,0,223
544,1818,736,0,223
545,1817,737,0,223
546,1817,737,0,224
547,1817,737,0,226
548,1817,737,0,233
549,1818,736,0,238
550,1819,734,0,239
551,1819,734,0,237
552,1819,736,0,232
553,1819,735,0,232
554,1819,737,0,231
555,1819,735,0,232
556,1819,735,0,234
557,1818,736,0,234
558,1818,736,0,232
559,1818,736,0,229
560,1817,736,0,228
561,1817,737,0,228
562,1817,738,0,224
563,1818,738,0,226
564,1818,739,0,227
565,1819,739,0,234
566,1819,738,0,230
567,1819,738,0,234
568,1820,738,0,229
569,1817,737,0,226
570,1817,736,0,225
571,1817,736,0,225
572,1817,737,0,223
573,1816,737,0,218
574,1814,737,0,216
575,1815,733,0,202
576,1814,731,0,199
577,1814,730,0,196
578,1814,730,0,199
579,1813,733,0,204
580,1814,731,0,220
581,1813,731,0,220
582,1814,732,0,224
583,1814,733,0,230
584,1812,734,0,227
585,1812,736,0,220
586,1812,736,0,217
587,1810,734,0,209
588,1810,735,0,206
589,1810,736,0,205
590,1814,736,0,213
591,1815,737,0,213
592,1813,737,0,210
593,1815,740,0,210
594,1817,741,0,218
595,1818,743,0,223
596,1817,745,0,221
597,1820,746,0,225
598,1820,743,0,218
599,1819,744,0,230
600,1820,745,0,230
601,1822,743,0,224
602,1823,743,0,229
603,1824,742,0,234
604,1824,745,0,241
605,1824,746,0,247
606,1824,746,0,248
607,1826,746,0,253
608,1830,744,0,255
609,1831,746,0,260
610,1830,744,0,258
611,1831,743,0,256
612,1825,744,0,254
613,1817,742,0,235
614,1816,741,0,233
615,1810,738,0,223
616,1810,736,0,218
617,1812,735,0,208
618,1814,735,0,201
619,1813,733,0,189
620,1811,731,0,179
621,1810,730,0,165
622,1807,732,0,152
623,1809,730,0,137
624,1806,733,0,121
625,1802,733,0,112
626,1801,734,0,106
627,1801,737,0,100
628,1801,740,0,97
629,1808,749,0,87
630,1809,748,0,88
631,1809,747,0,92
632,1807,747,0,96
633,1806,747,0,93
634,1806,748,0,94
635,1806,749,0,91
636,1807,749,0,87
637,1807,750,0,86
638,1807,749,0,85
639,1807,749,0,83
640,1806,751,0,84
641,1805,751,0,83
642,1805,751,0,83
643,1805,751,0,83
644,1805,752,0,80
645,1806,752,0,79
646,1806,753,0,79
647,1806,753,0,75
648,1806,754,0,73
649,1806,754,0,73
650,1806,754,0,74
651,1807,753,0,72
652,1807,753,0,73
653,1807,753,0,73
654,1807,752,0,73
655,1807,751,0,72
656,1807,751,0,71
657,1808,751,0,68
658,1808,751,0,68
659,1808,750,0,66
660,1807,748,0,67
661,1806,748,0,72
662,1805,748,0,77
663,1804,749,0,76
664,1806,750,0,69
665,1805,749,0,66
666,1805,748,0,62
667,1805,748,0,66
668,1806,748,0,70
669,1804,749,0,74
670,1803,748,0,77
671,1803,749,0,77
672,1802,749,0,81
673,1803,750,0,78
674,1803,749,0,79
675,1804,749,0,76
676,1805,748,0,78
677,1806,748,0,77
678,1805,749,0,79
679,1805,749,0,78
680,1805,748,0,79
681,1806,748,0,79
682,1806,748,0,79
683,1805,747,0,82
684,1805,747,0,82
685,1804,747,0,83
686,1803,748,0,83
687,1802,748,0,83
688,1803,749,0,80
689,1802,752,0,85
690,1801,751,0,86
691,1801,752,0,86
692,1800,753,0,88
693,1801,754,0,87
694,1800,753,0,87
695,1801,753,0,86
696,1801,753,0,87
697,1801,752,0,83
698,1803,751,0,78
699,1803,751,0,78
700,1803,750,0,76
701,1803,751,0,81
702,1804,750,0,78
703,1804,749,0,82
704,1804,749,0,83
705,1803,751,0,80
706,1803,749,0,83
707,1804,748,0,82
708,1804,748,0,88
709,1803,746,0,92
710,1805,744,0,89
711,1805,745,0,83
712,1805,745,0,81
713,1805,744,0,92
714,1803,745,0,92
715,1805,747,0,81
716,1805,747,0,81
717,1805,748,0,73
718,1805,748,0,78
719,1806,748,0,70
720,1806,749,0,66
721,1806,748,0,67
722,1806,748,0,70
723,1806,748,0,71
724,1805,748,0,74
725,1805,748,0,70
726,1805,749,0,73
727,1805,749,0,73
728,1804,748,0,75
729,1805,749,0,74
730,1805,749,0,76
731,1805,749,0,75
732,1805,748,0,81
733,1805,748,0,79
734,1804,747,0,71
735,1804,747,0,73
736,1804,747,0,67
737,1804,747,0,69
738,1805,748,0,67
739,1806,747,0,76
740,1805,748,0,73
741,1805,748,0,78
742,1803,747,0,77
743,1802,747,0,95
744,1803,748,0,92
745,1804,748,0,89
746,1805,749,0,81
747,1804,749,0,83
748,1804,749,0,85
749,1803,747,0,81
750,1804,749,0,82
751,1804,749,0,85
752,1805,748,0,84
753,1804,749,0,79
754,1805,746,0,80
755,1805,745,0,74
756,1805,746,0,76
757,1805,746,0,73
758,1806,747,0,78
759,1806,748,0,79
760,1806,748,0,79
761,1806,748,0,81
762,1806,749,0,81
763,1806,749,0,77
764,1806,750,0,78
765,1806,750,0,80
766,1806,748,0,78
767,1806,749,0,77
768,1807,749,0,75
769,1808,750,0,77
770,1808,750,0,76
771,1807,750,0,78
772,1808,750,0,77
773,1808,750,0,77
774,1806,750,0,77
775,1806,749,0,78
776,1807,747,0,80
777,1808,749,0,79
778,1807,749,0,81
779,1807,750,0,79
780,1807,751,0,83
781,1806,750,0,81
782,1806,750,0,82
783,1806,750,0,82
784,1806,750,0,78
785,1806,749,0,78
786,1807,749,0,76
787,1808,749,0,77
788,1809,750,0,78
789,1810,749,0,75
790,1812,749,0,72
791,1811,749,0,73
792,1811,749,0,78
793,1811,749,0,76
794,1811,750,0,73
795,1810,750,0,72
796,1810,749,0,74
797,1810,748,0,71
798,1809,748,0,72
799,1809,748,0,68
800,1810,748,0,70
801,1811,747,0,68
802,1811,748,0,73
803,1811,749,0,76
804,1810,750,0,77
805,1810,749,0,72
806,1809,749,0,70
807,1810,750,0,71
808,1809,750,0,70
809,1809,749,0,69
810,1809,749,0,72
811,1810,749,0,71
812,1809,749,0,72
813,1810,749,0,71
814,1810,749,0,74
815,1810,750,0,75
816,1809,749,0,75
817,1809,749,0,75
818,1809,749,0,72
819,1809,750,0,72
820,1809,750,0,72
821,1809,750,0,73
822,1809,750,0,73
823,1808,750,0,71
824,1807,750,0,69
825,1807,751,0,69
826,1807,752,0,73
827,1807,753,0,72
828,1807,752,0,70
829,1807,753,0,71
830,1806,752,0,71
831,1807,752,0,73
832,1807,752,0,70
833,1807,753,0,71
834,1807,753,0,71
835,1807,753,0,69
836,1807,753,0,70
837,1808,750,0,70
838,1808,749,0,69
839,1807,750,0,67
840,1807,750,0,69
841,1807,751,0,68
842,1807,751,0,69
843,1807,751,0,69
844,1807,751,0,68
845,1807,751,0,69
846,1807,751,0,67
847,1807,750,0,69
848,1808,750,0,70
849,1810,749,0,70
850,1810,749,0,71
851,1809,748,0,73
852,1808,749,0,81
853,1806,750,0,74
854,1807,750,0,75
855,1806,750,0,77
856,1806,750,0,78
857,1805,750,0,76
858,1806,749,0,76
859,1806,749,0,76
860,1806,749,0,77
861,1806,748,0,78
862,1806,747,0,77
863,1806,743,0,80
864,1805,739,0,85
865,1804,737,0,98
866,1805,739,0,94
867,1806,740,0,82
868,1805,740,0,86
869,1804,743,0,83
870,1804,744,0,78
871,1802,744,0,83
872,1802,745,0,81
873,1803,745,0,81
874,1803,747,0,83
875,1804,749,0,85
876,1805,749,0,80
877,1804,750,0,80
878,1803,748,0,83
879,1805,748,0,80
880,1806,748,0,79
881,1805,750,0,76
882,1805,751,0,76
883,1805,751,0,76
884,1805,749,0,77
885,1805,750,0,73
886,1806,750,0,73
887,1807,751,0,76
888,1807,751,0,74
889,1808,750,0,76
890,1811,747,0,73
891,1811,746,0,82
892,1809,741,0,90
893,1807,736,0,96
894,1809,735,0,99
895,1813,734,0,97
896,1817,727,0,93
897,1818,726,0,86
898,1817,731,0,72
899,1818,727,0,62
900,1817,729,0,54
901,1815,730,0,52
902,1816,730,0,53
903,1816,731,0,50
904,1814,733,0,39
905,1810,734,0,40
906,1807,737,0,30
907,1806,730,0,33
908,1804,729,0,34
909,1801,727,0,30
910,1801,730,0,40
911,1800,734,0,53
912,1799,732,0,62
913,1799,737,0,71
914,1798,739,0,74
915,1800,736,0,82
916,1801,736,0,93
917,1799,741,0,97
918,1798,742,0,103
919,1798,746,0,105
920,1797,746,0,111
921,1796,746,0,111
922,1794,746,0,115
923,1790,750,0,120
924,1790,749,0,123
925,1789,745,0,121
926,1790,745,0,117
927,1789,745,0,114
928,1789,749,0,115
929,1789,749,0,123
930,1787,753,0,112
931,1786,755,0,118
932,1784,757,0,130
933,1784,759,0,147
934,1785,760,0,146
935,1786,761,0,145
936,1786,761,0,148
937,1786,762,0,150
938,1782,763,0,161
939,1782,762,0,156
940,1782,763,0,163
941,1780,762,0,164
942,1781,761,0,163
943,1782,762,0,159
944,1784,763,0,153
945,1783,765,0,160
946,1782,765,0,159
947,1782,766,0,163
948,1783,767,0,167
949,1788,766,0,172
950,1787,766,0,188
951,1787,762,0,206
952,1785,759,0,206
953,1785,757,0,211
954,1786,755,0,210
955,1789,755,0,211
956,1793,756,0,216
957,1793,756,0,220
958,1793,755,0,223
959,1789,758,0,212
960,1788,758,0,214
961,1788,760,0,216
962,1790,763,0,224
963,1789,760,0,240
964,1787,756,0,259
965,1789,754,0,263
966,1790,751,0,270
967,1790,746,0,273
968,1785,747,0,266
969,1785,748,0,265
970,1784,747,0,265
971,1785,748,0,268
972,1787,753,0,273
973,1789,753,0,286
974,1791,749,0,293
975,1795,748,0,298
976,1797,748,0,312
977,1798,749,0,323
978,1798,746,0,327
979,1798,744,0,334
980,1800,736,0,342
981,1801,736,0,350
982,1801,735,0,354
983,1803,737,0,356
984,1801,738,0,358
985,1800,734,0,4
986,1798,729,0,1
987,1798,729,0,359
988,1796,733,0,359
989,1794,733,0,356
990,1791,732,0,350
991,1782,727,0,348
992,1778,726,0,342
993,1777,726,0,338
994,1775,726,0,340
995,1776,726,0,358
996,1776,727,0,359
997,1774,728,0,359
998,1774,726,0,5
999,1773,725,0,10
1000,1772,725,0,13
1001,1771,726,0,10
1002,1770,726,0,12
1003,1769,725,0,15
1004,1768,724,0,17
1005,1769,725,0,12
1006,1769,728,0,4
1007,1769,728,0,4
1008,1770,726,0,6
1009,1769,725,0,359
1010,1767,725,0,359
1011,1764,724,0,359
1012,1760,724,0,0
1013,1760,724,0,359
1014,1760,721,0,7
1015,1761,722,0,10
1016,1767,726,0,12
1017,1767,729,0,12
1018,1767,729,0,16
1019,1770,729,0,15
1020,1770,729,0,14
1021,1771,726,0,17
1022,1773,726,0,19
1023,1774,728,0,23
1024,1774,729,0,23
1025,1775,729,0,25
1026,1777,728,0,23
1027,1774,729,0,16
1028,1773,728,0,13
1029,1770,729,0,10
1030,1769,729,0,10
1031,1767,729,0,9
1032,1765,730,0,10
1033,1764,734,0,25
1034,1759,733,0,32
1035,1757,734,0,38
1036,1756,736,0,37
1037,1752,739,0,34
1038,1753,740,0,26
1039,1752,741,0,26
1040,1751,742,0,25
1041,1750,743,0,23
1042,1749,743,0,27
1043,1746,746,0,27
1044,1745,746,0,25
1045,1745,745,0,23
1046,1746,744,0,23
1047,1754,742,0,27
1048,1755,739,0,29
1049,1759,738,0,30
1050,1757,739,0,45
1051,1755,739,0,42
1052,1755,740,0,50
1053,1754,741,0,48
1054,1755,740,0,52
1055,1755,741,0,56
1056,1756,742,0,53
1057,1756,742,0,55
1058,1758,743,0,55
1059,1756,744,0,52
1060,1757,745,0,58
1061,1755,747,0,66
1062,1757,747,0,69
1063,1757,748,0,79
1064,1760,746,0,100
1065,1757,752,0,95
1066,1757,752,0,101
1067,1757,750,0,109
1068,1755,750,0,105
1069,1756,750,0,109
1070,1755,751,0,109
1071,1758,752,0,114
1072,1759,752,0,114
1073,1759,755,0,127
1074,1759,754,0,129
1075,1759,753,0,133
1076,1758,754,0,138
1077,1753,756,0,165
1078,1754,755,0,184
1079,1756,750,0,187
1080,1755,748,0,211
1081,1759,747,0,216
1082,1761,745,0,224
1083,1760,744,0,222
1084,1759,739,0,214
1085,1758,739,0,220
1086,1758,740,0,228
1087,1762,739,0,226
1088,1762,738,0,232
1089,1761,736,0,243
1090,1762,731,0,250
1091,1764,726,0,250
1092,1765,724,0,244
1093,1764,720,0,247
1094,1762,718,0,244
1095,1761,713,0,243
1096,1765,712,0,253
1097,1766,709,0,249
1098,1769,706,0,252
1099,1774,704,0,252
1100,1772,701,0,253
1101,1771,700,0,255
1102,1771,702,0,262
1103,1771,697,0,257
1104,1772,694,0,250
1105,1772,692,0,249
1106,1771,691,0,246
1107,1772,688,0,250
1108,1770,693,0,244
1109,1766,694,0,236
1110,1763,697,0,220
1111,1760,702,0,208
1112,1758,704,0,197
1113,1759,707,0,176
1114,1759,704,0,174
1115,1763,706,0,162
1116,1764,707,0,155
1117,1767,709,0,153
1118,1769,711,0,155
1119,1764,712,0,160
1120,1766,714,0,162
1121,1768,716,0,158
1122,1768,717,0,150
1123,1774,718,0,129
1124,1776,724,0,122
1125,1774,729,0,118
1126,1775,734,0,115
1127,1778,739,0,111
1128,1780,743,0,100
1129,1786,743,0,104
1130,1788,747,0,102
1131,1791,748,0,108
1132,1790,749,0,113
1133,1790,751,0,119
1134,1791,753,0,126
1135,1791,753,0,140
1136,1792,753,0,140
1137,1795,752,0,132
1138,1796,749,0,128
1139,1795,745,0,134
1140,1797,745,0,131
1141,1798,748,0,129
1142,1798,751,0,137
1143,1802,756,0,135
1144,1803,760,0,134
1145,1806,760,0,136
1146,1814,763,0,131
1147,1817,765,0,132
1148,1811,763,0,136
1149,1810,766,0,130
1150,1810,767,0,105
1151,1810,770,0,110
1152,1809,773,0,106
1153,1811,778,0,100
1154,1818,783,0,110
1155,1817,786,0,106
1156,1819,790,0,99
1157,1833,792,0,95
1158,1825,794,0,103
1159,1823,796,0,109
1160,1818,797,0,106
1161,1816,803,0,101
1162,1816,804,0,97
1163,1815,807,0,97
1164,1817,806,0,99
1165,1819,805,0,102
1166,1817,807,0,106
1167,1818,810,0,106
1168,1820,813,0,101
1169,1822,816,0,99
1170,1823,821,0,99
1171,1821,823,0,111
1172,1819,823,0,112
1173,1818,827,0,103
1174,1816,830,0,111
1175,1817,835,0,110
1176,1824,837,0,122
1177,1826,840,0,116
1178,1825,841,0,118
1179,1827,843,0,121
1180,1828,845,0,116
1181,1828,846,0,119
1182,1827,848,0,123
1183,1828,851,0,122
1184,1829,854,0,118
1185,1835,860,0,115
1186,1834,860,0,121
1187,1834,860,0,124
1188,1832,856,0,134
1189,1836,858,0,147
1190,1845,861,0,156
1191,1857,865,0,157
1192,1860,870,0,165
1193,1862,875,0,170
1194,1867,875,0,160
1195,1869,877,0,165
1196,1873,875,0,162
1197,1871,876,0,161
1198,1874,877,0,166
1199,1873,875,0,177
1200,1874,873,0,188
1201,1877,870,0,192
1202,1882,870,0,192
1203,1880,868,0,183
1204,1879,868,0,191
1205,1878,869,0,191
1206,1874,869,0,190
1207,1872,868,0,176
1208,1872,869,0,174
1209,1871,868,0,174
1210,1872,866,0,179
1211,1875,864,0,189
1212,1873,864,0,184
1213,1871,868,0,182
1214,1870,869,0,194
1215,1865,870,0,197
1216,1862,869,0,208
1217,1861,869,0,215
1218,1861,869,0,220
1219,1866,870,0,256
1220,1864,868,0,278
1221,1863,867,0,285
1222,1859,867,0,292
1223,1855,865,0,300
1224,1853,863,0,300
1225,1852,861,0,298
1226,1850,859,0,294
1227,1847,858,0,296
1228,1847,855,0,296
1229,1848,855,0,290
1230,1846,852,0,286
1231,1845,846,0,278
1232,1845,846,0,280
1233,1844,842,0,280
1234,1844,840,0,274
1235,1844,835,0,271
1236,1844,831,0,268
1237,1843,826,0,260
1238,1843,824,0,255
1239,1843,822,0,256
1240,1843,820,0,259
1241,1844,818,0,260
1242,1847,816,0,267
1243,1847,815,0,276
1244,1845,816,0,283
1245,1842,814,0,289
1246,1840,811,0,292
1247,1839,810,0,291
1248,1840,810,0,291
1249,1840,809,0,284
1250,1840,807,0,285
1251,1841,807,0,287
1252,1841,807,0,285
1253,1840,803,0,295
1254,1839,801,0,299
1255,1837,794,0,300
1256,1836,793,0,307
1257,1839,789,0,331
1258,1833,791,0,323
1259,1826,792,0,319
1260,1825,788,0,318
1261,1820,784,0,321
1262,1820,784,0,317
1263,1820,784,0,315
1264,1819,783,0,319
1265,1819,782,0,319
1266,1820,781,0,320
1267,1818,780,0,323
1268,1816,778,0,324
1269,1816,777,0,325
1270,1816,775,0,328
1271,1814,776,0,329
1272,1813,775,0,327
1273,1813,775,0,324
1274,1814,775,0,326
1275,1815,776,0,330
1276,1815,776,0,332
1277,1815,776,0,334
1278,1817,777,0,334
1279,1815,776,0,331
1280,1814,774,0,325
1281,1811,774,0,330
1282,1811,773,0,332
1283,1810,772,0,332
1284,1812,774,0,332
1285,1813,774,0,331
1286,1812,774,0,330
1287,1812,773,0,326
1288,1811,773,0,328
1289,1812,774,0,334
1290,1812,774,0,330
1291,1812,773,0,331
1292,1812,773,0,331
1293,1812,774,0,330
1294,1812,775,0,329
1295,1812,774,0,330
1296,1813,774,0,328
1297,1812,773,0,329
1298,1811,772,0,325
1299,1814,773,0,327
1300,1817,770,0,346
1301,1820,769,0,350
1302,1824,771,0,356
1303,1823,771,0,357
1304,1823,771,0,351
1305,1825,772,0,346
1306,1828,771,0,339
1307,1828,772,0,334
1308,1827,774,0,345
1309,1821,774,0,346
1310,1814,779,0,350
1311,1807,780,0,352
1312,1805,779,0,355
1313,1805,784,0,358
1314,1806,785,0,350
1315,1804,783,0,351
1316,1803,783,0,354
1317,1802,783,0,356
1318,1800,782,0,359
1319,1798,779,0,5
1320,1795,781,0,4
1321,1793,781,0,4
1322,1792,783,0,4
1323,1791,783,0,9
1324,1798,782,0,0
1325,1803,779,0,357
1326,1804,778,0,342
1327,1804,779,0,334
1328,1804,773,0,331
1329,1810,772,0,319
1330,1817,763,0,310
1331,1818,757,0,302
1332,1817,751,0,308
1333,1813,753,0,300
1334,1813,750,0,295
1335,1810,743,0,289
1336,1811,741,0,273
1337,1809,740,0,266
1338,1808,742,0,255
1339,1813,744,0,248
1340,1815,747,0,246
1341,1816,744,0,244
1342,1818,743,0,241
1343,1818,742,0,236
1344,1818,746,0,237
1345,1818,745,0,243
1346,1820,736,0,249
1347,1820,732,0,247
1348,1823,729,0,248
1349,1826,726,0,242
1350,1830,718,0,247
1351,1831,719,0,245
1352,1832,720,0,231
1353,1832,719,0,227
1354,1832,718,0,215
1355,1834,717,0,202
1356,1835,715,0,196
1357,1835,717,0,206
1358,1835,716,0,206
1359,1835,717,0,211
1360,1834,718,0,217
1361,1834,718,0,214
1362,1835,717,0,212
1363,1838,717,0,210
1364,1838,718,0,211
1365,1849,716,0,223
1366,1852,715,0,256
1367,1853,715,0,265
1368,1852,714,0,266
1369,1848,715,0,266
1370,1846,710,0,269
1371,1843,706,0,267
1372,1844,702,0,259
1373,1848,701,0,245
1374,1854,701,0,232
1375,1855,697,0,222
1376,1864,692,0,217
1377,1865,691,0,217
1378,1866,691,0,233
1379,1873,685,0,239
1380,1872,682,0,229
1381,1870,685,0,227
1382,1869,685,0,229
1383,1867,682,0,226
1384,1867,682,0,230
1385,1867,682,0,229
1386,1868,682,0,235
1387,1869,680,0,235
1388,1869,680,0,234
1389,1868,679,0,228
1390,1867,681,0,225
1391,1865,682,0,219
1392,1867,683,0,209
1393,1868,682,0,225
1394,1874,679,0,230
1395,1875,676,0,230
1396,1876,676,0,224
1397,1879,676,0,218
1398,1881,672,0,220
1399,1882,669,0,214
1400,1886,666,0,213
1401,1885,665,0,210
1402,1884,666,0,208
1403,1887,666,0,201
1404,1887,665,0,204
1405,1888,669,0,203
1406,1888,668,0,199
1407,1892,666,0,201
1408,1892,662,0,210
1409,1895,660,0,227
1410,1900,655,0,232
1411,1902,648,0,239
1412,1900,645,0,246
1413,1901,643,0,245
1414,1899,646,0,243
1415,1905,637,0,237
1416,1910,628,0,243
1417,1916,623,0,245
1418,1919,620,0,231
1419,1919,621,0,219
1420,1920,620,0,221
1421,1917,621,0,223
1422,1928,614,0,220
1423,1934,610,0,214
1424,1938,605,0,213
1425,1938,607,0,212
1426,1948,607,0,203
1427,1965,604,0,214
1428,1977,597,0,216
1429,1982,594,0,214
1430,1986,588,0,218
1431,1993,580,0,229
1432,1995,573,0,249
1433,1998,571,0,255
1434,2002,569,0,247
1435,2002,571,0,229
1436,2007,573,0,216
1437,2015,576,0,195
1438,2026,573,0,167
1439,2035,581,0,166
1440,2047,582,0,154
1441,2060,585,0,162
1442,2074,597,0,171
1443,2081,598,0,182
1444,2086,597,0,195
1445,2100,595,0,189
1448,2104,581,0,263
1449,2102,576,0,270
1450,2100,567,0,268
1452,2089,543,0,281
1453,2083,529,0,293
1454,2074,518,0,300
1455,2074,518,0,291
1456,2065,509,0,311
1457,2058,506,0,311
1458,2048,507,0,327
1459,2041,505,0,338
1460,2028,506,0,343
1461,2013,506,0,348
1462,2002,507,0,353
1463,1993,502,0,335
1464,1989,494,0,316
1465,1985,485,0,315
1466,1983,479,0,300
1467,1979,468,0,289
1468,1977,464,0,286
1469,1967,455,0,309
1470,1958,450,0,303
1471,1946,450,0,333
1472,1938,449,0,337
1473,1928,445,0,340
1474,1916,443,0,344
1475,1906,442,0,344
1476,1894,440,0,336
1477,1890,434,0,316
1478,1884,424,0,319
1482,1856,384,0,304
1483,1850,375,0,297
1484,1850,369,0,294
1485,1850,357,0,285
1486,1850,353,0,280
1487,1848,352,0,279
1488,1847,340,0,279
1489,1842,336,0,278
1490,1844,343,0,291
1491,1836,343,0,307
1492,1826,332,0,313
1493,1816,325,0,327
1494,1809,321,0,332
1495,1796,320,0,324
1496,1786,310,0,317
1497,1781,303,0,317
1498,1785,296,0,304
1499,1790,294,0,284
1500,1791,292,0,273
1501,1799,291,0,266
1502,1806,290,0,252
1503,1813,286,0,231
1504,1829,283,0,216
1505,1838,279,0,218
1506,1848,276,0,207
1507,1860,273,0,220
1508,1864,274,0,242
1509,1863,269,0,247
1510,1865,253,0,258
1511,1870,245,0,259
1512,1877,234,0,254
1513,1884,235,0,241
1514,1890,237,0,217
1515,1900,238,0,203
1516,1915,250,0,176
1517,1922,253,0,168
1518,1942,250,0,130
1519,1953,254,0,129
1520,1960,256,0,143
1521,1965,255,0,156
1522,1970,256,0,183
1524,1988,253,0,201
1525,1998,263,0,193
1526,2004,259,0,2
1527,2014,257,0,185
1528,2021,262,0,156
1529,2034,266,0,136
1530,2041,269,0,132
1532,2059,284,0,128
1533,2061,287,0,150
1534,2086,289,0,144
1537,2110,272,0,219
1540,2130,301,0,152
1541,2142,304,0,172
1542,2156,300,0,177
1543,2166,306,0,183
1545,2175,309,0,344
1546,2174,315,0,141
1547,2177,318,0,123
1548,2174,328,0,104
1549,2175,331,0,109
1550,2181,350,0,97
1551,2183,356,0,98
1553,2190,383,0,96
1554,2191,389,0,101
1556,2204,421,0,102
1557,2210,427,0,113
1560,2229,448,0,109
1561,2225,454,0,96
1562,2220,465,0,84
1563,2222,477,0,90
1564,2220,486,0,90
1565,2230,501,0,91
1566,2229,510,0,88
1567,2236,524,0,112
1568,2240,538,0,108
1569,2248,551,0,114
1570,2252,554,0,122
1571,2261,560,0,129
1572,2274,566,0,132
1573,2280,571,0,134
1574,2282,572,0,142
1575,2295,574,0,159
1576,2296,583,0,144
1577,2296,581,0,134
1578,2303,591,0,131
1579,2307,602,0,120
1580,2307,611,0,104
1581,2312,626,0,103
1582,2316,639,0,108
1583,2319,653,0,103
1584,2327,657,0,120
1585,2332,673,0,120
1588,2359,686,0,105
1589,2356,687,0,126
1590,2361,704,0,115
1591,2359,719,0,98
1592,2369,727,0,88
1593,2374,737,0,69
1594,2372,736,0,78
1595,2369,742,0,83
1596,2371,752,0,96
1597,2370,758,0,101
1598,2375,758,0,106
1599,2379,762,0,118
1600,2381,764,0,119
1601,2381,767,0,110
1602,2383,769,0,109
1603,2383,771,0,109
1604,2383,773,0,101
1605,2382,777,0,104
1606,2382,777,0,109
1607,2384,782,0,112
1608,2390,795,0,111
1609,2394,801,0,111
1610,2397,811,0,112
1611,2403,818,0,112
1612,2404,824,0,112
1613,2406,831,0,108
1614,2401,841,0,103
1615,2405,855,0,95
1616,2402,858,0,96
1617,2396,864,0,90
1618,2392,870,0,82
1619,2387,882,0,73
1620,2381,888,0,76
1621,2378,900,0,81
1622,2378,909,0,65
1623,2377,911,0,75
1624,2382,911,0,87
1625,2387,918,0,105
1626,2385,923,0,102
1627,2384,926,0,106
1628,2383,928,0,105
1629,2381,926,0,117
1630,2381,928,0,124
1631,2379,927,0,134
1632,2376,924,0,141
1633,2373,924,0,143
1634,2372,922,0,150
1635,2372,922,0,148
1636,2373,922,0,148
1637,2373,922,0,150
1638,2374,922,0,151
1639,2373,922,0,146
1640,2372,921,0,147
1641,2372,921,0,147
1642,2371,921,0,145
1643,2372,921,0,145
1644,2372,921,0,145
1645,2373,922,0,147
1646,2372,922,0,139
1647,2372,922,0,137
1648,2372,922,0,142
1649,2372,922,0,143
1650,2372,921,0,137
1651,2372,922,0,137
1652,2373,922,0,133
1653,2372,921,0,126
1654,2371,922,0,123
1655,2370,921,0,124
1656,2371,920,0,126
1657,2369,919,0,131
1658,2368,920,0,135
1659,2366,920,0,134
1660,2367,919,0,129
1661,2368,917,0,135
1662,2370,917,0,142
1663,2370,917,0,143
1664,2370,918,0,149
1665,2370,919,0,162
1666,2372,918,0,129
1667,2373,921,0,124
1668,2380,928,0,107
1669,2388,935,0,107
1670,2388,936,0,105
1671,2387,939,0,104
1672,2387,942,0,99
1673,2387,946,0,98
1674,2388,946,0,99
1675,2388,949,0,94
1676,2388,950,0,98
1677,2387,950,0,95
1678,2386,947,0,93
1679,2386,947,0,90
1680,2385,948,0,87
1681,2385,946,0,87
1682,2384,946,0,90
1683,2385,945,0,99
1684,2385,947,0,99
1685,2384,951,0,99
1686,2385,950,0,93
1687,2386,948,0,105
1688,2386,948,0,105
1689,2391,957,0,90
1690,2391,958,0,88
1691,2395,955,0,97
1692,2395,960,0,100
1693,2395,957,0,104
1694,2395,952,0,101
1695,2396,950,0,102
1696,2395,949,0,101
1697,2394,951,0,92
1698,2394,953,0,86
1699,2394,952,0,87
1700,2396,946,0,94
1701,2398,945,0,92
1702,2399,939,0,111
1705,2394,932,0,243
1706,2393,932,0,255
1710,2396,914,0,114
1711,2397,912,0,119
1712,2396,915,0,110
1713,2395,923,0,79
1714,2393,927,0,77
1715,2394,928,0,85
1716,2395,927,0,121
1717,2395,941,0,102
1718,2396,941,0,80
1719,2391,943,0,76
1720,2391,946,0,68
1721,2391,945,0,63
1722,2393,949,0,52
1723,2391,950,0,51
1724,2391,950,0,51
1725,2389,952,0,53
1726,2392,963,0,49
1727,2391,964,0,56
1728,2394,960,0,47
1729,2395,960,0,51
1730,2396,964,0,60
1731,2397,970,0,62
1732,2396,972,0,54
1733,2396,973,0,55
1734,2395,975,0,65
1735,2394,987,0,78
1736,2398,995,0,84
1737,2399,999,0,85
1738,2398,1003,0,88
1739,2397,1005,0,83
1740,2394,1011,0,84
1741,2394,1014,0,79
1742,2395,1014,0,81
1743,2397,1016,0,87
1744,2393,1018,0,87
1745,2391,1019,0,87
1746,2392,1015,0,81
1747,2389,1016,0,83
1748,2385,1018,0,63
1749,2378,1020,0,52
1750,2369,1023,0,38
1751,2364,1026,0,43
1752,2364,1032,0,49
1753,2362,1036,0,51
1754,2360,1044,0,52
1755,2358,1047,0,44
1756,2362,1049,0,41
1757,2361,1051,0,40
1758,2358,1049,0,38
1759,2359,1054,0,37
1760,2358,1055,0,37
1761,2357,1056,0,31
1762,2354,1056,0,25
1763,2352,1051,0,23
1764,2350,1050,0,25
1765,2349,1049,0,33
1766,2349,1049,0,33
1767,2350,1049,0,24
1768,2350,1050,0,20
1769,2353,1048,0,25
1770,2349,1044,0,31
1771,2350,1044,0,26
1772,2348,1046,0,30
1773,2349,1047,0,27
1774,2349,1047,0,28
1775,2348,1048,0,29
1776,2347,1048,0,33
1777,2353,1049,0,34
1778,2348,1052,0,40
1779,2343,1053,0,42
1780,2341,1057,0,43
1781,2338,1061,0,50
1782,2336,1060,0,50
1783,2336,1060,0,50
1784,2336,1063,0,44
1785,2334,1063,0,40
1786,2331,1065,0,39
1787,2329,1067,0,43
1788,2330,1065,0,41
1789,2329,1061,0,46
1790,2329,1065,0,36
1791,2329,1062,0,39
1792,2328,1061,0,37
1793,2326,1061,0,30
1794,2324,1060,0,25
1795,2324,1061,0,30
1796,2325,1062,0,32
1797,2325,1062,0,32
1798,2325,1063,0,29
1799,2324,1062,0,28
1800,2322,1062,0,25
1801,2319,1061,0,23
1802,2319,1061,0,22
1803,2318,1061,0,17
1804,2318,1062,0,26
1805,2319,1066,0,29
1806,2318,1066,0,35
1807,2317,1067,0,43
1808,2315,1071,0,30
1809,2313,1073,0,35
1810,2315,1076,0,29
1811,2317,1078,0,27
1812,2315,1077,0,28
1813,2315,1075,0,36
1815,2316,1078,0,36
1816,2316,1079,0,32
1817,2312,1078,0,28
1818,2312,1078,0,30
1819,2312,1079,0,33
1820,2312,1082,0,28
1822,2311,1083,0,26
1823,2310,1085,0,28
1824,2309,1084,0,28
1872,2283,1166,0,90
1873,2286,1168,0,95
1874,2286,1169,0,101
1875,2284,1166,0,102
1876,2282,1163,0,101
1877,2282,1162,0,96
1878,2282,1160,0,92
1879,2283,1158,0,95
1880,2286,1157,0,104
1881,2288,1154,0,113
1882,2289,1154,0,119
1883,2288,1153,0,123
1884,2287,1152,0,120
1885,2287,1154,0,114
1886,2286,1157,0,106
1887,2286,1157,0,106
1888,2285,1158,0,101
1889,2282,1158,0,93
1890,2279,1159,0,92
1891,2277,1159,0,92
1892,2275,1160,0,86
1893,2273,1162,0,75
1894,2271,1164,0,65
1895,2271,1163,0,62
1896,2269,1163,0,64
1897,2270,1164,0,63
1898,2272,1161,0,71
1899,2272,1159,0,66
1900,2273,1158,0,64
1901,2274,1158,0,61
1902,2274,1157,0,65
1903,2274,1156,0,68
1904,2275,1157,0,72
1905,2275,1159,0,71
1906,2274,1159,0,75
1907,2274,1156,0,74
1908,2274,1155,0,73
1909,2275,1156,0,66
1910,2276,1155,0,62
1911,2276,1155,0,56
1912,2276,1157,0,49
1913,2279,1157,0,42
1914,2281,1167,0,30
1915,2281,1170,0,25
1916,2280,1173,0,14
1917,2281,1172,0,10
1918,2292,1166,0,1
1919,2290,1165,0,4
1920,2280,1166,0,354
1921,2271,1162,0,359
1922,2262,1164,0,347
1923,2256,1161,0,325
1924,2248,1155,0,319
1925,2243,1156,0,332
1926,2237,1157,0,338
1927,2235,1158,0,343
1928,2233,1160,0,345
1929,2236,1166,0,346
1930,2235,1165,0,349
1931,2233,1163,0,345
1932,2230,1159,0,336
1933,2227,1158,0,330
1934,2224,1159,0,334
1935,2219,1159,0,336
1936,2219,1158,0,334
1937,2218,1158,0,336
1938,2219,1158,0,340
1939,2219,1156,0,346
1940,2217,1155,0,349
1941,2218,1155,0,344
1942,2214,1154,0,340
1943,2210,1154,0,340
1944,2204,1154,0,330
1945,2200,1152,0,340
1946,2194,1142,0,352
1947,2192,1140,0,351
1948,2191,1149,0,346
1949,2192,1155,0,336
1950,2198,1159,0,332
1951,2201,1157,0,335
1952,2199,1153,0,335
1953,2191,1149,0,322
1954,2191,1142,0,325
1955,2191,1147,0,318
1956,2189,1144,0,328
1957,2184,1144,0,328
1958,2185,1146,0,332
1959,2184,1146,0,333
1960,2183,1141,0,347
1961,2180,1139,0,348
1962,2183,1140,0,345
1963,2191,1141,0,355
1964,2192,1143,0,352
1965,2210,1137,0,3
1966,2212,1134,0,357
1967,2211,1136,0,359
1968,2209,1137,0,4
1969,2208,1136,0,4
1970,2208,1138,0,3
1971,2206,1141,0,2
1972,2204,1141,0,6
1973,2201,1141,0,10
1974,2203,1138,0,19
1975,2206,1138,0,29
1976,2210,1138,0,32
1977,2211,1138,0,26
1978,2210,1134,0,9
1979,2212,1132,0,2
1980,2212,1132,0,0
1981,2212,1133,0,0
1982,2213,1132,0,4
1983,2220,1135,0,17
1984,2219,1139,0,26
1985,2219,1141,0,30
1986,2223,1142,0,29
1987,2225,1141,0,29
1988,2226,1141,0,27
1989,2224,1144,0,26
1990,2222,1144,0,23
1991,2219,1144,0,19
1992,2216,1146,0,18
1993,2211,1146,0,20
1994,2209,1148,0,21
1995,2211,1146,0,18
1996,2213,1145,0,24
1997,2214,1146,0,27
1998,2217,1146,0,24
1999,2215,1145,0,26
2000,2213,1145,0,27
2001,2213,1145,0,27
2002,2213,1145,0,23
2003,2211,1145,0,21
2004,2209,1145,0,21
2005,2205,1146,0,20
2006,2202,1147,0,19
2007,2202,1147,0,22
2008,2202,1147,0,22
2009,2205,1149,0,22
2010,2210,1149,0,26
2011,2211,1150,0,26
2012,2214,1151,0,34
2013,2219,1151,0,25
2014,2223,1155,0,31
2015,2221,1157,0,34
2016,2216,1159,0,39
2017,2217,1171,0,37
2018,2215,1176,0,36
2019,2214,1180,0,27
2020,2216,1185,0,19
2021,2220,1184,0,29
2022,2221,1185,0,32
2023,2222,1183,0,35
2024,2224,1186,0,32
2025,2227,1191,0,41
2026,2226,1195,0,44
2027,2223,1198,0,37
2028,2219,1199,0,34
2029,2219,1195,0,32
2030,2220,1196,0,36
2031,2217,1195,0,45
2032,2219,1196,0,44
2033,2229,1201,0,39
2034,2226,1198,0,45
2035,2227,1195,0,65
2036,2226,1196,0,84
2037,2229,1205,0,86
2038,2231,1206,0,92
2039,2231,1209,0,91
2040,2230,1213,0,98
2041,2226,1214,0,104
2042,2229,1206,0,111
2043,2228,1204,0,109
2044,2225,1204,0,107
2045,2227,1202,0,112
2046,2228,1202,0,110
2047,2228,1198,0,127
2048,2229,1197,0,121
2049,2229,1199,0,121
2050,2228,1198,0,121
2051,2227,1199,0,127
2052,2225,1195,0,155
2053,2227,1192,0,154
2054,2231,1191,0,144
2055,2229,1187,0,145
2056,2228,1185,0,147
2057,2229,1183,0,139
2058,2230,1183,0,118
2059,2229,1185,0,113
2060,2227,1188,0,110
2061,2227,1189,0,112
2062,2227,1185,0,103
2063,2225,1184,0,99
2064,2224,1185,0,99
2065,2224,1184,0,97
2066,2223,1184,0,97
2067,2223,1183,0,96
2068,2222,1183,0,100
2069,2221,1182,0,105
2070,2220,1180,0,100
2071,2218,1176,0,99
2072,2219,1173,0,92
2073,2219,1173,0,91
2074,2218,1174,0,96
2075,2219,1174,0,95
2076,2219,1174,0,95
2077,2219,1174,0,96
2078,2219,1174,0,99
2079,2218,1175,0,102
2080,2218,1177,0,107
2081,2218,1178,0,111
2082,2219,1178,0,116
2083,2218,1178,0,112
2084,2219,1178,0,119
2085,2220,1177,0,123
2086,2222,1176,0,123
2087,2227,1173,0,128
2088,2227,1172,0,124
2089,2228,1172,0,116
2090,2229,1172,0,105
2091,2230,1171,0,105
2092,2230,1169,0,101
2093,2229,1167,0,100
2094,2229,1170,0,95
2095,2231,1172,0,100
2096,2235,1176,0,97
2097,2237,1175,0,100
2098,2235,1173,0,97
2099,2232,1175,0,96
2100,2229,1177,0,89
2101,2226,1174,0,86
2102,2230,1170,0,98
2103,2229,1175,0,107
2104,2227,1182,0,113
2105,2227,1187,0,110
2106,2229,1188,0,105
2107,2227,1182,0,97
2108,2227,1182,0,90
2109,2229,1188,0,77
2110,2230,1195,0,74
2111,2227,1194,0,69
2112,2227,1197,0,65
2113,2228,1201,0,61
2114,2227,1206,0,64
2115,2223,1210,0,63
2116,2220,1216,0,59
2117,2217,1218,0,59
2118,2216,1222,0,57
2119,2215,1224,0,52
2120,2216,1222,0,57
2121,2217,1216,0,59
2122,2217,1221,0,65
2123,2214,1223,0,63
2124,2213,1225,0,60
2125,2211,1230,0,53
2126,2210,1237,0,50
2127,2207,1242,0,51
2128,2208,1243,0,52
2129,2212,1245,0,56
2130,2211,1249,0,65
2131,2210,1256,0,71
2132,2206,1264,0,70
2133,2209,1266,0,65
2134,2205,1273,0,61
2135,2203,1278,0,59
2136,2207,1274,0,54
2137,2208,1274,0,59
2138,2210,1271,0,75
2139,2212,1270,0,77
2140,2209,1265,0,59
2141,2210,1264,0,48
2142,2211,1259,0,47
2143,2207,1259,0,44
2144,2213,1259,0,53
2145,2211,1259,0,58
2146,2211,1261,0,51
2147,2214,1257,0,55
2148,2214,1258,0,52
2149,2214,1257,0,54
2150,2214,1258,0,46
2151,2213,1258,0,46
2152,2211,1259,0,45
2153,2211,1261,0,52
2154,2212,1261,0,48
2155,2210,1258,0,57
2156,2211,1246,0,62
2157,2209,1241,0,59
2158,2210,1241,0,54
2159,2214,1240,0,57
2160,2213,1242,0,55
2161,2212,1244,0,53
2162,2212,1244,0,48
2163,2212,1243,0,45
2164,2212,1243,0,48
2165,2216,1240,0,45
2166,2216,1239,0,50
2167,2215,1237,0,50
2168,2212,1237,0,47
2169,2211,1236,0,50
2170,2211,1233,0,57
2171,2216,1237,0,65
2172,2214,1238,0,64
2173,2214,1236,0,66
2174,2212,1232,0,65
2175,2207,1232,0,60
2176,2205,1240,0,50
2177,2205,1245,0,49
2178,2206,1246,0,52
2179,2207,1248,0,54
2180,2207,1246,0,53
2181,2205,1244,0,45
2182,2204,1247,0,46
2183,2208,1245,0,56
2184,2211,1245,0,62
2185,2212,1243,0,67
2186,2214,1246,0,69
2187,2217,1247,0,74
2188,2221,1249,0,76
2189,2223,1246,0,79
2190,2222,1247,0,79
2191,2223,1250,0,76
2192,2223,1257,0,69
2193,2223,1258,0,57
2194,2225,1257,0,64
2195,2227,1257,0,59
2196,2227,1260,0,53
2197,2225,1263,0,51
2198,2228,1261,0,47
2199,2228,1263,0,49
2200,2228,1264,0,48
2201,2227,1265,0,57
2202,2227,1266,0,51
2203,2229,1268,0,50
2204,2231,1277,0,44
2205,2229,1275,0,37
2206,2230,1274,0,42
2207,2227,1275,0,39
2208,2224,1276,0,41
2209,2229,1277,0,43
2210,2227,1279,0,44
2211,2228,1281,0,52
2212,2232,1285,0,56
2213,2234,1289,0,58
2214,2238,1295,0,60
2215,2237,1298,0,64
2216,2234,1302,0,73
2217,2234,1309,0,73
2218,2234,1314,0,74
2219,2234,1314,0,78
2220,2232,1321,0,77
2221,2232,1325,0,71
2222,2228,1334,0,70
2223,2227,1344,0,75
2224,2226,1352,0,78
2225,2226,1356,0,80
2226,2222,1358,0,70
2227,2218,1359,0,61
2228,2213,1358,0,62
2229,2212,1361,0,52
2230,2207,1364,0,51
2231,2204,1367,0,54
2232,2204,1375,0,45
2233,2195,1374,0,22
2235,2188,1382,0,67
2236,2186,1394,0,61
2237,2182,1401,0,64
2238,2185,1405,0,64
2239,2194,1407,0,61
2240,2193,1406,0,61
2241,2198,1411,0,44
2242,2194,1413,0,28
2243,2187,1416,0,20
2244,2181,1418,0,19
2245,2176,1420,0,24
2246,2172,1417,0,23
2247,2171,1419,0,28
2248,2181,1419,0,21
2249,2177,1419,0,15
2250,2176,1421,0,0
2251,2173,1420,0,356
2252,2172,1418,0,357
2253,2173,1417,0,359
2254,2174,1418,0,2
2255,2178,1419,0,15
2256,2181,1419,0,28
2257,2183,1420,0,32
2258,2184,1419,0,19
2259,2183,1418,0,12
2260,2184,1417,0,7
2261,2183,1415,0,0
2262,2182,1415,0,1
2263,2187,1413,0,8
2264,2188,1416,0,21
2265,2191,1417,0,30
2266,2191,1419,0,31
2267,2192,1420,0,29
2268,2191,1419,0,22
2269,2192,1419,0,21
2270,2194,1419,0,24
2271,2194,1419,0,22
2272,2198,1417,0,22
2273,2200,1418,0,28
2274,2193,1426,0,63
2275,2189,1431,0,60
2277,2190,1418,0,36
2278,2193,1421,0,41
2279,2196,1420,0,46
2280,2197,1418,0,49
2281,2205,1418,0,54
2282,2210,1419,0,57
2283,2218,1420,0,56
2284,2225,1415,0,60
2285,2226,1416,0,67
2286,2227,1416,0,66
2287,2229,1415,0,67
2288,2232,1414,0,76
2289,2232,1414,0,80
2290,2234,1412,0,90
2291,2240,1410,0,87
2292,2245,1412,0,61
2293,2247,1414,0,67
2294,2250,1414,0,69
2295,2258,1410,0,60
2296,2258,1410,0,58
2297,2256,1414,0,49
2298,2251,1418,0,39
2299,2244,1416,0,37
2300,2238,1417,0,28
2301,2240,1414,0,28
2302,2239,1412,0,26
2303,2238,1413,0,25
2304,2237,1415,0,25
2305,2238,1415,0,27
2306,2239,1416,0,27
2307,2238,1419,0,27
2308,2240,1417,0,26
2309,2243,1418,0,24
2310,2242,1418,0,28
2311,2239,1420,0,24
2312,2240,1419,0,23
2313,2238,1419,0,19
2314,2234,1421,0,23
2315,2233,1421,0,17
2316,2229,1420,0,7
2317,2225,1421,0,7
2318,2222,1421,0,9
2319,2221,1422,0,9
2320,2219,1424,0,16
2321,2216,1426,0,22
2322,2209,1430,0,23
2323,2205,1431,0,24
2324,2197,1434,0,20
2325,2191,1436,0,17
2326,2190,1433,0,15
2327,2190,1432,0,17
2328,2189,1432,0,17
2329,2195,1433,0,29
2330,2200,1433,0,30
2331,2204,1435,0,32
2332,2207,1435,0,26
2333,2207,1434,0,23
2334,2207,1436,0,29
2335,2207,1436,0,33
2336,2206,1437,0,33
2337,2202,1439,0,28
2338,2200,1440,0,35
2339,2200,1439,0,36
2340,2203,1439,0,34
2341,2209,1442,0,31
2342,2215,1435,0,28
2343,2218,1436,0,28
2344,2220,1436,0,34
2345,2219,1436,0,37
2346,2220,1436,0,38
2347,2224,1435,0,33
2348,2225,1434,0,30
2349,2227,1433,0,24
2350,2225,1432,0,23
2351,2225,1433,0,26
2352,2225,1433,0,29
2353,2224,1434,0,35
2354,2224,1433,0,34
2355,2226,1433,0,32
2356,2226,1433,0,28
2357,2225,1434,0,26
2358,2222,1435,0,34
2359,2222,1435,0,33
2360,2223,1436,0,36
2361,2223,1436,0,37
2362,2224,1436,0,41
2363,2222,1438,0,42
2364,2220,1436,0,43
2365,2217,1437,0,45
2366,2216,1438,0,48
2367,2216,1438,0,48
2368,2214,1439,0,50
2369,2214,1439,0,48
2370,2213,1438,0,52
2371,2211,1437,0,43
2372,2206,1439,0,40
2373,2201,1440,0,39
2374,2197,1440,0,39
2375,2196,1442,0,37
2376,2192,1438,0,30
2377,2187,1440,0,22
2378,2182,1441,0,16
2379,2179,1444,0,14
2380,2175,1445,0,13
2381,2173,1448,0,11
2382,2171,1447,0,15
2383,2167,1448,0,18
2384,2163,1446,0,22
2385,2162,1443,0,19
2386,2159,1447,0,16
2387,2156,1447,0,15
2388,2151,1446,0,10
2389,2147,1445,0,7
2390,2144,1448,0,10
2391,2143,1449,0,6
2392,2139,1445,0,10
2393,2134,1444,0,6
2399,2100,1479,0,41
2400,2099,1481,0,52
2401,2095,1486,0,59
2402,2095,1493,0,59
2403,2091,1494,0,64
2404,2089,1500,0,64
2405,2090,1505,0,69
2406,2093,1510,0,76
2407,2096,1508,0,77
2408,2098,1508,0,75
2409,2097,1509,0,70
2410,2098,1510,0,66
2411,2095,1513,0,72
2412,2093,1514,0,80
2413,2092,1511,0,72
2414,2090,1509,0,63
2415,2087,1504,0,51
2416,2083,1503,0,40
2417,2080,1503,0,25
2418,2078,1503,0,18
2419,2074,1508,0,6
2420,2071,1516,0,2
2421,2064,1522,0,13
2422,2060,1526,0,6
2423,2060,1528,0,7
2424,2061,1531,0,1
2425,2058,1528,0,344
2426,2054,1524,0,335
2427,2051,1520,0,331
2428,2046,1514,0,318
2429,2044,1509,0,307
2430,2042,1506,0,305
2431,2043,1508,0,314
2432,2041,1510,0,315
2433,2043,1513,0,328
2434,2038,1515,0,345
2435,2036,1516,0,348
2436,2034,1519,0,354
2437,2032,1523,0,354
2438,2031,1525,0,357
2439,2031,1529,0,356
2440,2026,1532,0,356
2441,2022,1533,0,2
2442,2018,1530,0,8
2443,2020,1534,0,8
2444,2017,1531,0,27
2445,2015,1533,0,25
2446,2012,1536,0,33
2447,2013,1543,0,32
2448,2014,1544,0,35
2449,2010,1543,0,38
2450,2006,1544,0,44
2451,2002,1544,0,51
2452,2005,1542,0,56
2453,2007,1542,0,59
2454,2011,1540,0,65
2455,2009,1541,0,55
2456,2010,1542,0,64
2457,2008,1547,0,55
2458,2006,1550,0,57
2459,2006,1551,0,51
2460,2004,1551,0,47
2461,2005,1554,0,43
2462,2002,1555,0,37
2463,1998,1558,0,29
2464,1993,1560,0,36
2465,1992,1565,0,37
2466,1989,1569,0,43
2467,1985,1574,0,53
2468,1981,1578,0,62
2469,1979,1577,0,66
2470,1978,1579,0,67
2471,1976,1580,0,64
2472,1973,1582,0,61
2473,1974,1585,0,65
2474,1968,1590,0,66
2475,1967,1598,0,59
2476,1965,1600,0,65
2477,1959,1601,0,58
2478,1957,1602,0,55
2479,1961,1601,0,53
2480,1966,1602,0,49
2481,1969,1599,0,56
2482,1967,1600,0,60
2483,1969,1602,0,56
2484,1972,1606,0,52
2485,1973,1610,0,52
2486,1970,1613,0,63
2487,1967,1616,0,65
2488,1966,1615,0,71
2489,1967,1618,0,70
2490,1965,1625,0,69
2491,1964,1627,0,77
2492,1966,1632,0,86
2493,1967,1629,0,97
2494,1966,1631,0,94
2495,1970,1634,0,76
2496,1965,1633,0,74
2497,1962,1635,0,75
2498,1961,1637,0,64
2499,1958,1638,0,65
2500,1951,1643,0,53
2501,1951,1642,0,57
2502,1950,1644,0,50
2503,1948,1650,0,45
2504,1945,1654,0,47
2505,1938,1654,0,47
2506,1931,1660,0,47
2507,1926,1661,0,49
2508,1924,1660,0,43
2509,1921,1662,0,26
2510,1922,1663,0,15
2511,1918,1664,0,18
2512,1919,1663,0,23
2513,1920,1663,0,23
2514,1922,1660,0,30
2515,1917,1660,0,28
2516,1913,1662,0,23
2517,1909,1658,0,29
2518,1916,1666,0,23
2519,1914,1666,0,20
2520,1908,1660,0,29
2521,1903,1659,0,26
2522,1902,1662,0,16
2523,1898,1662,0,14
2524,1907,1670,0,18
2525,1906,1671,0,21
2526,1905,1671,0,16
2527,1900,1672,0,20
2528,1893,1674,0,13
2529,1886,1671,0,17
2530,1881,1672,0,18
2531,1876,1673,0,19
2532,1874,1674,0,23
2533,1869,1676,0,22
2534,1870,1682,0,21
2535,1870,1684,0,24
2536,1869,1681,0,19
2537,1869,1680,0,18
2538,1868,1680,0,17
2539,1867,1681,0,17
2540,1865,1685,0,7
2541,1866,1687,0,5
2542,1868,1687,0,5
2543,1869,1689,0,1
2544,1869,1690,0,359
2545,1869,1691,0,359
2546,1868,1692,0,0
2547,1864,1695,0,357
2548,1862,1696,0,353
2549,1862,1695,0,3
2550,1860,1696,0,6
2551,1858,1696,0,4
2552,1855,1698,0,357
2553,1851,1697,0,2
2554,1847,1695,0,2
2555,1847,1696,0,0
2556,1847,1697,0,1
2557,1847,1697,0,3
2558,1848,1698,0,355
2559,1850,1697,0,0
2560,1849,1700,0,0
2561,1850,1698,0,358
2562,1851,1695,0,0
2563,1851,1695,0,356
2564,1851,1695,0,359
2565,1847,1700,0,350
2566,1847,1699,0,349
2567,1846,1699,0,350
2568,1846,1699,0,353
2569,1844,1697,0,349
2570,1842,1695,0,345
2571,1840,1691,0,349
2572,1840,1688,0,348
2573,1842,1687,0,355
2574,1841,1686,0,350
2575,1841,1687,0,341
2576,1844,1690,0,338
2577,1843,1685,0,339
2578,1842,1681,0,351
2579,1839,1679,0,356
2580,1840,1684,0,354
2581,1840,1687,0,353
2582,1839,1689,0,0
2583,1837,1691,0,2
2584,1837,1693,0,358
2585,1843,1693,0,6
2586,1853,1698,0,9
2587,1855,1694,0,9
2588,1855,1693,0,10
2589,1853,1689,0,16
2590,1853,1691,0,19
2591,1850,1693,0,22
2592,1849,1694,0,27
2593,1842,1692,0,30
2594,1843,1690,0,18
2595,1839,1684,0,23
2596,1837,1683,0,25
2597,1837,1684,0,20
2598,1839,1686,0,12
2599,1838,1683,0,14
2600,1841,1689,0,8
2601,1841,1689,0,11
2602,1838,1689,0,11
2603,1837,1688,0,14
2604,1837,1688,0,13
2605,1836,1688,0,11
2606,1836,1690,0,8
2607,1834,1691,0,0
2608,1832,1688,0,0
2609,1834,1685,0,5
2610,1834,1684,0,7
2611,1833,1684,0,8
2612,1835,1686,0,4
2613,1836,1685,0,5
2614,1833,1686,0,3
2615,1832,1684,0,4
2616,1831,1684,0,2
2617,1832,1684,0,1
2618,1832,1684,0,2
2619,1829,1682,0,5
2620,1829,1680,0,17
2621,1834,1688,0,13
2622,1836,1692,0,8
2623,1837,1697,0,0
2624,1841,1701,0,348
2625,1840,1702,0,336
2626,1840,1704,0,327
2627,1842,1706,0,317
2628,1844,1707,0,317
2629,1847,1707,0,321
2630,1846,1706,0,323
2631,1849,1708,0,322
2632,1848,1706,0,316
2633,1847,1705,0,317
2634,1847,1704,0,321
2635,1846,1704,0,323
2636,1843,1703,0,326
2637,1842,1703,0,329
2638,1841,1701,0,336
2639,1841,1701,0,339
2640,1841,1699,0,342
2641,1844,1697,0,334
2642,1844,1696,0,327
2643,1844,1696,0,325
2644,1841,1694,0,320
2645,1840,1692,0,315
2646,1841,1687,0,310
2647,1843,1679,0,314
2648,1840,1678,0,305
2649,1838,1679,0,297
2650,1839,1681,0,293
2651,1839,1682,0,289
2652,1838,1682,0,287
2653,1838,1680,0,293
2654,1837,1679,0,298
2655,1835,1681,0,295
2656,1832,1682,0,304
2657,1832,1682,0,306
2658,1833,1681,0,317
2659,1834,1677,0,330
2660,1833,1677,0,334
2661,1832,1679,0,330
2662,1831,1678,0,340
2663,1830,1678,0,342
2664,1832,1678,0,343
2665,1830,1679,0,331
2666,1832,1677,0,338
2667,1832,1676,0,337
2668,1832,1675,0,336
2669,1831,1674,0,337
2670,1830,1673,0,344
2671,1828,1672,0,344
2672,1827,1672,0,346
2673,1825,1674,0,347
2674,1823,1673,0,343
2675,1822,1674,0,341
2676,1818,1673,0,349
2677,1817,1672,0,350
2678,1815,1674,0,350
2679,1814,1676,0,349
2680,1813,1678,0,344
2681,1814,1680,0,339
2682,1812,1681,0,340
2683,1811,1685,0,345
2684,1807,1689,0,349
2685,1808,1687,0,356
2686,1808,1689,0,358
2687,1805,1692,0,6
2688,1802,1694,0,14
2689,1801,1693,0,15
2690,1803,1691,0,13
2691,1803,1692,0,16
2692,1803,1694,0,18
2693,1805,1695,0,17
2694,1809,1695,0,20
2695,1810,1696,0,24
2696,1814,1701,0,13
2697,1817,1702,0,10
2698,1815,1702,0,13
2699,1812,1702,0,16
2700,1814,1703,0,17
2701,1813,1702,0,20
2702,1812,1701,0,24
2703,1811,1701,0,19
2704,1811,1700,0,16
2705,1810,1699,0,17
2706,1808,1699,0,13
2707,1808,1700,0,9
2708,1807,1698,0,8
2709,1811,1702,0,0
2710,1813,1704,0,355
2711,1810,1708,0,351
2712,1813,1707,0,3
2713,1814,1703,0,17
2714,1815,1703,0,12
2715,1817,1702,0,11
2716,1817,1704,0,11
2717,1817,1703,0,11
2718,1816,1699,0,25
2719,1815,1701,0,20
2720,1815,1701,0,19
2721,1814,1701,0,19
2722,1814,1702,0,23
2723,1813,1703,0,23
2724,1813,1705,0,26
2725,1815,1706,0,27
2726,1815,1704,0,21
2727,1815,1705,0,22
2728,1814,1706,0,22
2729,1814,1705,0,11
2730,1812,1704,0,10
2731,1814,1700,0,1
2732,1812,1699,0,359
2733,1810,1700,0,1
2734,1810,1700,0,357
2735,1811,1700,0,355
2736,1811,1699,0,0
2737,1811,1700,0,1
2738,1813,1699,0,4
2739,1813,1699,0,6
2740,1813,1702,0,5
2741,1813,1701,0,4
2742,1812,1699,0,3
2743,1811,1699,0,357
2744,1809,1696,0,352
2745,1805,1694,0,345
2746,1798,1691,0,344
2747,1799,1691,0,346
2748,1801,1691,0,348
2749,1801,1692,0,351
2750,1803,1691,0,353
2751,1800,1691,0,353
2752,1797,1690,0,352
2753,1791,1690,0,355
2754,1784,1688,0,4
2755,1782,1690,0,9
2756,1778,1694,0,20
2757,1771,1697,0,23
2758,1765,1704,0,23
2759,1765,1707,0,25
2760,1765,1707,0,19
2761,1764,1704,0,22
2762,1761,1709,0,31
2763,1757,1712,0,28
2764,1751,1715,0,28
2765,1746,1715,0,27
2766,1741,1714,0,17
2767,1728,1716,0,11
2768,1720,1717,0,6
2769,1718,1719,0,10
2770,1716,1723,0,20
2771,1716,1724,0,25
2772,1715,1728,0,33
2773,1715,1729,0,36
2774,1712,1726,0,36
2775,1712,1726,0,36
2776,1715,1721,0,20
2777,1720,1718,0,10
2778,1723,1717,0,7
2779,1724,1717,0,4
2780,1723,1716,0,6
2781,1723,1715,0,10
2782,1722,1714,0,10
2783,1720,1713,0,357
2784,1716,1713,0,349
2785,1713,1705,0,333
2786,1710,1693,0,332
2787,1705,1691,0,327
2788,1699,1688,0,334
2789,1691,1684,0,329
2790,1684,1681,0,330
2791,1678,1678,0,341
2792,1671,1676,0,346
2793,1665,1674,0,351
2794,1663,1675,0,342
2795,1664,1676,0,346
2796,1663,1675,0,350
2797,1660,1673,0,352
2798,1658,1669,0,345
2799,1652,1668,0,343
2800,1647,1668,0,338
2801,1647,1662,0,344
2802,1644,1663,0,342
2803,1643,1664,0,342
2804,1643,1664,0,345
2805,1644,1664,0,345
2806,1643,1663,0,345
2807,1642,1664,0,343
2808,1640,1662,0,343
2809,1638,1662,0,345
2810,1635,1664,0,347
2811,1632,1665,0,358
2812,1628,1666,0,5
2813,1622,1669,0,7
2814,1614,1671,0,11
2815,1609,1680,0,10
2816,1604,1681,0,32
2817,1599,1680,0,33
2818,1597,1684,0,24
2819,1593,1682,0,19
2820,1588,1683,0,20
2821,1582,1686,0,23
2822,1578,1688,0,19
2823,1576,1689,0,16
2824,1578,1688,0,16
2825,1578,1688,0,16
2826,1579,1689,0,23
2827,1578,1690,0,24
2828,1579,1689,0,19
2829,1582,1693,0,20
2830,1585,1695,0,27
2831,1585,1695,0,27
2832,1586,1696,0,26
2833,1585,1696,0,25
2834,1581,1694,0,29
2835,1580,1693,0,29
2836,1577,1696,0,31
2837,1573,1699,0,29
2838,1571,1701,0,23
2839,1567,1701,0,20
2840,1565,1702,0,18
2841,1567,1703,0,18
2842,1567,1704,0,15
2843,1571,1706,0,9
2844,1569,1705,0,16
2845,1568,1706,0,20
2846,1567,1705,0,25
2847,1566,1705,0,27
2848,1562,1702,0,39
2849,1562,1704,0,39
2850,1563,1702,0,44
2851,1565,1705,0,40
2852,1568,1707,0,38
2853,1568,1707,0,32
2854,1568,1707,0,33
2855,1570,1707,0,31
2856,1574,1706,0,24
2857,1576,1707,0,21
2858,1577,1707,0,15
2859,1578,1706,0,15
2860,1580,1707,0,20
2861,1580,1707,0,19
2862,1579,1707,0,20
2863,1578,1706,0,19
2864,1578,1707,0,17
2865,1578,1707,0,14
2866,1580,1704,0,11
2867,1580,1708,0,15
2868,1578,1705,0,15
2869,1576,1704,0,15
2870,1572,1705,0,7
2871,1570,1706,0,5
2872,1563,1705,0,359
2873,1555,1703,0,2
2874,1546,1707,0,359
2875,1546,1691,0,357
2876,1543,1685,0,350
2877,1545,1684,0,345
2878,1538,1689,0,333
2879,1527,1686,0,345
2880,1523,1682,0,342
2881,1515,1679,0,339
2882,1509,1677,0,343
2883,1507,1677,0,336
2884,1505,1673,0,332
2885,1495,1668,0,333
2886,1489,1662,0,319
2887,1488,1666,0,321
2888,1486,1666,0,316
2889,1485,1663,0,311
2890,1483,1662,0,310
2891,1482,1661,0,309
2892,1483,1664,0,302
2893,1480,1661,0,301
2894,1479,1661,0,303
2895,1482,1660,0,305
2896,1485,1662,0,313
2897,1485,1662,0,317
2898,1487,1666,0,317
2899,1489,1671,0,329
2900,1491,1670,0,341
2902,1492,1677,0,1
2903,1494,1678,0,2
2904,1494,1679,0,3
2905,1484,1684,0,9
2906,1480,1687,0,12
2907,1481,1691,0,22
2908,1477,1697,0,24
2909,1475,1706,0,38
2910,1468,1709,0,43
2911,1464,1714,0,46
2912,1463,1717,0,44
2913,1464,1721,0,34
2914,1460,1720,0,26
2915,1454,1722,0,13
2916,1446,1723,0,4
2917,1443,1717,0,352
2918,1434,1718,0,354
2919,1425,1715,0,351
2920,1417,1713,0,347
2921,1407,1713,0,349
2922,1395,1712,0,359
2923,1394,1713,0,358
2924,1388,1707,0,355
2925,1381,1709,0,352
2926,1380,1707,0,351
2927,1377,1711,0,354
2928,1371,1708,0,350
2929,1359,1701,0,348
2930,1354,1707,0,344
2931,1341,1702,0,335
2932,1334,1700,0,336
2933,1322,1694,0,345
2934,1310,1695,0,351
2935,1291,1695,0,357
2936,1275,1700,0,9
2937,1268,1708,0,11
2938,1252,1715,0,17
2939,1244,1720,0,17
2940,1234,1720,0,12
2941,1229,1716,0,359
2942,1228,1711,0,352
2943,1226,1711,0,352
2944,1223,1707,0,359
2945,1215,1706,0,0
2946,1214,1703,0,356
2947,1211,1700,0,348
2948,1208,1699,0,339
2949,1204,1699,0,324
2950,1199,1697,0,329
2951,1189,1691,0,327
2952,1185,1684,0,333
2953,1182,1678,0,329
2954,1172,1676,0,337
2955,1171,1677,0,338
2956,1168,1681,0,342
2957,1167,1682,0,339
2958,1169,1683,0,338
2959,1168,1684,0,340
2960,1168,1683,0,341
2961,1165,1683,0,338
2962,1162,1679,0,351
2963,1164,1682,0,351
2964,1165,1680,0,356
2965,1161,1679,0,0
2966,1151,1678,0,356
2967,1150,1678,0,1
2968,1148,1681,0,10
2969,1146,1681,0,13
2970,1146,1680,0,8
2971,1145,1679,0,4
2972,1147,1682,0,6
2973,1143,1683,0,16
2974,1137,1684,0,17
2975,1138,1684,0,9
2976,1138,1686,0,17
2977,1137,1684,0,12
2978,1135,1683,0,12
2979,1134,1686,0,11
2980,1129,1685,0,10
2981,1123,1688,0,8
2982,1123,1689,0,7
2983,1122,1688,0,13
2984,1121,1689,0,8
2985,1121,1690,0,11
2986,1121,1691,0,6
2987,1119,1693,0,0
2988,1117,1696,0,351
2989,1109,1693,0,348
2990,1105,1691,0,353
2991,1099,1696,0,354
2992,1093,1697,0,354
2993,1084,1696,0,358
2994,1074,1691,0,357
2995,1065,1698,0,359
2996,1058,1695,0,5
2997,1051,1696,0,5
2998,1043,1698,0,19
2999,1039,1700,0,14
