0,930,2009,0,236
1,931,2009,0,235
2,930,2009,0,236
3,931,2009,0,235
4,929,2010,0,236
5,930,2009,0,235
6,930,2010,0,236
7,930,2010,0,234
8,930,2009,0,233
9,930,2010,0,233
10,931,2009,0,234
11,931,2008,0,235
12,931,2008,0,236
13,931,2008,0,236
14,931,2009,0,236
15,931,2009,0,236
16,930,2009,0,234
17,930,2009,0,237
18,931,2009,0,237
19,931,2009,0,237
20,930,2010,0,237
21,929,2010,0,240
22,930,2010,0,237
23,931,2011,0,235
24,931,2010,0,237
25,930,2010,0,238
26,930,2010,0,238
27,930,2009,0,238
28,930,2009,0,237
29,930,2009,0,238
30,930,2008,0,238
31,931,2008,0,239
32,931,2008,0,239
33,931,2008,0,238
34,931,2008,0,239
35,931,2008,0,239
36,931,2008,0,238
37,931,2008,0,239
38,931,2008,0,239
39,931,2008,0,239
40,931,2008,0,238
41,931,2008,0,239
42,931,2008,0,238
43,931,2008,0,239
44,931,2008,0,240
45,931,2008,0,239
46,931,2008,0,238
47,931,2008,0,238
48,931,2008,0,238
49,931,2009,0,238
50,931,2008,0,239
51,931,2009,0,237
52,931,2009,0,237
53,931,2009,0,237
54,931,2009,0,237
55,931,2009,0,238
56,931,2009,0,237
57,931,2009,0,237
58,931,2009,0,237
59,930,2010,0,237
60,930,2009,0,237
61,930,2010,0,237
62,931,2009,0,236
63,931,2009,0,237
64,931,2009,0,236
65,931,2009,0,237
66,931,2009,0,237
67,931,2009,0,236
68,931,2009,0,236
69,931,2009,0,237
70,931,2008,0,236
71,931,2009,0,237
72,931,2008,0,236
73,931,2008,0,236
74,931,2008,0,236
75,931,2008,0,235
76,931,2008,0,235
77,931,2008,0,235
78,931,2008,0,235
79,931,2008,0,235
80,931,2008,0,235
81,931,2008,0,235
82,931,2008,0,234
83,931,2008,0,235
84,931,2008,0,235
85,931,2008,0,235
86,931,2008,0,235
87,931,2008,0,234
88,931,2008,0,234
89,932,2007,0,234
90,932,2007,0,235
91,931,2007,0,234
92,930,2009,0,235
93,930,2009,0,235
94,930,2009,0,234
95,930,2009,0,234
96,930,2009,0,234
97,930,2009,0,234
98,930,2009,0,234
99,930,2010,0,233
100,930,2010,0,234
101,930,2009,0,233
102,930,2009,0,233
103,930,2009,0,233
104,930,2010,0,233
105,929,2010,0,233
106,929,2010,0,232
107,930,2010,0,232
108,930,2010,0,232
109,930,2010,0,231
110,930,2009,0,231
111,929,2010,0,231
112,929,2011,0,232
113,928,2010,0,230
114,929,2010,0,230
115,929,2010,0,230
116,929,2010,0,230
117,929,2010,0,230
118,929,2010,0,230
119,928,2010,0,229
120,928,2010,0,230
121,929,2010,0,230
122,929,2010,0,230
123,928,2011,0,230
124,928,2011,0,229
125,928,2010,0,229
126,928,2010,0,228
127,928,2010,0,228
128,928,2010,0,229
129,928,2010,0,230
130,928,2010,0,229
131,928,2010,0,228
132,928,2010,0,229
133,927,2012,0,229
134,928,2011,0,230
135,928,2011,0,230
136,928,2011,0,230
137,928,2011,0,230
138,928,2011,0,232
139,928,2011,0,231
140,928,2011,0,229
141,928,2011,0,229
142,928,2010,0,229
143,928,2010,0,229
144,929,2010,0,228
145,928,2010,0,227
146,928,2010,0,227
147,928,2011,0,227
148,928,2010,0,227
149,928,2009,0,226
150,928,2009,0,225
151,928,2009,0,225
152,928,2009,0,224
153,927,2009,0,222
154,927,2008,0,223
155,927,2008,0,222
156,927,2008,0,222
157,927,2007,0,221
158,927,2007,0,222
159,927,2007,0,223
160,927,2007,0,222
161,927,2007,0,223
162,927,2007,0,222
163,927,2007,0,222
164,927,2007,0,222
165,927,2007,0,221
166,927,2007,0,221
167,927,2007,0,221
168,927,2007,0,221
169,927,2007,0,221
170,927,2007,0,222
171,927,2007,0,221
172,927,2007,0,221
173,927,2007,0,222
174,927,2007,0,222
175,927,2007,0,222
176,927,2007,0,221
177,927,2007,0,221
178,927,2007,0,221
179,927,2007,0,221
180,927,2007,0,221
181,927,2007,0,220
182,927,2007,0,221
183,927,2006,0,221
184,928,2006,0,221
185,928,2006,0,221
186,928,2006,0,221
187,928,2006,0,221
188,928,2006,0,221
189,928,2006,0,220
190,928,2006,0,220
191,928,2006,0,220
192,928,2006,0,220
193,928,2006,0,221
194,928,2006,0,221
195,928,2006,0,220
196,928,2007,0,220
197,928,2007,0,221
198,928,2007,0,222
199,928,2007,0,222
200,929,2006,0,222
201,929,2007,0,221
202,929,2007,0,222
203,929,2007,0,222
204,929,2007,0,221
205,929,2007,0,222
206,929,2006,0,224
207,929,2006,0,223
208,929,2006,0,223
209,929,2006,0,223
210,929,2006,0,223
211,929,2006,0,223
212,929,2007,0,224
213,929,2006,0,224
214,929,2007,0,223
215,929,2006,0,223
216,929,2006,0,223
217,928,2007,0,223
218,928,2007,0,223
219,929,2007,0,224
220,928,2007,0,224
221,928,2007,0,223
222,928,2007,0,223
223,928,2007,0,223
224,928,2007,0,223
225,928,2007,0,223
226,928,2007,0,223
227,928,2007,0,223
228,928,2007,0,223
229,928,2007,0,223
230,928,2007,0,223
231,928,2007,0,223
232,928,2007,0,223
233,928,2007,0,224
234,928,2007,0,226
235,928,2007,0,224
236,927,2007,0,223
237,928,2007,0,224
238,928,2007,0,224
239,928,2007,0,223
240,928,2007,0,223
241,928,2007,0,223
242,928,2007,0,223
243,928,2007,0,223
244,928,2007,0,223
245,928,2006,0,223
246,928,2007,0,223
247,928,2007,0,223
248,928,2007,0,223
249,928,2007,0,223
250,928,2006,0,223
251,928,2007,0,223
252,928,2006,0,223
253,928,2007,0,223
254,928,2007,0,223
255,929,2007,0,223
256,928,2007,0,223
257,928,2006,0,223
258,929,2006,0,223
259,928,2007,0,223
260,928,2006,0,223
261,928,2006,0,223
262,928,2007,0,223
263,929,2006,0,223
264,929,2006,0,223
265,929,2006,0,223
266,929,2006,0,223
267,929,2006,0,223
268,929,2006,0,223
269,929,2006,0,223
270,929,2006,0,223
271,929,2006,0,223
272,929,2006,0,223
273,929,2006,0,223
274,929,2006,0,223
275,928,2006,0,223
276,929,2006,0,223
277,929,2007,0,223
278,929,2006,0,221
279,929,2006,0,221
280,929,2007,0,221
281,929,2007,0,220
282,929,2005,0,225
283,928,2006,0,222
284,928,2006,0,222
285,928,2006,0,219
286,928,2005,0,219
287,928,2005,0,216
288,929,2005,0,216
289,928,2005,0,214
290,929,2005,0,214
291,929,2005,0,214
292,929,2005,0,214
293,929,2005,0,214
294,929,2005,0,214
295,928,2006,0,214
296,928,2006,0,215
297,928,2006,0,215
298,928,2006,0,216
299,928,2006,0,216
300,928,2006,0,216
301,928,2006,0,216
302,928,2006,0,216
303,928,2006,0,217
304,928,2006,0,216
305,928,2006,0,217
306,928,2006,0,216
307,928,2006,0,216
308,928,2006,0,217
309,928,2006,0,217
310,928,2006,0,217
311,928,2006,0,217
312,928,2006,0,217
313,928,2006,0,217
314,928,2006,0,217
315,928,2006,0,216
316,928,2006,0,216
317,928,2006,0,217
318,928,2006,0,216
319,928,2006,0,216
320,928,2006,0,216
321,928,2006,0,217
322,928,2006,0,217
323,928,2006,0,217
324,928,2006,0,218
325,928,2006,0,217
326,928,2006,0,218
327,928,2006,0,218
328,929,2006,0,218
329,929,2006,0,217
330,928,2005,0,217
331,929,2005,0,217
332,929,2005,0,217
333,929,2005,0,217
334,929,2006,0,217
335,929,2006,0,216
336,928,2006,0,217
337,928,2006,0,217
338,928,2006,0,217
339,929,2005,0,218
340,929,2005,0,218
341,929,2005,0,219
342,929,2005,0,219
343,929,2005,0,219
344,929,2005,0,218
345,929,2005,0,218
346,929,2006,0,217
347,929,2006,0,217
348,929,2006,0,217
349,929,2006,0,217
350,929,2006,0,217
351,929,2006,0,217
352,929,2006,0,217
353,929,2006,0,216
354,928,2006,0,216
355,929,2006,0,217
356,929,2006,0,216
357,928,2006,0,217
358,928,2006,0,217
359,928,2006,0,216
360,928,2006,0,217
361,928,2006,0,217
362,928,2006,0,217
363,928,2006,0,217
364,928,2006,0,217
365,928,2006,0,217
366,928,2006,0,217
367,928,2006,0,217
368,928,2006,0,216
369,928,2006,0,216
370,928,2006,0,216
371,928,2006,0,217
372,928,2006,0,217
373,928,2006,0,216
374,928,2006,0,216
375,928,2006,0,216
376,928,2006,0,216
377,928,2006,0,217
378,928,2006,0,217
379,928,2006,0,216
380,928,2006,0,215
381,928,2006,0,215
382,928,2006,0,216
383,928,2006,0,216
384,928,2006,0,216
385,928,2006,0,217
386,928,2006,0,217
387,928,2006,0,216
388,928,2006,0,217
389,928,2006,0,217
390,928,2005,0,217
391,928,2005,0,217
392,928,2005,0,217
393,928,2005,0,218
394,929,2005,0,218
395,928,2005,0,218
396,928,2005,0,218
397,928,2005,0,217
398,929,2005,0,217
399,929,2005,0,218
400,929,2005,0,217
401,929,2005,0,216
402,929,2006,0,216
403,928,2006,0,216
404,928,2006,0,216
405,929,2006,0,215
406,929,2006,0,214
407,928,2006,0,214
408,929,2006,0,214
409,929,2006,0,215
410,929,2006,0,216
411,929,2005,0,217
412,929,2005,0,217
413,929,2005,0,218
414,929,2005,0,217
415,929,2005,0,217
416,929,2005,0,215
417,929,2006,0,215
418,929,2005,0,217
419,929,2006,0,215
420,929,2005,0,216
421,929,2006,0,215
422,929,2006,0,214
423,929,2005,0,214
424,929,2006,0,214
425,929,2006,0,215
426,929,2006,0,215
427,929,2006,0,215
428,929,2006,0,214
429,929,2006,0,214
430,929,2006,0,215
431,929,2006,0,216
432,929,2006,0,215
433,929,2006,0,216
434,929,2006,0,214
435,929,2006,0,216
436,929,2006,0,215
437,928,2006,0,216
438,927,2007,0,216
439,927,2007,0,216
440,927,2007,0,217
441,926,2007,0,218
442,927,2007,0,217
443,927,2006,0,218
444,927,2006,0,217
445,927,2006,0,218
446,928,2006,0,217
447,929,2005,0,217
448,928,2005,0,219
449,929,2005,0,221
450,928,2005,0,219
451,928,2006,0,221
452,928,2005,0,218
453,929,2006,0,214
454,929,2005,0,217
455,929,2005,0,217
456,929,2005,0,217
457,928,2006,0,217
458,928,2006,0,217
459,929,2006,0,217
460,928,2007,0,217
461,928,2007,0,216
462,927,2007,0,217
463,927,2007,0,217
464,928,2006,0,215
465,927,2007,0,216
466,927,2006,0,219
467,927,2006,0,221
468,928,2006,0,216
469,927,2006,0,216
470,928,2006,0,213
471,927,2007,0,216
472,927,2007,0,215
473,927,2007,0,216
474,928,2008,0,218
475,928,2009,0,223
476,929,2009,0,227
477,931,2007,0,228
478,932,2008,0,232
479,933,2006,0,235
480,932,2006,0,234
481,932,2006,0,233
482,933,2005,0,233
483,933,2005,0,231
484,932,2005,0,230
485,932,2005,0,230
486,932,2005,0,229
487,932,2006,0,227
488,931,2006,0,226
489,931,2006,0,226
490,931,2006,0,225
491,931,2006,0,224
492,931,2006,0,223
493,930,2006,0,222
494,930,2006,0,220
495,930,2006,0,219
496,930,2007,0,219
497,929,2007,0,223
498,930,2007,0,224
499,929,2008,0,224
500,929,2007,0,225
501,929,2008,0,224
502,927,2009,0,224
503,928,2008,0,225
504,929,2008,0,224
505,929,2008,0,222
506,929,2007,0,222
507,930,2007,0,224
508,929,2007,0,223
509,930,2007,0,223
510,930,2007,0,221
511,929,2007,0,221
512,929,2007,0,221
513,929,2007,0,220
514,929,2007,0,220
515,929,2007,0,220
516,928,2007,0,220
517,929,2007,0,219
518,929,2007,0,219
519,929,2007,0,219
520,929,2007,0,219
521,928,2007,0,217
522,928,2007,0,217
523,928,2006,0,217
524,928,2006,0,217
525,928,2006,0,217
526,928,2006,0,217
527,928,2006,0,217
528,928,2006,0,217
529,928,2006,0,217
530,928,2006,0,217
531,928,2006,0,216
532,928,2006,0,216
533,928,2006,0,215
534,928,2006,0,216
535,928,2006,0,215
536,928,2006,0,215
537,928,2006,0,215
538,928,2007,0,214
539,928,2006,0,215
540,928,2007,0,215
541,928,2007,0,215
542,928,2006,0,215
543,928,2007,0,215
544,928,2006,0,215
545,928,2007,0,214
546,928,2007,0,214
547,928,2006,0,215
548,928,2007,0,214
549,928,2006,0,215
550,928,2007,0,215
551,928,2006,0,215
552,928,2007,0,215
553,928,2006,0,215
554,928,2006,0,215
555,928,2006,0,215
556,928,2006,0,216
557,928,2006,0,215
558,929,2005,0,216
559,928,2006,0,215
560,928,2006,0,215
561,928,2006,0,215
562,928,2006,0,215
563,928,2006,0,215
564,928,2006,0,215
565,929,2006,0,215
566,929,2006,0,216
567,929,2006,0,215
568,929,2006,0,215
569,929,2006,0,216
570,929,2006,0,216
571,929,2006,0,215
572,929,2006,0,215
573,929,2005,0,215
574,929,2005,0,215
575,929,2005,0,215
576,929,2005,0,215
577,929,2005,0,215
578,929,2005,0,216
579,929,2005,0,216
580,929,2005,0,217
581,929,2005,0,217
582,929,2005,0,217
583,929,2005,0,217
584,929,2005,0,218
585,929,2005,0,217
586,929,2005,0,217
587,929,2005,0,218
588,929,2005,0,218
589,929,2005,0,217
590,929,2005,0,218
591,929,2005,0,219
592,929,2005,0,218
593,928,2006,0,219
594,928,2007,0,216
595,927,2007,0,219
596,929,2005,0,217
597,936,1993,0,243
598,928,2007,0,206
599,927,2007,0,211
600,927,2007,0,217
601,927,2007,0,215
602,927,2006,0,218
603,927,2006,0,219
604,927,2007,0,220
605,927,2006,0,220
606,927,2006,0,219
607,928,2006,0,217
608,929,2006,0,216
609,928,2006,0,217
610,928,2006,0,216
611,929,2006,0,216
612,929,2006,0,216
613,928,2006,0,215
614,928,2006,0,215
615,928,2006,0,215
616,928,2006,0,216
617,928,2006,0,216
618,928,2006,0,215
619,928,2006,0,215
620,928,2006,0,215
621,928,2006,0,214
622,928,2006,0,214
623,928,2006,0,215
624,927,2006,0,216
625,927,2006,0,216
626,928,2006,0,217
627,927,2006,0,215
628,927,2006,0,216
629,927,2005,0,214
630,927,2006,0,214
631,928,2005,0,214
632,928,2005,0,215
633,928,2005,0,216
634,928,2006,0,213
635,928,2006,0,213
636,928,2006,0,214
637,928,2006,0,216
638,928,2006,0,216
639,928,2006,0,217
640,928,2006,0,218
641,928,2007,0,218
642,928,2007,0,219
643,928,2007,0,219
644,928,2007,0,219
645,928,2007,0,219
646,928,2006,0,218
647,929,2006,0,218
648,929,2006,0,218
649,928,2006,0,219
650,929,2006,0,218
651,929,2006,0,218
652,928,2006,0,218
653,928,2006,0,218
654,929,2005,0,219
655,928,2005,0,220
656,928,2005,0,222
657,928,2004,0,223
658,928,2004,0,223
659,928,2004,0,222
660,928,2004,0,220
661,929,2004,0,218
662,928,2004,0,219
663,929,2004,0,219
664,929,2004,0,217
665,929,2004,0,217
666,929,2004,0,217
667,929,2004,0,218
668,929,2004,0,217
669,929,2004,0,218
670,929,2004,0,217
671,930,2004,0,219
672,929,2004,0,218
673,929,2004,0,218
674,929,2005,0,219
675,931,2006,0,222
676,931,2006,0,222
677,931,2006,0,223
678,931,2006,0,223
679,931,2005,0,223
680,931,2005,0,222
681,930,2006,0,223
682,930,2006,0,222
683,929,2006,0,223
684,929,2006,0,222
685,930,2005,0,221
686,929,2006,0,221
687,929,2006,0,223
688,929,2006,0,220
689,930,2005,0,222
690,929,2005,0,221
691,929,2006,0,220
692,929,2006,0,220
693,929,2006,0,220
694,929,2006,0,220
695,929,2006,0,220
696,930,2005,0,219
697,930,2005,0,217
698,930,2005,0,217
699,930,2005,0,218
700,930,2005,0,218
701,930,2005,0,218
702,930,2006,0,219
703,929,2006,0,219
704,930,2006,0,217
705,930,2007,0,216
706,930,2006,0,217
707,931,2005,0,218
708,930,2006,0,216
709,930,2005,0,216
710,930,2005,0,217
711,931,2005,0,216
712,930,2007,0,212
713,930,2007,0,212
714,930,2007,0,212
715,930,2006,0,211
716,929,2006,0,213
717,929,2006,0,211
718,928,2007,0,213
719,929,2007,0,213
720,928,2007,0,214
721,927,2009,0,212
722,928,2007,0,218
723,927,2008,0,215
724,926,2009,0,216
725,926,2008,0,220
726,926,2007,0,219
727,925,2007,0,220
728,926,2007,0,218
729,925,2007,0,222
730,925,2007,0,219
731,925,2007,0,222
732,925,2007,0,224
733,924,2008,0,220
734,924,2008,0,231
735,924,2008,0,235
736,925,2008,0,236
737,924,2009,0,226
738,924,2009,0,228
739,924,2009,0,229
740,924,2010,0,229
741,924,2009,0,232
742,924,2009,0,234
743,929,2005,0,218
744,928,2006,0,220
745,927,2007,0,217
746,927,2007,0,218
747,926,2007,0,220
748,925,2008,0,221
749,925,2007,0,220
750,926,2007,0,218
751,926,2007,0,215
752,927,2007,0,214
753,926,2007,0,217
754,927,2007,0,214
755,926,2007,0,216
756,926,2007,0,216
757,926,2007,0,215
758,926,2007,0,216
759,926,2007,0,219
760,926,2007,0,222
761,926,2006,0,222
762,926,2006,0,222
763,926,2007,0,222
764,925,2007,0,221
765,926,2006,0,226
766,926,2007,0,221
767,926,2007,0,215
768,927,2007,0,215
769,927,2006,0,218
770,927,2006,0,219
771,927,2006,0,219
772,927,2006,0,218
773,927,2006,0,218
774,927,2007,0,218
775,927,2007,0,217
776,927,2006,0,217
777,927,2007,0,216
778,927,2006,0,216
779,928,2006,0,215
780,928,2006,0,215
781,927,2006,0,218
782,928,2005,0,214
783,926,2006,0,217
784,925,2006,0,218
785,927,2005,0,218
786,928,2004,0,218
787,928,2004,0,216
788,928,2005,0,215
789,928,2004,0,213
790,928,2004,0,212
791,928,2004,0,216
792,928,2004,0,215
793,928,2004,0,213
794,927,2004,0,215
795,928,2004,0,215
796,928,2004,0,214
797,928,2004,0,214
798,927,2005,0,215
799,927,2004,0,215
800,928,2004,0,216
801,928,2004,0,214
802,927,2005,0,212
803,926,2005,0,210
804,927,2005,0,209
805,926,2005,0,211
806,927,2005,0,212
807,928,2005,0,207
808,928,2004,0,207
809,928,2003,0,209
810,929,2003,0,208
811,929,2002,0,208
812,930,2002,0,208
813,930,2002,0,209
814,931,2002,0,210
815,930,2002,0,210
816,929,2002,0,209
817,929,2002,0,209
818,929,2003,0,210
819,929,2003,0,210
820,929,2003,0,210
821,929,2003,0,210
822,929,2003,0,210
823,929,2003,0,210
824,929,2003,0,211
825,930,2002,0,211
826,930,2002,0,210
827,929,2003,0,210
828,930,2003,0,209
829,930,2002,0,210
830,930,2003,0,210
831,930,2002,0,210
832,931,2002,0,211
833,930,2002,0,211
834,930,2003,0,210
835,929,2003,0,210
836,929,2004,0,210
837,931,2002,0,210
838,930,2003,0,211
839,930,2003,0,212
840,929,2004,0,211
841,931,2003,0,210
842,929,2004,0,211
843,930,2004,0,213
844,929,2004,0,213
845,929,2004,0,213
846,929,2004,0,211
847,929,2004,0,211
848,929,2004,0,212
849,931,2003,0,210
850,931,2003,0,211
851,932,2003,0,212
852,932,2003,0,212
853,931,2003,0,213
854,931,2004,0,213
855,931,2004,0,214
856,930,2005,0,215
857,929,2005,0,216
858,931,2004,0,218
859,932,2003,0,217
860,930,2004,0,217
861,931,2004,0,217
862,929,2005,0,217
863,928,2005,0,216
864,930,2004,0,216
865,930,2004,0,215
866,930,2004,0,215
867,929,2005,0,215
868,930,2004,0,216
869,930,2004,0,216
870,932,2002,0,215
871,931,2005,0,208
872,931,2004,0,209
873,930,2004,0,209
874,931,2003,0,212
875,930,2003,0,212
876,930,2003,0,212
877,930,2004,0,212
878,930,2003,0,212
879,930,2004,0,211
880,932,2002,0,212
881,931,2003,0,211
882,930,2004,0,211
883,930,2004,0,212
884,931,2003,0,211
885,930,2004,0,210
886,930,2004,0,210
887,929,2004,0,210
888,929,2004,0,211
889,929,2004,0,211
890,929,2004,0,210
891,930,2004,0,210
892,930,2004,0,211
893,930,2004,0,211
894,929,2004,0,212
895,929,2005,0,211
896,929,2004,0,211
897,928,2005,0,210
898,928,2005,0,210
899,928,2005,0,211
900,928,2005,0,210
901,928,2005,0,210
902,929,2005,0,211
903,928,2005,0,211
904,928,2005,0,211
905,929,2005,0,211
906,929,2004,0,210
907,928,2004,0,211
908,928,2004,0,211
909,928,2004,0,210
910,928,2004,0,210
911,929,2005,0,210
912,929,2005,0,210
913,929,2005,0,210
914,929,2004,0,210
915,929,2005,0,210
916,929,2004,0,211
917,929,2004,0,210
918,929,2004,0,210
919,929,2004,0,210
920,929,2004,0,210
921,929,2004,0,210
922,929,2004,0,210
923,929,2004,0,210
924,929,2004,0,210
925,929,2004,0,210
926,929,2004,0,209
927,929,2004,0,210
928,929,2004,0,210
929,929,2004,0,210
930,929,2004,0,210
931,929,2004,0,210
932,929,2004,0,210
933,929,2004,0,210
934,929,2004,0,209
935,929,2004,0,210
936,929,2004,0,210
937,929,2004,0,209
938,929,2004,0,210
939,929,2004,0,210
940,929,2004,0,209
941,929,2004,0,209
942,929,2004,0,210
943,929,2004,0,210
944,929,2004,0,210
945,929,2004,0,210
946,929,2004,0,214
947,928,2004,0,212
948,927,2005,0,213
949,928,2004,0,213
950,928,2004,0,214
951,929,2003,0,213
952,928,2004,0,213
953,928,2004,0,211
954,928,2004,0,212
955,928,2003,0,211
956,929,2003,0,210
957,929,2003,0,211
958,930,2003,0,211
959,930,2003,0,211
960,930,2002,0,212
961,930,2003,0,213
962,930,2003,0,214
963,931,2002,0,212
964,930,2001,0,212
965,931,2001,0,210
966,930,2001,0,211
967,931,2001,0,210
968,931,2000,0,210
969,931,2000,0,210
970,929,2001,0,210
971,929,2002,0,207
972,929,2001,0,209
973,929,2002,0,208
974,931,2001,0,209
975,931,2001,0,209
976,931,2001,0,208
977,932,2000,0,208
978,930,2001,0,208
979,929,2001,0,207
980,929,2001,0,207
981,929,2001,0,207
982,929,2002,0,206
983,929,2002,0,204
984,929,2002,0,205
985,929,2002,0,205
986,929,2002,0,205
987,929,2002,0,205
988,929,2002,0,205
989,929,2002,0,206
990,928,2002,0,206
991,929,2002,0,206
992,929,2002,0,206
993,929,2002,0,206
994,929,2002,0,206
995,929,2002,0,206
996,929,2002,0,206
997,928,2002,0,206
998,929,2002,0,205
999,929,2002,0,206
1000,929,2002,0,205
1001,929,2002,0,205
1002,929,2002,0,206
1003,929,2002,0,205
1004,929,2002,0,205
1005,929,2002,0,205
1006,929,2002,0,205
1007,929,2002,0,205
1008,929,2002,0,205
1009,929,2002,0,205
1010,929,2002,0,205
1011,929,2002,0,205
1012,929,2002,0,205
1013,929,2002,0,205
1014,929,2002,0,205
1015,928,2002,0,204
1016,928,2003,0,204
1017,928,2003,0,204
1018,928,2003,0,205
1019,929,2003,0,205
1020,928,2003,0,206
1021,929,2003,0,206
1022,929,2003,0,208
1023,929,2003,0,209
1024,929,2003,0,209
1025,929,2003,0,209
1026,929,2003,0,209
1027,929,2003,0,209
1028,929,2003,0,210
1029,929,2003,0,210
1030,929,2004,0,211
1031,929,2004,0,212
1032,928,2004,0,212
1033,929,2004,0,213
1034,928,2004,0,212
1035,928,2004,0,213
1036,928,2004,0,212
1037,928,2003,0,212
1038,928,2003,0,212
1039,928,2003,0,212
1040,929,2003,0,211
1041,929,2003,0,212
1042,929,2003,0,211
1043,929,2003,0,212
1044,929,2003,0,210
1045,929,2003,0,211
1046,929,2003,0,211
1047,929,2003,0,211
1048,928,2003,0,212
1049,928,2004,0,211
1050,929,2004,0,211
1051,929,2004,0,211
1052,929,2003,0,211
1053,929,2003,0,212
1054,928,2004,0,211
1055,928,2004,0,211
1056,928,2004,0,210
1057,928,2003,0,211
1058,928,2003,0,211
1059,928,2003,0,210
1060,929,2003,0,212
1061,928,2004,0,210
1062,928,2004,0,210
1063,928,2004,0,210
1064,929,2003,0,211
1065,928,2003,0,211
1066,928,2004,0,211
1067,929,2003,0,211
1068,928,2004,0,210
1069,929,2004,0,210
1070,929,2004,0,210
1071,929,2004,0,211
1072,929,2004,0,211
1073,929,2004,0,211
1074,929,2003,0,212
1075,929,2003,0,211
1076,930,2003,0,210
1077,929,2003,0,211
1078,930,2003,0,211
1079,929,2003,0,211
1080,929,2003,0,211
1081,929,2003,0,211
1082,929,2004,0,212
1083,929,2004,0,212
1084,929,2004,0,212
1085,929,2005,0,213
1086,928,2005,0,214
1087,928,2005,0,214
1088,928,2005,0,214
1089,928,2005,0,213
1090,929,2005,0,213
1091,929,2005,0,213
1092,929,2005,0,213
1093,929,2005,0,213
1094,928,2005,0,213
1095,928,2005,0,213
1096,928,2005,0,213
1097,929,2005,0,212
1098,929,2005,0,212
1099,928,2005,0,212
1100,929,2005,0,211
1101,928,2006,0,210
1102,928,2005,0,212
1103,928,2005,0,212
1104,928,2005,0,213
1105,929,2005,0,212
1106,929,2005,0,212
1107,929,2005,0,212
1108,929,2005,0,212
1109,929,2005,0,212
1110,929,2005,0,212
1111,929,2005,0,212
1112,928,2005,0,212
1113,926,2005,0,219
1114,925,2006,0,215
1115,924,2007,0,216
1116,926,2006,0,217
1117,927,2005,0,215
1118,927,2006,0,211
1119,927,2006,0,211
1120,926,2006,0,214
1121,927,2006,0,214
1122,928,2005,0,216
1123,928,2005,0,215
1124,928,2005,0,213
1125,928,2005,0,213
1126,928,2005,0,213
1127,928,2005,0,212
1128,928,2005,0,212
1129,928,2005,0,213
1130,929,2005,0,212
1131,928,2006,0,212
1132,928,2005,0,213
1133,928,2005,0,212
1134,928,2005,0,213
1135,928,2005,0,212
1136,928,2006,0,212
1137,928,2006,0,212
1138,928,2006,0,212
1139,928,2006,0,211
1140,928,2006,0,211
1141,927,2006,0,212
1142,928,2006,0,211
1143,928,2006,0,211
1144,928,2006,0,212
1145,928,2006,0,212
1146,928,2006,0,212
1147,928,2006,0,213
1148,928,2006,0,214
1149,928,2006,0,214
1150,928,2006,0,213
1151,928,2006,0,213
1152,928,2006,0,214
1153,928,2006,0,213
1154,928,2006,0,213
1155,928,2006,0,213
1156,928,2006,0,213
1157,928,2006,0,213
1158,929,2006,0,213
1159,929,2005,0,214
1160,929,2005,0,214
1161,929,2005,0,214
1162,929,2006,0,214
1163,929,2005,0,214
1164,929,2005,0,214
1165,929,2005,0,214
1166,929,2005,0,214
1167,929,2005,0,214
1168,929,2005,0,214
1169,929,2005,0,214
1170,929,2005,0,213
1171,929,2005,0,214
1172,929,2005,0,213
1173,929,2005,0,213
1174,929,2005,0,213
1175,929,2005,0,213
1176,929,2005,0,213
1177,929,2005,0,213
1178,929,2005,0,213
1179,929,2005,0,213
1180,929,2005,0,214
1181,929,2005,0,213
1182,928,2006,0,212
1183,928,2006,0,213
1184,929,2006,0,213
1185,929,2006,0,213
1186,928,2006,0,213
1187,928,2006,0,213
1188,928,2006,0,213
1189,928,2006,0,212
1190,928,2006,0,213
1191,928,2006,0,213
1192,929,2006,0,212
1193,929,2006,0,212
1194,929,2006,0,213
1195,929,2005,0,212
1196,929,2005,0,212
1197,929,2006,0,212
1198,928,2006,0,212
1199,929,2005,0,212
1200,929,2006,0,213
1201,928,2006,0,213
1202,928,2006,0,212
1203,929,2006,0,212
1204,929,2006,0,212
1205,928,2006,0,212
1206,928,2006,0,213
1207,928,2006,0,212
1208,928,2006,0,212
1209,928,2006,0,212
1210,928,2006,0,211
1211,928,2006,0,211
1212,928,2006,0,211
1213,928,2006,0,211
1214,928,2006,0,211
1215,928,2006,0,211
1216,928,2006,0,211
1217,928,2006,0,211
1218,928,2006,0,211
1219,928,2006,0,211
1220,928,2006,0,211
1221,928,2006,0,211
1222,928,2006,0,210
1223,928,2006,0,211
1224,929,2005,0,212
1225,928,2006,0,212
1226,928,2006,0,211
1227,928,2006,0,212
1228,928,2006,0,213
1229,928,2006,0,212
1230,927,2006,0,211
1231,927,2006,0,212
1232,928,2006,0,212
1233,928,2006,0,212
1234,928,2006,0,213
1235,927,2006,0,212
1236,927,2006,0,212
1237,927,2006,0,213
1238,927,2006,0,213
1239,927,2006,0,212
1240,928,2006,0,213
1241,927,2006,0,212
1242,928,2006,0,214
1243,927,2006,0,212
1244,928,2006,0,214
1245,928,2006,0,213
1246,927,2006,0,212
1247,927,2006,0,213
1248,927,2006,0,211
1249,927,2006,0,214
1250,927,2006,0,211
1251,927,2006,0,212
1252,928,2006,0,213
1253,928,2006,0,212
1254,928,2006,0,213
1255,929,2005,0,212
1256,929,2006,0,212
1257,928,2006,0,212
1258,929,2006,0,212
1259,928,2006,0,212
1260,929,2005,0,213
1261,929,2006,0,213
1262,928,2006,0,211
1263,928,2006,0,211
1264,928,2006,0,211
1265,929,2006,0,212
1266,928,2006,0,210
1267,928,2006,0,210
1268,929,2006,0,211
1269,929,2006,0,211
1270,929,2006,0,211
1271,929,2006,0,211
1272,929,2006,0,212
1273,929,2006,0,213
1274,929,2006,0,213
1275,929,2006,0,213
1276,928,2006,0,211
1277,929,2006,0,210
1278,929,2006,0,209
1279,929,2005,0,211
1280,929,2006,0,211
1281,928,2006,0,208
1282,929,2005,0,204
1283,929,2005,0,205
1284,929,2005,0,205
1285,929,2005,0,208
1286,929,2004,0,208
1287,929,2004,0,208
1288,928,2004,0,209
1289,928,2005,0,208
1290,928,2005,0,210
1291,929,2004,0,209
1292,928,2005,0,207
1293,929,2005,0,207
1294,929,2005,0,206
1295,928,2005,0,207
1296,928,2005,0,207
1297,927,2005,0,207
1298,928,2005,0,207
1299,929,2005,0,207
1300,929,2005,0,207
1301,929,2005,0,207
1302,929,2004,0,209
1303,929,2005,0,209
1304,929,2005,0,209
1305,929,2005,0,209
1306,929,2005,0,209
1307,929,2005,0,209
1308,929,2005,0,209
1309,929,2005,0,208
1310,929,2004,0,209
1311,929,2004,0,208
1312,929,2004,0,209
1313,929,2004,0,209
1314,929,2004,0,208
1315,929,2004,0,208
1316,929,2004,0,209
1317,929,2004,0,209
1318,929,2004,0,211
1319,928,2004,0,211
1320,928,2004,0,211
1321,928,2005,0,210
1322,928,2005,0,211
1323,928,2005,0,210
1324,928,2005,0,210
1325,928,2005,0,210
1326,928,2005,0,210
1327,927,2005,0,211
1328,928,2005,0,211
1329,927,2004,0,211
1330,927,2004,0,212
1331,928,2004,0,212
1332,927,2005,0,212
1333,927,2005,0,214
1334,927,2005,0,213
1335,927,2004,0,213
1336,927,2004,0,213
1337,928,2004,0,213
1338,928,2004,0,212
1339,928,2004,0,212
1340,928,2004,0,212
1341,929,2004,0,212
1342,929,2004,0,212
1343,929,2004,0,212
1344,929,2004,0,212
1345,928,2004,0,212
1346,928,2004,0,212
1347,928,2004,0,211
1348,928,2004,0,210
1349,929,2004,0,210
1350,929,2004,0,212
1351,929,2004,0,212
1352,928,2004,0,212
1353,928,2004,0,212
1354,929,2004,0,212
1355,929,2004,0,212
1356,929,2004,0,212
1357,929,2004,0,212
1358,929,2004,0,212
1359,929,2004,0,212
1360,929,2004,0,212
1361,929,2004,0,212
1362,929,2004,0,212
1363,929,2004,0,212
1364,929,2004,0,212
1365,929,2004,0,213
1366,929,2004,0,212
1367,929,2004,0,212
1368,929,2004,0,211
1369,928,2004,0,211
1370,928,2004,0,211
1371,928,2004,0,210
1372,928,2004,0,211
1373,928,2003,0,210
1374,928,2003,0,210
1375,928,2003,0,210
1376,928,2003,0,210
1377,928,2003,0,211
1378,928,2003,0,210
1379,928,2003,0,209
1380,928,2003,0,209
1381,928,2003,0,210
1382,929,2003,0,208
1383,928,2003,0,209
1384,928,2003,0,209
1385,928,2003,0,209
1386,928,2003,0,209
1387,928,2003,0,210
1388,928,2003,0,210
1389,928,2003,0,209
1390,928,2003,0,209
1391,928,2003,0,210
1392,929,2003,0,209
1393,928,2003,0,209
1394,928,2003,0,210
1395,928,2003,0,209
1396,928,2003,0,209
1397,929,2003,0,208
1398,929,2003,0,209
1399,929,2004,0,210
1400,929,2004,0,209
1401,929,2004,0,209
1402,929,2004,0,210
1403,929,2004,0,210
1404,929,2004,0,210
1405,929,2004,0,210
1406,929,2004,0,209
1407,929,2004,0,209
1408,929,2004,0,209
1409,929,2004,0,209
1410,929,2004,0,208
1411,929,2004,0,209
1412,929,2004,0,209
1413,929,2004,0,210
1414,929,2003,0,210
1415,929,2003,0,210
1416,929,2003,0,209
1417,929,2003,0,209
1418,929,2003,0,208
1419,929,2003,0,208
1420,929,2003,0,209
1421,929,2003,0,209
1422,929,2003,0,209
1423,929,2003,0,210
1424,929,2003,0,210
1425,929,2003,0,209
1426,929,2003,0,209
1427,929,2003,0,209
1428,929,2003,0,209
1429,929,2003,0,209
1430,929,2003,0,210
1431,929,2003,0,209
1432,929,2003,0,210
1433,929,2003,0,210
1434,929,2003,0,210
1435,929,2003,0,210
1436,929,2003,0,210
1437,929,2003,0,210
1438,929,2003,0,210
1439,929,2003,0,211
1440,929,2003,0,211
1441,928,2004,0,215
1442,928,2004,0,212
1443,928,2005,0,213
1444,928,2004,0,213
1445,928,2004,0,212
1446,928,2004,0,214
1447,928,2004,0,214
1448,928,2004,0,213
1449,928,2004,0,213
1450,928,2004,0,213
1451,928,2004,0,211
1452,928,2004,0,211
1453,928,2004,0,211
1454,928,2004,0,211
1455,928,2004,0,211
1456,928,2004,0,211
1457,928,2004,0,211
1458,928,2004,0,211
1459,929,2004,0,212
1460,928,2004,0,211
1461,928,2004,0,211
1462,928,2004,0,212
1463,928,2004,0,211
1464,928,2004,0,211
1465,928,2004,0,211
1466,928,2004,0,212
1467,928,2004,0,212
1468,928,2004,0,211
1469,928,2004,0,212
1470,928,2004,0,211
1471,928,2004,0,211
1472,928,2004,0,213
1473,928,2004,0,211
1474,928,2004,0,213
1475,928,2004,0,213
1476,928,2004,0,212
1477,928,2004,0,212
1478,928,2004,0,212
1479,928,2004,0,212
1480,928,2004,0,213
1481,928,2004,0,213
1482,928,2004,0,213
1483,928,2004,0,212
1484,928,2004,0,212
1485,928,2004,0,212
1486,928,2004,0,212
1487,928,2004,0,213
1488,928,2004,0,212
1489,929,2004,0,212
1490,928,2004,0,212
1491,929,2004,0,210
1492,929,2004,0,210
1493,929,2004,0,210
1494,929,2004,0,210
1495,929,2004,0,211
1496,929,2004,0,213
1497,928,2005,0,213
1498,928,2005,0,213
1499,928,2005,0,213
1500,928,2005,0,214
1501,928,2005,0,213
1502,928,2005,0,214
1503,928,2005,0,213
1504,928,2005,0,213
1505,928,2005,0,213
1506,928,2005,0,214
1507,928,2005,0,213
1508,928,2005,0,213
1509,929,2004,0,213
1510,929,2004,0,213
1511,928,2004,0,215
1512,928,2004,0,215
1513,928,2005,0,214
1514,929,2005,0,211
1515,929,2004,0,212
1516,929,2004,0,212
1517,929,2004,0,212
1518,929,2005,0,213
1519,929,2004,0,213
1520,929,2004,0,213
1521,928,2005,0,213
1522,929,2004,0,213
1523,929,2004,0,213
1524,929,2004,0,212
1525,929,2004,0,213
1526,929,2005,0,211
1527,929,2005,0,212
1528,929,2004,0,212
1529,929,2005,0,212
1530,929,2005,0,213
1531,929,2004,0,209
1532,929,2003,0,209
1533,929,2004,0,208
1534,928,2004,0,209
1535,927,2003,0,208
1536,928,2003,0,209
1537,926,2003,0,210
1538,927,2003,0,208
1539,928,2003,0,208
1540,927,2003,0,207
1541,928,2003,0,203
1542,928,2003,0,206
1543,928,2003,0,206
1544,928,2003,0,207
1545,929,2002,0,207
1546,929,2002,0,207
1547,929,2002,0,207
1548,929,2003,0,208
1549,929,2003,0,207
1550,928,2003,0,207
1551,928,2003,0,207
1552,928,2003,0,207
1553,928,2003,0,207
1554,928,2003,0,206
1555,928,2003,0,206
1556,928,2003,0,206
1557,928,2002,0,206
1558,928,2003,0,208
1559,928,2003,0,208
1560,928,2002,0,207
1561,928,2003,0,208
1562,928,2002,0,209
1563,928,2002,0,208
1564,928,2002,0,205
1565,928,2002,0,204
1566,929,2001,0,207
1567,928,2001,0,204
1568,928,2002,0,202
1569,928,2002,0,202
1570,927,2002,0,202
1571,926,2002,0,203
1572,925,2002,0,204
1573,925,2002,0,205
1574,925,2002,0,205
1575,924,2002,0,205
1576,922,2003,0,209
1577,922,2003,0,208
1578,922,2002,0,210
1579,923,2002,0,212
1580,924,2002,0,212
1581,923,2002,0,217
1582,923,2003,0,213
1583,925,2002,0,210
1584,926,2002,0,209
1585,926,2002,0,205
1586,928,2002,0,201
1587,928,2002,0,202
1588,929,2001,0,202
1589,929,2002,0,202
1590,929,2002,0,202
1591,930,2001,0,203
1592,930,2001,0,204
1593,929,2001,0,204
1594,929,2001,0,204
1595,929,2001,0,204
1596,929,2002,0,205
1597,929,2002,0,204
1598,929,2002,0,204
1599,929,2002,0,205
1600,929,2002,0,206
1601,929,2002,0,204
1602,928,2003,0,205
1603,928,2002,0,206
1604,928,2002,0,206
1605,928,2002,0,206
1606,928,2002,0,206
1607,928,2002,0,206
1608,928,2003,0,206
1609,928,2003,0,206
1610,928,2003,0,206
1611,928,2002,0,206
1612,928,2002,0,206
1613,928,2002,0,207
1614,929,2002,0,207
1615,928,2003,0,206
1616,928,2003,0,206
1617,928,2003,0,206
1618,928,2003,0,206
1619,928,2003,0,206
1620,929,2002,0,206
1621,929,2002,0,206
1622,929,2002,0,207
1623,929,2002,0,207
1624,929,2003,0,206
1625,929,2003,0,206
1626,929,2003,0,208
1627,929,2002,0,207
1628,929,2003,0,208
1629,929,2002,0,208
1630,929,2002,0,208
1631,929,2003,0,208
1632,929,2003,0,209
1633,929,2002,0,209
1634,929,2003,0,209
1635,929,2003,0,208
1636,929,2003,0,209
1637,929,2003,0,209
1638,929,2002,0,209
1639,929,2003,0,208
1640,929,2003,0,209
1641,929,2002,0,209
1642,929,2002,0,209
1643,929,2003,0,209
1644,929,2002,0,209
1645,929,2003,0,209
1646,929,2003,0,210
1647,928,2003,0,209
1648,928,2003,0,211
1649,928,2003,0,210
1650,928,2003,0,210
1651,928,2003,0,209
1652,928,2003,0,210
1653,928,2003,0,209
1654,928,2003,0,209
1655,928,2003,0,209
1656,928,2003,0,209
1657,928,2003,0,209
1658,928,2003,0,210
1659,928,2003,0,209
1660,928,2003,0,209
1661,928,2003,0,210
1662,928,2003,0,210
1663,928,2003,0,210
1664,928,2003,0,210
1665,928,2003,0,210
1666,928,2003,0,210
1667,928,2003,0,210
1668,928,2003,0,209
1669,928,2003,0,210
1670,928,2003,0,209
1671,928,2003,0,210
1672,928,2003,0,210
1673,928,2003,0,210
1674,928,2003,0,209
1675,928,2003,0,210
1676,928,2003,0,209
1677,928,2003,0,208
1678,928,2003,0,208
1679,929,2003,0,209
1680,928,2003,0,208
1681,928,2003,0,207
1682,929,2003,0,207
1683,929,2003,0,207
1684,929,2003,0,208
1685,928,2003,0,207
1686,928,2003,0,208
1687,929,2003,0,208
1688,928,2003,0,208
1689,929,2003,0,207
1690,928,2003,0,208
1691,927,2005,0,208
1692,925,2007,0,206
1693,924,2009,0,209
1694,923,2011,0,213
1695,923,2013,0,214
1696,921,2014,0,213
1697,920,2015,0,214
1698,920,2014,0,213
1699,919,2015,0,212
1700,918,2015,0,212
1701,917,2016,0,212
1702,917,2015,0,212
1703,917,2015,0,212
1704,918,2015,0,212
1705,917,2015,0,209
1706,917,2015,0,211
1707,916,2015,0,210
1708,916,2015,0,210
1709,916,2016,0,208
1710,915,2017,0,207
1711,915,2017,0,205
1712,915,2016,0,203
1713,915,2015,0,202
1714,915,2015,0,201
1715,915,2015,0,201
1716,914,2015,0,198
1717,915,2014,0,194
1718,915,2013,0,191
1719,916,2013,0,190
1720,917,2014,0,188
1721,917,2014,0,185
1722,916,2015,0,184
1723,917,2014,0,184
1724,916,2015,0,177
1725,914,2016,0,174
1726,914,2015,0,168
1727,916,2015,0,167
1728,916,2017,0,167
1729,917,2019,0,169
1730,918,2021,0,166
1731,920,2022,0,169
1732,920,2023,0,171
1733,921,2023,0,170
1734,922,2023,0,171
1735,921,2023,0,171
1736,921,2024,0,171
1737,921,2024,0,175
1738,921,2024,0,175
1739,922,2024,0,175
1740,921,2024,0,174
1741,921,2024,0,175
1742,921,2024,0,175
1743,920,2025,0,177
1744,920,2025,0,177
1745,919,2025,0,174
1746,918,2025,0,172
1747,918,2025,0,171
1748,919,2025,0,171
1749,919,2025,0,172
1750,919,2025,0,172
1751,920,2025,0,172
1752,920,2025,0,172
1753,920,2025,0,174
1754,917,2025,0,176
1755,914,2026,0,174
1756,914,2026,0,176
1757,914,2026,0,178
1758,913,2026,0,177
1759,914,2026,0,177
1760,915,2025,0,180
1761,915,2025,0,180
1762,915,2024,0,181
1763,916,2022,0,186
1764,917,2020,0,189
1765,918,2020,0,188
1766,918,2020,0,187
1767,919,2018,0,187
1768,919,2018,0,188
1769,919,2019,0,193
1770,919,2019,0,201
1771,917,2020,0,209
1772,915,2019,0,214
1773,916,2019,0,215
1774,916,2018,0,225
1775,917,2018,0,229
1776,917,2017,0,233
1777,919,2017,0,231
1778,919,2017,0,229
1779,920,2017,0,227
1780,919,2017,0,221
1781,917,2017,0,218
1782,918,2016,0,217
1783,918,2016,0,217
1784,918,2015,0,218
1785,917,2015,0,213
1786,915,2016,0,211
1787,914,2017,0,213
1788,913,2018,0,211
1789,913,2019,0,213
1790,912,2020,0,220
1791,912,2019,0,225
1792,913,2019,0,225
1793,913,2019,0,222
1794,913,2019,0,224
1795,914,2018,0,228
1796,913,2017,0,228
1797,914,2016,0,229
1798,915,2015,0,229
1799,915,2015,0,225
1800,915,2015,0,225
1801,915,2015,0,221
1802,916,2015,0,219
1803,916,2015,0,216
1804,915,2015,0,214
1805,916,2015,0,207
1806,916,2014,0,202
1807,915,2014,0,203
1808,914,2014,0,205
1809,912,2014,0,206
1810,911,2014,0,205
1811,910,2015,0,204
1812,911,2013,0,211
1813,912,2011,0,217
1814,912,2009,0,224
1815,911,2008,0,222
1816,911,2009,0,216
1817,913,2007,0,213
1818,913,2007,0,215
1819,914,2007,0,216
1820,914,2007,0,215
1821,913,2007,0,219
1822,913,2007,0,219
1823,913,2007,0,221
1824,912,2008,0,222
1825,912,2009,0,221
1826,911,2011,0,221
1827,911,2010,0,224
1828,911,2011,0,225
1829,910,2012,0,228
1830,911,2012,0,231
1831,911,2013,0,232
1832,912,2013,0,238
1833,913,2011,0,239
1834,914,2008,0,243
1835,916,2005,0,241
1836,916,2003,0,236
1837,916,2004,0,228
1838,918,2001,0,220
1839,924,1998,0,209
1840,937,1994,0,202
1841,942,1988,0,185
1842,947,1985,0,180
1843,948,1979,0,173
1844,951,1977,0,180
1845,955,1975,0,179
1846,957,1977,0,181
1847,960,1980,0,192
1848,959,1978,0,194
1849,961,1978,0,198
1850,963,1979,0,207
1851,967,1978,0,214
1852,967,1975,0,217
1853,966,1972,0,222
1854,967,1969,0,225
1855,966,1966,0,228
1856,967,1962,0,230
1857,965,1959,0,227
1858,967,1957,0,237
1859,967,1957,0,240
1860,967,1957,0,241
1861,967,1957,0,239
1862,968,1957,0,241
1863,968,1956,0,246
1864,966,1958,0,255
1865,966,1956,0,262
1866,965,1956,0,264
1867,964,1955,0,268
1868,963,1955,0,271
1869,963,1955,0,272
1870,963,1954,0,267
1871,963,1953,0,267
1872,962,1953,0,267
1873,962,1953,0,267
1874,962,1953,0,267
1875,962,1953,0,267
1876,962,1953,0,269
1877,962,1953,0,270
1878,962,1953,0,268
1879,962,1953,0,267
1880,962,1953,0,263
1881,962,1953,0,261
1882,962,1952,0,259
1883,962,1953,0,257
1884,962,1953,0,256
1885,962,1952,0,258
1886,962,1952,0,261
1887,962,1951,0,264
1888,962,1951,0,265
1889,962,1952,0,264
1890,961,1953,0,262
1891,961,1953,0,259
1892,961,1954,0,258
1893,960,1953,0,255
1894,961,1954,0,253
1895,960,1954,0,253
1896,960,1955,0,254
1897,961,1954,0,253
1898,960,1954,0,255
1899,960,1954,0,255
1900,960,1953,0,255
1901,960,1954,0,257
1902,960,1953,0,258
1903,960,1953,0,259
1904,960,1953,0,262
1905,960,1953,0,265
1906,960,1953,0,265
1907,960,1953,0,263
1908,961,1953,0,258
1909,961,1953,0,255
1910,961,1953,0,258
1911,961,1953,0,259
1912,961,1953,0,259
1913,961,1953,0,263
1914,961,1953,0,268
1915,961,1954,0,265
1916,962,1954,0,253
1917,962,1954,0,249
1918,963,1955,0,244
1919,965,1956,0,233
1920,968,1956,0,222
1921,973,1956,0,213
1922,977,1956,0,212
1923,982,1956,0,220
1924,987,1952,0,221
1925,991,1949,0,218
1926,996,1944,0,210
1927,998,1944,0,211
1928,997,1944,0,213
1929,1000,1944,0,215
1930,1000,1945,0,211
1931,1000,1945,0,215
1932,1000,1942,0,216
1933,1001,1941,0,214
1934,1001,1941,0,216
1935,1001,1940,0,220
1936,1002,1938,0,221
1937,1003,1938,0,221
1938,1002,1939,0,221
1939,1001,1939,0,216
1940,1001,1938,0,216
1941,1001,1938,0,215
1942,1000,1939,0,213
1943,1001,1939,0,216
1944,1002,1939,0,222
1945,1003,1938,0,219
1946,1003,1938,0,218
1947,1003,1938,0,220
1948,1002,1938,0,219
1949,1002,1938,0,218
1950,1002,1939,0,217
1951,1002,1939,0,219
1952,1002,1939,0,217
1953,1002,1938,0,218
1954,1003,1938,0,221
1955,1003,1938,0,221
1956,1002,1938,0,217
1957,1002,1938,0,218
1958,1001,1939,0,214
1959,998,1938,0,210
1960,997,1939,0,207
1961,999,1939,0,205
1962,1007,1941,0,200
1963,1014,1945,0,191
1964,1018,1946,0,192
1965,1018,1943,0,202
1966,1019,1938,0,204
1967,1022,1936,0,202
1968,1026,1935,0,200
1969,1031,1931,0,209
1970,1033,1931,0,207
1971,1035,1932,0,207
1972,1040,1931,0,201
1973,1047,1930,0,201
1974,1055,1931,0,194
1975,1062,1927,0,196
1976,1068,1927,0,202
1977,1072,1924,0,210
1978,1076,1925,0,219
1979,1076,1924,0,218
1980,1077,1924,0,219
1981,1079,1920,0,225
1985,1079,1922,0,225
1986,1079,1923,0,219
1987,1079,1923,0,210
1988,1081,1923,0,201
1989,1082,1923,0,193
1990,1084,1922,0,190
1991,1084,1923,0,191
1992,1082,1924,0,201
1993,1079,1928,0,215
1994,1078,1929,0,232
1995,1077,1929,0,236
1996,1078,1930,0,237
1997,1077,1930,0,236
1998,1078,1930,0,237
1999,1079,1929,0,239
2000,1083,1927,0,244
2001,1085,1927,0,248
2002,1085,1927,0,246
2003,1086,1927,0,249
2004,1088,1927,0,255
2005,1089,1924,0,253
2006,1090,1923,0,252
2007,1092,1920,0,250
2008,1095,1918,0,248
2009,1095,1915,0,248
2010,1094,1907,0,257
2011,1094,1902,0,273
2012,1094,1898,0,281
2013,1096,1897,0,287
2014,1097,1897,0,291
2015,1099,1894,0,299
2016,1097,1892,0,298
2017,1097,1890,0,307
2018,1097,1890,0,311
2019,1098,1891,0,313
2020,1099,1892,0,311
2021,1100,1894,0,312
2022,1100,1894,0,312
2023,1100,1894,0,310
2024,1099,1895,0,310
2025,1099,1895,0,311
2026,1098,1895,0,312
2027,1098,1896,0,310
2028,1098,1896,0,311
2029,1098,1896,0,310
2030,1098,1896,0,310
2031,1098,1896,0,311
2032,1098,1896,0,311
2033,1099,1896,0,309
2034,1098,1894,0,304
2035,1097,1891,0,306
2036,1096,1885,0,309
2037,1094,1881,0,309
2038,1092,1879,0,311
2039,1090,1876,0,310
2040,1091,1867,0,315
2041,1088,1866,0,313
2042,1084,1865,0,312
2043,1084,1862,0,322
2044,1081,1863,0,316
2045,1081,1863,0,316
2046,1078,1864,0,316
2047,1076,1864,0,320
2048,1073,1862,0,313
2049,1070,1857,0,311
2050,1069,1851,0,315
2051,1064,1848,0,312
2052,1062,1848,0,311
2053,1060,1849,0,312
2054,1061,1846,0,313
2055,1062,1843,0,313
2056,1060,1844,0,311
2057,1059,1846,0,314
2058,1058,1847,0,315
2059,1056,1848,0,316
2060,1056,1850,0,320
2061,1054,1857,0,319
2062,1050,1855,0,311
2063,1048,1854,0,306
2064,1053,1845,0,311
2065,1056,1840,0,314
2066,1052,1834,0,311
2067,1053,1833,0,307
2068,1054,1834,0,305
2069,1054,1834,0,304
2070,1056,1831,0,304
2071,1059,1826,0,304
2072,1058,1819,0,298
2073,1055,1817,0,295
2074,1056,1815,0,291
2075,1058,1813,0,278
2076,1059,1806,0,272
2077,1063,1800,0,275
2078,1063,1797,0,272
2079,1065,1784,0,281
2080,1064,1782,0,277
2081,1064,1779,0,275
2082,1063,1777,0,274
2083,1064,1774,0,279
2084,1064,1766,0,279
2085,1069,1765,0,285
2086,1071,1763,0,283
2087,1071,1761,0,282
2088,1070,1758,0,272
2089,1071,1755,0,271
2090,1071,1751,0,271
2091,1072,1748,0,263
2092,1072,1743,0,263
2093,1073,1742,0,261
2094,1071,1741,0,262
2095,1078,1741,0,269
2096,1079,1742,0,267
2097,1078,1741,0,259
2098,1078,1740,0,256
2099,1078,1743,0,254
2100,1079,1746,0,259
2101,1080,1745,0,257
2102,1079,1745,0,258
2103,1080,1747,0,252
2104,1079,1747,0,254
2105,1080,1748,0,249
2106,1079,1747,0,246
2107,1079,1747,0,238
2108,1081,1749,0,229
2109,1084,1751,0,229
2110,1085,1752,0,224
2111,1089,1753,0,219
2112,1091,1754,0,207
2113,1096,1754,0,199
2114,1096,1755,0,188
2115,1097,1755,0,180
2116,1099,1757,0,180
2117,1097,1758,0,177
2118,1093,1759,0,191
2119,1094,1758,0,186
2120,1094,1757,0,183
2121,1094,1759,0,196
2122,1096,1759,0,199
2123,1098,1764,0,221
2124,1097,1763,0,229
2125,1097,1766,0,231
2126,1096,1771,0,230
2127,1099,1780,0,237
2128,1109,1782,0,215
2129,1106,1783,0,215
2130,1110,1783,0,218
2131,1118,1782,0,229
2132,1124,1778,0,233
2133,1127,1776,0,237
2134,1131,1769,0,242
2135,1129,1772,0,238
2136,1128,1776,0,239
2137,1129,1774,0,249
2138,1130,1769,0,249
2139,1129,1766,0,253
2140,1128,1772,0,251
2141,1128,1771,0,248
2142,1127,1774,0,247
2143,1128,1779,0,235
2144,1128,1778,0,232
2145,1128,1777,0,232
2146,1127,1777,0,232
2147,1126,1776,0,236
2148,1127,1774,0,240
2149,1127,1772,0,240
2150,1126,1772,0,241
2151,1126,1771,0,246
2152,1126,1771,0,250
2153,1126,1773,0,242
2154,1126,1775,0,227
2155,1125,1774,0,219
2156,1126,1773,0,214
2157,1128,1773,0,208
2158,1129,1773,0,199
2159,1135,1774,0,190
2160,1140,1781,0,183
2161,1140,1783,0,179
2162,1140,1782,0,180
2163,1141,1782,0,181
2164,1143,1781,0,181
2165,1143,1781,0,180
2166,1142,1779,0,188
2167,1143,1779,0,189
2168,1144,1775,0,185
2169,1143,1777,0,184
2170,1138,1788,0,195
2171,1138,1788,0,185
2172,1140,1790,0,190
2173,1142,1792,0,198
2174,1145,1789,0,199
2175,1148,1790,0,205
2176,1150,1790,0,209
2177,1154,1789,0,212
2178,1158,1787,0,214
2179,1158,1789,0,210
2180,1160,1789,0,210
2181,1163,1789,0,211
2182,1162,1789,0,203
2183,1162,1790,0,197
2184,1165,1790,0,192
2185,1172,1791,0,191
2186,1173,1791,0,182
2187,1174,1792,0,178
2188,1174,1793,0,183
2189,1175,1793,0,185
2190,1177,1791,0,183
2191,1177,1791,0,184
2192,1173,1789,0,186
2193,1171,1788,0,184
2194,1171,1789,0,185
2195,1171,1790,0,185
2196,1168,1791,0,184
2197,1167,1792,0,181
2198,1167,1791,0,177
2199,1167,1791,0,171
2200,1168,1792,0,168
2201,1168,1792,0,166
2202,1168,1792,0,165
2203,1167,1792,0,164
2204,1170,1792,0,169
2205,1172,1792,0,158
2206,1171,1793,0,156
2207,1170,1793,0,159
2208,1170,1795,0,164
2209,1169,1795,0,165
2210,1170,1795,0,163
2211,1173,1796,0,161
2212,1173,1796,0,161
2213,1173,1797,0,166
2214,1174,1797,0,170
2215,1176,1796,0,175
2216,1178,1796,0,181
2217,1184,1796,0,194
2218,1189,1794,0,191
2219,1195,1794,0,190
2220,1198,1795,0,196
2221,1202,1796,0,189
2222,1206,1797,0,188
2223,1209,1798,0,197
2224,1212,1798,0,202
2225,1212,1798,0,204
2226,1211,1798,0,206
2227,1211,1798,0,217
2228,1210,1797,0,222
2229,1211,1795,0,228
2230,1210,1792,0,237
2231,1211,1789,0,242
2232,1210,1789,0,242
2233,1209,1789,0,248
2234,1208,1790,0,252
2235,1206,1794,0,247
2236,1203,1795,0,246
2237,1202,1796,0,247
2238,1203,1795,0,248
2239,1203,1795,0,251
2240,1203,1795,0,254
2241,1204,1795,0,253
2242,1205,1794,0,261
2243,1205,1790,0,267
2244,1205,1788,0,269
2245,1207,1784,0,268
2246,1208,1782,0,260
2247,1208,1781,0,259
2248,1207,1779,0,261
2249,1208,1778,0,262
2250,1207,1778,0,262
2251,1207,1778,0,260
2252,1208,1778,0,258
2253,1208,1783,0,249
2254,1207,1784,0,242
2255,1206,1785,0,241
2256,1205,1786,0,228
2257,1204,1787,0,222
2258,1203,1787,0,219
2259,1203,1788,0,216
2260,1202,1791,0,212
2261,1204,1793,0,212
2262,1203,1797,0,206
2263,1203,1798,0,202
2264,1206,1798,0,197
2265,1209,1797,0,195
2266,1212,1797,0,210
2267,1216,1794,0,219
2268,1215,1792,0,219
2269,1214,1793,0,215
2270,1216,1790,0,216
2271,1220,1787,0,223
2272,1223,1785,0,220
2273,1226,1783,0,224
2274,1230,1780,0,224
2275,1230,1778,0,224
2276,1232,1774,0,222
2277,1232,1774,0,223
2278,1233,1772,0,231
2279,1231,1770,0,228
2280,1231,1768,0,226
2281,1232,1768,0,224
2282,1236,1770,0,230
2283,1237,1768,0,240
2284,1236,1768,0,246
2285,1237,1769,0,252
2286,1238,1769,0,252
2287,1238,1768,0,252
2288,1238,1767,0,253
2289,1240,1768,0,261
2290,1240,1769,0,261
2291,1239,1769,0,260
2292,1237,1767,0,256
2293,1232,1766,0,261
2294,1236,1758,0,287
2295,1236,1755,0,290
2296,1232,1752,0,290
2297,1231,1749,0,289
2298,1231,1746,0,299
2299,1244,1737,0,320
2300,1245,1737,0,324
2301,1246,1737,0,327
2302,1245,1736,0,329
2303,1245,1734,0,331
2304,1246,1734,0,331
2305,1246,1734,0,332
2306,1245,1733,0,331
2307,1244,1732,0,332
2308,1243,1731,0,330
2309,1244,1730,0,331
2310,1244,1730,0,331
2311,1242,1729,0,333
2312,1240,1728,0,339
2313,1240,1731,0,332
2314,1239,1731,0,335
2315,1236,1730,0,337
2316,1240,1730,0,342
2317,1245,1731,0,335
2318,1247,1730,0,341
2319,1246,1730,0,339
2320,1246,1729,0,339
2321,1246,1730,0,344
2322,1245,1730,0,342
2323,1245,1730,0,348
2324,1243,1728,0,348
2325,1240,1726,0,348
2326,1237,1725,0,343
2327,1238,1724,0,344
2328,1238,1723,0,344
2329,1237,1722,0,342
2330,1235,1721,0,338
2331,1235,1721,0,341
2332,1236,1723,0,344
2333,1235,1725,0,348
2334,1235,1724,0,353
2335,1234,1722,0,0
2336,1234,1720,0,3
2337,1234,1721,0,1
2338,1233,1721,0,1
2339,1232,1721,0,359
2340,1231,1718,0,1
2341,1232,1718,0,4
2342,1233,1721,0,8
2343,1234,1726,0,0
2344,1234,1726,0,359
2345,1234,1719,0,359
2346,1233,1721,0,357
2347,1232,1719,0,354
2348,1234,1719,0,357
2349,1232,1719,0,0
2350,1232,1716,0,4
2351,1233,1717,0,8
2352,1233,1717,0,11
2353,1232,1719,0,9
2354,1232,1719,0,10
2355,1233,1717,0,13
2356,1240,1710,0,11
2357,1242,1709,0,12
2358,1245,1712,0,13
2359,1249,1713,0,14
2360,1252,1715,0,16
2361,1257,1716,0,17
2362,1264,1718,0,21
2363,1266,1719,0,21
2364,1265,1721,0,21
2365,1262,1721,0,14
2366,1260,1721,0,13
2367,1260,1720,0,13
2368,1261,1718,0,9
2369,1260,1717,0,5
2370,1260,1714,0,4
2371,1259,1707,0,357
2372,1257,1706,0,351
2373,1256,1704,0,344
2374,1254,1701,0,348
2375,1257,1701,0,349
2376,1256,1703,0,354
2377,1257,1703,0,354
2378,1257,1704,0,355
2379,1256,1702,0,357
2380,1256,1702,0,358
2381,1257,1702,0,358
2382,1255,1704,0,358
2383,1255,1705,0,2
2384,1256,1706,0,359
2385,1254,1700,0,354
2386,1254,1701,0,354
2387,1257,1705,0,351
2388,1254,1706,0,354
2389,1252,1707,0,350
2390,1251,1707,0,348
2391,1252,1709,0,349
2392,1253,1711,0,347
2393,1253,1712,0,343
2394,1253,1712,0,345
2395,1252,1709,0,348
2396,1250,1711,0,349
2397,1251,1712,0,347
2398,1253,1712,0,348
2399,1253,1711,0,349
2400,1253,1709,0,352
2401,1252,1711,0,352
2402,1252,1711,0,348
2403,1252,1710,0,353
2404,1251,1715,0,347
2405,1250,1712,0,343
2406,1250,1712,0,339
2407,1250,1705,0,337
2408,1249,1702,0,341
2409,1245,1705,0,342
2410,1246,1709,0,341
2411,1245,1710,0,333
2412,1251,1722,0,334
2413,1249,1723,0,346
2414,1248,1724,0,343
2415,1249,1724,0,341
2416,1250,1725,0,339
2417,1250,1725,0,337
2418,1251,1724,0,336
2419,1251,1722,0,336
2420,1250,1721,0,335
2421,1251,1720,0,334
2422,1253,1717,0,339
2423,1253,1715,0,336
2424,1253,1714,0,334
2425,1253,1714,0,329
2426,1255,1717,0,327
2427,1259,1719,0,333
2428,1258,1720,0,335
2429,1259,1720,0,333
2430,1258,1721,0,339
2431,1258,1720,0,328
2432,1257,1720,0,326
2433,1257,1721,0,326
2434,1257,1719,0,327
2435,1257,1719,0,328
2436,1259,1717,0,338
2437,1258,1716,0,340
2438,1258,1718,0,340
2439,1254,1724,0,334
2440,1255,1722,0,334
2441,1256,1720,0,337
2442,1256,1719,0,338
2443,1257,1718,0,340
2444,1258,1716,0,342
2445,1258,1717,0,339
2446,1257,1725,0,344
2447,1256,1723,0,338
2448,1256,1721,0,344
2449,1256,1723,0,333
2450,1254,1723,0,352
2451,1259,1721,0,351
2452,1260,1719,0,334
2453,1259,1717,0,343
2454,1257,1719,0,335
2455,1257,1721,0,333
2456,1259,1723,0,329
2457,1258,1724,0,328
2458,1252,1731,0,319
2459,1251,1732,0,311
2460,1253,1733,0,307
2461,1255,1731,0,313
2462,1256,1730,0,311
2463,1266,1729,0,309
2464,1272,1726,0,311
2465,1278,1723,0,302
2466,1278,1720,0,295
2467,1280,1718,0,290
2468,1281,1711,0,286
2469,1283,1707,0,296
2470,1282,1705,0,291
2471,1283,1700,0,286
2472,1283,1693,0,280
2473,1284,1692,0,273
2474,1281,1690,0,272
2475,1287,1688,0,266
2476,1287,1682,0,268
2477,1285,1680,0,269
2478,1286,1674,0,265
2479,1284,1669,0,258
2480,1282,1667,0,248
2481,1282,1666,0,242
2482,1283,1666,0,230
2483,1285,1665,0,235
2484,1285,1657,0,234
2485,1293,1650,0,244
2486,1294,1648,0,245
2487,1297,1649,0,257
2488,1300,1647,0,263
2489,1299,1645,0,263
2490,1297,1643,0,263
2491,1298,1642,0,269
2492,1297,1643,0,278
2493,1294,1641,0,285
2494,1293,1639,0,286
2495,1288,1636,0,286
2496,1286,1632,0,289
2497,1286,1629,0,290
2498,1286,1627,0,293
2499,1286,1625,0,304
2500,1287,1624,0,306
2501,1285,1622,0,311
2502,1282,1620,0,309
2503,1281,1619,0,308
2504,1279,1616,0,307
2505,1278,1612,0,319
2506,1273,1610,0,317
2507,1274,1612,0,312
2508,1274,1609,0,309
2509,1271,1604,0,302
2510,1273,1604,0,300
2511,1276,1604,0,307
2512,1278,1603,0,309
2513,1276,1601,0,307
2514,1274,1600,0,303
2515,1272,1598,0,294
2516,1270,1596,0,293
2517,1268,1594,0,296
2518,1266,1592,0,296
2519,1264,1593,0,300
2520,1264,1593,0,301
2521,1262,1592,0,304
2522,1262,1589,0,306
2523,1261,1585,0,305
2524,1255,1580,0,308
2525,1250,1576,0,315
2526,1249,1574,0,316
2527,1243,1568,0,322
2528,1241,1567,0,316
2529,1237,1570,0,310
2530,1231,1571,0,297
2531,1226,1571,0,295
2532,1222,1566,0,295
2533,1219,1562,0,292
2534,1216,1558,0,290
2535,1214,1554,0,293
2536,1213,1550,0,300
2537,1209,1545,0,306
2538,1208,1540,0,305
2539,1210,1536,0,306
2540,1207,1535,0,297
2541,1206,1533,0,299
2542,1206,1532,0,296
2543,1206,1531,0,296
2544,1206,1531,0,296
2545,1205,1530,0,295
2546,1205,1528,0,299
2547,1205,1528,0,296
2548,1201,1527,0,294
2549,1200,1526,0,300
2550,1202,1527,0,302
2551,1202,1526,0,296
2552,1200,1524,0,299
2553,1195,1529,0,293
2554,1191,1534,0,294
2555,1193,1534,0,292
2556,1193,1529,0,301
2557,1194,1528,0,302
2558,1192,1530,0,294
2559,1191,1529,0,295
2560,1189,1528,0,291
2561,1191,1526,0,295
2562,1191,1526,0,298
2563,1191,1526,0,303
2564,1192,1527,0,304
2565,1193,1528,0,305
2566,1191,1529,0,305
2567,1190,1529,0,304
2568,1186,1533,0,309
2569,1180,1539,0,323
2570,1178,1540,0,320
2571,1174,1542,0,314
2572,1173,1540,0,313
2573,1173,1543,0,320
2574,1172,1543,0,317
2575,1171,1543,0,313
2576,1171,1541,0,309
2577,1169,1540,0,304
2578,1169,1539,0,302
2579,1169,1539,0,305
2580,1168,1538,0,306
2581,1166,1540,0,318
2582,1166,1541,0,325
2583,1164,1541,0,330
2584,1161,1543,0,340
2585,1157,1548,0,350
2586,1152,1546,0,349
2587,1153,1542,0,349
2588,1152,1541,0,356
2589,1154,1543,0,6
2590,1155,1545,0,16
2591,1155,1544,0,16
2592,1158,1542,0,15
2593,1160,1543,0,11
2594,1160,1540,0,3
2595,1159,1542,0,6
2596,1157,1542,0,11
2597,1155,1540,0,15
2598,1151,1538,0,25
2599,1147,1537,0,29
2600,1141,1537,0,37
2601,1140,1539,0,48
2602,1143,1543,0,53
2603,1142,1544,0,64
2604,1148,1548,0,80
2605,1149,1552,0,85
2606,1150,1557,0,87
2607,1155,1563,0,92
2608,1162,1566,0,94
2609,1163,1569,0,100
2610,1161,1571,0,102
2611,1162,1571,0,101
2612,1162,1571,0,100
2613,1162,1571,0,95
2614,1163,1568,0,88
2615,1161,1568,0,80
2616,1161,1572,0,69
2617,1161,1572,0,64
2618,1162,1577,0,62
2619,1168,1586,0,51
2620,1165,1588,0,56
2621,1165,1589,0,53
2622,1162,1591,0,49
2623,1154,1598,0,42
2624,1152,1606,0,29
2625,1149,1604,0,28
2626,1147,1605,0,25
2627,1146,1605,0,20
2628,1145,1604,0,16
2629,1142,1605,0,9
2630,1139,1604,0,7
2631,1138,1603,0,10
2632,1137,1603,0,13
2633,1137,1603,0,15
2634,1137,1603,0,16
2635,1135,1602,0,17
2636,1135,1601,0,21
2637,1135,1601,0,19
2638,1134,1601,0,17
2639,1134,1601,0,17
2640,1134,1600,0,19
2641,1133,1600,0,19
2642,1135,1601,0,17
2643,1135,1600,0,21
2644,1135,1597,0,20
2645,1133,1595,0,23
2646,1129,1595,0,26
2647,1125,1595,0,24
2648,1123,1593,0,26
2649,1122,1601,0,18
2650,1120,1605,0,19
2651,1118,1605,0,24
2652,1117,1604,0,27
2653,1116,1604,0,31
2654,1114,1603,0,35
2655,1112,1602,0,35
2656,1110,1603,0,30
2657,1109,1603,0,28
2658,1108,1603,0,28
2659,1108,1602,0,25
2660,1105,1601,0,22
2661,1105,1601,0,21
2662,1105,1602,0,21
2663,1106,1602,0,19
2664,1102,1598,0,22
2665,1099,1599,0,25
2666,1097,1600,0,23
2667,1098,1599,0,18
2668,1096,1597,0,20
2669,1100,1593,0,22
2670,1107,1593,0,14
2671,1106,1593,0,6
2672,1104,1593,0,8
2673,1103,1594,0,10
2674,1104,1594,0,10
2675,1105,1595,0,11
2676,1107,1591,0,3
2677,1108,1592,0,6
2678,1108,1594,0,6
2679,1110,1594,0,11
2680,1116,1595,0,11
2681,1115,1596,0,11
2682,1114,1596,0,9
2683,1116,1598,0,5
2684,1116,1597,0,8
2685,1116,1596,0,19
2686,1114,1594,0,17
2687,1114,1594,0,16
2688,1112,1594,0,12
2689,1110,1591,0,10
2690,1107,1593,0,13
2691,1107,1593,0,12
2692,1108,1591,0,13
2693,1103,1584,0,22
2694,1101,1586,0,22
2695,1096,1589,0,18
2696,1099,1592,0,16
2697,1098,1591,0,8
2698,1099,1590,0,7
2699,1096,1584,0,1
2700,1093,1579,0,355
2701,1088,1575,0,340
2702,1081,1571,0,339
2703,1077,1566,0,336
2704,1079,1561,0,325
2705,1075,1556,0,314
2706,1068,1550,0,317
2707,1064,1546,0,319
2708,1062,1539,0,315
2709,1057,1534,0,310
2710,1053,1525,0,302
2711,1049,1522,0,303
2712,1043,1516,0,315
2713,1039,1510,0,311
2714,1033,1503,0,311
2715,1031,1500,0,311
2716,1027,1499,0,313
2717,1026,1497,0,328
2718,1019,1493,0,334
2719,1013,1493,0,328
2720,1010,1487,0,324
2721,1009,1485,0,319
2722,1012,1486,0,320
2723,1013,1481,0,318
2724,1009,1478,0,321
2725,1012,1474,0,330
2726,1012,1475,0,330
2727,1013,1476,0,329
2728,1012,1477,0,329
2729,1015,1473,0,330
2730,1017,1466,0,329
2731,1015,1462,0,330
2732,1016,1457,0,323
2733,1016,1456,0,320
2734,1012,1451,0,311
2735,1011,1448,0,307
2736,1009,1443,0,309
2737,1010,1442,0,309
2738,1006,1442,0,307
2739,1010,1440,0,310
2740,1011,1437,0,306
2741,1010,1431,0,300
2742,1008,1427,0,293
2743,1001,1430,0,284
2744,996,1433,0,277
2745,988,1438,0,267
2746,986,1441,0,272
2747,987,1441,0,269
2748,991,1438,0,274
2749,992,1430,0,279
2750,991,1425,0,282
2751,992,1420,0,278
2752,991,1418,0,278
2753,995,1417,0,281
2754,994,1414,0,291
2755,989,1414,0,306
2756,991,1416,0,297
2757,993,1414,0,297
2758,999,1414,0,290
2759,1001,1413,0,286
2760,1000,1410,0,274
2761,999,1407,0,273
2762,997,1402,0,273
2763,1004,1401,0,280
2764,1011,1398,0,272
2765,1014,1395,0,260
2766,1014,1388,0,251
2767,1013,1388,0,254
2768,1019,1382,0,259
2769,1020,1374,0,253
2770,1024,1370,0,253
2771,1026,1364,0,252
2772,1031,1362,0,256
2773,1035,1367,0,256
2774,1038,1368,0,251
2775,1039,1371,0,258
2776,1039,1373,0,277
2777,1036,1373,0,282
2778,1035,1371,0,288
2779,1033,1367,0,286
2780,1032,1367,0,292
2781,1031,1365,0,297
2782,1028,1360,0,301
2783,1023,1355,0,305
2784,1020,1352,0,310
2785,1015,1347,0,319
2786,1012,1343,0,315
2787,1008,1336,0,320
2788,998,1333,0,319
2789,997,1324,0,323
2790,991,1313,0,318
2791,989,1311,0,314
2792,986,1311,0,313
2793,997,1310,0,330
2794,989,1307,0,320
2795,982,1304,0,322
2796,973,1299,0,325
2797,964,1299,0,328
2798,958,1292,0,329
2799,956,1287,0,328
2800,956,1282,0,318
2801,954,1277,0,312
2802,952,1273,0,311
2803,945,1269,0,313
2804,939,1266,0,316
2805,934,1262,0,315
2806,929,1257,0,333
2807,913,1249,0,345
2808,904,1243,0,347
2809,893,1232,0,349
2810,889,1235,0,341
2811,887,1236,0,339
2812,888,1234,0,338
2813,885,1234,0,337
2814,881,1234,0,333
2815,878,1233,0,334
2816,878,1233,0,332
2817,877,1233,0,331
2818,875,1232,0,327
2819,874,1232,0,328
2820,873,1231,0,327
2823,875,1230,0,333
2824,877,1232,0,335
2825,883,1234,0,338
2826,884,1238,0,345
2827,879,1236,0,342
2828,872,1229,0,338
2829,865,1229,0,330
2830,861,1228,0,331
2831,857,1228,0,334
2832,848,1229,0,341
2833,843,1225,0,353
2834,843,1223,0,355
2835,838,1223,0,356
2836,831,1223,0,356
2837,825,1225,0,351
2838,818,1223,0,350
2839,815,1219,0,347
2840,819,1212,0,339
2841,817,1214,0,340
2842,808,1211,0,336
2843,802,1210,0,331
2844,800,1210,0,336
2845,800,1211,0,344
2846,798,1215,0,347
2847,793,1215,0,351
2848,788,1216,0,358
2849,784,1217,0,3
2850,789,1214,0,4
2851,786,1212,0,4
2852,779,1216,0,358
2853,774,1207,0,352
2854,770,1204,0,344
2855,769,1201,0,344
2856,768,1199,0,331
2857,765,1198,0,329
2858,764,1196,0,331
2859,768,1197,0,337
2860,771,1197,0,342
2861,771,1198,0,342
2862,770,1199,0,347
2863,770,1202,0,347
2864,767,1202,0,350
2865,764,1201,0,353
2866,764,1201,0,358
2867,762,1210,0,357
2868,762,1214,0,7
2869,760,1220,0,14
2870,760,1225,0,24
2871,757,1225,0,34
2872,752,1228,0,35
2873,749,1234,0,31
2874,744,1241,0,29
2875,738,1244,0,31
2876,736,1250,0,29
2877,735,1254,0,38
2878,731,1259,0,49
2879,732,1263,0,58
2880,731,1264,0,61
2881,731,1267,0,52
2882,731,1267,0,50
2883,731,1268,0,51
2884,730,1272,0,56
2885,729,1276,0,62
2886,722,1281,0,57
2887,717,1292,0,61
2888,715,1300,0,55
2889,715,1308,0,43
2890,709,1314,0,35
2891,704,1313,0,28
2892,695,1316,0,23
2893,692,1317,0,18
2894,690,1315,0,17
2895,691,1313,0,16
2896,693,1314,0,13
2897,692,1315,0,8
2898,690,1317,0,10
2899,688,1318,0,6
2900,687,1319,0,6
2901,686,1317,0,6
2902,687,1316,0,10
2903,687,1318,0,7
2904,688,1318,0,9
2905,691,1319,0,8
2906,689,1318,0,8
2907,688,1319,0,9
2908,685,1320,0,9
2909,685,1320,0,7
2910,687,1324,0,7
2911,688,1323,0,13
2912,687,1324,0,8
2913,686,1326,0,4
2914,683,1328,0,2
2915,680,1326,0,2
2916,679,1325,0,359
2917,677,1327,0,356
2918,674,1325,0,358
2919,674,1324,0,356
2920,680,1325,0,7
2921,679,1326,0,1
2922,680,1324,0,359
2923,679,1322,0,356
2924,678,1321,0,357
2925,680,1320,0,2
2926,680,1323,0,359
2927,679,1323,0,356
2928,675,1320,0,347
2929,674,1314,0,332
2930,666,1308,0,336
2931,660,1309,0,341
2932,655,1305,0,345
2933,650,1304,0,344
2934,648,1302,0,348
2935,647,1300,0,349
2936,646,1297,0,354
2937,646,1296,0,357
2938,644,1295,0,2
2939,642,1292,0,5
2940,639,1292,0,5
2941,640,1294,0,4
2942,641,1294,0,6
2943,639,1295,0,9
2944,634,1294,0,15
2945,632,1296,0,19
2946,630,1297,0,24
2947,630,1293,0,17
2948,637,1293,0,2
2949,636,1293,0,359
2950,635,1293,0,353
2951,635,1293,0,352
2952,636,1291,0,350
2953,638,1290,0,347
2954,637,1289,0,345
2955,638,1286,0,339
2956,632,1282,0,331
2957,630,1275,0,337
2958,623,1275,0,341
2959,620,1271,0,337
2960,615,1266,0,340
2961,605,1265,0,329
2962,598,1258,0,332
2963,597,1253,0,330
2964,593,1247,0,337
2965,588,1250,0,334
2966,586,1250,0,334
2967,577,1250,0,329
2968,573,1242,0,333
2969,572,1240,0,332
2970,570,1239,0,331
2971,564,1237,0,327
2972,564,1236,0,331
2973,561,1232,0,329
2974,559,1230,0,328
2975,548,1228,0,322
2976,545,1224,0,317
2977,545,1212,0,312
2978,534,1208,0,301
2979,526,1203,0,306
2980,525,1195,0,286
2981,527,1199,0,276
2982,531,1195,0,277
2983,531,1188,0,277
2984,524,1178,0,279
2985,525,1173,0,281
2986,522,1173,0,294
2987,517,1169,0,300
2988,512,1163,0,303
2989,507,1160,0,313
2990,507,1156,0,321
2991,503,1155,0,325
2992,501,1150,0,321
2993,496,1150,0,319
2994,495,1148,0,315
2995,492,1142,0,321
2996,483,1144,0,327
2997,478,1137,0,332
2998,474,1130,0,329
2999,470,1129,0,331
