50,232,1730,1,353
51,233,1731,1,317
52,234,1731,1,328
53,234,1730,1,319
55,236,1731,1,329
56,236,1731,1,324
59,234,1734,1,81
60,234,1735,1,76
61,234,1735,1,80
62,233,1735,1,278
63,233,1736,1,270
66,234,1736,1,315
67,233,1735,1,296
70,232,1734,1,115
71,231,1735,1,103
72,231,1736,1,105
73,231,1736,1,102
74,231,1737,1,93
75,231,1737,1,87
76,231,1738,1,93
77,231,1738,1,94
78,231,1739,1,95
79,230,1739,1,108
80,229,1738,1,93
81,229,1737,1,56
82,231,1738,1,70
83,231,1738,1,72
84,231,1738,1,75
85,231,1738,1,73
86,231,1740,1,66
87,230,1740,1,59
88,230,1740,1,48
89,229,1740,1,43
90,229,1739,1,46
91,230,1739,1,47
92,231,1738,1,42
93,231,1739,1,47
94,230,1739,1,45
95,229,1740,1,42
96,228,1740,1,39
97,229,1741,1,39
98,229,1740,1,44
99,230,1739,1,39
100,230,1739,1,40
101,229,1739,1,44
102,228,1739,1,39
103,228,1740,1,28
104,227,1740,1,32
105,228,1739,1,39
106,228,1739,1,46
107,228,1739,1,47
108,229,1739,1,43
109,229,1739,1,42
110,227,1739,1,29
111,226,1740,1,20
112,226,1740,1,6
113,227,1740,1,26
114,226,1740,1,31
115,226,1740,1,37
117,227,1739,1,46
118,227,1739,1,38
119,227,1740,1,34
120,228,1739,1,23
121,229,1738,1,11
122,229,1738,1,10
123,228,1737,1,37
124,228,1738,1,33
125,228,1738,1,10
126,227,1738,1,11
127,227,1739,1,31
128,227,1739,1,31
129,226,1739,1,34
130,227,1739,1,36
131,227,1739,1,45
132,227,1739,1,55
135,227,1739,1,29
136,226,1739,1,36
137,226,1739,1,35
138,227,1738,1,48
139,227,1738,1,54
140,227,1738,1,47
141,227,1738,1,55
142,227,1738,1,57
143,227,1738,1,61
144,226,1739,1,65
145,226,1739,1,63
146,226,1739,1,55
147,226,1739,1,53
148,226,1739,1,45
149,226,1739,1,44
150,226,1739,1,56
151,226,1739,1,53
152,226,1739,1,54
153,227,1739,1,57
154,226,1739,1,49
155,226,1739,1,49
156,227,1739,1,44
157,227,1739,1,45
158,228,1739,1,43
159,227,1739,1,38
160,227,1738,1,42
161,228,1738,1,44
162,227,1738,1,49
163,227,1739,1,50
164,227,1739,1,50
165,227,1739,1,47
166,227,1739,1,49
167,227,1739,1,46
168,227,1739,1,45
169,227,1739,1,48
170,227,1739,1,49
171,227,1739,1,49
172,227,1739,1,44
173,227,1739,1,42
174,228,1739,1,43
175,227,1739,1,47
176,226,1739,1,49
177,226,1741,1,60
178,226,1740,1,53
179,225,1741,1,68
180,225,1741,1,56
181,226,1740,1,50
182,226,1740,1,49
183,226,1740,1,54
184,226,1740,1,53
185,227,1740,1,45
186,228,1739,1,43
187,228,1739,1,41
188,226,1740,1,45
189,226,1740,1,44
190,226,1739,1,44
191,227,1739,1,45
192,227,1739,1,46
193,228,1739,1,41
194,228,1738,1,47
195,228,1738,1,45
196,229,1738,1,46
197,229,1738,1,47
198,229,1738,1,46
199,229,1738,1,48
200,229,1738,1,44
201,229,1738,1,46
202,229,1738,1,45
203,229,1738,1,48
204,229,1738,1,44
205,229,1738,1,44
206,229,1738,1,41
207,229,1738,1,44
208,229,1738,1,45
209,229,1738,1,47
210,229,1738,1,43
211,229,1738,1,42
212,229,1738,1,47
213,229,1738,1,45
214,229,1738,1,43
215,229,1738,1,42
216,229,1738,1,43
217,229,1738,1,38
218,229,1738,1,36
219,229,1738,1,36
220,229,1738,1,43
221,229,1738,1,39
222,228,1738,1,38
223,228,1738,1,34
224,228,1738,1,34
225,228,1738,1,33
226,229,1738,1,33
227,229,1737,1,35
228,229,1737,1,34
229,229,1737,1,33
230,229,1737,1,23
231,229,1737,1,36
232,229,1737,1,27
233,229,1737,1,30
234,229,1737,1,37
235,229,1738,1,37
236,228,1738,1,32
237,229,1738,1,34
238,228,1737,1,35
239,229,1737,1,30
240,229,1737,1,34
241,228,1738,1,35
242,228,1738,1,36
243,229,1738,1,32
244,228,1738,1,34
245,227,1737,1,31
246,228,1738,1,23
247,229,1738,1,33
248,228,1738,1,49
249,227,1738,1,78
250,229,1738,1,74
251,229,1738,1,79
252,229,1738,1,89
253,231,1738,1,75
254,230,1739,1,85
255,229,1738,1,92
256,230,1738,1,78
257,230,1737,1,74
258,229,1738,1,75
259,229,1738,1,71
260,229,1738,1,72
261,230,1738,1,67
262,229,1738,1,69
263,230,1738,1,69
264,230,1738,1,70
265,230,1738,1,77
266,229,1738,1,75
267,230,1738,1,77
268,229,1738,1,65
269,229,1738,1,68
270,229,1738,1,67
271,229,1738,1,66
272,229,1738,1,63
273,229,1738,1,70
274,229,1738,1,72
275,229,1738,1,76
276,229,1738,1,67
277,229,1738,1,63
278,229,1738,1,69
279,229,1738,1,73
280,229,1738,1,74
281,229,1738,1,71
282,229,1739,1,72
283,228,1739,1,81
284,229,1739,1,76
285,229,1739,1,77
286,229,1739,1,78
287,229,1738,1,68
288,229,1738,1,68
289,229,1738,1,78
290,229,1738,1,76
291,229,1738,1,77
292,229,1738,1,69
293,229,1738,1,69
294,229,1738,1,78
295,229,1738,1,69
296,229,1738,1,70
297,229,1738,1,69
298,229,1738,1,72
299,229,1738,1,74
300,229,1738,1,65
301,229,1738,1,64
302,229,1738,1,69
303,229,1738,1,67
304,229,1738,1,66
305,229,1738,1,70
306,229,1738,1,65
307,229,1738,1,59
308,229,1738,1,47
309,229,1738,1,47
310,229,1738,1,48
311,229,1738,1,55
312,229,1738,1,60
313,229,1738,1,53
314,229,1738,1,55
315,229,1738,1,55
316,229,1738,1,63
317,229,1738,1,57
318,229,1738,1,45
319,229,1738,1,43
320,229,1738,1,46
321,229,1738,1,47
322,229,1738,1,49
323,229,1738,1,46
324,229,1738,1,49
325,229,1738,1,51
326,229,1738,1,61
327,229,1738,1,52
328,229,1738,1,53
329,229,1738,1,50
330,230,1738,1,45
331,230,1738,1,47
332,229,1738,1,50
333,229,1738,1,50
334,230,1738,1,54
335,230,1738,1,50
336,230,1738,1,46
337,230,1738,1,48
338,230,1738,1,46
339,230,1738,1,50
340,230,1738,1,53
341,229,1738,1,55
342,230,1738,1,54
343,230,1738,1,56
344,230,1738,1,55
345,229,1738,1,55
346,229,1738,1,64
347,229,1738,1,62
348,229,1738,1,67
349,229,1738,1,58
350,229,1738,1,58
351,229,1738,1,59
352,229,1738,1,66
353,229,1738,1,67
354,229,1738,1,62
355,229,1738,1,62
356,229,1738,1,67
357,229,1738,1,67
358,229,1738,1,64
359,229,1738,1,69
360,230,1737,1,69
361,230,1738,1,57
362,230,1737,1,63
363,230,1737,1,68
364,230,1737,1,63
365,230,1737,1,67
366,230,1737,1,65
367,230,1737,1,74
368,230,1737,1,63
369,230,1737,1,56
370,230,1737,1,57
371,230,1737,1,62
372,230,1737,1,58
373,231,1737,1,59
374,230,1736,1,69
375,230,1737,1,68
376,230,1737,1,70
377,230,1737,1,67
378,230,1737,1,70
379,230,1737,1,68
380,230,1737,1,68
381,230,1737,1,69
382,230,1737,1,67
383,230,1737,1,68
384,230,1737,1,64
385,230,1737,1,57
386,230,1737,1,60
387,230,1737,1,60
388,230,1737,1,59
389,230,1737,1,64
390,230,1737,1,66
391,230,1737,1,60
392,230,1737,1,63
393,230,1737,1,62
394,230,1737,1,63
395,230,1737,1,62
396,230,1738,1,58
397,230,1737,1,56
398,230,1738,1,57
399,230,1738,1,61
400,230,1737,1,57
401,230,1738,1,60
402,230,1738,1,62
403,230,1737,1,59
404,230,1737,1,61
405,230,1738,1,61
406,230,1738,1,61
407,230,1738,1,58
408,230,1738,1,59
409,230,1738,1,59
410,230,1738,1,61
411,230,1737,1,60
412,230,1738,1,62
413,230,1738,1,58
414,230,1738,1,58
415,230,1738,1,56
416,230,1738,1,60
417,230,1738,1,59
418,230,1738,1,59
419,230,1738,1,61
420,230,1738,1,62
421,230,1738,1,58
422,230,1738,1,62
423,230,1738,1,61
424,230,1738,1,67
425,230,1738,1,66
426,230,1738,1,69
427,229,1738,1,63
428,229,1738,1,65
429,230,1737,1,63
430,230,1737,1,62
431,230,1737,1,63
432,230,1737,1,60
433,230,1737,1,66
434,230,1737,1,63
435,230,1737,1,66
436,230,1737,1,73
437,230,1737,1,69
438,230,1737,1,69
439,230,1737,1,67
440,230,1737,1,69
441,230,1737,1,70
442,230,1737,1,64
443,230,1737,1,61
444,230,1737,1,58
445,230,1737,1,60
446,230,1737,1,62
447,230,1737,1,64
448,230,1737,1,65
449,229,1737,1,64
450,229,1737,1,63
451,230,1736,1,57
452,229,1737,1,60
453,230,1737,1,61
454,230,1737,1,59
455,230,1737,1,62
456,229,1737,1,53
457,228,1737,1,57
458,228,1737,1,56
459,227,1738,1,44
460,227,1738,1,51
461,227,1739,1,26
462,227,1739,1,28
463,227,1739,1,43
464,228,1738,1,51
465,229,1737,1,47
466,229,1737,1,52
467,229,1738,1,51
468,229,1738,1,53
469,229,1738,1,52
470,229,1737,1,50
471,229,1737,1,56
472,229,1738,1,49
473,230,1738,1,59
474,229,1737,1,63
475,229,1737,1,55
476,228,1737,1,49
477,227,1737,1,54
478,229,1737,1,55
479,229,1737,1,57
480,230,1737,1,60
481,230,1737,1,54
482,229,1738,1,58
483,229,1737,1,50
484,230,1735,0,59
485,229,1737,1,53
486,228,1736,1,82
487,228,1738,1,90
488,233,1735,0,53
489,232,1735,0,53
490,231,1736,0,47
491,230,1736,0,55
493,230,1731,0,233
494,231,1731,0,226
495,234,1730,0,219
496,232,1731,0,224
497,230,1730,0,250
498,230,1731,0,251
499,231,1728,0,262
500,230,1726,0,256
501,229,1740,0,235
502,227,1741,0,228
503,227,1746,0,239
504,223,1745,0,238
505,224,1747,0,241
506,227,1747,0,244
507,225,1746,0,247
508,230,1744,0,256
509,223,1750,0,252
510,224,1748,0,252
511,223,1747,0,247
512,223,1746,0,248
513,223,1752,0,251
514,222,1752,0,253
515,222,1753,0,253
516,222,1754,0,251
517,221,1756,0,252
518,220,1757,0,253
519,221,1758,0,249
520,220,1759,0,250
521,219,1759,0,246
522,216,1761,0,245
523,216,1762,0,243
524,216,1767,0,248
525,216,1766,0,245
526,216,1766,0,240
527,217,1765,0,238
528,217,1764,0,236
529,220,1764,0,230
530,222,1764,0,220
531,224,1763,0,213
532,224,1763,0,207
533,225,1763,0,207
534,227,1762,0,205
535,228,1762,0,203
536,228,1763,0,202
537,226,1765,0,207
538,227,1766,0,195
539,228,1771,0,192
540,233,1773,0,184
541,238,1774,0,182
542,242,1780,0,179
543,242,1779,0,178
544,243,1779,0,183
545,246,1773,0,190
546,248,1776,0,201
547,248,1774,0,195
548,247,1776,0,199
549,243,1779,0,206
550,244,1779,0,207
551,243,1780,0,206
552,242,1779,0,200
553,242,1778,0,199
554,240,1778,0,201
555,241,1774,0,235
556,242,1771,0,246
557,241,1773,0,240
558,241,1775,0,240
559,241,1775,0,242
560,244,1775,0,245
561,246,1776,0,250
562,243,1771,0,246
563,243,1771,0,257
564,242,1771,0,265
565,248,1770,0,283
568,264,1761,0,319
569,261,1762,0,321
570,259,1757,0,325
571,256,1753,0,324
572,251,1749,0,322
573,251,1748,0,327
574,250,1748,0,329
575,253,1751,0,343
576,257,1753,0,350
577,259,1753,0,342
578,263,1756,0,338
579,263,1759,0,335
580,268,1761,0,328
581,267,1763,0,325
582,264,1763,0,332
583,261,1762,0,334
584,257,1764,0,323
585,250,1761,0,304
586,245,1759,0,294
587,245,1756,0,296
588,245,1751,0,292
589,243,1748,0,288
590,245,1745,0,288
591,247,1740,0,289
592,244,1736,0,291
593,242,1734,0,290
594,240,1734,0,287
595,239,1732,0,285
596,240,1729,0,290
597,238,1726,0,293
598,238,1727,0,292
599,238,1727,0,290
600,239,1727,0,294
601,238,1725,0,292
602,236,1723,0,291
603,235,1721,0,291
604,235,1719,0,283
605,235,1719,0,287
606,233,1713,0,281
607,234,1710,0,278
608,235,1709,0,274
609,232,1704,0,268
610,234,1703,0,272
611,233,1704,0,264
612,232,1701,0,258
613,231,1703,0,256
614,230,1703,0,252
615,228,1709,1,258
616,228,1707,0,255
617,228,1708,0,256
618,229,1705,0,254
619,230,1704,0,254
620,231,1705,0,251
621,231,1704,0,246
622,231,1706,0,248
623,231,1707,0,254
624,230,1707,0,260
625,230,1708,1,260
626,230,1708,1,253
627,230,1708,0,246
628,231,1706,0,246
629,230,1704,0,242
630,231,1704,0,243
631,230,1720,0,268
633,235,1714,0,289
634,232,1719,0,274
635,233,1717,0,280
636,238,1723,0,289
637,239,1719,0,285
638,243,1724,0,291
639,242,1726,0,295
640,241,1731,0,293
641,239,1733,0,293
642,237,1730,0,290
643,235,1728,0,286
644,236,1727,0,287
645,234,1725,0,284
646,230,1724,0,274
647,229,1726,0,272
648,230,1725,0,274
649,230,1725,0,273
650,230,1724,0,274
651,230,1724,0,269
652,233,1722,0,262
653,238,1715,0,258
654,238,1710,0,239
655,237,1706,0,239
656,240,1704,0,229
657,240,1704,0,227
658,238,1704,0,231
659,237,1704,0,235
660,235,1705,0,240
661,235,1705,0,237
662,240,1704,0,228
663,240,1705,0,222
664,238,1708,0,217
665,241,1709,0,202
666,242,1711,0,197
667,245,1711,0,195
668,246,1712,0,198
669,247,1714,0,206
670,247,1713,0,210
671,248,1713,0,213
672,246,1713,0,217
673,247,1711,0,216
674,251,1711,0,220
675,255,1711,0,217
676,259,1709,0,213
677,259,1706,0,219
678,259,1706,0,223
679,260,1706,0,233
680,256,1702,0,247
681,254,1693,0,250
682,254,1688,0,260
683,254,1686,0,259
684,252,1686,0,261
685,254,1684,0,262
686,256,1681,0,266
687,256,1684,0,273
688,253,1684,0,280
689,254,1676,0,292
690,255,1672,0,295
691,255,1667,0,293
692,252,1663,0,287
693,250,1659,0,283
694,251,1654,0,296
695,252,1648,0,304
696,260,1645,0,311
697,254,1644,0,307
698,250,1643,0,307
699,250,1642,0,304
700,250,1641,0,305
701,249,1639,0,304
702,248,1639,0,305
703,251,1641,0,312
704,252,1642,0,319
705,250,1645,0,319
706,251,1647,0,324
707,252,1647,0,328
708,252,1647,0,325
709,250,1647,0,329
710,247,1646,0,335
711,246,1646,0,338
712,248,1648,0,338
713,248,1647,0,335
714,249,1647,0,336
715,250,1648,0,340
716,248,1649,0,335
717,248,1648,0,336
718,245,1647,0,338
719,243,1649,0,333
720,242,1647,0,335
721,240,1646,0,335
722,239,1647,0,331
723,237,1646,0,332
724,237,1646,0,332
725,237,1645,0,333
726,236,1645,0,335
727,238,1646,0,335
728,239,1648,0,336
729,241,1649,0,337
730,242,1649,0,336
731,248,1652,0,334
732,249,1653,0,335
733,251,1654,0,337
734,251,1654,0,342
735,251,1654,0,343
736,249,1652,0,339
737,248,1652,0,340
738,245,1650,0,338
739,241,1646,0,333
740,238,1645,0,334
741,237,1644,0,335
742,234,1644,0,336
743,232,1644,0,343
744,231,1644,0,345
745,232,1645,0,344
746,232,1645,0,343
747,232,1645,0,344
748,231,1646,0,345
749,231,1645,0,347
750,231,1644,0,347
751,230,1644,0,348
752,231,1644,0,348
753,232,1644,0,345
754,233,1643,0,347
755,233,1641,0,352
756,232,1640,0,351
757,227,1637,0,1
758,225,1636,0,5
759,230,1636,0,5
760,230,1640,0,358
761,230,1642,0,355
762,230,1643,0,355
763,232,1643,0,355
764,230,1645,0,352
765,230,1645,0,352
766,232,1646,0,355
767,233,1644,0,356
768,232,1643,0,358
769,232,1643,0,357
770,230,1644,0,353
771,232,1642,0,0
772,232,1642,0,359
773,232,1642,0,3
774,229,1636,0,8
775,232,1635,0,3
776,232,1637,0,1
777,231,1638,0,0
778,231,1639,0,0
779,234,1638,0,2
780,232,1640,0,12
781,233,1641,0,12
782,232,1641,0,11
783,232,1641,0,10
784,232,1642,0,8
785,232,1642,0,10
786,234,1641,0,2
787,236,1640,0,356
788,236,1639,0,357
789,235,1639,0,355
790,234,1640,0,3
791,235,1640,0,355
792,234,1640,0,1
793,234,1639,0,2
794,235,1639,0,3
795,233,1639,0,5
796,232,1640,0,6
797,233,1640,0,8
798,231,1640,0,5
799,230,1635,0,9
800,226,1633,0,9
801,222,1633,0,9
802,218,1632,0,11
803,215,1633,0,16
804,214,1632,0,23
805,212,1631,0,23
806,208,1633,0,28
807,203,1636,0,37
808,203,1637,0,45
809,203,1647,0,44
810,199,1647,0,50
811,200,1648,0,57
812,199,1650,0,60
813,197,1649,0,67
814,197,1648,0,68
815,196,1649,0,71
816,197,1653,0,78
817,199,1654,0,83
818,197,1657,0,88
819,196,1661,0,93
820,200,1670,0,101
821,211,1684,0,109
822,218,1687,0,107
823,221,1688,0,108
824,221,1689,0,104
825,220,1707,0,92
826,223,1712,0,93
827,223,1713,0,100
828,223,1714,0,103
829,221,1716,0,105
830,221,1716,0,107
831,221,1717,0,109
832,219,1717,0,112
833,218,1715,0,112
834,216,1712,0,124
835,216,1712,0,122
836,221,1717,0,115
837,223,1719,0,115
838,229,1721,0,116
839,230,1722,0,125
840,231,1721,0,131
841,231,1722,0,133
842,233,1723,0,128
843,234,1727,0,128
844,238,1730,0,114
845,237,1734,0,118
846,242,1740,0,105
847,245,1747,0,99
848,249,1754,0,96
849,250,1756,0,101
850,250,1758,0,104
851,249,1759,0,105
852,247,1760,0,110
853,246,1760,0,107
854,248,1764,0,103
855,248,1769,0,108
856,252,1774,0,93
857,251,1775,0,94
858,252,1778,0,95
859,250,1779,0,95
860,250,1782,0,96
861,251,1785,0,102
862,250,1788,0,113
863,253,1790,0,121
864,260,1791,0,108
865,264,1792,0,87
866,260,1791,0,82
867,256,1792,0,88
868,255,1794,0,85
869,256,1799,0,84
870,257,1805,0,93
871,257,1809,0,88
872,254,1811,0,87
873,256,1819,0,85
874,257,1820,0,84
875,256,1821,0,83
876,256,1822,0,83
877,257,1824,0,88
878,256,1824,0,83
881,255,1823,0,84
882,255,1822,0,265
883,255,1823,0,86
884,255,1820,0,86
886,255,1814,0,88
888,255,1816,0,76
889,254,1816,0,83
891,257,1820,0,82
892,257,1822,0,83
893,256,1826,0,87
894,258,1828,0,86
895,258,1835,0,97
896,260,1837,0,96
897,259,1837,0,96
898,262,1835,0,102
899,264,1834,0,108
900,266,1835,0,118
901,268,1835,0,115
902,271,1831,0,134
903,275,1831,0,135
904,280,1831,0,143
905,281,1831,0,153
906,283,1834,0,160
907,283,1833,0,158
908,283,1831,0,156
909,281,1830,0,151
910,280,1829,0,147
911,280,1829,0,151
912,280,1828,0,151
913,279,1826,0,146
914,279,1828,0,139
915,279,1828,0,138
916,277,1836,0,128
917,277,1841,0,116
918,278,1842,0,106
919,278,1844,0,102
920,277,1850,0,101
921,277,1854,0,86
922,276,1857,0,93
923,278,1859,0,98
924,275,1860,0,100
925,276,1863,0,100
926,280,1869,0,99
927,281,1872,0,105
928,283,1876,0,102
929,284,1882,0,102
930,285,1887,0,98
931,287,1893,0,104
932,287,1897,0,109
933,291,1903,0,102
934,293,1906,0,99
935,296,1912,0,109
936,300,1915,0,112
937,298,1914,0,110
938,297,1914,0,110
939,296,1914,0,109
940,298,1914,0,110
941,300,1916,0,108
942,301,1918,0,105
943,302,1919,0,101
944,301,1919,0,100
945,301,1920,0,100
946,301,1919,0,98
947,302,1920,0,102
948,309,1926,0,94
949,308,1927,0,89
950,310,1925,0,89
951,311,1927,0,75
952,310,1921,0,88
953,306,1915,0,95
954,303,1916,0,98
955,305,1917,0,97
956,306,1913,0,95
957,306,1910,0,99
958,307,1906,0,95
959,306,1905,0,94
960,307,1911,0,98
961,311,1917,0,112
962,312,1920,0,116
963,316,1924,0,128
964,318,1927,0,129
965,322,1929,0,115
966,323,1929,0,118
967,327,1930,0,136
968,328,1930,0,141
969,329,1931,0,146
970,333,1932,0,141
971,335,1933,0,144
972,336,1934,0,147
973,337,1935,0,143
974,340,1939,0,130
975,342,1944,0,129
976,344,1949,0,126
977,349,1952,0,121
978,354,1955,0,118
979,357,1960,0,126
980,360,1961,0,128
981,362,1962,0,132
982,359,1965,0,126
983,363,1966,0,105
984,363,1966,0,105
985,362,1969,0,106
986,360,1972,0,107
987,360,1975,0,112
988,365,1980,0,121
989,365,1981,0,132
990,365,1978,0,137
991,364,1979,0,140
992,367,1981,0,151
993,367,1982,0,168
994,367,1984,0,181
995,362,1984,0,181
996,362,1984,0,179
997,365,1984,0,184
998,363,1985,0,185
999,363,1982,0,183
1000,364,1982,0,179
1001,367,1981,0,183
1002,370,1981,0,188
1003,373,1982,0,194
1004,375,1981,0,198
1005,372,1982,0,200
1006,372,1987,0,209
1007,367,1988,0,213
1008,379,1981,0,201
1009,383,1978,0,196
1010,385,1978,0,197
1011,385,1977,0,202
1012,384,1979,0,204
1013,384,1978,0,203
1014,385,1978,0,206
1015,385,1978,0,204
1016,386,1978,0,202
1017,386,1978,0,201
1018,385,1978,0,206
1019,386,1978,0,196
1020,386,1978,0,199
1021,385,1978,0,198
1022,386,1978,0,201
1023,387,1978,0,204
1024,385,1981,0,214
1025,376,1986,0,215
1026,376,1987,0,214
1027,378,1986,0,217
1028,381,1984,0,208
1029,377,1990,0,222
1030,373,1984,0,206
1031,370,1988,0,211
1032,369,1983,0,206
1033,369,1982,0,200
1034,367,1984,0,194
1035,365,1983,0,190
1036,364,1980,0,180
1037,361,1983,0,181
1038,361,1984,0,171
1039,364,1982,0,156
1040,375,1990,0,161
1041,381,1994,0,155
1042,382,1999,0,154
1043,389,2003,0,148
1044,390,2003,0,149
1045,390,2003,0,135
1046,392,2004,0,129
1047,393,2004,0,126
1048,393,2004,0,136
1049,393,2000,0,133
1050,394,2004,0,141
1051,398,2011,0,141
1052,400,2014,0,144
1053,404,2019,0,151
1054,409,2020,0,151
1055,410,2018,0,145
1056,410,2017,0,142
1057,412,2021,0,146
1058,411,2024,0,145
1059,413,2025,0,145
1060,412,2027,0,150
1061,412,2026,0,147
1062,414,2026,0,146
1063,413,2025,0,145
1064,413,2025,0,146
1065,410,2022,0,141
1066,410,2026,0,137
1067,407,2027,0,134
1068,403,2024,0,137
1069,403,2026,0,137
1070,403,2026,0,135
1071,403,2026,0,126
1072,402,2027,0,125
1073,405,2029,0,119
1074,408,2027,0,112
1075,410,2025,0,102
1076,413,2028,0,98
1077,412,2028,0,95
1078,411,2030,0,94
1079,411,2030,0,96
1080,411,2033,0,93
1081,411,2034,0,97
1082,412,2032,0,94
1083,411,2030,0,91
1084,409,2026,0,93
1085,405,2020,0,88
1086,401,2019,0,83
1087,398,2022,0,71
1088,397,2026,0,57
1089,395,2030,0,58
1090,393,2032,0,56
1091,391,2034,0,57
1092,390,2034,0,58
1093,389,2037,0,48
1094,388,2039,0,38
1095,384,2041,0,34
1096,384,2041,0,33
1097,381,2041,0,32
1098,381,2041,0,35
1099,380,2040,0,35
1100,373,2044,0,33
1101,374,2044,0,31
1102,376,2044,0,25
1103,376,2044,0,24
1104,378,2043,0,23
1105,377,2044,0,21
1106,374,2045,0,25
1107,374,2045,0,23
1108,373,2046,0,23
1109,374,2046,0,22
1110,375,2045,0,20
1111,375,2045,0,22
1112,377,2044,0,17
1113,378,2044,0,16
1114,379,2044,0,12
1115,377,2044,0,13
1116,374,2044,0,10
1117,378,2044,0,9
1118,378,2043,0,12
1119,377,2043,0,18
1120,376,2043,0,21
1121,377,2043,0,17
1122,377,2045,0,27
1123,377,2046,0,25
1124,378,2046,0,22
1125,379,2046,0,22
1126,379,2045,0,21
1127,379,2044,0,19
1128,381,2043,0,19
1129,381,2042,0,18
1130,381,2042,0,18
1131,379,2042,0,18
1132,379,2042,0,18
1133,379,2041,0,19
1134,378,2041,0,18
1135,379,2041,0,19
1136,380,2040,0,22
1137,380,2040,0,23
1138,380,2040,0,24
1139,380,2040,0,24
1140,378,2041,0,23
1141,378,2041,0,21
1142,378,2042,0,17
1143,380,2042,0,16
1144,379,2042,0,16
1145,378,2043,0,18
1146,378,2042,0,20
1147,378,2042,0,22
1148,378,2041,0,25
1149,378,2041,0,23
1150,378,2041,0,22
1151,380,2040,0,22
1152,381,2040,0,23
1153,383,2039,0,22
1154,385,2037,0,12
1155,389,2034,0,359
1156,391,2033,0,356
1157,391,2032,0,354
1158,393,2031,0,351
1159,394,2031,0,351
1160,394,2031,0,349
1161,396,2029,0,341
1162,399,2029,0,333
1163,399,2031,0,333
1164,399,2030,0,333
1165,399,2030,0,339
1166,399,2032,0,343
1167,398,2031,0,350
1168,397,2032,0,353
1169,397,2032,0,354
1170,397,2033,0,356
1171,392,2032,0,1
1172,388,2032,0,23
1173,387,2033,0,31
1174,385,2033,0,35
1175,382,2033,0,33
1176,379,2034,0,33
1177,377,2033,0,35
1178,376,2034,0,35
1179,375,2034,0,40
1180,373,2034,0,37
1181,374,2033,0,41
1182,374,2034,0,41
1183,373,2035,0,36
1184,374,2034,0,32
1185,373,2035,0,32
1186,373,2036,0,31
1187,375,2034,0,35
1188,380,2034,0,41
1189,380,2032,0,34
1190,380,2032,0,33
1191,378,2033,0,35
1192,376,2034,0,36
1193,375,2034,0,35
1194,375,2034,0,37
1195,374,2033,0,41
1196,373,2033,0,42
1197,373,2034,0,42
1198,377,2036,0,43
1199,377,2039,0,43
1200,377,2040,0,44
1201,375,2039,0,45
1202,374,2038,0,52
1203,376,2039,0,50
1204,376,2040,0,52
1205,380,2041,0,46
1206,381,2041,0,40
1207,381,2039,0,38
1208,381,2044,0,34
1209,383,2045,0,30
1210,382,2045,0,30
1211,383,2046,0,29
1212,383,2041,0,29
1213,382,2042,0,32
1214,383,2044,0,32
1215,382,2043,0,34
1216,382,2044,0,33
1217,382,2044,0,32
1218,382,2042,0,39
1219,383,2043,0,31
1220,382,2045,0,32
1221,382,2045,0,33
1222,382,2045,0,30
1223,384,2044,0,26
1224,384,2044,0,27
1225,384,2045,0,25
1226,383,2045,0,27
1227,383,2046,0,26
1228,383,2046,0,25
1229,382,2048,0,22
1230,381,2048,0,15
1231,379,2046,0,17
1232,377,2044,0,15
1233,375,2045,0,17
1234,373,2045,0,12
1235,374,2047,0,14
1236,374,2046,0,15
1237,371,2043,0,4
1238,372,2041,0,359
1239,372,2038,0,5
1240,370,2036,0,6
1241,368,2037,0,6
1242,368,2039,0,3
1243,369,2036,0,7
1244,369,2039,0,9
1245,367,2041,0,6
1246,366,2043,0,1
1247,366,2041,0,1
1248,364,2038,0,5
1249,362,2036,0,11
1250,361,2035,0,12
1251,358,2035,0,12
1252,356,2036,0,12
1253,357,2035,0,14
1254,358,2036,0,15
1255,358,2035,0,17
1256,357,2035,0,18
1257,356,2035,0,17
1258,356,2036,0,17
1259,358,2037,0,19
1260,359,2038,0,23
1261,357,2036,0,25
1262,358,2038,0,24
1263,358,2038,0,24
1264,359,2036,0,17
1265,359,2036,0,9
1266,359,2035,0,4
1267,357,2034,0,2
1268,358,2034,0,1
1269,359,2034,0,1
1270,359,2034,0,1
1271,358,2035,0,1
1272,359,2037,0,1
1273,360,2038,0,6
1274,360,2039,0,7
1275,360,2040,0,10
1276,358,2040,0,10
1277,354,2037,0,13
1278,352,2039,0,13
1279,353,2039,0,11
1280,355,2041,0,7
1281,354,2042,0,2
1282,352,2037,0,3
1283,345,2035,0,4
1284,340,2033,0,359
1285,336,2033,0,350
1286,333,2034,0,341
1287,329,2034,0,331
1288,328,2033,0,331
1289,327,2034,0,333
1290,328,2034,0,335
1291,329,2035,0,334
1292,330,2034,0,334
1293,333,2036,0,337
1294,332,2037,0,340
1295,330,2037,0,358
1296,326,2038,0,8
1297,323,2041,0,14
1298,322,2039,0,19
1299,320,2040,0,17
1300,318,2041,0,17
1301,318,2043,0,17
1302,319,2045,0,20
1303,319,2045,0,25
1304,319,2045,0,33
1305,321,2050,0,41
1306,318,2049,0,45
1307,314,2050,0,54
1308,312,2054,0,59
1309,309,2053,0,64
1310,307,2054,0,71
1311,306,2056,0,79
1312,304,2060,0,82
1313,303,2059,0,77
1314,304,2059,0,79
1315,307,2058,0,79
1316,304,2056,0,79
1317,303,2058,0,70
1318,301,2061,0,72
1319,296,2063,0,62
1320,293,2068,0,53
1321,291,2070,0,57
1322,290,2069,0,57
1323,290,2071,0,62
1324,289,2073,0,64
1325,289,2071,0,61
1326,287,2070,0,52
1327,285,2071,0,41
1328,283,2072,0,36
1329,280,2074,0,34
1330,277,2078,0,30
1331,274,2076,0,35
1332,278,2071,0,28
1333,279,2070,0,26
1334,275,2069,0,20
1335,279,2068,0,11
1336,279,2067,0,358
1337,276,2062,0,353
1338,279,2063,0,342
1339,278,2060,0,338
1340,277,2058,0,336
1341,273,2052,0,313
1342,271,2047,0,309
1343,266,2044,0,310
1344,263,2045,0,307
1345,261,2042,0,294
1346,257,2039,0,277
1347,255,2037,0,269
1348,254,2032,0,274
1349,254,2026,0,273
1350,252,2023,0,275
1351,251,2020,0,271
1352,249,2019,0,268
1353,247,2018,0,269
1354,247,2016,0,269
1355,248,2016,0,270
1356,249,2016,0,270
1357,249,2016,0,271
1358,250,2019,0,266
1359,248,2021,0,264
1360,249,2019,0,259
1361,249,2017,0,259
1362,250,2015,0,256
1363,249,2013,0,258
1364,251,2011,0,254
1365,253,2007,0,251
1366,254,2004,0,244
1367,261,2000,0,244
1368,263,1998,0,236
1369,262,1995,0,237
1370,263,1993,0,235
1371,262,1991,0,228
1372,261,1991,0,228
1373,262,1991,0,227
1374,261,1988,0,220
1375,262,1987,0,219
1376,262,1987,0,215
1377,268,1981,0,208
1378,267,1981,0,206
1379,272,1979,0,205
1380,272,1981,0,202
1381,274,1981,0,206
1382,275,1979,0,200
1383,280,1979,0,207
1384,284,1976,0,216
1385,285,1974,0,217
1386,283,1975,0,205
1387,284,1975,0,205
1388,284,1975,0,205
1389,284,1975,0,202
1390,284,1975,0,205
1391,284,1975,0,203
1392,285,1975,0,203
1393,281,1977,0,206
1394,280,1976,0,204
1395,274,1977,0,198
1396,273,1979,0,198
1397,268,1982,0,203
1398,270,1980,0,207
1399,264,1983,0,203
1400,259,1983,0,202
1401,259,1987,0,201
1402,259,1987,0,204
1403,257,1984,0,199
1404,258,1986,0,204
1405,263,1984,0,208
1406,264,1984,0,210
1407,263,1981,0,210
1408,267,1977,0,218
1409,271,1973,0,229
1410,270,1973,0,230
1411,268,1972,0,230
1412,271,1969,0,232
1413,274,1967,0,239
1414,275,1965,0,234
1415,278,1960,0,230
1416,279,1954,0,226
1417,283,1950,0,226
1418,286,1947,0,224
1419,284,1945,0,213
1420,286,1945,0,212
1421,281,1945,0,212
1422,277,1944,0,205
1423,275,1945,0,206
1424,277,1944,0,208
1425,276,1944,0,204
1426,275,1944,0,204
1427,277,1945,0,209
1428,282,1946,0,208
1429,285,1945,0,212
1430,285,1944,0,208
1431,284,1945,0,210
1432,285,1945,0,209
1433,286,1946,0,212
1434,287,1945,0,211
1435,289,1945,0,210
1436,286,1941,0,207
1437,285,1941,0,207
1438,286,1942,0,210
1439,286,1943,0,213
1440,287,1945,0,212
1441,287,1947,0,223
1442,286,1948,0,222
1443,287,1948,0,222
1444,285,1947,0,220
1445,285,1947,0,228
1446,286,1946,0,236
1447,287,1944,0,237
1448,287,1942,0,236
1449,289,1942,0,239
1450,289,1941,0,242
1451,289,1941,0,241
1452,288,1940,0,240
1453,286,1940,0,243
1454,287,1939,0,248
1455,287,1937,0,251
1456,288,1935,0,250
1457,292,1933,0,242
1458,296,1931,0,244
1459,294,1929,0,244
1460,294,1929,0,245
1461,291,1932,0,237
1462,290,1932,0,237
1463,292,1928,0,233
1464,292,1926,0,233
1465,295,1922,0,236
1466,295,1922,0,230
1467,296,1918,0,224
1468,299,1913,0,223
1469,307,1908,0,220
1470,308,1906,0,219
1471,312,1903,0,220
1472,316,1899,0,224
1473,318,1898,0,223
1474,319,1895,0,224
1475,321,1892,0,225
1476,321,1890,0,216
1477,322,1888,0,223
1478,322,1888,0,223
1479,324,1886,0,217
1480,326,1886,0,217
1481,326,1885,0,213
1482,328,1884,0,206
1483,332,1884,0,206
1484,336,1882,0,205
1485,337,1883,0,209
1486,335,1887,0,218
1487,340,1887,0,217
1488,342,1889,0,208
1489,341,1888,0,217
1490,336,1891,0,217
1491,336,1890,0,213
1492,336,1891,0,213
1493,335,1892,0,216
1494,339,1889,0,220
1495,338,1890,0,214
1496,338,1890,0,215
1497,336,1892,0,215
1498,337,1891,0,213
1499,336,1892,0,217
1500,339,1890,0,216
1501,341,1889,0,218
1502,340,1890,0,218
1503,342,1887,0,219
1504,341,1889,0,218
1505,341,1888,0,217
1506,336,1891,0,214
1507,337,1889,0,213
1508,338,1886,0,210
1509,336,1886,0,212
1510,334,1886,0,205
1511,333,1890,0,215
1512,334,1888,0,222
1513,337,1884,0,232
1514,343,1881,0,237
1515,346,1875,0,245
1516,346,1873,0,251
1517,344,1871,0,251
1518,343,1870,0,252
1519,344,1865,0,247
1520,349,1858,0,238
1521,353,1852,0,232
1522,357,1848,0,232
1523,362,1842,0,217
1524,368,1843,0,217
1525,366,1842,0,211
1526,365,1841,0,217
1527,365,1840,0,217
1528,365,1840,0,217
1529,365,1838,0,218
1530,366,1838,0,224
1531,368,1837,0,222
1532,369,1839,0,220
1533,369,1842,0,228
1534,370,1841,0,228
1535,371,1842,0,228
1536,370,1843,0,227
1537,367,1846,0,227
1539,366,1845,0,205
1541,369,1841,0,219
1542,368,1841,0,220
1543,372,1838,0,219
1544,368,1842,0,232
1545,370,1840,0,231
1546,374,1836,0,223
1547,371,1837,0,212
1548,372,1835,0,208
1549,367,1837,0,219
1550,370,1836,0,207
1551,369,1837,0,212
1552,369,1836,0,215
1553,369,1836,0,213
1554,368,1837,0,208
1555,369,1837,0,206
1556,369,1836,0,206
1557,368,1837,0,207
1558,368,1836,0,206
1559,371,1835,0,209
1560,371,1835,0,208
1561,369,1836,0,202
1562,367,1837,0,200
1563,365,1837,0,206
1564,366,1837,0,205
1565,365,1837,0,204
1566,365,1837,0,201
1567,370,1833,0,191
1568,373,1833,0,186
1569,372,1828,0,179
1570,375,1825,0,164
1571,374,1822,0,158
1572,372,1820,0,162
1573,372,1820,0,160
1574,371,1820,0,162
1575,374,1822,0,158
1576,376,1821,0,152
1577,376,1821,0,148
1578,376,1821,0,150
1579,376,1822,0,149
1580,377,1822,0,147
1581,376,1820,0,147
1582,376,1819,0,139
1583,376,1822,0,141
1584,374,1823,0,141
1585,375,1823,0,141
1586,375,1822,0,145
1587,376,1822,0,146
1588,376,1822,0,148
1589,375,1821,0,148
1590,377,1822,0,146
1591,376,1822,0,146
1592,377,1822,0,147
1593,377,1821,0,146
1594,377,1822,0,145
1595,377,1821,0,145
1596,376,1821,0,144
1597,374,1821,0,146
1598,377,1823,0,143
1599,377,1824,0,149
1600,379,1824,0,149
1601,377,1824,0,152
1602,378,1825,0,157
1603,376,1825,0,158
1604,377,1825,0,155
1605,377,1825,0,154
1606,375,1825,0,153
1607,378,1825,0,156
1608,378,1825,0,148
1609,378,1825,0,146
1610,377,1824,0,146
1611,377,1824,0,145
1612,376,1823,0,146
1613,377,1824,0,145
1614,377,1825,0,147
1615,377,1825,0,150
1616,378,1825,0,149
1617,379,1825,0,150
1618,377,1825,0,153
1619,377,1825,0,156
1620,378,1824,0,151
1621,379,1824,0,151
1622,377,1825,0,159
1623,373,1825,0,161
1624,377,1826,0,161
1625,372,1827,0,179
1626,371,1828,0,179
1627,375,1827,0,176
1628,379,1825,0,173
1629,377,1825,0,173
1630,376,1826,0,175
1631,378,1826,0,177
1632,376,1825,0,175
1633,377,1825,0,177
1634,382,1825,0,173
1635,381,1825,0,174
1636,377,1825,0,170
1637,377,1826,0,175
1638,377,1825,0,171
1639,376,1825,0,172
1640,377,1825,0,173
1641,377,1825,0,173
1642,377,1825,0,172
1643,377,1825,0,172
1644,375,1824,0,172
1645,374,1824,0,167
1646,376,1825,0,168
1647,375,1825,0,168
1648,375,1825,0,163
1649,377,1825,0,162
1650,378,1825,0,164
1651,379,1825,0,165
1652,379,1825,0,168
1653,378,1825,0,167
1654,379,1825,0,167
1655,380,1825,0,169
1656,381,1825,0,168
1657,381,1825,0,168
1658,382,1825,0,168
1659,382,1825,0,170
1660,383,1825,0,170
1661,382,1825,0,168
1662,381,1825,0,168
1663,380,1825,0,167
1664,380,1825,0,166
1665,379,1824,0,165
1666,380,1824,0,166
1667,382,1825,0,169
1668,382,1825,0,169
1669,382,1825,0,168
1670,382,1825,0,168
1671,380,1825,0,166
1672,380,1825,0,166
1673,380,1824,0,163
1674,380,1824,0,164
1675,380,1824,0,165
1676,380,1824,0,164
1677,380,1825,0,165
1678,380,1825,0,166
1679,380,1825,0,166
1680,380,1825,0,167
1681,381,1825,0,168
1682,384,1825,0,169
1683,383,1825,0,161
1684,382,1825,0,161
1685,382,1825,0,170
1686,384,1825,0,170
1687,383,1825,0,167
1688,384,1824,0,174
1689,382,1825,0,169
1690,382,1825,0,168
1691,383,1825,0,170
1692,382,1825,0,168
1693,382,1825,0,169
1694,383,1826,0,168
1695,383,1826,0,168
1696,382,1826,0,168
1697,383,1826,0,169
1698,383,1826,0,169
1699,383,1826,0,168
1700,382,1826,0,166
1701,383,1826,0,168
1702,383,1826,0,170
1703,382,1826,0,168
1704,382,1826,0,169
1705,381,1825,0,169
1706,380,1825,0,167
1707,379,1825,0,167
1708,380,1825,0,167
1709,380,1825,0,168
1710,381,1826,0,169
1711,378,1825,0,169
1712,379,1826,0,168
1713,380,1826,0,169
1714,381,1826,0,166
1715,380,1825,0,160
1716,379,1825,0,161
1717,380,1825,0,166
1718,380,1826,0,166
1719,379,1826,0,167
1720,380,1826,0,167
1721,380,1826,0,167
1722,378,1825,0,165
1723,379,1825,0,168
1724,378,1826,0,166
1725,380,1826,0,171
1726,379,1826,0,168
1727,379,1826,0,169
1728,379,1826,0,168
1729,379,1827,0,168
1730,379,1826,0,171
1731,379,1827,0,167
1732,380,1827,0,168
1733,380,1827,0,168
1734,380,1827,0,167
1735,380,1827,0,169
1736,379,1826,0,168
1737,377,1826,0,166
1738,377,1826,0,164
1739,377,1826,0,164
1740,377,1826,0,164
1741,378,1826,0,165
1742,378,1826,0,166
1743,378,1826,0,166
1744,381,1827,0,166
1745,381,1826,0,170
1746,380,1826,0,171
1747,381,1827,0,168
1748,380,1826,0,171
1749,381,1826,0,169
1750,381,1826,0,169
1751,380,1826,0,170
1752,380,1826,0,168
1753,380,1826,0,168
1754,380,1826,0,168
1755,381,1826,0,168
1756,380,1827,0,168
1757,380,1826,0,171
1758,379,1826,0,171
1759,378,1826,0,169
1760,379,1826,0,170
1761,379,1826,0,171
1762,380,1826,0,172
1763,379,1826,0,172
1764,378,1826,0,171
1765,378,1826,0,173
1766,380,1826,0,171
1767,380,1827,0,167
1768,381,1827,0,167
1769,381,1827,0,165
1770,380,1827,0,167
1771,380,1826,0,167
1772,378,1826,0,164
1773,378,1826,0,165
1774,378,1826,0,163
1775,378,1826,0,165
1776,377,1826,0,168
1777,376,1826,0,169
1778,374,1826,0,169
1779,376,1826,0,167
1780,375,1826,0,166
1781,378,1826,0,164
1782,380,1826,0,166
1783,381,1826,0,170
1784,381,1826,0,167
1785,380,1826,0,168
1786,379,1826,0,167
1787,379,1827,0,166
1788,379,1826,0,166
1789,380,1827,0,168
1790,380,1827,0,169
1791,380,1827,0,170
1792,379,1827,0,168
1793,379,1827,0,167
1794,378,1827,0,164
1795,378,1827,0,167
1796,378,1827,0,166
1797,379,1827,0,169
1798,379,1827,0,171
1799,379,1828,0,173
1800,376,1828,0,180
1801,381,1830,0,179
1802,386,1830,0,179
1803,373,1832,0,191
1804,375,1831,0,193
1805,375,1829,0,186
1806,376,1828,0,185
1807,378,1828,0,176
1808,373,1827,0,171
1809,373,1826,0,170
1810,379,1826,0,172
1811,379,1826,0,169
1812,379,1826,0,167
1813,378,1826,0,165
1814,378,1826,0,168
1815,380,1826,0,167
1816,380,1826,0,166
1817,381,1826,0,166
1818,380,1826,0,165
1819,380,1827,0,170
1820,377,1826,0,167
1821,379,1826,0,164
1822,380,1826,0,164
1823,380,1826,0,164
1824,380,1826,0,167
1825,377,1826,0,167
1826,376,1826,0,166
1827,377,1826,0,167
1828,374,1825,0,164
1829,376,1825,0,166
1830,378,1826,0,164
1831,380,1826,0,168
1832,380,1825,0,165
1833,380,1826,0,164
1834,380,1826,0,164
1835,381,1825,0,162
1836,381,1825,0,161
1837,381,1826,0,163
1838,381,1826,0,162
1839,381,1826,0,161
1840,381,1825,0,163
1841,381,1826,0,159
1842,381,1827,0,154
1843,380,1826,0,156
1844,381,1827,0,153
1845,381,1826,0,156
1846,380,1826,0,158
1847,381,1826,0,156
1848,382,1826,0,157
1849,380,1825,0,158
1850,380,1825,0,158
1851,380,1825,0,158
1852,381,1825,0,154
1853,381,1825,0,154
1854,380,1825,0,153
1855,381,1825,0,153
1856,381,1826,0,154
1857,381,1826,0,156
1858,381,1826,0,158
1859,381,1826,0,158
1860,381,1826,0,158
1861,381,1826,0,158
1862,380,1826,0,161
1863,381,1826,0,161
1864,380,1826,0,161
1865,380,1825,0,162
1866,380,1826,0,161
1867,381,1826,0,160
1868,380,1826,0,161
1869,381,1826,0,159
1870,381,1826,0,159
1871,381,1826,0,159
1872,381,1826,0,159
1873,381,1826,0,158
1874,381,1826,0,159
1875,380,1825,0,160
1876,379,1825,0,159
1877,380,1826,0,158
1878,379,1825,0,159
1879,378,1825,0,161
1880,381,1826,0,155
1881,382,1826,0,155
1882,381,1826,0,149
1883,381,1826,0,152
1884,381,1826,0,153
1885,381,1826,0,154
1886,381,1826,0,152
1887,381,1826,0,154
1888,381,1826,0,154
1889,379,1825,0,154
1890,378,1825,0,160
1891,378,1825,0,159
1892,378,1825,0,158
1893,378,1825,0,159
1894,378,1825,0,159
1895,379,1825,0,158
1896,378,1825,0,159
1897,379,1825,0,160
1898,378,1825,0,160
1899,377,1825,0,160
1900,379,1825,0,160
1901,380,1826,0,159
1902,379,1826,0,158
1903,378,1825,0,160
1904,377,1825,0,160
1905,376,1826,0,157
1906,376,1825,0,161
1907,376,1825,0,163
1908,379,1825,0,165
1909,379,1826,0,162
1910,379,1826,0,164
1911,378,1826,0,163
1912,377,1826,0,163
1913,378,1826,0,164
1914,380,1826,0,165
1915,380,1826,0,161
1916,380,1825,0,159
1917,380,1826,0,160
1918,381,1826,0,160
1919,379,1826,0,160
1920,381,1826,0,158
1921,380,1826,0,159
1922,381,1826,0,160
1923,379,1826,0,158
1924,378,1826,0,159
1925,379,1826,0,159
1926,379,1825,0,159
1927,378,1825,0,160
1928,379,1826,0,160
1929,379,1826,0,160
1930,379,1826,0,160
1931,379,1825,0,162
1932,379,1825,0,161
1933,379,1825,0,161
1934,380,1826,0,162
1935,379,1826,0,162
1936,380,1825,0,160
1937,379,1825,0,159
1938,379,1825,0,159
1939,379,1825,0,160
1940,379,1825,0,159
1941,379,1825,0,163
1942,379,1826,0,162
1943,380,1826,0,162
1944,380,1825,0,163
1945,379,1825,0,162
1946,379,1825,0,161
1947,380,1825,0,161
1948,380,1825,0,161
1949,380,1825,0,161
1950,380,1826,0,159
1951,380,1826,0,159
1952,380,1826,0,160
1953,380,1826,0,161
1954,380,1826,0,161
1955,379,1826,0,165
1956,380,1826,0,164
1957,380,1826,0,162
1958,379,1826,0,162
1959,380,1826,0,160
1960,379,1826,0,162
1961,377,1825,0,160
1962,377,1825,0,164
1963,378,1825,0,163
1964,377,1825,0,166
1965,377,1825,0,166
1966,379,1825,0,165
1967,378,1825,0,161
1968,377,1825,0,161
1969,378,1825,0,163
1970,379,1826,0,161
1971,379,1826,0,161
1972,377,1826,0,162
1973,378,1826,0,160
1974,377,1826,0,162
1975,377,1826,0,164
1976,378,1826,0,163
1977,380,1826,0,165
1978,380,1827,0,161
1979,380,1826,0,163
1980,381,1826,0,163
1981,382,1826,0,162
1982,380,1826,0,160
1983,380,1826,0,161
1984,381,1826,0,162
1985,381,1826,0,161
1986,381,1826,0,161
1987,381,1826,0,163
1988,380,1826,0,162
1989,380,1825,0,164
1990,380,1825,0,166
1991,380,1825,0,166
1992,380,1825,0,167
1993,381,1825,0,165
1994,380,1825,0,165
1995,380,1825,0,166
1996,378,1824,0,160
1997,377,1824,0,160
1998,377,1824,0,162
1999,380,1825,0,168
2000,379,1825,0,164
2001,379,1825,0,166
2002,378,1825,0,165
2003,378,1825,0,162
2004,377,1824,0,159
2005,377,1824,0,158
2006,377,1824,0,159
2007,377,1824,0,160
2008,377,1824,0,160
2009,377,1824,0,161
2010,377,1825,0,160
2011,377,1824,0,159
2012,376,1824,0,158
2013,376,1824,0,157
2014,376,1824,0,156
2015,376,1824,0,156
2016,377,1824,0,155
2017,377,1825,0,155
2018,377,1825,0,157
2019,376,1824,0,157
2020,376,1824,0,157
2021,377,1825,0,155
2022,376,1824,0,156
2023,375,1824,0,157
2024,375,1824,0,156
2025,375,1824,0,156
2026,375,1824,0,155
2027,375,1823,0,155
2028,376,1823,0,156
2029,373,1823,0,155
2030,375,1823,0,155
2031,375,1823,0,157
2032,375,1823,0,156
2033,375,1824,0,155
2034,374,1823,0,155
2035,376,1824,0,156
2036,378,1825,0,161
2037,378,1825,0,159
2038,378,1825,0,161
2039,379,1825,0,161
2040,377,1825,0,159
2041,369,1823,0,165
2042,375,1823,0,162
2043,376,1824,0,159
2044,375,1824,0,161
2045,373,1823,0,159
2046,373,1823,0,159
2047,373,1823,0,159
2048,371,1822,0,158
2049,369,1822,0,157
2050,368,1820,0,155
2051,368,1820,0,159
2052,367,1820,0,157
2053,365,1820,0,158
2054,364,1820,0,158
2055,362,1820,0,161
2056,362,1820,0,163
2057,360,1820,0,166
2058,360,1820,0,165
2059,364,1820,0,162
2060,372,1820,0,173
2061,373,1817,0,170
2062,374,1813,0,182
2063,375,1813,0,183
2064,374,1812,0,186
2065,374,1812,0,185
2066,376,1812,0,184
2067,377,1812,0,186
2068,378,1813,0,187
2069,377,1813,0,202
2070,377,1813,0,215
2071,377,1814,0,228
2072,376,1812,0,234
2073,376,1809,0,245
2074,377,1807,0,249
2075,380,1805,0,253
2076,382,1803,0,259
2077,382,1803,0,259
2078,381,1804,0,258
2079,381,1805,0,253
2080,381,1806,0,247
2081,384,1805,0,248
2082,386,1800,0,247
2083,388,1797,0,246
2084,390,1798,0,252
2085,389,1797,0,251
2086,389,1796,0,245
2087,389,1797,0,241
2088,388,1796,0,237
2089,389,1795,0,234
2090,392,1792,0,230
2091,393,1789,0,223
2092,397,1787,0,225
2093,401,1783,0,219
2094,403,1780,0,212
2095,404,1780,0,209
2096,406,1779,0,210
2097,407,1776,0,218
2098,407,1774,0,221
2099,406,1771,0,226
2100,405,1768,0,221
2101,403,1768,0,222
2102,404,1769,0,220
2103,404,1769,0,218
2104,405,1768,0,213
2105,407,1770,0,213
2106,406,1771,0,218
2107,407,1772,0,226
2108,408,1770,0,222
2109,409,1767,0,223
2110,411,1765,0,220
2111,415,1764,0,208
2112,416,1765,0,209
2113,416,1766,0,211
2114,415,1766,0,213
2115,415,1765,0,211
2116,413,1766,0,212
2117,414,1769,0,217
2118,416,1769,0,224
2119,415,1768,0,225
2120,416,1768,0,227
2121,417,1768,0,226
2122,415,1767,0,216
2123,416,1768,0,215
2124,419,1767,0,217
2125,422,1768,0,217
2126,423,1768,0,216
2127,422,1768,0,215
2128,422,1769,0,210
2129,422,1771,0,208
2130,423,1771,0,213
2131,425,1769,0,217
2132,429,1769,0,232
2133,429,1766,0,230
2134,433,1764,0,228
2135,436,1763,0,234
2136,443,1762,0,244
2137,444,1761,0,244
2138,444,1760,0,248
2139,446,1759,0,242
2140,451,1751,0,237
2141,455,1746,0,237
2142,459,1739,0,239
2143,457,1733,0,237
2144,460,1723,0,237
2145,462,1721,0,239
2146,462,1719,0,242
2147,462,1719,0,239
2148,460,1716,0,243
2149,459,1710,0,239
2150,465,1702,0,241
2151,465,1699,0,235
2152,468,1696,0,219
2153,470,1694,0,220
2154,468,1696,0,220
2155,468,1696,0,220
2156,471,1695,0,220
2157,470,1694,0,218
2158,470,1691,0,210
2159,476,1689,0,208
2160,476,1684,0,204
2161,474,1681,0,203
2162,472,1680,0,207
2163,477,1679,0,218
2164,479,1677,0,216
2165,482,1674,0,217
2166,486,1672,0,224
2167,489,1673,0,222
2168,490,1672,0,215
2169,491,1671,0,210
2170,493,1671,0,214
2171,494,1669,0,209
2172,497,1669,0,207
2173,498,1670,0,205
2174,501,1668,0,203
2175,506,1666,0,200
2176,515,1663,0,208
2177,517,1664,0,207
2178,519,1664,0,207
2179,518,1664,0,214
2180,519,1662,0,212
2181,517,1659,0,209
2182,516,1663,0,203
2183,519,1665,0,195
2184,521,1665,0,192
2185,527,1666,0,195
2186,528,1666,0,196
2187,529,1666,0,194
2188,528,1666,0,199
2189,528,1664,0,208
2190,530,1661,0,210
2191,535,1659,0,217
2192,540,1657,0,226
2193,540,1655,0,228
2194,543,1652,0,233
2195,542,1648,0,235
2196,545,1645,0,242
2197,548,1645,0,237
2198,550,1642,0,223
2199,565,1643,0,224
2200,572,1642,0,225
2201,573,1639,0,216
2202,571,1639,0,214
2203,571,1638,0,211
2204,573,1635,0,212
2205,575,1634,0,216
2206,575,1633,0,215
2207,575,1632,0,217
2208,576,1633,0,215
2209,576,1632,0,217
2210,578,1631,0,216
2211,580,1630,0,217
2212,579,1632,0,214
2213,579,1631,0,215
2214,581,1630,0,217
2215,581,1630,0,215
2216,581,1631,0,215
2217,581,1630,0,215
2218,579,1630,0,214
2219,577,1631,0,213
2220,578,1630,0,213
2221,579,1629,0,211
2222,580,1629,0,211
2223,580,1629,0,213
2224,581,1629,0,211
2225,578,1630,0,208
2226,574,1633,0,212
2227,572,1634,0,213
2228,568,1637,0,211
2229,571,1634,0,222
2230,574,1632,0,227
2231,575,1633,0,223
2232,576,1631,0,221
2233,581,1629,0,220
2234,584,1623,0,229
2235,585,1619,0,229
2236,585,1617,0,231
2237,584,1616,0,237
2238,582,1615,0,237
2239,582,1613,0,245
2240,582,1613,0,244
2241,583,1613,0,245
2242,586,1616,0,247
2243,589,1610,0,251
2244,590,1603,0,250
2245,589,1600,0,243
2246,588,1593,0,244
2247,591,1591,0,241
2248,592,1588,0,248
2249,594,1585,0,251
2250,596,1582,0,251
2251,600,1572,0,248
2252,603,1570,0,245
2253,602,1568,0,246
2254,600,1565,0,241
2255,600,1559,0,247
2256,600,1556,0,245
2257,600,1555,0,231
2258,600,1555,0,225
2259,601,1554,0,220
2260,600,1556,0,215
2261,602,1554,0,219
2262,605,1550,0,221
2263,607,1547,0,217
2264,608,1546,0,219
2265,610,1544,0,218
2266,612,1540,0,214
2267,615,1536,0,207
2268,618,1533,0,202
2269,621,1533,0,198
2272,640,1547,0,141
2273,644,1547,0,139
2274,645,1546,0,148
2275,647,1547,0,142
2276,649,1550,0,140
2277,651,1552,0,142
2278,650,1555,0,147
2279,650,1556,0,151
2280,654,1559,0,150
2281,660,1562,0,149
2282,662,1566,0,146
2283,666,1568,0,147
2284,673,1572,0,148
2285,678,1581,0,152
2286,682,1583,0,151
2287,684,1583,0,147
2288,688,1584,0,150
2289,693,1587,0,150
2290,698,1590,0,148
2291,705,1594,0,151
2292,705,1597,0,149
2293,706,1597,0,152
2294,707,1597,0,153
2295,709,1597,0,149
2296,712,1598,0,154
2297,715,1599,0,155
2298,717,1599,0,154
2299,717,1600,0,153
2300,716,1599,0,154
2301,715,1600,0,153
2302,715,1599,0,154
2303,714,1599,0,154
2304,714,1600,0,157
2305,714,1600,0,160
2306,714,1600,0,158
2307,715,1600,0,157
2308,715,1600,0,155
2309,714,1599,0,155
2310,711,1598,0,159
2311,708,1598,0,158
2312,707,1595,0,156
2313,702,1597,0,158
2314,701,1598,0,147
2315,711,1598,0,155
2316,718,1598,0,164
2317,724,1598,0,173
2318,726,1600,0,165
2319,730,1604,0,151
2320,730,1607,0,147
2321,731,1608,0,148
2322,734,1608,0,147
2323,735,1607,0,149
2324,735,1608,0,147
2325,736,1610,0,145
2326,739,1613,0,152
2327,740,1613,0,151
2328,741,1613,0,148
2329,742,1614,0,146
2330,741,1613,0,146
2331,739,1612,0,148
2332,736,1611,0,149
2333,731,1608,0,147
2334,730,1607,0,151
2335,729,1608,0,152
2336,739,1612,0,164
2337,744,1612,0,170
2338,753,1613,0,176
2339,759,1615,0,172
2340,764,1617,0,175
2341,770,1619,0,180
2342,775,1620,0,174
2343,781,1620,0,176
2344,780,1620,0,177
2345,777,1621,0,180
2346,778,1618,0,185
2347,789,1613,0,192
2348,792,1612,0,188
2349,799,1613,0,181
2350,805,1614,0,177
2351,806,1617,0,166
2352,804,1617,0,160
2353,804,1617,0,161
2354,804,1618,0,173
2355,805,1616,0,179
2356,806,1612,0,179
2357,811,1605,0,188
2358,812,1606,0,194
2359,818,1604,0,177
2360,826,1605,0,176
2361,829,1605,0,164
2362,829,1609,0,159
2363,828,1614,0,148
2364,827,1624,0,146
2365,826,1623,0,148
2366,826,1622,0,145
2367,828,1622,0,143
2368,828,1622,0,137
2369,829,1622,0,135
2370,829,1624,0,131
2371,830,1624,0,134
2372,834,1623,0,137
2373,840,1622,0,143
2374,844,1622,0,138
2375,844,1625,0,140
2376,846,1626,0,146
2377,850,1629,0,144
2378,854,1634,0,155
2379,863,1633,0,156
2380,862,1636,0,166
2381,861,1638,0,170
2382,857,1638,0,174
2383,858,1638,0,174
2384,861,1639,0,165
2385,864,1639,0,160
2386,864,1639,0,149
2387,868,1642,0,147
2388,871,1648,0,145
2389,877,1648,0,131
2390,880,1652,0,124
2391,883,1659,0,128
2392,884,1664,0,122
2393,885,1667,0,137
2394,887,1669,0,140
2395,888,1670,0,145
2396,887,1672,0,149
2397,885,1677,0,157
2398,885,1675,0,152
2399,885,1672,0,152
2400,894,1677,0,145
2401,899,1678,0,141
2402,903,1680,0,144
2403,907,1682,0,143
2404,916,1676,0,146
2405,913,1689,0,145
2406,918,1690,0,129
2407,919,1693,0,128
2408,921,1700,0,126
2409,920,1702,0,123
2410,920,1701,0,123
2411,925,1702,0,129
2412,924,1707,0,129
2413,927,1712,0,130
2414,933,1714,0,125
2415,944,1721,0,125
2416,947,1724,0,124
2417,948,1722,0,128
2418,949,1727,0,130
2419,953,1731,0,132
2420,953,1736,0,137
2421,958,1743,0,142
2422,962,1743,0,148
2423,964,1744,0,148
2424,963,1747,0,150
2425,963,1749,0,150
2426,967,1752,0,147
2427,969,1756,0,137
2428,971,1759,0,135
2429,975,1759,0,137
2430,977,1766,0,130
2431,983,1773,0,129
2432,984,1776,0,136
2433,985,1780,0,138
2434,987,1785,0,145
2435,990,1786,0,139
2436,999,1788,0,137
2437,1000,1790,0,138
2438,1000,1793,0,135
2439,999,1795,0,143
2440,998,1794,0,140
2441,997,1795,0,142
2442,991,1794,0,144
2443,987,1793,0,139
2444,989,1795,0,142
2445,987,1795,0,137
2446,990,1797,0,137
2447,994,1805,0,150
2448,999,1805,0,145
2449,1002,1803,0,145
2450,1009,1803,0,152
2451,1012,1803,0,159
2452,1013,1801,0,161
2453,1014,1802,0,164
2454,1016,1801,0,171
2455,1016,1798,0,177
2456,1017,1794,0,181
2457,1019,1791,0,183
2458,1023,1787,0,189
2459,1024,1786,0,192
2460,1031,1780,0,205
2461,1031,1778,0,210
2462,1031,1772,0,206
2463,1033,1771,0,209
2464,1037,1769,0,218
2465,1038,1765,0,210
2466,1041,1760,0,212
2467,1040,1759,0,212
2468,1041,1753,0,198
2469,1042,1750,0,177
2470,1047,1753,0,161
2471,1053,1755,0,155
2472,1057,1763,0,148
2473,1059,1765,0,145
2474,1062,1771,0,149
2475,1064,1773,0,142
2476,1070,1774,0,138
2477,1074,1778,0,136
2478,1079,1777,0,123
2479,1083,1778,0,127
2480,1083,1782,0,126
2481,1087,1789,0,129
2482,1096,1793,0,120
2483,1099,1792,0,114
2484,1100,1792,0,123
2485,1104,1794,0,144
2486,1113,1795,0,155
2487,1122,1797,0,167
2488,1122,1798,0,157
2489,1122,1798,0,151
2490,1122,1799,0,150
2491,1122,1801,0,146
2492,1124,1804,0,139
2493,1127,1804,0,140
2494,1132,1807,0,143
2495,1142,1816,0,131
2496,1148,1821,0,131
2497,1153,1826,0,123
2498,1160,1834,0,126
2499,1165,1844,0,124
2500,1170,1851,0,117
2501,1175,1860,0,110
2502,1181,1863,0,120
2503,1185,1866,0,124
2504,1193,1879,0,120
2505,1198,1885,0,126
2506,1209,1889,0,132
2507,1214,1900,0,128
2508,1221,1906,0,132
2509,1228,1907,0,131
2510,1234,1908,0,136
2511,1233,1909,0,121
2512,1230,1914,0,103
2513,1227,1916,0,82
2514,1220,1919,0,65
2515,1214,1913,0,52
2516,1209,1908,0,31
2517,1201,1908,0,20
2518,1192,1908,0,16
2519,1184,1912,0,359
2520,1177,1908,0,359
2521,1167,1907,0,359
2522,1158,1910,0,1
2523,1151,1908,0,2
2524,1145,1904,0,347
2525,1138,1900,0,340
2526,1137,1899,0,333
2527,1135,1896,0,331
2528,1133,1899,0,337
2529,1134,1901,0,339
2530,1136,1902,0,335
2531,1136,1904,0,332
2532,1133,1904,0,330
2533,1130,1903,0,327
2534,1130,1903,0,331
2535,1130,1904,0,328
2536,1130,1912,0,323
2537,1129,1916,0,313
2538,1130,1917,0,307
2539,1131,1917,0,307
2540,1129,1917,0,305
2541,1125,1923,0,292
2542,1126,1924,0,292
2543,1127,1925,0,292
2544,1128,1927,0,295
2545,1128,1927,0,296
2546,1129,1926,0,296
2547,1129,1926,0,297
2548,1130,1926,0,299
2549,1131,1928,0,297
2550,1131,1930,0,293
2551,1132,1931,0,290
2552,1132,1932,0,286
2553,1134,1932,0,284
2554,1133,1934,0,280
2555,1133,1934,0,278
2556,1132,1934,0,276
2557,1132,1932,0,270
2558,1131,1933,0,270
2559,1131,1932,0,266
2560,1130,1932,0,265
2561,1130,1931,0,264
2562,1129,1931,0,263
2563,1129,1931,0,262
2564,1128,1931,0,262
2565,1128,1932,0,263
2566,1130,1934,0,269
2567,1128,1934,0,270
2568,1128,1932,0,267
2569,1128,1931,0,263
2570,1128,1929,0,266
2571,1126,1927,0,266
2572,1126,1927,0,268
2573,1128,1928,0,264
2574,1129,1928,0,261
2575,1129,1928,0,261
2576,1128,1929,0,261
2577,1128,1929,0,263
2578,1127,1929,0,267
2579,1127,1930,0,267
2580,1125,1929,0,273
2581,1127,1928,0,280
2582,1128,1926,0,267
2583,1129,1924,0,258
2584,1131,1925,0,257
2585,1132,1928,0,251
2586,1131,1929,0,243
2587,1132,1931,0,243
2588,1132,1931,0,243
2589,1132,1931,0,244
2590,1133,1932,0,245
2591,1133,1932,0,249
2592,1132,1934,0,251
2593,1132,1936,0,256
2594,1132,1937,0,259
2595,1132,1937,0,253
2596,1133,1938,0,257
2597,1133,1938,0,255
2598,1133,1936,0,255
2599,1136,1932,0,252
2600,1137,1930,0,247
2601,1137,1930,0,244
2602,1136,1931,0,241
2603,1136,1933,0,239
2604,1135,1934,0,240
2605,1135,1935,0,240
2606,1136,1934,0,235
2607,1137,1933,0,228
2608,1138,1932,0,229
2609,1139,1932,0,233
2610,1138,1932,0,233
2611,1139,1934,0,232
2612,1141,1935,0,231
2613,1140,1940,0,228
2614,1138,1942,0,224
2615,1136,1940,0,232
2616,1135,1939,0,243
2617,1133,1938,0,249
2618,1131,1936,0,259
2619,1130,1936,0,258
2620,1130,1937,0,260
2621,1130,1935,0,261
2622,1130,1936,0,265
2623,1129,1940,0,265
2624,1127,1942,0,246
2625,1129,1943,0,239
2626,1135,1941,0,227
2627,1138,1940,0,219
2628,1142,1934,0,231
2629,1145,1932,0,235
2630,1148,1929,0,234
2631,1155,1924,0,233
2632,1153,1918,0,249
2633,1152,1911,0,258
2634,1153,1908,0,255
2635,1155,1904,0,257
2636,1152,1898,0,260
2637,1152,1890,0,271
2638,1153,1884,0,275
2639,1154,1878,0,271
2640,1155,1873,0,271
2641,1155,1870,0,269
2642,1154,1868,0,269
2643,1155,1863,0,267
2644,1157,1855,0,275
2645,1156,1851,0,274
2646,1158,1846,0,272
2647,1160,1842,0,278
2648,1165,1842,0,287
2649,1166,1841,0,291
2650,1166,1840,0,293
2651,1166,1840,0,293
2652,1167,1840,0,295
2653,1168,1839,0,298
2654,1169,1839,0,297
2655,1169,1839,0,297
2656,1171,1839,0,298
2657,1172,1840,0,294
2658,1175,1837,0,298
2659,1176,1837,0,291
2660,1171,1838,0,280
2661,1172,1839,0,278
2662,1174,1839,0,273
2663,1178,1838,0,271
2664,1182,1834,0,266
2665,1187,1834,0,259
2666,1189,1833,0,252
2667,1192,1837,0,255
2668,1195,1839,0,253
2669,1197,1840,0,245
2670,1198,1846,0,235
2671,1202,1846,0,245
2672,1203,1846,0,253
2673,1205,1842,0,263
2674,1203,1837,0,265
2675,1202,1836,0,270
2676,1203,1835,0,267
2677,1201,1832,0,269
2678,1200,1829,0,272
2679,1197,1824,0,282
2680,1202,1829,0,277
2681,1200,1829,0,273
2682,1199,1829,0,271
2683,1199,1829,0,274
2684,1198,1828,0,274
2685,1197,1828,0,273
2686,1196,1828,0,273
2687,1195,1829,0,272
2688,1196,1830,0,274
2689,1195,1830,0,275
2690,1195,1831,0,272
2691,1195,1831,0,275
2692,1195,1831,0,275
2693,1195,1831,0,274
2694,1195,1831,0,276
2695,1196,1832,0,275
2696,1195,1832,0,276
2697,1195,1832,0,274
2698,1195,1833,0,275
2699,1194,1832,0,279
2700,1194,1832,0,279
2701,1195,1831,0,280
2702,1195,1831,0,281
2703,1195,1831,0,283
2704,1195,1831,0,281
2705,1195,1831,0,278
2706,1195,1832,0,277
2707,1196,1832,0,276
2708,1197,1833,0,271
2709,1196,1833,0,272
2710,1196,1833,0,275
2711,1195,1832,0,278
2712,1195,1835,0,282
2713,1194,1833,0,290
2714,1193,1834,0,287
2715,1191,1834,0,290
2716,1189,1833,0,295
2717,1187,1833,0,299
2718,1186,1831,0,304
2719,1185,1832,0,304
2720,1186,1831,0,307
2721,1185,1832,0,306
2722,1184,1832,0,308
2723,1188,1831,0,309
2724,1186,1831,0,309
2725,1184,1830,0,310
2726,1186,1825,0,309
2727,1187,1823,0,313
2728,1185,1824,0,315
2729,1181,1822,0,319
2730,1181,1823,0,328
2731,1184,1821,0,339
2732,1184,1819,0,343
2733,1180,1812,0,336
2734,1176,1806,0,333
2735,1180,1801,0,332
2736,1177,1803,0,335
2737,1177,1806,0,334
2738,1175,1808,0,347
2739,1170,1804,0,354
2740,1165,1797,0,0
2741,1160,1806,0,354
2742,1152,1804,0,348
2743,1148,1804,0,344
2744,1146,1802,0,344
2745,1138,1801,0,348
2746,1132,1796,0,351
2747,1128,1796,0,349
2748,1127,1794,0,345
2749,1127,1792,0,342
2750,1128,1788,0,339
2751,1127,1786,0,336
2752,1124,1784,0,335
2753,1120,1775,0,339
2754,1119,1777,0,347
2755,1118,1776,0,349
2756,1118,1776,0,352
2757,1118,1777,0,355
2758,1117,1778,0,358
2759,1116,1779,0,359
2760,1115,1778,0,2
2761,1115,1779,0,3
2762,1113,1779,0,6
2763,1112,1780,0,6
2764,1112,1779,0,4
2765,1110,1776,0,1
2766,1106,1776,0,3
2767,1101,1778,0,7
2768,1100,1779,0,5
2769,1101,1778,0,7
2770,1100,1775,0,9
2771,1098,1775,0,2
2772,1096,1776,0,0
2773,1093,1775,0,359
2774,1092,1774,0,358
2775,1092,1772,0,359
2776,1091,1772,0,355
2777,1090,1774,0,352
2778,1090,1775,0,351
2779,1090,1777,0,350
2780,1091,1780,0,352
2781,1089,1779,0,351
2782,1086,1778,0,347
2783,1084,1776,0,339
2784,1081,1773,0,336
2785,1077,1765,0,343
2786,1071,1763,0,337
2787,1068,1761,0,337
2788,1065,1758,0,342
2789,1066,1752,0,351
2790,1065,1753,0,351
2791,1064,1753,0,352
2792,1062,1752,0,350
2793,1062,1751,0,348
2794,1062,1752,0,347
2795,1060,1752,0,347
2796,1058,1752,0,345
2797,1056,1751,0,343
2798,1058,1749,0,343
2799,1060,1748,0,343
2800,1061,1747,0,349
2801,1061,1749,0,354
2802,1060,1750,0,350
2803,1061,1746,0,345
2804,1055,1747,0,345
2805,1049,1738,0,349
2806,1045,1740,0,336
2807,1039,1738,0,339
2808,1033,1735,0,339
2809,1024,1730,0,352
2810,1023,1731,0,348
2811,1024,1729,0,345
2812,1021,1727,0,333
2813,1020,1726,0,328
2814,1020,1723,0,321
2815,1014,1719,0,318
2816,1014,1711,0,311
2817,1010,1706,0,305
2818,1003,1704,0,301
2819,1002,1697,0,307
2820,997,1694,0,304
2821,997,1695,0,305
2822,996,1699,0,310
2823,994,1701,0,307
2824,993,1702,0,307
2825,994,1702,0,307
2826,992,1703,0,305
2827,991,1701,0,306
2828,991,1698,0,307
2829,989,1694,0,300
2830,989,1694,0,301
2831,989,1696,0,302
2832,989,1698,0,310
2833,989,1701,0,314
2834,987,1703,0,317
2835,986,1704,0,318
2836,986,1707,0,323
2837,985,1707,0,325
2838,983,1708,0,329
2839,976,1705,0,337
2840,972,1700,0,347
2841,968,1701,0,348
2842,966,1706,0,342
2843,965,1709,0,342
2844,963,1710,0,339
2845,962,1710,0,331
2846,958,1713,0,335
2847,955,1714,0,340
2848,951,1712,0,348
2849,949,1720,0,341
2850,940,1721,0,334
2851,936,1719,0,338
2852,932,1722,0,337
2853,926,1719,0,336
2854,921,1719,0,319
2855,917,1716,0,310
2856,914,1715,0,300
2857,915,1713,0,301
2858,915,1714,0,305
2859,915,1713,0,300
2860,915,1707,0,292
2861,917,1706,0,290
2862,914,1704,0,289
2863,917,1705,0,297
2864,919,1706,0,294
2865,919,1708,0,296
2866,918,1704,0,308
2867,915,1699,0,303
2868,912,1691,0,296
2869,919,1678,0,303
2870,918,1677,0,298
2871,918,1678,0,288
2872,916,1679,0,281
2873,916,1680,0,282
2874,915,1678,0,286
2875,914,1675,0,286
2876,912,1673,0,292
2877,909,1670,0,297
2878,908,1668,0,299
2879,906,1664,0,301
2880,901,1660,0,308
2881,898,1655,0,314
2882,893,1653,0,315
2883,893,1655,0,315
2884,891,1657,0,318
2885,890,1658,0,320
2886,888,1662,0,325
2887,891,1663,0,332
2888,891,1663,0,333
2889,890,1663,0,330
2890,891,1663,0,327
2891,891,1665,0,321
2892,892,1664,0,331
2893,893,1663,0,327
2894,892,1662,0,324
2895,889,1660,0,329
2896,887,1656,0,333
2897,884,1655,0,331
2898,881,1653,0,332
2899,880,1651,0,334
2900,880,1651,0,332
2901,878,1652,0,335
2902,876,1654,0,334
2903,875,1656,0,331
2904,874,1656,0,330
2905,869,1656,0,333
2906,866,1654,0,341
2907,867,1656,0,350
2908,866,1656,0,352
2909,864,1655,0,349
2910,862,1652,0,337
2911,861,1651,0,332
2912,859,1651,0,333
2913,859,1652,0,332
2914,857,1651,0,334
2915,858,1650,0,335
2916,856,1649,0,334
2917,856,1650,0,335
2918,855,1652,0,339
2919,854,1654,0,349
2920,852,1653,0,351
2921,854,1646,0,353
2922,851,1648,0,350
2923,848,1651,0,352
2924,842,1651,0,341
2925,841,1649,0,338
2926,837,1644,0,339
2927,834,1643,0,335
2928,829,1641,0,330
2929,827,1638,0,336
2930,821,1640,0,347
2931,815,1641,0,349
2932,809,1639,0,350
2933,804,1638,0,351
2934,804,1639,0,346
2935,803,1643,0,322
2936,802,1641,0,342
2937,799,1644,0,318
2938,797,1643,0,330
2939,793,1641,0,338
2940,793,1641,0,345
2941,792,1641,0,347
2942,791,1640,0,346
2943,790,1639,0,343
2944,790,1639,0,343
2945,790,1639,0,342
2946,790,1639,0,343
2947,790,1639,0,340
2948,791,1639,0,341
2949,791,1639,0,339
2950,791,1639,0,340
2951,790,1639,0,340
2952,791,1639,0,338
2953,791,1638,0,337
2954,791,1638,0,333
2955,789,1637,0,331
2956,790,1637,0,332
2957,791,1636,0,344
2958,791,1636,0,354
2959,791,1635,0,356
2960,791,1635,0,357
2961,791,1635,0,357
2962,791,1635,0,357
2963,791,1635,0,356
2964,790,1635,0,355
2965,791,1635,0,354
2966,791,1635,0,356
2967,791,1636,0,359
2968,791,1636,0,359
2969,791,1636,0,359
2970,791,1635,0,359
2971,791,1635,0,0
2972,791,1635,0,1
2973,791,1635,0,1
2974,791,1635,0,2
2975,791,1636,0,3
2976,790,1635,0,1
2977,790,1635,0,1
2978,790,1635,0,2
2979,790,1635,0,2
2980,794,1635,0,1
2981,794,1635,0,3
2982,792,1635,0,4
2983,790,1635,0,2
2984,791,1635,0,3
2985,790,1635,0,4
2986,791,1636,0,5
2987,790,1636,0,5
2988,791,1636,0,4
2989,791,1636,0,3
2990,791,1636,0,3
2991,790,1636,0,3
2992,789,1636,0,1
2993,789,1636,0,357
2994,785,1635,0,347
2995,784,1635,0,348
2996,784,1636,0,354
2997,784,1634,0,5
2998,784,1634,0,3
2999,782,1634,0,351
