178,81,1467,1,317
182,78,1465,1,84
183,79,1464,1,75
184,79,1464,1,58
185,79,1464,1,57
186,79,1464,1,69
187,79,1464,1,66
188,79,1464,1,60
189,79,1464,1,59
190,79,1464,1,60
191,79,1464,1,57
192,79,1464,1,60
193,79,1464,1,60
194,79,1464,1,63
195,79,1464,1,45
196,79,1464,1,50
197,79,1464,1,42
198,79,1463,1,37
199,79,1463,1,36
200,79,1463,1,28
201,79,1463,1,39
202,79,1463,1,19
203,79,1463,1,26
204,79,1463,1,28
205,79,1463,1,26
206,79,1463,1,34
207,79,1463,1,30
208,79,1463,1,27
209,79,1463,1,33
210,79,1463,1,30
211,79,1463,1,23
212,79,1463,1,35
213,79,1463,1,34
214,79,1463,1,33
215,79,1463,1,29
216,79,1463,1,31
217,79,1463,1,34
218,79,1463,1,39
219,80,1463,1,38
220,79,1463,1,41
221,79,1463,1,26
222,79,1463,1,32
223,79,1463,1,32
224,79,1463,1,38
225,79,1463,1,34
226,79,1463,1,46
227,79,1463,1,33
228,79,1463,1,40
229,79,1463,1,50
230,79,1464,1,69
231,79,1464,1,67
232,79,1463,1,61
233,79,1464,1,66
234,79,1463,1,66
235,79,1463,1,66
236,79,1463,1,67
237,79,1464,1,68
238,79,1464,1,71
239,79,1464,1,72
240,78,1464,1,71
241,79,1464,1,77
242,79,1464,1,75
243,79,1464,1,76
244,79,1464,1,80
245,79,1464,1,77
246,79,1464,1,78
247,79,1464,1,76
248,79,1464,1,76
249,79,1464,1,75
250,79,1464,1,73
251,79,1464,1,73
252,79,1464,1,76
253,79,1464,1,75
254,79,1464,1,73
255,79,1464,1,64
256,79,1464,1,66
257,79,1464,1,68
258,79,1464,1,68
259,79,1464,1,67
260,79,1463,1,67
261,79,1464,1,68
262,79,1464,1,64
263,78,1464,1,57
264,79,1464,1,61
265,79,1463,1,58
266,78,1464,1,55
267,78,1464,1,55
268,78,1463,1,52
269,78,1463,1,54
270,79,1463,1,58
271,79,1463,1,61
272,78,1463,1,66
273,78,1463,1,65
274,78,1463,1,65
275,78,1463,1,63
276,78,1463,1,63
277,78,1463,1,62
278,78,1463,1,58
279,78,1463,1,58
280,79,1463,1,59
281,79,1463,1,59
282,78,1463,1,62
283,78,1463,1,61
284,78,1463,1,59
285,78,1463,1,59
286,78,1463,1,60
287,78,1463,1,59
288,78,1463,1,65
289,78,1463,1,69
290,79,1463,1,65
291,79,1462,1,44
292,78,1462,1,50
293,78,1462,1,25
294,78,1461,1,38
295,78,1463,1,61
296,79,1463,1,64
297,78,1463,1,69
298,79,1463,1,72
299,78,1463,1,73
300,78,1463,1,65
301,78,1463,1,62
302,78,1463,1,58
303,78,1463,1,59
304,78,1463,1,58
305,78,1464,1,54
306,78,1464,1,60
307,78,1464,1,62
308,78,1464,1,57
309,78,1464,1,56
310,78,1464,1,61
311,78,1464,1,56
312,78,1464,1,59
313,78,1464,1,58
314,78,1463,1,63
315,78,1463,1,64
316,78,1464,1,68
317,78,1463,1,67
318,78,1463,1,69
319,78,1463,1,65
320,78,1464,1,64
321,78,1464,1,66
322,78,1464,1,69
323,78,1463,1,68
324,78,1463,1,69
325,78,1463,1,67
326,78,1463,1,67
327,78,1463,1,68
328,78,1463,1,67
329,78,1463,1,71
330,79,1463,1,66
331,79,1463,1,68
332,79,1463,1,69
333,78,1463,1,72
334,78,1463,1,74
335,79,1463,1,73
336,78,1463,1,74
337,79,1463,1,72
338,79,1463,1,73
339,79,1462,1,68
340,79,1463,1,66
341,79,1463,1,66
342,79,1462,1,71
343,79,1463,1,70
344,79,1463,1,70
345,79,1463,1,66
346,79,1463,1,67
347,79,1463,1,58
348,79,1463,1,62
349,78,1463,1,67
350,78,1463,1,66
351,78,1464,1,66
352,78,1464,1,62
353,79,1464,1,69
354,78,1464,1,65
355,78,1464,1,63
356,78,1464,1,60
357,78,1464,1,65
358,78,1464,1,65
359,78,1463,1,68
360,78,1463,1,66
361,78,1464,1,67
362,78,1464,1,62
363,78,1464,1,69
364,78,1463,1,66
365,78,1463,1,71
366,78,1463,1,70
367,78,1463,1,71
368,78,1463,1,59
369,78,1463,1,63
370,78,1463,1,60
371,78,1463,1,62
372,78,1463,1,63
373,78,1463,1,67
374,78,1463,1,69
375,78,1463,1,67
376,78,1463,1,69
377,78,1463,1,72
378,78,1463,1,70
379,78,1463,1,58
380,78,1464,1,56
381,79,1463,1,69
382,79,1463,1,65
383,79,1463,1,64
384,79,1463,1,69
385,78,1463,1,66
386,78,1463,1,65
387,78,1463,1,66
388,78,1463,1,66
389,78,1463,1,61
390,78,1463,1,65
391,79,1463,1,66
392,79,1463,1,64
393,79,1463,1,60
394,79,1463,1,65
395,79,1463,1,61
396,79,1463,1,65
397,79,1463,1,30
398,79,1462,1,42
399,78,1463,1,67
400,78,1463,1,42
401,78,1463,1,23
402,78,1463,1,61
403,78,1463,1,61
404,77,1464,1,55
405,78,1462,1,55
406,78,1463,1,44
407,78,1464,1,39
408,78,1464,1,66
409,77,1464,1,43
410,78,1464,1,45
414,78,1463,1,4
419,74,1463,1,348
421,71,1468,0,188
423,63,1468,0,189
424,62,1467,0,191
425,67,1466,0,187
426,64,1467,0,177
427,60,1469,0,182
428,57,1475,0,197
429,60,1472,0,183
430,58,1471,0,190
431,56,1470,0,196
432,56,1469,0,195
433,59,1469,0,189
434,64,1469,0,165
435,65,1470,0,160
436,70,1471,0,162
437,75,1472,0,169
438,77,1475,0,168
439,78,1474,0,169
440,76,1475,0,166
441,74,1474,0,166
442,75,1474,0,165
443,76,1476,0,166
444,77,1476,0,166
445,78,1475,0,167
446,78,1474,0,167
447,80,1474,0,168
448,81,1474,0,168
449,81,1474,0,168
450,82,1474,0,167
451,84,1473,0,170
452,85,1474,0,169
453,85,1474,0,171
454,85,1473,0,172
455,86,1474,0,174
456,86,1474,0,174
457,86,1474,0,175
458,85,1474,0,176
459,86,1474,0,175
460,86,1474,0,175
461,86,1475,0,177
462,86,1475,0,177
463,86,1475,0,178
464,86,1475,0,178
465,86,1475,0,177
466,86,1475,0,176
467,86,1475,0,176
468,86,1475,0,176
469,85,1475,0,176
470,86,1475,0,176
471,86,1476,0,176
472,87,1476,0,176
473,87,1475,0,176
474,87,1475,0,177
475,87,1475,0,176
476,87,1475,0,179
477,87,1475,0,179
478,87,1475,0,180
479,87,1475,0,179
480,87,1475,0,178
481,86,1475,0,175
482,84,1477,0,181
483,84,1479,0,182
484,84,1478,0,182
485,85,1478,0,183
486,85,1478,0,183
487,86,1478,0,185
488,85,1479,0,186
489,85,1479,0,188
490,85,1479,0,190
491,85,1478,0,189
492,85,1479,0,191
493,85,1479,0,191
494,85,1479,0,192
495,86,1479,0,190
496,86,1479,0,190
497,85,1479,0,190
498,86,1479,0,190
499,88,1479,0,190
500,89,1479,0,195
501,90,1479,0,192
502,89,1478,0,189
503,89,1479,0,186
504,88,1479,0,188
505,89,1480,0,192
506,89,1481,0,197
507,89,1480,0,195
508,88,1480,0,195
509,88,1480,0,197
510,89,1480,0,197
511,88,1480,0,192
512,87,1480,0,192
513,88,1481,0,191
514,90,1481,0,194
515,91,1481,0,195
516,90,1481,0,196
517,89,1481,0,197
518,88,1481,0,194
519,86,1482,0,200
520,84,1483,0,196
521,82,1483,0,197
522,81,1484,0,195
523,80,1488,0,198
524,84,1489,0,216
525,81,1486,0,222
526,77,1484,0,225
527,77,1483,0,234
528,81,1483,0,239
529,83,1484,0,229
530,79,1486,0,217
531,76,1486,0,208
532,77,1485,0,206
533,79,1485,0,206
534,81,1484,0,203
535,86,1485,0,196
536,85,1484,0,181
537,89,1483,0,166
538,93,1482,0,155
539,93,1482,0,153
540,96,1483,0,150
541,98,1483,0,151
542,98,1483,0,147
543,101,1484,0,153
544,99,1484,0,155
545,93,1482,0,150
546,87,1477,0,138
547,88,1478,0,126
548,89,1476,0,103
549,92,1483,0,90
550,95,1486,0,84
551,97,1485,0,82
552,96,1482,0,79
553,96,1480,0,60
554,96,1478,0,42
555,97,1478,0,40
556,95,1481,0,35
557,92,1483,0,34
558,90,1489,0,33
559,90,1491,0,43
560,92,1491,0,37
561,90,1489,0,34
562,90,1490,0,36
563,92,1486,0,26
564,90,1485,0,30
565,88,1486,0,29
566,88,1486,0,23
567,90,1485,0,33
568,83,1486,0,26
569,83,1491,0,25
570,82,1493,0,21
571,77,1494,1,39
572,77,1494,1,58
573,77,1493,1,61
574,77,1493,1,76
575,77,1494,1,64
578,77,1493,1,14
579,78,1493,1,0
580,78,1492,1,357
581,78,1493,1,4
582,77,1493,1,38
583,77,1492,1,3
586,77,1494,1,61
591,77,1494,1,47
592,77,1493,1,45
595,77,1494,1,251
596,77,1494,1,245
597,77,1494,1,253
598,77,1494,1,241
599,78,1494,1,248
600,78,1494,1,256
601,78,1494,1,268
602,78,1494,1,273
603,78,1494,1,271
604,78,1494,1,270
605,78,1493,1,263
606,78,1493,1,264
607,78,1494,1,270
608,78,1494,1,268
609,78,1494,1,266
610,78,1494,1,266
611,78,1494,1,281
612,78,1494,1,279
613,78,1494,1,269
614,78,1494,1,273
615,78,1494,1,266
616,78,1494,1,272
617,78,1494,1,276
618,77,1494,1,280
619,78,1494,1,271
620,78,1494,1,269
621,78,1494,1,270
622,78,1493,1,266
623,78,1493,1,294
624,78,1493,1,289
625,78,1493,1,282
626,77,1493,1,284
627,77,1494,1,279
628,76,1495,1,273
629,77,1494,1,272
630,77,1494,1,283
631,77,1494,1,281
632,77,1494,1,280
646,75,1496,1,90
649,75,1496,1,24
650,76,1496,1,22
651,75,1495,1,14
652,76,1495,1,26
653,75,1495,1,14
654,75,1495,1,12
655,75,1495,1,19
656,75,1495,1,11
657,75,1495,1,30
658,76,1495,1,36
659,75,1496,1,23
662,77,1494,1,280
663,77,1494,1,277
666,76,1494,1,345
667,76,1494,1,1
668,76,1494,1,353
669,76,1494,1,354
670,76,1494,1,4
671,76,1494,1,19
672,77,1494,1,54
673,77,1494,1,38
674,76,1494,1,61
677,77,1494,1,282
678,77,1494,1,291
679,77,1494,1,285
680,77,1494,1,270
681,77,1494,1,298
682,77,1494,1,285
683,77,1494,1,288
684,76,1494,1,294
685,76,1494,1,286
686,76,1494,1,280
687,76,1494,1,281
688,76,1494,1,277
689,76,1494,1,278
690,76,1494,1,283
691,76,1494,1,280
692,76,1494,1,283
693,76,1494,1,262
694,76,1494,1,261
695,76,1494,1,286
696,76,1494,1,266
697,76,1494,1,286
701,76,1495,1,275
702,76,1495,1,274
703,76,1495,1,87
706,76,1495,1,309
707,75,1495,1,291
708,74,1494,1,306
716,74,1494,1,342
717,75,1495,1,307
718,74,1496,1,331
719,74,1496,1,318
720,74,1496,1,300
721,75,1496,1,284
722,74,1496,1,315
723,74,1496,1,312
724,74,1496,1,291
725,74,1496,1,297
726,74,1495,1,306
727,74,1495,1,316
728,74,1495,1,282
729,75,1496,1,294
730,75,1496,1,291
731,75,1496,1,291
732,75,1495,1,310
733,75,1495,1,315
734,75,1494,1,353
739,75,1496,1,295
745,73,1495,1,319
751,68,1498,1,342
752,70,1497,1,0
753,71,1492,1,320
754,72,1492,0,145
755,72,1489,1,112
756,72,1484,0,129
757,66,1487,0,145
758,63,1488,0,175
759,58,1492,0,176
761,59,1484,0,149
762,58,1486,0,144
763,70,1483,0,116
764,68,1491,0,98
765,72,1495,0,94
766,73,1497,0,93
767,73,1496,0,92
768,73,1494,0,92
769,73,1496,0,84
770,73,1493,0,70
771,71,1487,0,53
772,70,1485,0,46
773,70,1486,0,38
774,68,1485,0,29
775,64,1485,0,21
776,62,1483,0,9
777,58,1483,0,7
778,57,1479,0,11
779,59,1477,0,16
780,56,1478,0,27
781,56,1482,0,40
782,54,1481,0,41
783,53,1482,0,42
786,55,1481,0,92
787,54,1481,0,108
788,58,1488,0,105
789,59,1491,0,115
790,57,1495,0,125
791,62,1502,0,120
792,63,1506,0,128
793,61,1508,0,136
794,57,1507,0,135
795,55,1506,0,155
796,56,1504,0,165
797,57,1507,0,195
798,57,1505,0,200
799,56,1503,0,199
800,57,1501,0,193
801,60,1500,0,191
802,62,1501,0,193
803,65,1499,0,194
804,67,1499,0,190
805,70,1499,0,175
806,69,1500,0,172
807,72,1499,0,192
809,76,1498,0,211
810,82,1495,0,216
811,84,1494,0,202
812,85,1492,0,198
813,73,1496,1,45
816,75,1495,1,21
822,76,1495,1,59
823,76,1495,1,34
824,76,1495,1,27
828,75,1495,1,61
829,73,1496,1,65
833,82,1493,0,212
836,72,1494,0,169
838,66,1486,0,164
839,65,1485,0,162
840,65,1489,0,170
841,61,1494,0,174
842,55,1496,0,196
843,53,1490,0,209
844,58,1485,0,224
845,63,1485,0,233
846,66,1488,0,223
847,67,1485,0,228
848,65,1485,0,237
849,67,1480,0,248
850,67,1478,0,243
851,67,1479,0,244
852,65,1478,0,240
853,65,1478,0,234
854,71,1475,0,224
855,78,1473,0,216
856,79,1473,0,214
857,81,1471,0,213
858,86,1471,0,218
859,90,1473,0,217
860,91,1473,0,225
861,91,1475,0,237
862,94,1476,0,241
863,95,1478,0,243
864,96,1479,0,242
865,99,1480,0,232
866,100,1478,0,218
867,103,1476,0,210
868,107,1471,0,201
869,112,1470,0,200
870,116,1470,0,209
871,121,1467,0,208
872,122,1467,0,213
873,129,1462,0,216
874,129,1465,0,233
875,130,1465,0,230
876,133,1463,0,236
877,135,1461,0,232
878,138,1456,0,231
879,144,1453,0,235
880,145,1448,0,239
881,148,1445,0,251
882,153,1443,0,263
883,155,1444,0,269
884,153,1445,0,271
885,151,1444,0,274
886,151,1438,0,274
887,149,1434,0,277
888,150,1431,0,288
889,152,1424,0,300
890,150,1418,0,304
891,144,1414,0,319
892,144,1413,0,327
893,141,1412,0,334
894,135,1412,0,331
895,135,1400,0,340
896,126,1409,0,326
897,124,1408,0,324
898,120,1404,0,320
899,117,1403,0,322
900,112,1399,0,332
901,104,1397,0,342
902,101,1399,0,354
903,102,1396,0,359
904,102,1394,0,354
905,101,1390,0,0
906,97,1394,0,356
907,96,1399,0,359
908,96,1399,0,356
909,94,1399,0,2
910,86,1401,0,18
911,83,1402,0,25
912,82,1403,0,17
913,74,1401,0,17
914,68,1403,0,11
915,61,1404,0,1
916,60,1402,0,347
917,61,1396,0,343
918,57,1394,0,329
919,61,1385,0,302
920,63,1379,0,293
921,67,1373,0,287
922,71,1360,0,276
923,67,1355,0,261
924,63,1354,0,250
925,69,1343,0,248
926,78,1337,0,246
927,77,1333,0,238
928,83,1327,0,245
929,84,1321,0,232
930,87,1313,0,226
931,92,1308,0,226
932,97,1306,0,224
933,105,1302,0,233
934,108,1300,0,236
935,107,1299,0,229
936,107,1298,0,223
937,108,1294,0,225
938,109,1294,0,232
939,113,1289,0,226
940,113,1289,0,231
941,113,1292,0,232
942,113,1290,0,219
943,115,1291,0,222
944,114,1292,0,224
945,112,1292,0,224
946,115,1299,0,244
947,115,1299,0,243
948,114,1300,0,243
949,116,1300,0,244
950,114,1302,0,251
951,108,1303,0,250
952,103,1308,0,244
953,105,1306,0,241
954,106,1306,0,227
955,107,1303,0,205
956,113,1297,0,204
957,117,1297,0,199
958,120,1297,0,199
959,120,1294,0,183
960,124,1295,0,176
961,125,1295,0,178
962,126,1296,0,188
963,134,1292,0,193
964,137,1292,0,194
965,138,1291,0,200
966,138,1291,0,181
967,135,1291,0,169
968,125,1295,0,167
969,127,1300,0,154
970,121,1301,0,135
971,120,1302,0,127
972,120,1306,0,121
973,122,1308,0,118
974,119,1308,0,104
975,121,1304,0,87
976,122,1308,0,70
977,120,1312,0,53
978,121,1311,0,64
979,118,1314,0,60
980,117,1320,0,41
981,113,1326,0,42
982,108,1325,0,29
983,102,1324,0,16
984,99,1324,0,4
985,95,1325,0,355
986,92,1323,0,340
987,93,1319,0,318
988,90,1316,0,316
989,84,1308,0,315
990,86,1305,0,311
991,84,1307,0,311
992,79,1307,0,303
993,75,1308,0,290
994,74,1308,0,290
995,73,1308,0,287
996,71,1311,0,278
997,70,1308,0,283
998,67,1299,0,294
999,67,1293,0,291
1000,67,1284,0,284
1001,64,1273,0,288
1002,62,1270,0,287
1003,65,1262,0,279
1004,68,1252,0,264
1005,69,1246,0,264
1006,67,1242,0,276
1007,61,1240,0,284
1008,64,1233,0,272
1009,67,1226,0,281
1010,67,1218,0,283
1011,71,1212,0,277
1012,65,1205,0,276
1013,64,1198,0,276
1014,61,1190,0,286
1015,62,1184,0,279
1016,64,1183,0,278
1017,63,1180,0,278
1018,56,1170,0,284
1019,55,1164,0,282
1021,54,1138,0,280
1022,57,1132,0,262
1023,57,1127,0,262
1024,60,1118,0,255
1025,53,1119,0,247
1026,53,1118,0,223
1027,54,1121,0,218
1028,56,1122,0,212
1029,62,1120,0,207
1030,68,1116,0,209
1031,75,1111,0,204
1032,81,1106,0,199
1033,87,1103,0,216
1034,97,1098,0,225
1035,105,1096,0,222
1036,100,1096,0,210
1037,97,1098,0,218
1038,98,1096,0,222
1039,100,1097,0,210
1040,99,1097,0,205
1041,96,1097,0,225
1042,96,1091,0,235
1043,97,1087,0,231
1044,96,1089,0,221
1045,94,1093,0,212
1046,92,1095,0,192
1047,98,1095,0,185
1048,103,1097,0,182
1049,108,1099,0,178
1050,115,1101,0,171
1051,121,1102,0,169
1052,126,1105,0,170
1053,129,1105,0,162
1054,129,1105,0,160
1055,128,1106,0,165
1056,126,1107,0,161
1057,130,1107,0,164
1058,140,1102,0,181
1059,145,1098,0,189
1060,148,1101,0,185
1061,150,1103,0,191
1062,150,1101,0,194
1063,149,1103,0,199
1064,153,1100,0,200
1065,152,1100,0,195
1066,156,1101,0,195
1067,160,1101,0,198
1068,166,1097,0,202
1069,167,1095,0,203
1070,167,1096,0,200
1071,160,1098,0,195
1072,155,1100,0,196
1073,155,1098,0,214
1074,157,1100,0,225
1075,159,1100,0,218
1076,162,1098,0,221
1077,166,1097,0,229
1078,164,1098,0,229
1079,160,1100,0,214
1080,157,1099,0,198
1081,151,1099,0,195
1082,149,1092,0,175
1083,147,1101,0,158
1084,146,1106,0,177
1085,141,1107,0,175
1086,143,1106,0,172
1087,144,1102,0,141
1088,143,1102,0,133
1089,138,1100,0,127
1090,136,1103,0,115
1091,136,1104,0,107
1092,136,1105,0,102
1093,137,1104,0,94
1094,140,1107,0,80
1095,144,1105,0,60
1096,141,1111,0,55
1097,138,1114,0,46
1098,134,1116,0,43
1099,133,1113,0,33
1100,130,1115,0,11
1101,127,1116,0,358
1102,124,1117,0,354
1103,124,1111,0,356
1104,121,1111,0,0
1105,122,1110,0,357
1106,114,1108,0,347
1107,107,1108,0,340
1108,100,1107,0,332
1109,101,1109,0,332
1110,98,1109,0,335
1111,92,1108,0,338
1112,80,1108,0,346
1113,74,1107,0,352
1114,74,1114,0,13
1115,73,1116,0,28
1116,68,1123,0,34
1117,69,1132,0,46
1118,63,1147,0,61
1119,58,1154,0,66
1120,57,1160,0,65
1121,60,1176,0,85
1122,55,1187,0,83
1123,58,1192,0,94
1124,59,1197,0,92
1125,56,1199,0,83
1126,52,1211,0,82
1127,52,1222,0,78
1128,54,1233,0,87
1130,60,1269,0,100
1131,64,1283,0,98
1132,68,1302,0,95
1133,73,1316,0,80
1134,75,1322,0,96
1135,77,1337,0,91
1136,82,1343,0,93
1137,86,1354,0,101
1138,90,1366,0,103
1139,94,1373,0,95
1140,99,1377,0,104
1141,102,1381,0,114
1142,105,1381,0,122
1143,105,1383,0,128
1144,106,1386,0,122
1145,107,1391,0,126
1146,107,1391,0,129
1147,109,1392,0,127
1148,111,1393,0,124
1149,111,1393,0,127
1150,112,1391,0,120
1151,116,1389,0,125
1152,118,1394,0,120
1153,117,1392,0,110
1154,117,1389,0,101
1155,117,1391,0,105
1156,119,1390,0,112
1157,119,1392,0,108
1158,120,1394,0,108
1159,128,1400,0,103
1160,131,1402,0,105
1161,128,1404,0,108
1162,129,1408,0,112
1163,135,1416,0,121
1164,138,1419,0,110
1165,146,1433,0,100
1166,147,1446,0,97
1167,148,1452,0,90
1168,150,1454,0,89
1169,153,1458,0,85
1170,151,1454,0,82
1171,154,1467,0,89
1172,154,1472,0,89
1173,156,1478,0,88
1174,153,1484,0,78
1175,154,1491,0,83
1176,155,1500,0,85
1177,152,1504,0,91
1178,150,1504,0,89
1179,150,1506,0,88
1180,146,1511,0,102
1181,146,1511,0,101
1182,147,1512,0,97
1183,149,1515,0,92
1184,151,1513,0,86
1185,153,1516,0,85
1186,154,1517,0,76
1187,156,1517,0,77
1188,158,1519,0,73
1189,156,1520,0,72
1190,154,1521,0,72
1191,156,1520,0,73
1192,154,1522,0,70
1193,153,1522,0,74
1194,153,1522,0,74
1195,153,1522,0,69
1196,152,1523,0,68
1197,153,1528,0,69
1198,154,1535,0,64
1199,150,1543,0,73
1200,146,1553,0,67
1201,143,1559,0,74
1202,145,1563,0,81
1203,148,1567,0,84
1204,146,1568,0,93
1205,147,1571,0,91
1206,147,1575,0,91
1207,148,1578,0,99
1208,147,1586,0,106
1209,151,1592,0,116
1210,151,1597,0,129
1211,156,1599,0,143
1212,155,1604,0,140
1213,157,1604,0,149
1214,157,1604,0,148
1215,159,1605,0,146
1216,160,1606,0,148
1217,160,1606,0,148
1218,160,1605,0,146
1219,160,1606,0,146
1220,160,1606,0,146
1221,161,1606,0,144
1222,161,1605,0,142
1223,161,1603,0,140
1224,162,1601,0,130
1225,161,1601,0,129
1226,162,1600,0,130
1227,165,1600,0,128
1228,167,1597,0,119
1229,167,1597,0,115
1230,168,1598,0,114
1231,171,1599,0,106
1234,184,1589,0,57
1235,184,1588,0,54
1236,187,1590,0,234
1237,187,1607,0,222
1238,197,1607,0,29
1239,196,1610,0,205
1240,195,1611,0,22
1241,200,1610,0,193
1242,193,1613,0,13
1243,193,1614,0,9
1244,190,1613,0,195
1245,195,1612,0,187
1246,197,1613,0,185
1247,190,1610,0,10
1252,192,1610,0,4
1253,190,1610,0,16
1254,190,1610,0,18
1255,190,1609,0,19
1256,189,1610,0,15
1257,189,1609,0,13
1258,190,1609,0,13
1259,193,1609,0,12
1260,194,1609,0,9
1261,191,1610,0,12
1262,193,1610,0,15
1263,192,1610,0,10
1264,191,1610,0,11
1265,192,1610,0,11
1266,187,1611,0,10
1267,187,1610,0,9
1268,191,1610,0,11
1269,190,1610,0,9
1270,190,1611,0,8
1271,190,1611,0,10
1272,190,1610,0,14
1273,189,1610,0,17
1274,192,1610,0,8
1275,191,1610,0,15
1276,191,1610,0,14
1277,190,1610,0,12
1278,189,1610,0,14
1279,189,1610,0,16
1280,190,1611,0,15
1281,190,1610,0,13
1282,188,1611,0,17
1283,189,1610,0,16
1284,187,1610,0,19
1285,189,1610,0,17
1286,190,1610,0,19
1287,188,1609,0,20
1288,187,1609,0,24
1289,190,1609,0,23
1290,191,1609,0,22
1291,188,1609,0,24
1292,186,1609,0,27
1293,188,1610,0,22
1294,189,1609,0,20
1295,190,1607,0,22
1296,189,1608,0,23
1297,189,1608,0,25
1298,188,1609,0,22
1299,188,1608,0,26
1300,187,1609,0,25
1301,188,1609,0,24
1302,191,1610,0,25
1303,189,1610,0,25
1304,193,1609,0,25
1305,191,1610,0,22
1306,190,1609,0,21
1307,191,1609,0,15
1308,190,1610,0,16
1309,190,1610,0,16
1310,191,1610,0,17
1311,190,1610,0,17
1312,187,1610,0,20
1313,188,1610,0,19
1314,189,1610,0,18
1315,186,1610,0,20
1316,186,1610,0,23
1317,187,1610,0,22
1318,186,1610,0,22
1319,186,1610,0,25
1320,186,1610,0,21
1321,186,1611,0,18
1322,187,1612,0,17
1323,185,1612,0,18
1324,184,1612,0,15
1325,184,1612,0,14
1326,185,1612,0,16
1327,185,1611,0,16
1328,186,1611,0,13
1329,187,1611,0,13
1330,189,1610,0,12
1331,189,1610,0,13
1332,189,1611,0,10
1333,189,1611,0,9
1334,188,1612,0,11
1335,187,1612,0,10
1336,188,1612,0,7
1337,191,1613,0,6
1338,190,1612,0,3
1339,189,1613,0,1
1340,189,1613,0,359
1341,189,1613,0,357
1342,189,1614,0,358
1343,188,1615,0,353
1344,189,1616,0,353
1345,188,1616,0,349
1346,187,1616,0,349
1347,188,1617,0,345
1348,188,1617,0,342
1349,188,1618,0,341
1350,190,1618,0,343
1351,190,1619,0,346
1352,190,1618,0,342
1353,191,1617,0,339
1354,191,1618,0,336
1355,191,1619,0,334
1356,191,1619,0,330
1357,189,1619,0,338
1358,189,1620,0,344
1359,188,1619,0,343
1360,188,1619,0,341
1361,188,1619,0,338
1362,190,1619,0,337
1363,190,1619,0,332
1364,191,1620,0,331
1365,190,1619,0,332
1366,191,1620,0,332
1367,189,1620,0,337
1368,189,1620,0,339
1369,189,1620,0,338
1370,190,1620,0,339
1371,190,1620,0,334
1372,190,1621,0,332
1373,190,1620,0,335
1374,190,1620,0,332
1375,191,1620,0,329
1376,192,1620,0,334
1377,191,1620,0,331
1378,191,1620,0,330
1379,192,1618,0,338
1380,191,1620,0,339
1381,191,1621,0,334
1382,189,1622,0,330
1383,189,1622,0,326
1384,188,1623,0,320
1385,188,1622,0,318
1386,187,1621,0,314
1387,187,1621,0,316
1388,187,1622,0,316
1389,188,1622,0,317
1390,188,1622,0,318
1391,189,1622,0,322
1392,190,1621,0,323
1393,190,1621,0,324
1394,189,1622,0,323
1395,190,1622,0,323
1396,189,1622,0,320
1397,188,1622,0,320
1398,187,1623,0,314
1399,188,1622,0,317
1400,188,1622,0,318
1401,189,1623,0,317
1402,190,1622,0,321
1403,191,1622,0,322
1404,190,1622,0,322
1405,190,1621,0,322
1406,189,1620,0,325
1407,189,1620,0,330
1408,189,1619,0,332
1409,188,1618,0,332
1410,189,1619,0,331
1411,188,1619,0,334
1412,187,1619,0,337
1413,188,1620,0,337
1414,189,1620,0,338
1415,188,1619,0,336
1416,187,1619,0,337
1417,187,1619,0,335
1418,188,1619,0,334
1419,188,1620,0,330
1420,188,1621,0,326
1421,188,1621,0,326
1422,189,1621,0,329
1423,190,1621,0,331
1424,189,1622,0,334
1425,189,1621,0,335
1426,188,1620,0,334
1427,188,1621,0,335
1428,189,1620,0,333
1429,190,1620,0,335
1430,191,1620,0,335
1431,190,1621,0,334
1432,190,1620,0,333
1433,190,1618,0,333
1434,191,1618,0,334
1435,190,1618,0,339
1436,190,1618,0,341
1437,193,1619,0,346
1438,189,1621,0,349
1439,187,1619,0,346
1440,199,1619,0,357
1441,200,1617,0,355
1442,197,1617,0,355
1443,196,1617,0,356
1444,191,1615,0,3
1445,190,1614,0,7
1446,189,1614,0,11
1447,192,1613,0,9
1448,192,1614,0,10
1449,189,1613,0,13
1450,188,1613,0,9
1451,186,1612,0,11
1452,188,1612,0,8
1453,186,1613,0,14
1454,187,1612,0,12
1455,188,1614,0,12
1456,187,1613,0,14
1457,187,1611,0,14
1458,188,1611,0,11
1459,189,1612,0,10
1460,189,1610,0,13
1461,189,1610,0,21
1462,189,1609,0,23
1463,188,1609,0,23
1464,188,1608,0,21
1465,189,1608,0,24
1466,190,1608,0,30
1467,189,1610,0,25
1468,189,1610,0,24
1469,189,1610,0,25
1470,187,1610,0,30
1471,188,1608,0,29
1472,189,1608,0,34
1473,193,1608,0,17
1474,194,1609,0,21
1475,195,1609,0,19
1476,194,1609,0,30
1477,188,1612,0,32
1478,190,1612,0,22
1479,188,1611,0,19
1480,187,1610,0,24
1481,187,1610,0,27
1482,194,1607,0,17
1483,191,1608,0,21
1484,188,1609,0,26
1485,191,1608,0,27
1486,191,1608,0,25
1487,187,1610,0,34
1488,186,1610,0,33
1489,188,1608,0,32
1490,187,1608,0,33
1491,187,1609,0,31
1492,187,1609,0,31
1493,187,1608,0,32
1494,191,1608,0,27
1495,190,1609,0,29
1496,189,1609,0,30
1497,189,1609,0,36
1498,190,1610,0,40
1499,189,1610,0,39
1500,188,1610,0,31
1501,189,1610,0,31
1502,188,1610,0,31
1503,189,1610,0,34
1504,190,1609,0,33
1505,190,1609,0,37
1506,190,1609,0,28
1507,190,1608,0,27
1508,190,1608,0,28
1509,190,1609,0,29
1510,191,1609,0,26
1511,189,1610,0,41
1512,189,1611,0,29
1513,189,1610,0,28
1514,191,1608,0,29
1515,191,1608,0,24
1516,190,1609,0,10
1517,186,1611,0,28
1518,186,1613,0,28
1519,188,1612,0,18
1520,191,1611,0,17
1521,196,1607,0,14
1522,192,1608,0,14
1523,192,1608,0,13
1524,193,1608,0,14
1525,194,1608,0,11
1526,190,1610,0,13
1527,191,1611,0,15
1528,189,1612,0,13
1529,195,1609,0,11
1530,189,1611,0,10
1531,191,1611,0,11
1532,190,1610,0,11
1533,190,1610,0,13
1534,187,1612,0,19
1535,189,1612,0,19
1536,189,1610,0,13
1537,191,1609,0,13
1538,190,1609,0,14
1539,190,1609,0,18
1540,189,1608,0,17
1541,194,1608,0,11
1542,187,1610,0,16
1543,183,1609,0,17
1544,191,1608,0,15
1545,195,1607,0,16
1546,193,1608,0,18
1547,194,1608,0,21
1548,190,1609,0,14
1549,189,1610,0,17
1550,189,1610,0,15
1551,187,1611,0,27
1552,193,1609,0,13
1553,197,1609,0,21
1554,194,1608,0,18
1555,195,1608,0,16
1556,197,1606,0,20
1557,196,1607,0,19
1558,192,1611,0,19
1559,188,1612,0,22
1560,189,1610,0,19
1561,188,1611,0,9
1562,191,1610,0,14
1563,188,1610,0,13
1564,188,1610,0,16
1565,190,1610,0,15
1566,192,1609,0,6
1567,192,1609,0,11
1568,187,1611,0,26
1569,190,1610,0,14
1570,188,1611,0,19
1571,192,1609,0,10
1572,187,1610,0,19
1573,187,1609,0,19
1574,189,1609,0,15
1575,193,1609,0,13
1576,191,1608,0,12
1577,191,1609,0,16
1578,190,1609,0,10
1579,188,1609,0,14
1580,188,1609,0,16
1581,189,1608,0,22
1582,189,1609,0,17
1583,189,1609,0,17
1584,191,1607,0,25
1585,188,1609,0,26
1586,187,1610,0,23
1587,188,1611,0,28
1588,189,1610,0,20
1589,188,1611,0,22
1590,189,1611,0,27
1591,188,1611,0,26
1592,189,1612,0,24
1593,190,1610,0,22
1594,191,1609,0,20
1595,188,1610,0,26
1596,187,1611,0,25
1597,187,1611,0,26
1598,189,1610,0,20
1599,188,1612,0,25
1600,189,1610,0,23
1601,189,1610,0,22
1602,189,1610,0,23
1603,189,1610,0,23
1604,189,1610,0,23
1605,189,1610,0,24
1606,189,1610,0,24
1607,192,1608,0,15
1608,189,1609,0,24
1609,190,1608,0,27
1610,190,1609,0,25
1611,190,1610,0,26
1612,191,1609,0,21
1613,189,1610,0,23
1614,189,1611,0,21
1615,189,1610,0,25
1616,189,1611,0,26
1617,189,1610,0,25
1618,188,1611,0,21
1619,189,1611,0,25
1620,191,1610,0,19
1621,188,1611,0,16
1622,188,1611,0,21
1623,191,1610,0,15
1624,190,1610,0,15
1625,189,1611,0,15
1626,187,1611,0,20
1627,189,1611,0,20
1628,190,1610,0,12
1629,190,1609,0,10
1630,189,1609,0,10
1631,187,1610,0,13
1632,189,1610,0,17
1633,189,1610,0,19
1634,189,1611,0,22
1635,188,1611,0,22
1636,189,1612,0,24
1637,187,1612,0,19
1638,187,1612,0,20
1639,188,1612,0,22
1640,188,1611,0,22
1641,190,1610,0,17
1642,189,1611,0,24
1643,191,1609,0,17
1644,189,1609,0,23
1645,188,1610,0,24
1646,187,1609,0,27
1647,188,1608,0,26
1648,187,1610,0,28
1649,186,1609,0,27
1650,187,1609,0,26
1651,187,1610,0,25
1652,186,1611,0,31
1653,186,1611,0,26
1654,187,1610,0,25
1655,188,1612,0,28
1656,187,1612,0,26
1657,188,1612,0,32
1658,197,1607,0,21
1659,196,1607,0,21
1660,188,1610,0,25
1661,188,1610,0,26
1662,189,1611,0,27
1663,194,1608,0,20
1664,193,1608,0,18
1665,188,1610,0,23
1666,189,1610,0,16
1667,191,1608,0,15
1668,190,1609,0,19
1669,190,1609,0,17
1670,189,1609,0,18
1671,188,1610,0,22
1672,188,1609,0,22
1673,190,1609,0,20
1674,189,1609,0,25
1675,187,1609,0,27
1676,186,1609,0,31
1677,187,1610,0,28
1678,187,1609,0,28
1679,187,1609,0,25
1680,186,1610,0,30
1681,186,1610,0,32
1682,187,1610,0,29
1683,188,1608,0,30
1684,187,1609,0,29
1685,190,1608,0,27
1686,189,1608,0,28
1687,188,1609,0,28
1688,189,1609,0,25
1689,191,1606,0,29
1690,187,1609,0,22
1691,187,1609,0,27
1692,188,1609,0,24
1693,187,1608,0,28
1694,187,1609,0,26
1695,188,1609,0,26
1696,188,1609,0,31
1697,189,1608,0,30
1698,189,1608,0,26
1699,189,1609,0,23
1700,188,1609,0,20
1701,188,1609,0,17
1702,187,1609,0,25
1703,188,1610,0,23
1704,189,1610,0,22
1705,192,1609,0,20
1706,189,1610,0,24
1707,191,1607,0,22
1708,189,1608,0,26
1709,191,1608,0,23
1710,187,1608,0,31
1711,188,1608,0,32
1712,188,1609,0,30
1713,190,1609,0,24
1714,192,1607,0,25
1715,189,1608,0,31
1716,189,1608,0,28
1717,189,1609,0,29
1718,190,1609,0,28
1719,189,1608,0,32
1720,188,1609,0,31
1721,188,1609,0,27
1722,188,1610,0,25
1723,188,1610,0,27
1724,187,1610,0,22
1725,187,1610,0,24
1726,187,1610,0,24
1727,188,1609,0,25
1728,190,1608,0,28
1729,189,1608,0,26
1730,189,1609,0,25
1731,188,1610,0,25
1732,188,1610,0,26
1733,189,1610,0,28
1734,189,1609,0,31
1735,189,1609,0,27
1736,188,1609,0,26
1737,187,1610,0,28
1738,188,1609,0,27
1739,193,1608,0,24
1740,189,1609,0,28
1741,193,1608,0,20
1742,190,1607,0,26
1743,189,1609,0,27
1744,188,1609,0,27
1745,188,1609,0,27
1746,189,1609,0,27
1747,190,1610,0,19
1748,190,1610,0,19
1749,196,1607,0,22
1750,193,1608,0,20
1751,194,1608,0,19
1752,190,1609,0,19
1753,189,1609,0,25
1754,188,1609,0,25
1755,190,1609,0,26
1756,190,1608,0,23
1757,189,1609,0,23
1758,189,1608,0,25
1759,189,1608,0,27
1760,189,1608,0,29
1761,188,1608,0,27
1762,187,1608,0,27
1763,188,1608,0,26
1764,189,1608,0,23
1765,189,1608,0,28
1766,191,1608,0,19
1767,189,1609,0,23
1768,190,1608,0,20
1769,188,1609,0,25
1770,188,1608,0,25
1771,187,1608,0,25
1772,188,1608,0,22
1773,187,1608,0,25
1774,186,1609,0,24
1775,189,1608,0,21
1776,190,1608,0,21
1777,191,1607,0,22
1778,191,1608,0,21
1779,190,1608,0,21
1780,190,1608,0,26
1781,190,1608,0,24
1782,189,1609,0,29
1783,188,1610,0,29
1784,189,1610,0,29
1785,189,1610,0,28
1786,189,1610,0,29
1787,189,1610,0,26
1788,190,1609,0,24
1789,190,1609,0,29
1790,192,1607,0,29
1791,192,1608,0,29
1792,192,1608,0,30
1793,190,1609,0,32
1794,190,1609,0,32
1795,191,1609,0,33
1796,191,1609,0,35
1797,191,1609,0,33
1798,189,1609,0,31
1799,186,1608,0,31
1800,187,1609,0,31
1801,188,1609,0,33
1802,189,1607,0,32
1803,189,1607,0,32
1804,188,1609,0,30
1805,188,1608,0,30
1806,189,1608,0,30
1807,189,1608,0,28
1808,189,1609,0,25
1809,187,1607,0,26
1810,188,1607,0,25
1811,188,1608,0,27
1812,190,1606,0,26
1813,189,1607,0,28
1814,188,1608,0,26
1815,190,1606,0,28
1816,190,1606,0,28
1817,188,1608,0,27
1818,187,1608,0,28
1819,189,1607,0,31
1820,191,1605,0,27
1821,188,1608,0,27
1822,190,1608,0,25
1823,190,1608,0,26
1824,190,1607,0,28
1825,189,1606,0,32
1826,188,1608,0,30
1827,188,1608,0,29
1828,189,1608,0,30
1829,189,1606,0,30
1830,189,1606,0,32
1831,189,1608,0,28
1832,190,1608,0,29
1833,189,1608,0,30
1834,189,1608,0,30
1835,191,1607,0,25
1836,191,1608,0,30
1837,191,1609,0,36
1838,191,1607,0,31
1839,192,1607,0,32
1840,195,1606,0,28
1841,194,1605,0,29
1842,195,1606,0,32
1843,195,1606,0,29
1844,193,1607,0,27
1845,195,1606,0,27
1846,195,1605,0,30
1847,194,1607,0,26
1848,193,1607,0,25
1849,187,1608,0,28
1850,189,1608,0,27
1851,189,1607,0,27
1852,194,1606,0,26
1853,188,1608,0,32
1854,193,1607,0,27
1855,190,1608,0,30
1856,190,1609,0,25
1857,187,1609,0,32
1858,186,1608,0,35
1859,190,1606,0,24
1860,191,1607,0,21
1861,191,1607,0,30
1862,190,1608,0,40
1863,191,1607,0,34
1864,189,1608,0,35
1865,192,1606,0,31
1866,192,1605,0,32
1867,186,1610,0,38
1868,186,1611,0,40
1869,187,1610,0,39
1870,190,1607,0,30
1871,189,1609,0,34
1872,194,1607,0,33
1873,193,1607,0,31
1874,189,1608,0,33
1875,188,1609,0,37
1876,190,1606,0,36
1877,192,1608,0,33
1878,187,1610,0,42
1879,191,1604,0,31
1880,189,1606,0,36
1881,189,1606,0,36
1882,184,1608,0,36
1883,186,1606,0,37
1884,181,1611,0,52
1885,184,1608,0,46
1886,183,1609,0,47
1887,186,1606,0,35
1888,187,1605,0,33
1889,186,1607,0,36
1890,184,1608,0,41
1891,187,1606,0,29
1892,191,1605,0,31
1893,184,1612,0,39
1894,190,1607,0,28
1895,190,1605,0,29
1896,184,1611,0,44
1897,190,1604,0,34
1898,183,1608,0,57
1899,181,1611,0,59
1900,184,1610,0,51
1901,188,1606,0,45
1902,186,1608,0,51
1903,185,1608,0,56
1904,186,1607,0,56
1905,183,1612,0,62
1906,186,1609,0,55
1907,185,1612,0,51
1909,189,1611,0,229
1910,184,1615,0,58
1911,184,1615,0,59
1914,187,1609,0,47
1915,187,1607,0,48
1916,183,1610,0,54
1917,180,1613,0,58
1918,179,1615,0,58
1919,178,1614,0,82
1920,175,1608,0,94
1921,172,1606,0,113
1922,172,1605,0,121
1923,173,1605,0,115
1924,175,1603,0,111
1925,175,1605,0,112
1926,174,1608,0,125
1927,171,1606,0,136
1928,172,1607,0,135
1929,175,1607,0,125
1930,175,1606,0,119
1931,174,1606,0,119
1932,173,1605,0,123
1933,169,1603,0,133
1934,169,1602,0,148
1935,173,1607,0,136
1936,175,1607,0,132
1937,175,1610,0,139
1938,179,1612,0,134
1939,178,1610,0,133
1940,178,1610,0,135
1941,176,1609,0,128
1942,177,1612,0,131
1943,177,1613,0,129
1944,176,1611,0,132
1945,177,1612,0,132
1946,177,1612,0,133
1947,176,1614,0,135
1948,179,1615,0,140
1949,173,1610,1,147
1950,174,1611,0,181
1951,175,1611,1,161
1952,179,1615,0,148
1953,179,1615,0,146
1954,179,1615,0,142
1955,180,1615,0,148
1956,179,1615,0,147
1957,180,1615,0,145
1958,179,1613,0,135
1959,179,1615,0,146
1960,178,1611,1,156
1961,181,1614,0,140
1962,178,1612,1,157
1963,178,1612,1,139
1964,177,1612,1,149
1965,176,1611,1,157
1966,183,1615,0,151
1972,180,1614,0,159
1973,180,1614,0,152
1974,180,1614,0,149
1975,179,1615,0,154
1976,179,1615,0,157
1977,177,1614,0,169
1978,174,1614,0,169
1979,175,1611,0,158
1980,176,1613,0,168
1981,176,1613,0,175
1982,177,1614,0,180
1983,176,1614,0,182
1984,178,1614,0,184
1985,176,1614,0,184
1986,173,1614,0,170
1987,172,1613,0,174
1988,178,1614,0,164
1989,177,1613,0,165
1990,177,1613,0,176
1991,176,1612,0,178
1992,172,1613,0,177
1993,173,1612,0,178
1994,180,1615,0,167
1995,179,1615,0,177
1996,178,1613,0,174
1997,180,1615,0,172
1998,181,1614,0,173
1999,179,1614,0,169
2000,172,1613,1,196
2001,172,1613,1,196
2002,175,1613,1,213
2005,173,1616,1,56
2007,167,1613,1,90
2009,161,1614,0,189
2010,158,1615,0,197
2011,157,1616,1,198
2012,182,1613,0,176
2013,181,1613,0,181
2014,179,1613,0,176
2015,179,1612,0,180
2016,180,1614,0,177
2017,180,1615,0,185
2018,181,1614,0,181
2019,180,1614,0,169
2020,180,1613,0,169
2021,181,1612,0,176
2022,179,1612,0,171
2023,174,1613,0,176
2024,171,1614,0,176
2025,173,1614,0,181
2026,173,1614,0,181
2027,172,1615,0,181
2028,172,1615,0,181
2029,177,1615,0,176
2030,171,1614,0,171
2031,174,1614,0,174
2032,180,1616,0,171
2033,173,1614,0,177
2034,171,1613,0,177
2035,170,1614,0,171
2036,170,1615,0,170
2037,170,1617,0,180
2038,171,1615,0,177
2039,171,1615,0,179
2040,167,1614,0,175
2041,171,1615,0,173
2042,172,1614,0,169
2043,168,1614,0,172
2044,174,1615,0,174
2045,173,1616,0,178
2046,168,1615,0,178
2047,169,1615,0,169
2048,172,1615,0,170
2049,167,1616,0,185
2050,163,1614,0,175
2051,162,1614,0,171
2052,164,1613,0,170
2053,172,1613,0,152
2054,174,1612,0,154
2055,174,1612,0,148
2056,173,1613,0,152
2057,177,1614,0,154
2058,174,1613,0,158
2059,175,1613,0,149
2060,177,1614,0,150
2061,178,1612,0,144
2062,174,1606,0,146
2063,176,1610,0,143
2064,174,1607,0,138
2065,173,1607,0,140
2066,174,1606,0,143
2067,175,1605,0,141
2068,175,1605,0,140
2069,175,1606,0,142
2070,178,1604,0,134
2071,176,1607,0,144
2072,176,1607,0,143
2073,172,1604,0,142
2074,171,1605,0,144
2075,174,1608,0,146
2076,173,1607,0,143
2077,176,1604,0,137
2078,174,1603,0,136
2079,176,1603,0,133
2080,173,1604,0,130
2081,179,1607,0,134
2082,174,1608,0,128
2083,174,1609,0,119
2084,175,1609,0,117
2085,177,1605,0,111
2086,175,1604,0,111
2087,173,1604,0,111
2088,173,1604,0,120
2089,173,1605,0,122
2090,172,1607,0,131
2091,174,1608,0,128
2092,173,1607,0,124
2093,173,1604,0,124
2094,173,1605,0,123
2095,170,1600,0,118
2096,173,1608,0,115
2097,174,1608,0,114
2098,173,1604,0,119
2099,174,1608,0,116
2100,174,1608,0,115
2101,174,1607,0,109
2102,175,1608,0,114
2103,174,1607,0,114
2104,171,1604,0,116
2105,169,1604,0,133
2106,173,1608,0,126
2107,173,1608,0,124
2108,174,1608,0,128
2109,174,1608,0,118
2110,173,1607,0,113
2111,173,1606,0,114
2112,174,1608,0,116
2113,172,1607,0,127
2114,173,1606,0,121
2115,173,1607,0,118
2116,174,1606,0,115
2117,174,1605,0,106
2118,175,1607,0,109
2119,175,1606,0,114
2120,174,1604,0,101
2121,174,1604,0,106
2122,175,1603,0,102
2123,174,1604,0,106
2124,175,1605,0,98
2125,174,1605,0,102
2126,175,1605,0,98
2127,173,1606,0,100
2128,174,1608,0,104
2129,175,1607,0,104
2130,174,1605,0,101
2131,174,1603,0,110
2132,174,1605,0,101
2133,175,1604,0,102
2134,175,1603,0,94
2135,177,1603,0,82
2136,177,1603,0,82
2137,178,1602,0,83
2138,177,1603,0,86
2139,177,1603,0,88
2140,178,1602,0,81
2141,179,1600,0,73
2142,179,1601,0,77
2143,178,1603,0,86
2144,179,1601,0,79
2145,179,1600,0,76
2146,180,1598,0,69
2147,177,1599,0,79
2148,178,1600,0,76
2149,177,1601,0,87
2150,176,1601,0,88
2151,176,1602,0,86
2152,176,1603,0,79
2153,177,1604,0,86
2154,176,1603,0,85
2155,177,1606,0,86
2156,178,1605,0,82
2157,177,1604,0,79
2158,177,1604,0,81
2159,177,1605,0,85
2160,177,1603,0,84
2161,177,1603,0,85
2162,176,1601,0,89
2163,176,1601,0,89
2164,176,1601,0,87
2165,175,1602,0,91
2166,176,1601,0,88
2167,175,1601,0,89
2168,175,1601,0,90
2169,176,1603,0,94
2170,176,1602,0,94
2171,175,1602,0,92
2172,175,1600,0,96
2173,176,1602,0,93
2174,175,1601,0,92
2175,176,1600,0,91
2176,176,1603,0,90
2177,176,1601,0,91
2178,176,1600,0,91
2179,176,1604,0,88
2180,176,1605,0,91
2181,176,1603,0,89
2182,176,1602,0,90
2183,176,1604,0,92
2184,176,1602,0,89
2185,175,1604,0,90
2186,176,1603,0,85
2187,175,1605,0,90
2188,176,1602,0,91
2189,176,1601,0,90
2190,175,1594,0,75
2191,175,1609,0,88
2192,174,1608,0,88
2193,175,1610,0,78
2194,176,1607,0,91
2195,177,1610,0,95
2196,176,1605,0,88
2197,176,1607,0,91
2198,177,1605,0,98
2199,177,1605,0,95
2200,177,1605,0,88
2201,177,1607,0,85
2202,178,1606,0,81
2203,177,1609,0,85
2204,176,1607,0,86
2205,177,1608,0,85
2206,176,1607,0,90
2207,177,1609,0,87
2208,176,1610,0,86
2209,177,1610,0,86
2210,177,1609,0,89
2211,176,1605,0,91
2212,177,1607,0,90
2213,176,1606,0,95
2214,176,1610,0,91
2215,177,1609,0,91
2216,176,1610,0,91
2217,176,1607,0,88
2218,176,1608,0,86
2219,176,1606,0,88
2220,176,1607,0,86
2221,176,1608,0,87
2222,175,1608,0,83
2223,176,1605,0,87
2224,176,1603,0,95
2225,177,1608,0,89
2226,177,1608,0,89
2227,176,1608,0,97
2228,176,1608,0,99
2229,176,1608,0,95
2230,176,1608,0,94
2231,176,1608,0,94
2232,177,1608,0,92
2233,177,1608,0,91
2234,177,1609,0,90
2235,177,1606,0,91
2236,177,1608,0,89
2237,177,1610,0,86
2238,177,1612,0,87
2239,178,1608,0,88
2240,177,1608,0,89
2241,177,1608,0,89
2242,177,1608,0,87
2243,177,1605,0,84
2244,177,1606,0,90
2245,177,1607,0,87
2246,178,1606,0,83
2247,177,1608,0,87
2248,177,1610,0,84
2249,177,1607,0,83
2250,176,1608,0,94
2251,176,1608,0,97
2252,175,1606,0,106
2253,176,1609,0,94
2254,176,1606,0,101
2255,176,1608,0,95
2256,177,1609,0,91
2257,178,1605,0,88
2258,177,1608,0,87
2259,176,1603,0,87
2260,177,1606,0,86
2261,177,1607,0,83
2262,177,1607,0,85
2263,177,1608,0,93
2264,178,1608,0,95
2265,179,1606,0,86
2266,179,1611,0,90
2267,178,1609,0,90
2268,179,1608,0,92
2269,179,1610,0,89
2270,179,1604,0,86
2271,179,1610,0,80
2272,179,1609,0,83
2273,180,1609,0,74
2274,179,1610,0,84
2275,178,1609,0,81
2276,179,1604,0,78
2277,179,1606,0,93
2278,180,1609,0,76
2279,181,1606,0,74
2280,181,1602,0,75
2281,178,1605,0,87
2282,177,1608,0,87
2283,178,1606,0,85
2284,178,1601,0,81
2285,176,1603,0,93
2286,176,1607,0,96
2287,177,1607,0,96
2288,177,1606,0,88
2289,178,1606,0,87
2290,178,1607,0,89
2291,178,1607,0,90
2292,178,1610,0,90
2293,178,1610,0,88
2294,179,1605,0,78
2295,178,1608,0,87
2296,178,1608,0,90
2297,179,1608,0,88
2298,178,1601,1,93
2299,179,1612,0,80
2300,179,1608,0,87
2301,179,1611,0,90
2302,178,1612,0,89
2303,178,1606,0,92
2304,177,1608,0,93
2305,178,1608,0,93
2306,178,1612,0,90
2307,178,1612,0,89
2308,177,1614,0,94
2309,177,1614,0,103
2310,176,1613,0,107
2311,176,1612,0,121
2312,178,1614,0,113
2313,179,1613,0,98
2314,179,1610,0,104
2315,178,1610,0,126
2316,180,1615,0,100
2317,179,1612,0,113
2318,180,1615,0,101
2319,179,1611,0,104
2320,179,1612,0,121
2321,181,1614,0,109
2322,180,1612,0,101
2323,179,1612,0,122
2324,179,1613,0,128
2325,179,1609,0,102
2326,179,1604,0,96
2327,178,1609,0,107
2328,178,1611,0,108
2329,178,1611,0,110
2330,177,1613,0,111
2331,176,1610,0,112
2332,178,1612,0,105
2333,176,1610,0,107
2334,176,1609,0,107
2335,177,1613,0,111
2336,176,1610,0,105
2337,175,1610,0,112
2338,176,1609,0,109
2339,175,1608,0,107
2340,175,1608,0,106
2341,174,1608,0,111
2342,174,1609,0,117
2343,174,1608,0,116
2344,174,1608,0,112
2345,174,1607,0,111
2346,174,1608,0,107
2347,175,1608,0,105
2348,174,1608,0,109
2349,175,1608,0,105
2350,175,1608,0,105
2351,175,1608,0,105
2352,176,1607,0,96
2353,176,1604,0,89
2354,177,1606,0,90
2355,177,1607,0,87
2356,178,1602,0,81
2357,179,1603,0,75
2358,178,1604,0,80
2359,177,1599,0,78
2360,178,1609,0,88
2361,179,1608,0,83
2362,180,1603,0,79
2363,180,1602,0,74
2364,181,1602,0,77
2365,179,1605,0,75
2366,180,1603,0,74
2367,178,1605,0,78
2368,178,1606,0,74
2369,179,1605,0,71
2370,181,1602,0,67
2371,179,1603,0,75
2372,178,1605,0,78
2373,179,1605,0,73
2374,178,1603,0,77
2375,177,1607,0,86
2376,179,1602,0,74
2377,179,1603,0,72
2378,179,1602,0,69
2379,179,1604,0,75
2380,180,1602,0,71
2381,180,1603,0,70
2382,180,1603,0,69
2383,180,1603,0,70
2384,180,1605,0,71
2385,178,1605,0,79
2386,177,1603,0,73
2387,179,1603,0,72
2388,179,1607,0,74
2389,179,1605,0,72
2390,179,1605,0,70
2391,179,1603,0,75
2392,179,1603,0,70
2393,179,1602,0,69
2394,179,1602,0,68
2395,180,1603,0,70
2396,180,1601,0,65
2397,180,1601,0,69
2398,179,1603,0,70
2399,178,1601,0,65
2400,179,1600,0,64
2401,180,1601,0,71
2402,180,1603,0,68
2403,181,1603,0,69
2404,180,1601,0,66
2405,179,1606,0,74
2406,183,1597,0,59
2407,182,1600,0,63
2408,180,1602,0,61
2409,180,1601,0,61
2410,179,1603,0,61
2411,179,1603,0,60
2412,181,1600,0,59
2413,181,1598,0,63
2414,179,1599,0,70
2415,179,1601,0,65
2416,179,1602,0,63
2417,181,1600,0,74
2418,180,1602,0,73
2419,179,1605,0,72
2420,179,1605,0,70
2421,178,1605,0,72
2422,178,1605,0,77
2423,178,1608,0,82
2424,178,1609,0,78
2425,178,1611,0,78
2426,177,1611,0,82
2427,177,1608,0,79
2428,177,1607,0,83
2429,177,1605,0,79
2430,177,1603,0,78
2431,177,1598,0,85
2432,177,1608,0,92
2433,177,1608,0,89
2434,177,1607,0,89
2435,178,1605,0,88
2436,178,1607,0,93
2437,178,1604,0,81
2438,177,1606,0,88
2439,177,1605,0,86
2440,178,1605,0,90
2441,177,1606,0,91
2442,178,1603,0,84
2443,178,1602,0,85
2444,178,1600,0,79
2445,178,1598,0,77
2446,177,1600,0,80
2447,176,1601,0,84
2448,177,1604,0,80
2449,176,1601,0,82
2451,176,1603,0,258
2452,177,1604,0,261
2453,176,1605,0,82
2454,176,1599,0,262
2455,176,1602,0,257
2456,176,1603,0,256
2458,176,1603,0,259
2459,176,1603,0,258
2460,175,1601,0,262
2461,175,1599,0,262
2464,176,1599,0,261
2465,176,1598,0,261
2466,176,1602,0,261
2467,175,1604,0,266
2468,174,1611,0,86
2469,174,1609,0,268
2470,175,1604,0,264
2471,175,1605,0,265
2472,174,1608,0,268
2473,174,1604,0,271
2474,173,1611,0,98
2475,173,1607,0,98
2476,172,1609,0,282
2477,173,1610,0,99
2478,174,1611,0,96
2479,173,1609,0,91
2480,173,1609,0,89
2481,174,1605,0,264
2482,173,1600,0,258
2483,172,1608,0,85
2484,172,1607,0,85
2485,170,1606,0,271
2486,171,1606,0,96
2487,171,1607,0,99
2488,172,1609,0,101
2489,172,1607,0,286
2490,173,1608,0,111
2491,173,1608,0,105
2492,172,1605,0,101
2493,172,1607,0,282
2494,170,1602,0,96
2495,170,1605,0,88
2496,170,1602,0,263
2497,172,1603,0,272
2498,172,1608,0,96
2499,173,1606,0,279
2500,172,1606,0,104
2501,170,1606,0,79
2502,172,1603,1,105
2503,173,1606,1,292
2504,175,1606,0,289
2505,174,1605,0,279
2506,175,1607,0,104
2507,174,1606,0,98
2508,174,1608,0,94
2509,175,1607,0,276
2510,175,1609,0,95
2511,174,1610,0,95
2512,176,1609,0,90
2513,176,1608,0,271
2515,176,1610,0,88
2516,176,1607,0,87
2517,176,1608,0,92
2518,175,1608,0,90
2519,174,1607,0,94
2520,174,1607,0,94
2521,175,1606,0,90
2522,175,1606,0,93
2523,175,1605,0,104
2524,176,1605,0,89
2525,175,1606,0,86
2526,175,1609,0,90
2527,174,1606,0,92
2528,173,1601,1,95
2529,174,1603,0,93
2530,175,1606,0,91
2531,175,1605,0,86
2532,175,1606,0,86
2533,174,1606,0,96
2534,173,1607,0,98
2535,174,1607,0,101
2536,175,1607,0,100
2537,176,1607,0,98
2538,177,1608,0,95
2539,176,1607,0,102
2540,175,1609,0,98
2541,176,1609,0,97
2542,177,1610,0,87
2543,178,1611,0,68
2544,179,1611,0,62
2545,178,1610,0,72
2546,178,1613,0,63
2547,182,1610,0,57
2548,182,1610,0,57
2549,188,1601,0,48
2550,189,1597,0,55
2551,188,1601,0,53
2552,186,1605,0,52
2553,184,1607,0,53
2554,185,1606,0,52
2555,188,1603,0,51
2556,187,1604,0,51
2557,186,1605,0,52
2558,186,1606,0,49
2559,186,1605,0,49
2560,186,1605,0,47
2561,185,1606,0,49
2562,185,1604,0,53
2563,186,1605,0,51
2564,186,1605,0,54
2565,185,1605,0,54
2566,187,1603,0,56
2567,187,1605,0,57
2568,184,1608,0,58
2569,184,1605,0,59
2570,182,1606,0,63
2571,180,1608,0,67
2572,181,1606,0,66
2573,181,1604,0,65
2574,181,1605,0,66
2575,180,1607,0,68
2576,178,1609,0,70
2577,179,1608,0,68
2578,178,1610,0,68
2579,178,1609,0,68
2580,179,1608,0,69
2581,179,1609,0,70
2582,179,1611,0,66
2583,181,1610,0,64
2584,183,1612,0,56
2585,181,1612,0,53
2587,181,1610,0,64
2588,184,1600,0,61
2589,185,1600,0,59
2590,181,1613,0,54
2591,180,1613,0,54
2592,179,1610,0,68
2593,180,1609,0,72
2594,180,1608,0,71
2595,179,1607,0,80
2596,179,1604,0,84
2597,179,1605,0,78
2598,180,1605,0,71
2599,181,1604,0,70
2600,180,1606,0,76
2601,180,1604,0,79
2602,178,1605,0,79
2603,178,1606,0,84
2604,178,1605,0,86
2605,178,1604,0,87
2606,178,1604,0,87
2607,178,1604,0,83
2608,176,1603,0,86
2609,175,1603,0,89
2610,177,1601,0,92
2611,176,1597,0,87
2612,177,1598,0,91
2613,177,1595,0,95
2614,178,1593,0,93
2615,179,1592,0,86
2616,178,1591,0,83
2617,176,1586,0,89
2618,180,1589,0,75
2619,181,1591,0,66
2620,184,1587,0,70
2621,184,1587,0,70
2622,184,1586,0,61
2623,185,1584,0,68
2624,186,1585,0,69
2625,185,1585,0,80
2626,185,1584,0,84
2627,183,1583,0,79
2628,182,1582,0,76
2629,181,1583,0,67
2630,180,1585,0,66
2631,179,1585,0,60
2632,178,1587,0,54
2633,177,1587,0,53
2634,178,1586,0,49
2635,180,1586,0,63
2636,181,1587,0,76
2637,180,1588,0,92
2638,176,1587,0,85
2639,176,1587,0,85
2640,176,1585,0,88
2641,174,1584,0,86
2642,174,1585,0,89
2643,172,1592,0,106
2644,168,1591,0,122
2645,170,1590,0,136
2646,174,1589,0,140
2647,178,1590,0,139
2648,183,1592,0,149
2649,188,1592,0,154
2650,189,1591,0,155
2651,195,1592,0,124
2652,196,1596,0,123
2653,199,1599,0,124
2654,199,1602,0,113
2655,199,1607,0,100
2656,198,1607,0,94
2657,194,1607,0,94
2658,192,1608,0,89
2659,190,1611,0,83
2660,186,1614,0,76
2661,185,1616,0,81
2662,181,1618,0,76
2663,178,1618,0,62
2664,176,1615,0,52
2665,174,1613,0,38
2666,171,1615,0,27
2667,168,1613,0,9
2668,164,1612,0,352
2669,163,1610,0,346
2670,163,1608,0,328
2671,165,1608,0,328
2672,168,1611,0,326
2673,169,1610,0,332
2674,171,1610,0,334
2675,169,1608,0,334
2676,169,1607,0,335
2677,169,1608,0,336
2678,169,1608,0,333
2679,167,1608,0,327
2680,163,1607,0,308
2681,164,1610,0,308
2682,163,1610,0,313
2683,161,1610,0,314
2684,163,1613,0,309
2685,163,1613,0,303
2686,163,1614,0,298
2687,171,1609,0,312
2688,172,1609,0,322
2689,175,1602,0,321
2690,174,1602,0,321
2691,174,1604,0,314
2692,174,1604,0,314
2693,173,1605,0,316
2694,173,1604,0,313
2695,174,1604,0,311
2696,173,1609,0,307
2697,173,1610,0,319
2698,174,1609,0,323
2699,174,1609,0,323
2700,170,1609,0,314
2701,168,1606,0,301
2702,162,1599,0,291
2703,156,1595,0,293
2704,155,1594,0,278
2705,150,1589,0,276
2706,148,1582,0,280
2707,149,1584,0,270
2708,147,1586,0,261
2709,146,1590,0,250
2710,144,1589,0,238
2711,138,1587,0,202
2712,139,1584,0,195
2713,139,1586,0,182
2714,141,1587,0,178
2715,145,1583,0,165
2716,147,1583,0,161
2717,152,1582,0,174
2718,156,1583,0,177
2719,157,1584,0,177
2720,156,1584,0,167
2721,154,1585,0,157
2722,152,1588,0,148
2723,150,1587,0,148
2724,152,1587,0,158
2725,156,1588,0,167
2726,158,1587,0,173
2727,162,1585,0,164
2728,168,1579,0,145
2729,171,1580,0,136
2730,179,1588,0,144
2731,181,1591,0,152
2732,183,1593,0,155
2733,184,1596,0,154
2734,186,1600,0,158
2735,186,1603,0,162
2736,189,1603,0,150
2737,203,1611,0,147
2738,208,1614,0,156
2739,214,1616,0,154
2740,214,1620,0,146
2741,212,1622,0,144
2742,216,1616,0,141
2743,208,1614,0,139
2744,209,1616,0,140
2745,216,1620,0,132
2746,215,1620,0,130
2747,216,1621,0,138
2748,221,1624,0,130
2749,223,1624,0,128
2750,223,1625,0,132
2751,222,1625,0,133
2752,223,1626,0,128
2753,222,1624,0,128
2754,221,1623,0,128
2755,219,1620,0,131
2756,218,1620,0,130
2757,218,1620,0,129
2758,219,1621,0,130
2759,222,1623,0,123
2760,223,1624,0,123
2761,222,1624,0,118
2762,221,1622,0,117
2763,222,1621,0,116
2764,223,1621,0,112
2765,222,1624,0,112
2766,225,1625,0,115
2767,225,1624,0,118
2768,225,1627,0,120
2769,225,1633,0,132
2770,226,1640,0,140
2771,227,1639,0,136
2772,226,1634,0,137
2773,230,1638,0,141
2774,232,1641,0,140
2775,233,1642,0,150
2776,235,1646,0,155
2777,235,1645,0,166
2778,237,1641,0,187
2779,239,1637,0,197
2780,245,1631,0,216
2781,252,1630,0,231
2782,254,1627,0,232
2783,258,1624,0,227
2784,264,1627,0,213
2785,271,1624,0,204
2786,280,1619,0,191
2787,287,1621,0,183
2788,294,1618,0,186
2789,300,1610,0,184
2790,305,1610,0,182
2791,308,1609,0,186
2792,311,1607,0,194
2793,315,1604,0,210
2794,316,1601,0,218
2795,317,1601,0,221
2796,318,1599,0,219
2797,318,1598,0,218
2798,318,1597,0,216
2799,320,1597,0,215
2800,318,1599,0,215
2801,315,1600,0,213
2802,315,1601,0,211
2803,319,1601,0,210
2804,335,1602,0,194
2805,337,1596,0,184
2806,341,1595,0,191
2807,350,1595,0,181
2808,353,1597,0,175
2809,354,1599,0,188
2810,355,1601,0,184
2811,356,1599,0,187
2812,356,1599,0,193
2813,356,1599,0,196
2814,355,1597,0,188
2815,356,1597,0,195
2816,360,1597,0,205
2817,361,1597,0,210
2818,362,1594,0,215
2819,361,1593,0,225
2820,359,1593,0,239
2821,359,1590,0,245
2822,357,1588,0,245
2823,357,1584,0,241
2824,360,1584,0,236
2825,363,1584,0,226
2826,366,1581,0,236
2827,369,1575,0,239
2828,369,1570,0,237
2829,365,1567,0,227
2830,363,1564,0,230
2831,363,1557,0,230
2832,363,1553,0,220
2833,373,1550,0,203
2834,378,1550,0,199
2835,388,1549,0,183
2836,390,1544,0,181
2837,404,1536,0,189
2838,417,1538,0,209
2839,418,1536,0,204
2840,419,1537,0,194
2841,423,1539,0,170
2842,429,1542,0,153
2843,440,1551,0,144
2844,445,1561,0,136
2845,446,1559,0,137
2846,446,1560,0,140
2847,446,1560,0,133
2848,445,1558,0,139
2849,445,1559,0,136
2850,444,1558,0,140
2851,444,1559,0,142
2852,444,1560,0,145
2853,442,1558,0,146
2854,446,1560,0,144
2855,452,1561,0,162
2856,458,1556,0,170
2857,463,1558,0,176
2858,467,1559,0,170
2859,469,1562,0,153
2860,473,1567,0,140
2861,473,1569,0,137
2862,471,1570,0,133
2863,474,1571,0,131
2864,479,1582,0,113
2865,479,1585,0,110
2866,480,1589,0,107
2867,480,1591,0,102
2868,484,1599,0,112
2869,488,1607,0,120
2870,492,1607,0,123
2871,494,1612,0,131
2872,496,1614,0,128
2873,495,1613,0,131
2874,495,1615,0,129
2875,498,1615,0,140
2876,510,1615,0,152
2877,519,1620,0,143
2878,526,1625,0,139
2879,532,1629,0,146
2880,543,1628,0,161
2881,549,1630,0,164
2882,548,1631,0,164
2883,548,1633,0,160
2884,549,1634,0,160
2885,550,1633,0,160
2886,549,1632,0,161
2887,546,1632,0,163
2888,544,1632,0,167
2889,543,1632,0,168
2890,544,1631,0,174
2891,546,1630,0,183
2892,550,1629,0,179
2893,552,1632,0,162
2894,548,1627,0,153
2895,540,1625,0,159
2896,549,1624,0,143
2897,565,1628,0,143
2898,567,1635,0,139
2899,570,1643,0,127
2900,573,1648,0,118
2901,582,1662,0,112
2902,587,1671,0,118
2903,585,1673,0,125
2904,581,1674,0,125
2905,579,1674,0,130
2906,580,1674,0,132
2907,580,1675,0,131
2908,580,1674,0,126
2909,580,1672,0,113
2910,577,1669,0,104
2911,575,1668,0,99
2912,573,1672,0,83
2913,568,1676,0,60
2914,566,1676,0,59
2915,564,1674,0,55
2916,558,1673,0,49
2917,553,1673,0,40
2918,547,1672,0,36
2919,541,1676,0,27
2920,540,1679,0,30
2921,537,1679,0,31
2922,535,1682,0,34
2923,531,1684,0,36
2924,530,1683,0,35
2925,528,1684,0,38
2926,531,1683,0,38
2927,538,1680,0,34
2928,538,1683,0,33
2929,538,1685,0,39
2930,539,1690,0,51
2931,541,1694,0,64
2932,537,1704,0,77
2933,533,1709,0,90
2934,531,1714,0,102
2935,532,1720,0,111
2936,530,1722,0,115
2937,530,1724,0,109
2938,535,1736,0,114
2939,537,1741,0,118
2940,538,1744,0,110
2941,544,1752,0,114
2942,542,1763,0,104
2943,543,1770,0,97
2944,541,1772,0,85
2945,542,1774,0,80
2946,540,1775,0,83
2947,541,1777,0,86
2948,542,1779,0,85
2949,541,1779,0,87
2950,541,1779,0,88
2951,541,1778,0,84
2952,541,1779,0,85
2953,541,1779,0,86
2954,540,1779,0,85
2955,541,1779,0,85
2956,541,1780,0,84
2957,541,1776,0,88
2958,541,1775,0,88
2959,541,1776,0,85
2960,543,1772,0,91
2961,545,1770,0,101
2962,545,1777,0,97
2963,546,1783,0,102
2964,547,1787,0,104
2965,553,1792,0,104
2966,552,1795,0,107
2967,550,1797,0,102
2968,549,1802,0,93
2969,546,1805,0,90
2970,545,1808,0,90
2971,544,1812,0,82
2972,541,1823,0,71
2973,543,1830,0,76
2974,540,1834,0,87
2975,540,1839,0,89
2976,540,1836,0,86
2977,535,1841,0,80
2978,534,1853,0,84
2979,532,1857,0,86
2980,532,1860,0,80
2981,533,1854,0,77
2982,535,1855,0,75
2983,535,1861,0,73
2984,535,1867,0,79
2985,536,1876,0,91
2986,533,1883,0,94
2987,536,1890,0,99
2988,538,1899,0,102
2989,540,1909,0,104
2990,539,1911,0,108
2991,539,1911,0,107
2992,541,1913,0,110
2993,544,1919,0,115
2994,545,1928,0,110
2995,549,1935,0,115
2996,549,1932,0,117
2997,545,1927,0,108
2998,543,1923,0,109
2999,542,1924,0,109
