0,2203,973,0,20
1,2202,973,0,20
2,2202,973,0,21
3,2202,975,0,17
4,2202,970,0,15
5,2202,967,0,12
6,2201,968,0,14
7,2201,969,0,18
8,2199,968,0,29
9,2201,969,0,21
10,2201,969,0,24
11,2199,970,0,29
12,2198,971,0,30
13,2197,969,0,37
14,2198,972,0,28
15,2198,971,0,30
16,2197,972,0,28
17,2199,972,0,25
18,2199,972,0,24
19,2200,973,0,21
20,2203,972,0,22
21,2205,973,0,22
22,2205,974,0,19
23,2204,974,0,23
24,2205,973,0,23
25,2204,974,0,23
26,2204,975,0,22
27,2203,974,0,25
28,2202,973,0,25
29,2201,974,0,22
30,2203,977,0,19
31,2204,976,0,19
32,2205,976,0,20
33,2204,976,0,20
34,2204,977,0,20
35,2204,976,0,25
36,2203,977,0,26
37,2202,977,0,26
38,2202,977,0,25
39,2202,977,0,23
40,2201,977,0,23
41,2201,977,0,24
42,2200,977,0,24
43,2201,977,0,24
44,2201,977,0,24
45,2201,977,0,24
46,2200,977,0,24
47,2200,978,0,21
48,2200,978,0,18
49,2199,977,0,18
50,2199,977,0,18
51,2200,978,0,18
52,2200,978,0,16
53,2199,979,0,15
54,2198,978,0,19
55,2198,980,0,15
56,2199,978,0,17
57,2199,978,0,19
58,2199,978,0,20
59,2198,978,0,21
60,2198,978,0,23
61,2198,978,0,22
62,2198,978,0,22
63,2198,978,0,22
64,2198,978,0,22
65,2198,979,0,19
66,2199,978,0,20
67,2199,978,0,20
68,2199,979,0,20
69,2199,979,0,19
70,2199,979,0,19
71,2199,979,0,18
72,2199,978,0,21
73,2199,978,0,21
74,2200,979,0,15
75,2200,980,0,14
76,2200,980,0,14
77,2200,981,0,12
78,2200,982,0,10
79,2200,981,0,13
80,2201,983,0,9
81,2201,983,0,10
82,2200,983,0,11
83,2200,983,0,14
84,2199,983,0,15
85,2200,983,0,15
86,2200,984,0,13
87,2199,984,0,13
88,2199,984,0,12
89,2200,983,0,14
90,2200,984,0,11
91,2199,985,0,10
92,2198,985,0,11
93,2198,984,0,11
94,2199,984,0,11
95,2198,984,0,11
96,2199,984,0,12
97,2199,984,0,13
98,2199,983,0,13
99,2199,984,0,13
100,2199,984,0,14
101,2199,983,0,14
102,2199,983,0,13
103,2198,983,0,13
104,2198,983,0,12
105,2198,983,0,11
106,2199,983,0,12
107,2199,982,0,13
108,2199,982,0,14
109,2199,982,0,13
110,2199,982,0,13
111,2199,983,0,11
112,2199,983,0,10
113,2199,983,0,11
114,2199,983,0,10
115,2198,983,0,10
116,2199,983,0,10
117,2199,982,0,10
118,2200,983,0,10
119,2200,983,0,10
120,2199,983,0,10
121,2199,983,0,10
122,2199,983,0,11
123,2199,983,0,10
124,2199,983,0,11
125,2199,983,0,10
126,2200,984,0,10
127,2200,983,0,11
128,2201,983,0,12
129,2203,984,0,17
130,2206,986,0,23
131,2205,987,0,21
132,2205,987,0,20
133,2204,987,0,20
134,2203,987,0,19
135,2203,987,0,19
136,2204,986,0,18
137,2204,986,0,17
138,2203,986,0,14
139,2203,985,0,11
140,2204,984,0,8
141,2205,981,0,4
142,2205,979,0,3
143,2205,978,0,1
144,2205,977,0,359
145,2204,977,0,0
146,2204,977,0,0
147,2203,977,0,2
148,2203,977,0,3
149,2203,978,0,3
150,2202,978,0,4
151,2202,978,0,5
152,2202,978,0,7
153,2203,978,0,6
154,2203,978,0,4
155,2203,978,0,6
156,2203,978,0,6
157,2203,978,0,6
158,2203,978,0,7
159,2203,978,0,8
160,2203,978,0,9
161,2203,979,0,10
162,2203,979,0,9
163,2203,978,0,12
164,2203,978,0,11
165,2203,979,0,11
166,2203,979,0,11
167,2203,979,0,10
168,2202,980,0,15
169,2193,986,0,19
170,2193,985,0,18
171,2194,986,0,16
172,2194,985,0,17
173,2194,985,0,18
174,2194,985,0,19
175,2194,985,0,20
176,2195,985,0,17
177,2195,985,0,16
178,2200,984,0,12
179,2202,983,0,17
180,2198,984,0,16
181,2203,980,0,15
182,2204,979,0,15
183,2203,979,0,16
184,2203,980,0,17
185,2203,981,0,15
186,2203,981,0,17
187,2202,981,0,15
188,2201,981,0,14
189,2201,981,0,13
190,2201,981,0,13
191,2202,981,0,10
192,2205,980,0,10
193,2205,979,0,7
194,2206,979,0,4
195,2206,979,0,5
196,2205,978,0,5
197,2204,979,0,5
198,2206,980,0,9
199,2207,981,0,10
200,2207,982,0,10
201,2207,982,0,8
202,2206,982,0,9
203,2206,982,0,7
204,2206,982,0,7
205,2205,982,0,5
206,2205,982,0,5
207,2205,982,0,2
208,2205,982,0,4
209,2205,982,0,5
210,2206,982,0,6
211,2206,983,0,7
212,2206,983,0,7
213,2207,983,0,6
214,2208,983,0,6
215,2209,984,0,7
216,2209,984,0,8
217,2209,984,0,8
218,2209,984,0,8
219,2212,984,0,5
220,2214,984,0,9
221,2216,985,0,14
222,2218,987,0,20
223,2219,987,0,20
224,2218,988,0,18
225,2217,988,0,15
226,2217,989,0,15
227,2216,989,0,15
228,2215,989,0,12
229,2215,989,0,9
230,2214,989,0,8
231,2214,987,0,9
232,2213,983,0,9
233,2213,982,0,2
234,2213,981,0,1
235,2213,982,0,1
236,2213,982,0,2
237,2212,982,0,4
238,2212,983,0,3
239,2212,983,0,3
240,2212,983,0,3
241,2212,983,0,3
242,2212,983,0,1
243,2212,983,0,0
244,2213,983,0,359
245,2212,983,0,0
246,2212,983,0,0
247,2213,982,0,356
248,2211,981,0,355
249,2210,980,0,355
250,2210,979,0,353
251,2211,980,0,355
252,2210,981,0,358
253,2209,981,0,1
254,2210,982,0,1
255,2210,982,0,2
256,2211,982,0,1
257,2210,982,0,0
258,2211,982,0,0
259,2211,982,0,359
260,2211,982,0,359
261,2212,982,0,0
262,2211,981,0,359
263,2211,981,0,358
264,2210,981,0,0
265,2210,981,0,0
266,2210,981,0,359
267,2209,980,0,3
268,2210,981,0,358
269,2210,978,0,359
270,2211,977,0,5
271,2211,976,0,7
272,2211,975,0,3
273,2211,975,0,7
274,2211,976,0,4
275,2211,976,0,6
276,2210,977,0,6
277,2211,977,0,5
278,2210,977,0,6
279,2210,977,0,4
280,2211,977,0,5
281,2211,977,0,4
282,2210,975,0,5
283,2209,975,0,4
284,2209,976,0,5
285,2210,977,0,2
286,2211,979,0,2
287,2213,980,0,7
288,2211,981,0,10
289,2212,981,0,4
290,2213,980,0,6
291,2214,981,0,5
292,2213,981,0,5
293,2213,982,0,1
294,2214,982,0,3
295,2215,983,0,4
296,2216,983,0,5
297,2214,985,0,4
298,2215,986,0,1
299,2213,987,0,358
300,2213,987,0,355
301,2212,988,0,353
302,2211,989,0,352
303,2210,993,0,353
304,2210,993,0,336
305,2214,991,0,338
306,2213,991,0,341
307,2213,991,0,347
308,2213,991,0,355
309,2214,990,0,358
310,2217,989,0,352
311,2216,989,0,355
312,2215,989,0,358
313,2214,990,0,359
314,2214,990,0,0
315,2215,990,0,0
316,2215,990,0,3
317,2214,990,0,0
318,2215,990,0,358
319,2215,990,0,3
320,2215,990,0,3
321,2215,991,0,1
322,2214,990,0,1
323,2214,990,0,1
324,2214,990,0,0
325,2214,990,0,359
326,2214,990,0,0
327,2214,990,0,5
328,2215,991,0,8
329,2214,991,0,8
330,2213,991,0,9
331,2213,991,0,7
332,2213,991,0,6
333,2212,990,0,5
334,2212,990,0,4
335,2212,990,0,2
336,2212,990,0,2
337,2212,990,0,2
338,2212,990,0,2
339,2212,990,0,1
340,2212,990,0,1
341,2210,990,0,5
342,2209,992,0,7
343,2207,992,0,9
344,2206,993,0,10
345,2206,992,0,8
346,2208,991,0,9
347,2209,991,0,8
348,2209,992,0,8
349,2210,992,0,8
350,2210,992,0,8
351,2210,992,0,6
352,2210,991,0,6
353,2211,991,0,9
354,2210,991,0,9
355,2210,991,0,7
356,2210,992,0,6
357,2210,991,0,7
358,2211,990,0,8
359,2211,990,0,12
360,2215,988,0,13
361,2217,989,0,4
362,2217,988,0,3
363,2218,988,0,0
364,2218,988,0,353
365,2218,987,0,354
366,2217,987,0,353
367,2217,988,0,354
368,2217,987,0,353
369,2216,987,0,353
370,2216,987,0,354
371,2216,987,0,356
372,2216,987,0,1
373,2218,987,0,0
374,2218,987,0,0
375,2218,987,0,0
376,2217,987,0,0
377,2217,987,0,1
378,2217,987,0,1
379,2217,987,0,0
380,2217,987,0,359
381,2217,987,0,1
382,2216,987,0,2
383,2216,987,0,3
384,2216,987,0,3
385,2216,987,0,2
386,2216,987,0,2
387,2217,987,0,1
388,2216,987,0,0
389,2215,986,0,0
390,2215,986,0,359
391,2215,987,0,0
392,2215,987,0,359
393,2215,987,0,358
394,2214,987,0,358
395,2214,987,0,357
396,2214,987,0,357
397,2214,988,0,356
398,2215,988,0,358
399,2215,988,0,359
400,2215,989,0,359
401,2215,989,0,359
402,2214,989,0,0
403,2214,988,0,359
404,2214,989,0,1
405,2214,989,0,0
406,2215,989,0,1
407,2214,989,0,2
408,2215,988,0,2
409,2214,988,0,1
410,2215,988,0,0
411,2214,989,0,1
412,2214,989,0,1
413,2214,989,0,0
414,2214,989,0,1
415,2214,989,0,1
416,2215,988,0,359
417,2215,988,0,359
418,2214,989,0,0
419,2214,988,0,0
420,2215,989,0,358
421,2215,989,0,0
422,2214,989,0,359
423,2215,988,0,359
424,2215,988,0,0
425,2215,988,0,359
426,2215,988,0,356
427,2215,988,0,353
428,2215,987,0,351
429,2215,987,0,350
430,2215,987,0,352
431,2216,987,0,350
432,2216,987,0,351
433,2216,987,0,351
434,2216,987,0,353
435,2215,987,0,353
436,2215,987,0,354
437,2215,986,0,357
438,2214,985,0,359
439,2214,985,0,358
440,2214,985,0,357
441,2214,985,0,357
442,2214,986,0,357
443,2214,986,0,357
444,2215,986,0,357
445,2216,986,0,356
446,2215,986,0,355
447,2216,986,0,353
448,2216,986,0,351
449,2216,985,0,350
450,2215,985,0,351
451,2216,986,0,349
452,2216,986,0,350
453,2215,986,0,350
454,2216,986,0,353
455,2216,987,0,352
456,2216,987,0,353
457,2216,987,0,351
458,2215,987,0,353
459,2215,987,0,354
460,2215,987,0,354
461,2215,987,0,355
462,2215,987,0,355
463,2215,988,0,352
464,2215,988,0,353
465,2215,988,0,349
466,2215,988,0,350
467,2215,989,0,349
468,2214,989,0,348
469,2214,990,0,340
470,2214,992,0,332
471,2214,992,0,332
472,2215,992,0,331
473,2213,991,0,334
474,2212,992,0,339
475,2209,994,0,332
476,2209,995,0,335
477,2209,995,0,333
478,2209,994,0,330
479,2209,994,0,331
480,2209,993,0,336
481,2209,993,0,345
482,2210,994,0,344
483,2211,993,0,347
484,2211,993,0,346
485,2211,993,0,343
486,2211,993,0,343
487,2211,993,0,344
488,2211,992,0,344
489,2211,993,0,341
490,2209,992,0,340
491,2209,992,0,345
492,2210,992,0,350
493,2210,991,0,347
494,2212,991,0,348
495,2212,992,0,348
496,2213,992,0,346
497,2213,992,0,343
498,2214,992,0,342
499,2214,992,0,342
500,2215,992,0,340
501,2214,992,0,344
502,2215,993,0,343
503,2214,992,0,344
504,2214,992,0,343
505,2214,991,0,342
506,2213,991,0,343
507,2213,990,0,342
508,2213,988,0,343
509,2213,988,0,344
510,2212,988,0,344
511,2212,988,0,343
512,2213,988,0,344
513,2214,987,0,344
514,2214,987,0,345
515,2214,986,0,346
516,2214,986,0,347
517,2215,986,0,349
518,2215,986,0,347
519,2215,986,0,344
520,2214,985,0,343
521,2214,986,0,341
522,2215,988,0,338
523,2215,988,0,342
524,2213,988,0,347
525,2213,989,0,346
526,2213,989,0,347
527,2213,989,0,348
528,2213,989,0,345
529,2213,990,0,347
530,2212,990,0,347
531,2212,990,0,346
532,2212,990,0,347
533,2212,989,0,348
534,2212,989,0,348
535,2212,990,0,349
536,2212,990,0,350
537,2212,989,0,348
538,2212,990,0,348
539,2212,990,0,348
540,2212,989,0,348
541,2212,990,0,349
542,2212,990,0,350
543,2212,990,0,348
544,2212,990,0,348
545,2211,990,0,348
546,2211,990,0,347
547,2212,990,0,345
548,2212,990,0,342
549,2213,990,0,338
550,2213,988,0,341
551,2214,989,0,339
552,2214,988,0,337
553,2213,988,0,340
554,2214,988,0,340
555,2213,988,0,340
556,2214,988,0,340
557,2214,988,0,340
558,2213,987,0,344
559,2212,987,0,347
560,2212,987,0,348
561,2212,987,0,348
562,2212,987,0,348
563,2212,987,0,348
564,2212,987,0,349
565,2212,986,0,354
566,2212,985,0,355
567,2212,984,0,358
568,2212,984,0,356
569,2212,984,0,357
570,2212,984,0,357
571,2213,984,0,358
572,2213,984,0,359
573,2213,985,0,358
574,2213,985,0,359
575,2214,985,0,0
576,2216,985,0,359
577,2215,986,0,354
578,2213,986,0,353
579,2212,986,0,350
580,2212,986,0,352
581,2213,987,0,353
582,2213,987,0,353
583,2214,987,0,352
584,2214,988,0,354
585,2214,988,0,355
586,2214,988,0,354
587,2214,987,0,354
588,2214,987,0,353
589,2217,986,0,350
590,2218,986,0,350
591,2218,987,0,350
592,2218,987,0,350
593,2218,988,0,349
594,2218,987,0,347
595,2218,987,0,346
596,2218,987,0,346
597,2217,987,0,346
598,2217,987,0,347
599,2217,987,0,348
600,2218,987,0,347
601,2218,987,0,351
602,2217,987,0,353
603,2216,987,0,353
604,2216,987,0,353
605,2217,986,0,352
606,2216,986,0,354
607,2216,986,0,353
608,2215,986,0,355
609,2215,985,0,354
610,2215,985,0,354
611,2216,986,0,355
612,2216,986,0,353
613,2216,986,0,355
614,2215,985,0,357
615,2216,985,0,357
616,2216,985,0,355
617,2216,985,0,356
618,2216,985,0,355
619,2216,985,0,354
620,2216,985,0,355
621,2216,985,0,355
622,2217,986,0,353
623,2216,985,0,353
624,2216,986,0,353
625,2216,986,0,351
626,2215,986,0,351
627,2215,986,0,350
628,2215,986,0,350
629,2215,986,0,352
630,2215,985,0,355
631,2215,985,0,355
632,2215,985,0,356
633,2215,985,0,357
634,2215,985,0,357
635,2215,985,0,356
636,2215,984,0,354
637,2215,984,0,353
638,2215,984,0,352
639,2214,984,0,353
640,2214,984,0,353
641,2215,984,0,353
642,2215,984,0,354
643,2215,984,0,354
644,2215,985,0,353
645,2214,985,0,352
646,2214,985,0,351
647,2214,985,0,354
648,2215,985,0,355
649,2215,985,0,353
650,2214,985,0,353
651,2214,985,0,354
652,2214,985,0,354
653,2214,985,0,353
654,2215,985,0,353
655,2215,985,0,352
656,2215,985,0,352
657,2215,984,0,354
658,2215,985,0,353
659,2215,984,0,353
660,2215,984,0,353
661,2216,984,0,346
662,2217,984,0,345
663,2218,983,0,344
664,2217,983,0,345
665,2217,983,0,343
666,2219,984,0,345
667,2220,983,0,347
668,2220,981,0,351
669,2219,980,0,352
670,2219,980,0,351
671,2218,980,0,351
672,2217,980,0,351
673,2217,980,0,350
674,2215,979,0,350
675,2215,979,0,350
676,2215,979,0,349
677,2215,979,0,351
678,2215,980,0,351
679,2215,980,0,351
680,2215,980,0,349
681,2215,980,0,350
682,2215,980,0,349
683,2216,981,0,349
684,2215,981,0,348
685,2215,980,0,350
686,2215,980,0,347
687,2217,980,0,343
688,2217,980,0,348
689,2217,980,0,349
690,2222,983,0,340
691,2227,985,0,335
692,2226,984,0,337
693,2225,984,0,344
694,2223,985,0,342
695,2222,984,0,346
696,2221,982,0,352
697,2220,981,0,353
698,2219,981,0,351
699,2219,980,0,354
700,2218,979,0,356
701,2217,979,0,356
702,2217,979,0,358
703,2217,979,0,1
704,2217,978,0,356
705,2217,979,0,352
706,2219,980,0,348
707,2219,979,0,349
708,2219,979,0,351
709,2219,980,0,351
710,2218,980,0,351
711,2219,980,0,351
712,2219,981,0,351
713,2218,980,0,353
714,2218,980,0,352
715,2218,980,0,351
716,2218,981,0,352
717,2219,981,0,350
718,2219,981,0,351
719,2219,981,0,352
720,2219,981,0,352
721,2219,982,0,351
722,2219,982,0,351
723,2219,982,0,350
724,2218,982,0,350
725,2219,982,0,350
726,2219,982,0,348
727,2219,983,0,350
728,2219,983,0,352
729,2218,983,0,352
730,2218,983,0,353
731,2218,983,0,353
732,2218,983,0,353
733,2218,983,0,353
734,2218,983,0,353
735,2218,983,0,354
736,2218,983,0,353
737,2218,983,0,354
738,2218,983,0,353
739,2218,983,0,352
740,2219,983,0,352
741,2219,983,0,351
742,2218,983,0,350
743,2219,984,0,355
744,2221,986,0,353
745,2221,986,0,353
746,2223,986,0,352
747,2223,987,0,351
748,2223,987,0,352
749,2223,988,0,353
750,2224,990,0,356
751,2226,990,0,357
752,2228,991,0,0
753,2229,992,0,2
754,2230,992,0,3
755,2230,1003,0,353
756,2228,1002,0,355
757,2228,1003,0,359
758,2228,1002,0,0
759,2227,1002,0,3
760,2227,1002,0,359
761,2226,1001,0,358
762,2225,1001,0,358
763,2225,1000,0,358
764,2224,1001,0,356
765,2219,997,0,348
766,2214,994,0,340
767,2211,995,0,333
768,2210,994,0,338
769,2210,992,0,338
770,2206,991,0,336
771,2198,987,0,338
772,2197,986,0,336
773,2196,985,0,338
774,2197,984,0,337
775,2198,983,0,337
776,2199,983,0,338
777,2201,983,0,338
778,2202,984,0,343
779,2202,984,0,344
780,2202,984,0,339
781,2204,985,0,338
782,2206,985,0,338
783,2209,987,0,337
784,2211,988,0,338
785,2211,989,0,339
786,2211,989,0,336
787,2211,989,0,336
788,2213,988,0,340
789,2214,987,0,344
790,2215,988,0,342
791,2215,988,0,340
792,2215,988,0,342
793,2215,988,0,342
794,2215,989,0,344
795,2221,989,0,348
796,2221,991,0,351
797,2222,992,0,349
798,2220,993,0,347
799,2219,995,0,341
800,2218,996,0,337
801,2219,994,0,327
802,2216,993,0,327
803,2216,991,0,318
804,2215,988,0,318
805,2214,988,0,319
806,2214,989,0,321
807,2214,989,0,318
808,2213,989,0,322
809,2213,989,0,323
810,2213,989,0,324
811,2212,988,0,328
812,2212,988,0,329
813,2212,988,0,329
814,2211,988,0,331
815,2210,987,0,334
816,2211,988,0,336
817,2211,988,0,336
818,2211,988,0,336
819,2211,988,0,336
820,2211,988,0,336
821,2211,988,0,335
822,2210,988,0,337
823,2210,987,0,334
824,2211,987,0,332
825,2215,986,0,327
826,2216,986,0,323
827,2216,986,0,323
828,2216,986,0,322
829,2216,986,0,321
830,2216,986,0,326
831,2216,986,0,332
832,2217,987,0,335
833,2218,986,0,337
834,2220,981,0,349
835,2219,980,0,354
836,2218,977,0,359
837,2217,976,0,359
838,2215,973,0,0
839,2211,968,0,14
840,2207,967,0,18
841,2205,966,0,30
842,2202,967,0,32
843,2204,970,0,34
844,2200,969,0,44
845,2198,972,0,37
846,2198,973,0,38
847,2198,973,0,35
848,2196,974,0,36
849,2196,974,0,32
850,2194,973,0,22
851,2191,973,0,17
852,2191,972,0,13
853,2191,972,0,12
854,2191,972,0,7
855,2192,973,0,8
856,2193,973,0,9
857,2193,974,0,10
858,2193,974,0,10
859,2193,974,0,10
860,2192,974,0,11
861,2191,974,0,6
862,2189,973,0,5
863,2188,973,0,5
864,2187,973,0,1
865,2188,976,0,1
866,2189,977,0,358
867,2187,976,0,2
868,2186,976,0,4
869,2186,977,0,5
870,2185,977,0,7
871,2185,978,0,10
872,2186,978,0,10
873,2186,978,0,9
874,2185,978,0,11
875,2185,979,0,9
876,2185,981,0,8
877,2186,983,0,8
878,2187,983,0,11
879,2187,983,0,9
880,2187,983,0,8
881,2187,983,0,9
882,2186,983,0,10
883,2187,983,0,9
884,2187,983,0,9
885,2188,983,0,9
886,2189,984,0,12
887,2189,985,0,10
888,2190,985,0,9
889,2192,985,0,12
890,2191,987,0,12
891,2190,988,0,12
892,2190,988,0,9
893,2191,988,0,6
894,2191,988,0,5
895,2191,988,0,4
896,2192,987,0,4
897,2192,986,0,6
898,2192,986,0,6
899,2192,986,0,7
900,2192,985,0,7
901,2192,985,0,3
902,2191,985,0,2
903,2193,985,0,1
904,2193,985,0,2
905,2193,984,0,1
906,2193,985,0,1
907,2193,984,0,359
908,2194,984,0,358
909,2193,984,0,359
910,2192,984,0,358
911,2191,984,0,358
912,2190,984,0,357
913,2190,984,0,357
914,2189,983,0,356
915,2189,982,0,353
916,2187,981,0,351
917,2189,982,0,355
918,2188,984,0,353
919,2188,983,0,351
920,2188,982,0,351
921,2187,982,0,351
922,2186,982,0,352
923,2187,982,0,354
924,2188,982,0,355
925,2187,982,0,356
926,2188,982,0,358
927,2189,983,0,359
928,2190,984,0,1
929,2191,984,0,358
930,2191,983,0,357
931,2192,983,0,356
932,2191,983,0,356
933,2190,983,0,357
934,2191,983,0,355
935,2191,983,0,354
936,2191,983,0,354
937,2191,983,0,355
938,2192,983,0,355
939,2191,983,0,352
940,2192,982,0,349
941,2195,983,0,344
942,2197,983,0,342
943,2196,980,0,343
944,2196,978,0,343
945,2196,978,0,347
946,2196,977,0,348
947,2196,977,0,348
948,2197,977,0,346
949,2196,976,0,344
950,2198,976,0,344
951,2197,976,0,345
952,2197,976,0,344
953,2199,976,0,346
954,2197,975,0,346
955,2199,975,0,343
956,2198,974,0,345
957,2198,973,0,344
958,2198,973,0,345
959,2198,973,0,347
960,2198,973,0,350
961,2197,973,0,350
962,2197,974,0,352
963,2197,973,0,353
964,2197,973,0,351
965,2197,973,0,352
966,2197,974,0,353
967,2197,974,0,351
968,2197,974,0,351
969,2197,974,0,351
970,2197,975,0,352
971,2197,975,0,352
972,2197,975,0,352
973,2198,975,0,351
974,2197,975,0,351
975,2197,975,0,351
976,2197,975,0,351
977,2198,975,0,351
978,2198,975,0,352
979,2197,975,0,353
980,2197,975,0,354
981,2197,975,0,353
982,2197,975,0,353
983,2197,975,0,352
984,2197,975,0,352
985,2197,975,0,352
986,2197,975,0,353
987,2197,975,0,353
988,2197,975,0,353
989,2197,975,0,354
990,2198,975,0,354
991,2197,975,0,353
992,2198,975,0,352
993,2198,975,0,352
994,2197,975,0,353
995,2197,975,0,352
996,2197,975,0,353
997,2196,975,0,352
998,2195,975,0,351
999,2195,975,0,351
1000,2195,975,0,351
1001,2195,975,0,351
1002,2195,975,0,352
1003,2195,976,0,352
1004,2196,976,0,353
1005,2196,976,0,353
1006,2196,976,0,353
1007,2195,976,0,352
1008,2195,976,0,353
1009,2195,976,0,353
1010,2195,976,0,353
1011,2195,976,0,352
1012,2195,976,0,352
1013,2195,976,0,352
1014,2195,976,0,353
1015,2195,976,0,353
1016,2195,976,0,352
1017,2195,978,0,352
1018,2195,977,0,354
1019,2194,977,0,353
1020,2194,977,0,353
1021,2195,977,0,353
1022,2195,977,0,353
1023,2195,977,0,353
1024,2195,977,0,354
1025,2195,977,0,353
1026,2195,977,0,353
1027,2195,977,0,353
1028,2195,977,0,353
1029,2195,977,0,354
1030,2195,977,0,355
1031,2195,978,0,356
1032,2195,978,0,355
1033,2195,978,0,355
1034,2196,978,0,356
1035,2195,978,0,356
1036,2196,978,0,356
1037,2196,978,0,356
1038,2196,978,0,356
1039,2195,978,0,356
1040,2196,979,0,355
1041,2196,978,0,355
1042,2196,978,0,356
1043,2196,978,0,355
1044,2196,978,0,355
1045,2196,978,0,355
1046,2196,978,0,355
1047,2196,978,0,355
1048,2196,978,0,355
1049,2196,978,0,355
1050,2196,978,0,356
1051,2196,978,0,355
1052,2196,978,0,355
1053,2196,978,0,355
1054,2196,978,0,355
1055,2196,978,0,355
1056,2196,978,0,355
1057,2196,978,0,355
1058,2196,978,0,355
1059,2196,979,0,355
1060,2196,979,0,354
1061,2197,979,0,353
1062,2197,979,0,353
1063,2196,979,0,353
1064,2196,979,0,353
1065,2197,979,0,354
1066,2196,979,0,354
1067,2196,980,0,353
1068,2196,980,0,352
1069,2196,980,0,351
1070,2196,980,0,349
1071,2196,980,0,350
1072,2195,980,0,350
1073,2195,980,0,352
1074,2196,980,0,354
1075,2196,981,0,353
1076,2196,981,0,353
1077,2195,980,0,353
1078,2195,980,0,353
1079,2195,980,0,354
1080,2195,980,0,353
1081,2196,980,0,353
1082,2195,980,0,354
1083,2196,980,0,353
1084,2195,980,0,353
1085,2195,980,0,353
1086,2195,980,0,352
1087,2195,980,0,353
1088,2196,980,0,355
1089,2196,979,0,356
1090,2198,979,0,355
1091,2197,980,0,354
1092,2197,980,0,354
1093,2198,980,0,354
1094,2197,980,0,354
1095,2198,980,0,355
1096,2198,979,0,356
1097,2197,978,0,0
1098,2197,978,0,2
1099,2199,979,0,1
1100,2200,980,0,359
1101,2201,980,0,1
1102,2201,981,0,1
1103,2202,981,0,0
1104,2202,981,0,359
1105,2202,981,0,0
1106,2202,981,0,1
1107,2202,981,0,1
1108,2202,981,0,2
1109,2202,981,0,2
1110,2202,981,0,2
1111,2202,981,0,1
1112,2203,981,0,2
1113,2202,981,0,1
1114,2202,981,0,4
1115,2202,981,0,8
1116,2202,980,0,9
1117,2202,981,0,8
1118,2202,980,0,8
1119,2202,980,0,8
1120,2201,981,0,7
1121,2203,983,0,9
1122,2205,983,0,18
1123,2205,985,0,20
1124,2205,984,0,18
1125,2204,984,0,16
1126,2203,984,0,15
1127,2203,984,0,15
1128,2205,984,0,14
1129,2204,984,0,10
1130,2205,983,0,7
1131,2205,982,0,1
1132,2207,982,0,357
1133,2209,981,0,353
1134,2211,983,0,353
1135,2211,983,0,351
1136,2211,982,0,348
1137,2210,982,0,346
1138,2210,982,0,344
1139,2211,982,0,345
1140,2213,982,0,346
1141,2212,981,0,344
1142,2212,980,0,342
1143,2211,980,0,345
1144,2210,977,0,350
1145,2210,976,0,348
1146,2210,975,0,346
1147,2209,975,0,344
1148,2209,976,0,343
1149,2209,976,0,344
1150,2209,976,0,345
1151,2210,975,0,348
1152,2210,974,0,354
1153,2209,974,0,352
1154,2209,973,0,349
1155,2209,972,0,348
1156,2208,972,0,347
1157,2209,972,0,345
1158,2212,973,0,348
1159,2212,973,0,349
1160,2213,973,0,353
1161,2214,976,0,353
1162,2214,975,0,353
1163,2214,974,0,353
1164,2214,975,0,352
1165,2214,975,0,351
1166,2214,976,0,352
1167,2214,975,0,352
1168,2216,967,0,355
1169,2217,968,0,357
1170,2220,970,0,2
1171,2219,971,0,3
1172,2219,971,0,2
1173,2219,970,0,2
1174,2219,970,0,358
1175,2219,970,0,355
1176,2219,970,0,356
1177,2219,971,0,355
1178,2219,971,0,354
1179,2219,971,0,353
1180,2219,971,0,352
1181,2219,971,0,353
1182,2219,972,0,351
1183,2219,972,0,351
1184,2219,972,0,351
1185,2219,971,0,351
1186,2218,971,0,351
1187,2218,970,0,351
1188,2218,971,0,350
1189,2217,970,0,350
1190,2217,970,0,349
1191,2217,970,0,349
1192,2218,969,0,349
1193,2218,969,0,348
1194,2217,969,0,348
1195,2218,968,0,345
1196,2217,968,0,345
1197,2218,969,0,345
1198,2218,969,0,349
1199,2219,970,0,352
1200,2219,969,0,353
1201,2219,969,0,353
1202,2219,968,0,353
1203,2219,968,0,354
1204,2219,969,0,354
1205,2218,968,0,354
1206,2218,969,0,354
1207,2218,969,0,355
1208,2218,968,0,356
1209,2219,969,0,357
1210,2218,970,0,359
1211,2219,964,0,4
1212,2220,967,0,1
1213,2220,967,0,359
1214,2223,969,0,3
1215,2224,969,0,2
1216,2224,969,0,2
1217,2225,970,0,1
1218,2225,972,0,1
1219,2224,973,0,1
1220,2224,974,0,2
1221,2224,974,0,2
1222,2223,974,0,1
1223,2223,975,0,2
1224,2223,974,0,0
1225,2223,974,0,1
1226,2223,975,0,3
1227,2223,974,0,1
1228,2222,974,0,0
1229,2222,974,0,0
1230,2223,974,0,1
1231,2222,974,0,0
1232,2223,972,0,359
1233,2224,971,0,358
1234,2223,972,0,0
1235,2223,972,0,0
1236,2223,973,0,359
1237,2223,973,0,0
1238,2223,973,0,1
1239,2223,973,0,0
1240,2223,973,0,2
1241,2223,973,0,1
1242,2223,973,0,2
1243,2224,972,0,3
1244,2224,972,0,2
1245,2225,972,0,2
1246,2225,972,0,2
1247,2225,972,0,359
1248,2225,972,0,358
1249,2224,972,0,359
1250,2224,972,0,359
1251,2224,972,0,357
1252,2224,972,0,357
1253,2223,971,0,357
1254,2224,971,0,358
1255,2225,971,0,358
1256,2225,971,0,358
1257,2225,967,0,357
1258,2225,970,0,358
1259,2225,971,0,1
1260,2225,972,0,2
1261,2224,972,0,3
1262,2224,973,0,4
1263,2224,973,0,4
1264,2224,973,0,4
1265,2224,973,0,4
1266,2224,973,0,2
1267,2223,974,0,1
1268,2223,973,0,2
1269,2223,973,0,0
1270,2223,973,0,359
1271,2223,973,0,359
1272,2225,973,0,357
1273,2228,975,0,357
1274,2231,976,0,0
1275,2231,976,0,2
1276,2232,976,0,2
1277,2231,976,0,1
1278,2230,976,0,1
1279,2231,976,0,1
1280,2230,976,0,2
1281,2230,976,0,1
1282,2228,977,0,3
1283,2227,977,0,4
1284,2227,978,0,3
1285,2227,978,0,2
1286,2227,978,0,3
1287,2227,977,0,2
1288,2226,977,0,0
1289,2226,977,0,0
1290,2227,976,0,359
1291,2227,976,0,359
1292,2227,976,0,359
1293,2226,976,0,0
1294,2226,976,0,359
1295,2226,976,0,359
1296,2226,976,0,0
1297,2226,976,0,359
1298,2226,976,0,0
1299,2226,976,0,359
1300,2226,976,0,1
1301,2226,976,0,1
1302,2226,976,0,1
1303,2226,976,0,1
1304,2226,976,0,1
1305,2226,976,0,1
1306,2226,976,0,0
1307,2227,975,0,357
1308,2228,976,0,359
1309,2229,976,0,0
1310,2229,976,0,359
1311,2230,976,0,0
1312,2230,976,0,1
1313,2229,976,0,1
1314,2229,976,0,2
1315,2229,977,0,3
1316,2229,977,0,5
1317,2229,976,0,5
1318,2229,976,0,4
1319,2229,977,0,3
1320,2229,977,0,2
1321,2230,976,0,5
1322,2230,976,0,3
1323,2229,976,0,1
1324,2229,975,0,2
1325,2229,975,0,2
1326,2229,975,0,2
1327,2229,975,0,3
1328,2229,975,0,3
1329,2228,975,0,3
1330,2228,975,0,2
1331,2230,975,0,0
1332,2230,974,0,0
1333,2230,974,0,1
1334,2230,974,0,0
1335,2230,974,0,359
1336,2229,974,0,359
1337,2229,974,0,358
1338,2229,975,0,359
1339,2229,975,0,358
1340,2229,975,0,358
1341,2230,975,0,359
1342,2232,975,0,1
1343,2233,975,0,1
1344,2232,975,0,1
1345,2232,975,0,3
1346,2232,975,0,3
1347,2231,976,0,5
1348,2230,977,0,3
1349,2229,977,0,2
1350,2229,977,0,358
1351,2231,976,0,356
1352,2231,976,0,358
1353,2231,975,0,354
1354,2232,974,0,355
1355,2231,974,0,352
1356,2229,974,0,352
1357,2228,974,0,349
1358,2229,973,0,350
1359,2227,973,0,348
1360,2226,973,0,347
1361,2226,973,0,348
1362,2226,973,0,348
1363,2226,972,0,349
1364,2227,971,0,350
1365,2227,971,0,347
1366,2227,973,0,345
1367,2229,975,0,346
1368,2231,977,0,348
1369,2230,978,0,345
1370,2230,979,0,344
1371,2230,980,0,345
1372,2229,979,0,339
1373,2230,979,0,333
1374,2236,986,0,330
1375,2235,980,0,341
1376,2237,982,0,334
1377,2237,983,0,332
1378,2239,983,0,335
1379,2239,984,0,335
1380,2238,986,0,327
1381,2239,984,0,331
1382,2240,982,0,329
1383,2240,981,0,329
1384,2239,982,0,332
1385,2239,979,0,337
1386,2238,978,0,332
1387,2239,981,0,322
1388,2244,979,0,329
1389,2248,976,0,336
1390,2250,975,0,337
1391,2254,976,0,339
1392,2254,979,0,340
1393,2255,977,0,341
1394,2259,976,0,352
1395,2259,981,0,344
1396,2259,985,0,346
1397,2258,982,0,336
1398,2262,982,0,335
1399,2266,982,0,343
1400,2268,981,0,345
1401,2267,981,0,346
1402,2265,982,0,348
1403,2266,983,0,348
1404,2269,986,0,352
1405,2272,986,0,350
1406,2274,988,0,338
1407,2278,988,0,339
1408,2281,985,0,347
1409,2282,984,0,344
1410,2282,984,0,341
1411,2286,983,0,340
1412,2288,981,0,343
1413,2287,981,0,342
1414,2291,981,0,343
1415,2293,980,0,343
1416,2294,980,0,343
1417,2293,980,0,340
1418,2291,978,0,338
1419,2292,977,0,342
1420,2291,977,0,340
1421,2290,978,0,342
1422,2290,979,0,341
1423,2290,980,0,337
1424,2290,980,0,345
1425,2290,980,0,346
1426,2290,980,0,346
1427,2290,982,0,341
1428,2289,981,0,341
1429,2286,982,0,342
1430,2286,981,0,344
1431,2285,980,0,340
1432,2285,980,0,341
1433,2284,981,0,340
1434,2285,981,0,343
1435,2284,981,0,340
1436,2284,982,0,346
1437,2285,985,0,353
1438,2285,986,0,350
1439,2286,988,0,348
1440,2286,988,0,348
1441,2287,989,0,350
1442,2286,989,0,353
1443,2287,988,0,350
1444,2286,988,0,349
1445,2286,987,0,349
1446,2286,987,0,349
1447,2286,986,0,351
1448,2286,986,0,351
1449,2286,987,0,350
1450,2286,987,0,351
1451,2286,988,0,354
1452,2286,988,0,352
1453,2286,988,0,353
1454,2287,986,0,350
1455,2286,985,0,352
1456,2285,986,0,349
1457,2286,986,0,350
1458,2286,986,0,350
1459,2286,986,0,350
1460,2285,986,0,350
1461,2285,986,0,350
1462,2285,986,0,350
1463,2285,986,0,351
1464,2285,986,0,351
1465,2286,986,0,352
1466,2286,986,0,351
1467,2286,986,0,353
1468,2286,986,0,353
1469,2286,986,0,352
1470,2288,987,0,350
1471,2287,987,0,351
1472,2287,987,0,350
1473,2287,987,0,350
1474,2286,986,0,349
1475,2286,986,0,350
1476,2286,987,0,350
1477,2286,987,0,350
1478,2286,987,0,349
1479,2286,987,0,351
1480,2287,987,0,351
1481,2286,986,0,349
1482,2286,986,0,351
1483,2286,986,0,351
1484,2286,986,0,351
1485,2285,987,0,352
1486,2285,987,0,355
1487,2285,987,0,352
1488,2286,986,0,353
1489,2286,987,0,353
1490,2286,987,0,351
1491,2286,986,0,353
1492,2286,985,0,352
1493,2287,984,0,349
1494,2288,984,0,349
1495,2288,983,0,348
1496,2287,983,0,346
1497,2287,982,0,347
1498,2286,982,0,348
1499,2286,982,0,348
1500,2286,982,0,348
1501,2286,983,0,349
1502,2286,983,0,349
1503,2286,983,0,351
1504,2285,983,0,352
1505,2286,983,0,351
1506,2286,983,0,351
1507,2286,983,0,352
1508,2286,983,0,354
1509,2286,983,0,354
1510,2286,984,0,354
1511,2286,984,0,355
1512,2285,984,0,358
1513,2284,983,0,359
1514,2284,983,0,0
1515,2284,983,0,0
1516,2284,983,0,2
1517,2284,984,0,2
1518,2283,984,0,0
1519,2283,984,0,0
1520,2283,984,0,359
1521,2283,984,0,0
1522,2283,984,0,0
1523,2283,984,0,359
1524,2283,984,0,358
1525,2283,984,0,358
1526,2283,984,0,359
1527,2283,984,0,357
1528,2284,984,0,358
1529,2283,984,0,356
1530,2283,984,0,356
1531,2283,984,0,356
1532,2283,984,0,357
1533,2283,984,0,358
1534,2283,984,0,358
1535,2283,984,0,358
1536,2283,984,0,358
1537,2283,984,0,0
1538,2283,984,0,358
1539,2283,984,0,0
1540,2283,984,0,359
1541,2283,984,0,358
1542,2283,984,0,358
1543,2283,983,0,358
1544,2283,983,0,359
1545,2283,984,0,1
1546,2283,984,0,0
1547,2283,984,0,1
1548,2282,984,0,3
1549,2282,984,0,4
1550,2282,984,0,4
1551,2282,984,0,3
1552,2282,985,0,3
1553,2281,984,0,4
1554,2280,985,0,3
1555,2280,986,0,4
1556,2280,986,0,3
1557,2280,986,0,2
1558,2280,986,0,1
1559,2280,986,0,2
1560,2280,987,0,2
1561,2280,987,0,2
1562,2279,987,0,2
1563,2279,987,0,2
1564,2279,987,0,1
1565,2280,987,0,2
1566,2280,987,0,1
1567,2281,987,0,1
1568,2281,987,0,1
1569,2281,987,0,2
1570,2281,986,0,4
1571,2281,986,0,4
1572,2281,986,0,3
1573,2281,986,0,5
1574,2281,985,0,6
1575,2280,986,0,5
1576,2280,986,0,5
1577,2280,987,0,5
1578,2280,987,0,3
1579,2280,986,0,5
1580,2279,986,0,2
1581,2280,986,0,1
1582,2280,986,0,1
1583,2280,986,0,0
1584,2280,986,0,0
1585,2279,987,0,0
1586,2279,987,0,0
1587,2280,987,0,359
1588,2280,987,0,1
1589,2279,987,0,0
1590,2279,987,0,0
1591,2279,987,0,0
1592,2279,987,0,0
1593,2279,987,0,0
1594,2279,987,0,3
1595,2281,986,0,359
1596,2282,985,0,357
1597,2285,981,0,349
1598,2285,979,0,353
1599,2284,979,0,347
1600,2284,979,0,343
1601,2283,978,0,345
1602,2281,979,0,346
1603,2281,979,0,345
1604,2281,979,0,341
1605,2282,978,0,346
1606,2283,976,0,350
1607,2283,975,0,352
1608,2285,975,0,345
1609,2284,971,0,351
1610,2284,973,0,353
1611,2282,972,0,1
1612,2281,973,0,7
1613,2280,976,0,7
1614,2278,980,0,3
1615,2279,981,0,3
1616,2277,982,0,2
1617,2277,982,0,1
1618,2277,982,0,358
1619,2278,982,0,359
1620,2278,982,0,0
1621,2279,982,0,0
1622,2279,982,0,358
1623,2279,982,0,358
1624,2279,981,0,358
1625,2280,982,0,359
1626,2280,982,0,359
1627,2280,982,0,358
1628,2280,981,0,357
1629,2280,981,0,359
1630,2280,982,0,357
1631,2280,981,0,358
1632,2280,982,0,358
1633,2280,982,0,359
1634,2280,982,0,359
1635,2280,982,0,359
1636,2281,983,0,3
1637,2264,988,0,24
1638,2267,992,0,28
1639,2266,987,0,13
1640,2270,988,0,14
1641,2272,985,0,12
1642,2271,986,0,9
1643,2271,983,0,1
1644,2270,981,0,6
1645,2269,980,0,2
1646,2270,981,0,3
1647,2267,984,0,9
1648,2267,984,0,8
1649,2270,983,0,6
1650,2269,981,0,5
1651,2267,981,0,8
1652,2269,982,0,9
1653,2269,981,0,7
1654,2268,982,0,6
1655,2267,982,0,4
1656,2266,982,0,5
1657,2266,982,0,6
1658,2266,984,0,7
1659,2266,984,0,5
1660,2266,984,0,3
1661,2267,985,0,5
1662,2267,985,0,5
1663,2267,985,0,5
1664,2268,985,0,5
1665,2267,985,0,6
1666,2268,984,0,8
1667,2268,984,0,8
1668,2267,985,0,7
1669,2267,985,0,6
1670,2266,984,0,6
1671,2266,985,0,1
1672,2264,984,0,6
1673,2264,986,0,2
1674,2266,985,0,1
1675,2268,984,0,5
1676,2268,986,0,3
1677,2268,986,0,2
1678,2269,986,0,2
1679,2269,986,0,4
1680,2270,986,0,4
1681,2270,987,0,4
1682,2270,987,0,4
1683,2270,987,0,1
1684,2270,986,0,3
1685,2270,987,0,0
1686,2271,987,0,1
1687,2272,987,0,2
1688,2273,986,0,2
1689,2273,987,0,3
1690,2274,986,0,4
1691,2277,981,0,5
1692,2277,982,0,4
1693,2277,981,0,6
1694,2278,981,0,9
1695,2279,982,0,8
1696,2281,982,0,1
1697,2282,980,0,357
1698,2282,980,0,354
1699,2281,980,0,355
1700,2280,979,0,359
1701,2280,979,0,0
1702,2280,979,0,1
1703,2280,979,0,2
1704,2279,980,0,7
1705,2281,981,0,6
1706,2281,980,0,9
1707,2281,979,0,6
1708,2282,978,0,3
1709,2284,976,0,2
1710,2284,976,0,359
1711,2284,975,0,354
1712,2284,975,0,352
1713,2284,976,0,354
1714,2283,975,0,353
1715,2282,975,0,354
1716,2281,975,0,356
1717,2280,974,0,1
1718,2276,971,0,358
1719,2275,969,0,359
1720,2274,967,0,1
1721,2275,967,0,3
1722,2273,966,0,9
1723,2272,966,0,8
1724,2268,967,0,11
1725,2268,966,0,11
1726,2268,968,0,13
1727,2270,969,0,10
1728,2275,974,0,11
1729,2265,979,0,10
1730,2274,977,0,10
1731,2274,978,0,16
1732,2272,979,0,16
1733,2274,981,0,13
1734,2275,978,0,9
1735,2274,977,0,9
1736,2272,979,0,6
1737,2273,980,0,8
1738,2274,981,0,7
1739,2276,981,0,5
1740,2274,982,0,8
1741,2275,983,0,9
1742,2275,983,0,9
1743,2274,983,0,7
1744,2274,983,0,4
1745,2275,982,0,2
1746,2273,983,0,2
1747,2272,984,0,0
1748,2270,984,0,357
1749,2271,986,0,349
1750,2270,987,0,348
1751,2270,987,0,351
1752,2273,986,0,357
1753,2273,986,0,349
1754,2272,986,0,354
1755,2272,986,0,354
1756,2273,988,0,348
1757,2273,987,0,353
1758,2274,986,0,355
1759,2274,986,0,354
1760,2275,986,0,356
1761,2275,986,0,356
1762,2276,986,0,355
1763,2276,986,0,355
1764,2277,985,0,354
1765,2277,985,0,349
1766,2277,986,0,349
1767,2277,986,0,340
1768,2278,986,0,342
1769,2278,985,0,346
1770,2277,985,0,341
1771,2277,984,0,339
1772,2277,985,0,338
1773,2277,985,0,338
1774,2278,985,0,341
1775,2277,985,0,341
1776,2277,985,0,339
1777,2277,985,0,340
1778,2278,985,0,347
1779,2278,985,0,349
1780,2278,986,0,348
1781,2278,986,0,348
1782,2278,986,0,346
1783,2278,985,0,342
1784,2278,985,0,344
1785,2279,985,0,344
1786,2279,985,0,342
1787,2279,985,0,342
1788,2279,984,0,342
1789,2279,984,0,340
1790,2278,984,0,340
1791,2279,985,0,341
1792,2279,985,0,340
1793,2279,985,0,341
1794,2279,985,0,345
1795,2279,986,0,344
1796,2279,985,0,342
1797,2279,985,0,341
1798,2280,986,0,341
1799,2279,985,0,340
1800,2279,985,0,340
1801,2278,985,0,340
1802,2279,984,0,340
1803,2279,984,0,339
1804,2279,984,0,339
1805,2279,984,0,339
1806,2280,985,0,341
1807,2280,986,0,344
1808,2280,985,0,344
1809,2281,985,0,342
1810,2280,985,0,341
1811,2280,985,0,341
1812,2281,985,0,339
1813,2281,985,0,339
1814,2281,985,0,340
1815,2281,985,0,339
1816,2280,984,0,338
1817,2280,984,0,339
1818,2280,984,0,337
1819,2281,985,0,338
1820,2281,983,0,337
1821,2281,982,0,336
1822,2280,982,0,338
1823,2280,982,0,335
1824,2280,982,0,335
1825,2281,982,0,336
1826,2281,982,0,338
1827,2281,982,0,337
1828,2281,981,0,337
1829,2281,981,0,340
1830,2281,981,0,339
1831,2281,982,0,339
1832,2281,982,0,339
1833,2281,982,0,338
1834,2281,982,0,338
1835,2281,982,0,338
1836,2281,982,0,338
1837,2280,981,0,338
1838,2281,981,0,333
1839,2281,981,0,329
1840,2282,983,0,329
1841,2283,983,0,331
1842,2282,982,0,331
1843,2283,983,0,330
1844,2283,983,0,330
1845,2283,982,0,331
1846,2283,982,0,331
1847,2282,982,0,331
1848,2282,982,0,333
1849,2281,982,0,334
1850,2281,982,0,334
1851,2281,982,0,333
1852,2281,982,0,333
1853,2281,982,0,332
1854,2281,982,0,333
1855,2282,982,0,333
1856,2282,982,0,334
1857,2282,982,0,335
1858,2282,983,0,340
1859,2283,983,0,345
1860,2283,983,0,345
1861,2283,983,0,344
1862,2283,983,0,342
1863,2283,982,0,341
1864,2283,982,0,340
1865,2283,982,0,340
1866,2283,982,0,340
1867,2282,982,0,340
1868,2282,982,0,339
1869,2283,982,0,343
1870,2283,983,0,341
1871,2283,983,0,340
1872,2283,983,0,339
1873,2283,983,0,339
1874,2283,983,0,340
1875,2283,983,0,340
1876,2283,983,0,341
1877,2283,983,0,342
1878,2283,983,0,339
1879,2283,983,0,340
1880,2283,983,0,340
1881,2283,982,0,341
1882,2283,983,0,340
1883,2283,982,0,342
1884,2283,982,0,343
1885,2282,982,0,342
1886,2283,982,0,343
1887,2283,982,0,344
1888,2283,982,0,343
1889,2283,982,0,343
1890,2283,983,0,342
1891,2283,983,0,340
1892,2283,982,0,340
1893,2283,982,0,342
1894,2283,982,0,341
1895,2283,982,0,341
1896,2283,982,0,339
1897,2283,983,0,337
1898,2283,983,0,337
1899,2283,983,0,336
1900,2283,983,0,336
1901,2283,983,0,336
1902,2283,983,0,336
1903,2283,983,0,334
1904,2283,983,0,334
1905,2283,982,0,335
1906,2283,983,0,335
1907,2283,983,0,335
1908,2283,983,0,335
1909,2282,982,0,333
1910,2282,982,0,333
1911,2283,982,0,332
1912,2283,982,0,330
1913,2283,982,0,331
1914,2283,982,0,331
1915,2283,982,0,332
1916,2283,982,0,333
1917,2283,982,0,333
1918,2283,982,0,332
1919,2283,982,0,332
1920,2283,982,0,332
1921,2283,982,0,331
1922,2283,982,0,331
1923,2283,982,0,331
1924,2283,982,0,329
1925,2283,982,0,329
1926,2283,982,0,332
1927,2283,982,0,332
1928,2283,982,0,334
1929,2283,982,0,332
1930,2283,982,0,333
1931,2283,982,0,333
1932,2283,982,0,334
1933,2283,982,0,333
1934,2283,982,0,333
1935,2283,982,0,333
1936,2283,982,0,332
1937,2283,982,0,334
1938,2283,982,0,334
1939,2283,982,0,334
1940,2283,982,0,333
1941,2283,982,0,335
1942,2283,982,0,335
1943,2284,982,0,334
1944,2284,983,0,332
1945,2283,982,0,333
1946,2283,982,0,333
1947,2283,982,0,332
1948,2283,982,0,332
1949,2283,982,0,331
1950,2283,982,0,331
1951,2283,982,0,331
1952,2283,983,0,332
1953,2283,983,0,333
1954,2283,983,0,332
1955,2284,983,0,332
1956,2284,982,0,333
1957,2284,982,0,331
1958,2284,982,0,331
1959,2284,982,0,331
1960,2284,982,0,332
1961,2285,982,0,330
1962,2288,983,0,335
1963,2287,984,0,331
1964,2289,985,0,330
1965,2289,984,0,329
1966,2289,984,0,325
1967,2289,983,0,323
1968,2289,983,0,321
1969,2289,984,0,323
1970,2289,985,0,325
1971,2289,985,0,331
1972,2290,986,0,330
1973,2291,987,0,330
1974,2291,987,0,333
1975,2291,987,0,334
1976,2291,987,0,333
1977,2291,988,0,335
1978,2291,988,0,335
1979,2291,988,0,336
1980,2291,988,0,335
1981,2290,988,0,334
1982,2290,988,0,332
1983,2290,988,0,329
1984,2290,988,0,329
1985,2289,988,0,328
1986,2289,988,0,328
1987,2289,988,0,328
1988,2289,988,0,329
1989,2289,988,0,330
1990,2289,988,0,331
1991,2288,988,0,330
1992,2288,988,0,331
1993,2288,988,0,330
1994,2289,988,0,331
1995,2289,988,0,331
1996,2289,987,0,331
1997,2289,988,0,329
1998,2289,988,0,329
1999,2289,987,0,330
2000,2289,987,0,330
2001,2290,988,0,330
2002,2290,988,0,330
2003,2289,987,0,329
2004,2290,987,0,329
2005,2290,987,0,329
2006,2290,987,0,330
2007,2290,987,0,331
2008,2290,987,0,330
2009,2290,987,0,328
2010,2290,987,0,329
2011,2289,987,0,327
2012,2290,987,0,328
2013,2289,987,0,328
2014,2290,987,0,327
2015,2289,987,0,328
2016,2289,987,0,328
2017,2289,987,0,327
2018,2289,987,0,327
2019,2291,987,0,323
2020,2291,987,0,325
2021,2291,987,0,324
2022,2291,987,0,323
2023,2291,987,0,322
2024,2291,987,0,322
2025,2291,987,0,323
2026,2291,987,0,324
2027,2291,987,0,324
2028,2291,987,0,324
2029,2291,986,0,324
2030,2290,986,0,324
2031,2289,986,0,328
2032,2290,986,0,327
2033,2291,986,0,326
2034,2290,986,0,325
2035,2290,986,0,325
2036,2290,986,0,325
2037,2290,986,0,324
2038,2290,986,0,324
2039,2290,986,0,324
2040,2291,986,0,323
2041,2291,986,0,322
2042,2291,986,0,323
2043,2291,985,0,324
2044,2290,985,0,324
2045,2291,986,0,324
2046,2291,986,0,324
2047,2292,986,0,324
2048,2292,986,0,325
2049,2292,986,0,325
2050,2294,987,0,327
2051,2295,988,0,329
2052,2295,989,0,330
2053,2296,989,0,330
2054,2296,988,0,328
2055,2293,985,0,322
2056,2292,985,0,321
2057,2292,985,0,324
2058,2291,985,0,328
2059,2290,986,0,329
2060,2290,986,0,331
2061,2291,988,0,336
2062,2292,987,0,333
2063,2291,985,0,332
2064,2292,985,0,324
2065,2290,983,0,324
2066,2289,983,0,328
2067,2289,984,0,329
2068,2287,981,0,337
2069,2286,982,0,333
2070,2284,980,0,336
2071,2285,981,0,338
2072,2286,984,0,340
2073,2286,986,0,332
2074,2288,982,0,342
2075,2288,981,0,338
2076,2287,980,0,337
2077,2290,982,0,338
2078,2292,982,0,341
2079,2290,981,0,337
2080,2290,981,0,337
2081,2291,980,0,339
2082,2291,981,0,346
2083,2296,980,0,338
2084,2295,976,0,331
2085,2292,972,0,329
2086,2294,976,0,329
2087,2295,981,0,336
2088,2296,982,0,335
2089,2294,980,0,339
2090,2292,978,0,333
2091,2290,976,0,331
2092,2289,977,0,331
2093,2288,976,0,331
2094,2286,975,0,337
2095,2284,972,0,336
2096,2284,965,0,343
2097,2284,962,0,338
2098,2283,963,0,342
2099,2277,963,0,342
2100,2272,960,0,346
2101,2270,953,0,355
2102,2268,950,0,1
2103,2264,951,0,8
2104,2265,953,0,4
2105,2264,953,0,7
2106,2262,952,0,8
2107,2262,951,0,9
2108,2262,952,0,11
2109,2265,954,0,7
2110,2265,956,0,10
2111,2265,957,0,10
2112,2264,957,0,17
2113,2265,957,0,15
2114,2266,957,0,13
2115,2268,957,0,17
2116,2271,955,0,18
2117,2270,955,0,20
2118,2271,956,0,14
2119,2276,954,0,9
2120,2277,954,0,3
2121,2277,957,0,3
2122,2278,960,0,5
2123,2279,962,0,12
2124,2281,961,0,5
2125,2279,964,0,11
2126,2281,961,0,23
2127,2281,962,0,27
2128,2282,960,0,23
2129,2283,959,0,19
2130,2282,960,0,13
2131,2281,962,0,15
2132,2284,959,0,13
2133,2288,957,0,18
2134,2287,960,0,20
2135,2287,960,0,22
2136,2287,959,0,21
2137,2287,958,0,18
2138,2287,957,0,19
2139,2287,957,0,24
2140,2288,955,0,26
2141,2288,954,0,27
2142,2286,953,0,42
2143,2284,957,0,46
2144,2281,958,0,48
2145,2279,959,0,54
2146,2276,961,0,55
2147,2275,962,0,56
2148,2274,967,0,51
2149,2274,973,0,38
2150,2273,973,0,17
2151,2267,974,0,10
2152,2265,975,0,10
2153,2262,981,0,11
2154,2255,979,0,15
2155,2250,980,0,15
2156,2244,983,0,25
2157,2247,988,0,22
2158,2245,991,0,22
2159,2242,984,0,25
2160,2247,985,0,33
2161,2245,989,0,43
2162,2243,987,0,51
2163,2241,983,0,45
2164,2238,982,0,44
2165,2235,978,0,36
2166,2235,977,0,32
2167,2236,975,0,32
2168,2238,973,0,28
2169,2236,974,0,25
2170,2238,976,0,23
2171,2238,976,0,21
2172,2239,975,0,22
2173,2240,977,0,23
2174,2241,976,0,19
2175,2242,979,0,14
2176,2245,980,0,9
2177,2245,979,0,7
2178,2247,982,0,3
2179,2247,983,0,0
2180,2249,987,0,355
2181,2250,988,0,353
2182,2250,988,0,356
2183,2250,988,0,359
2184,2251,988,0,358
2185,2251,987,0,357
2186,2249,987,0,357
2187,2247,987,0,359
2188,2248,987,0,0
2189,2248,987,0,3
2190,2248,987,0,4
2191,2248,987,0,4
2192,2248,988,0,6
2193,2248,988,0,7
2194,2249,987,0,6
2195,2249,987,0,5
2196,2250,987,0,5
2197,2250,987,0,5
2198,2250,987,0,3
2199,2250,987,0,4
2200,2250,987,0,4
2201,2250,987,0,4
2202,2250,987,0,5
2203,2250,987,0,4
2204,2250,987,0,3
2205,2250,987,0,4
2206,2250,987,0,6
2207,2250,987,0,6
2208,2251,990,0,7
2209,2251,991,0,9
2210,2251,992,0,9
2211,2251,991,0,9
2212,2251,991,0,9
2213,2251,991,0,8
2214,2251,991,0,7
2215,2250,991,0,6
2216,2250,991,0,4
2217,2250,989,0,5
2218,2250,988,0,6
2219,2250,987,0,4
2220,2250,987,0,5
2221,2251,987,0,6
2222,2251,987,0,6
2223,2251,988,0,6
2224,2251,988,0,6
2225,2251,988,0,8
2226,2250,987,0,7
2227,2249,986,0,10
2228,2248,985,0,12
2229,2248,986,0,11
2230,2248,986,0,12
2231,2248,986,0,12
2232,2248,986,0,10
2233,2248,987,0,11
2234,2248,987,0,11
2235,2248,987,0,13
2236,2249,987,0,8
2237,2249,988,0,5
2238,2249,988,0,3
2239,2249,987,0,3
2240,2249,987,0,1
2241,2249,987,0,0
2242,2249,988,0,359
2243,2249,988,0,3
2244,2249,989,0,4
2245,2250,989,0,7
2246,2250,989,0,9
2247,2250,991,0,4
2248,2250,992,0,3
2249,2250,993,0,2
2250,2250,992,0,2
2251,2250,992,0,1
2252,2251,990,0,3
2253,2250,990,0,3
2254,2251,991,0,3
2255,2250,990,0,3
2256,2251,990,0,5
2257,2251,991,0,4
2258,2250,989,0,9
2259,2251,991,0,10
2260,2253,992,0,9
2261,2253,992,0,6
2262,2254,992,0,9
2263,2254,990,0,15
2264,2253,991,0,13
2265,2253,991,0,12
2266,2253,993,0,8
2267,2254,994,0,1
2268,2254,995,0,357
2269,2255,992,0,6
2270,2257,989,0,9
2271,2256,989,0,7
2272,2253,990,0,7
2273,2253,990,0,7
2274,2252,990,0,6
2275,2252,991,0,7
2276,2252,991,0,7
2277,2252,990,0,7
2278,2251,989,0,6
2279,2251,989,0,5
2280,2251,989,0,6
2281,2248,989,0,10
2282,2249,988,0,10
2283,2251,986,0,10
2284,2251,985,0,7
2285,2250,985,0,8
2286,2249,985,0,11
2287,2249,985,0,9
2288,2251,984,0,4
2289,2252,982,0,1
2290,2252,978,0,354
2291,2252,979,0,353
2292,2253,981,0,350
2293,2254,982,0,352
2294,2255,986,0,358
2295,2255,988,0,1
2296,2255,988,0,5
2297,2255,989,0,8
2298,2255,990,0,7
2299,2255,989,0,8
2300,2255,989,0,8
2301,2254,989,0,8
2302,2255,989,0,8
2303,2254,989,0,8
2304,2255,989,0,8
2305,2255,989,0,8
2306,2254,988,0,5
2307,2254,988,0,4
2308,2253,988,0,4
2309,2253,987,0,3
2310,2253,987,0,3
2311,2253,987,0,3
2312,2253,987,0,3
2313,2253,987,0,3
2314,2253,987,0,3
2315,2253,987,0,2
2316,2253,987,0,3
2317,2253,987,0,3
2318,2252,986,0,3
2319,2252,986,0,2
2320,2252,986,0,4
2321,2252,986,0,3
2322,2250,984,0,8
2323,2247,983,0,11
2324,2245,984,0,13
2325,2245,986,0,15
2326,2245,987,0,12
2327,2244,988,0,9
2328,2243,989,0,0
2329,2241,990,0,359
2330,2238,993,0,357
2331,2240,995,0,356
2332,2240,998,0,0
2333,2242,999,0,3
2334,2245,1001,0,357
2335,2245,1001,0,357
2336,2246,1001,0,356
2337,2247,1000,0,358
2338,2248,1000,0,358
2339,2248,1000,0,357
2340,2248,999,0,358
2341,2248,999,0,0
2342,2247,999,0,359
2343,2247,999,0,359
2344,2247,999,0,359
2345,2248,999,0,358
2346,2248,999,0,358
2347,2248,999,0,355
2348,2248,998,0,357
2349,2248,998,0,356
2350,2248,999,0,358
2351,2248,998,0,357
2352,2248,998,0,357
2353,2248,998,0,356
2354,2248,998,0,356
2355,2248,998,0,356
2356,2248,997,0,356
2357,2248,997,0,356
2358,2249,996,0,354
2359,2248,996,0,354
2360,2248,995,0,355
2361,2248,996,0,353
2362,2248,996,0,355
2363,2248,996,0,355
2364,2248,996,0,356
2365,2249,996,0,355
2366,2248,996,0,356
2367,2248,996,0,356
2368,2248,996,0,355
2369,2248,993,0,0
2370,2247,993,0,1
2371,2247,994,0,0
2372,2248,994,0,1
2373,2248,995,0,359
2374,2249,995,0,359
2375,2250,995,0,357
2376,2250,994,0,356
2377,2250,994,0,355
2378,2250,994,0,354
2379,2249,994,0,354
2380,2249,994,0,354
2381,2250,994,0,353
2382,2249,994,0,353
2383,2250,994,0,352
2384,2249,993,0,352
2385,2249,994,0,353
2386,2251,995,0,354
2387,2251,996,0,356
2388,2250,999,0,359
2389,2249,1000,0,359
2390,2249,1000,0,359
2391,2249,1000,0,0
2392,2248,1000,0,359
2393,2248,1000,0,0
2394,2248,999,0,0
2395,2248,999,0,0
2396,2248,1000,0,0
2397,2248,1000,0,1
2398,2249,999,0,0
2399,2250,999,0,359
2400,2253,998,0,354
2401,2253,997,0,352
2402,2256,998,0,357
2403,2260,998,0,356
2404,2262,1002,0,355
2405,2263,1000,0,0
2406,2264,999,0,359
2407,2263,996,0,353
2408,2265,997,0,354
2409,2265,998,0,357
2410,2265,999,0,357
2411,2265,998,0,357
2412,2266,998,0,359
2413,2266,998,0,0
2414,2265,1001,0,4
2415,2265,1002,0,6
2416,2264,1002,0,8
2417,2265,1003,0,9
2418,2265,1005,0,10
2419,2265,1004,0,9
2420,2267,1003,0,7
2421,2273,1003,0,11
2422,2276,1002,0,10
2423,2276,1001,0,8
2424,2277,999,0,8
2425,2276,997,0,9
2426,2275,996,0,4
2427,2274,995,0,359
2428,2271,994,0,357
2429,2270,994,0,355
2430,2273,995,0,357
2431,2275,996,0,2
2432,2282,998,0,8
2433,2286,996,0,4
2434,2286,994,0,353
2435,2287,993,0,353
2436,2286,993,0,351
2437,2288,990,0,346
2438,2286,987,0,347
2439,2290,984,0,343
2440,2292,980,0,335
2441,2290,979,0,340
2442,2288,976,0,335
2443,2286,970,0,336
2444,2283,965,0,338
2445,2282,965,0,336
2446,2285,961,0,334
2447,2287,960,0,333
2448,2286,960,0,333
2449,2284,960,0,332
2450,2284,963,0,335
2451,2283,964,0,337
2452,2283,965,0,338
2453,2282,965,0,341
2454,2281,966,0,340
2455,2280,965,0,338
2456,2281,965,0,339
2457,2280,963,0,334
2458,2280,963,0,338
2459,2280,963,0,337
2460,2278,963,0,342
2461,2279,963,0,337
2462,2278,962,0,336
2463,2279,962,0,334
2464,2279,962,0,335
2465,2280,962,0,332
2466,2280,960,0,329
2467,2280,959,0,330
2468,2281,958,0,331
2469,2281,958,0,329
2470,2282,958,0,327
2471,2282,957,0,327
2472,2283,956,0,326
2473,2282,955,0,327
2474,2285,954,0,325
2475,2288,951,0,326
2476,2289,950,0,326
2477,2289,949,0,324
2478,2292,952,0,321
2479,2291,952,0,322
2480,2292,953,0,322
2481,2292,953,0,321
2482,2291,953,0,321
2483,2290,953,0,323
2484,2290,954,0,323
2485,2289,954,0,326
2486,2288,954,0,327
2487,2288,954,0,328
2488,2287,954,0,329
2489,2287,954,0,326
2490,2287,954,0,327
2491,2287,954,0,328
2492,2286,954,0,329
2493,2286,954,0,329
2494,2286,954,0,328
2495,2285,954,0,328
2496,2285,954,0,329
2497,2285,955,0,330
2498,2285,957,0,333
2499,2284,957,0,334
2500,2284,957,0,336
2501,2284,956,0,339
2502,2283,956,0,339
2503,2283,955,0,336
2504,2283,955,0,337
2505,2283,955,0,336
2506,2283,955,0,336
2507,2282,955,0,335
2508,2282,955,0,335
2509,2282,955,0,336
2510,2282,955,0,335
2511,2282,955,0,335
2512,2282,954,0,335
2513,2282,954,0,333
2514,2282,954,0,331
2515,2282,954,0,331
2516,2282,954,0,331
2517,2282,954,0,333
2518,2283,954,0,334
2519,2282,954,0,334
2520,2282,954,0,332
2521,2281,954,0,332
2522,2281,953,0,333
2523,2281,953,0,332
2524,2280,954,0,334
2525,2279,953,0,334
2526,2278,953,0,331
2527,2277,953,0,336
2528,2276,953,0,339
2529,2275,954,0,341
2530,2271,953,0,342
2531,2270,952,0,342
2532,2267,952,0,347
2533,2267,950,0,351
2534,2265,953,0,339
2535,2265,953,0,342
2536,2266,953,0,346
2537,2267,954,0,346
2538,2266,953,0,350
2539,2267,952,0,349
2540,2267,952,0,350
2541,2267,953,0,349
2542,2267,952,0,348
2543,2266,952,0,348
2544,2268,953,0,348
2545,2267,952,0,347
2546,2266,951,0,350
2547,2267,952,0,348
2548,2267,951,0,347
2549,2267,950,0,348
2550,2267,950,0,348
2551,2266,949,0,347
2552,2265,949,0,346
2553,2264,949,0,345
2554,2265,949,0,346
2555,2265,949,0,346
2556,2265,951,0,343
2557,2264,950,0,345
2558,2263,950,0,343
2559,2263,950,0,344
2560,2263,950,0,343
2561,2263,949,0,342
2562,2264,950,0,341
2563,2268,953,0,344
2564,2267,952,0,346
2565,2266,951,0,346
2566,2267,952,0,345
2567,2267,952,0,341
2568,2266,951,0,343
2569,2266,950,0,343
2570,2266,950,0,341
2571,2265,950,0,341
2572,2265,951,0,341
2573,2264,951,0,342
2574,2264,952,0,339
2575,2265,951,0,342
2576,2264,951,0,341
2577,2265,951,0,342
2578,2266,952,0,344
2579,2265,953,0,338
2580,2264,952,0,337
2581,2264,952,0,336
2582,2266,951,0,339
2583,2266,951,0,344
2584,2265,952,0,343
2585,2264,952,0,342
2586,2264,952,0,341
2587,2266,953,0,342
2588,2267,954,0,345
2589,2266,952,0,344
2590,2265,952,0,344
2591,2266,952,0,342
2592,2265,952,0,342
2593,2266,952,0,345
2594,2266,952,0,344
2595,2266,952,0,345
2596,2268,953,0,345
2597,2269,954,0,343
2598,2269,954,0,344
2599,2268,953,0,344
2600,2269,953,0,345
2601,2271,957,0,344
2602,2271,957,0,345
2603,2272,957,0,345
2604,2272,956,0,347
2605,2272,957,0,344
2606,2272,958,0,343
2607,2272,958,0,342
2608,2272,958,0,343
2609,2273,958,0,342
2610,2273,957,0,342
2611,2271,958,0,342
2612,2270,959,0,342
2613,2269,958,0,343
2614,2270,958,0,345
2615,2270,958,0,342
2616,2270,957,0,343
2617,2270,957,0,341
2618,2271,957,0,340
2619,2272,956,0,340
2620,2271,955,0,345
2621,2270,955,0,346
2622,2270,955,0,346
2623,2270,956,0,344
2624,2270,956,0,342
2625,2270,956,0,345
2626,2269,954,0,346
2627,2270,950,0,351
2628,2270,952,0,351
2629,2271,952,0,353
2630,2270,952,0,352
2631,2270,952,0,349
2632,2270,952,0,350
2633,2270,952,0,351
2634,2270,952,0,351
2635,2270,953,0,348
2636,2268,953,0,345
2637,2272,948,0,348
2638,2270,947,0,347
2639,2270,950,0,345
2640,2272,949,0,342
2641,2270,948,0,348
2642,2271,948,0,346
2643,2271,949,0,343
2644,2270,951,0,341
2645,2271,950,0,347
2646,2273,952,0,346
2647,2272,955,0,349
2648,2271,957,0,345
2649,2272,956,0,344
2650,2274,956,0,346
2651,2273,957,0,348
2652,2272,956,0,345
2653,2272,953,0,350
2654,2273,954,0,350
2655,2273,955,0,347
2656,2273,955,0,347
2657,2273,954,0,346
2658,2272,954,0,348
2659,2272,952,0,352
2660,2273,953,0,351
2661,2274,958,0,350
2662,2273,957,0,347
2663,2272,956,0,348
2664,2272,956,0,348
2665,2272,956,0,345
2666,2270,957,0,339
2667,2271,956,0,340
2668,2271,956,0,340
2669,2271,955,0,342
2670,2272,955,0,347
2671,2274,957,0,347
2672,2274,955,0,347
2673,2274,955,0,344
2674,2273,955,0,343
2675,2272,954,0,347
2676,2272,954,0,350
2677,2272,953,0,346
2678,2273,953,0,343
2679,2272,953,0,345
2680,2272,953,0,346
2681,2272,954,0,346
2682,2272,954,0,346
2683,2272,953,0,344
2684,2272,952,0,344
2685,2272,952,0,345
2686,2272,952,0,344
2687,2272,951,0,344
2688,2271,951,0,346
2689,2272,951,0,345
2690,2272,952,0,343
2691,2272,952,0,341
2692,2271,952,0,342
2693,2271,951,0,343
2694,2271,952,0,344
2695,2272,952,0,341
2696,2272,951,0,343
2697,2271,951,0,343
2698,2271,951,0,342
2699,2272,952,0,344
2700,2271,951,0,343
2701,2271,951,0,343
2702,2271,952,0,344
2703,2272,952,0,342
2704,2272,952,0,344
2705,2272,952,0,343
2706,2271,952,0,345
2707,2272,952,0,345
2708,2272,952,0,345
2709,2271,952,0,344
2710,2271,952,0,345
2711,2272,952,0,345
2712,2271,952,0,343
2713,2272,952,0,344
2714,2272,952,0,344
2715,2272,952,0,344
2716,2272,952,0,345
2717,2271,952,0,345
2718,2271,952,0,345
2719,2272,952,0,345
2720,2272,952,0,345
2721,2271,952,0,345
2722,2271,952,0,345
2723,2271,952,0,346
2724,2271,952,0,343
2725,2269,952,0,344
2726,2270,952,0,344
2727,2269,952,0,345
2728,2269,952,0,344
2729,2270,951,0,345
2730,2269,952,0,344
2731,2268,952,0,344
2732,2268,953,0,341
2733,2269,954,0,342
2734,2270,953,0,344
2735,2269,952,0,344
2736,2269,953,0,343
2737,2270,953,0,342
2738,2270,952,0,346
2739,2270,952,0,345
2740,2271,953,0,343
2741,2270,953,0,346
2742,2269,953,0,344
2743,2268,953,0,349
2744,2270,953,0,347
2745,2268,953,0,345
2746,2269,953,0,344
2747,2268,953,0,344
2748,2271,952,0,343
2749,2270,952,0,344
2750,2270,953,0,346
2751,2270,953,0,346
2752,2270,954,0,346
2753,2270,952,0,343
2754,2270,953,0,344
2755,2269,953,0,340
2756,2270,953,0,342
2757,2269,952,0,344
2758,2270,954,0,342
2759,2270,954,0,345
2760,2269,953,0,348
2761,2269,954,0,344
2762,2270,953,0,343
2763,2271,953,0,345
2764,2271,954,0,345
2765,2271,954,0,343
2766,2270,954,0,345
2767,2270,953,0,347
2768,2271,951,0,349
2769,2271,952,0,347
2770,2272,952,0,346
2771,2271,953,0,346
2772,2270,953,0,346
2773,2271,952,0,347
2774,2271,952,0,348
2775,2271,952,0,348
2776,2270,954,0,343
2777,2269,954,0,343
2778,2270,955,0,343
2779,2270,953,0,343
2780,2271,951,0,345
2781,2272,951,0,345
2782,2273,950,0,344
2783,2273,951,0,343
2784,2273,951,0,341
2785,2273,951,0,343
2786,2273,952,0,340
2787,2273,952,0,341
2788,2271,952,0,345
2789,2271,953,0,346
2790,2271,953,0,348
2791,2272,952,0,348
2792,2271,952,0,349
2793,2272,953,0,344
2794,2272,954,0,346
2795,2272,952,0,348
2796,2272,953,0,347
2797,2271,952,0,342
2798,2271,952,0,345
2799,2271,952,0,346
2800,2271,953,0,346
2801,2271,954,0,344
2802,2272,953,0,348
2803,2272,953,0,345
2804,2271,953,0,342
2805,2272,952,0,342
2806,2272,951,0,344
2807,2272,952,0,345
2808,2272,951,0,345
2809,2271,952,0,348
2810,2272,953,0,344
2811,2273,952,0,345
2812,2275,955,0,346
2813,2276,955,0,346
2814,2276,954,0,350
2815,2275,955,0,346
2816,2275,955,0,346
2817,2275,955,0,347
2818,2274,954,0,348
2819,2276,955,0,346
2820,2276,954,0,349
2821,2277,955,0,352
2822,2276,957,0,355
2823,2275,957,0,354
2824,2276,958,0,351
2825,2276,956,0,355
2826,2277,958,0,355
2827,2279,961,0,347
2828,2279,962,0,348
2829,2279,963,0,347
2830,2280,962,0,347
2831,2279,962,0,347
2832,2280,962,0,346
2833,2282,963,0,346
2834,2279,963,0,347
2835,2280,963,0,348
2836,2281,960,0,351
2837,2283,959,0,356
2838,2282,957,0,354
2839,2279,952,0,0
2840,2279,950,0,359
2841,2278,952,0,359
2842,2276,949,0,357
2843,2278,952,0,348
2844,2278,949,0,356
2845,2278,947,0,356
2846,2277,949,0,355
2847,2279,950,0,355
2848,2280,951,0,354
2849,2279,951,0,353
2850,2279,953,0,349
2851,2277,952,0,349
2852,2278,952,0,350
2853,2279,953,0,349
2854,2277,954,0,343
2855,2277,955,0,343
2856,2276,952,0,350
2857,2276,950,0,350
2858,2277,948,0,351
2859,2278,948,0,351
2860,2279,948,0,351
2861,2278,949,0,352
2862,2278,949,0,352
2863,2278,948,0,353
2864,2277,948,0,353
2865,2277,948,0,352
2866,2279,948,0,352
2867,2278,947,0,352
2868,2278,947,0,353
2869,2278,947,0,354
2870,2279,948,0,350
2871,2278,950,0,344
2872,2278,949,0,349
2873,2277,948,0,351
2874,2276,948,0,352
2875,2276,949,0,349
2876,2278,949,0,349
2877,2278,950,0,346
2878,2278,951,0,346
2879,2276,950,0,350
2880,2277,949,0,351
2881,2277,948,0,352
2882,2278,948,0,351
2883,2278,947,0,351
2884,2278,947,0,351
2885,2278,948,0,347
2886,2279,951,0,356
2887,2281,952,0,356
2888,2281,947,0,5
2889,2284,953,0,2
2890,2282,952,0,2
2891,2283,951,0,0
2892,2283,955,0,359
2893,2281,955,0,356
2894,2283,956,0,359
2895,2283,955,0,359
2896,2282,954,0,1
2897,2282,952,0,2
2898,2283,951,0,4
2899,2283,950,0,5
2900,2281,950,0,5
2901,2281,950,0,4
2902,2280,950,0,1
2903,2281,951,0,359
2904,2280,950,0,359
2905,2280,950,0,358
2906,2280,952,0,359
2907,2280,948,0,3
2908,2281,948,0,4
2909,2282,950,0,0
2910,2282,949,0,0
2911,2282,949,0,357
2912,2282,948,0,355
2913,2281,948,0,359
2914,2283,949,0,358
2915,2284,950,0,356
2916,2283,950,0,356
2917,2284,950,0,356
2918,2282,949,0,355
2919,2283,948,0,352
2920,2282,948,0,354
2921,2281,946,0,354
2922,2282,950,0,342
2923,2281,950,0,342
2924,2281,949,0,340
2925,2281,950,0,341
2926,2281,955,0,346
2927,2281,957,0,346
2928,2281,956,0,346
2929,2281,955,0,346
2930,2280,954,0,344
2931,2280,955,0,347
2932,2279,956,0,346
2933,2279,957,0,342
2934,2279,957,0,345
2935,2279,956,0,347
2936,2280,956,0,348
2937,2278,955,0,350
2938,2278,954,0,352
2939,2278,955,0,354
2940,2278,956,0,349
2941,2276,955,0,352
2942,2276,954,0,353
2943,2280,956,0,357
2944,2279,953,0,6
2945,2277,949,0,4
2946,2277,951,0,354
2947,2278,951,0,356
2948,2279,954,0,354
2949,2280,957,0,351
2950,2280,956,0,351
2951,2282,955,0,354
2952,2281,952,0,355
2953,2281,952,0,354
2954,2282,952,0,358
2955,2282,953,0,354
2956,2280,954,0,347
2957,2281,948,0,2
2958,2281,949,0,0
2959,2282,950,0,359
2960,2281,950,0,0
2961,2281,949,0,3
2962,2281,951,0,357
2963,2280,950,0,2
2964,2280,958,0,344
2965,2281,957,0,346
2966,2280,955,0,347
2967,2281,954,0,350
2968,2281,952,0,355
2969,2281,952,0,353
2970,2280,952,0,350
2971,2280,953,0,350
2972,2279,953,0,344
2973,2280,950,0,3
2974,2280,949,0,1
2975,2282,948,0,2
2976,2282,948,0,1
2977,2282,952,0,351
2978,2282,951,0,353
2979,2281,952,0,1
2980,2282,953,0,354
2981,2282,952,0,356
2982,2284,945,0,355
2983,2285,943,0,355
2984,2285,944,0,356
2985,2284,944,0,358
2986,2283,945,0,1
2987,2282,945,0,5
2988,2282,946,0,4
2989,2282,947,0,5
2990,2282,948,0,6
2991,2282,949,0,3
2992,2281,950,0,2
2993,2283,953,0,357
2994,2284,953,0,359
2995,2284,952,0,359
2996,2285,949,0,0
2997,2283,946,0,350
2998,2280,939,0,356
2999,2281,940,0,358
