0,964,1804,1,317
1,963,1805,1,311
2,963,1805,1,317
3,963,1804,1,309
4,963,1804,1,310
5,963,1804,1,309
6,963,1804,1,315
7,963,1804,1,313
8,963,1804,1,313
9,963,1804,1,313
10,963,1803,1,309
11,963,1803,1,307
12,964,1804,1,304
13,964,1805,1,301
19,963,1804,1,284
20,963,1804,1,309
21,963,1804,1,295
22,963,1804,1,290
23,963,1804,1,292
24,963,1804,1,280
25,963,1804,1,285
26,963,1804,1,309
27,963,1804,1,304
28,963,1804,1,308
29,963,1804,1,320
30,963,1804,1,328
31,963,1805,1,326
32,963,1805,1,344
33,963,1805,1,330
34,963,1805,1,311
35,963,1805,1,328
36,963,1804,1,348
37,962,1804,1,343
41,962,1804,1,70
42,962,1804,1,37
45,962,1804,1,348
46,962,1804,1,347
47,962,1804,1,356
48,962,1804,1,338
49,962,1805,1,332
50,963,1804,1,354
51,963,1804,1,350
52,963,1805,1,328
53,963,1805,1,326
54,963,1805,1,327
55,963,1805,1,321
56,963,1805,1,319
57,963,1804,1,342
58,963,1804,1,328
59,963,1805,1,348
60,963,1805,1,335
61,963,1805,1,343
62,963,1805,1,321
63,963,1805,1,293
64,963,1805,1,292
65,963,1804,1,319
66,963,1805,1,327
67,963,1805,1,328
68,963,1805,1,314
69,963,1805,1,338
72,963,1805,1,318
73,963,1805,1,308
74,963,1805,1,290
75,963,1805,1,302
76,963,1805,1,314
77,963,1805,1,318
78,963,1805,1,303
79,963,1805,1,334
80,963,1805,1,344
81,963,1805,1,312
82,963,1805,1,314
83,962,1805,1,328
84,962,1805,1,315
85,962,1805,1,315
86,963,1805,1,324
87,962,1805,1,332
88,963,1804,1,317
89,963,1804,1,318
90,962,1805,1,314
91,963,1804,1,318
92,963,1804,1,318
93,963,1804,1,318
94,963,1805,1,314
95,963,1804,1,321
96,963,1804,1,332
97,963,1804,1,324
98,963,1804,1,315
99,963,1804,1,328
100,963,1804,1,320
101,963,1804,1,314
102,963,1804,1,312
103,963,1804,1,320
104,963,1804,1,324
105,963,1804,1,328
106,963,1804,1,331
107,963,1804,1,329
108,963,1805,1,327
109,963,1805,1,316
110,963,1804,1,306
111,963,1804,1,324
112,963,1804,1,318
113,963,1804,1,317
114,963,1804,1,328
115,963,1805,1,314
116,963,1804,1,310
117,963,1804,1,310
118,963,1804,1,325
119,963,1805,1,301
120,963,1804,1,310
121,963,1804,1,317
122,963,1804,1,323
123,963,1805,1,301
124,963,1805,1,294
125,963,1804,1,315
126,963,1804,1,296
127,963,1805,1,306
128,963,1805,1,301
129,963,1805,1,294
130,963,1805,1,310
133,963,1805,1,317
134,963,1805,1,341
135,963,1805,1,314
136,962,1804,1,328
137,962,1804,1,302
138,961,1803,1,296
141,961,1803,1,36
145,963,1805,1,9
148,963,1804,1,294
149,963,1804,1,313
150,963,1804,1,319
151,963,1804,1,288
154,963,1804,1,2
155,963,1804,1,331
156,963,1804,1,320
157,963,1804,1,315
158,963,1804,1,315
163,963,1804,1,315
164,963,1804,1,291
167,963,1804,1,307
168,963,1804,1,320
169,962,1802,1,320
170,962,1802,1,316
171,963,1802,1,326
172,963,1803,1,309
173,964,1803,1,308
175,963,1802,1,303
176,964,1802,1,309
177,964,1802,1,301
178,963,1801,1,325
185,961,1801,1,294
186,962,1802,1,295
187,962,1802,1,296
188,961,1803,1,293
189,961,1803,1,295
190,961,1802,1,298
191,961,1802,1,293
192,961,1803,1,323
193,961,1803,1,288
194,960,1802,1,288
195,959,1801,1,296
197,961,1801,1,276
198,961,1802,1,308
199,961,1802,1,331
200,960,1802,1,329
201,960,1802,1,340
202,960,1802,1,335
203,960,1801,1,344
204,961,1802,1,329
205,962,1803,1,336
206,961,1803,1,343
207,961,1803,1,352
208,961,1803,1,346
209,961,1801,1,3
210,959,1800,1,17
211,959,1801,1,10
212,959,1800,1,24
213,959,1799,1,13
214,959,1797,1,45
215,960,1798,1,6
236,960,1803,1,282
238,961,1804,1,325
239,961,1804,1,340
240,961,1804,1,335
241,962,1804,1,334
242,962,1804,1,334
243,962,1804,1,333
244,962,1804,1,332
245,962,1804,1,324
246,962,1804,1,322
247,962,1804,1,321
248,961,1804,1,323
249,962,1804,1,313
250,962,1804,1,309
251,962,1804,1,310
252,962,1804,1,295
253,963,1804,1,306
254,962,1804,1,316
255,962,1804,1,310
256,963,1804,1,303
257,963,1804,1,325
258,963,1804,1,301
259,963,1804,1,291
260,963,1804,1,307
261,963,1804,1,296
262,963,1804,1,279
263,963,1804,1,272
264,963,1804,1,281
265,963,1804,1,281
266,963,1804,1,295
267,963,1804,1,304
268,963,1804,1,305
269,963,1804,1,288
270,963,1804,1,295
271,963,1804,1,299
272,963,1804,1,300
273,963,1804,1,301
274,963,1804,1,306
275,963,1804,1,299
276,963,1804,1,287
277,963,1804,1,312
278,963,1804,1,305
279,963,1804,1,305
280,963,1804,1,312
281,963,1804,1,323
282,963,1804,1,323
283,963,1804,1,301
284,963,1804,1,292
285,963,1804,1,296
286,963,1804,1,293
289,963,1804,1,16
290,963,1804,1,338
291,963,1805,1,327
292,963,1805,1,294
293,963,1805,1,294
294,963,1804,1,282
295,963,1805,1,289
296,963,1805,1,290
297,963,1805,1,287
298,963,1805,1,287
299,963,1805,1,297
300,963,1805,1,315
308,965,1805,1,7
309,964,1806,1,12
312,963,1804,1,302
313,963,1804,1,295
314,963,1804,1,297
315,963,1804,1,290
316,963,1804,1,294
317,963,1804,1,287
318,963,1804,1,295
319,963,1804,1,287
320,963,1804,1,290
321,963,1804,1,306
322,963,1804,1,312
323,963,1804,1,306
324,963,1804,1,298
325,963,1804,1,285
326,963,1804,1,289
327,963,1804,1,301
328,963,1804,1,297
329,963,1804,1,295
330,963,1804,1,291
331,963,1804,1,295
332,963,1804,1,292
333,963,1804,1,295
334,963,1804,1,295
335,963,1805,1,300
336,963,1805,1,301
337,963,1805,1,288
338,963,1804,1,300
339,963,1805,1,306
340,963,1804,1,306
341,963,1804,1,312
342,963,1804,1,305
343,963,1804,1,301
344,963,1804,1,294
345,963,1804,1,306
346,963,1804,1,307
347,963,1804,1,307
348,963,1804,1,308
349,963,1804,1,299
350,963,1804,1,304
351,963,1804,1,316
352,963,1804,1,312
353,963,1804,1,306
354,963,1804,1,307
355,963,1804,1,311
356,963,1804,1,317
357,963,1804,1,312
358,963,1804,1,309
359,963,1804,1,310
360,963,1804,1,316
361,963,1804,1,292
362,963,1805,1,319
363,963,1805,1,290
364,963,1805,1,269
365,963,1805,1,304
366,963,1805,1,299
367,963,1805,1,317
368,963,1805,1,290
369,963,1805,1,288
370,963,1805,1,318
371,963,1805,1,322
372,963,1805,1,294
373,963,1805,1,308
374,963,1805,1,304
375,963,1805,1,310
376,963,1805,1,308
377,963,1805,1,308
378,963,1805,1,303
379,963,1805,1,311
380,963,1805,1,300
381,963,1805,1,298
382,963,1805,1,296
383,963,1805,1,315
384,963,1805,1,308
385,963,1805,1,322
386,963,1805,1,305
387,963,1805,1,300
388,963,1805,1,307
389,963,1805,1,304
390,963,1804,1,314
391,963,1805,1,309
392,963,1805,1,294
393,963,1804,1,302
394,963,1805,1,306
395,963,1805,1,301
396,963,1804,1,324
397,963,1805,1,328
398,963,1805,1,326
399,963,1804,1,324
400,963,1804,1,312
401,963,1804,1,315
402,963,1804,1,316
403,962,1804,1,327
404,963,1803,1,326
405,963,1803,1,316
406,964,1803,1,300
407,964,1803,1,299
408,964,1804,1,299
409,963,1804,1,298
410,963,1803,1,309
411,963,1803,1,310
412,963,1804,1,306
413,963,1804,1,288
414,963,1804,1,286
415,963,1804,1,294
416,963,1804,1,292
417,963,1804,1,297
418,963,1804,1,291
419,963,1804,1,288
420,963,1804,1,291
421,963,1804,1,302
422,963,1804,1,308
423,963,1804,1,291
424,963,1804,1,289
425,963,1804,1,300
426,963,1804,1,310
427,963,1804,1,305
428,963,1804,1,300
429,963,1804,1,309
430,963,1804,1,306
431,963,1804,1,297
432,963,1804,1,292
433,963,1804,1,294
434,963,1804,1,280
435,963,1804,1,289
436,963,1804,1,300
437,963,1804,1,292
438,963,1804,1,300
439,963,1805,1,322
440,963,1804,1,326
441,963,1804,1,323
442,963,1804,1,316
443,963,1804,1,320
444,963,1804,1,306
445,963,1804,1,307
446,963,1804,1,303
447,963,1804,1,303
448,963,1804,1,306
449,963,1804,1,307
450,963,1804,1,304
451,963,1804,1,303
452,963,1804,1,320
453,963,1804,1,315
454,963,1804,1,315
455,963,1804,1,299
456,963,1804,1,308
457,963,1804,1,292
458,963,1804,1,292
459,963,1804,1,287
460,963,1804,1,304
461,963,1804,1,296
462,963,1804,1,299
463,963,1804,1,287
464,963,1805,1,296
465,963,1805,1,330
466,963,1805,1,307
467,963,1805,1,328
468,963,1805,1,319
471,963,1804,1,330
472,963,1804,1,290
473,963,1804,1,283
474,963,1804,1,300
475,963,1804,1,275
476,963,1804,1,305
477,963,1805,1,331
478,963,1805,1,314
479,963,1805,1,337
480,963,1804,1,342
481,963,1804,1,325
482,963,1804,1,311
483,963,1804,1,294
485,964,1804,1,332
486,963,1805,1,329
487,963,1804,1,312
488,963,1804,1,309
489,963,1804,1,308
490,963,1804,1,318
491,963,1804,1,334
492,963,1804,1,339
493,963,1804,1,331
494,963,1805,1,343
495,963,1805,1,357
496,963,1804,1,337
497,963,1804,1,312
498,963,1803,1,295
499,962,1804,1,300
500,963,1803,1,303
501,963,1803,1,298
502,963,1804,1,295
503,963,1804,1,301
504,963,1804,1,298
505,962,1804,1,310
506,962,1804,1,310
507,963,1804,1,307
508,963,1804,1,301
509,963,1804,1,310
510,963,1804,1,301
511,963,1804,1,318
512,963,1804,1,309
513,963,1805,1,317
514,963,1805,1,317
515,963,1804,1,306
516,963,1804,1,303
517,963,1804,1,303
518,963,1804,1,307
519,963,1804,1,307
520,963,1804,1,303
521,963,1804,1,303
522,963,1804,1,308
523,963,1804,1,309
524,963,1804,1,306
525,963,1804,1,307
526,963,1804,1,307
527,963,1804,1,312
528,963,1804,1,315
529,962,1804,1,302
530,963,1804,1,315
531,963,1804,1,312
532,963,1804,1,301
533,962,1804,1,306
534,962,1804,1,300
535,962,1804,1,303
536,962,1804,1,310
537,962,1804,1,314
538,962,1804,1,314
539,962,1804,1,314
540,962,1804,1,311
541,962,1805,1,310
542,962,1804,1,314
543,963,1804,1,310
544,962,1804,1,312
545,962,1804,1,305
546,962,1804,1,298
547,962,1804,1,308
548,962,1804,1,298
549,962,1804,1,298
550,962,1804,1,292
551,962,1804,1,298
552,962,1804,1,298
553,962,1804,1,299
554,962,1804,1,302
555,962,1804,1,301
556,962,1804,1,306
557,962,1804,1,307
558,962,1804,1,304
559,962,1804,1,308
560,963,1804,1,301
561,962,1805,1,310
562,962,1804,1,307
563,962,1804,1,307
564,962,1804,1,302
565,963,1804,1,306
566,962,1805,1,303
567,962,1805,1,311
568,962,1805,1,312
569,962,1805,1,308
570,962,1805,1,311
571,962,1805,1,307
572,962,1805,1,309
573,962,1804,1,301
574,962,1805,1,296
575,962,1805,1,288
576,962,1805,1,283
577,962,1804,1,282
578,962,1804,1,288
579,962,1805,1,308
580,962,1805,1,312
581,962,1805,1,301
582,962,1805,1,310
583,962,1805,1,312
584,962,1805,1,280
585,962,1805,1,305
586,962,1805,1,314
587,962,1805,1,315
588,962,1805,1,297
593,962,1805,1,334
594,962,1805,1,333
595,962,1804,1,305
596,962,1804,1,308
597,962,1804,1,306
598,962,1804,1,309
599,962,1804,1,303
600,962,1804,1,305
601,962,1804,1,301
602,962,1804,1,302
603,962,1804,1,322
604,962,1804,1,293
605,962,1804,1,308
606,962,1804,1,307
607,962,1805,1,305
608,962,1804,1,304
609,962,1804,1,308
610,962,1805,1,294
611,962,1804,1,290
612,962,1805,1,309
615,962,1804,1,331
616,963,1804,1,295
617,963,1805,1,288
618,963,1805,1,327
619,963,1805,1,300
620,963,1805,1,297
621,963,1804,1,300
622,964,1804,1,316
623,963,1804,1,304
624,963,1805,1,298
625,962,1805,1,296
626,963,1805,1,302
627,963,1805,1,306
628,963,1805,1,285
629,963,1804,1,286
630,963,1804,1,290
631,963,1804,1,299
632,963,1804,1,299
633,963,1805,1,302
634,963,1805,1,297
635,963,1805,1,287
636,963,1805,1,287
637,963,1805,1,296
638,962,1805,1,294
639,962,1805,1,305
640,962,1805,1,311
641,962,1805,1,309
642,962,1805,1,304
643,962,1805,1,312
644,962,1805,1,321
645,962,1805,1,310
646,962,1805,1,313
647,963,1804,1,298
648,963,1805,1,296
649,962,1805,1,300
650,962,1805,1,311
651,963,1805,1,313
652,963,1805,1,298
653,963,1805,1,295
654,963,1805,1,305
655,963,1805,1,316
656,962,1805,1,325
657,963,1805,1,327
658,962,1805,1,315
659,962,1805,1,315
660,963,1805,1,326
661,963,1805,1,314
662,963,1805,1,320
663,963,1805,1,303
664,963,1805,1,301
665,963,1805,1,319
666,963,1805,1,310
667,963,1805,1,310
668,963,1805,1,296
669,963,1805,1,308
670,963,1805,1,305
671,963,1805,1,296
672,963,1805,1,295
673,963,1804,1,325
674,963,1804,1,317
675,962,1804,1,313
676,963,1804,1,307
677,963,1804,1,313
678,963,1805,1,321
679,962,1805,1,310
680,962,1805,1,313
681,962,1805,1,341
682,962,1805,1,318
683,962,1805,1,335
684,962,1805,1,344
685,962,1805,1,342
686,963,1805,1,336
687,963,1805,1,318
688,963,1805,1,322
689,963,1804,1,304
690,963,1805,1,306
691,963,1806,1,312
692,963,1807,1,317
693,963,1808,1,322
694,962,1809,1,328
695,962,1809,1,337
699,962,1808,1,308
700,962,1804,1,294
701,962,1805,1,300
702,962,1805,1,305
703,962,1805,1,312
704,963,1804,1,313
705,963,1804,1,325
706,964,1805,1,297
707,964,1805,1,277
708,964,1804,1,276
709,964,1805,1,276
710,963,1804,1,279
711,963,1804,1,302
712,963,1804,1,297
713,963,1804,1,304
714,963,1805,1,339
715,962,1804,1,302
716,962,1804,1,304
717,962,1804,1,300
718,962,1804,1,296
719,962,1804,1,303
720,962,1804,1,303
721,962,1804,1,309
722,962,1804,1,310
723,962,1804,1,314
724,962,1804,1,314
725,962,1804,1,313
726,962,1804,1,313
727,962,1804,1,312
728,962,1804,1,317
729,961,1804,1,302
730,961,1805,1,311
731,962,1804,1,301
732,962,1804,1,309
733,962,1805,1,301
734,962,1804,1,295
735,962,1804,1,298
736,962,1805,1,322
737,962,1805,1,300
738,962,1805,1,314
739,962,1805,1,301
740,962,1805,1,308
741,962,1805,1,296
742,962,1805,1,301
743,962,1805,1,317
744,962,1805,1,324
745,962,1805,1,319
746,962,1805,1,315
747,962,1805,1,332
748,962,1805,1,312
749,962,1805,1,313
750,962,1805,1,320
751,962,1805,1,317
752,962,1805,1,323
753,962,1805,1,317
754,962,1805,1,314
755,962,1805,1,317
756,962,1805,1,316
757,962,1805,1,323
758,963,1806,1,319
759,963,1806,1,326
760,962,1806,1,332
761,962,1806,1,331
762,962,1806,1,317
763,962,1806,1,321
764,962,1805,1,344
765,962,1804,1,310
770,958,1805,1,339
771,962,1808,1,312
772,962,1807,1,330
773,963,1807,1,351
777,963,1806,1,330
783,963,1808,1,32
784,963,1807,1,30
785,963,1808,1,27
786,963,1808,1,27
787,963,1808,1,22
788,964,1808,1,34
789,964,1809,1,31
802,964,1806,1,64
803,964,1806,1,45
804,964,1806,1,46
805,963,1805,1,73
808,963,1805,1,352
809,963,1804,1,4
810,963,1805,1,357
811,963,1805,1,347
812,963,1805,1,0
813,963,1805,1,328
814,962,1805,1,308
815,963,1805,1,315
818,963,1805,1,15
819,963,1805,1,8
820,963,1806,1,7
821,963,1805,1,7
822,964,1806,1,2
823,963,1805,1,340
824,962,1804,1,324
825,962,1804,1,331
826,963,1804,1,321
827,963,1804,1,350
828,962,1804,1,344
829,962,1804,1,338
830,962,1803,1,338
831,963,1803,1,320
832,963,1804,1,327
833,963,1804,1,332
834,963,1804,1,330
835,963,1804,1,334
836,963,1804,1,335
837,963,1804,1,327
838,963,1804,1,324
839,963,1804,1,330
840,963,1805,1,329
841,962,1805,1,334
842,962,1805,1,338
843,962,1804,1,345
844,963,1804,1,348
850,963,1804,1,297
851,963,1804,1,296
852,963,1805,1,291
853,963,1805,1,306
854,963,1805,1,318
855,963,1805,1,320
856,963,1805,1,306
857,963,1805,1,313
858,963,1805,1,313
859,963,1805,1,305
860,963,1805,1,317
861,963,1805,1,323
862,963,1805,1,336
863,963,1805,1,333
864,963,1805,1,335
865,963,1805,1,338
866,963,1805,1,332
867,963,1805,1,331
868,963,1805,1,337
869,963,1804,1,339
870,963,1805,1,340
871,962,1805,1,344
872,963,1805,1,341
873,963,1805,1,340
874,963,1805,1,340
875,963,1805,1,319
876,963,1805,1,309
877,963,1805,1,302
878,963,1805,1,312
879,962,1805,1,313
880,962,1804,1,307
881,962,1804,1,311
882,962,1804,1,325
883,962,1805,1,342
884,962,1805,1,322
885,962,1804,1,312
886,962,1804,1,309
887,962,1804,1,313
888,962,1804,1,300
889,962,1804,1,297
890,962,1804,1,300
891,962,1805,1,306
892,963,1804,1,323
893,963,1804,1,316
894,963,1804,1,303
895,963,1804,1,304
896,963,1804,1,299
897,963,1804,1,307
898,963,1804,1,329
899,963,1804,1,335
900,963,1805,1,328
901,963,1805,1,324
902,963,1805,1,326
903,963,1805,1,326
904,963,1805,1,326
905,963,1804,1,331
906,963,1804,1,328
907,963,1804,1,313
908,963,1805,1,312
909,963,1804,1,315
910,963,1805,1,315
911,963,1805,1,315
912,963,1805,1,315
913,962,1805,1,314
914,963,1805,1,315
915,963,1805,1,315
916,963,1805,1,317
917,963,1805,1,315
918,962,1805,1,316
919,963,1805,1,315
920,963,1805,1,315
921,963,1805,1,311
922,963,1805,1,317
923,962,1805,1,314
924,963,1805,1,332
925,963,1805,1,336
926,962,1805,1,337
927,963,1805,1,319
928,962,1805,1,311
929,962,1805,1,312
930,962,1805,1,311
931,962,1805,1,314
932,962,1805,1,310
933,962,1805,1,312
934,962,1805,1,312
935,963,1805,1,311
936,963,1805,1,324
937,962,1805,1,309
938,963,1804,1,308
939,963,1804,1,312
940,962,1804,1,297
941,963,1804,1,312
942,963,1804,1,339
943,963,1804,1,337
944,963,1804,1,315
945,962,1804,1,322
946,963,1804,1,299
947,962,1804,1,296
948,963,1804,1,300
949,963,1805,1,304
950,964,1805,1,282
951,963,1804,1,317
952,963,1804,1,312
953,964,1804,1,315
954,964,1805,1,313
955,964,1805,1,314
959,965,1803,1,3
961,963,1805,1,11
962,963,1805,1,18
963,963,1806,1,17
964,963,1806,1,12
965,964,1806,1,347
970,963,1805,1,295
971,964,1805,1,83
972,964,1805,1,284
976,964,1805,1,331
977,964,1805,1,337
978,964,1805,1,9
979,963,1805,1,22
980,962,1804,1,30
981,962,1804,1,45
982,961,1804,1,60
983,961,1802,1,25
986,964,1804,1,1
987,963,1805,1,351
988,963,1805,1,338
989,963,1805,1,329
990,963,1805,1,328
991,963,1805,1,307
992,963,1805,1,298
993,963,1804,1,309
994,962,1804,1,304
995,962,1804,1,311
996,962,1804,1,307
997,962,1804,1,300
998,962,1804,1,311
999,963,1804,1,313
1000,963,1804,1,306
1001,963,1804,1,307
1002,963,1804,1,307
1003,963,1804,1,311
1004,963,1805,1,301
1005,963,1805,1,316
1006,963,1805,1,308
1007,963,1805,1,313
1008,963,1805,1,313
1009,963,1805,1,321
1010,963,1805,1,324
1011,963,1805,1,326
1012,963,1805,1,333
1013,963,1805,1,318
1014,963,1805,1,319
1015,963,1804,1,318
1016,962,1804,1,327
1017,963,1804,1,313
1018,963,1804,1,305
1019,963,1804,1,297
1020,963,1804,1,316
1021,963,1804,1,304
1022,963,1804,1,297
1023,963,1804,1,294
1024,963,1804,1,297
1025,963,1804,1,304
1026,963,1804,1,290
1027,963,1804,1,302
1028,963,1804,1,328
1029,963,1804,1,330
1030,963,1805,1,334
1031,963,1805,1,330
1032,963,1805,1,328
1033,963,1805,1,330
1034,963,1804,1,324
1035,963,1804,1,306
1036,963,1804,1,312
1037,963,1804,1,329
1038,963,1804,1,325
1039,963,1804,1,313
1040,963,1804,1,323
1041,963,1804,1,323
1042,963,1804,1,323
1043,963,1805,1,316
1044,963,1805,1,322
1045,963,1804,1,335
1046,963,1805,1,331
1047,963,1804,1,326
1048,963,1804,1,335
1049,963,1804,1,325
1050,963,1804,1,334
1051,963,1804,1,326
1052,963,1804,1,328
1053,963,1804,1,303
1054,962,1804,1,286
1055,962,1804,1,301
1056,962,1804,1,312
1057,962,1804,1,321
1058,962,1804,1,317
1059,962,1804,1,314
1060,962,1804,1,321
1061,962,1804,1,329
1062,962,1804,1,318
1063,961,1804,1,313
1064,962,1804,1,328
1065,963,1804,1,317
1066,963,1804,1,318
1069,963,1804,1,326
1070,963,1804,1,338
1071,963,1804,1,331
1072,963,1804,1,328
1073,963,1805,1,320
1074,963,1805,1,320
1075,963,1804,1,319
1076,963,1804,1,299
1077,963,1804,1,289
1080,963,1804,1,34
1081,963,1804,1,355
1082,963,1805,1,351
1083,963,1805,1,356
1084,963,1805,1,356
1085,963,1805,1,9
1086,963,1805,1,10
1087,963,1805,1,339
1088,963,1805,1,17
1092,963,1805,1,337
1093,963,1805,1,332
1094,963,1806,1,335
1095,964,1806,1,337
1096,964,1806,1,340
1097,963,1806,1,350
1098,963,1806,1,348
1101,965,1806,1,319
1102,964,1806,1,321
1103,964,1805,1,311
1104,964,1805,1,319
1105,965,1804,1,301
1109,964,1805,1,300
1110,964,1805,1,296
1111,964,1805,1,304
1112,964,1804,1,321
1113,964,1804,1,319
1114,964,1804,1,310
1115,963,1804,1,312
1116,963,1804,1,309
1117,963,1805,1,302
1118,962,1804,1,300
1119,963,1804,1,303
1120,963,1805,1,310
1121,962,1805,1,314
1122,962,1805,1,303
1123,962,1805,1,309
1124,962,1805,1,298
1125,962,1804,1,292
1126,962,1804,1,308
1127,962,1804,1,302
1128,962,1804,1,300
1129,962,1804,1,308
1130,962,1804,1,314
1131,962,1805,1,297
1132,962,1805,1,322
1133,962,1805,1,307
1134,962,1805,1,326
1135,962,1805,1,305
1136,962,1805,1,320
1137,961,1804,1,297
1138,962,1804,1,314
1139,962,1804,1,313
1140,962,1804,1,324
1141,963,1805,1,315
1142,963,1805,1,313
1143,963,1804,1,315
1144,963,1805,1,315
1145,963,1805,1,311
1146,963,1805,1,308
1147,963,1805,1,312
1148,963,1805,1,314
1149,963,1805,1,301
1150,963,1805,1,311
1151,963,1805,1,298
1152,963,1804,1,319
1153,962,1804,1,308
1154,963,1804,1,307
1155,963,1804,1,310
1156,963,1805,1,296
1157,963,1805,1,302
1158,963,1805,1,308
1159,963,1805,1,295
1160,963,1805,1,320
1161,962,1804,1,324
1162,963,1804,1,321
1163,963,1805,1,310
1164,963,1804,1,301
1165,963,1804,1,306
1166,963,1804,1,312
1167,963,1804,1,313
1168,963,1804,1,315
1169,963,1804,1,322
1170,963,1804,1,314
1171,963,1804,1,315
1172,963,1804,1,315
1173,962,1804,1,312
1174,963,1804,1,306
1175,962,1804,1,291
1176,962,1804,1,290
1177,961,1805,1,306
1178,960,1805,1,327
1179,960,1805,1,309
1180,961,1805,1,303
1181,961,1805,1,311
1182,961,1804,1,307
1183,960,1804,1,303
1184,960,1803,1,319
1185,961,1803,1,317
1186,960,1804,1,317
1187,960,1804,1,299
1188,962,1804,1,306
1189,962,1805,1,299
1190,962,1804,1,304
1191,962,1804,1,308
1192,962,1804,1,308
1193,961,1804,1,309
1194,962,1804,1,307
1195,962,1804,1,315
1196,962,1805,1,314
1197,963,1805,1,332
1198,963,1805,1,319
1199,962,1805,1,318
1200,962,1804,1,316
1201,963,1805,1,316
1202,963,1805,1,315
1203,963,1805,1,313
1204,963,1805,1,316
1205,962,1805,1,318
1206,963,1805,1,317
1207,963,1805,1,319
1208,963,1805,1,315
1209,963,1804,1,318
1210,963,1805,1,315
1211,963,1805,1,313
1212,963,1805,1,312
1213,962,1805,1,316
1214,963,1805,1,309
1215,963,1804,1,309
1216,963,1804,1,312
1217,963,1804,1,312
1218,963,1805,1,312
1219,963,1804,1,314
1220,963,1805,1,317
1221,962,1805,1,316
1222,963,1805,1,313
1223,963,1805,1,315
1224,962,1805,1,316
1225,963,1805,1,318
1226,963,1805,1,315
1227,963,1805,1,312
1228,963,1805,1,313
1229,963,1805,1,315
1230,963,1805,1,315
1231,963,1805,1,313
1232,963,1805,1,325
1233,963,1805,1,317
1234,963,1805,1,311
1235,963,1804,1,315
1236,963,1804,1,311
1237,963,1805,1,315
1238,963,1805,1,318
1239,963,1805,1,315
1240,963,1805,1,315
1241,963,1805,1,317
1242,962,1805,1,316
1243,963,1805,1,318
1244,962,1805,1,314
1245,962,1805,1,313
1246,962,1805,1,316
1247,962,1805,1,316
1248,963,1805,1,315
1249,962,1805,1,318
1250,962,1805,1,313
1251,963,1805,1,315
1252,962,1805,1,318
1253,962,1805,1,313
1254,963,1805,1,315
1255,963,1805,1,315
1256,962,1805,1,319
1257,962,1805,1,313
1258,962,1805,1,313
1259,963,1805,1,315
1260,963,1804,1,318
1261,962,1805,1,314
1262,963,1805,1,327
1263,962,1805,1,309
1264,962,1805,1,311
1265,963,1805,1,321
1266,962,1805,1,318
1267,962,1805,1,313
1268,963,1804,1,318
1269,962,1805,1,313
1270,962,1805,1,306
1271,963,1805,1,315
1272,963,1805,1,315
1273,962,1805,1,318
1274,963,1805,1,316
1275,963,1805,1,317
1276,963,1805,1,315
1277,963,1805,1,311
1278,963,1805,1,317
1279,963,1805,1,315
1280,963,1805,1,326
1281,963,1805,1,311
1282,962,1805,1,315
1283,962,1804,1,316
1284,963,1804,1,312
1285,963,1805,1,306
1286,962,1804,1,319
1287,963,1804,1,315
1288,962,1804,1,320
1289,963,1804,1,309
1290,963,1805,1,322
1291,963,1804,1,308
1292,963,1804,1,315
1293,963,1804,1,298
1294,963,1804,1,303
1295,963,1804,1,318
1296,963,1804,1,326
1297,963,1804,1,327
1298,963,1805,1,328
1299,963,1805,1,321
1300,963,1804,1,316
1301,963,1804,1,298
1302,963,1804,1,288
1303,963,1804,1,321
1304,963,1804,1,323
1305,963,1804,1,310
1306,963,1804,1,318
1307,963,1805,1,316
1308,963,1804,1,310
1309,963,1804,1,326
1310,963,1805,1,302
1311,963,1804,1,319
1315,961,1804,1,317
1316,962,1804,1,321
1317,963,1804,1,328
1318,963,1804,1,304
1319,963,1804,1,298
1320,963,1804,1,311
1321,963,1804,1,306
1322,963,1804,1,294
1323,963,1804,1,324
1324,963,1803,1,318
1325,964,1804,1,308
1326,964,1803,1,313
1327,964,1803,1,317
1328,964,1803,1,318
1329,964,1802,1,320
1330,964,1802,1,316
1331,964,1803,1,323
1332,964,1803,1,317
1333,964,1803,1,314
1334,964,1803,1,305
1335,964,1804,1,304
1336,963,1804,1,307
1337,963,1804,1,301
1338,963,1804,1,277
1339,963,1804,1,285
1340,963,1804,1,287
1341,963,1804,1,295
1342,963,1804,1,291
1343,963,1804,1,301
1344,963,1804,1,290
1345,963,1804,1,303
1346,963,1804,1,296
1347,963,1804,1,306
1348,963,1804,1,304
1349,963,1804,1,299
1350,963,1804,1,305
1351,963,1804,1,301
1352,963,1804,1,306
1353,963,1804,1,321
1354,963,1804,1,302
1355,963,1804,1,293
1356,963,1804,1,289
1357,963,1805,1,294
1360,963,1804,1,34
1361,964,1805,1,54
1362,964,1805,1,68
1365,963,1804,1,310
1366,963,1804,1,311
1367,963,1804,1,299
1368,962,1804,1,294
1369,962,1804,1,310
1373,962,1805,1,345
1374,963,1804,1,353
1375,963,1804,1,340
1376,963,1804,1,345
1377,963,1804,1,318
1378,963,1804,1,324
1379,963,1804,1,340
1380,963,1804,1,318
1381,963,1804,1,329
1382,963,1804,1,305
1383,963,1804,1,335
1384,963,1804,1,334
1385,963,1804,1,319
1386,963,1805,1,308
1387,963,1804,1,306
1388,963,1804,1,317
1389,963,1805,1,301
1390,963,1804,1,326
1391,963,1804,1,326
1392,963,1804,1,310
1393,963,1804,1,320
1394,963,1805,1,323
1395,963,1804,1,320
1396,963,1805,1,327
1397,963,1804,1,324
1398,963,1804,1,321
1399,963,1805,1,310
1400,963,1804,1,314
1401,963,1805,1,322
1402,963,1804,1,310
1403,963,1805,1,316
1404,963,1805,1,319
1405,963,1805,1,302
1406,963,1805,1,317
1407,963,1804,1,306
1408,963,1804,1,295
1409,963,1804,1,306
1410,963,1804,1,310
1411,963,1805,1,321
1412,963,1804,1,314
1413,963,1805,1,294
1414,963,1804,1,306
1415,962,1804,1,314
1416,963,1805,1,302
1417,963,1805,1,294
1418,963,1805,1,294
1419,963,1804,1,310
1420,963,1804,1,287
1421,963,1804,1,288
1422,963,1804,1,283
1423,963,1804,1,308
1424,963,1804,1,300
1425,963,1804,1,318
1426,963,1804,1,332
1427,963,1804,1,313
1428,962,1804,1,315
1429,963,1804,1,296
1430,963,1804,1,302
1431,963,1804,1,287
1432,963,1804,1,321
1433,963,1805,1,294
1434,963,1805,1,308
1435,963,1804,1,301
1436,963,1804,1,325
1437,963,1805,1,308
1438,963,1804,1,301
1439,963,1804,1,325
1440,963,1805,1,317
1441,963,1804,1,314
1442,963,1804,1,316
1443,963,1804,1,325
1444,963,1804,1,325
1445,963,1804,1,329
1446,963,1804,1,320
1447,963,1804,1,305
1448,963,1804,1,318
1449,963,1805,1,314
1450,963,1805,1,308
1451,963,1805,1,327
1452,963,1804,1,316
1453,963,1804,1,313
1454,963,1804,1,319
1455,963,1804,1,316
1456,963,1804,1,303
1457,963,1804,1,312
1458,963,1804,1,310
1459,963,1804,1,315
1460,963,1804,1,294
1461,963,1804,1,301
1462,963,1804,1,290
1463,963,1804,1,290
1464,962,1804,1,315
1465,963,1804,1,308
1466,963,1804,1,298
1467,963,1804,1,305
1468,963,1804,1,304
1469,963,1804,1,293
1472,963,1804,1,339
1473,963,1804,1,306
1474,963,1804,1,289
1475,963,1804,1,299
1476,963,1804,1,296
1477,963,1804,1,300
1478,963,1804,1,311
1479,963,1804,1,351
1480,963,1804,1,337
1481,963,1804,1,320
1482,963,1804,1,323
1483,963,1804,1,323
1484,963,1804,1,321
1485,963,1804,1,301
1486,963,1804,1,330
1487,963,1805,1,336
1488,962,1804,1,326
1489,963,1804,1,334
1490,963,1804,1,298
1491,963,1804,1,310
1492,963,1804,1,321
1493,963,1804,1,327
1494,963,1804,1,324
1495,962,1804,1,317
1496,962,1804,1,303
1497,962,1804,1,312
1498,962,1804,1,318
1499,962,1804,1,307
1500,962,1804,1,309
1501,962,1804,1,301
1502,962,1805,1,304
1503,962,1805,1,305
1504,962,1805,1,318
1505,962,1805,1,311
1506,962,1804,1,308
1507,963,1804,1,310
1508,963,1805,1,306
1509,963,1805,1,316
1510,963,1805,1,315
1511,962,1804,1,305
1512,963,1804,1,309
1513,963,1805,1,308
1514,963,1805,1,302
1515,963,1804,1,309
1516,963,1804,1,309
1517,962,1804,1,305
1518,963,1804,1,298
1519,962,1805,1,315
1520,961,1805,1,316
1521,961,1805,1,310
1522,961,1805,1,312
1523,962,1804,1,310
1524,962,1804,1,310
1525,963,1804,1,313
1526,963,1804,1,327
1527,962,1804,1,319
1528,962,1804,1,315
1529,962,1804,1,329
1530,962,1804,1,348
1531,963,1804,1,316
1532,963,1805,1,298
1533,963,1805,1,305
1534,963,1805,1,312
1535,963,1805,1,318
1536,962,1804,1,314
1537,963,1805,1,311
1538,963,1805,1,314
1539,963,1805,1,325
1540,962,1805,1,315
1541,962,1805,1,309
1542,962,1805,1,327
1543,963,1805,1,305
1544,963,1805,1,303
1545,962,1805,1,308
1546,962,1805,1,306
1547,962,1804,1,298
1548,962,1804,1,297
1549,962,1804,1,288
1550,962,1804,1,275
1551,961,1804,1,264
1552,961,1804,1,246
1553,961,1803,1,269
1554,961,1803,1,260
1555,962,1804,1,261
1556,962,1804,1,288
1557,962,1804,1,282
1558,963,1804,1,293
1559,963,1804,1,312
1560,963,1804,1,307
1561,963,1804,1,288
1562,963,1804,1,302
1567,964,1805,1,298
1568,965,1806,1,301
1569,966,1806,1,286
1570,966,1806,1,88
1571,965,1805,1,273
1574,962,1803,1,331
1576,962,1802,1,347
1577,961,1803,1,307
1578,962,1804,1,314
1579,963,1804,1,321
1580,963,1804,1,303
1581,963,1804,1,285
1582,963,1804,1,290
1583,963,1804,1,295
1584,963,1804,1,309
1585,963,1804,1,287
1586,963,1804,1,305
1587,963,1804,1,314
1588,963,1804,1,310
1589,963,1804,1,321
1590,963,1804,1,328
1591,963,1805,1,339
1592,963,1805,1,323
1593,963,1804,1,293
1594,963,1805,1,320
1595,963,1804,1,331
1596,963,1805,1,317
1597,963,1805,1,314
1598,963,1804,1,311
1599,963,1804,1,325
1600,963,1804,1,324
1601,963,1805,1,327
1602,963,1805,1,327
1603,963,1804,1,313
1604,963,1805,1,327
1605,963,1805,1,333
1606,963,1805,1,329
1607,963,1804,1,325
1608,963,1804,1,318
1609,963,1804,1,321
1610,963,1804,1,323
1611,963,1804,1,324
1612,963,1804,1,312
1613,963,1804,1,306
1614,963,1804,1,298
1615,962,1804,1,293
1616,963,1804,1,293
1617,963,1804,1,300
1618,963,1804,1,315
1619,963,1804,1,300
1620,963,1804,1,304
1621,963,1804,1,304
1622,963,1804,1,312
1623,963,1804,1,307
1624,963,1804,1,292
1625,963,1804,1,316
1626,963,1804,1,323
1627,963,1804,1,315
1628,963,1804,1,302
1629,963,1804,1,334
1630,963,1804,1,333
1631,963,1804,1,329
1632,963,1804,1,317
1633,963,1804,1,283
1637,963,1804,1,301
1638,963,1804,1,305
1639,963,1804,1,324
1640,963,1804,1,336
1641,963,1805,1,332
1642,963,1804,1,307
1643,963,1804,1,302
1644,963,1803,1,308
1645,962,1801,1,313
1646,963,1804,1,298
1647,962,1804,1,311
1648,960,1801,1,351
1649,961,1802,1,313
1658,963,1808,1,334
1660,964,1808,1,28
1661,964,1808,1,22
1665,963,1805,1,321
1666,962,1805,1,310
1667,962,1804,1,305
1668,962,1804,1,319
1669,963,1804,1,301
1670,963,1804,1,302
1671,963,1804,1,305
1672,963,1804,1,308
1673,963,1804,1,315
1674,963,1804,1,314
1675,963,1804,1,317
1676,963,1804,1,307
1677,963,1804,1,318
1678,963,1804,1,315
1679,963,1804,1,321
1680,963,1804,1,316
1681,963,1804,1,324
1682,963,1804,1,321
1683,963,1804,1,326
1684,963,1804,1,316
1685,963,1804,1,320
1686,963,1804,1,325
1687,963,1805,1,327
1688,963,1804,1,329
1689,963,1804,1,299
1690,963,1804,1,307
1691,962,1804,1,311
1692,962,1804,1,308
1693,962,1804,1,310
1694,962,1804,1,311
1695,962,1804,1,312
1696,962,1804,1,306
1697,962,1804,1,302
1698,962,1805,1,308
1699,962,1805,1,303
1700,962,1804,1,300
1701,962,1804,1,297
1702,963,1804,1,290
1703,962,1804,1,308
1704,962,1804,1,312
1705,963,1804,1,315
1706,963,1804,1,325
1707,963,1804,1,322
1708,963,1804,1,319
1709,963,1804,1,329
1710,963,1804,1,324
1711,963,1804,1,314
1712,963,1804,1,311
1713,963,1804,1,331
1714,963,1804,1,322
1715,963,1804,1,326
1716,963,1804,1,323
1717,963,1804,1,318
1718,963,1804,1,315
1719,963,1804,1,315
1720,963,1804,1,315
1721,963,1804,1,319
1722,963,1804,1,323
1723,963,1804,1,326
1724,963,1804,1,322
1725,963,1804,1,326
1726,963,1804,1,326
1727,963,1804,1,319
1728,963,1804,1,326
1729,963,1804,1,310
1730,963,1804,1,321
1731,963,1804,1,311
1732,963,1804,1,331
1733,963,1804,1,331
1734,963,1805,1,308
1735,963,1805,1,329
1736,963,1805,1,4
1737,963,1805,1,2
1738,963,1805,1,357
1739,963,1805,1,354
1740,963,1805,1,336
1741,963,1805,1,328
1742,963,1805,1,356
1743,963,1805,1,351
1744,963,1805,1,347
1745,963,1804,1,324
1746,963,1804,1,342
1747,963,1805,1,331
1748,963,1805,1,305
1749,962,1805,1,312
1750,962,1805,1,311
1751,963,1805,1,310
1752,963,1804,1,322
1753,963,1805,1,336
1754,963,1804,1,333
1755,963,1804,1,345
1756,963,1805,1,346
1757,963,1805,1,335
1758,963,1805,1,332
1759,963,1805,1,327
1760,963,1805,1,337
1761,963,1805,1,333
1762,963,1805,1,319
1763,963,1804,1,323
1764,963,1804,1,311
1767,962,1804,1,52
1771,963,1804,1,339
1772,963,1804,1,324
1773,963,1804,1,328
1774,963,1804,1,340
1775,963,1804,1,341
1776,963,1804,1,343
1777,963,1805,1,349
1778,963,1805,1,347
1779,963,1805,1,325
1780,963,1806,1,346
1781,964,1806,1,21
1782,964,1806,1,23
1783,964,1806,1,23
1784,964,1806,1,34
1785,963,1805,1,34
1786,963,1806,1,42
1787,964,1806,1,58
1788,964,1806,1,74
1789,964,1806,1,66
1790,964,1806,1,63
1791,963,1805,1,44
1792,963,1805,1,10
1793,963,1805,1,7
1794,963,1805,1,1
1795,963,1805,1,346
1796,962,1805,1,343
1797,963,1805,1,341
1798,963,1804,1,328
1799,963,1804,1,328
1800,963,1804,1,312
1801,963,1804,1,312
1802,963,1804,1,312
1803,963,1804,1,315
1804,963,1804,1,312
1805,963,1804,1,310
1806,963,1804,1,319
1807,963,1804,1,316
1808,963,1805,1,315
1809,963,1804,1,320
1810,963,1804,1,323
1811,963,1804,1,323
1812,963,1804,1,316
1813,963,1804,1,321
1814,963,1804,1,320
1815,963,1804,1,312
1816,963,1804,1,311
1817,963,1804,1,308
1818,963,1804,1,306
1819,963,1804,1,311
1820,962,1804,1,299
1821,963,1804,1,296
1822,963,1804,1,301
1823,962,1804,1,303
1824,963,1804,1,303
1825,963,1804,1,312
1826,963,1804,1,312
1827,963,1804,1,325
1828,963,1804,1,314
1829,963,1805,1,314
1830,963,1804,1,318
1831,962,1804,1,312
1832,963,1804,1,323
1833,962,1804,1,312
1834,963,1804,1,312
1835,963,1804,1,312
1836,963,1804,1,312
1837,963,1804,1,307
1838,963,1804,1,307
1839,963,1805,1,315
1840,963,1804,1,307
1841,963,1804,1,315
1842,963,1804,1,312
1843,963,1804,1,311
1844,963,1804,1,319
1845,963,1804,1,309
1846,963,1804,1,311
1847,963,1804,1,305
1848,963,1804,1,318
1849,963,1804,1,312
1850,963,1804,1,309
1851,963,1804,1,309
1852,963,1804,1,318
1853,963,1804,1,318
1854,963,1804,1,300
1855,963,1804,1,302
1856,963,1804,1,295
1857,963,1804,1,320
1858,963,1804,1,309
1859,963,1804,1,309
1860,963,1804,1,307
1861,963,1804,1,303
1862,963,1804,1,306
1863,963,1804,1,300
1864,963,1804,1,307
1865,962,1804,1,311
1866,963,1804,1,306
1867,963,1804,1,307
1868,963,1804,1,312
1869,963,1804,1,295
1870,963,1804,1,304
1871,963,1804,1,311
1872,963,1804,1,312
1873,962,1804,1,311
1874,963,1804,1,314
1875,963,1804,1,315
1876,962,1804,1,312
1877,963,1805,1,320
1878,963,1804,1,323
1879,963,1805,1,328
1880,963,1805,1,325
1881,963,1805,1,319
1882,963,1805,1,323
1883,963,1805,1,321
1884,963,1804,1,322
1885,963,1804,1,324
1886,963,1804,1,312
1887,963,1804,1,310
1888,963,1804,1,312
1889,962,1804,1,314
1890,963,1804,1,316
1891,963,1804,1,317
1892,963,1804,1,314
1893,963,1805,1,306
1894,963,1805,1,300
1895,963,1805,1,303
1896,963,1804,1,302
1897,963,1805,1,316
1898,963,1806,1,321
1899,963,1805,1,318
1900,963,1804,1,295
1901,963,1805,1,288
1902,963,1805,1,309
1903,963,1805,1,310
1904,963,1805,1,313
1905,963,1805,1,310
1906,963,1805,1,304
1907,963,1805,1,304
1908,963,1804,1,319
1909,963,1804,1,321
1910,963,1805,1,329
1911,963,1805,1,324
1912,963,1804,1,313
1913,963,1804,1,325
1914,963,1805,1,320
1915,963,1805,1,311
1916,963,1805,1,318
1917,963,1804,1,323
1918,963,1804,1,323
1919,963,1804,1,312
1920,963,1804,1,312
1921,963,1804,1,312
1922,962,1804,1,315
1923,962,1804,1,314
1924,963,1804,1,312
1925,962,1804,1,298
1926,963,1804,1,288
1927,963,1804,1,295
1928,962,1804,1,297
1929,962,1804,1,297
1930,962,1804,1,309
1931,963,1804,1,325
1932,963,1804,1,311
1933,963,1804,1,320
1934,963,1804,1,309
1935,964,1804,1,313
1936,963,1804,1,309
1937,964,1805,1,336
1938,963,1804,1,308
1939,963,1804,1,296
1940,963,1804,1,301
1941,963,1804,1,299
1942,963,1805,1,295
1943,963,1804,1,308
1944,963,1804,1,319
1950,961,1801,1,325
1951,962,1804,1,306
1952,962,1804,1,299
1953,962,1804,1,295
1954,962,1804,1,296
1955,962,1804,1,311
1956,963,1804,1,291
1957,963,1804,1,299
1958,963,1804,1,298
1959,963,1804,1,302
1960,963,1804,1,304
1961,963,1804,1,296
1962,963,1804,1,292
1963,963,1804,1,294
1964,963,1804,1,309
1965,963,1804,1,325
1966,963,1804,1,323
1967,963,1804,1,313
1968,963,1804,1,304
1969,962,1804,1,315
1970,962,1804,1,312
1971,962,1804,1,304
1972,962,1804,1,317
1973,962,1804,1,319
1974,963,1804,1,322
1975,963,1804,1,327
1976,962,1804,1,310
1977,962,1804,1,306
1978,962,1804,1,310
1979,963,1804,1,309
1980,962,1804,1,312
1981,962,1804,1,312
1982,963,1804,1,320
1983,963,1804,1,310
1984,963,1804,1,308
1985,963,1804,1,310
1986,963,1804,1,311
1987,963,1805,1,307
1988,963,1805,1,302
1989,963,1804,1,315
1990,963,1804,1,331
1991,963,1804,1,318
1992,963,1804,1,321
1993,963,1804,1,327
1994,963,1804,1,317
1995,963,1804,1,313
1996,963,1804,1,312
1997,963,1804,1,324
1998,963,1804,1,312
1999,963,1804,1,312
2000,963,1804,1,312
2001,963,1804,1,312
2002,963,1804,1,315
2003,963,1804,1,311
2004,963,1804,1,313
2005,963,1804,1,308
2006,963,1804,1,315
2007,963,1804,1,311
2008,963,1804,1,312
2009,963,1804,1,311
2010,963,1804,1,314
2011,963,1804,1,312
2012,963,1804,1,311
2013,963,1804,1,311
2014,963,1804,1,325
2015,963,1804,1,318
2016,963,1804,1,312
2017,963,1804,1,314
2018,963,1804,1,309
2019,963,1804,1,312
2020,963,1804,1,300
2021,962,1804,1,309
2022,962,1805,1,328
2023,962,1804,1,311
2024,962,1805,1,325
2025,963,1805,1,341
2026,963,1805,1,355
2027,963,1804,1,329
2028,963,1804,1,309
2029,963,1804,1,313
2030,963,1804,1,324
2031,963,1804,1,323
2032,963,1804,1,319
2033,963,1804,1,324
2034,963,1804,1,324
2035,963,1804,1,324
2036,963,1804,1,312
2037,963,1804,1,315
2038,963,1804,1,321
2039,963,1804,1,312
2040,963,1804,1,309
2041,962,1804,1,319
2042,963,1804,1,310
2043,963,1804,1,320
2044,962,1804,1,322
2045,962,1804,1,308
2046,963,1805,1,311
2047,963,1805,1,311
2048,963,1805,1,306
2049,963,1805,1,313
2050,963,1804,1,307
2051,963,1803,1,311
2052,964,1803,1,319
2053,964,1803,1,306
2054,964,1804,1,299
2055,964,1804,1,299
2056,963,1804,1,296
2057,963,1804,1,295
2058,963,1804,1,276
2059,963,1804,1,286
2060,963,1804,1,286
2061,963,1804,1,288
2062,962,1804,1,298
2063,962,1804,1,295
2064,962,1804,1,291
2065,962,1804,1,297
2066,962,1804,1,297
2067,962,1804,1,297
2068,962,1804,1,297
2069,962,1804,1,299
2070,962,1804,1,299
2071,962,1804,1,305
2072,962,1804,1,309
2073,961,1804,1,300
2074,960,1803,1,302
2075,961,1804,1,305
2076,962,1804,1,300
2077,962,1804,1,296
2078,962,1804,1,299
2079,962,1804,1,297
2080,962,1804,1,298
2081,962,1804,1,297
2082,962,1804,1,309
2083,963,1804,1,312
2084,963,1804,1,303
2085,963,1804,1,303
2086,963,1804,1,311
2087,963,1804,1,308
2088,963,1804,1,312
2089,963,1804,1,301
2090,963,1804,1,304
2091,963,1804,1,311
2092,963,1804,1,300
2093,963,1804,1,315
2094,963,1804,1,328
2095,963,1804,1,315
2096,963,1804,1,319
2097,963,1804,1,314
2098,963,1804,1,306
2099,963,1804,1,309
2100,963,1804,1,301
2101,963,1804,1,311
2102,963,1804,1,312
2103,963,1804,1,321
2104,963,1804,1,321
2105,963,1804,1,324
2106,963,1804,1,309
2107,963,1804,1,325
2108,963,1804,1,334
2109,963,1804,1,327
2110,963,1804,1,328
2111,963,1804,1,314
2112,963,1804,1,324
2113,963,1804,1,312
2114,963,1804,1,312
2115,963,1804,1,312
2116,963,1804,1,312
2117,962,1804,1,310
2118,963,1804,1,312
2119,963,1804,1,319
2120,963,1804,1,319
2121,963,1804,1,323
2122,963,1804,1,312
2123,963,1804,1,312
2124,963,1804,1,317
2125,963,1804,1,312
2126,963,1804,1,312
2127,963,1804,1,323
2128,963,1804,1,323
2129,963,1804,1,324
2130,963,1804,1,323
2131,963,1804,1,312
2132,963,1804,1,312
2133,963,1804,1,319
2134,962,1804,1,312
2135,963,1804,1,312
2136,963,1804,1,312
2137,962,1804,1,312
2138,963,1804,1,309
2139,963,1804,1,315
2140,963,1804,1,312
2141,963,1804,1,309
2142,963,1804,1,323
2143,963,1804,1,312
2144,963,1804,1,319
2145,963,1804,1,324
2146,963,1804,1,314
2147,962,1804,1,308
2148,963,1804,1,309
2149,963,1804,1,312
2150,963,1804,1,312
2151,963,1804,1,312
2152,963,1804,1,312
2153,963,1804,1,312
2154,962,1804,1,310
2155,963,1804,1,309
2156,963,1804,1,312
2157,962,1804,1,310
2158,963,1804,1,312
2159,963,1804,1,312
2160,963,1804,1,312
2161,963,1804,1,312
2162,963,1804,1,315
2163,963,1804,1,312
2164,963,1804,1,312
2165,963,1804,1,323
2166,963,1804,1,312
2167,963,1804,1,312
2168,963,1804,1,312
2169,963,1804,1,309
2170,963,1804,1,309
2171,963,1804,1,312
2172,963,1804,1,312
2173,963,1804,1,309
2174,963,1804,1,309
2175,963,1804,1,307
2176,963,1804,1,308
2177,963,1804,1,309
2178,963,1804,1,315
2179,963,1804,1,315
2180,963,1805,1,308
2181,963,1804,1,307
2182,963,1804,1,310
2183,963,1805,1,314
2184,963,1804,1,279
2185,962,1804,1,302
2188,963,1807,1,40
2189,963,1806,1,31
2190,964,1806,1,40
2191,964,1806,1,64
2192,964,1806,1,67
2198,964,1806,1,52
2199,963,1805,1,76
2202,963,1804,1,317
2203,963,1804,1,296
2204,963,1804,1,299
2205,963,1804,1,321
2206,963,1804,1,333
2207,963,1804,1,319
2208,963,1804,1,315
2209,963,1804,1,322
2210,963,1804,1,290
2211,963,1804,1,313
2212,963,1804,1,288
2213,963,1804,1,304
2214,963,1804,1,309
2215,962,1804,1,329
2216,962,1804,1,297
2217,963,1804,1,293
2218,963,1804,1,302
2219,962,1804,1,298
2220,962,1805,1,292
2221,962,1805,1,285
2222,962,1805,1,279
2223,962,1805,1,310
2224,962,1805,1,309
2225,962,1805,1,308
2226,962,1805,1,294
2227,962,1805,1,302
2228,962,1805,1,304
2229,962,1805,1,309
2230,962,1805,1,305
2231,962,1805,1,309
2232,962,1804,1,320
2233,962,1804,1,302
2234,962,1804,1,292
2235,962,1804,1,288
2236,962,1804,1,294
2237,962,1804,1,324
2238,962,1804,1,309
2239,962,1804,1,329
2240,962,1804,1,305
2241,962,1804,1,336
2244,962,1805,1,300
2245,962,1804,1,315
2246,962,1804,1,307
2247,962,1804,1,282
2248,962,1804,1,316
2249,962,1804,1,321
2250,962,1804,1,321
2251,962,1804,1,299
2252,962,1804,1,298
2253,962,1804,1,320
2254,962,1804,1,310
2255,962,1804,1,313
2256,962,1804,1,302
2257,962,1805,1,307
2258,961,1804,1,298
2259,961,1804,1,305
2260,962,1804,1,304
2261,962,1804,1,315
2262,962,1804,1,305
2263,962,1804,1,286
2264,962,1805,1,322
2269,964,1806,1,77
2270,964,1806,1,84
2271,963,1807,1,74
2280,961,1802,1,73
2281,960,1801,1,61
2298,959,1802,1,29
2301,962,1804,1,294
2302,962,1804,1,304
2303,962,1804,1,318
2304,962,1804,1,290
2305,962,1804,1,281
2306,962,1804,1,277
2307,962,1804,1,62
2310,963,1804,1,337
2311,962,1804,1,322
2312,962,1804,1,312
2313,961,1804,1,292
2317,962,1804,1,306
2318,962,1804,1,308
2319,962,1804,1,321
2320,962,1804,1,322
2321,961,1804,1,297
2322,962,1804,1,324
2323,962,1804,1,309
2324,962,1804,1,297
2325,962,1804,1,296
2326,962,1804,1,284
2327,962,1804,1,311
2328,962,1804,1,305
2329,962,1802,1,322
2330,961,1801,1,338
2331,961,1800,1,345
2332,961,1802,1,341
2333,961,1801,1,4
2334,961,1801,1,12
2335,961,1801,1,341
2336,961,1802,1,358
2337,962,1803,1,318
2338,962,1804,1,304
2339,962,1804,1,310
2342,963,1804,1,304
2343,963,1804,1,310
2346,963,1804,1,313
2347,963,1804,1,329
2348,963,1804,1,5
2349,963,1804,1,345
2350,963,1804,1,3
2351,963,1804,1,0
2352,963,1804,1,347
2353,963,1804,1,318
2354,963,1804,1,291
2357,963,1804,1,303
2358,962,1804,1,308
2359,962,1804,1,309
2360,962,1804,1,288
2361,963,1804,1,286
2362,962,1804,1,319
2363,962,1804,1,314
2367,963,1804,1,11
2368,963,1804,1,11
2371,963,1804,1,12
2372,963,1805,1,350
2373,963,1805,1,9
2374,963,1805,1,26
2375,963,1804,1,31
2378,965,1806,1,53
2379,965,1806,1,31
2380,966,1806,1,38
2381,965,1806,1,41
2382,964,1806,1,58
2383,963,1806,1,76
2384,963,1806,1,69
2385,962,1805,1,282
2387,961,1802,1,4
2388,959,1802,1,336
2389,961,1804,1,319
2390,962,1805,1,327
2391,960,1804,1,297
2392,959,1803,1,337
2396,961,1805,1,55
2400,963,1804,1,322
2401,962,1804,1,300
2402,962,1805,1,292
2403,962,1805,1,306
2404,962,1804,1,307
2405,962,1804,1,307
2406,962,1804,1,305
2407,962,1804,1,305
2408,962,1804,1,304
2409,961,1804,1,282
2410,961,1804,1,294
2411,960,1803,1,288
2412,960,1803,1,267
2413,960,1802,1,249
2419,962,1805,1,314
2424,962,1803,1,307
2425,961,1803,1,328
2426,961,1803,1,348
2427,961,1802,1,344
2428,961,1802,1,352
2429,961,1801,1,335
2430,962,1801,1,334
2431,961,1799,1,321
2432,962,1799,1,325
2433,962,1802,1,304
2434,962,1803,1,320
2435,962,1803,1,310
2436,963,1803,1,309
2437,963,1803,1,309
2438,963,1803,1,325
2439,963,1803,1,312
2440,963,1804,1,312
2441,963,1804,1,305
2442,962,1804,1,307
2443,962,1805,1,313
2444,962,1806,1,322
2445,962,1806,1,317
2446,963,1806,1,319
2447,963,1807,1,318
2448,963,1805,1,293
2449,963,1805,1,288
2452,963,1804,1,318
2453,963,1804,1,328
2455,964,1805,1,241
2456,963,1804,1,262
2457,963,1805,1,270
2458,963,1805,1,277
2459,963,1805,1,306
2460,963,1805,1,333
2461,963,1804,1,331
2462,963,1804,1,323
2463,963,1804,1,325
2464,963,1804,1,318
2465,963,1804,1,323
2466,963,1804,1,329
2467,963,1804,1,328
2468,963,1804,1,296
2469,963,1804,1,312
2470,963,1804,1,339
2471,963,1804,1,335
2472,963,1804,1,300
2473,963,1804,1,288
2474,963,1804,1,297
2475,963,1804,1,311
2476,963,1804,1,311
2477,963,1804,1,318
2478,963,1804,1,307
2479,963,1804,1,311
2480,963,1804,1,313
2481,963,1804,1,313
2482,963,1804,1,311
2483,962,1804,1,316
2484,962,1804,1,311
2485,963,1804,1,311
2486,963,1804,1,311
2487,963,1804,1,312
2488,963,1804,1,316
2489,963,1804,1,311
2490,963,1804,1,311
2491,963,1804,1,315
2492,963,1804,1,311
2493,963,1804,1,311
2494,963,1804,1,318
2495,963,1804,1,329
2496,963,1804,1,315
2497,963,1804,1,311
2498,963,1804,1,315
2499,963,1804,1,311
2500,963,1804,1,313
2501,963,1804,1,311
2502,963,1804,1,313
2503,963,1804,1,312
2504,963,1804,1,311
2505,963,1804,1,314
2506,963,1804,1,313
2507,962,1804,1,315
2508,963,1804,1,317
2509,963,1804,1,307
2510,963,1804,1,315
2511,963,1804,1,309
2512,963,1804,1,302
2513,963,1804,1,269
2514,963,1804,1,304
2515,963,1804,1,300
2516,963,1804,1,300
2517,963,1804,1,311
2518,963,1804,1,311
2521,963,1804,1,98
2522,963,1804,1,112
2523,963,1804,1,73
2524,963,1805,1,74
2525,963,1805,1,59
2526,963,1805,1,27
2527,963,1805,1,5
2528,963,1805,1,9
2529,963,1805,1,350
2530,963,1804,1,5
2531,963,1804,1,350
2532,962,1804,1,339
2533,963,1805,1,321
2536,963,1805,1,77
2537,963,1805,1,51
2538,962,1805,1,75
2541,961,1804,1,277
2542,960,1803,1,275
2543,958,1802,1,85
2544,960,1803,1,279
2545,960,1803,1,271
2546,960,1803,1,281
2547,960,1803,1,299
2548,958,1803,1,284
2565,909,1773,1,46
2578,1065,1807,1,316
2605,858,1890,1,17
2621,671,1963,1,333
2622,671,1963,1,305
2623,671,1963,1,287
2626,671,1964,1,49
2627,671,1964,1,67
2628,672,1964,1,69
2634,671,1963,1,285
2638,672,1964,1,287
2639,672,1964,1,72
2640,671,1964,1,68
2641,671,1964,1,57
2642,671,1964,1,272
2643,671,1964,1,82
2644,671,1964,1,66
2645,671,1964,1,62
2646,671,1965,1,54
2648,672,1964,1,47
2649,671,1963,1,45
2650,671,1963,1,62
2651,671,1963,1,55
2652,671,1963,1,45
2653,671,1963,1,60
2654,671,1964,1,48
2655,671,1964,1,49
2656,671,1963,1,46
2657,671,1963,1,41
2658,671,1963,1,47
2659,671,1963,1,41
2660,671,1963,1,47
2661,671,1963,1,51
2662,671,1963,1,46
2663,671,1964,1,54
2664,671,1963,1,47
2665,671,1963,1,65
2666,671,1963,1,47
2667,671,1963,1,41
2668,671,1963,1,47
2669,671,1963,1,41
2670,671,1963,1,65
2671,671,1963,1,62
2672,671,1963,1,41
2673,671,1963,1,41
2674,671,1963,1,47
2675,671,1963,1,41
2676,671,1963,1,41
2677,671,1963,1,41
2678,671,1963,1,41
2679,671,1963,1,49
2680,671,1964,1,35
2681,671,1964,1,49
2682,671,1963,1,41
2683,671,1963,1,41
2684,671,1963,1,46
2685,671,1964,1,43
2686,671,1964,1,41
2687,671,1963,1,43
2688,671,1963,1,47
2689,671,1963,1,41
2690,672,1963,1,71
2691,671,1963,1,41
2692,671,1963,1,41
2693,671,1963,1,41
2694,671,1963,1,41
2695,671,1963,1,41
2696,671,1963,1,60
2697,671,1964,1,54
2698,671,1963,1,41
2699,671,1963,1,45
2700,671,1963,1,45
2701,671,1963,1,41
2702,671,1963,1,41
2703,671,1963,1,54
2704,671,1963,1,47
2705,671,1963,1,47
2706,671,1963,1,47
2707,671,1963,1,41
2708,671,1963,1,41
2709,671,1964,1,60
2710,671,1963,1,41
2711,671,1963,1,62
2712,671,1963,1,41
2713,671,1963,1,41
2714,671,1963,1,45
2715,671,1963,1,41
2716,671,1963,1,47
2717,671,1964,1,54
2718,671,1964,1,48
2719,671,1963,1,41
2720,671,1963,1,45
2721,671,1963,1,47
2722,671,1963,1,47
2723,671,1964,1,48
2724,671,1964,1,35
2725,671,1964,1,42
2726,671,1963,1,54
2727,671,1963,1,47
2728,671,1964,1,43
2729,671,1964,1,35
2730,671,1964,1,35
2731,671,1963,1,49
2732,671,1963,1,47
2733,671,1963,1,41
2734,671,1964,1,48
2735,671,1963,1,55
2736,671,1963,1,65
2737,671,1963,1,45
2738,671,1964,1,67
2739,671,1963,1,64
2740,671,1963,1,45
2741,671,1963,1,47
2742,671,1963,1,41
2743,671,1964,1,75
2744,671,1963,1,41
2745,671,1963,1,47
2746,671,1963,1,45
2747,671,1963,1,47
2748,671,1963,1,45
2749,671,1963,1,41
2750,671,1963,1,68
2751,671,1963,1,45
2752,671,1963,1,41
2753,671,1963,1,58
2754,671,1963,1,62
2755,671,1963,1,41
2756,671,1963,1,67
2757,672,1964,1,65
2758,671,1963,1,41
2759,671,1964,1,34
2760,671,1964,1,46
2761,672,1963,1,67
2762,671,1963,1,45
2763,671,1964,1,70
2764,671,1963,1,34
2767,671,1964,1,63
2768,671,1964,1,90
2787,960,1890,1,26
2794,857,1891,1,308
2829,704,1589,1,14
2835,727,1606,1,319
2836,726,1606,1,315
2844,703,1590,1,45
2847,705,1590,1,315
2851,705,1588,1,70
2868,937,1728,1,6
2891,963,1805,1,329
2892,963,1805,1,333
2895,963,1804,1,347
2896,963,1804,1,334
2897,963,1804,1,335
2898,963,1804,1,312
2899,963,1804,1,335
2900,963,1804,1,307
2901,963,1804,1,302
2902,963,1804,1,297
2903,963,1804,1,305
2904,963,1804,1,311
2905,963,1804,1,309
2906,963,1804,1,324
2907,963,1804,1,329
2908,963,1804,1,324
2909,963,1804,1,323
2910,963,1804,1,323
2911,963,1804,1,332
2912,963,1804,1,324
2913,963,1804,1,310
2914,963,1804,1,295
2915,963,1804,1,301
2916,963,1804,1,301
2917,963,1804,1,320
2918,963,1804,1,326
2919,963,1804,1,340
2920,963,1804,1,329
2921,963,1804,1,329
2922,963,1804,1,334
2923,963,1804,1,328
2924,963,1804,1,328
2925,963,1804,1,326
2926,963,1804,1,315
2927,963,1804,1,320
2928,963,1804,1,326
2929,963,1804,1,321
2930,963,1804,1,318
2931,963,1804,1,321
2932,963,1804,1,318
2933,963,1804,1,335
2934,963,1804,1,329
2935,963,1804,1,313
2936,963,1804,1,310
2937,963,1804,1,307
2938,963,1804,1,311
2939,963,1804,1,308
2940,963,1804,1,311
2941,963,1804,1,312
2942,963,1804,1,312
2943,963,1804,1,308
2944,963,1804,1,313
2945,963,1804,1,307
2946,963,1804,1,309
2947,963,1804,1,313
2948,963,1804,1,313
2949,963,1804,1,316
2950,963,1805,1,324
2954,963,1805,1,298
2955,963,1805,1,298
2956,963,1805,1,311
2957,963,1805,1,311
2958,963,1805,1,321
2959,963,1805,1,320
2960,963,1804,1,328
2961,963,1804,1,319
2962,963,1805,1,314
2963,963,1805,1,320
2964,963,1804,1,338
2965,963,1805,1,333
2966,963,1804,1,344
2967,963,1804,1,312
2968,963,1804,1,310
2969,963,1805,1,308
2970,963,1805,1,301
2971,963,1804,1,308
2972,964,1804,1,295
2973,963,1803,1,309
2974,964,1803,1,317
2994,884,1576,1,334
