0,699,1982,1,298
1,699,1982,1,307
2,699,1982,1,307
3,699,1982,1,310
4,699,1982,1,309
5,699,1982,1,307
6,699,1982,1,315
7,699,1982,1,313
8,699,1982,1,310
9,699,1982,1,309
10,699,1982,1,314
11,699,1982,1,305
12,699,1982,1,312
13,699,1982,1,314
14,699,1982,1,312
15,699,1982,1,320
16,699,1982,1,317
17,699,1982,1,322
18,699,1982,1,315
19,699,1982,1,330
20,699,1982,1,317
21,699,1982,1,322
22,699,1982,1,313
23,699,1982,1,305
24,699,1982,1,293
25,699,1982,1,317
26,699,1982,1,300
27,699,1982,1,322
28,699,1982,1,323
29,699,1982,1,324
30,699,1982,1,323
31,699,1982,1,331
32,699,1982,1,317
33,699,1982,1,320
34,699,1982,1,316
35,699,1982,1,317
36,699,1982,1,313
37,699,1982,1,313
38,699,1982,1,310
39,700,1982,1,315
40,700,1982,1,306
41,699,1982,1,306
42,700,1982,1,309
43,699,1982,1,306
44,699,1982,1,306
45,699,1982,1,302
46,699,1982,1,306
47,699,1982,1,313
48,699,1982,1,312
49,699,1982,1,326
50,700,1983,1,333
51,700,1983,1,328
52,700,1983,1,295
53,700,1982,1,308
54,699,1982,1,301
55,699,1983,1,317
56,699,1983,1,307
59,699,1982,1,316
60,699,1983,1,307
61,699,1983,1,307
62,699,1982,1,318
63,699,1982,1,329
64,699,1982,1,324
65,699,1982,1,317
66,699,1982,1,311
67,699,1982,1,314
68,699,1982,1,310
69,699,1982,1,317
70,699,1982,1,314
71,700,1982,1,311
72,700,1982,1,314
73,700,1983,1,321
74,700,1982,1,324
75,700,1982,1,323
76,700,1982,1,318
77,700,1982,1,307
78,700,1982,1,312
79,699,1982,1,311
80,700,1982,1,314
81,700,1983,1,318
82,699,1982,1,315
83,699,1982,1,308
84,699,1982,1,296
85,699,1982,1,291
86,699,1982,1,279
87,698,1982,1,267
88,698,1982,1,275
89,699,1982,1,284
90,699,1981,1,289
91,699,1981,1,293
92,699,1981,1,294
93,698,1981,1,294
94,699,1981,1,275
95,699,1981,1,281
96,699,1981,1,281
97,699,1982,1,286
98,699,1982,1,298
99,699,1982,1,289
100,699,1982,1,292
101,699,1982,1,297
102,699,1982,1,298
103,700,1982,1,293
104,701,1984,1,284
105,700,1984,1,281
106,700,1983,1,293
107,699,1982,1,306
108,699,1982,1,298
109,699,1982,1,311
110,699,1982,1,308
111,699,1982,1,305
112,699,1983,1,295
113,700,1983,1,294
114,699,1982,1,300
115,699,1982,1,298
116,700,1982,1,296
117,699,1982,1,301
118,699,1982,1,299
119,699,1982,1,292
120,700,1982,1,295
121,700,1982,1,298
122,700,1982,1,291
123,701,1983,1,292
124,701,1983,1,290
125,701,1983,1,292
126,700,1982,1,292
127,699,1982,1,307
128,699,1982,1,306
129,699,1982,1,296
130,700,1982,1,302
131,699,1982,1,301
132,699,1982,1,299
133,699,1982,1,299
134,700,1982,1,306
135,699,1982,1,306
136,699,1982,1,298
137,699,1982,1,297
138,700,1982,1,305
139,699,1982,1,299
140,699,1982,1,296
141,699,1983,1,288
142,699,1983,1,292
143,699,1982,1,291
144,699,1982,1,292
145,699,1982,1,289
146,699,1982,1,295
147,699,1982,1,286
152,699,1981,0,310
156,699,1982,1,334
159,698,1981,1,2
160,699,1981,1,5
161,699,1981,1,11
162,699,1981,1,24
163,699,1981,1,30
165,698,1979,1,30
168,698,1980,1,289
169,698,1980,1,316
170,699,1981,1,323
171,699,1981,1,329
172,699,1982,1,332
173,699,1981,1,315
174,699,1981,1,325
177,699,1982,1,1
178,699,1982,1,326
179,699,1982,1,315
180,699,1982,1,311
181,699,1981,1,303
182,699,1981,1,296
183,699,1981,1,308
184,699,1982,1,312
185,699,1981,1,317
186,699,1981,1,309
187,699,1981,1,318
188,699,1981,1,305
189,698,1980,1,307
192,698,1981,1,327
193,698,1981,1,315
194,698,1981,1,347
200,697,1982,1,301
201,698,1982,1,298
202,697,1983,1,293
203,697,1982,1,314
204,698,1982,1,331
205,698,1982,1,317
206,697,1982,1,311
207,697,1982,1,304
208,697,1981,1,307
209,698,1982,1,306
210,698,1981,1,304
211,697,1981,1,306
212,697,1981,1,306
213,697,1981,1,312
214,697,1982,1,297
215,696,1982,1,278
219,697,1983,1,281
220,696,1982,1,294
221,698,1981,1,323
222,699,1982,1,312
223,699,1981,1,313
224,699,1981,1,318
225,699,1981,1,301
226,699,1981,1,314
227,699,1981,1,302
228,699,1981,1,317
229,698,1981,1,309
230,699,1981,1,321
231,698,1981,1,302
232,698,1981,1,311
233,699,1981,1,309
234,699,1981,1,321
235,699,1981,1,322
236,698,1981,1,320
237,699,1981,1,317
238,698,1981,1,322
239,699,1981,1,314
240,699,1981,1,326
241,699,1981,1,327
242,699,1981,1,329
243,699,1982,1,319
244,699,1982,1,325
245,700,1983,1,298
253,701,1983,1,280
254,700,1983,1,71
257,702,1983,0,38
258,701,1983,1,25
259,702,1983,1,30
260,702,1983,1,18
263,701,1984,1,275
264,702,1984,1,55
265,702,1984,1,50
266,701,1984,1,43
267,701,1983,1,21
268,701,1983,1,45
269,701,1983,1,28
270,701,1983,1,37
271,701,1983,1,21
276,700,1982,1,312
277,699,1982,1,314
278,699,1981,1,303
279,699,1981,1,304
280,699,1982,1,310
281,699,1982,1,306
282,699,1982,1,314
283,699,1982,1,314
284,699,1982,1,315
285,699,1981,1,301
286,699,1982,1,305
287,699,1981,1,300
288,699,1981,1,306
289,699,1982,1,308
290,699,1981,1,307
291,699,1981,1,309
292,699,1982,1,310
295,702,1984,1,45
296,702,1984,1,34
297,702,1985,1,32
298,701,1987,1,26
299,700,1986,1,12
300,700,1985,1,11
301,700,1984,1,341
306,701,1983,1,268
307,701,1983,1,291
308,701,1982,1,291
309,700,1982,1,300
310,700,1982,1,303
311,699,1982,1,309
312,699,1982,1,311
313,699,1982,1,306
314,699,1982,1,308
315,699,1982,1,303
316,699,1982,1,307
317,699,1981,1,308
318,699,1982,1,303
319,699,1982,1,305
320,699,1982,1,305
321,699,1982,1,305
322,699,1982,1,311
323,699,1982,1,310
324,699,1982,1,309
325,700,1982,1,319
326,699,1982,1,308
327,699,1982,1,308
328,700,1982,1,320
329,699,1982,1,317
330,699,1982,1,314
331,699,1982,1,305
332,700,1982,1,309
333,700,1982,1,313
334,700,1982,1,310
335,700,1982,1,307
336,700,1982,1,302
337,699,1982,1,312
338,700,1982,1,314
339,700,1982,1,323
340,700,1982,1,319
341,700,1982,1,319
342,700,1982,1,300
343,700,1982,1,308
344,700,1982,1,316
345,700,1982,1,321
346,700,1982,1,316
347,700,1982,1,320
348,700,1982,1,313
349,700,1982,1,321
350,700,1982,1,331
351,700,1983,1,317
352,700,1983,1,338
353,700,1984,1,344
354,700,1985,1,347
355,700,1985,1,354
356,700,1985,1,341
357,700,1984,1,336
358,700,1984,1,351
359,701,1984,1,348
360,700,1984,1,322
361,700,1985,1,329
362,700,1986,1,331
363,700,1984,1,330
364,700,1984,1,10
367,700,1984,1,325
368,700,1984,1,326
369,700,1983,1,342
372,700,1987,1,29
373,700,1988,1,356
374,701,1988,1,7
375,701,1987,1,18
376,701,1987,1,16
377,701,1986,1,38
378,701,1984,1,49
379,702,1984,1,33
380,702,1984,1,37
381,702,1984,1,38
382,702,1984,1,48
383,702,1984,1,46
384,702,1984,1,84
385,702,1984,1,93
386,702,1984,1,97
387,703,1985,1,105
388,703,1983,1,108
389,704,1984,1,104
390,704,1983,1,108
391,703,1983,1,113
392,703,1983,1,113
393,703,1983,1,119
394,702,1982,1,112
395,702,1982,1,116
396,702,1982,1,117
397,702,1982,1,123
398,701,1982,1,122
399,702,1982,1,122
400,701,1982,1,121
401,701,1981,1,129
402,700,1981,1,126
403,700,1981,1,134
404,700,1982,1,141
405,700,1982,1,135
406,700,1982,1,139
407,701,1982,1,127
408,702,1983,1,113
416,700,1982,1,327
417,699,1982,1,289
418,698,1981,1,314
419,697,1980,1,308
420,697,1980,1,290
425,699,1981,1,350
426,699,1982,1,345
427,699,1981,1,336
428,699,1981,1,331
429,698,1981,1,329
430,698,1981,1,326
431,699,1981,1,326
432,698,1981,1,346
433,698,1981,1,3
434,698,1980,1,335
435,698,1981,1,316
436,698,1981,1,307
437,698,1981,1,315
438,699,1981,1,324
439,699,1981,1,322
440,699,1981,1,311
441,698,1981,1,327
442,698,1981,1,315
443,698,1981,1,328
444,698,1981,1,329
445,698,1981,1,335
446,698,1981,1,335
447,698,1981,1,325
448,698,1980,1,343
449,698,1980,1,330
450,699,1980,1,322
451,699,1980,1,331
452,698,1980,1,322
453,698,1980,1,326
454,698,1981,1,310
455,699,1981,1,318
456,700,1982,1,278
457,700,1981,1,264
458,700,1981,1,275
459,698,1980,1,314
460,698,1979,1,312
461,698,1979,1,316
462,698,1980,1,316
463,697,1980,1,305
468,700,1982,1,21
469,699,1982,1,36
470,699,1983,1,46
473,700,1983,1,2
476,701,1983,1,287
479,702,1983,1,290
480,702,1982,1,305
481,702,1982,1,301
482,702,1982,1,303
483,702,1981,1,304
484,702,1981,1,305
485,702,1981,1,305
486,701,1981,1,314
487,701,1981,1,314
488,701,1982,1,317
489,701,1981,1,321
490,700,1981,1,320
491,701,1982,1,316
492,701,1982,1,314
493,701,1982,1,312
494,701,1981,1,315
495,701,1981,1,317
496,701,1981,1,322
497,701,1981,1,316
498,701,1982,1,320
499,701,1982,1,313
500,701,1982,1,313
501,701,1982,1,316
502,700,1982,1,318
503,699,1982,1,313
504,699,1982,1,318
505,700,1982,1,318
506,700,1982,1,300
507,700,1982,1,305
508,700,1982,1,304
509,699,1982,1,303
510,699,1981,1,298
511,699,1981,1,303
512,699,1981,1,293
513,699,1981,1,314
514,699,1981,1,323
515,699,1981,1,316
516,699,1981,1,299
517,699,1981,1,303
518,699,1981,1,311
519,699,1981,1,314
520,699,1981,1,300
521,699,1981,1,307
522,699,1981,1,332
523,699,1981,1,336
524,699,1981,1,328
525,699,1982,1,321
526,699,1982,1,318
527,699,1981,1,316
528,699,1982,1,319
529,699,1982,1,318
530,700,1982,1,317
531,700,1982,1,324
532,700,1982,1,311
533,700,1982,1,312
534,700,1982,1,312
535,700,1982,1,310
536,700,1982,1,304
537,700,1982,1,312
538,700,1982,1,321
539,700,1982,1,316
540,700,1982,1,312
541,700,1982,1,307
542,700,1982,1,303
543,700,1982,1,301
544,700,1982,1,301
545,700,1982,1,310
546,700,1982,1,318
547,700,1982,1,317
548,700,1982,1,333
549,699,1981,1,322
550,699,1981,1,320
551,700,1981,1,317
552,699,1981,1,326
553,699,1981,1,316
554,699,1982,1,322
555,699,1982,1,320
556,699,1982,1,316
557,700,1982,1,319
558,700,1982,1,318
559,700,1982,1,316
560,699,1982,1,298
561,699,1982,1,321
562,699,1982,1,306
563,699,1982,1,296
564,699,1982,1,300
565,699,1982,1,301
566,699,1982,1,306
567,699,1982,1,312
568,699,1982,1,325
569,699,1982,1,306
570,699,1982,1,311
571,699,1982,1,319
572,699,1982,1,310
573,699,1982,1,312
574,699,1982,1,301
575,699,1982,1,313
576,699,1982,1,314
577,699,1982,1,307
578,699,1982,1,311
579,699,1982,1,298
580,699,1982,1,302
581,699,1982,1,306
582,699,1982,1,306
583,699,1982,1,308
584,699,1982,1,305
585,699,1982,1,296
586,699,1982,1,293
587,699,1982,1,293
588,699,1982,1,295
589,699,1982,1,295
590,699,1982,1,301
591,699,1982,1,302
592,699,1982,1,303
593,699,1982,1,307
594,699,1982,1,303
595,699,1982,1,289
596,699,1982,1,295
597,699,1982,1,297
598,699,1982,1,302
599,699,1982,1,306
600,699,1982,1,307
601,699,1982,1,311
602,699,1982,1,315
603,699,1982,1,324
604,700,1982,1,330
605,700,1982,1,324
606,700,1982,1,318
607,700,1983,1,314
608,700,1983,1,314
609,700,1983,1,305
610,700,1982,1,313
611,699,1982,1,334
612,699,1982,1,322
613,699,1982,1,325
614,699,1982,1,322
615,700,1982,1,323
616,699,1982,1,325
617,699,1982,1,322
618,699,1982,1,305
619,699,1982,1,311
620,699,1982,1,312
621,699,1982,1,307
622,699,1982,1,312
623,700,1982,1,315
624,700,1982,1,320
625,700,1982,1,322
626,699,1982,1,323
627,699,1982,1,318
628,699,1982,1,319
629,699,1982,1,318
630,699,1982,1,314
631,699,1982,1,310
632,699,1982,1,308
633,699,1982,1,307
634,699,1982,1,299
635,699,1982,1,311
636,699,1982,1,296
637,699,1982,1,300
638,699,1982,1,306
639,699,1982,1,310
640,699,1982,1,301
641,699,1982,1,311
642,699,1982,1,299
643,699,1982,1,304
644,699,1982,1,299
645,699,1982,1,295
646,700,1982,1,304
647,700,1982,1,303
648,700,1982,1,307
649,700,1982,1,309
650,700,1982,1,311
651,700,1982,1,307
652,700,1982,1,302
653,700,1982,1,311
654,700,1982,1,318
655,700,1982,1,320
656,700,1982,1,320
657,700,1982,1,317
658,700,1982,1,310
659,700,1982,1,313
660,699,1982,1,319
661,700,1982,1,319
662,700,1982,1,319
663,700,1982,1,324
664,699,1982,1,314
665,699,1982,1,322
666,700,1982,1,322
667,700,1982,1,313
668,700,1982,1,306
669,700,1982,1,313
670,699,1982,1,323
671,699,1982,1,324
672,700,1982,1,316
673,700,1982,1,326
674,699,1982,1,315
675,700,1982,1,319
676,700,1982,1,337
677,699,1982,1,312
678,699,1982,1,317
679,700,1982,1,321
680,700,1982,1,321
681,700,1983,1,321
682,700,1982,1,317
683,700,1982,1,313
684,699,1982,1,291
685,700,1982,1,284
686,700,1982,1,300
687,700,1982,1,295
688,700,1982,1,300
689,700,1982,1,310
690,700,1982,1,298
691,700,1982,1,301
692,700,1982,1,307
693,700,1983,1,313
694,700,1983,1,312
695,700,1982,1,304
696,700,1982,1,300
697,700,1982,1,302
698,700,1982,1,297
699,700,1982,1,307
700,700,1982,1,302
701,700,1982,1,297
702,700,1982,1,303
703,700,1982,1,300
704,700,1982,1,290
705,700,1982,1,296
706,700,1982,1,304
707,700,1982,1,297
708,700,1982,1,295
709,699,1982,1,290
710,699,1982,1,301
711,700,1982,1,306
712,700,1982,1,298
713,699,1982,1,301
714,699,1982,1,298
715,700,1982,1,312
716,699,1982,1,308
717,699,1982,1,295
718,699,1982,1,301
719,699,1982,1,300
720,699,1982,1,297
721,699,1982,1,293
722,699,1982,1,293
723,699,1982,1,284
724,699,1982,1,299
725,699,1982,1,292
726,699,1982,1,293
727,699,1982,1,300
728,699,1982,1,299
729,699,1982,1,305
730,699,1982,1,298
731,699,1982,1,298
732,699,1982,1,300
733,699,1982,1,310
734,699,1982,1,314
735,699,1982,1,311
736,699,1982,1,308
737,699,1982,1,303
738,699,1982,1,292
739,699,1982,1,293
740,699,1982,1,311
741,699,1982,1,302
742,699,1982,1,302
743,699,1982,1,293
744,699,1982,1,293
745,699,1982,1,303
746,699,1982,1,306
747,699,1981,1,300
748,700,1982,1,309
749,700,1982,1,295
750,699,1982,1,294
751,699,1982,1,285
752,699,1982,1,303
753,699,1982,1,307
754,699,1982,1,302
755,699,1982,1,303
756,699,1982,1,294
757,699,1982,1,296
758,699,1982,1,304
759,699,1982,1,298
760,699,1982,1,301
761,699,1982,1,311
762,699,1982,1,306
763,699,1982,1,313
764,699,1982,1,299
765,700,1982,1,316
766,700,1982,1,319
767,700,1982,1,322
768,700,1982,1,319
769,699,1982,1,310
770,699,1982,1,296
771,699,1982,1,286
772,699,1982,1,296
773,699,1982,1,295
774,700,1982,1,310
775,700,1982,1,312
776,700,1982,1,310
777,699,1982,1,323
778,699,1982,1,322
779,699,1982,1,315
780,699,1982,1,307
781,699,1982,1,315
782,699,1982,1,312
783,699,1982,1,309
784,699,1982,1,308
785,699,1982,1,318
786,699,1982,1,317
787,699,1982,1,313
788,699,1982,1,308
789,699,1982,1,314
790,699,1982,1,316
791,699,1982,1,321
792,699,1982,1,316
793,699,1982,1,317
794,699,1982,1,313
795,699,1982,1,320
796,699,1982,1,312
797,699,1982,1,305
798,699,1982,1,302
799,699,1982,1,310
800,699,1982,1,304
801,699,1982,1,302
802,699,1982,1,306
803,699,1982,1,301
804,699,1982,1,296
805,699,1982,1,292
806,699,1982,1,295
807,699,1982,1,295
808,699,1982,1,295
809,699,1982,1,304
810,699,1982,1,299
811,699,1982,1,305
812,699,1982,1,308
813,699,1982,1,301
814,699,1982,1,293
815,699,1982,1,308
816,700,1982,1,313
817,700,1982,1,322
818,700,1982,1,308
819,700,1982,1,301
820,699,1982,1,309
821,700,1982,1,306
822,699,1982,1,308
823,699,1982,1,301
824,699,1982,1,297
825,699,1982,1,300
826,699,1982,1,311
827,699,1982,1,323
828,699,1982,1,321
829,699,1982,1,304
830,699,1982,1,314
831,699,1982,1,323
832,699,1982,1,316
833,699,1982,1,318
834,699,1982,1,318
835,699,1982,1,318
836,699,1982,1,318
837,699,1982,1,317
838,699,1982,1,320
839,700,1982,1,309
840,700,1982,1,313
841,700,1982,1,313
842,700,1982,1,308
843,700,1982,1,316
844,700,1982,1,318
845,700,1982,1,320
846,700,1982,1,309
847,700,1982,1,307
848,700,1982,1,309
849,700,1982,1,310
850,700,1982,1,313
851,700,1982,1,309
852,700,1982,1,301
853,700,1982,1,312
854,700,1982,1,316
855,700,1982,1,316
856,700,1982,1,323
857,700,1982,1,311
858,700,1982,1,305
859,699,1982,1,296
860,700,1982,1,313
861,700,1982,1,315
862,700,1982,1,316
863,699,1982,1,317
864,700,1982,1,316
865,700,1982,1,310
866,700,1982,1,306
867,700,1982,1,316
868,700,1982,1,316
869,700,1982,1,316
870,700,1982,1,323
871,700,1982,1,325
872,700,1982,1,327
873,699,1982,1,325
874,699,1982,1,323
875,699,1982,1,320
876,699,1982,1,318
877,699,1982,1,312
878,699,1982,1,322
879,699,1982,1,318
880,699,1982,1,311
881,699,1982,1,302
882,699,1982,1,308
883,700,1982,1,320
884,700,1982,1,322
885,700,1982,1,325
886,700,1982,1,318
887,700,1982,1,318
888,700,1982,1,319
889,700,1982,1,321
890,700,1982,1,318
891,700,1982,1,319
892,700,1982,1,321
893,700,1982,1,311
894,700,1982,1,314
895,700,1982,1,317
896,700,1982,1,320
897,700,1982,1,316
898,700,1982,1,317
899,700,1982,1,321
900,700,1982,1,312
901,700,1982,1,310
902,700,1982,1,311
903,699,1982,1,304
904,700,1982,1,305
905,700,1982,1,301
906,700,1982,1,320
907,699,1982,1,310
908,699,1982,1,311
909,700,1982,1,309
910,700,1982,1,306
911,699,1982,1,296
912,699,1982,1,300
913,699,1982,1,295
914,699,1982,1,296
915,699,1982,1,295
916,700,1982,1,303
917,700,1982,1,299
918,700,1982,1,298
919,700,1982,1,293
920,700,1981,1,286
921,700,1982,1,289
922,700,1982,1,292
923,700,1982,1,298
924,699,1982,1,289
925,700,1982,1,295
926,699,1982,1,293
927,699,1982,1,294
928,699,1982,1,292
929,700,1982,1,299
930,700,1982,1,317
931,700,1982,1,302
932,700,1982,1,310
933,699,1982,1,306
934,700,1982,1,313
935,700,1982,1,309
936,699,1982,1,304
937,699,1982,1,316
938,699,1982,1,295
939,699,1982,1,305
940,699,1982,1,316
941,700,1982,1,320
942,699,1982,1,324
943,700,1982,1,323
944,699,1982,1,321
945,700,1982,1,327
946,700,1982,1,315
947,700,1982,1,318
948,700,1982,1,321
949,700,1982,1,326
950,700,1982,1,322
951,700,1982,1,327
952,700,1982,1,308
953,700,1982,1,310
954,700,1982,1,318
955,700,1982,1,324
956,700,1982,1,328
957,700,1982,1,331
958,700,1982,1,325
959,700,1982,1,322
960,700,1982,1,323
961,700,1982,1,319
962,699,1982,1,324
963,700,1982,1,320
964,700,1982,1,322
965,700,1982,1,316
966,699,1982,1,321
967,699,1982,1,319
968,699,1982,1,311
969,699,1982,1,322
970,700,1982,1,321
971,700,1982,1,317
972,700,1982,1,320
973,700,1982,1,323
974,699,1982,1,319
975,699,1982,1,318
976,699,1982,1,318
977,699,1982,1,318
978,699,1982,1,312
979,699,1982,1,307
980,699,1982,1,303
981,699,1982,1,303
982,699,1982,1,319
983,699,1982,1,313
984,699,1982,1,302
985,700,1982,1,295
986,700,1982,1,302
987,700,1982,1,311
988,700,1982,1,312
989,700,1982,1,315
990,700,1982,1,315
991,700,1982,1,310
992,700,1982,1,321
993,700,1982,1,318
994,700,1982,1,319
995,700,1982,1,322
996,699,1982,1,309
997,699,1982,1,305
998,699,1982,1,308
999,699,1982,1,313
1000,699,1982,1,314
1001,700,1982,1,305
1002,700,1982,1,319
1003,700,1982,1,304
1004,700,1982,1,296
1005,699,1982,1,297
1006,700,1982,1,304
1007,699,1982,1,299
1008,699,1982,1,292
1009,699,1982,1,295
1010,699,1982,1,296
1011,699,1982,1,292
1012,699,1982,1,293
1013,699,1982,1,295
1014,699,1982,1,303
1015,699,1982,1,302
1016,699,1982,1,294
1017,699,1982,1,299
1018,699,1982,1,296
1019,699,1982,1,294
1020,700,1982,1,298
1021,699,1982,1,306
1022,700,1982,1,316
1023,699,1982,1,306
1024,699,1982,1,302
1025,699,1982,1,297
1026,699,1982,1,305
1027,699,1982,1,294
1028,699,1982,1,297
1029,699,1982,1,301
1030,699,1982,1,297
1031,699,1982,1,289
1032,699,1982,1,293
1033,699,1982,1,293
1034,699,1982,1,293
1035,699,1982,1,299
1036,699,1982,1,304
1037,699,1982,1,311
1038,699,1982,1,304
1039,699,1982,1,311
1040,700,1982,1,314
1041,700,1982,1,314
1042,700,1982,1,313
1043,700,1982,1,323
1044,700,1982,1,317
1045,700,1982,1,319
1046,700,1982,1,315
1047,700,1982,1,310
1048,699,1982,1,296
1049,700,1982,1,298
1050,700,1982,1,304
1051,699,1982,1,304
1052,699,1982,1,301
1053,699,1983,1,305
1054,699,1984,1,311
1055,699,1985,1,311
1056,699,1985,1,307
1057,698,1983,1,291
1058,698,1982,1,297
1059,699,1982,1,298
1060,699,1981,1,310
1061,699,1982,1,308
1062,698,1982,1,296
1063,698,1982,1,291
1064,698,1982,1,290
1065,698,1981,1,282
1066,697,1981,1,263
1069,698,1980,1,322
1074,699,1981,1,5
1075,699,1982,1,347
1076,699,1982,1,337
1077,699,1982,1,354
1078,699,1981,1,329
1079,699,1981,1,344
1080,699,1981,1,347
1081,699,1981,1,339
1082,699,1981,1,330
1083,699,1981,1,359
1084,699,1981,1,330
1085,699,1981,1,323
1086,699,1981,1,329
1087,699,1981,1,329
1088,699,1981,1,327
1089,699,1981,1,321
1090,699,1981,1,326
1091,699,1981,1,331
1092,699,1981,1,323
1093,699,1981,1,326
1094,699,1981,1,324
1095,699,1981,1,330
1096,699,1981,1,327
1097,699,1981,1,317
1098,699,1981,1,319
1099,699,1981,1,322
1100,699,1981,1,320
1101,699,1981,1,327
1102,699,1981,1,325
1103,699,1981,1,319
1104,699,1981,1,319
1105,699,1981,1,328
1106,699,1981,1,329
1107,699,1981,1,327
1108,699,1981,1,331
1109,699,1981,1,332
1110,699,1981,1,335
1111,699,1981,1,330
1112,699,1981,1,330
1113,699,1981,1,327
1114,699,1981,1,331
1115,699,1981,1,343
1116,699,1982,1,327
1117,699,1982,1,331
1118,699,1982,1,316
1119,699,1981,1,331
1120,699,1981,1,335
1121,699,1981,1,337
1122,699,1982,1,331
1123,699,1982,1,323
1124,699,1981,1,312
1125,699,1981,1,308
1126,699,1982,1,311
1127,699,1981,1,315
1128,699,1982,1,312
1129,699,1982,1,324
1130,699,1982,1,318
1131,699,1982,1,322
1132,699,1982,1,320
1133,699,1982,1,325
1134,699,1982,1,317
1135,699,1982,1,319
1136,699,1982,1,310
1137,699,1982,1,319
1138,699,1982,1,324
1139,699,1982,1,320
1140,699,1982,1,321
1141,699,1982,1,308
1142,699,1982,1,304
1143,699,1982,1,305
1144,699,1982,1,304
1145,700,1982,1,315
1146,699,1982,1,307
1147,699,1982,1,313
1148,699,1982,1,303
1149,699,1982,1,334
1150,699,1982,1,320
1151,699,1982,1,326
1152,699,1982,1,326
1153,699,1982,1,313
1154,699,1982,1,309
1155,699,1982,1,302
1156,699,1982,1,309
1157,699,1981,1,320
1158,699,1981,1,320
1159,699,1981,1,314
1160,699,1981,1,321
1161,699,1981,1,323
1162,699,1981,1,325
1163,699,1981,1,320
1164,699,1982,1,304
1165,699,1982,1,316
1166,699,1982,1,320
1167,699,1982,1,323
1168,700,1982,1,327
1169,699,1982,1,321
1170,699,1982,1,317
1171,699,1982,1,317
1172,699,1982,1,316
1173,699,1982,1,313
1174,699,1982,1,313
1175,699,1982,1,319
1176,699,1982,1,320
1177,699,1982,1,312
1178,699,1982,1,321
1179,699,1982,1,317
1180,699,1982,1,314
1181,699,1982,1,315
1182,699,1982,1,308
1183,700,1982,1,306
1184,700,1982,1,309
1185,699,1982,1,311
1186,699,1982,1,311
1187,700,1982,1,304
1188,699,1982,1,304
1189,699,1982,1,316
1190,699,1982,1,319
1191,699,1982,1,327
1192,699,1982,1,331
1193,699,1982,1,326
1194,699,1982,1,329
1195,699,1982,1,316
1196,699,1982,1,327
1197,699,1982,1,314
1198,699,1982,1,318
1199,699,1981,1,319
1200,699,1982,1,321
1201,699,1982,1,318
1202,699,1982,1,317
1203,699,1982,1,313
1204,699,1982,1,313
1205,699,1982,1,323
1206,699,1982,1,316
1207,699,1982,1,327
1208,699,1982,1,306
1209,699,1982,1,312
1210,699,1982,1,315
1211,699,1982,1,324
1212,699,1982,1,320
1213,699,1982,1,322
1214,699,1982,1,314
1215,699,1982,1,322
1216,699,1982,1,317
1217,699,1982,1,323
1218,699,1982,1,316
1219,699,1982,1,319
1220,699,1982,1,312
1221,699,1982,1,318
1222,699,1981,1,317
1223,699,1982,1,323
1224,699,1982,1,324
1225,699,1982,1,321
1226,699,1982,1,322
1227,699,1982,1,315
1228,699,1982,1,317
1229,699,1981,1,313
1230,699,1982,1,311
1231,699,1981,1,310
1232,699,1982,1,315
1233,699,1982,1,319
1234,699,1982,1,326
1235,700,1982,1,324
1236,700,1982,1,325
1237,700,1982,1,324
1238,700,1982,1,326
1239,700,1982,1,318
1240,699,1982,1,316
1241,699,1982,1,314
1242,699,1982,1,320
1243,699,1982,1,323
1244,699,1982,1,318
1245,699,1982,1,317
1246,699,1982,1,308
1247,699,1982,1,303
1248,699,1982,1,306
1249,699,1982,1,317
1250,699,1982,1,313
1251,699,1982,1,319
1252,699,1982,1,311
1253,699,1982,1,317
1254,699,1982,1,321
1255,700,1982,1,317
1256,699,1982,1,316
1257,700,1982,1,316
1258,700,1982,1,331
1259,700,1982,1,330
1260,700,1982,1,326
1261,700,1983,1,305
1262,700,1982,1,309
1263,700,1983,1,309
1264,700,1983,1,300
1265,699,1982,1,303
1266,699,1981,1,319
1267,699,1981,1,328
1268,699,1981,1,320
1269,699,1981,1,310
1270,699,1981,1,303
1271,699,1981,1,315
1272,699,1981,1,316
1273,699,1981,1,311
1274,699,1981,1,311
1275,699,1981,1,318
1276,699,1981,1,320
1277,699,1981,1,329
1278,699,1981,1,333
1279,699,1981,1,335
1280,699,1981,1,337
1281,699,1981,1,339
1282,699,1981,1,329
1283,699,1981,1,328
1284,699,1981,1,343
1285,699,1981,1,324
1286,699,1981,1,313
1287,699,1981,1,313
1288,699,1981,1,319
1289,699,1981,1,329
1290,699,1981,1,340
1291,699,1981,1,337
1292,699,1981,1,332
1293,699,1980,1,341
1294,699,1980,1,342
1295,700,1980,1,329
1296,699,1980,1,319
1297,699,1981,1,315
1298,699,1981,1,311
1299,699,1981,1,306
1301,699,1980,1,346
1302,699,1980,1,327
1303,699,1981,1,318
1304,699,1981,1,282
1305,699,1982,1,308
1306,699,1982,1,306
1307,699,1982,1,331
1308,699,1982,1,334
1309,699,1982,1,329
1310,699,1982,1,325
1313,698,1982,1,331
1314,698,1982,1,351
1318,699,1982,1,322
1319,699,1982,1,327
1320,698,1981,1,317
1321,698,1981,1,326
1322,697,1981,1,297
1323,698,1981,1,274
1326,698,1981,1,322
1327,699,1981,1,300
1328,699,1981,1,290
1329,699,1981,1,314
1332,699,1983,1,295
1333,699,1982,1,298
1334,699,1982,1,288
1335,699,1982,1,299
1336,699,1982,1,307
1337,699,1981,1,312
1338,698,1981,1,303
1339,699,1981,1,296
1340,699,1981,1,304
1341,698,1981,1,308
1342,699,1982,1,312
1343,699,1982,1,304
1344,699,1982,1,301
1345,699,1982,1,306
1346,699,1982,1,316
1347,699,1981,1,320
1348,699,1981,1,335
1349,698,1980,1,357
1350,698,1980,1,344
1351,698,1980,1,346
1352,698,1981,1,334
1353,699,1982,1,300
1354,699,1982,1,309
1355,699,1982,1,309
1356,699,1982,1,311
1357,699,1982,1,303
1358,699,1982,1,303
1359,699,1982,1,306
1360,699,1982,1,304
1361,699,1982,1,298
1362,699,1981,1,309
1363,699,1981,1,320
1364,699,1981,1,317
1365,699,1982,1,301
1366,699,1982,1,324
1367,699,1981,1,291
1368,699,1982,1,301
1369,699,1982,1,304
1370,699,1981,1,304
1373,697,1981,1,270
1374,697,1981,1,287
1375,698,1982,1,306
1376,698,1982,1,333
1377,698,1981,1,338
1378,698,1981,1,339
1379,699,1981,1,11
1382,698,1981,1,262
1383,698,1981,1,257
1384,699,1981,1,293
1385,699,1982,1,305
1386,699,1982,1,309
1387,699,1982,1,304
1388,699,1981,1,305
1389,700,1982,1,313
1390,699,1982,1,309
1391,699,1982,1,302
1392,699,1982,1,306
1393,699,1982,1,297
1394,699,1982,1,306
1395,699,1982,1,299
1396,699,1982,1,297
1397,699,1982,1,294
1398,699,1982,1,295
1399,699,1982,1,299
1400,699,1982,1,293
1401,699,1982,1,291
1402,699,1982,1,282
1403,700,1982,1,295
1404,700,1982,1,302
1405,700,1982,1,298
1406,700,1982,1,299
1407,699,1982,1,305
1408,699,1982,1,313
1409,699,1981,1,304
1410,699,1981,1,301
1411,699,1981,1,300
1412,699,1982,1,300
1413,699,1981,1,301
1414,699,1982,1,304
1415,699,1981,1,302
1416,699,1982,1,305
1417,699,1981,1,305
1418,699,1982,1,305
1419,699,1981,1,304
1420,699,1981,1,304
1421,699,1981,1,307
1422,699,1982,1,301
1423,699,1982,1,302
1424,699,1982,1,301
1425,699,1982,1,299
1426,699,1982,1,301
1427,699,1982,1,294
1428,699,1982,1,298
1429,699,1982,1,301
1430,699,1982,1,303
1431,699,1982,1,305
1432,699,1981,1,305
1433,699,1982,1,304
1434,699,1982,1,303
1435,700,1982,1,299
1436,699,1982,1,291
1437,699,1981,1,302
1438,700,1982,1,297
1439,700,1982,1,285
1440,700,1982,1,296
1441,700,1982,1,301
1442,700,1982,1,301
1443,700,1982,1,303
1444,700,1982,1,300
1445,700,1982,1,308
1446,700,1982,1,310
1447,700,1982,1,312
1448,700,1982,1,311
1449,700,1982,1,309
1450,700,1982,1,315
1451,700,1982,1,306
1452,700,1982,1,305
1453,700,1982,1,313
1454,700,1982,1,312
1455,700,1982,1,314
1456,700,1982,1,309
1457,700,1982,1,296
1458,699,1982,1,291
1459,699,1982,1,291
1460,699,1982,1,300
1461,699,1982,1,302
1462,699,1982,1,302
1463,699,1982,1,300
1464,700,1982,1,306
1465,700,1982,1,308
1466,700,1982,1,307
1467,700,1982,1,300
1468,700,1982,1,308
1469,700,1982,1,303
1470,699,1982,1,306
1471,699,1982,1,307
1472,700,1982,1,302
1473,700,1982,1,300
1474,700,1982,1,298
1475,700,1982,1,302
1476,700,1982,1,307
1477,700,1982,1,308
1478,700,1982,1,306
1479,700,1982,1,302
1480,700,1982,1,297
1481,700,1982,1,301
1482,700,1982,1,302
1483,700,1982,1,290
1484,700,1982,1,300
1485,700,1982,1,295
1486,700,1982,1,308
1487,700,1982,1,306
1488,700,1982,1,296
1489,699,1982,1,304
1490,699,1982,1,302
1491,700,1982,1,306
1492,700,1982,1,306
1493,700,1982,1,312
1494,700,1982,1,308
1495,700,1982,1,306
1496,699,1982,1,304
1497,699,1982,1,302
1498,700,1982,1,308
1499,699,1982,1,309
1500,700,1982,1,310
1501,700,1982,1,304
1502,700,1982,1,304
1503,700,1982,1,298
1504,700,1982,1,300
1505,699,1981,1,303
1506,699,1982,1,303
1507,699,1982,1,293
1508,699,1981,1,292
1509,700,1982,1,297
1510,701,1983,1,289
1511,700,1983,1,305
1512,700,1984,1,305
1513,700,1983,1,309
1514,700,1984,1,308
1515,700,1984,1,314
1516,700,1982,1,300
1517,700,1982,1,301
1518,700,1982,1,305
1519,700,1982,1,306
1520,700,1982,1,301
1521,700,1982,1,305
1522,700,1982,1,306
1523,700,1982,1,304
1524,700,1982,1,307
1525,699,1982,1,305
1526,700,1982,1,307
1527,700,1982,1,306
1528,700,1982,1,303
1529,700,1982,1,303
1530,699,1982,1,306
1531,700,1982,1,298
1532,699,1982,1,304
1533,700,1982,1,301
1534,700,1982,1,304
1535,700,1982,1,305
1536,700,1982,1,305
1537,700,1982,1,305
1538,700,1982,1,304
1539,700,1982,1,309
1540,700,1982,1,313
1541,700,1982,1,304
1542,700,1982,1,303
1543,700,1982,1,308
1544,700,1982,1,313
1545,700,1982,1,307
1546,700,1982,1,304
1547,700,1982,1,316
1548,700,1982,1,304
1549,700,1982,1,313
1550,700,1982,1,313
1551,700,1982,1,309
1552,700,1982,1,307
1553,700,1982,1,298
1554,700,1982,1,310
1555,700,1982,1,304
1556,700,1982,1,303
1557,700,1982,1,304
1558,700,1982,1,313
1559,700,1982,1,312
1560,700,1982,1,312
1561,700,1982,1,312
1562,700,1982,1,312
1563,700,1982,1,301
1564,700,1982,1,305
1565,700,1982,1,306
1566,700,1982,1,313
1567,700,1982,1,312
1568,699,1982,1,348
1569,699,1982,1,339
1570,700,1982,1,316
1571,700,1982,1,319
1572,700,1982,1,320
1573,700,1982,1,309
1574,700,1982,1,303
1575,700,1982,1,304
1576,700,1982,1,296
1577,700,1982,1,305
1578,700,1982,1,314
1579,700,1982,1,324
1580,700,1982,1,314
1581,700,1982,1,309
1582,700,1982,1,305
1583,699,1982,1,306
1584,699,1982,1,305
1585,699,1982,1,300
1589,700,1982,1,288
1590,700,1982,1,295
1591,700,1982,1,282
1592,700,1983,1,285
1593,700,1983,1,292
1594,699,1983,1,315
1595,699,1983,1,299
1596,699,1982,1,318
1597,699,1982,1,294
1598,699,1982,1,289
1599,699,1982,1,289
1600,699,1982,1,307
1601,699,1982,1,296
1602,699,1982,1,301
1603,699,1982,1,298
1604,699,1982,1,307
1605,699,1982,1,296
1606,699,1982,1,297
1607,699,1982,1,293
1608,699,1982,1,290
1609,699,1982,1,300
1610,699,1982,1,296
1611,699,1982,1,296
1612,699,1982,1,300
1613,699,1982,1,296
1614,699,1982,1,305
1615,699,1982,1,310
1616,699,1982,1,298
1617,699,1982,1,310
1618,699,1982,1,314
1619,699,1982,1,301
1620,699,1982,1,313
1621,700,1982,1,313
1622,700,1982,1,311
1623,699,1982,1,312
1624,699,1982,1,315
1625,699,1982,1,315
1626,699,1982,1,306
1627,700,1982,1,302
1628,700,1982,1,299
1629,700,1982,1,305
1630,700,1982,1,306
1631,700,1982,1,310
1632,700,1982,1,306
1633,699,1982,1,309
1634,699,1982,1,309
1635,699,1982,1,313
1636,699,1982,1,306
1637,699,1982,1,311
1638,699,1982,1,320
1639,699,1982,1,323
1640,699,1982,1,320
1641,700,1982,1,317
1642,699,1982,1,322
1643,699,1982,1,321
1644,700,1982,1,319
1645,700,1982,1,313
1646,699,1982,1,311
1647,699,1982,1,316
1648,700,1982,1,317
1649,700,1982,1,316
1650,700,1982,1,315
1651,699,1982,1,306
1652,700,1982,1,314
1653,699,1982,1,322
1654,699,1982,1,313
1655,699,1982,1,321
1656,699,1982,1,318
1657,699,1982,1,320
1658,700,1982,1,321
1659,699,1982,1,326
1660,699,1982,1,324
1661,700,1982,1,317
1662,700,1982,1,317
1663,699,1982,1,318
1664,699,1982,1,323
1665,700,1982,1,315
1666,699,1982,1,316
1667,700,1982,1,315
1668,700,1982,1,316
1669,700,1982,1,312
1670,700,1982,1,313
1671,700,1982,1,315
1672,700,1982,1,317
1673,700,1982,1,319
1674,700,1982,1,318
1675,699,1982,1,310
1676,699,1982,1,310
1677,700,1982,1,315
1678,699,1982,1,310
1679,699,1982,1,310
1680,699,1982,1,310
1681,700,1982,1,312
1682,700,1982,1,313
1683,700,1982,1,311
1684,700,1982,1,315
1685,700,1982,1,308
1686,700,1982,1,314
1687,700,1982,1,314
1688,699,1982,1,310
1689,700,1982,1,316
1690,700,1982,1,317
1691,700,1982,1,311
1692,700,1982,1,313
1693,700,1982,1,317
1694,700,1982,1,313
1695,700,1982,1,315
1696,700,1982,1,314
1697,700,1982,1,316
1698,700,1982,1,319
1699,700,1982,1,324
1700,700,1983,1,323
1701,700,1983,1,314
1702,700,1982,1,312
1703,699,1982,1,307
1704,699,1982,1,302
1705,699,1982,1,304
1706,700,1982,1,305
1707,699,1982,1,297
1708,699,1982,1,301
1709,699,1982,1,306
1710,699,1982,1,309
1711,700,1982,1,304
1712,699,1982,1,302
1713,699,1982,1,300
1714,699,1982,1,304
1715,699,1982,1,301
1716,700,1982,1,315
1717,700,1982,1,312
1718,700,1982,1,313
1719,700,1982,1,311
1720,700,1982,1,309
1721,699,1982,1,304
1722,700,1982,1,313
1723,700,1983,1,314
1724,700,1982,1,311
1725,700,1983,1,321
1726,700,1983,1,315
1727,700,1983,1,323
1728,700,1982,1,321
1729,699,1982,1,316
1730,699,1982,1,305
1731,700,1982,1,320
1732,700,1982,1,309
1733,700,1982,1,307
1734,700,1982,1,306
1735,700,1983,1,317
1736,700,1982,1,316
1737,700,1982,1,314
1738,700,1982,1,315
1739,700,1982,1,314
1740,700,1982,1,315
1741,700,1982,1,315
1742,700,1983,1,311
1743,700,1983,1,311
1744,700,1982,1,315
1745,700,1983,1,316
1746,700,1982,1,304
1747,699,1981,1,301
1748,699,1981,1,301
1749,699,1981,1,279
1750,699,1981,1,283
1751,699,1981,1,279
1752,699,1981,1,277
1753,699,1981,1,290
1754,699,1981,1,305
1755,699,1981,1,291
1756,699,1981,1,283
1757,699,1981,1,254
1760,698,1981,1,343
1761,698,1981,1,1
1764,698,1981,1,347
1765,699,1982,1,341
1766,699,1982,1,337
1767,699,1982,1,330
1768,699,1982,1,321
1769,699,1982,1,304
1770,699,1982,1,299
1771,699,1982,1,292
1772,699,1982,1,294
1773,699,1982,1,291
1774,699,1982,1,291
1775,699,1981,1,304
1776,698,1981,1,300
1777,698,1981,1,288
1778,698,1981,1,280
1779,698,1981,1,295
1782,699,1981,1,330
1783,699,1982,1,335
1784,699,1982,1,330
1785,699,1982,1,327
1786,699,1982,1,317
1787,699,1982,1,319
1788,699,1982,1,322
1789,699,1982,1,322
1790,700,1982,1,322
1791,700,1982,1,331
1792,699,1982,1,326
1793,699,1982,1,323
1794,699,1982,1,327
1795,699,1982,1,330
1796,700,1983,0,321
1797,698,1982,1,332
1798,699,1982,1,334
1799,698,1982,1,320
1800,698,1982,1,320
1801,698,1981,1,309
1802,699,1982,1,299
1803,699,1982,1,308
1804,700,1982,1,317
1805,700,1982,1,329
1806,701,1983,1,313
1807,701,1983,1,315
1808,700,1983,1,345
1809,700,1984,1,338
1810,700,1984,1,330
1811,700,1983,1,323
1812,700,1983,1,328
1813,699,1983,1,338
1814,700,1983,1,331
1815,700,1983,1,341
1816,701,1983,1,338
1817,700,1983,1,349
1818,700,1983,1,330
1819,700,1983,1,330
1820,699,1983,1,309
1821,700,1983,1,309
1822,700,1983,1,307
1823,700,1982,1,315
1824,700,1982,1,311
1825,700,1982,1,303
1826,700,1983,1,308
1827,700,1982,1,317
1828,700,1982,1,315
1829,700,1983,1,311
1830,700,1982,1,310
1831,700,1983,1,313
1832,700,1982,1,309
1833,699,1982,1,303
1834,699,1982,1,294
1835,700,1982,1,302
1836,700,1982,1,302
1837,700,1982,1,293
1838,700,1982,1,291
1839,699,1982,1,288
1840,699,1982,1,292
1841,700,1982,1,301
1842,699,1982,1,302
1843,699,1982,1,302
1844,700,1982,1,302
1845,700,1983,1,307
1846,700,1982,1,304
1847,700,1982,1,310
1848,700,1982,1,304
1849,700,1982,1,308
1850,700,1982,1,315
1851,700,1983,1,314
1852,700,1982,1,312
1853,700,1983,1,307
1854,700,1983,1,308
1855,700,1982,1,315
1856,699,1982,1,306
1857,699,1982,1,277
1858,700,1982,1,289
1859,700,1982,1,288
1860,700,1982,1,293
1861,700,1982,1,303
1862,700,1982,1,311
1863,700,1982,1,295
1864,700,1982,1,294
1865,700,1982,1,295
1866,700,1983,1,312
1867,700,1983,1,305
1868,700,1983,1,306
1869,700,1983,1,294
1870,700,1983,1,309
1871,700,1983,1,339
1872,700,1984,1,355
1875,700,1982,1,298
1876,700,1982,1,293
1877,701,1983,1,298
1878,702,1983,1,295
1879,701,1983,1,300
1880,701,1983,1,298
1881,701,1983,1,299
1882,701,1983,1,306
1883,701,1983,1,301
1884,701,1983,1,299
1885,700,1982,1,307
1886,700,1982,1,306
1887,699,1982,1,306
1888,700,1982,1,308
1889,700,1983,1,304
1890,701,1984,1,307
1891,701,1983,1,303
1892,701,1983,1,306
1893,700,1984,1,306
1894,700,1984,1,309
1895,700,1984,1,309
1896,701,1984,1,306
1897,700,1984,1,305
1898,700,1983,1,290
1899,699,1982,1,300
1900,699,1982,1,301
1901,699,1982,1,303
1902,701,1983,1,298
1903,701,1985,1,281
1904,701,1986,1,246
1905,701,1984,1,283
1906,699,1984,1,284
1907,700,1983,1,291
1908,700,1982,1,303
1909,699,1982,1,297
1910,699,1981,1,303
1911,699,1982,1,302
1912,700,1982,1,311
1913,699,1982,1,306
1914,699,1982,1,297
1915,699,1982,1,302
1916,699,1982,1,300
1917,699,1982,1,298
1918,699,1982,1,294
1919,700,1982,1,306
1920,699,1982,1,315
1921,699,1982,1,305
1922,699,1982,1,293
1923,699,1982,1,288
1924,699,1982,1,303
1925,699,1982,1,311
1926,699,1982,1,297
1927,699,1982,1,303
1928,699,1982,1,303
1929,699,1982,1,302
1930,700,1982,1,302
1931,700,1982,1,297
1932,699,1982,1,298
1933,699,1982,1,293
1934,699,1982,1,298
1935,699,1982,1,295
1936,700,1982,1,299
1937,700,1982,1,298
1938,699,1982,1,297
1939,699,1982,1,290
1940,700,1982,1,293
1941,699,1982,1,297
1942,699,1982,1,297
1943,699,1982,1,302
1944,699,1982,1,298
1945,699,1982,1,296
1946,699,1982,1,295
1947,699,1981,1,286
1948,699,1982,1,291
1949,699,1982,1,298
1950,699,1982,1,295
1951,699,1982,1,303
1952,699,1982,1,317
1953,699,1982,1,321
1954,699,1982,1,318
1955,699,1982,1,306
1956,699,1982,1,301
1957,700,1982,1,306
1958,700,1982,1,296
1959,699,1982,1,307
1960,699,1982,1,306
1961,700,1982,1,302
1962,699,1982,1,310
1963,699,1982,1,319
1964,699,1982,1,317
1965,699,1982,1,313
1966,699,1981,1,297
1967,699,1981,1,305
1968,699,1981,1,306
1969,699,1982,1,307
1970,698,1981,1,303
1971,699,1982,1,310
1972,699,1982,1,306
1973,699,1982,1,302
1974,699,1982,1,313
1975,699,1982,1,306
1976,699,1982,1,306
1977,699,1982,1,304
1978,699,1982,1,299
1979,700,1982,1,300
1980,699,1983,1,300
1981,699,1984,1,326
1982,698,1984,1,332
1983,698,1984,1,319
1984,697,1984,1,310
1985,697,1984,1,316
1986,697,1985,1,322
1987,698,1984,1,313
1988,698,1984,1,330
1989,699,1983,1,302
1990,699,1982,1,296
1991,699,1982,1,288
1992,699,1982,1,289
1993,699,1982,1,298
1994,699,1983,1,301
1995,699,1983,1,301
1996,699,1982,1,293
1997,698,1982,1,298
1998,698,1982,1,297
1999,699,1982,1,294
2000,699,1982,1,295
2001,699,1982,1,293
2002,699,1982,1,295
2003,699,1982,1,291
2004,699,1982,1,300
2005,699,1982,1,295
2006,699,1982,1,296
2007,699,1982,1,304
2008,699,1982,1,303
2009,699,1982,1,311
2010,699,1982,1,307
2011,699,1982,1,314
2012,699,1982,1,305
2013,699,1982,1,306
2014,699,1982,1,289
2015,699,1982,1,296
2016,699,1982,1,294
2017,699,1982,1,288
2018,699,1982,1,289
2019,699,1982,1,295
2020,699,1982,1,289
2021,699,1982,1,291
2022,699,1982,1,286
2023,699,1982,1,300
2024,699,1982,1,308
2025,699,1982,1,296
2026,699,1982,1,293
2027,699,1982,1,300
2028,699,1982,1,306
2029,699,1982,1,305
2030,699,1982,1,307
2031,699,1982,1,309
2032,699,1982,1,303
2033,699,1982,1,301
2034,699,1982,1,304
2035,700,1982,1,304
2036,700,1982,1,297
2037,699,1982,1,295
2038,699,1982,1,295
2039,699,1982,1,296
2040,699,1982,1,292
2041,699,1982,1,296
2042,699,1982,1,300
2043,699,1982,1,300
2044,699,1982,1,304
2045,699,1982,1,308
2046,699,1982,1,294
2047,699,1982,1,294
2048,699,1982,1,300
2049,699,1982,1,299
2050,699,1982,1,299
2051,699,1982,1,305
2052,699,1982,1,297
2053,699,1982,1,312
2054,699,1982,1,312
2055,699,1982,1,300
2056,699,1982,1,303
2057,699,1982,1,300
2058,699,1982,1,302
2059,699,1982,1,303
2060,699,1982,1,290
2061,699,1982,1,289
2062,699,1982,1,293
2063,699,1982,1,305
2064,699,1982,1,311
2065,699,1982,1,298
2066,699,1982,1,298
2067,699,1982,1,300
2068,699,1982,1,310
2069,699,1982,1,308
2070,699,1982,1,303
2071,699,1982,1,314
2072,699,1982,1,309
2073,699,1982,1,323
2074,699,1982,1,318
2075,699,1982,1,309
2076,699,1982,1,313
2077,699,1982,1,315
2078,699,1982,1,316
2079,700,1982,1,320
2080,699,1982,1,308
2081,699,1982,1,317
2082,699,1982,1,308
2083,699,1982,1,308
2084,699,1982,1,298
2085,700,1982,1,289
2086,700,1982,1,272
2087,700,1983,1,273
2088,700,1982,1,289
2089,700,1982,1,297
2090,699,1982,1,306
2091,699,1982,1,301
2092,699,1982,1,322
2093,699,1982,1,320
2094,699,1982,1,323
2095,699,1982,1,309
2096,699,1982,1,315
2097,699,1982,1,309
2098,699,1982,1,316
2099,699,1982,1,318
2100,699,1982,1,303
2101,699,1982,1,321
2102,699,1982,1,318
2103,699,1982,1,310
2104,699,1982,1,321
2105,699,1982,1,313
2106,699,1982,1,313
2107,699,1982,1,313
2108,699,1982,1,310
2109,699,1982,1,315
2110,699,1982,1,310
2111,699,1982,1,310
2112,699,1982,1,312
2113,699,1982,1,310
2114,699,1982,1,307
2115,699,1982,1,313
2116,699,1982,1,309
2117,700,1982,1,311
2118,699,1982,1,303
2119,700,1982,1,303
2120,699,1982,1,300
2121,699,1982,1,305
2122,700,1982,1,305
2123,701,1982,1,296
2124,701,1982,1,296
2125,701,1982,1,296
2126,701,1983,1,298
2127,701,1983,1,303
2128,701,1983,1,305
2129,702,1983,1,304
2130,701,1982,1,306
2131,700,1982,1,307
2132,700,1982,1,306
2133,700,1982,1,311
2134,700,1982,1,308
2135,700,1982,1,320
2136,700,1982,1,322
2137,700,1982,1,318
2138,700,1982,1,316
2139,700,1982,1,321
2140,700,1982,1,330
2141,700,1981,1,333
2142,700,1982,1,334
2143,700,1982,1,319
2144,700,1982,1,319
2145,700,1982,1,307
2146,700,1982,1,303
2147,700,1982,1,300
2148,700,1982,1,300
2149,700,1982,1,303
2150,700,1982,1,297
2151,699,1982,1,296
2152,700,1982,1,298
2153,700,1982,1,300
2154,699,1982,1,295
2155,699,1982,1,298
2156,700,1982,1,302
2157,700,1982,1,301
2158,700,1982,1,302
2159,700,1982,1,298
2160,700,1982,1,290
2161,700,1983,1,292
2162,700,1983,1,293
2163,700,1983,1,303
2164,700,1983,1,306
2165,700,1982,1,301
2166,699,1982,1,295
2167,700,1982,1,298
2168,699,1982,1,299
2169,699,1982,1,298
2170,700,1982,1,292
2171,700,1982,1,290
2172,700,1982,1,291
2173,700,1982,1,291
2174,700,1982,1,292
2175,700,1982,1,294
2176,700,1982,1,292
2177,700,1982,1,285
2178,700,1982,1,282
2179,700,1982,1,284
2180,700,1982,1,284
2181,700,1982,1,289
2182,700,1982,1,289
2183,700,1982,1,292
2184,700,1982,1,292
2185,700,1982,1,293
2186,700,1982,1,293
2187,700,1982,1,298
2188,700,1982,1,299
2189,700,1982,1,302
2190,700,1982,1,311
2191,700,1982,1,309
2192,700,1982,1,302
2193,700,1982,1,312
2194,700,1982,1,311
2195,700,1982,1,309
2196,700,1982,1,302
2197,700,1982,1,314
2198,700,1982,1,320
2199,700,1982,1,310
2200,700,1982,1,310
2201,700,1982,1,316
2202,700,1982,1,318
2203,700,1982,1,318
2204,700,1982,1,292
2205,699,1982,1,286
2206,699,1982,1,286
2207,699,1982,1,287
2208,699,1982,1,284
2209,699,1982,1,297
2210,699,1982,1,303
2211,699,1982,1,297
2212,699,1982,1,287
2213,699,1982,1,292
2214,699,1982,1,283
2215,699,1982,1,292
2216,700,1982,1,299
2217,699,1982,1,301
2218,699,1982,1,291
2219,699,1982,1,295
2220,699,1982,1,285
2221,699,1982,1,284
2222,699,1982,1,280
2223,699,1982,1,283
2224,700,1982,1,287
2225,700,1982,1,288
2226,700,1982,1,285
2227,700,1982,1,289
2228,700,1982,1,293
2229,700,1982,1,290
2230,699,1982,1,303
2231,699,1982,1,298
2232,700,1982,1,289
2233,700,1982,1,293
2234,700,1982,1,299
2235,699,1982,1,308
2236,698,1983,1,321
2237,697,1986,1,340
2238,699,1984,1,333
2239,698,1984,1,336
2240,699,1985,1,349
2241,700,1985,1,2
2242,699,1985,1,0
2243,699,1985,1,359
2244,699,1984,1,1
2245,699,1984,1,10
2246,700,1984,1,28
2247,699,1984,1,355
2248,700,1984,1,357
2249,701,1984,1,4
2250,700,1984,1,8
2251,700,1985,1,22
2252,701,1984,1,17
2253,701,1984,1,19
2254,701,1985,1,357
2255,701,1985,1,30
2256,701,1984,1,48
2257,701,1984,1,51
2260,700,1983,1,297
2261,700,1983,1,306
2262,699,1982,1,303
2263,699,1982,1,302
2264,699,1982,1,298
2265,699,1982,1,301
2266,699,1982,1,311
2267,699,1982,1,312
2268,699,1982,1,312
2269,699,1982,1,311
2270,699,1982,1,311
2271,699,1982,1,311
2272,699,1982,1,311
2273,699,1982,1,311
2274,699,1982,1,312
2275,699,1982,1,311
2276,699,1982,1,311
2277,699,1982,1,304
2278,699,1982,1,309
2279,699,1982,1,305
2280,699,1982,1,307
2281,699,1982,1,305
2282,699,1982,1,309
2283,699,1982,1,309
2284,699,1982,1,311
2285,699,1982,1,307
2286,699,1982,1,312
2287,699,1982,1,310
2288,699,1982,1,307
2289,699,1982,1,305
2290,699,1982,1,307
2291,699,1982,1,309
2292,699,1982,1,307
2293,699,1982,1,301
2294,699,1982,1,306
2295,699,1982,1,308
2296,699,1982,1,310
2297,699,1982,1,305
2298,699,1982,1,309
2299,699,1982,1,310
2300,699,1982,1,318
2301,699,1982,1,308
2302,700,1983,1,296
2303,700,1983,1,308
2304,700,1982,1,308
2305,699,1982,1,293
2306,698,1982,1,277
2307,698,1984,1,317
2308,700,1985,1,309
2309,699,1981,1,284
2310,700,1982,1,306
2311,700,1981,1,299
2312,700,1982,1,297
2313,699,1982,1,312
2314,698,1982,1,308
2317,700,1984,1,30
2320,699,1982,1,292
2321,699,1982,1,318
2322,699,1982,1,322
2323,699,1982,1,318
2324,699,1983,1,314
2325,699,1984,1,303
2326,699,1984,1,322
2327,699,1983,1,323
2328,699,1983,1,309
2329,699,1983,1,314
2330,699,1982,1,301
2331,699,1982,1,291
2332,699,1982,1,286
2333,699,1982,1,298
2334,699,1982,1,312
2335,700,1982,1,320
2336,699,1982,1,321
2337,699,1982,1,315
2338,699,1982,1,312
2339,699,1982,1,314
2340,699,1982,1,306
2341,699,1982,1,304
2342,699,1982,1,307
2343,699,1982,1,307
2344,699,1982,1,320
2345,699,1982,1,315
2346,699,1982,1,316
2347,699,1982,1,311
2348,699,1982,1,315
2349,699,1982,1,310
2350,699,1982,1,312
2351,699,1982,1,315
2352,699,1982,1,311
2353,699,1982,1,304
2354,699,1982,1,303
2355,699,1982,1,304
2356,699,1982,1,311
2357,699,1982,1,304
2358,699,1982,1,298
2359,699,1982,1,321
2360,700,1982,1,314
2361,700,1982,1,316
2362,699,1982,1,312
2363,699,1982,1,317
2364,699,1982,1,322
2365,699,1982,1,317
2366,699,1982,1,310
2367,699,1982,1,307
2368,699,1982,1,310
2369,699,1982,1,307
2370,699,1982,1,307
2371,699,1982,1,307
2372,699,1982,1,306
2373,699,1982,1,309
2374,699,1982,1,303
2375,699,1982,1,310
2376,699,1982,1,305
2377,699,1982,1,310
2378,699,1982,1,311
2379,699,1982,1,307
2380,699,1982,1,312
2381,699,1982,1,314
2382,699,1982,1,320
2383,699,1982,1,306
2384,699,1982,1,319
2385,699,1982,1,299
2386,699,1982,1,297
2387,699,1982,1,298
2388,699,1982,1,299
2389,699,1982,1,298
2390,699,1982,1,297
2391,699,1982,1,307
2392,699,1982,1,306
2393,700,1982,1,296
2394,700,1983,1,307
2395,701,1983,1,267
2396,701,1983,1,245
2397,701,1983,1,261
2401,700,1983,1,302
2402,700,1983,1,305
2403,699,1982,1,313
2404,699,1982,1,304
2405,699,1982,1,318
2406,699,1982,1,304
2407,699,1982,1,310
2408,699,1983,1,330
2409,699,1983,1,331
2410,699,1983,1,323
2411,700,1983,1,305
2412,700,1983,1,309
2413,700,1983,1,309
2414,700,1982,1,297
2415,700,1983,1,278
2416,700,1983,1,278
2417,700,1983,1,291
2418,700,1983,1,296
2419,699,1982,1,309
2420,700,1982,1,312
2421,699,1982,1,315
2422,699,1982,1,326
2423,699,1982,1,334
2424,700,1983,1,329
2425,699,1982,1,319
2426,699,1982,1,314
2427,700,1982,1,297
2428,700,1983,1,332
2429,700,1982,1,329
2430,700,1982,1,301
2431,700,1982,1,270
2432,700,1982,1,272
2433,700,1982,1,298
2434,699,1982,1,308
2435,699,1982,1,312
2436,699,1982,1,315
2437,699,1982,1,307
2438,699,1982,1,309
2439,699,1982,1,326
2440,700,1983,1,321
2441,700,1983,1,316
2442,699,1982,1,313
2443,699,1982,1,318
2444,699,1982,1,312
2445,699,1982,1,314
2446,699,1982,1,321
2447,699,1982,1,323
2448,699,1982,1,324
2449,699,1982,1,323
2450,699,1982,1,312
2451,699,1982,1,314
2452,699,1982,1,313
2453,699,1982,1,305
2454,699,1982,1,308
2455,699,1982,1,299
2456,699,1982,1,308
2457,699,1982,1,308
2458,700,1982,1,300
2459,699,1982,1,301
2460,699,1982,1,302
2461,699,1982,1,305
2462,699,1982,1,299
2463,699,1982,1,304
2464,699,1982,1,303
2465,699,1982,1,314
2466,699,1982,1,317
2467,699,1982,1,308
2468,699,1982,1,308
2469,699,1982,1,303
2470,699,1982,1,305
2471,699,1982,1,303
2472,700,1982,1,298
2473,700,1983,1,319
2474,700,1983,1,291
2475,701,1983,1,265
2476,701,1983,1,245
2477,700,1983,1,273
2478,700,1983,1,269
2479,700,1983,1,294
2480,700,1983,1,291
2481,700,1983,1,300
2482,700,1983,1,262
2483,700,1983,1,265
2484,700,1983,1,288
2485,700,1983,1,280
2486,700,1982,1,278
2487,700,1982,1,287
2488,700,1982,1,295
2489,700,1982,1,295
2490,700,1982,1,299
2494,702,1983,1,289
2495,702,1983,1,287
2496,702,1984,1,293
2497,701,1983,1,287
2498,700,1982,1,303
2499,699,1982,1,308
2500,700,1982,1,293
2501,699,1982,1,308
2502,699,1981,1,315
2503,699,1982,1,309
2504,699,1982,1,335
2505,699,1983,1,309
2506,699,1983,1,328
2507,700,1984,1,351
2508,700,1985,1,332
2509,700,1985,1,332
2513,698,1984,1,322
2514,698,1984,1,321
2515,699,1985,1,327
2516,699,1987,1,341
2522,699,1983,1,309
2523,699,1984,1,306
2524,700,1984,1,299
2525,700,1984,1,309
2526,700,1985,1,335
2527,700,1985,1,345
2528,700,1983,1,317
2529,700,1984,1,342
2530,700,1985,1,1
2531,701,1985,1,0
2535,700,1982,1,263
2536,700,1982,1,299
2537,700,1982,1,302
2538,699,1982,1,310
2539,699,1982,1,307
2540,699,1982,1,315
2541,699,1982,1,317
2542,699,1982,1,329
2543,699,1982,1,308
2544,699,1982,1,316
2545,699,1982,1,306
2546,699,1982,1,295
2547,699,1982,1,301
2548,699,1982,1,315
2549,699,1983,1,325
2550,700,1983,1,327
2551,699,1983,1,315
2552,699,1982,1,314
2553,700,1982,1,311
2554,700,1982,1,311
2555,700,1982,1,315
2556,700,1983,1,317
2557,700,1983,1,330
2558,700,1984,1,342
2559,700,1983,1,335
2560,700,1982,1,321
2561,700,1982,1,317
2562,699,1982,1,310
2563,699,1982,1,310
2564,699,1982,1,318
2565,699,1982,1,317
2566,699,1982,1,317
2567,699,1982,1,315
2568,699,1982,1,317
2569,699,1982,1,314
2570,699,1982,1,317
2571,699,1982,1,317
2572,699,1982,1,306
2573,699,1982,1,324
2574,699,1982,1,312
2575,699,1982,1,319
2576,699,1982,1,319
2577,699,1982,1,316
2578,699,1982,1,308
2579,700,1982,1,318
2580,700,1982,1,318
2581,700,1982,1,307
2582,699,1982,1,310
2583,699,1982,1,305
2584,699,1982,1,304
2585,699,1982,1,300
2586,700,1982,1,295
2589,699,1982,1,295
2590,699,1982,1,300
2591,699,1982,1,295
2592,699,1982,1,303
2593,699,1982,1,303
2594,698,1982,1,314
2595,699,1982,1,300
2596,699,1982,1,300
2597,698,1982,1,290
2598,697,1981,1,296
2599,697,1981,1,294
2600,698,1981,1,279
2601,698,1982,1,281
2602,699,1982,1,293
2603,698,1982,1,301
2604,698,1982,1,289
2605,698,1981,1,294
2606,698,1981,1,282
2607,698,1981,1,287
2608,698,1982,1,308
2609,698,1982,1,301
2610,699,1982,1,301
2611,698,1981,1,308
2612,698,1982,1,295
2613,698,1982,1,296
2614,698,1982,1,297
2615,698,1982,1,304
2616,699,1982,1,300
2617,699,1982,1,297
2618,699,1982,1,309
2619,699,1982,1,312
2620,699,1982,1,307
2621,699,1982,1,312
2622,699,1982,1,305
2623,699,1982,1,307
2624,699,1982,1,308
2625,699,1982,1,310
2626,699,1982,1,309
2627,699,1982,1,306
2628,699,1982,1,315
2629,699,1982,1,305
2630,699,1982,1,319
2631,699,1982,1,312
2632,699,1982,1,303
2633,699,1982,1,308
2634,699,1982,1,303
2635,699,1982,1,300
2636,699,1982,1,295
2637,699,1982,1,301
2638,699,1982,1,305
2639,700,1982,1,309
2640,699,1982,1,313
2641,699,1982,1,304
2642,700,1983,1,310
2643,700,1983,1,315
2644,700,1983,1,308
2645,700,1983,1,307
2646,700,1983,1,307
2647,700,1983,1,312
2648,700,1983,1,310
2649,700,1983,1,311
2650,700,1983,1,313
2651,700,1983,1,307
2652,700,1983,1,312
2653,700,1983,1,311
2654,700,1983,1,313
2655,700,1982,1,306
2656,699,1982,1,315
2657,700,1983,1,318
2658,700,1982,1,321
2659,700,1982,1,300
2660,699,1982,1,299
2661,699,1982,1,296
2662,699,1982,1,299
2663,699,1982,1,306
2664,699,1982,1,304
2665,699,1982,1,308
2666,699,1982,1,315
2667,699,1982,1,310
2668,699,1982,1,309
2669,699,1982,1,309
2670,699,1982,1,309
2671,699,1982,1,309
2672,699,1982,1,308
2673,699,1982,1,309
2674,699,1982,1,309
2675,699,1982,1,312
2676,699,1982,1,310
2677,699,1982,1,312
2678,699,1982,1,309
2679,699,1982,1,309
2680,699,1982,1,311
2681,699,1982,1,309
2682,699,1982,1,310
2683,699,1982,1,309
2684,699,1982,1,309
2685,699,1982,1,310
2686,699,1982,1,312
2687,699,1982,1,309
2688,699,1982,1,306
2689,699,1982,1,310
2690,699,1982,1,312
2691,699,1982,1,307
2692,699,1982,1,307
2693,699,1982,1,309
2694,699,1982,1,307
2695,699,1982,1,310
2696,699,1982,1,307
2697,699,1982,1,309
2698,699,1982,1,303
2699,699,1982,1,305
2700,699,1982,1,300
2701,699,1982,1,295
2702,699,1982,1,301
2703,699,1982,1,303
2704,699,1982,1,309
2705,699,1982,1,308
2706,699,1982,1,309
2707,699,1982,1,309
2708,699,1982,1,312
2709,699,1982,1,310
2710,699,1982,1,304
2711,699,1982,1,304
2712,699,1982,1,299
2713,699,1982,1,309
2714,699,1982,1,302
2715,699,1982,1,309
2716,699,1982,1,307
2717,699,1982,1,309
2718,699,1982,1,310
2719,699,1982,1,309
2720,699,1982,1,307
2721,699,1982,1,309
2722,699,1982,1,309
2723,699,1982,1,305
2724,699,1982,1,309
2725,699,1982,1,310
2726,699,1982,1,312
2727,699,1982,1,312
2728,699,1982,1,305
2729,699,1982,1,309
2730,699,1982,1,304
2731,699,1982,1,303
2732,699,1982,1,303
2733,699,1982,1,307
2734,699,1982,1,310
2735,699,1982,1,309
2736,699,1982,1,307
2737,699,1982,1,309
2738,699,1982,1,310
2739,699,1982,1,307
2740,699,1982,1,307
2741,699,1982,1,310
2742,699,1982,1,309
2743,699,1982,1,308
2744,699,1982,1,309
2745,699,1982,1,304
2746,699,1982,1,307
2747,699,1982,1,309
2748,699,1982,1,303
2749,699,1982,1,310
2750,699,1982,1,299
2751,699,1982,1,312
2752,699,1982,1,307
2753,699,1982,1,309
2754,699,1982,1,309
2755,699,1982,1,309
2756,699,1982,1,310
2757,699,1982,1,307
2758,699,1982,1,306
2759,699,1982,1,307
2760,699,1982,1,309
2761,699,1982,1,302
2762,699,1982,1,303
2763,699,1982,1,302
2764,699,1982,1,309
2765,699,1982,1,307
2766,699,1982,1,312
2767,699,1982,1,310
2768,699,1982,1,303
2769,699,1982,1,314
2770,699,1982,1,310
2771,699,1982,1,309
2772,699,1982,1,309
2773,699,1982,1,311
2774,699,1982,1,306
2775,699,1982,1,303
2776,699,1982,1,318
2777,699,1982,1,314
2778,699,1982,1,313
2779,699,1982,1,314
2780,699,1982,1,311
2781,699,1982,1,315
2782,699,1982,1,311
2783,699,1982,1,318
2784,699,1982,1,297
2789,700,1984,1,21
2790,700,1984,1,35
2793,700,1983,1,302
2794,700,1982,1,303
2795,700,1982,1,301
2796,699,1982,1,302
2797,699,1982,1,303
2798,699,1982,1,297
2799,699,1982,1,294
2800,699,1982,1,308
2801,699,1982,1,310
2802,699,1982,1,308
2803,699,1982,1,315
2804,699,1982,1,310
2805,699,1982,1,310
2806,699,1982,1,310
2807,699,1982,1,310
2808,699,1982,1,308
2809,699,1982,1,315
2810,699,1982,1,310
2811,699,1982,1,314
2812,699,1982,1,315
2813,699,1982,1,310
2814,699,1982,1,312
2815,699,1982,1,310
2816,699,1982,1,315
2817,699,1982,1,315
2818,699,1982,1,315
2819,699,1982,1,308
2820,699,1982,1,310
2821,699,1982,1,308
2822,699,1982,1,312
2823,699,1982,1,311
2824,699,1982,1,308
2825,699,1982,1,306
2826,699,1982,1,314
2827,699,1982,1,312
2828,699,1982,1,316
2829,699,1982,1,317
2830,699,1982,1,319
2831,699,1982,1,315
2832,699,1982,1,316
2833,699,1983,1,311
2834,699,1983,1,308
2835,699,1983,1,317
2836,699,1982,1,312
2837,699,1982,1,312
2838,699,1982,1,310
2839,699,1982,1,313
2840,699,1982,1,306
2841,699,1982,1,308
2842,698,1982,1,307
2843,698,1982,1,309
2844,699,1982,1,323
2845,698,1982,1,311
2846,699,1983,1,315
2847,698,1983,1,312
2848,698,1983,1,319
2849,698,1982,1,320
2850,698,1982,1,320
2851,698,1982,1,306
2852,698,1982,1,300
2853,698,1982,1,305
2854,698,1982,1,304
2855,699,1983,1,334
2856,699,1984,1,331
2857,700,1985,1,332
2858,699,1985,1,338
2859,698,1984,1,340
2860,698,1984,1,341
2861,698,1984,1,334
2862,698,1983,1,353
2863,698,1983,1,322
2864,698,1983,1,315
2865,699,1983,1,301
2866,698,1983,1,294
2867,697,1985,1,303
2868,696,1985,1,308
2869,695,1985,1,311
2870,695,1985,1,314
2871,695,1984,1,315
2872,694,1985,1,308
2874,695,1985,1,315
2875,695,1985,1,315
2876,696,1985,1,322
2877,695,1985,1,321
2881,696,1984,1,349
2883,700,1985,1,359
2884,700,1984,1,353
2885,700,1984,1,319
2886,700,1984,1,308
2887,700,1983,1,293
2888,699,1982,1,317
2889,699,1982,1,315
2890,699,1982,1,318
2891,699,1982,1,311
2892,699,1982,1,313
2893,699,1982,1,306
2894,699,1982,1,310
2895,699,1982,1,309
2896,699,1982,1,309
2897,699,1982,1,312
2898,699,1982,1,309
2899,699,1982,1,321
2900,699,1982,1,322
2901,699,1982,1,314
2902,699,1982,1,318
2903,699,1982,1,310
2904,699,1982,1,312
2905,699,1982,1,314
2906,699,1982,1,309
2907,699,1982,1,311
2908,699,1982,1,313
2909,699,1982,1,312
2910,699,1982,1,308
2911,699,1982,1,309
2912,699,1982,1,308
2913,699,1982,1,307
2914,699,1982,1,309
2915,699,1982,1,309
2916,699,1982,1,303
2917,699,1982,1,296
2918,699,1982,1,309
2919,699,1982,1,309
2920,699,1982,1,307
2921,699,1982,1,307
2922,699,1982,1,310
2923,699,1982,1,309
2924,699,1982,1,307
2925,699,1982,1,318
2926,700,1982,1,316
2927,700,1982,1,316
2928,700,1983,1,315
2929,700,1982,1,316
2930,699,1982,1,316
2931,699,1982,1,314
2932,699,1982,1,313
2933,700,1983,1,313
2934,700,1983,1,312
2935,700,1983,1,311
2936,699,1983,1,320
2937,700,1982,1,332
2938,700,1983,1,321
2939,700,1983,1,313
2940,700,1983,1,313
2941,700,1983,1,307
2942,699,1982,1,298
2943,698,1981,1,277
2944,697,1982,1,280
2945,696,1983,1,280
2948,695,1986,1,302
2955,690,1990,1,332
2956,690,1990,1,315
2960,699,1984,1,244
2961,699,1983,1,283
2962,699,1983,1,293
2963,699,1983,1,325
2964,700,1983,1,354
2965,700,1984,1,344
2966,699,1983,1,349
2967,700,1983,1,355
2968,700,1983,1,330
2969,699,1983,1,335
2970,699,1984,1,352
2971,699,1984,1,356
2972,698,1984,1,356
2973,698,1984,1,8
2974,702,1982,0,20
2978,699,1983,1,269
2979,699,1983,1,299
2980,699,1983,1,319
2981,699,1982,1,314
2982,699,1982,1,311
2983,699,1982,1,312
2984,699,1982,1,308
2985,699,1982,1,316
2986,699,1982,1,312
2987,700,1982,1,317
2988,700,1982,1,324
2989,700,1982,1,324
2990,700,1982,1,318
2991,700,1982,1,322
2992,699,1982,1,326
2993,699,1982,1,326
2994,699,1982,1,328
2995,699,1982,1,330
2996,699,1982,1,330
2997,699,1982,1,318
2998,699,1982,1,319
2999,699,1982,1,332
