0,103,487,0,8
1,103,487,0,8
2,103,487,0,8
3,103,487,0,8
4,103,487,0,7
5,102,487,0,9
6,103,486,0,10
7,103,486,0,10
8,103,487,0,9
9,103,487,0,9
10,103,487,0,9
11,103,487,0,8
12,103,487,0,7
13,103,487,0,8
14,103,487,0,7
15,103,487,0,9
16,103,487,0,8
17,103,487,0,8
18,103,487,0,8
19,102,486,0,11
20,102,487,0,10
21,102,486,0,12
22,102,486,0,11
23,102,486,0,13
24,101,486,0,12
25,101,486,0,13
26,101,487,0,11
27,102,487,0,9
28,102,487,0,9
29,103,487,0,7
30,102,487,0,8
31,103,487,0,6
32,102,487,0,6
33,103,487,0,6
34,103,488,0,5
35,103,488,0,5
36,103,488,0,4
37,103,488,0,4
38,103,488,0,4
39,103,488,0,3
40,103,488,0,3
41,103,488,0,4
42,103,488,0,3
43,103,488,0,3
44,103,488,0,3
45,103,488,0,2
46,103,488,0,3
47,103,488,0,2
48,103,488,0,2
49,103,488,0,2
50,102,488,0,2
51,103,488,0,1
52,102,488,0,1
53,103,488,0,0
54,103,488,0,0
55,103,488,0,1
56,103,488,0,0
57,103,488,0,0
58,103,488,0,0
59,103,488,0,0
60,103,489,0,0
61,103,489,0,0
62,103,488,0,0
63,103,488,0,359
64,103,488,0,359
65,103,489,0,0
66,103,489,0,0
67,103,489,0,359
68,103,489,0,359
69,103,489,0,358
70,104,489,0,357
71,104,489,0,356
72,104,489,0,356
73,105,489,0,356
74,105,489,0,356
75,105,489,0,356
76,104,489,0,356
77,104,489,0,357
78,105,489,0,357
79,105,489,0,356
80,105,489,0,356
81,105,489,0,357
82,104,489,0,358
83,104,489,0,358
84,104,489,0,357
85,104,489,0,358
86,104,489,0,358
87,104,489,0,358
88,104,489,0,358
89,104,489,0,358
90,105,489,0,357
91,104,489,0,358
92,105,489,0,358
93,105,489,0,358
94,105,489,0,358
95,105,489,0,358
96,104,489,0,358
97,104,489,0,359
98,104,489,0,359
99,104,489,0,359
100,104,489,0,359
101,104,489,0,359
102,104,489,0,358
103,104,489,0,359
104,104,489,0,359
105,104,489,0,359
106,104,489,0,0
107,104,489,0,358
108,104,489,0,358
109,104,489,0,0
110,104,489,0,359
111,104,489,0,359
112,104,489,0,359
113,105,489,0,358
114,104,489,0,359
115,104,489,0,359
116,104,489,0,0
117,103,489,0,1
118,104,489,0,359
119,104,489,0,0
120,104,489,0,0
121,104,489,0,0
122,104,489,0,0
123,104,489,0,0
124,104,489,0,359
125,104,489,0,359
126,104,489,0,0
127,104,489,0,0
128,104,489,0,0
129,104,489,0,0
130,104,489,0,0
131,103,489,0,0
132,103,489,0,0
133,104,489,0,0
134,103,489,0,0
135,103,489,0,1
136,103,489,0,1
137,103,489,0,1
138,104,489,0,359
139,104,489,0,358
140,104,489,0,359
141,104,489,0,358
142,104,489,0,359
143,104,489,0,359
144,104,489,0,359
145,104,489,0,359
146,104,489,0,359
147,103,489,0,359
148,103,489,0,359
149,103,489,0,0
150,103,489,0,0
151,104,489,0,359
152,104,489,0,359
153,104,489,0,359
154,104,489,0,359
155,104,489,0,359
156,104,489,0,357
157,103,489,0,359
158,103,489,0,0
159,103,489,0,359
160,104,489,0,359
161,103,489,0,0
162,103,489,0,0
163,103,489,0,0
164,103,489,0,0
165,103,489,0,0
166,103,489,0,0
167,103,489,0,0
168,103,489,0,0
169,103,489,0,0
170,103,489,0,0
171,103,489,0,0
172,103,489,0,0
173,103,489,0,0
174,103,489,0,0
175,103,489,0,1
176,103,489,0,359
177,103,489,0,0
178,103,489,0,0
179,103,489,0,0
180,103,489,0,0
181,103,489,0,0
182,103,489,0,0
183,103,489,0,0
184,103,489,0,0
185,103,489,0,359
186,103,489,0,0
187,103,489,0,0
188,103,489,0,0
189,103,489,0,0
190,103,489,0,359
191,103,489,0,0
192,103,489,0,359
193,103,489,0,0
194,104,489,0,359
195,103,490,0,0
196,103,489,0,0
197,103,489,0,0
198,103,489,0,0
199,103,489,0,0
200,103,489,0,0
201,103,489,0,0
202,103,489,0,0
203,103,490,0,0
204,103,489,0,0
205,103,490,0,359
206,103,490,0,359
207,104,489,0,0
208,104,489,0,1
209,103,488,0,1
210,104,488,0,0
211,103,488,0,1
212,104,489,0,1
213,103,489,0,1
214,103,489,0,0
215,104,489,0,1
216,104,489,0,0
217,104,489,0,0
218,104,489,0,0
219,103,489,0,1
220,103,489,0,1
221,103,488,0,2
222,103,488,0,2
223,103,489,0,1
224,103,488,0,2
225,103,489,0,1
226,104,489,0,1
227,103,488,0,1
228,103,488,0,1
229,104,489,0,0
230,103,489,0,1
231,103,489,0,1
232,103,488,0,1
233,103,488,0,1
234,104,489,0,1
235,104,488,0,1
236,103,488,0,2
237,103,488,0,3
238,103,488,0,3
239,103,488,0,2
240,102,488,0,3
241,102,488,0,2
242,102,488,0,3
243,103,488,0,3
244,102,488,0,3
245,102,488,0,2
246,103,488,0,2
247,103,488,0,2
248,103,488,0,3
249,102,488,0,2
250,103,488,0,2
251,102,489,0,2
252,102,488,0,3
253,102,488,0,2
254,103,489,0,2
255,103,488,0,2
256,102,488,0,2
257,102,488,0,2
258,102,488,0,3
259,102,488,0,2
260,102,488,0,2
261,103,488,0,2
262,103,488,0,3
263,102,488,0,3
264,102,488,0,3
265,102,488,0,3
266,102,488,0,3
267,102,488,0,3
268,102,488,0,3
269,102,488,0,3
270,102,488,0,4
271,102,488,0,3
272,102,488,0,3
273,102,488,0,3
274,102,488,0,3
275,102,488,0,3
276,102,488,0,3
277,102,488,0,3
278,103,488,0,2
279,103,488,0,2
280,103,488,0,2
281,103,489,0,2
282,102,488,0,2
283,102,489,0,3
284,102,488,0,2
285,102,489,0,2
286,102,488,0,2
287,102,488,0,2
288,102,488,0,2
289,103,489,0,2
290,103,489,0,2
291,103,489,0,2
292,102,489,0,2
293,103,489,0,1
294,103,489,0,1
295,103,489,0,1
296,103,489,0,1
297,103,489,0,0
298,103,489,0,1
299,103,489,0,1
300,103,489,0,0
301,103,489,0,1
302,103,489,0,1
303,103,489,0,0
304,103,489,0,0
305,103,489,0,1
306,103,489,0,1
307,103,489,0,1
308,103,489,0,1
309,103,489,0,0
310,103,489,0,0
311,103,489,0,0
312,103,489,0,1
313,103,489,0,1
314,103,489,0,1
315,103,489,0,0
316,103,489,0,0
317,103,489,0,0
318,103,489,0,1
319,103,489,0,0
320,103,489,0,0
321,103,489,0,0
322,103,489,0,0
323,103,489,0,0
324,103,489,0,0
325,103,489,0,1
326,103,489,0,0
327,103,489,0,0
328,103,489,0,0
329,103,489,0,0
330,103,489,0,0
331,103,489,0,0
332,103,489,0,0
333,103,489,0,1
334,103,489,0,1
335,103,489,0,1
336,103,489,0,2
337,103,489,0,1
338,103,489,0,0
339,103,489,0,0
340,103,489,0,0
341,103,489,0,359
342,103,489,0,0
343,103,489,0,0
344,103,489,0,0
345,103,489,0,359
346,104,489,0,359
347,104,489,0,0
348,103,489,0,0
349,103,489,0,1
350,104,489,0,0
351,103,489,0,0
352,104,489,0,359
353,104,489,0,0
354,104,489,0,0
355,105,489,0,1
356,104,489,0,1
357,104,488,0,1
358,104,488,0,1
359,104,489,0,1
360,104,489,0,0
361,104,489,0,0
362,105,489,0,0
363,104,488,0,0
364,104,488,0,0
365,104,488,0,0
366,104,488,0,1
367,104,489,0,1
368,104,489,0,2
369,104,489,0,1
370,104,489,0,2
371,104,489,0,1
372,104,489,0,1
373,104,489,0,1
374,104,489,0,1
375,104,489,0,1
376,104,489,0,2
377,104,489,0,1
378,105,489,0,1
379,105,489,0,0
380,105,489,0,0
381,105,489,0,0
382,105,489,0,0
383,105,489,0,0
384,105,489,0,0
385,105,489,0,0
386,105,489,0,0
387,105,489,0,0
388,105,489,0,0
389,105,489,0,0
390,105,489,0,0
391,105,489,0,359
392,105,489,0,358
393,106,489,0,358
394,106,489,0,358
395,106,489,0,358
396,106,489,0,358
397,106,489,0,358
398,106,489,0,358
399,106,489,0,359
400,106,489,0,359
401,106,489,0,359
402,106,489,0,359
403,106,489,0,359
404,106,489,0,0
405,106,489,0,0
406,107,489,0,0
407,107,489,0,0
408,107,489,0,359
409,107,489,0,359
410,107,489,0,0
411,107,488,0,0
412,107,488,0,0
413,107,488,0,0
414,107,489,0,0
415,107,488,0,1
416,107,488,0,1
417,107,488,0,1
418,107,488,0,1
419,107,488,0,1
420,107,488,0,1
421,106,488,0,1
422,106,488,0,1
423,106,488,0,2
424,106,489,0,1
425,106,489,0,1
426,106,489,0,1
427,106,488,0,2
428,106,488,0,2
429,107,488,0,1
430,106,489,0,2
431,106,489,0,2
432,106,489,0,2
433,106,489,0,2
434,106,489,0,2
435,106,489,0,2
436,106,489,0,1
437,106,489,0,1
438,106,489,0,1
439,106,489,0,1
440,106,489,0,1
441,106,488,0,2
442,105,488,0,2
443,106,488,0,1
444,106,488,0,1
445,107,488,0,0
446,107,488,0,2
447,105,488,0,3
448,106,488,0,1
449,106,488,0,1
450,106,488,0,1
451,106,488,0,2
452,107,488,0,1
453,106,488,0,2
454,106,488,0,2
455,106,488,0,2
456,107,488,0,2
457,107,488,0,2
458,107,488,0,1
459,107,488,0,1
460,107,488,0,1
461,107,488,0,0
462,107,488,0,1
463,107,488,0,2
464,107,488,0,2
465,107,488,0,1
466,107,488,0,1
467,107,488,0,1
468,107,488,0,1
469,107,488,0,1
470,107,488,0,1
471,107,488,0,1
472,107,488,0,1
473,107,488,0,1
474,107,488,0,1
475,107,488,0,1
476,107,488,0,1
477,107,488,0,1
478,107,488,0,1
479,107,488,0,1
480,108,488,0,1
481,107,488,0,1
482,107,488,0,0
483,108,488,0,0
484,108,488,0,0
485,108,488,0,0
486,108,488,0,1
487,108,488,0,0
488,108,488,0,0
489,108,488,0,1
490,108,488,0,0
491,108,488,0,0
492,108,488,0,0
493,108,488,0,0
494,108,488,0,0
495,108,488,0,1
496,107,488,0,1
497,107,488,0,1
498,107,488,0,1
499,107,488,0,1
500,107,488,0,1
501,107,488,0,1
502,107,488,0,1
503,107,488,0,0
504,107,488,0,0
505,107,488,0,0
506,107,488,0,0
507,108,488,0,0
508,107,488,0,1
509,107,488,0,1
510,107,488,0,1
511,106,488,0,1
512,106,488,0,1
513,106,488,0,1
514,106,488,0,1
515,105,488,0,0
516,104,488,0,3
517,104,489,0,3
518,104,489,0,1
519,104,489,0,2
520,104,489,0,1
521,104,489,0,2
522,105,489,0,2
523,105,489,0,2
524,105,489,0,2
525,104,489,0,1
526,104,488,0,1
527,104,488,0,1
528,105,489,0,2
529,105,489,0,2
530,105,489,0,2
531,105,489,0,2
532,105,489,0,2
533,105,488,0,2
534,105,489,0,2
535,105,489,0,2
536,105,489,0,3
537,105,489,0,4
538,105,489,0,4
539,105,489,0,4
540,105,489,0,4
541,104,489,0,3
542,105,489,0,3
543,104,489,0,3
544,104,489,0,4
545,105,489,0,3
546,104,489,0,4
547,105,489,0,3
548,105,489,0,3
549,106,489,0,3
550,106,489,0,3
551,106,489,0,3
552,105,489,0,3
553,105,489,0,3
554,104,489,0,2
555,104,489,0,2
556,105,489,0,3
557,105,489,0,4
558,105,489,0,4
559,105,489,0,4
560,105,489,0,4
561,105,490,0,3
562,104,489,0,2
563,105,489,0,2
564,105,489,0,3
565,105,489,0,3
566,109,489,0,2
567,107,488,0,2
568,105,488,0,2
569,106,488,0,2
570,107,488,0,2
571,107,488,0,1
572,110,488,0,0
573,106,488,0,2
574,105,489,0,2
575,105,489,0,359
576,105,489,0,0
577,105,489,0,359
578,105,489,0,1
579,110,489,0,0
580,105,489,0,4
581,105,489,0,4
582,110,489,0,0
583,105,488,0,5
584,105,488,0,6
585,105,488,0,5
586,105,488,0,5
587,105,488,0,5
588,105,488,0,4
589,105,489,0,3
590,106,488,0,5
591,109,488,0,1
592,106,488,0,5
593,105,488,0,4
594,112,488,0,358
595,105,488,0,1
596,106,488,0,0
597,106,488,0,359
598,106,488,0,1
599,106,487,0,359
600,106,487,0,3
601,106,488,0,3
602,106,488,0,2
603,106,488,0,2
604,107,488,0,0
605,106,488,0,2
606,106,488,0,3
607,106,488,0,4
608,106,488,0,3
609,106,488,0,2
610,106,488,0,2
611,106,488,0,1
612,107,487,0,0
613,107,487,0,0
614,107,487,0,0
615,107,488,0,359
616,107,488,0,0
617,107,488,0,1
618,107,487,0,1
619,107,488,0,0
620,107,488,0,2
621,107,488,0,2
622,107,488,0,2
623,107,488,0,1
624,107,488,0,1
625,108,488,0,2
626,108,488,0,3
627,107,488,0,4
628,108,488,0,3
629,107,488,0,3
630,107,488,0,2
631,107,488,0,3
632,107,488,0,2
633,107,489,0,2
634,107,488,0,2
635,107,489,0,0
636,107,489,0,358
637,107,489,0,358
638,107,489,0,358
639,107,489,0,358
640,107,489,0,358
641,108,489,0,358
642,108,489,0,357
643,108,489,0,357
644,108,489,0,357
645,109,489,0,356
646,108,489,0,356
647,108,489,0,356
648,108,489,0,356
649,109,489,0,356
650,109,489,0,356
651,108,489,0,355
652,108,489,0,355
653,107,490,0,355
654,107,489,0,354
655,107,489,0,354
656,107,489,0,353
657,107,489,0,353
658,107,489,0,354
659,107,489,0,353
660,107,489,0,352
661,107,489,0,354
662,106,489,0,354
663,107,489,0,353
664,107,489,0,353
665,107,489,0,354
666,106,489,0,354
667,106,489,0,353
668,106,489,0,353
669,106,489,0,353
670,106,489,0,352
671,106,489,0,352
672,106,489,0,352
673,106,489,0,351
674,106,489,0,351
675,106,489,0,351
676,106,489,0,352
677,106,489,0,353
678,106,489,0,351
679,106,489,0,351
680,106,489,0,351
681,106,489,0,351
682,106,489,0,352
683,106,489,0,351
684,106,489,0,352
685,106,489,0,352
686,106,489,0,352
687,106,489,0,353
688,106,489,0,353
689,106,489,0,353
690,106,489,0,353
691,106,489,0,352
692,106,489,0,352
693,106,489,0,352
694,106,489,0,352
695,106,489,0,352
696,106,489,0,352
697,106,489,0,353
698,106,489,0,352
699,106,489,0,353
700,106,489,0,353
701,107,489,0,353
702,106,489,0,353
703,106,489,0,353
704,106,489,0,353
705,106,489,0,353
706,106,489,0,353
707,106,489,0,353
708,106,489,0,352
709,106,489,0,352
710,106,489,0,353
711,106,489,0,352
712,106,489,0,352
713,106,489,0,353
714,106,489,0,353
715,106,489,0,352
716,106,489,0,352
717,106,489,0,353
718,106,489,0,353
719,106,489,0,353
720,106,489,0,353
721,106,489,0,352
722,106,489,0,352
723,106,489,0,353
724,106,489,0,353
725,106,489,0,353
726,106,489,0,352
727,106,489,0,353
728,106,489,0,352
729,107,490,0,353
730,107,490,0,352
731,107,490,0,353
732,107,490,0,353
733,107,490,0,353
734,107,490,0,352
735,106,490,0,352
736,107,490,0,351
737,107,490,0,351
738,107,490,0,351
739,107,490,0,351
740,107,490,0,351
741,107,490,0,350
742,108,490,0,349
743,108,490,0,349
744,108,491,0,349
745,108,491,0,349
746,108,491,0,349
747,108,491,0,349
748,108,491,0,350
749,108,491,0,349
750,108,491,0,349
751,108,491,0,349
752,108,491,0,349
753,109,491,0,350
754,109,491,0,351
755,109,491,0,351
756,108,491,0,351
757,108,491,0,350
758,107,491,0,350
759,109,491,0,351
760,107,490,0,351
761,107,490,0,352
762,106,490,0,352
763,107,490,0,352
764,106,490,0,353
765,106,490,0,352
766,106,490,0,352
767,106,490,0,352
768,107,490,0,352
769,106,490,0,353
770,106,490,0,354
771,106,490,0,354
772,106,490,0,353
773,107,490,0,353
774,107,490,0,353
775,107,490,0,355
776,107,490,0,354
777,107,490,0,353
778,107,490,0,354
779,106,490,0,355
780,107,490,0,355
781,107,490,0,355
782,107,490,0,356
783,108,490,0,355
784,108,490,0,355
785,110,490,0,356
786,112,490,0,356
787,115,490,0,358
788,117,490,0,358
789,115,490,0,357
790,115,490,0,357
791,115,490,0,357
792,114,490,0,357
793,115,490,0,356
794,113,490,0,355
795,115,490,0,357
796,116,490,0,358
797,115,490,0,358
798,111,490,0,358
799,110,490,0,358
800,111,490,0,359
801,111,490,0,358
802,112,490,0,358
803,111,490,0,359
804,112,490,0,359
805,111,490,0,0
806,111,490,0,359
807,113,490,0,358
808,112,490,0,358
809,111,490,0,358
810,110,490,0,358
811,112,490,0,355
812,108,490,0,354
813,107,490,0,354
814,107,490,0,354
815,107,490,0,353
816,107,490,0,353
817,107,490,0,353
818,107,490,0,353
819,107,490,0,352
820,107,490,0,352
821,107,490,0,352
822,107,490,0,351
823,107,490,0,351
824,107,490,0,352
825,107,490,0,353
826,107,490,0,351
827,107,490,0,351
828,107,490,0,351
829,107,490,0,352
830,107,490,0,351
831,106,490,0,351
832,106,490,0,352
833,107,490,0,352
834,106,490,0,352
835,106,490,0,352
836,106,490,0,352
837,106,490,0,353
838,106,490,0,353
839,106,490,0,352
840,106,490,0,353
841,106,490,0,352
842,106,490,0,352
843,106,490,0,353
844,106,490,0,352
845,106,490,0,353
846,106,490,0,353
847,106,490,0,352
848,106,490,0,353
849,106,490,0,354
850,107,490,0,352
851,106,490,0,353
852,106,490,0,353
853,106,490,0,352
854,106,490,0,352
855,106,490,0,353
856,106,490,0,352
857,106,490,0,352
858,106,490,0,352
859,106,490,0,353
860,106,490,0,352
861,106,490,0,353
862,106,490,0,353
863,106,490,0,353
864,106,490,0,353
865,107,490,0,353
866,106,490,0,353
867,106,490,0,354
868,106,490,0,353
869,106,490,0,353
870,106,490,0,354
871,107,490,0,353
872,106,490,0,354
873,107,490,0,353
874,107,491,0,352
875,107,491,0,353
876,107,491,0,352
877,107,490,0,353
878,107,490,0,353
879,107,490,0,354
880,107,490,0,353
881,107,491,0,353
882,107,491,0,352
883,107,491,0,353
884,107,491,0,352
885,107,491,0,352
886,108,491,0,353
887,109,491,0,354
888,109,491,0,354
889,108,491,0,355
890,109,491,0,355
891,109,490,0,355
892,108,490,0,355
893,109,491,0,356
894,110,491,0,356
895,110,491,0,355
896,112,491,0,355
897,110,490,0,356
898,109,490,0,356
899,109,490,0,356
900,109,490,0,356
901,109,490,0,356
902,109,490,0,357
903,109,490,0,358
904,109,490,0,358
905,112,490,0,356
906,113,491,0,356
907,115,491,0,357
908,116,491,0,356
909,109,490,0,354
910,110,490,0,354
911,107,490,0,356
912,109,490,0,354
913,107,490,0,356
914,108,490,0,357
915,110,490,0,355
916,114,491,0,359
917,114,491,0,358
918,113,490,0,357
919,112,491,0,0
920,112,491,0,0
921,109,491,0,0
922,109,491,0,359
923,109,491,0,0
924,109,490,0,0
925,109,490,0,0
926,109,491,0,0
927,109,491,0,359
928,109,490,0,359
929,109,491,0,0
930,108,490,0,359
931,109,491,0,359
932,108,491,0,0
933,108,491,0,0
934,108,491,0,0
935,109,491,0,359
936,110,491,0,358
937,110,491,0,358
938,110,491,0,358
939,108,491,0,359
940,108,491,0,358
941,107,491,0,359
942,108,491,0,358
943,108,490,0,359
944,108,490,0,358
945,108,491,0,358
946,108,491,0,357
947,108,491,0,357
948,108,491,0,357
949,108,491,0,357
950,107,491,0,359
951,107,491,0,357
952,111,491,0,356
953,116,491,0,356
954,115,491,0,356
955,114,491,0,357
956,116,492,0,355
957,117,492,0,355
958,111,491,0,357
959,110,491,0,358
960,111,491,0,356
961,111,491,0,356
962,116,492,0,356
963,117,492,0,355
964,117,492,0,355
965,116,492,0,354
966,116,492,0,354
967,117,492,0,355
968,116,492,0,354
969,116,492,0,355
970,116,492,0,355
971,115,492,0,354
972,115,492,0,354
973,116,492,0,354
974,115,492,0,354
975,115,492,0,354
976,115,492,0,353
977,114,492,0,354
978,115,492,0,354
979,114,492,0,354
980,114,492,0,354
981,114,492,0,354
982,114,492,0,354
983,114,492,0,354
984,114,492,0,354
985,114,492,0,354
986,114,492,0,354
987,114,492,0,354
988,114,492,0,354
989,114,492,0,354
990,113,492,0,354
991,113,492,0,355
992,114,492,0,354
993,113,492,0,354
994,115,492,0,354
995,114,492,0,354
996,114,492,0,354
997,115,492,0,355
998,115,492,0,355
999,114,492,0,355
1000,115,492,0,354
1001,115,492,0,354
1002,115,492,0,355
1003,115,492,0,355
1004,114,492,0,354
1005,113,491,0,351
1006,112,491,0,351
1007,111,492,0,351
1008,113,492,0,350
1009,113,493,0,346
1010,114,493,0,348
1011,114,493,0,348
1012,114,492,0,348
1013,114,492,0,349
1014,114,493,0,349
1015,114,493,0,349
1016,114,493,0,350
1017,114,493,0,350
1018,113,493,0,349
1019,113,493,0,350
1020,114,493,0,350
1021,114,493,0,350
1022,113,493,0,351
1023,113,493,0,351
1024,113,493,0,350
1025,113,493,0,350
1026,113,493,0,350
1027,113,493,0,350
1028,113,493,0,350
1029,113,493,0,351
1030,113,493,0,350
1031,113,493,0,350
1032,113,493,0,350
1033,113,493,0,351
1034,112,493,0,350
1035,112,493,0,350
1036,112,493,0,350
1037,114,493,0,350
1038,113,493,0,350
1039,112,493,0,351
1040,112,493,0,350
1041,112,493,0,350
1042,113,493,0,351
1043,113,493,0,350
1044,113,493,0,350
1045,113,493,0,350
1046,113,493,0,350
1047,113,493,0,350
1048,112,493,0,350
1049,112,493,0,351
1050,112,493,0,351
1051,112,493,0,351
1052,112,493,0,351
1053,112,493,0,350
1054,112,493,0,350
1055,112,493,0,351
1056,112,493,0,351
1057,112,493,0,350
1058,112,493,0,350
1059,113,493,0,351
1060,112,493,0,351
1061,113,493,0,351
1062,112,493,0,350
1063,112,493,0,351
1064,112,493,0,351
1065,111,493,0,351
1066,112,493,0,350
1067,112,493,0,350
1068,112,493,0,351
1069,112,493,0,350
1070,112,493,0,351
1071,112,493,0,351
1072,112,493,0,351
1073,111,493,0,351
1074,111,493,0,350
1075,112,493,0,351
1076,112,493,0,351
1077,111,493,0,350
1078,111,493,0,350
1079,111,493,0,350
1080,111,493,0,349
1081,111,493,0,349
1082,111,493,0,349
1083,111,493,0,349
1084,111,493,0,349
1085,111,493,0,349
1086,110,493,0,349
1087,110,493,0,348
1088,110,493,0,348
1089,110,494,0,347
1090,110,493,0,349
1091,110,494,0,348
1092,111,494,0,349
1093,111,494,0,349
1094,110,494,0,349
1095,110,494,0,348
1096,110,494,0,347
1097,110,494,0,345
1098,109,494,0,345
1099,109,494,0,344
1100,109,494,0,344
1101,109,494,0,345
1102,108,494,0,345
1103,108,494,0,345
1104,108,494,0,344
1105,108,494,0,344
1106,109,494,0,343
1107,108,494,0,345
1108,109,494,0,345
1109,108,494,0,346
1110,108,494,0,345
1111,108,494,0,345
1112,108,494,0,345
1113,108,494,0,345
1114,108,494,0,346
1115,108,494,0,346
1116,108,494,0,345
1117,108,494,0,345
1118,109,494,0,345
1119,108,494,0,347
1120,109,494,0,346
1121,109,494,0,345
1122,109,494,0,346
1123,109,494,0,344
1124,109,494,0,346
1125,109,494,0,347
1126,109,494,0,346
1127,109,494,0,345
1128,109,494,0,345
1129,109,494,0,345
1130,109,494,0,345
1131,109,494,0,345
1132,109,494,0,346
1133,109,494,0,346
1134,109,494,0,346
1135,109,494,0,346
1136,109,494,0,346
1137,109,494,0,346
1138,109,494,0,346
1139,108,494,0,345
1140,109,494,0,346
1141,109,494,0,346
1142,109,494,0,346
1143,109,494,0,346
1144,108,494,0,345
1145,108,494,0,346
1146,109,494,0,346
1147,109,494,0,346
1148,109,494,0,346
1149,109,494,0,346
1150,109,494,0,345
1151,109,494,0,346
1152,109,494,0,346
1153,109,494,0,347
1154,109,494,0,346
1155,109,494,0,347
1156,109,494,0,345
1157,108,494,0,346
1158,109,494,0,346
1159,112,495,0,344
1160,111,495,0,344
1161,111,495,0,344
1162,111,495,0,344
1163,111,495,0,344
1164,111,495,0,344
1165,112,495,0,344
1166,112,495,0,344
1167,112,495,0,344
1168,111,495,0,344
1169,111,495,0,344
1170,112,495,0,344
1171,110,495,0,345
1172,111,495,0,344
1173,110,494,0,345
1174,111,494,0,345
1175,109,494,0,346
1176,111,494,0,345
1177,110,494,0,345
1178,111,495,0,344
1179,111,495,0,345
1180,111,494,0,346
1181,111,494,0,346
1182,112,495,0,346
1183,109,494,0,348
1184,109,494,0,347
1185,109,494,0,347
1186,109,494,0,347
1187,109,494,0,347
1188,111,494,0,345
1189,112,495,0,345
1190,113,495,0,344
1191,112,495,0,345
1192,111,495,0,344
1193,112,495,0,345
1194,111,494,0,345
1195,112,495,0,345
1196,112,495,0,344
1197,112,495,0,345
1198,112,495,0,345
1199,111,494,0,345
1200,112,495,0,345
1201,111,494,0,345
1202,112,495,0,345
1203,112,495,0,345
1204,112,495,0,346
1205,113,495,0,345
1206,112,495,0,345
1207,112,495,0,345
1208,112,495,0,345
1209,111,495,0,345
1210,112,495,0,345
1211,112,495,0,346
1212,113,495,0,345
1213,113,495,0,346
1214,112,495,0,346
1215,112,495,0,346
1216,112,495,0,346
1217,113,495,0,347
1218,113,495,0,347
1219,113,495,0,348
1220,113,495,0,348
1221,113,495,0,348
1222,112,494,0,349
1223,113,495,0,349
1224,112,494,0,349
1225,110,494,0,350
1226,109,494,0,351
1227,110,494,0,350
1228,112,494,0,349
1229,112,494,0,349
1230,114,495,0,349
1231,114,495,0,349
1232,115,495,0,348
1233,114,495,0,349
1234,113,495,0,348
1235,113,495,0,348
1236,113,495,0,348
1237,113,495,0,348
1238,112,495,0,347
1239,112,495,0,347
1240,112,495,0,348
1241,111,494,0,347
1242,109,494,0,347
1243,111,495,0,347
1244,110,494,0,347
1245,111,494,0,347
1246,110,494,0,347
1247,111,494,0,347
1248,112,494,0,348
1249,111,494,0,347
1250,112,494,0,347
1251,111,494,0,347
1252,111,494,0,347
1253,111,494,0,347
1254,111,494,0,347
1255,110,494,0,347
1256,109,494,0,346
1257,109,494,0,347
1258,109,494,0,347
1259,110,494,0,347
1260,110,494,0,347
1261,110,494,0,347
1262,111,494,0,347
1263,112,495,0,347
1264,109,494,0,348
1265,112,495,0,347
1266,114,495,0,347
1267,111,495,0,346
1268,110,494,0,345
1269,112,495,0,344
1270,113,496,0,343
1271,111,496,0,342
1272,106,495,0,342
1273,106,495,0,339
1274,106,495,0,339
1275,105,494,0,342
1276,106,495,0,340
1277,105,495,0,341
1278,105,496,0,341
1279,105,496,0,341
1280,105,496,0,340
1281,110,497,0,343
1282,106,496,0,339
1283,106,496,0,339
1284,107,497,0,337
1285,107,496,0,338
1286,110,497,0,342
1287,110,496,0,342
1288,108,496,0,342
1289,108,496,0,341
1290,106,495,0,340
1291,106,495,0,341
1292,106,495,0,341
1293,106,495,0,341
1294,106,495,0,342
1295,106,495,0,342
1296,106,495,0,343
1297,106,495,0,343
1298,106,495,0,343
1299,108,495,0,344
1300,106,495,0,344
1301,106,495,0,344
1302,107,495,0,344
1303,109,495,0,345
1304,108,495,0,344
1305,109,495,0,345
1306,109,495,0,345
1307,110,495,0,345
1308,110,495,0,345
1309,110,495,0,345
1310,111,495,0,346
1311,110,495,0,346
1312,111,495,0,346
1313,112,495,0,346
1314,111,495,0,346
1315,111,495,0,345
1316,112,495,0,346
1317,112,495,0,345
1318,112,495,0,345
1319,111,495,0,344
1320,111,495,0,345
1321,113,495,0,346
1322,113,495,0,346
1323,113,495,0,346
1324,112,495,0,345
1325,112,495,0,345
1326,111,495,0,345
1327,111,495,0,345
1328,111,495,0,345
1329,111,495,0,345
1330,111,495,0,345
1331,110,495,0,344
1332,110,495,0,344
1333,109,495,0,344
1334,109,495,0,344
1335,108,494,0,344
1336,110,495,0,344
1337,108,494,0,345
1338,110,494,0,345
1339,109,494,0,345
1340,111,495,0,345
1341,111,495,0,344
1342,111,495,0,345
1343,109,494,0,345
1344,110,495,0,345
1345,110,494,0,345
1346,111,495,0,346
1347,110,495,0,345
1348,109,494,0,346
1349,109,494,0,346
1350,109,494,0,347
1351,110,494,0,346
1352,110,494,0,346
1353,110,495,0,346
1354,110,494,0,346
1355,111,494,0,346
1356,109,494,0,346
1357,111,494,0,346
1358,112,495,0,346
1359,111,494,0,346
1360,110,494,0,346
1361,110,494,0,347
1362,112,495,0,346
1363,111,495,0,346
1364,110,495,0,345
1365,112,495,0,345
1366,112,495,0,345
1367,112,495,0,345
1368,111,494,0,346
1369,111,495,0,346
1370,111,494,0,346
1371,112,495,0,346
1372,113,495,0,346
1373,115,495,0,345
1374,114,495,0,346
1375,115,495,0,346
1376,115,495,0,347
1377,113,495,0,347
1378,114,495,0,346
1379,113,495,0,347
1380,113,495,0,346
1381,113,495,0,346
1382,113,495,0,347
1383,114,495,0,346
1384,114,495,0,346
1385,114,495,0,347
1386,114,495,0,347
1387,114,495,0,346
1388,114,495,0,347
1389,113,495,0,347
1390,113,495,0,346
1391,114,495,0,347
1392,115,495,0,348
1393,115,495,0,348
1394,115,495,0,348
1395,114,494,0,349
1396,113,495,0,348
1397,113,495,0,347
1398,112,494,0,346
1399,112,495,0,346
1400,112,495,0,346
1401,111,494,0,346
1402,112,495,0,346
1403,112,495,0,347
1404,112,495,0,346
1405,112,495,0,347
1406,112,495,0,347
1407,112,494,0,347
1408,113,495,0,348
1409,112,495,0,347
1410,113,495,0,347
1411,112,494,0,348
1412,114,495,0,348
1413,112,495,0,347
1414,111,494,0,347
1415,112,495,0,347
1416,112,494,0,348
1417,111,494,0,347
1418,112,495,0,347
1419,113,495,0,348
1420,111,494,0,348
1421,111,494,0,348
1422,112,494,0,348
1423,112,494,0,347
1424,113,494,0,348
1425,112,494,0,347
1426,107,493,0,349
1427,105,493,0,349
1428,105,492,0,353
1429,104,491,0,358
1430,105,491,0,356
1431,105,490,0,0
1432,104,491,0,1
1433,104,491,0,358
1434,104,491,0,0
1435,105,491,0,358
1436,106,491,0,358
1437,105,491,0,359
1438,109,490,0,358
1439,106,490,0,0
1440,103,490,0,3
1441,104,492,0,0
1442,106,492,0,355
1443,106,492,0,355
1444,105,491,0,359
1445,104,490,0,1
1446,104,490,0,0
1447,104,491,0,359
1448,104,491,0,357
1449,104,491,0,358
1450,104,491,0,357
1451,104,491,0,357
1452,104,491,0,356
1453,105,491,0,354
1454,104,491,0,355
1455,104,491,0,355
1456,104,491,0,355
1457,104,491,0,354
1458,104,491,0,354
1459,105,491,0,355
1460,105,491,0,355
1461,105,491,0,355
1462,105,491,0,355
1463,105,491,0,354
1464,105,491,0,353
1465,105,491,0,354
1466,105,491,0,354
1467,105,491,0,354
1468,105,491,0,353
1469,105,491,0,354
1470,105,491,0,353
1471,105,491,0,354
1472,105,491,0,355
1473,105,491,0,354
1474,105,492,0,354
1475,105,491,0,354
1476,105,492,0,354
1477,105,492,0,354
1478,105,492,0,354
1479,104,492,0,354
1480,105,492,0,355
1481,105,492,0,353
1482,106,491,0,354
1483,105,491,0,354
1484,105,491,0,354
1485,105,491,0,354
1486,105,492,0,354
1487,106,492,0,353
1488,106,492,0,354
1489,105,491,0,353
1490,106,492,0,354
1491,106,492,0,353
1492,106,492,0,353
1493,105,492,0,354
1494,106,491,0,353
1495,106,491,0,353
1496,105,491,0,352
1497,105,491,0,354
1498,104,492,0,353
1499,104,492,0,353
1500,104,492,0,353
1501,104,492,0,352
1502,105,492,0,354
1503,105,492,0,353
1504,105,492,0,353
1505,105,492,0,354
1506,105,492,0,354
1507,105,492,0,353
1508,105,492,0,354
1509,105,492,0,354
1510,105,492,0,353
1511,105,492,0,352
1512,105,492,0,352
1513,105,492,0,352
1514,105,492,0,353
1515,105,492,0,353
1516,105,492,0,352
1517,105,492,0,353
1518,105,492,0,352
1519,105,492,0,352
1520,105,492,0,353
1521,105,492,0,353
1522,105,492,0,353
1523,105,492,0,352
1524,105,492,0,353
1525,105,492,0,353
1526,105,492,0,353
1527,105,492,0,352
1528,105,492,0,352
1529,105,492,0,352
1530,105,492,0,352
1531,105,492,0,352
1532,105,492,0,352
1533,105,492,0,352
1534,105,492,0,352
1535,105,492,0,354
1536,105,492,0,354
1537,105,492,0,352
1538,105,492,0,353
1539,105,492,0,352
1540,106,492,0,352
1541,105,492,0,352
1542,106,492,0,352
1543,106,492,0,352
1544,107,492,0,350
1545,106,492,0,351
1546,106,492,0,352
1547,106,492,0,352
1548,106,492,0,351
1549,106,492,0,352
1550,106,492,0,352
1551,106,492,0,352
1552,105,492,0,352
1553,106,492,0,352
1554,105,492,0,353
1555,105,492,0,353
1556,106,492,0,353
1557,105,492,0,352
1558,105,492,0,353
1559,105,492,0,354
1560,105,492,0,353
1561,105,492,0,354
1562,106,493,0,351
1563,107,493,0,350
1564,107,493,0,348
1565,107,493,0,351
1566,109,493,0,349
1567,106,492,0,353
1568,106,492,0,353
1569,106,492,0,353
1570,106,492,0,352
1571,105,492,0,353
1572,106,492,0,352
1573,106,492,0,353
1574,105,492,0,354
1575,105,492,0,355
1576,105,492,0,355
1577,106,492,0,353
1578,105,492,0,354
1579,106,492,0,354
1580,106,492,0,354
1581,106,492,0,353
1582,106,492,0,354
1583,105,492,0,354
1584,105,492,0,355
1585,105,492,0,355
1586,105,492,0,354
1587,106,492,0,353
1588,105,492,0,354
1589,105,492,0,354
1590,105,492,0,353
1591,105,492,0,354
1592,105,492,0,354
1593,105,492,0,354
1594,106,492,0,353
1595,106,492,0,353
1596,106,492,0,354
1597,105,492,0,355
1598,105,492,0,354
1599,105,492,0,354
1600,105,492,0,354
1601,105,492,0,354
1602,105,492,0,353
1603,106,492,0,353
1604,106,492,0,353
1605,106,492,0,353
1606,105,492,0,354
1607,105,492,0,354
1608,105,492,0,354
1609,105,492,0,355
1610,105,492,0,355
1611,105,492,0,354
1612,106,492,0,352
1613,105,492,0,354
1614,107,493,0,350
1615,105,492,0,354
1616,105,492,0,353
1617,105,492,0,353
1618,105,492,0,353
1619,105,493,0,352
1620,106,493,0,349
1621,106,493,0,349
1622,105,493,0,352
1623,105,492,0,351
1624,105,492,0,351
1625,105,493,0,352
1626,105,492,0,351
1627,105,492,0,351
1628,105,492,0,351
1629,105,492,0,352
1630,105,493,0,351
1631,105,493,0,352
1632,105,493,0,351
1633,105,493,0,351
1634,105,493,0,352
1635,105,492,0,352
1636,105,493,0,351
1637,105,492,0,351
1638,105,493,0,352
1639,105,492,0,352
1640,105,493,0,352
1641,105,492,0,351
1642,105,493,0,351
1643,105,493,0,352
1644,105,493,0,352
1645,105,493,0,352
1646,105,492,0,352
1647,105,493,0,353
1648,105,493,0,353
1649,105,493,0,353
1650,105,493,0,352
1651,105,493,0,352
1652,105,493,0,353
1653,105,493,0,352
1654,105,493,0,352
1655,105,493,0,353
1656,105,493,0,352
1657,105,493,0,351
1658,105,493,0,353
1659,105,493,0,352
1660,104,492,0,352
1661,107,493,0,349
1662,106,493,0,349
1663,105,493,0,351
1664,105,493,0,352
1665,105,493,0,352
1666,105,493,0,352
1667,105,493,0,353
1668,105,493,0,352
1669,105,493,0,352
1670,105,493,0,352
1671,105,493,0,352
1672,105,493,0,352
1673,105,493,0,351
1674,105,493,0,352
1675,105,493,0,353
1676,105,493,0,352
1677,105,493,0,352
1678,105,493,0,352
1679,105,493,0,352
1680,104,493,0,351
1681,105,493,0,352
1682,105,493,0,351
1683,105,493,0,351
1684,105,493,0,352
1685,104,493,0,352
1686,105,493,0,351
1687,105,493,0,351
1688,105,493,0,352
1689,105,493,0,351
1690,105,493,0,351
1691,105,493,0,351
1692,105,493,0,351
1693,105,493,0,352
1694,105,493,0,352
1695,105,493,0,351
1696,105,493,0,350
1697,109,494,0,349
1698,105,493,0,351
1699,105,493,0,351
1700,105,493,0,351
1701,105,493,0,351
1702,105,493,0,351
1703,105,493,0,351
1704,107,493,0,349
1705,105,493,0,351
1706,107,493,0,349
1707,105,493,0,351
1708,105,493,0,352
1709,105,493,0,351
1710,105,493,0,351
1711,105,493,0,351
1712,109,493,0,351
1713,105,492,0,353
1714,105,492,0,353
1715,105,493,0,353
1716,105,493,0,352
1717,105,493,0,352
1718,105,493,0,352
1719,105,493,0,352
1720,105,493,0,352
1721,105,493,0,353
1722,105,493,0,352
1723,105,493,0,352
1724,105,493,0,351
1725,105,493,0,351
1726,105,493,0,350
1727,105,493,0,350
1728,105,493,0,351
1729,105,493,0,351
1730,106,493,0,350
1731,106,493,0,351
1732,105,493,0,350
1733,105,493,0,350
1734,105,493,0,350
1735,106,493,0,350
1736,105,493,0,350
1737,105,493,0,349
1738,105,493,0,349
1739,105,493,0,349
1740,105,493,0,349
1741,105,493,0,348
1742,105,493,0,348
1743,105,493,0,349
1744,105,493,0,350
1745,105,493,0,349
1746,105,493,0,349
1747,105,493,0,349
1748,105,493,0,349
1749,105,493,0,349
1750,105,493,0,350
1751,105,493,0,351
1752,106,493,0,350
1753,106,493,0,351
1754,105,493,0,349
1755,105,493,0,351
1756,105,493,0,350
1757,105,493,0,351
1758,105,493,0,350
1759,105,493,0,350
1760,105,493,0,351
1761,105,493,0,351
1762,105,493,0,351
1763,105,493,0,351
1764,105,493,0,351
1765,105,493,0,351
1766,105,494,0,353
1767,105,494,0,353
1768,105,494,0,353
1769,105,494,0,353
1770,105,494,0,352
1771,105,494,0,352
1772,105,494,0,353
1773,105,493,0,354
1774,113,495,0,353
1775,114,495,0,352
1776,105,494,0,353
1777,105,494,0,353
1778,105,494,0,353
1779,105,494,0,353
1780,105,494,0,353
1781,105,494,0,353
1782,105,494,0,352
1783,105,494,0,351
1784,105,494,0,351
1785,111,495,0,351
1786,105,494,0,351
1787,109,495,0,352
1788,105,494,0,352
1789,105,494,0,352
1790,105,494,0,351
1791,105,494,0,351
1792,105,494,0,352
1793,105,494,0,352
1794,105,494,0,351
1795,105,494,0,352
1796,105,494,0,351
1797,105,494,0,352
1798,105,494,0,352
1799,105,494,0,352
1800,105,494,0,352
1801,105,494,0,352
1802,105,494,0,352
1803,105,494,0,352
1804,105,494,0,352
1805,104,494,0,352
1806,105,494,0,352
1807,105,494,0,352
1808,104,494,0,353
1809,104,494,0,353
1810,105,494,0,353
1811,104,494,0,352
1812,104,493,0,353
1813,105,493,0,353
1814,104,492,0,353
1815,104,492,0,354
1816,104,493,0,354
1817,104,493,0,354
1818,105,493,0,353
1819,107,493,0,352
1820,105,493,0,354
1821,105,493,0,354
1822,107,493,0,353
1823,105,493,0,354
1824,105,493,0,354
1825,105,493,0,354
1826,108,494,0,353
1827,109,494,0,353
1828,108,494,0,353
1829,109,494,0,353
1830,108,494,0,353
1831,109,494,0,353
1832,109,494,0,353
1833,108,493,0,353
1834,108,493,0,352
1835,105,493,0,354
1836,105,493,0,355
1837,105,493,0,354
1838,106,493,0,353
1839,106,493,0,353
1840,106,493,0,353
1841,107,493,0,352
1842,107,493,0,352
1843,107,493,0,353
1844,106,493,0,353
1845,107,493,0,353
1846,107,493,0,352
1847,106,493,0,354
1848,108,494,0,352
1849,108,493,0,353
1850,109,494,0,352
1851,109,494,0,352
1852,108,494,0,352
1853,108,493,0,353
1854,107,493,0,353
1855,107,493,0,353
1856,107,493,0,354
1857,105,493,0,355
1858,108,494,0,353
1859,108,494,0,352
1860,106,493,0,354
1861,106,493,0,353
1862,106,493,0,354
1863,106,493,0,354
1864,106,493,0,353
1865,106,493,0,354
1866,107,493,0,353
1867,107,493,0,353
1868,107,493,0,353
1869,106,493,0,354
1870,106,493,0,354
1871,106,493,0,353
1872,105,493,0,355
1873,108,493,0,353
1874,108,494,0,353
1875,106,493,0,354
1876,105,493,0,355
1877,106,493,0,355
1878,105,493,0,355
1879,106,493,0,354
1880,106,493,0,354
1881,106,493,0,354
1882,105,493,0,354
1883,105,493,0,355
1884,105,493,0,355
1885,105,493,0,354
1886,107,493,0,353
1887,109,494,0,353
1888,109,494,0,353
1889,108,494,0,353
1890,109,494,0,353
1891,110,494,0,353
1892,109,494,0,353
1893,108,494,0,352
1894,110,494,0,353
1895,109,494,0,353
1896,108,494,0,353
1897,108,494,0,353
1898,108,494,0,353
1899,107,493,0,353
1900,107,494,0,353
1901,107,494,0,354
1902,105,493,0,354
1903,108,494,0,354
1904,108,494,0,354
1905,108,493,0,353
1906,105,493,0,354
1907,109,494,0,353
1908,109,494,0,353
1909,108,494,0,353
1910,109,494,0,352
1911,109,494,0,353
1912,110,494,0,352
1913,111,494,0,353
1914,108,494,0,352
1915,108,494,0,352
1916,107,494,0,351
1917,109,494,0,351
1918,107,493,0,352
1919,105,494,0,354
1920,105,493,0,353
1921,105,493,0,354
1922,106,494,0,351
1923,107,494,0,351
1924,108,494,0,352
1925,107,494,0,351
1926,105,493,0,353
1927,105,493,0,353
1928,105,493,0,353
1929,105,493,0,352
1930,105,493,0,353
1931,105,493,0,353
1932,105,493,0,353
1933,106,494,0,351
1934,105,493,0,353
1935,104,493,0,353
1936,105,493,0,353
1937,105,493,0,353
1938,105,493,0,353
1939,107,494,0,351
1940,105,493,0,352
1941,104,494,0,353
1942,104,494,0,353
1943,107,494,0,351
1944,107,494,0,352
1945,108,494,0,351
1946,109,494,0,351
1947,108,494,0,351
1948,105,494,0,353
1949,105,494,0,353
1950,107,494,0,352
1951,107,494,0,352
1952,105,494,0,353
1953,105,494,0,353
1954,105,494,0,353
1955,108,494,0,352
1956,107,494,0,352
1957,105,493,0,353
1958,105,493,0,353
1959,104,494,0,354
1960,104,493,0,354
1961,105,493,0,354
1962,105,493,0,353
1963,107,494,0,352
1964,108,494,0,352
1965,107,494,0,352
1966,105,494,0,353
1967,105,493,0,354
1968,105,494,0,354
1969,105,493,0,354
1970,105,493,0,353
1971,105,494,0,353
1972,105,493,0,352
1973,106,493,0,352
1974,106,494,0,352
1975,105,493,0,354
1976,105,493,0,353
1977,107,494,0,351
1978,108,494,0,351
1979,107,494,0,352
1980,109,494,0,351
1981,108,494,0,352
1982,107,494,0,352
1983,108,494,0,352
1984,108,494,0,351
1985,107,494,0,352
1986,105,493,0,354
1987,104,493,0,355
1988,105,493,0,354
1989,105,493,0,354
1990,105,494,0,354
1991,106,494,0,352
1992,105,494,0,354
1993,105,494,0,353
1994,105,493,0,354
1995,105,493,0,354
1996,105,494,0,354
1997,105,493,0,354
1998,105,494,0,353
1999,105,494,0,354
2000,108,494,0,351
2001,109,494,0,352
2002,105,494,0,354
2003,105,494,0,354
2004,105,494,0,354
2005,105,494,0,353
2006,105,494,0,353
2007,105,494,0,354
2008,105,494,0,353
2009,105,494,0,352
2010,105,494,0,353
2011,105,494,0,353
2012,105,494,0,353
2013,105,494,0,353
2014,105,494,0,354
2015,105,494,0,354
2016,105,494,0,353
2017,105,494,0,353
2018,105,494,0,354
2019,105,494,0,354
2020,105,494,0,354
2021,105,494,0,354
2022,105,494,0,354
2023,105,494,0,354
2024,105,494,0,354
2025,105,494,0,354
2026,105,494,0,354
2027,105,494,0,354
2028,105,494,0,353
2029,105,494,0,354
2030,105,494,0,354
2031,105,494,0,354
2032,108,494,0,353
2033,105,494,0,353
2034,105,494,0,353
2035,105,494,0,354
2036,108,494,0,352
2037,105,494,0,354
2038,107,494,0,352
2039,108,494,0,352
2040,106,494,0,354
2041,105,494,0,355
2042,105,494,0,355
2043,106,494,0,353
2044,108,494,0,352
2045,108,494,0,353
2046,105,494,0,355
2047,105,494,0,355
2048,105,494,0,354
2049,105,494,0,354
2050,104,494,0,354
2051,104,494,0,354
2052,104,494,0,354
2053,105,494,0,354
2054,104,494,0,355
2055,104,494,0,354
2056,105,494,0,354
2057,105,494,0,354
2058,105,494,0,354
2059,105,494,0,355
2060,105,494,0,354
2061,105,494,0,354
2062,105,494,0,355
2063,109,495,0,352
2064,109,495,0,352
2065,108,494,0,352
2066,109,494,0,352
2067,106,494,0,353
2068,105,494,0,354
2069,105,494,0,354
2070,105,494,0,354
2071,105,494,0,354
2072,105,494,0,354
2073,105,494,0,354
2074,104,494,0,354
2075,104,494,0,354
2076,105,494,0,354
2077,104,494,0,354
2078,105,494,0,354
2079,105,494,0,354
2080,107,494,0,352
2081,108,494,0,352
2082,108,494,0,352
2083,109,495,0,352
2084,109,494,0,352
2085,110,494,0,352
2086,109,494,0,352
2087,108,494,0,351
2088,108,494,0,352
2089,105,494,0,354
2090,105,494,0,354
2091,109,494,0,352
2092,110,494,0,352
2093,110,494,0,352
2094,109,494,0,352
2095,110,494,0,351
2096,109,495,0,351
2097,110,495,0,351
2098,109,495,0,351
2099,109,495,0,351
2100,110,495,0,351
2101,109,494,0,350
2102,109,495,0,351
2103,110,495,0,351
2104,110,495,0,351
2105,110,495,0,351
2106,110,495,0,350
2107,110,495,0,350
2108,110,495,0,351
2109,110,495,0,351
2110,109,495,0,351
2111,108,494,0,351
2112,108,494,0,351
2113,109,494,0,351
2114,109,494,0,351
2115,109,494,0,351
2116,109,494,0,351
2117,109,495,0,351
2118,109,494,0,351
2119,109,494,0,351
2120,108,494,0,351
2121,108,494,0,351
2122,109,494,0,351
2123,108,494,0,351
2124,109,495,0,350
2125,109,495,0,350
2126,109,495,0,350
2127,108,494,0,351
2128,109,495,0,350
2129,109,495,0,350
2130,109,495,0,351
2131,109,495,0,351
2132,110,495,0,351
2133,109,495,0,351
2134,109,495,0,351
2135,110,495,0,351
2136,110,495,0,351
2137,109,495,0,351
2138,110,495,0,351
2139,109,494,0,351
2140,109,495,0,351
2141,109,495,0,351
2142,109,495,0,351
2143,109,495,0,350
2144,110,495,0,351
2145,110,495,0,351
2146,110,495,0,351
2147,110,495,0,350
2148,109,495,0,351
2149,110,495,0,351
2150,109,495,0,351
2151,110,495,0,350
2152,109,495,0,351
2153,109,495,0,350
2154,110,495,0,350
2155,110,495,0,350
2156,109,495,0,351
2157,110,495,0,350
2158,110,495,0,350
2159,110,495,0,350
2160,110,495,0,351
2161,110,495,0,350
2162,109,495,0,350
2163,109,495,0,350
2164,110,495,0,351
2165,109,495,0,351
2166,109,495,0,351
2167,107,494,0,351
2168,108,494,0,351
2169,109,495,0,351
2170,106,494,0,351
2171,106,494,0,351
2172,105,494,0,352
2173,108,495,0,350
2174,107,494,0,350
2175,107,494,0,351
2176,110,495,0,351
2177,109,495,0,350
2178,109,495,0,350
2179,109,495,0,350
2180,110,495,0,350
2181,109,495,0,350
2182,109,495,0,350
2183,109,495,0,351
2184,106,494,0,352
2185,106,494,0,352
2186,105,494,0,352
2187,105,494,0,353
2188,105,494,0,353
2189,105,494,0,353
2190,105,494,0,353
2191,105,494,0,352
2192,106,494,0,351
2193,105,494,0,353
2194,105,494,0,354
2195,104,494,0,354
2196,105,494,0,354
2197,105,494,0,353
2198,105,494,0,354
2199,105,494,0,354
2200,105,494,0,353
2201,105,494,0,352
2202,105,494,0,353
2203,106,494,0,352
2204,105,494,0,353
2205,105,494,0,353
2206,105,494,0,354
2207,105,494,0,353
2208,105,494,0,353
2209,105,494,0,353
2210,104,494,0,354
2211,105,494,0,353
2212,105,494,0,353
2213,105,494,0,354
2214,105,494,0,354
2215,106,494,0,352
2216,106,494,0,352
2217,106,494,0,352
2218,106,494,0,352
2219,106,494,0,352
2220,106,494,0,352
2221,106,494,0,351
2222,106,494,0,351
2223,106,494,0,352
2224,106,494,0,352
2225,106,494,0,352
2226,106,494,0,352
2227,106,494,0,351
2228,106,494,0,352
2229,106,494,0,352
2230,106,494,0,352
2231,106,494,0,352
2232,106,494,0,352
2233,106,494,0,352
2234,106,494,0,352
2235,107,494,0,351
2236,106,494,0,352
2237,106,494,0,352
2238,106,494,0,352
2239,105,494,0,353
2240,105,494,0,352
2241,105,494,0,354
2242,106,494,0,352
2243,107,495,0,352
2244,106,494,0,352
2245,106,494,0,352
2246,107,494,0,351
2247,106,494,0,352
2248,106,494,0,353
2249,106,494,0,352
2250,106,494,0,352
2251,106,494,0,352
2252,106,494,0,351
2253,107,494,0,352
2254,106,494,0,352
2255,106,494,0,352
2256,106,494,0,352
2257,106,494,0,352
2258,105,494,0,353
2259,106,494,0,351
2260,105,494,0,353
2261,104,494,0,354
2262,106,494,0,351
2263,107,494,0,352
2264,107,494,0,352
2265,104,494,0,355
2266,104,494,0,355
2267,104,494,0,354
2268,106,494,0,353
2269,106,494,0,352
2270,105,494,0,353
2271,105,494,0,354
2272,104,494,0,354
2273,104,494,0,354
2274,104,494,0,353
2275,105,494,0,354
2276,105,494,0,354
2277,104,494,0,354
2278,104,494,0,355
2279,104,494,0,355
2280,105,494,0,354
2281,106,494,0,353
2282,106,494,0,353
2283,106,494,0,352
2284,106,494,0,352
2285,107,494,0,352
2286,106,494,0,352
2287,107,495,0,352
2288,106,494,0,353
2289,105,494,0,354
2290,104,494,0,355
2291,105,494,0,353
2292,105,494,0,353
2293,104,494,0,354
2294,104,494,0,354
2295,104,494,0,354
2296,105,494,0,353
2297,105,494,0,352
2298,105,495,0,352
2299,105,494,0,352
2300,105,494,0,353
2301,105,495,0,352
2302,105,494,0,352
2303,106,495,0,352
2304,106,495,0,352
2305,106,495,0,352
2306,106,495,0,352
2307,106,495,0,352
2308,106,495,0,353
2309,105,495,0,352
2310,106,495,0,352
2311,105,495,0,353
2312,105,495,0,352
2313,106,495,0,352
2314,106,495,0,351
2315,106,495,0,352
2316,107,495,0,351
2317,107,495,0,351
2318,106,495,0,351
2319,107,495,0,351
2320,107,495,0,351
2321,107,495,0,351
2322,107,495,0,351
2323,106,495,0,351
2324,106,495,0,351
2325,107,495,0,351
2326,107,495,0,351
2327,106,495,0,351
2328,107,495,0,351
2329,106,495,0,351
2330,106,495,0,351
2331,106,495,0,351
2332,106,495,0,351
2333,107,495,0,351
2334,107,495,0,351
2335,105,495,0,353
2336,106,495,0,351
2337,106,495,0,352
2338,105,495,0,352
2339,105,494,0,353
2340,105,495,0,353
2341,107,495,0,351
2342,106,495,0,352
2343,106,495,0,351
2344,106,495,0,350
2345,107,495,0,351
2346,107,495,0,351
2347,107,495,0,350
2348,107,495,0,350
2349,106,495,0,350
2350,106,495,0,351
2351,105,495,0,352
2352,105,495,0,352
2353,105,495,0,352
2354,105,495,0,352
2355,104,494,0,353
2356,105,495,0,353
2357,106,495,0,352
2358,106,495,0,351
2359,107,495,0,351
2360,107,495,0,350
2361,106,495,0,351
2362,107,495,0,351
2363,106,495,0,351
2364,107,495,0,351
2365,107,495,0,351
2366,107,495,0,351
2367,107,495,0,350
2368,107,495,0,351
2369,106,495,0,351
2370,107,495,0,350
2371,106,495,0,350
2372,107,495,0,350
2373,106,495,0,350
2374,107,495,0,350
2375,107,495,0,350
2376,107,495,0,350
2377,107,495,0,350
2378,107,495,0,350
2379,107,495,0,350
2380,107,495,0,350
2381,107,495,0,350
2382,107,495,0,350
2383,107,495,0,350
2384,107,495,0,350
2385,107,495,0,350
2386,107,495,0,350
2387,107,495,0,351
2388,107,495,0,350
2389,107,495,0,351
2390,107,495,0,351
2391,107,495,0,351
2392,106,495,0,352
2393,105,495,0,352
2394,106,495,0,351
2395,106,495,0,350
2396,105,495,0,352
2397,105,495,0,353
2398,105,495,0,352
2399,104,495,0,353
2400,104,495,0,354
2401,104,495,0,353
2402,104,495,0,353
2403,104,495,0,354
2404,105,495,0,354
2405,105,495,0,353
2406,106,495,0,351
2407,106,495,0,351
2408,106,495,0,351
2409,107,495,0,351
2410,106,495,0,351
2411,106,495,0,351
2412,106,495,0,351
2413,106,495,0,351
2414,106,495,0,351
2415,106,495,0,351
2416,106,495,0,351
2417,107,495,0,351
2418,106,495,0,351
2419,106,495,0,351
2420,106,495,0,350
2421,106,495,0,350
2422,106,495,0,350
2423,106,495,0,350
2424,106,495,0,351
2425,106,495,0,351
2426,107,495,0,350
2427,107,495,0,350
2428,106,495,0,351
2429,107,495,0,350
2430,105,495,0,351
2431,104,495,0,351
2432,103,495,0,352
2433,103,495,0,352
2434,105,495,0,351
2435,105,495,0,351
2436,105,495,0,351
2437,105,495,0,351
2438,104,495,0,353
2439,104,495,0,353
2440,104,495,0,353
2441,104,495,0,353
2442,105,495,0,353
2443,105,495,0,352
2444,106,495,0,352
2445,106,495,0,351
2446,107,495,0,351
2447,106,495,0,351
2448,106,495,0,351
2449,107,495,0,351
2450,107,495,0,351
2451,107,495,0,350
2452,107,495,0,351
2453,107,495,0,350
2454,106,495,0,351
2455,107,495,0,350
2456,106,495,0,350
2457,107,495,0,350
2458,107,495,0,351
2459,107,495,0,351
2460,107,495,0,351
2461,107,495,0,351
2462,107,495,0,350
2463,107,495,0,350
2464,107,495,0,351
2465,107,495,0,350
2466,107,495,0,350
2467,107,495,0,351
2468,107,495,0,350
2469,106,495,0,351
2470,106,495,0,350
2471,107,495,0,350
2472,107,495,0,350
2473,108,495,0,350
2474,107,495,0,350
2475,107,495,0,350
2476,106,495,0,351
2477,104,494,0,353
2478,106,495,0,350
2479,106,495,0,350
2480,106,495,0,350
2481,106,495,0,350
2482,104,495,0,353
2483,104,494,0,354
2484,103,495,0,354
2485,104,495,0,354
2486,104,495,0,352
2487,106,495,0,351
2488,106,495,0,350
2489,106,495,0,351
2490,106,495,0,351
2491,106,495,0,351
2492,105,495,0,350
2493,106,495,0,350
2494,106,495,0,350
2495,106,495,0,350
2496,106,495,0,350
2497,106,495,0,351
2498,107,495,0,350
2499,106,495,0,350
2500,107,495,0,350
2501,104,495,0,352
2502,107,495,0,349
2503,107,495,0,350
2504,107,495,0,350
2505,106,495,0,350
2506,105,495,0,350
2507,105,495,0,350
2508,104,495,0,353
2509,103,495,0,353
2510,103,495,0,353
2511,103,494,0,354
2512,103,494,0,354
2513,103,494,0,354
2514,104,495,0,353
2515,105,495,0,351
2516,105,495,0,351
2517,105,495,0,351
2518,105,495,0,351
2519,105,495,0,351
2520,106,495,0,350
2521,105,495,0,351
2522,106,495,0,351
2523,106,495,0,350
2524,106,495,0,350
2525,106,495,0,350
2526,105,495,0,350
2527,106,495,0,350
2528,106,495,0,351
2529,107,495,0,351
2530,106,495,0,351
2531,106,495,0,351
2532,107,495,0,351
2533,106,495,0,351
2534,106,495,0,350
2535,106,495,0,350
2536,106,495,0,350
2537,106,495,0,350
2538,105,495,0,350
2539,105,495,0,350
2540,106,495,0,350
2541,105,495,0,350
2542,106,495,0,350
2543,105,495,0,351
2544,106,495,0,350
2545,107,495,0,349
2546,105,495,0,350
2547,106,495,0,349
2548,106,495,0,350
2549,106,495,0,350
2550,106,495,0,351
2551,106,495,0,350
2552,106,495,0,350
2553,103,494,0,353
2554,106,495,0,349
2555,107,495,0,349
2556,107,495,0,349
2557,107,495,0,349
2558,106,495,0,349
2559,106,495,0,349
2560,105,495,0,350
2561,105,495,0,351
2562,104,494,0,353
2563,104,495,0,353
2564,104,495,0,353
2565,104,495,0,353
2566,104,495,0,352
2567,104,495,0,352
2568,105,495,0,351
2569,105,495,0,351
2570,105,495,0,350
2571,105,495,0,350
2572,106,495,0,350
2573,105,495,0,351
2574,106,495,0,350
2575,106,495,0,350
2576,106,495,0,350
2577,106,496,0,350
2578,106,496,0,350
2579,106,496,0,350
2580,106,496,0,350
2581,106,496,0,350
2582,107,496,0,349
2583,106,496,0,350
2584,107,496,0,350
2585,106,495,0,350
2586,107,496,0,350
2587,107,496,0,349
2588,107,496,0,349
2589,107,495,0,350
2590,107,495,0,350
2591,106,495,0,350
2592,107,496,0,350
2593,107,496,0,350
2594,107,495,0,350
2595,107,495,0,350
2596,107,495,0,350
2597,107,495,0,350
2598,107,495,0,351
2599,106,495,0,351
2600,106,495,0,351
2601,107,495,0,351
2602,106,495,0,351
2603,106,495,0,351
2604,106,495,0,351
2605,106,495,0,351
2606,106,495,0,351
2607,106,495,0,351
2608,107,495,0,351
2609,106,495,0,351
2610,105,495,0,351
2611,106,495,0,351
2612,106,495,0,351
2613,106,495,0,351
2614,106,495,0,351
2615,106,495,0,351
2616,106,495,0,351
2617,106,495,0,351
2618,106,495,0,351
2619,106,495,0,351
2620,104,495,0,352
2621,105,495,0,353
2622,105,495,0,352
2623,105,495,0,351
2624,106,495,0,350
2625,105,495,0,351
2626,106,495,0,351
2627,105,495,0,351
2628,107,495,0,351
2629,107,495,0,351
2630,108,495,0,350
2631,107,495,0,350
2632,107,495,0,350
2633,107,495,0,350
2634,107,495,0,350
2635,108,495,0,349
2636,107,495,0,350
2637,107,495,0,349
2638,107,495,0,349
2639,107,495,0,349
2640,107,496,0,349
2641,107,496,0,349
2642,107,496,0,349
2643,107,496,0,349
2644,106,495,0,349
2645,107,496,0,349
2646,107,496,0,348
2647,107,495,0,349
2648,106,495,0,350
2649,106,495,0,350
2650,106,495,0,350
2651,106,495,0,351
2652,106,495,0,351
2653,106,495,0,351
2654,106,495,0,351
2655,106,495,0,351
2656,107,495,0,350
2657,107,495,0,350
2658,107,495,0,351
2659,106,495,0,351
2660,107,495,0,349
2661,107,495,0,349
2662,107,495,0,349
2663,108,496,0,349
2664,108,496,0,349
2665,107,496,0,349
2666,108,496,0,349
2667,107,496,0,349
2668,106,496,0,349
2669,105,496,0,350
2670,105,495,0,351
2671,105,495,0,350
2672,106,495,0,350
2673,106,495,0,350
2674,106,495,0,350
2675,106,495,0,350
2676,106,495,0,350
2677,106,495,0,350
2678,105,495,0,350
2679,105,495,0,351
2680,105,495,0,351
2681,105,495,0,350
2682,105,495,0,351
2683,105,495,0,350
2684,105,495,0,351
2685,106,495,0,351
2686,105,495,0,350
2687,105,495,0,351
2688,105,495,0,351
2689,105,495,0,351
2690,104,492,0,353
2691,107,493,0,353
2692,106,493,0,353
2693,106,493,0,352
2694,106,493,0,352
2695,103,493,0,354
2696,101,492,0,1
2697,99,491,0,6
2698,98,491,0,9
2699,97,490,0,11
2700,96,490,0,11
2701,97,491,0,9
2702,97,491,0,9
2703,97,491,0,7
2704,98,491,0,7
2705,97,491,0,9
2706,98,491,0,6
2707,99,491,0,5
2708,99,491,0,4
2709,101,491,0,5
2710,101,492,0,4
2711,100,492,0,3
2712,100,492,0,2
2713,99,492,0,1
2714,99,492,0,1
2715,99,492,0,1
2716,99,492,0,1
2717,99,492,0,1
2718,100,492,0,1
2719,99,492,0,1
2720,99,492,0,1
2721,99,492,0,0
2722,99,492,0,0
2723,99,492,0,0
2724,99,492,0,0
2725,99,492,0,359
2726,99,492,0,359
2727,99,492,0,359
2728,99,492,0,359
2729,99,492,0,359
2730,99,492,0,359
2731,99,492,0,359
2732,99,492,0,359
2733,99,492,0,359
2734,99,492,0,359
2735,99,492,0,0
2736,100,492,0,359
2737,99,492,0,359
2738,99,492,0,0
2739,99,491,0,1
2740,99,490,0,4
2741,98,488,0,6
2742,99,488,0,8
2743,100,488,0,4
2744,101,489,0,3
2745,101,489,0,1
2746,102,490,0,0
2747,102,490,0,0
2748,102,491,0,0
2749,101,491,0,359
2750,102,492,0,357
2751,101,493,0,357
2752,101,493,0,356
2753,101,493,0,356
2754,101,493,0,355
2755,101,493,0,355
2756,100,493,0,356
2757,100,493,0,356
2758,100,493,0,355
2759,100,493,0,356
2760,100,493,0,356
2761,100,493,0,356
2762,100,493,0,357
2763,100,493,0,357
2764,100,493,0,356
2765,100,493,0,357
2766,100,493,0,357
2767,100,493,0,356
2768,100,493,0,356
2769,100,493,0,356
2770,100,493,0,356
2771,100,493,0,356
2772,100,493,0,356
2773,100,494,0,356
2774,100,494,0,356
2775,100,494,0,357
2776,100,494,0,356
2777,100,494,0,356
2778,100,493,0,357
2779,100,493,0,357
2780,100,493,0,357
2781,100,493,0,357
2782,100,493,0,357
2783,100,493,0,357
2784,100,493,0,357
2785,100,493,0,357
2786,100,493,0,357
2787,100,493,0,357
2788,100,493,0,357
2789,100,493,0,357
2790,100,493,0,357
2791,100,493,0,356
2792,100,493,0,356
2793,100,493,0,357
2794,100,493,0,356
2795,100,493,0,356
2796,100,493,0,356
2797,100,493,0,356
2798,100,493,0,356
2799,100,493,0,356
2800,99,493,0,356
2801,100,493,0,356
2802,100,494,0,356
2803,100,494,0,356
2804,100,493,0,356
2805,100,494,0,356
2806,100,493,0,356
2807,99,493,0,356
2808,100,493,0,355
2809,99,493,0,356
2810,99,494,0,356
2811,99,493,0,356
2812,99,493,0,356
2813,99,493,0,355
2814,100,494,0,355
2815,99,494,0,355
2816,100,494,0,355
2817,100,494,0,356
2818,100,494,0,356
2819,100,494,0,356
2820,100,494,0,356
2821,100,494,0,356
2822,100,494,0,356
2823,100,493,0,356
2824,99,494,0,355
2825,100,494,0,356
2826,99,494,0,356
2827,99,494,0,356
2828,100,494,0,356
2829,99,494,0,355
2830,99,494,0,355
2831,99,494,0,355
2832,99,494,0,355
2833,100,494,0,355
2834,99,494,0,355
2835,99,494,0,356
2836,99,494,0,356
2837,100,494,0,356
2838,99,494,0,356
2839,99,494,0,355
2840,99,494,0,355
2841,99,493,0,355
2842,99,494,0,355
2843,99,493,0,355
2844,99,493,0,355
2845,99,494,0,355
2846,100,494,0,355
2847,100,494,0,355
2848,100,493,0,355
2849,100,494,0,356
2850,100,494,0,355
2851,100,494,0,355
2852,100,493,0,355
2853,100,494,0,355
2854,100,493,0,355
2855,100,494,0,355
2856,100,494,0,355
2857,99,493,0,355
2858,100,493,0,355
2859,100,493,0,355
2860,100,493,0,355
2861,100,493,0,355
2862,99,493,0,355
2863,100,493,0,355
2864,99,493,0,355
2865,100,494,0,355
2866,99,493,0,355
2867,99,493,0,355
2868,99,493,0,355
2869,99,493,0,355
2870,99,494,0,355
2871,99,493,0,355
2872,99,494,0,355
2873,99,494,0,355
2874,99,494,0,355
2875,99,494,0,355
2876,99,494,0,355
2877,99,494,0,355
2878,99,494,0,355
2879,99,494,0,356
2880,99,494,0,355
2881,99,494,0,355
2882,99,494,0,355
2883,99,494,0,356
2884,99,494,0,355
2885,99,494,0,355
2886,99,494,0,355
2887,99,494,0,355
2888,99,494,0,355
2889,99,494,0,355
2890,99,494,0,355
2891,99,494,0,355
2892,99,494,0,355
2893,99,494,0,355
2894,99,494,0,355
2895,99,494,0,355
2896,99,494,0,355
2897,99,494,0,355
2898,99,494,0,355
2899,99,494,0,355
2900,99,494,0,355
2901,100,494,0,355
2902,100,494,0,355
2903,100,494,0,355
2904,100,494,0,355
2905,100,494,0,355
2906,100,494,0,355
2907,100,493,0,355
2908,100,494,0,355
2909,100,494,0,355
2910,100,494,0,354
2911,100,494,0,354
2912,100,494,0,354
2913,100,494,0,354
2914,100,494,0,355
2915,100,494,0,354
2916,100,494,0,355
2917,99,494,0,355
2918,99,494,0,355
2919,99,494,0,355
2920,99,494,0,355
2921,99,494,0,355
2922,99,494,0,355
2923,99,494,0,355
2924,99,494,0,355
2925,99,494,0,355
2926,99,494,0,355
2927,99,494,0,355
2928,99,494,0,355
2929,99,494,0,355
2930,99,494,0,355
2931,99,494,0,355
2932,99,494,0,355
2933,99,494,0,355
2934,99,494,0,354
2935,99,494,0,355
2936,99,494,0,355
2937,99,494,0,355
2938,99,494,0,355
2939,99,494,0,355
2940,99,494,0,355
2941,99,494,0,355
2942,99,494,0,355
2943,99,494,0,355
2944,99,494,0,355
2945,99,494,0,355
2946,99,494,0,355
2947,99,494,0,355
2948,99,494,0,355
2949,99,494,0,355
2950,99,494,0,355
2951,99,494,0,355
2952,99,494,0,355
2953,99,494,0,355
2954,99,494,0,355
2955,99,494,0,355
2956,99,494,0,355
2957,99,494,0,355
2958,99,494,0,355
2959,99,494,0,354
2960,99,494,0,354
2961,99,494,0,355
2962,99,494,0,355
2963,99,494,0,355
2964,99,494,0,355
2965,99,494,0,355
2966,99,494,0,356
2967,99,494,0,355
2968,99,494,0,355
2969,99,494,0,355
2970,99,494,0,355
2971,99,494,0,355
2972,99,494,0,355
2973,99,494,0,355
2974,99,494,0,354
2975,99,494,0,354
2976,99,494,0,354
2977,99,494,0,355
2978,99,494,0,355
2979,99,494,0,355
2980,99,494,0,355
2981,99,494,0,355
2982,99,494,0,355
2983,99,494,0,354
2984,99,494,0,355
2985,99,494,0,355
2986,99,494,0,355
2987,99,494,0,355
2988,99,494,0,355
2989,99,494,0,355
2990,99,494,0,354
2991,99,494,0,355
2992,99,494,0,355
2993,99,494,0,355
2994,99,494,0,355
2995,99,494,0,355
2996,99,494,0,355
2997,99,494,0,355
2998,99,494,0,355
2999,99,494,0,355
