49,1236,1803,0,295
50,1241,1803,0,298
51,1240,1801,0,289
52,1238,1802,0,279
53,1233,1801,0,280
54,1233,1797,0,286
55,1232,1794,0,273
56,1230,1794,0,274
57,1230,1794,0,275
58,1230,1792,0,276
59,1230,1792,0,278
60,1236,1790,0,280
61,1240,1791,0,287
62,1242,1788,0,294
63,1246,1789,0,302
64,1251,1788,0,309
65,1250,1786,0,316
66,1251,1782,0,316
67,1252,1783,0,325
68,1251,1783,0,330
69,1249,1782,0,331
70,1250,1782,0,335
71,1250,1782,0,336
72,1250,1784,0,338
73,1248,1784,0,342
74,1245,1786,0,342
75,1244,1787,0,342
76,1242,1790,0,348
77,1244,1795,0,356
78,1246,1796,0,351
79,1247,1797,0,350
80,1247,1796,0,348
81,1246,1795,0,349
82,1246,1795,0,347
83,1246,1795,0,347
84,1248,1794,0,347
85,1251,1796,0,347
89,1258,1800,0,354
90,1258,1799,0,356
91,1261,1799,0,355
92,1261,1798,0,0
93,1263,1797,0,357
94,1264,1799,0,355
95,1262,1800,0,351
96,1260,1801,0,350
97,1260,1802,0,351
98,1259,1803,0,350
99,1258,1803,0,350
100,1258,1804,0,350
101,1258,1805,0,345
102,1255,1808,0,337
103,1253,1808,0,339
104,1256,1805,0,340
105,1256,1805,0,340
106,1256,1805,0,341
107,1256,1804,0,343
108,1255,1807,0,9
109,1257,1804,0,351
110,1256,1806,0,6
111,1262,1805,0,350
112,1261,1805,0,345
115,1257,1808,0,29
116,1256,1809,0,21
117,1263,1810,0,344
118,1262,1808,0,346
119,1255,1810,0,8
120,1256,1811,0,337
121,1257,1812,0,335
122,1261,1810,0,343
123,1260,1809,0,337
124,1265,1803,0,352
125,1262,1798,0,358
126,1260,1797,0,355
127,1256,1799,0,25
128,1258,1798,0,350
129,1256,1799,0,352
130,1255,1801,0,347
131,1255,1800,0,352
132,1256,1802,0,354
133,1256,1804,0,353
134,1254,1805,0,349
135,1256,1810,0,340
136,1257,1816,0,346
137,1259,1797,0,358
138,1257,1798,0,13
139,1255,1799,0,30
140,1263,1794,0,358
141,1263,1793,0,359
142,1262,1794,0,359
143,1261,1794,0,359
144,1262,1794,0,1
145,1261,1794,0,2
146,1261,1794,0,1
147,1260,1794,0,1
148,1258,1793,0,1
149,1259,1793,0,1
150,1261,1795,0,356
151,1261,1795,0,355
152,1256,1796,0,353
153,1254,1796,0,353
154,1253,1795,0,348
155,1254,1795,0,350
156,1252,1795,0,350
157,1251,1795,0,352
158,1249,1795,0,349
159,1253,1796,0,351
160,1256,1797,0,351
161,1257,1800,0,350
162,1255,1800,0,348
163,1253,1801,0,349
164,1254,1806,0,344
165,1254,1803,0,352
166,1253,1801,0,349
167,1253,1799,0,349
168,1254,1800,0,345
169,1252,1798,0,349
170,1252,1799,0,348
171,1247,1800,0,343
172,1248,1800,0,343
173,1247,1801,0,343
174,1247,1800,0,343
175,1246,1800,0,341
176,1246,1802,0,343
177,1246,1800,0,351
178,1248,1800,0,353
179,1247,1800,0,349
180,1247,1801,0,346
181,1247,1801,0,347
182,1247,1801,0,350
183,1246,1802,0,350
184,1245,1802,0,349
185,1245,1801,0,348
186,1244,1801,0,350
187,1242,1802,0,353
188,1240,1802,0,354
189,1240,1803,0,353
190,1239,1802,0,353
191,1239,1802,0,355
192,1238,1802,0,356
193,1236,1804,0,355
194,1235,1805,0,354
195,1235,1805,0,352
196,1234,1807,0,348
197,1234,1808,0,347
198,1235,1809,0,346
199,1236,1810,0,342
200,1235,1811,0,345
201,1233,1810,0,346
202,1234,1811,0,345
203,1233,1810,0,349
204,1230,1809,0,351
205,1231,1809,0,351
206,1230,1809,0,354
207,1230,1809,0,0
208,1230,1809,0,359
209,1229,1807,0,6
210,1228,1809,0,3
211,1227,1810,0,357
212,1228,1811,0,353
213,1227,1810,0,356
214,1227,1809,0,358
215,1227,1809,0,359
216,1227,1809,0,359
217,1227,1809,0,358
218,1227,1809,0,357
219,1227,1808,0,4
220,1224,1808,0,4
221,1226,1806,0,1
222,1226,1806,0,359
223,1224,1805,0,355
224,1224,1805,0,358
225,1229,1803,0,357
226,1232,1802,0,357
227,1232,1802,0,357
228,1233,1803,0,351
229,1235,1804,0,344
230,1236,1804,0,347
231,1237,1803,0,345
232,1237,1804,0,345
233,1238,1804,0,347
234,1238,1804,0,346
235,1241,1802,0,340
236,1242,1801,0,341
237,1244,1801,0,345
238,1244,1801,0,346
239,1244,1801,0,347
240,1245,1801,0,350
241,1244,1802,0,352
242,1247,1802,0,351
243,1245,1803,0,356
244,1244,1804,0,356
245,1246,1803,0,354
246,1247,1802,0,355
247,1248,1804,0,356
248,1248,1804,0,353
249,1249,1804,0,350
250,1251,1805,0,351
251,1250,1804,0,350
252,1250,1804,0,351
253,1251,1804,0,352
254,1251,1804,0,351
255,1251,1804,0,350
256,1251,1805,0,349
257,1253,1806,0,353
258,1251,1807,0,354
259,1250,1810,0,355
260,1251,1809,0,356
261,1252,1807,0,354
262,1253,1807,0,356
263,1249,1809,0,352
264,1247,1807,0,349
265,1247,1808,0,349
266,1246,1808,0,354
267,1245,1805,0,358
268,1245,1805,0,356
269,1246,1807,0,356
270,1244,1807,0,357
271,1242,1808,0,359
272,1244,1809,0,357
273,1244,1808,0,357
274,1244,1809,0,0
275,1242,1809,0,358
276,1243,1809,0,0
277,1243,1808,0,356
278,1240,1810,0,353
279,1242,1810,0,353
280,1241,1810,0,353
281,1243,1809,0,355
282,1243,1810,0,355
283,1241,1810,0,350
284,1240,1812,0,351
285,1238,1812,0,347
286,1237,1813,0,346
287,1238,1814,0,344
288,1239,1813,0,340
289,1238,1812,0,342
290,1238,1811,0,344
291,1238,1811,0,344
292,1238,1811,0,346
293,1237,1812,0,342
294,1237,1812,0,344
295,1237,1812,0,347
296,1238,1812,0,348
297,1238,1813,0,349
298,1238,1814,0,347
299,1238,1814,0,345
300,1239,1814,0,346
301,1241,1815,0,348
302,1238,1812,0,352
303,1240,1810,0,352
304,1241,1810,0,352
305,1240,1810,0,353
306,1238,1809,0,350
307,1237,1811,0,352
308,1237,1810,0,351
309,1238,1811,0,351
310,1238,1812,0,353
311,1237,1813,0,348
312,1237,1814,0,345
313,1236,1815,0,344
314,1233,1816,0,343
315,1235,1817,0,342
316,1236,1816,0,341
317,1237,1815,0,342
318,1239,1813,0,347
319,1243,1811,0,356
320,1242,1812,0,354
321,1244,1812,0,358
322,1244,1812,0,359
323,1247,1810,0,356
324,1246,1813,0,353
325,1246,1814,0,351
326,1244,1815,0,352
327,1245,1815,0,352
328,1243,1818,0,352
329,1243,1820,0,350
330,1242,1819,0,352
331,1242,1819,0,353
332,1241,1818,0,355
333,1240,1817,0,356
334,1239,1817,0,356
335,1239,1817,0,357
336,1239,1816,0,356
337,1238,1817,0,357
338,1241,1818,0,356
339,1242,1818,0,356
340,1242,1818,0,357
341,1240,1818,0,359
342,1240,1818,0,357
343,1242,1818,0,354
344,1242,1817,0,352
345,1242,1817,0,350
346,1243,1817,0,348
347,1243,1818,0,347
348,1244,1820,0,342
349,1243,1821,0,339
350,1242,1821,0,338
351,1241,1822,0,338
352,1241,1821,0,336
353,1244,1823,0,335
354,1244,1823,0,335
355,1244,1823,0,339
356,1243,1822,0,342
357,1244,1822,0,345
358,1244,1823,0,345
359,1245,1823,0,348
360,1244,1823,0,348
361,1244,1822,0,347
362,1244,1822,0,347
363,1244,1822,0,347
364,1247,1820,0,349
365,1246,1821,0,345
366,1245,1821,0,347
367,1246,1822,0,347
368,1246,1822,0,349
369,1246,1823,0,346
370,1245,1824,0,348
371,1244,1823,0,349
372,1244,1824,0,349
373,1244,1823,0,349
374,1245,1824,0,350
375,1244,1822,0,349
376,1244,1821,0,353
377,1243,1821,0,356
378,1242,1821,0,357
379,1238,1818,0,4
380,1236,1815,0,355
381,1233,1813,0,358
382,1231,1811,0,357
383,1230,1813,0,356
384,1230,1817,0,353
385,1229,1817,0,352
386,1230,1817,0,357
387,1230,1817,0,356
388,1229,1816,0,358
389,1229,1816,0,358
390,1229,1816,0,359
391,1229,1816,0,358
392,1228,1816,0,356
393,1228,1817,0,358
394,1229,1818,0,358
395,1229,1819,0,358
396,1230,1820,0,356
397,1232,1820,0,354
398,1231,1821,0,352
399,1231,1822,0,348
400,1232,1824,0,343
401,1232,1825,0,342
402,1232,1825,0,342
403,1231,1826,0,345
404,1232,1826,0,345
405,1231,1825,0,345
406,1231,1825,0,350
407,1229,1825,0,348
408,1231,1826,0,346
409,1231,1827,0,342
410,1230,1827,0,341
411,1228,1826,0,342
412,1228,1826,0,342
413,1228,1826,0,342
414,1230,1826,0,345
415,1231,1829,0,342
416,1231,1829,0,343
417,1228,1829,0,343
418,1229,1831,0,341
419,1232,1827,0,348
420,1233,1831,0,351
421,1233,1834,0,347
422,1233,1834,0,347
423,1231,1833,0,346
424,1231,1834,0,343
425,1231,1831,0,345
426,1232,1836,0,342
427,1231,1836,0,347
428,1231,1836,0,347
429,1229,1835,0,345
430,1230,1835,0,344
431,1227,1834,0,341
432,1227,1834,0,339
433,1228,1834,0,339
434,1229,1835,0,339
435,1228,1834,0,340
436,1228,1834,0,346
437,1228,1832,0,350
438,1226,1834,0,346
439,1227,1836,0,346
440,1228,1837,0,347
441,1227,1837,0,345
442,1224,1836,0,341
443,1232,1836,0,348
444,1233,1835,0,349
445,1234,1835,0,352
446,1233,1835,0,351
447,1232,1831,0,350
448,1231,1826,0,356
449,1229,1824,0,357
450,1231,1826,0,356
451,1228,1825,0,358
452,1230,1824,0,2
453,1231,1824,0,4
454,1232,1824,0,9
455,1232,1826,0,9
456,1233,1827,0,8
457,1235,1827,0,11
458,1235,1827,0,9
459,1236,1827,0,10
460,1237,1828,0,10
461,1237,1829,0,8
462,1237,1829,0,5
463,1236,1830,0,7
464,1237,1830,0,5
465,1237,1830,0,5
466,1238,1830,0,3
467,1237,1829,0,4
468,1237,1829,0,4
469,1238,1829,0,2
470,1238,1829,0,4
471,1238,1829,0,3
472,1238,1830,0,4
473,1238,1829,0,3
474,1238,1830,0,4
475,1238,1830,0,5
476,1238,1830,0,6
477,1238,1830,0,6
478,1238,1829,0,4
479,1238,1829,0,3
480,1239,1830,0,1
481,1238,1830,0,2
482,1238,1830,0,2
483,1238,1830,0,0
484,1238,1830,0,0
485,1238,1830,0,0
486,1238,1830,0,0
487,1238,1829,0,1
488,1239,1829,0,0
489,1241,1830,0,0
490,1240,1830,0,1
491,1240,1830,0,0
492,1240,1830,0,0
493,1239,1829,0,359
494,1239,1829,0,358
495,1240,1828,0,358
496,1239,1827,0,357
497,1240,1827,0,356
498,1240,1827,0,357
499,1239,1827,0,355
500,1239,1827,0,357
501,1238,1828,0,357
502,1238,1828,0,359
503,1238,1829,0,0
504,1238,1829,0,0
505,1239,1828,0,358
506,1237,1827,0,357
507,1236,1827,0,3
508,1236,1827,0,6
509,1234,1822,0,20
510,1232,1818,0,20
511,1233,1817,0,18
512,1232,1815,0,22
513,1230,1814,0,25
514,1230,1813,0,24
515,1229,1814,0,24
516,1229,1812,0,28
517,1227,1812,0,32
518,1228,1811,0,30
519,1228,1810,0,31
520,1228,1812,0,32
521,1231,1814,0,35
522,1233,1816,0,35
523,1234,1813,0,35
524,1234,1813,0,36
525,1235,1811,0,33
526,1238,1809,0,29
527,1236,1809,0,33
528,1237,1810,0,39
529,1237,1812,0,41
530,1236,1811,0,47
531,1235,1808,0,54
532,1234,1808,0,58
533,1233,1808,0,59
534,1232,1807,0,58
535,1232,1806,0,65
536,1234,1802,0,64
537,1234,1801,0,66
538,1234,1803,0,75
539,1233,1802,0,73
540,1233,1802,0,71
541,1233,1804,0,68
542,1233,1807,0,70
543,1232,1807,0,66
544,1229,1807,0,66
545,1229,1806,0,62
546,1228,1807,0,56
547,1229,1806,0,55
548,1228,1804,0,54
549,1227,1804,0,52
550,1229,1804,0,51
551,1230,1805,0,49
552,1233,1807,0,50
553,1236,1811,0,48
554,1240,1817,0,47
555,1241,1820,0,44
556,1241,1821,0,41
557,1241,1823,0,41
558,1242,1824,0,41
559,1243,1824,0,41
560,1243,1824,0,41
561,1242,1824,0,43
562,1242,1824,0,43
563,1242,1824,0,40
564,1242,1824,0,41
565,1242,1823,0,40
566,1243,1822,0,35
567,1243,1822,0,39
568,1243,1823,0,40
569,1243,1822,0,40
570,1242,1822,0,40
571,1243,1822,0,37
572,1243,1823,0,38
573,1243,1823,0,36
574,1243,1823,0,37
575,1243,1822,0,34
576,1244,1821,0,35
577,1246,1819,0,30
578,1246,1819,0,27
579,1245,1820,0,28
580,1245,1820,0,30
581,1244,1820,0,28
582,1244,1820,0,27
583,1244,1820,0,25
584,1245,1820,0,26
585,1246,1820,0,20
586,1245,1821,0,16
587,1245,1820,0,15
588,1246,1817,0,12
589,1247,1816,0,14
590,1247,1815,0,16
591,1248,1815,0,17
592,1248,1815,0,20
593,1248,1816,0,21
594,1248,1817,0,24
595,1248,1816,0,18
596,1247,1816,0,17
597,1247,1816,0,14
598,1246,1817,0,12
599,1247,1816,0,11
600,1247,1815,0,12
601,1247,1815,0,13
602,1247,1816,0,15
603,1246,1816,0,15
604,1247,1816,0,15
605,1247,1816,0,14
606,1247,1816,0,14
607,1247,1816,0,14
608,1247,1816,0,15
609,1247,1816,0,17
610,1247,1816,0,15
611,1249,1815,0,14
612,1249,1815,0,15
613,1248,1817,0,18
614,1248,1818,0,18
615,1248,1818,0,18
616,1248,1818,0,19
617,1248,1819,0,18
618,1247,1819,0,18
619,1247,1820,0,20
620,1246,1821,0,20
621,1246,1821,0,21
622,1247,1820,0,21
623,1248,1820,0,22
624,1247,1820,0,21
625,1248,1819,0,20
626,1248,1816,0,21
627,1248,1817,0,23
628,1249,1819,0,25
629,1250,1820,0,25
630,1249,1821,0,25
631,1249,1823,0,21
632,1248,1823,0,18
633,1246,1822,0,18
634,1247,1823,0,21
635,1247,1824,0,21
636,1248,1823,0,22
637,1248,1823,0,23
638,1249,1823,0,24
639,1249,1823,0,24
640,1248,1823,0,24
641,1249,1823,0,23
642,1250,1823,0,26
643,1250,1822,0,24
644,1249,1822,0,29
645,1249,1822,0,28
646,1249,1824,0,23
647,1249,1824,0,20
648,1249,1824,0,22
649,1248,1824,0,28
650,1248,1823,0,33
651,1249,1822,0,35
652,1250,1820,0,32
653,1250,1820,0,32
654,1251,1820,0,34
655,1250,1820,0,33
656,1251,1819,0,33
657,1251,1819,0,32
658,1251,1819,0,32
659,1251,1819,0,36
660,1250,1819,0,38
661,1250,1818,0,39
662,1251,1818,0,44
663,1251,1817,0,48
664,1252,1817,0,49
665,1253,1815,0,50
666,1255,1815,0,48
667,1254,1815,0,51
668,1253,1814,0,62
669,1254,1813,0,60
670,1254,1814,0,53
671,1254,1814,0,45
672,1254,1814,0,55
673,1254,1815,0,57
674,1254,1815,0,59
675,1254,1815,0,60
676,1255,1815,0,60
677,1255,1815,0,62
678,1256,1816,0,61
679,1256,1815,0,64
680,1256,1816,0,55
681,1255,1817,0,47
682,1253,1815,0,47
683,1254,1815,0,54
684,1255,1816,0,58
685,1254,1818,0,57
686,1252,1821,0,57
687,1251,1826,0,58
688,1250,1826,0,59
689,1248,1829,0,58
690,1245,1832,0,61
691,1244,1836,0,49
692,1243,1837,0,49
693,1243,1839,0,47
694,1242,1839,0,46
695,1240,1840,0,44
696,1238,1840,0,43
697,1237,1841,0,37
698,1235,1847,0,28
699,1233,1849,0,25
700,1232,1850,0,25
701,1230,1849,0,22
702,1231,1848,0,31
703,1232,1849,0,34
704,1231,1851,0,40
705,1230,1852,0,46
706,1229,1853,0,47
707,1229,1855,0,54
708,1230,1857,0,57
709,1233,1857,0,60
710,1236,1855,0,70
711,1239,1851,0,71
712,1240,1852,0,76
713,1242,1851,0,81
714,1240,1852,0,94
715,1240,1856,0,93
716,1241,1855,0,94
717,1241,1857,0,98
718,1241,1857,0,102
719,1241,1860,0,104
720,1241,1861,0,118
721,1242,1858,0,131
722,1244,1858,0,134
723,1248,1860,0,146
724,1249,1861,0,159
725,1252,1859,0,170
726,1254,1859,0,176
727,1253,1859,0,186
728,1253,1857,0,188
729,1252,1855,0,187
730,1253,1855,0,183
731,1253,1853,0,178
732,1256,1853,0,171
733,1258,1852,0,163
734,1258,1851,0,152
735,1257,1851,0,147
736,1258,1851,0,146
737,1258,1853,0,148
738,1259,1854,0,157
739,1258,1855,0,161
740,1259,1856,0,168
741,1259,1851,0,173
742,1258,1844,0,172
743,1259,1843,0,176
744,1263,1843,0,178
745,1268,1843,0,183
746,1269,1845,0,184
747,1272,1844,0,184
748,1273,1844,0,178
749,1275,1844,0,180
750,1275,1844,0,183
751,1276,1845,0,191
752,1276,1844,0,193
753,1275,1841,0,194
754,1275,1841,0,194
755,1277,1840,0,195
756,1277,1839,0,199
757,1279,1837,0,194
758,1280,1836,0,190
759,1280,1836,0,192
760,1280,1836,0,192
761,1279,1836,0,191
762,1278,1836,0,186
763,1276,1836,0,179
764,1278,1835,0,175
765,1279,1835,0,177
766,1280,1835,0,180
767,1282,1835,0,181
768,1287,1836,0,183
769,1291,1834,0,190
770,1292,1833,0,192
771,1293,1831,0,194
772,1293,1831,0,193
773,1293,1832,0,199
774,1293,1831,0,204
775,1293,1830,0,204
776,1293,1830,0,206
777,1292,1831,0,209
778,1292,1832,0,216
779,1290,1833,0,214
780,1290,1831,0,208
781,1288,1833,0,205
782,1289,1832,0,203
783,1290,1832,0,194
784,1289,1832,0,195
785,1290,1833,0,195
786,1290,1833,0,197
787,1290,1834,0,199
788,1289,1834,0,200
789,1289,1834,0,203
790,1289,1834,0,207
791,1289,1834,0,211
792,1288,1834,0,213
793,1287,1836,0,215
794,1285,1837,0,219
795,1285,1838,0,218
796,1285,1838,0,218
797,1285,1837,0,216
798,1286,1836,0,216
799,1286,1836,0,215
800,1286,1835,0,209
802,1287,1832,0,199
803,1289,1833,0,196
804,1292,1832,0,191
805,1293,1832,0,188
806,1293,1832,0,184
807,1293,1832,0,179
808,1295,1832,0,175
809,1295,1833,0,169
810,1294,1834,0,166
811,1294,1834,0,164
812,1295,1835,0,161
813,1295,1834,0,159
814,1295,1835,0,157
815,1295,1835,0,154
816,1296,1836,0,154
817,1297,1836,0,151
818,1298,1838,0,148
819,1300,1839,0,143
820,1302,1839,0,135
821,1304,1840,0,124
822,1307,1841,0,118
823,1308,1841,0,112
824,1310,1843,0,102
825,1311,1843,0,100
826,1313,1844,0,97
827,1313,1844,0,96
828,1313,1845,0,93
829,1313,1846,0,91
830,1314,1846,0,91
831,1314,1846,0,91
832,1314,1846,0,92
833,1314,1846,0,92
834,1314,1846,0,92
835,1314,1847,0,93
836,1315,1847,0,92
837,1317,1846,0,96
838,1319,1844,0,101
839,1322,1844,0,100
840,1325,1846,0,99
841,1325,1847,0,100
842,1324,1847,0,103
843,1323,1848,0,109
844,1322,1847,0,111
845,1323,1848,0,109
846,1323,1848,0,107
847,1323,1848,0,104
848,1323,1848,0,102
849,1323,1847,0,97
850,1323,1845,0,91
851,1323,1846,0,85
852,1324,1848,0,83
853,1322,1850,0,78
854,1321,1852,0,75
855,1320,1853,0,67
856,1320,1853,0,63
857,1319,1853,0,60
858,1318,1853,0,58
859,1317,1853,0,58
860,1316,1854,0,57
861,1315,1855,0,58
862,1315,1855,0,54
863,1314,1856,0,50
864,1314,1857,0,46
865,1314,1858,0,43
866,1314,1859,0,40
867,1314,1859,0,39
868,1314,1860,0,35
869,1314,1861,0,32
870,1314,1862,0,30
871,1314,1862,0,29
872,1314,1862,0,29
873,1313,1862,0,30
874,1313,1862,0,31
875,1313,1862,0,31
876,1313,1862,0,31
877,1312,1861,0,29
878,1313,1861,0,29
879,1313,1861,0,29
880,1313,1861,0,28
881,1313,1863,0,27
882,1313,1863,0,27
883,1314,1864,0,25
884,1314,1864,0,25
885,1315,1863,0,27
886,1314,1863,0,28
887,1314,1862,0,31
888,1314,1862,0,30
889,1314,1862,0,32
890,1312,1861,0,33
891,1312,1863,0,34
892,1312,1865,0,35
893,1312,1866,0,36
894,1311,1866,0,33
895,1311,1867,0,31
896,1310,1869,0,30
897,1310,1869,0,29
898,1309,1870,0,30
899,1308,1870,0,31
900,1308,1870,0,32
901,1309,1870,0,32
902,1309,1870,0,32
903,1309,1869,0,34
904,1309,1869,0,33
905,1309,1869,0,33
906,1309,1869,0,30
907,1310,1869,0,28
908,1310,1869,0,28
909,1310,1869,0,29
910,1310,1870,0,28
911,1310,1870,0,28
912,1311,1870,0,27
913,1311,1870,0,27
914,1311,1869,0,29
915,1311,1869,0,29
916,1312,1869,0,27
917,1312,1869,0,26
918,1313,1870,0,26
919,1313,1871,0,24
920,1313,1872,0,22
921,1315,1873,0,19
922,1316,1875,0,20
923,1316,1876,0,15
924,1315,1877,0,10
925,1315,1878,0,10
926,1314,1879,0,11
927,1314,1880,0,12
928,1315,1880,0,14
929,1316,1881,0,15
930,1315,1881,0,15
931,1315,1881,0,16
932,1315,1881,0,17
933,1316,1881,0,16
934,1316,1881,0,17
935,1315,1881,0,17
936,1315,1881,0,17
937,1315,1881,0,17
938,1315,1881,0,18
939,1315,1881,0,17
940,1315,1881,0,18
941,1315,1881,0,17
942,1315,1881,0,17
943,1315,1881,0,17
944,1315,1881,0,18
945,1315,1881,0,19
946,1315,1881,0,19
947,1315,1881,0,18
948,1315,1881,0,19
949,1315,1881,0,18
950,1315,1881,0,18
951,1314,1881,0,18
952,1314,1881,0,18
953,1315,1881,0,19
954,1316,1882,0,20
955,1316,1883,0,19
956,1316,1882,0,20
957,1316,1882,0,19
958,1317,1881,0,20
959,1317,1882,0,20
960,1316,1882,0,20
961,1316,1883,0,19
962,1316,1883,0,17
963,1317,1883,0,16
964,1317,1884,0,14
965,1317,1883,0,16
966,1317,1883,0,16
967,1317,1883,0,18
968,1317,1883,0,19
969,1317,1883,0,19
970,1317,1882,0,19
971,1317,1882,0,21
972,1317,1882,0,21
973,1317,1882,0,21
974,1317,1882,0,21
975,1317,1882,0,21
976,1317,1882,0,21
977,1317,1882,0,21
978,1317,1882,0,21
979,1316,1882,0,21
980,1317,1882,0,21
981,1316,1882,0,21
982,1316,1882,0,20
983,1316,1882,0,21
984,1316,1882,0,20
985,1316,1882,0,21
986,1316,1882,0,21
987,1316,1881,0,22
988,1316,1881,0,22
989,1316,1881,0,23
990,1316,1881,0,23
991,1316,1881,0,23
992,1316,1881,0,23
993,1316,1881,0,22
994,1316,1881,0,23
995,1316,1881,0,23
996,1316,1881,0,23
997,1316,1881,0,23
998,1316,1881,0,23
999,1316,1881,0,23
1000,1317,1881,0,23
1001,1317,1881,0,23
1002,1317,1881,0,23
1003,1316,1881,0,23
1004,1316,1881,0,25
1005,1317,1881,0,24
1006,1316,1881,0,24
1007,1316,1881,0,25
1008,1317,1881,0,25
1009,1317,1881,0,26
1010,1317,1881,0,25
1011,1317,1881,0,25
1012,1317,1881,0,25
1013,1316,1881,0,26
1014,1317,1881,0,25
1015,1316,1881,0,26
1016,1317,1881,0,25
1017,1317,1881,0,25
1018,1317,1881,0,25
1019,1316,1881,0,24
1020,1317,1881,0,25
1021,1317,1881,0,24
1022,1317,1881,0,24
1023,1317,1881,0,24
1024,1317,1881,0,25
1025,1316,1881,0,24
1026,1316,1881,0,23
1027,1317,1881,0,24
1028,1317,1881,0,23
1029,1316,1881,0,23
1030,1317,1881,0,24
1031,1317,1881,0,24
1032,1317,1881,0,24
1033,1317,1881,0,24
1034,1317,1881,0,24
1035,1317,1881,0,24
1036,1317,1881,0,24
1037,1317,1881,0,23
1038,1317,1881,0,24
1039,1317,1881,0,24
1040,1317,1881,0,25
1041,1317,1881,0,25
1042,1317,1881,0,24
1043,1317,1881,0,24
1044,1317,1881,0,24
1045,1317,1881,0,24
1046,1317,1881,0,24
1047,1317,1881,0,24
1048,1317,1881,0,24
1049,1317,1881,0,24
1050,1317,1881,0,24
1051,1317,1881,0,24
1052,1317,1881,0,24
1053,1317,1881,0,25
1054,1317,1881,0,24
1055,1317,1881,0,24
1056,1317,1881,0,24
1057,1317,1881,0,24
1058,1317,1881,0,24
1059,1317,1881,0,24
1060,1317,1881,0,25
1061,1317,1881,0,24
1062,1317,1881,0,24
1063,1317,1881,0,24
1064,1317,1881,0,24
1065,1317,1881,0,24
1066,1317,1881,0,24
1067,1317,1881,0,24
1068,1317,1881,0,24
1069,1317,1881,0,24
1070,1317,1881,0,24
1071,1317,1881,0,24
1072,1317,1881,0,24
1073,1317,1881,0,24
1074,1317,1881,0,24
1075,1317,1881,0,23
1076,1316,1881,0,23
1077,1317,1881,0,23
1078,1317,1881,0,23
1079,1316,1881,0,23
1080,1317,1881,0,24
1081,1317,1881,0,23
1082,1317,1881,0,23
1083,1317,1881,0,23
1084,1317,1881,0,23
1085,1317,1881,0,23
1086,1316,1881,0,23
1087,1317,1881,0,23
1088,1316,1881,0,23
1089,1317,1881,0,24
1090,1317,1881,0,23
1091,1317,1881,0,24
1092,1317,1881,0,23
1093,1317,1881,0,23
1094,1317,1881,0,23
1095,1317,1881,0,23
1096,1317,1881,0,23
1097,1317,1881,0,23
1098,1317,1881,0,23
1099,1317,1881,0,23
1100,1317,1881,0,23
1101,1317,1881,0,23
1102,1317,1881,0,23
1103,1317,1881,0,23
1104,1317,1881,0,23
1105,1317,1881,0,22
1106,1317,1881,0,23
1107,1317,1881,0,22
1108,1317,1881,0,23
1109,1317,1881,0,22
1110,1317,1881,0,22
1111,1317,1881,0,22
1112,1317,1881,0,22
1113,1317,1881,0,22
1114,1317,1881,0,22
1115,1317,1881,0,22
1116,1317,1881,0,22
1117,1317,1881,0,22
1118,1317,1881,0,22
1119,1317,1881,0,22
1120,1317,1881,0,21
1121,1317,1881,0,22
1122,1317,1881,0,22
1123,1317,1881,0,22
1124,1317,1881,0,22
1125,1317,1881,0,22
1126,1317,1881,0,22
1127,1316,1881,0,22
1128,1317,1881,0,21
1129,1317,1881,0,22
1130,1316,1881,0,22
1131,1317,1881,0,21
1132,1316,1881,0,22
1133,1316,1881,0,22
1134,1316,1881,0,21
1135,1316,1881,0,21
1136,1317,1882,0,21
1137,1316,1882,0,22
1138,1316,1881,0,21
1139,1317,1882,0,21
1140,1316,1882,0,21
1141,1317,1881,0,21
1142,1316,1881,0,22
1143,1317,1881,0,21
1144,1316,1881,0,21
1145,1316,1881,0,22
1146,1316,1881,0,21
1147,1317,1881,0,22
1148,1317,1881,0,21
1149,1317,1881,0,22
1150,1316,1881,0,21
1151,1316,1881,0,22
1152,1316,1881,0,22
1153,1317,1881,0,22
1154,1317,1881,0,21
1155,1317,1881,0,21
1156,1317,1881,0,21
1157,1317,1881,0,21
1158,1317,1881,0,21
1159,1317,1881,0,21
1160,1316,1881,0,20
1161,1316,1881,0,21
1162,1316,1881,0,20
1163,1317,1881,0,21
1164,1317,1881,0,20
1165,1317,1881,0,20
1166,1317,1881,0,20
1167,1317,1881,0,21
1168,1316,1881,0,20
1169,1317,1881,0,21
1170,1317,1881,0,20
1171,1317,1881,0,21
1172,1317,1881,0,20
1173,1317,1881,0,20
1174,1317,1881,0,20
1175,1317,1881,0,21
1176,1317,1881,0,21
1177,1317,1881,0,21
1178,1317,1881,0,21
1179,1317,1881,0,21
1180,1317,1881,0,22
1181,1317,1881,0,21
1182,1317,1880,0,20
1183,1317,1880,0,20
1184,1317,1881,0,23
1185,1317,1881,0,23
1186,1317,1881,0,23
1187,1317,1881,0,23
1188,1317,1881,0,21
1189,1317,1881,0,21
1190,1317,1881,0,21
1191,1317,1881,0,22
1192,1317,1881,0,23
1193,1316,1881,0,24
1194,1316,1881,0,25
1195,1317,1881,0,25
1196,1316,1881,0,24
1197,1316,1881,0,24
1198,1316,1880,0,24
1199,1316,1880,0,24
1200,1316,1881,0,23
1201,1316,1880,0,23
1202,1316,1881,0,23
1203,1317,1880,0,23
1204,1317,1880,0,23
1205,1317,1880,0,22
1206,1317,1880,0,21
1207,1317,1880,0,21
1208,1317,1880,0,20
1209,1317,1880,0,20
1210,1317,1880,0,20
1211,1317,1881,0,20
1212,1317,1880,0,21
1213,1317,1880,0,21
1214,1317,1880,0,21
1215,1317,1880,0,21
1216,1317,1880,0,20
1217,1317,1880,0,21
1218,1317,1880,0,21
1219,1316,1880,0,20
1220,1317,1881,0,20
1221,1316,1881,0,21
1222,1317,1881,0,21
1223,1316,1881,0,21
1224,1316,1881,0,21
1225,1317,1881,0,20
1226,1317,1881,0,20
1227,1316,1881,0,20
1228,1316,1881,0,20
1229,1316,1881,0,19
1230,1316,1881,0,20
1231,1316,1881,0,20
1232,1316,1881,0,20
1233,1317,1881,0,20
1234,1316,1881,0,20
1235,1317,1881,0,22
1236,1318,1882,0,23
1237,1318,1883,0,22
1238,1318,1883,0,22
1239,1317,1883,0,21
1240,1317,1883,0,20
1241,1317,1883,0,20
1242,1317,1883,0,19
1243,1317,1883,0,18
1244,1317,1882,0,19
1245,1317,1882,0,19
1246,1317,1882,0,19
1247,1317,1882,0,19
1248,1317,1882,0,19
1249,1317,1882,0,19
1250,1317,1882,0,19
1251,1317,1882,0,19
1252,1317,1882,0,19
1253,1317,1882,0,19
1254,1317,1882,0,20
1255,1317,1882,0,20
1256,1317,1882,0,21
1257,1317,1882,0,21
1258,1317,1882,0,21
1259,1317,1882,0,21
1260,1317,1882,0,21
1261,1317,1882,0,21
1262,1317,1882,0,21
1263,1317,1882,0,21
1264,1317,1882,0,21
1265,1317,1882,0,21
1266,1317,1882,0,21
1267,1317,1882,0,21
1268,1317,1882,0,21
1269,1317,1882,0,21
1270,1317,1882,0,21
1271,1317,1882,0,21
1272,1317,1882,0,21
1273,1317,1882,0,21
1274,1317,1882,0,21
1275,1317,1882,0,21
1276,1317,1882,0,21
1277,1317,1882,0,21
1278,1317,1882,0,22
1279,1317,1882,0,21
1280,1317,1882,0,22
1281,1317,1882,0,21
1282,1317,1882,0,21
1283,1317,1882,0,21
1284,1317,1882,0,21
1285,1317,1882,0,20
1286,1317,1882,0,22
1287,1317,1882,0,22
1288,1317,1882,0,21
1289,1317,1881,0,22
1290,1317,1882,0,22
1291,1317,1882,0,21
1292,1317,1882,0,22
1293,1317,1882,0,21
1294,1317,1882,0,21
1295,1317,1882,0,21
1296,1317,1881,0,22
1297,1317,1882,0,21
1298,1317,1882,0,21
1299,1317,1881,0,22
1300,1317,1882,0,21
1301,1317,1882,0,21
1302,1317,1882,0,20
1303,1317,1882,0,22
1304,1317,1882,0,21
1305,1317,1882,0,20
1306,1317,1882,0,20
1307,1316,1882,0,21
1308,1317,1882,0,20
1309,1317,1882,0,21
1310,1317,1882,0,21
1311,1317,1882,0,21
1312,1317,1882,0,21
1313,1317,1882,0,21
1314,1317,1882,0,20
1315,1317,1882,0,21
1316,1317,1882,0,21
1317,1316,1882,0,21
1318,1317,1882,0,21
1319,1317,1882,0,21
1320,1317,1882,0,21
1321,1317,1882,0,22
1322,1317,1882,0,21
1323,1317,1882,0,22
1324,1317,1882,0,21
1325,1317,1882,0,22
1326,1317,1882,0,21
1327,1317,1882,0,21
1328,1317,1882,0,21
1329,1317,1882,0,21
1330,1317,1882,0,21
1331,1317,1882,0,22
1332,1317,1882,0,22
1333,1317,1882,0,22
1334,1317,1882,0,21
1335,1316,1882,0,22
1336,1317,1882,0,22
1337,1316,1882,0,22
1338,1316,1882,0,22
1339,1316,1882,0,21
1340,1316,1882,0,22
1341,1316,1882,0,22
1342,1317,1882,0,22
1343,1316,1882,0,22
1344,1317,1882,0,21
1345,1316,1882,0,22
1346,1316,1882,0,22
1347,1316,1882,0,22
1348,1317,1882,0,22
1349,1316,1882,0,22
1350,1317,1882,0,22
1351,1316,1882,0,22
1352,1317,1882,0,22
1353,1316,1882,0,22
1354,1316,1882,0,22
1355,1316,1882,0,22
1356,1317,1882,0,21
1357,1316,1882,0,22
1358,1316,1882,0,22
1359,1316,1882,0,21
1360,1317,1882,0,21
1361,1317,1882,0,21
1362,1317,1882,0,21
1363,1317,1882,0,21
1364,1317,1882,0,21
1365,1317,1882,0,21
1366,1317,1882,0,21
1367,1317,1882,0,22
1368,1317,1882,0,21
1369,1317,1882,0,21
1370,1316,1882,0,22
1371,1317,1882,0,21
1372,1317,1882,0,22
1373,1317,1882,0,22
1374,1317,1882,0,22
1375,1317,1882,0,22
1376,1317,1882,0,21
1377,1317,1882,0,21
1378,1317,1882,0,21
1379,1317,1882,0,21
1380,1316,1882,0,21
1381,1317,1882,0,22
1382,1317,1882,0,21
1383,1317,1882,0,21
1384,1317,1882,0,21
1385,1317,1882,0,21
1386,1317,1882,0,21
1387,1317,1882,0,22
1388,1317,1882,0,22
1389,1317,1882,0,22
1390,1317,1882,0,21
1391,1317,1882,0,21
1392,1317,1882,0,21
1393,1317,1882,0,22
1394,1317,1882,0,22
1395,1317,1882,0,21
1396,1317,1882,0,22
1397,1317,1882,0,21
1398,1317,1882,0,22
1399,1317,1882,0,22
1400,1317,1882,0,21
1401,1317,1882,0,22
1402,1317,1882,0,22
1403,1317,1882,0,22
1404,1317,1882,0,22
1405,1317,1882,0,21
1406,1317,1882,0,22
1407,1317,1882,0,22
1408,1317,1882,0,22
1409,1317,1882,0,21
1410,1317,1882,0,22
1411,1317,1882,0,22
1412,1317,1882,0,22
1413,1316,1881,0,23
1414,1316,1881,0,25
1415,1316,1880,0,26
1416,1316,1880,0,25
1417,1316,1880,0,26
1418,1317,1879,0,26
1419,1317,1880,0,25
1420,1317,1880,0,22
1421,1319,1879,0,21
1422,1319,1879,0,22
1423,1320,1879,0,20
1424,1320,1878,0,19
1425,1320,1878,0,16
1426,1321,1877,0,17
1427,1320,1878,0,18
1428,1320,1878,0,19
1429,1320,1879,0,21
1430,1320,1880,0,23
1431,1320,1880,0,21
1432,1320,1881,0,23
1433,1320,1881,0,23
1434,1320,1881,0,23
1435,1320,1881,0,24
1436,1320,1881,0,26
1437,1320,1881,0,25
1438,1320,1881,0,26
1439,1320,1881,0,26
1440,1319,1881,0,27
1441,1319,1881,0,27
1442,1319,1881,0,27
1443,1319,1881,0,27
1444,1319,1881,0,27
1445,1319,1881,0,26
1446,1319,1881,0,27
1447,1319,1881,0,26
1448,1319,1881,0,27
1449,1319,1881,0,27
1450,1319,1881,0,26
1451,1319,1881,0,28
1452,1319,1881,0,28
1453,1319,1881,0,28
1454,1319,1881,0,29
1455,1319,1881,0,28
1456,1319,1881,0,28
1457,1319,1881,0,28
1458,1319,1881,0,28
1459,1319,1881,0,28
1460,1319,1881,0,27
1461,1319,1882,0,27
1462,1318,1882,0,26
1463,1318,1882,0,26
1464,1318,1882,0,24
1465,1318,1883,0,22
1466,1318,1883,0,22
1467,1317,1884,0,21
1468,1318,1883,0,21
1469,1318,1884,0,19
1470,1318,1884,0,19
1471,1318,1883,0,20
1472,1318,1883,0,21
1473,1318,1883,0,21
1474,1318,1883,0,22
1475,1318,1883,0,23
1476,1318,1883,0,23
1477,1318,1883,0,22
1478,1318,1883,0,23
1479,1318,1883,0,22
1480,1318,1883,0,22
1481,1319,1883,0,22
1482,1319,1883,0,23
1483,1319,1883,0,23
1484,1318,1883,0,24
1485,1319,1882,0,24
1486,1319,1883,0,24
1487,1319,1882,0,24
1488,1318,1883,0,23
1489,1319,1883,0,23
1490,1318,1883,0,23
1491,1318,1883,0,23
1492,1318,1883,0,23
1493,1318,1883,0,24
1494,1319,1883,0,24
1495,1319,1882,0,25
1496,1319,1882,0,26
1497,1319,1881,0,24
1498,1320,1881,0,25
1499,1320,1881,0,25
1500,1320,1881,0,25
1501,1319,1881,0,24
1502,1320,1881,0,22
1503,1319,1881,0,22
1504,1319,1881,0,21
1505,1319,1881,0,21
1506,1319,1881,0,21
1507,1319,1882,0,20
1508,1319,1882,0,19
1509,1319,1882,0,21
1510,1320,1882,0,21
1511,1320,1882,0,20
1512,1319,1882,0,21
1513,1319,1882,0,21
1514,1319,1882,0,20
1515,1319,1882,0,20
1516,1319,1882,0,21
1517,1319,1882,0,21
1518,1319,1882,0,22
1519,1319,1882,0,22
1520,1319,1882,0,23
1521,1319,1882,0,23
1522,1319,1882,0,23
1523,1319,1882,0,23
1524,1319,1882,0,23
1525,1319,1882,0,23
1526,1319,1882,0,24
1527,1319,1882,0,24
1528,1319,1882,0,24
1529,1319,1882,0,24
1530,1319,1881,0,24
1531,1319,1881,0,25
1532,1319,1881,0,24
1533,1319,1881,0,24
1534,1320,1881,0,23
1535,1319,1882,0,23
1536,1319,1882,0,23
1537,1319,1882,0,23
1538,1319,1882,0,22
1539,1319,1882,0,23
1540,1319,1882,0,23
1541,1319,1882,0,23
1542,1319,1882,0,23
1543,1319,1881,0,24
1544,1319,1882,0,23
1545,1319,1881,0,23
1546,1320,1881,0,23
1547,1320,1881,0,23
1548,1319,1881,0,23
1549,1319,1881,0,23
1550,1320,1881,0,23
1551,1320,1881,0,23
1552,1320,1881,0,23
1553,1320,1882,0,24
1554,1320,1881,0,24
1555,1320,1882,0,23
1556,1320,1882,0,23
1557,1319,1882,0,23
1558,1319,1882,0,23
1559,1320,1882,0,22
1560,1320,1882,0,22
1561,1319,1882,0,22
1562,1319,1882,0,22
1563,1319,1882,0,23
1564,1319,1882,0,22
1565,1319,1882,0,23
1566,1319,1882,0,23
1567,1320,1882,0,22
1568,1320,1882,0,23
1569,1320,1882,0,23
1570,1320,1882,0,22
1571,1319,1882,0,23
1572,1319,1882,0,22
1573,1319,1882,0,23
1574,1320,1882,0,23
1575,1320,1882,0,24
1576,1320,1882,0,23
1577,1320,1882,0,23
1578,1320,1882,0,24
1579,1320,1882,0,23
1580,1319,1882,0,23
1581,1320,1882,0,24
1582,1319,1882,0,23
1583,1319,1882,0,24
1584,1320,1882,0,24
1585,1319,1882,0,23
1586,1319,1882,0,24
1587,1319,1882,0,24
1588,1319,1882,0,24
1589,1319,1882,0,23
1590,1319,1882,0,23
1591,1319,1882,0,23
1592,1319,1882,0,24
1593,1319,1882,0,24
1594,1319,1882,0,23
1595,1319,1882,0,24
1596,1319,1882,0,24
1597,1319,1882,0,24
1598,1319,1882,0,24
1599,1319,1882,0,23
1600,1319,1882,0,23
1601,1319,1882,0,23
1602,1319,1882,0,22
1603,1319,1882,0,22
1604,1319,1882,0,20
1605,1318,1882,0,20
1606,1318,1882,0,20
1607,1318,1883,0,19
1608,1318,1883,0,17
1609,1317,1883,0,17
1610,1317,1883,0,16
1611,1317,1883,0,16
1612,1317,1883,0,15
1613,1317,1883,0,15
1614,1317,1883,0,15
1615,1317,1883,0,15
1616,1317,1883,0,15
1617,1318,1883,0,16
1618,1318,1883,0,16
1619,1318,1883,0,16
1620,1318,1883,0,16
1621,1318,1883,0,16
1622,1318,1883,0,16
1623,1318,1883,0,16
1624,1318,1883,0,15
1625,1318,1883,0,16
1626,1318,1883,0,15
1627,1318,1883,0,15
1628,1318,1883,0,15
1629,1319,1883,0,15
1630,1318,1883,0,17
1631,1318,1884,0,17
1632,1318,1884,0,16
1633,1318,1884,0,16
1634,1318,1884,0,16
1635,1318,1884,0,16
1636,1318,1884,0,17
1637,1318,1884,0,17
1638,1318,1884,0,18
1639,1318,1884,0,17
1640,1318,1884,0,17
1641,1318,1884,0,17
1642,1318,1884,0,18
1643,1319,1884,0,17
1644,1319,1884,0,17
1645,1319,1884,0,17
1646,1319,1884,0,17
1647,1319,1884,0,17
1648,1319,1884,0,17
1649,1319,1884,0,17
1650,1319,1884,0,16
1651,1318,1884,0,17
1652,1318,1884,0,17
1653,1319,1884,0,16
1654,1318,1885,0,17
1655,1318,1885,0,16
1656,1318,1885,0,15
1657,1318,1885,0,15
1658,1318,1885,0,15
1659,1317,1885,0,14
1660,1317,1885,0,14
1661,1317,1885,0,14
1662,1318,1885,0,15
1663,1318,1885,0,15
1664,1318,1885,0,14
1665,1318,1885,0,14
1666,1318,1885,0,14
1667,1318,1884,0,16
1668,1318,1885,0,14
1669,1318,1884,0,15
1670,1318,1884,0,14
1671,1318,1884,0,16
1672,1318,1884,0,15
1673,1318,1884,0,16
1674,1318,1885,0,16
1675,1318,1885,0,16
1676,1319,1885,0,18
1677,1319,1885,0,19
1678,1319,1884,0,17
1679,1319,1884,0,17
1680,1319,1884,0,17
1681,1319,1884,0,17
1682,1319,1884,0,17
1683,1319,1884,0,17
1684,1319,1884,0,17
1685,1319,1884,0,17
1686,1319,1884,0,17
1687,1319,1885,0,18
1688,1319,1884,0,17
1689,1320,1884,0,16
1690,1320,1884,0,16
1691,1320,1884,0,17
1692,1319,1884,0,17
1693,1319,1884,0,17
1694,1319,1884,0,16
1695,1319,1884,0,16
1696,1319,1884,0,17
1697,1320,1884,0,16
1698,1319,1885,0,18
1699,1319,1885,0,18
1700,1319,1885,0,17
1701,1319,1885,0,17
1702,1319,1885,0,16
1703,1319,1885,0,18
1704,1319,1885,0,17
1705,1318,1884,0,21
1706,1317,1884,0,27
1707,1317,1885,0,25
1708,1317,1885,0,26
1709,1317,1886,0,26
1710,1316,1887,0,22
1711,1316,1887,0,21
1712,1316,1887,0,20
1713,1317,1887,0,19
1714,1318,1887,0,19
1715,1318,1888,0,19
1716,1318,1888,0,19
1717,1318,1888,0,19
1718,1318,1889,0,19
1719,1318,1889,0,17
1720,1318,1890,0,17
1721,1318,1890,0,17
1722,1318,1890,0,17
1723,1318,1890,0,17
1724,1318,1890,0,17
1725,1318,1890,0,16
1726,1319,1891,0,17
1727,1319,1891,0,18
1728,1319,1891,0,17
1729,1320,1891,0,18
1730,1320,1891,0,16
1731,1320,1891,0,17
1732,1320,1891,0,18
1733,1320,1892,0,18
1734,1320,1892,0,18
1735,1319,1892,0,20
1736,1318,1893,0,17
1737,1317,1893,0,17
1738,1316,1895,0,16
1739,1314,1894,0,19
1740,1314,1895,0,16
1741,1314,1895,0,18
1742,1314,1895,0,16
1743,1313,1894,0,21
1744,1310,1893,0,23
1745,1308,1893,0,22
1746,1308,1895,0,19
1747,1308,1895,0,21
1748,1307,1896,0,19
1749,1309,1896,0,17
1750,1310,1896,0,16
1751,1309,1896,0,18
1752,1309,1896,0,18
1753,1309,1896,0,16
1754,1308,1895,0,15
1755,1307,1895,0,14
1756,1306,1896,0,15
1757,1306,1897,0,11
1758,1306,1898,0,3
1759,1306,1899,0,359
1760,1306,1896,0,2
1761,1305,1895,0,5
1762,1304,1895,0,3
1763,1305,1895,0,4
1764,1305,1895,0,4
1765,1304,1895,0,5
1766,1304,1896,0,3
1767,1303,1895,0,8
1768,1305,1895,0,11
1769,1306,1895,0,13
1770,1306,1896,0,13
1771,1308,1897,0,18
1772,1308,1897,0,17
1773,1307,1898,0,22
1774,1306,1899,0,19
1775,1307,1898,0,22
1776,1306,1898,0,23
1777,1306,1898,0,22
1778,1307,1899,0,21
1779,1307,1899,0,21
1780,1307,1899,0,19
1781,1309,1897,0,12
1782,1310,1896,0,9
1783,1311,1895,0,5
1784,1311,1894,0,4
1785,1312,1894,0,1
1786,1314,1893,0,1
1787,1314,1891,0,358
1788,1314,1891,0,356
1789,1314,1891,0,357
1790,1315,1891,0,353
1791,1314,1889,0,349
1792,1314,1888,0,348
1793,1316,1889,0,348
1794,1316,1889,0,350
1795,1315,1889,0,351
1796,1316,1889,0,353
1797,1315,1890,0,354
1798,1315,1890,0,355
1799,1314,1890,0,356
1800,1315,1890,0,357
1801,1314,1890,0,358
1802,1314,1890,0,358
1803,1314,1890,0,357
1804,1314,1890,0,357
1805,1314,1890,0,358
1806,1315,1890,0,358
1807,1314,1890,0,359
1808,1314,1890,0,0
1809,1314,1890,0,1
1810,1313,1890,0,2
1811,1314,1890,0,3
1812,1313,1890,0,3
1813,1312,1891,0,5
1814,1312,1893,0,5
1815,1311,1895,0,3
1816,1311,1898,0,0
1817,1310,1900,0,356
1818,1309,1902,0,1
1819,1309,1903,0,0
1820,1307,1905,0,1
1821,1307,1905,0,3
1822,1306,1905,0,6
1823,1306,1905,0,10
1824,1305,1905,0,14
1825,1305,1905,0,14
1826,1304,1905,0,15
1827,1304,1904,0,18
1828,1303,1905,0,17
1829,1304,1906,0,16
1830,1305,1906,0,13
1831,1303,1906,0,14
1832,1303,1906,0,12
1833,1303,1905,0,9
1834,1302,1903,0,5
1835,1302,1902,0,6
1836,1302,1903,0,7
1837,1302,1903,0,7
1838,1302,1903,0,7
1839,1301,1903,0,6
1840,1302,1902,0,7
1841,1302,1902,0,7
1842,1302,1902,0,8
1843,1302,1902,0,12
1844,1303,1902,0,15
1845,1304,1902,0,17
1846,1304,1902,0,15
1847,1304,1902,0,16
1848,1308,1901,0,9
1849,1310,1897,0,357
1850,1310,1894,0,352
1851,1310,1893,0,350
1852,1310,1892,0,349
1853,1310,1892,0,348
1854,1310,1891,0,345
1855,1312,1891,0,344
1856,1312,1891,0,343
1857,1312,1888,0,339
1858,1312,1886,0,339
1859,1312,1885,0,337
1860,1312,1885,0,337
1861,1311,1884,0,339
1862,1313,1881,0,341
1863,1314,1881,0,340
1864,1314,1881,0,339
1865,1314,1881,0,336
1866,1314,1880,0,334
1867,1314,1880,0,331
1868,1314,1879,0,329
1869,1315,1879,0,328
1870,1315,1880,0,326
1871,1315,1879,0,325
1872,1315,1879,0,324
1873,1315,1877,0,321
1874,1315,1876,0,320
1875,1315,1876,0,320
1876,1315,1876,0,323
1877,1315,1876,0,323
1878,1315,1876,0,324
1879,1315,1876,0,324
1880,1315,1875,0,326
1881,1315,1875,0,326
1882,1315,1875,0,327
1883,1315,1875,0,327
1884,1315,1875,0,327
1885,1314,1875,0,328
1886,1314,1874,0,327
1887,1314,1875,0,327
1888,1314,1875,0,327
1889,1314,1874,0,327
1890,1314,1874,0,327
1891,1314,1875,0,327
1892,1313,1874,0,327
1893,1313,1874,0,327
1894,1314,1875,0,327
1895,1313,1875,0,327
1896,1313,1874,0,327
1897,1313,1874,0,328
1898,1313,1874,0,328
1899,1313,1874,0,328
1900,1313,1874,0,328
1901,1313,1874,0,328
1902,1313,1874,0,328
1903,1313,1874,0,328
1904,1313,1874,0,328
1905,1313,1874,0,328
1906,1313,1874,0,328
1907,1312,1874,0,328
1908,1312,1874,0,327
1909,1313,1873,0,327
1910,1312,1873,0,325
1911,1312,1873,0,326
1912,1314,1874,0,326
1913,1314,1875,0,326
1914,1313,1875,0,326
1915,1313,1875,0,326
1916,1314,1875,0,324
1917,1313,1875,0,325
1918,1314,1875,0,326
1919,1314,1875,0,327
1920,1313,1875,0,328
1921,1313,1875,0,329
1922,1312,1875,0,330
1923,1313,1875,0,332
1924,1313,1876,0,334
1925,1312,1876,0,335
1926,1312,1876,0,336
1927,1313,1876,0,337
1928,1313,1877,0,340
1929,1312,1877,0,341
1930,1312,1877,0,341
1931,1313,1877,0,341
1932,1312,1877,0,341
1933,1313,1877,0,340
1934,1312,1877,0,341
1935,1312,1877,0,340
1936,1312,1877,0,340
1937,1312,1877,0,341
1938,1312,1877,0,340
1939,1312,1877,0,340
1940,1311,1877,0,340
1941,1311,1877,0,340
1942,1311,1877,0,339
1943,1311,1877,0,337
1944,1311,1877,0,336
1945,1312,1877,0,336
1946,1312,1877,0,337
1947,1312,1877,0,338
1948,1312,1877,0,338
1949,1312,1877,0,339
1950,1312,1877,0,338
1951,1312,1877,0,339
1952,1312,1877,0,338
1953,1311,1877,0,338
1954,1312,1877,0,338
1955,1311,1877,0,338
1956,1311,1877,0,338
1957,1312,1877,0,338
1958,1312,1877,0,338
1959,1313,1877,0,338
1960,1313,1877,0,338
1961,1314,1877,0,340
1962,1314,1876,0,342
1963,1314,1876,0,344
1964,1313,1876,0,345
1965,1313,1876,0,346
1966,1313,1876,0,345
1967,1312,1877,0,344
1968,1311,1877,0,344
1969,1311,1878,0,345
1970,1311,1878,0,345
1971,1311,1878,0,345
1972,1312,1878,0,347
1973,1311,1878,0,347
1974,1311,1878,0,347
1975,1310,1878,0,348
1976,1310,1878,0,351
1977,1310,1878,0,350
1978,1310,1878,0,349
1979,1309,1879,0,349
1980,1309,1879,0,351
1981,1309,1879,0,351
1982,1309,1879,0,351
1983,1309,1879,0,351
1984,1309,1879,0,351
1985,1309,1879,0,351
1986,1309,1879,0,348
1987,1310,1880,0,347
1988,1310,1880,0,347
1989,1309,1880,0,347
1990,1310,1880,0,347
1991,1310,1880,0,347
1992,1310,1880,0,347
1993,1310,1880,0,347
1994,1310,1880,0,347
1995,1310,1880,0,346
1996,1310,1880,0,345
1997,1310,1880,0,345
1998,1310,1880,0,345
1999,1310,1880,0,346
2000,1310,1881,0,346
2001,1311,1882,0,347
2002,1312,1882,0,348
2003,1312,1882,0,351
2004,1311,1882,0,352
2005,1311,1882,0,352
2006,1311,1881,0,353
2007,1309,1882,0,354
2008,1308,1882,0,357
2009,1308,1882,0,359
2010,1306,1883,0,1
2011,1307,1882,0,0
2012,1306,1883,0,1
2013,1307,1883,0,1
2014,1307,1883,0,1
2015,1307,1883,0,1
2016,1308,1883,0,0
2017,1310,1882,0,359
2018,1309,1883,0,358
2019,1309,1883,0,359
2020,1309,1884,0,1
2021,1309,1884,0,1
2022,1309,1885,0,3
2023,1309,1885,0,2
2024,1309,1885,0,4
2025,1310,1885,0,3
2026,1310,1885,0,2
2027,1311,1884,0,355
2028,1311,1884,0,353
2029,1313,1883,0,349
2030,1314,1884,0,345
2031,1314,1884,0,345
2032,1314,1884,0,345
2033,1314,1884,0,345
2034,1313,1884,0,344
2035,1313,1884,0,344
2036,1313,1884,0,344
2037,1314,1885,0,345
2038,1314,1885,0,343
2039,1315,1886,0,345
2040,1315,1886,0,348
2041,1314,1886,0,349
2042,1315,1886,0,349
2043,1314,1886,0,349
2044,1314,1886,0,351
2045,1314,1886,0,352
2046,1314,1887,0,353
2047,1314,1887,0,354
2048,1314,1887,0,355
2049,1314,1887,0,356
2050,1314,1887,0,356
2051,1314,1887,0,355
2052,1313,1887,0,356
2053,1313,1887,0,356
2054,1313,1888,0,357
2055,1313,1888,0,356
2056,1313,1888,0,356
2057,1313,1888,0,357
2058,1313,1888,0,357
2059,1313,1888,0,357
2060,1313,1887,0,356
2061,1314,1887,0,357
2062,1314,1887,0,356
2063,1314,1887,0,356
2064,1315,1887,0,351
2065,1315,1886,0,349
2066,1316,1887,0,351
2067,1315,1886,0,351
2068,1315,1887,0,351
2069,1315,1887,0,352
2070,1315,1887,0,354
2071,1314,1887,0,356
2072,1314,1887,0,356
2073,1314,1887,0,357
2074,1314,1887,0,358
2075,1313,1887,0,358
2076,1313,1888,0,359
2077,1313,1889,0,0
2078,1312,1889,0,0
2079,1311,1889,0,1
2080,1311,1889,0,0
2081,1312,1889,0,359
2082,1312,1889,0,359
2083,1313,1889,0,356
2084,1316,1889,0,354
2085,1315,1889,0,354
2086,1315,1889,0,353
2087,1315,1889,0,353
2088,1315,1889,0,351
2089,1315,1889,0,350
2090,1316,1889,0,349
2091,1316,1890,0,347
2092,1318,1888,0,342
2093,1320,1889,0,340
2094,1322,1890,0,334
2095,1322,1890,0,329
2096,1323,1887,0,327
2097,1323,1887,0,326
2098,1323,1887,0,322
2099,1323,1887,0,320
2100,1322,1887,0,314
2101,1323,1887,0,304
2102,1322,1886,0,302
2103,1321,1887,0,300
2104,1323,1890,0,294
2105,1322,1891,0,294
2106,1321,1891,0,292
2107,1321,1891,0,291
2108,1320,1890,0,288
2109,1320,1891,0,283
2110,1320,1891,0,279
2111,1319,1890,0,278
2112,1319,1890,0,278
2113,1319,1890,0,275
2114,1318,1892,0,271
2115,1318,1891,0,266
2116,1318,1892,0,266
2117,1318,1892,0,265
2118,1318,1892,0,264
2119,1318,1893,0,262
2120,1318,1892,0,261
2121,1318,1892,0,263
2122,1318,1891,0,263
2123,1318,1890,0,263
2124,1318,1890,0,264
2125,1318,1890,0,266
2126,1318,1890,0,267
2127,1318,1891,0,270
2128,1319,1892,0,273
2129,1318,1892,0,275
2130,1318,1893,0,276
2131,1319,1895,0,278
2132,1320,1898,0,281
2133,1320,1899,0,279
2134,1319,1898,0,279
2135,1319,1897,0,281
2136,1321,1897,0,285
2137,1321,1896,0,283
2138,1320,1895,0,283
2139,1320,1895,0,284
2140,1319,1895,0,284
2141,1319,1895,0,284
2142,1319,1895,0,285
2143,1319,1895,0,285
2144,1319,1895,0,285
2145,1319,1895,0,284
2146,1319,1895,0,285
2147,1318,1895,0,286
2148,1319,1895,0,285
2149,1318,1895,0,283
2150,1319,1896,0,283
2151,1319,1895,0,281
2152,1318,1895,0,282
2153,1319,1895,0,281
2154,1319,1895,0,282
2155,1318,1895,0,281
2156,1318,1896,0,281
2157,1318,1896,0,280
2158,1318,1896,0,280
2159,1318,1896,0,281
2160,1318,1896,0,279
2161,1318,1896,0,279
2162,1318,1896,0,279
2163,1318,1896,0,279
2164,1317,1896,0,279
2165,1318,1896,0,280
2166,1318,1896,0,279
2167,1318,1896,0,280
2168,1318,1895,0,282
2169,1318,1895,0,283
2170,1318,1895,0,284
2171,1318,1895,0,285
2172,1318,1894,0,285
2173,1318,1895,0,286
2174,1318,1895,0,286
2175,1318,1895,0,286
2176,1318,1895,0,286
2177,1318,1895,0,286
2178,1318,1895,0,286
2179,1318,1895,0,286
2180,1318,1895,0,286
2181,1318,1896,0,287
2182,1318,1895,0,286
2183,1318,1895,0,286
2184,1319,1896,0,288
2185,1319,1896,0,290
2186,1319,1896,0,290
2187,1319,1895,0,291
2188,1319,1895,0,294
2189,1318,1895,0,296
2190,1319,1896,0,296
2191,1319,1896,0,297
2192,1319,1896,0,298
2193,1319,1896,0,299
2194,1318,1895,0,300
2195,1318,1895,0,300
2196,1318,1895,0,300
2197,1318,1894,0,300
2198,1318,1894,0,301
2199,1317,1894,0,301
2200,1317,1894,0,301
2201,1317,1894,0,302
2202,1317,1894,0,301
2203,1317,1894,0,302
2204,1317,1894,0,303
2205,1317,1893,0,303
2206,1317,1893,0,303
2207,1316,1894,0,303
2208,1316,1894,0,304
2209,1316,1893,0,304
2210,1316,1893,0,305
2211,1316,1893,0,305
2212,1316,1893,0,305
2213,1316,1893,0,305
2214,1316,1893,0,305
2215,1315,1894,0,305
2216,1315,1893,0,305
2217,1316,1894,0,306
2218,1316,1894,0,306
2219,1316,1894,0,306
2220,1316,1894,0,306
2221,1316,1894,0,306
2222,1316,1895,0,306
2223,1316,1895,0,306
2224,1316,1895,0,307
2225,1317,1896,0,309
2226,1316,1896,0,311
2227,1316,1897,0,313
2228,1316,1897,0,314
2229,1316,1897,0,316
2230,1317,1898,0,322
2231,1316,1898,0,323
2232,1316,1898,0,328
2233,1315,1900,0,331
2234,1314,1901,0,332
2235,1313,1901,0,333
2236,1310,1902,0,328
2237,1307,1904,0,325
2238,1305,1905,0,320
2239,1305,1905,0,322
2240,1305,1905,0,325
2241,1306,1905,0,326
2242,1308,1905,0,327
2243,1307,1905,0,327
2244,1307,1905,0,328
2245,1307,1905,0,328
2246,1307,1906,0,329
2247,1307,1905,0,329
2248,1307,1906,0,330
2249,1307,1905,0,330
2250,1307,1906,0,332
2251,1307,1906,0,332
2252,1307,1906,0,332
2253,1307,1905,0,333
2254,1307,1905,0,334
2255,1308,1905,0,335
2256,1308,1905,0,337
2257,1308,1905,0,338
2258,1308,1905,0,336
2259,1308,1905,0,336
2260,1307,1905,0,336
2261,1306,1907,0,334
2262,1306,1908,0,335
2263,1306,1908,0,335
2264,1307,1908,0,335
2265,1306,1909,0,335
2266,1307,1909,0,336
2267,1307,1909,0,339
2268,1308,1910,0,339
2269,1308,1911,0,339
2270,1307,1911,0,339
2271,1307,1911,0,338
2272,1307,1910,0,339
2273,1307,1910,0,339
2274,1307,1910,0,340
2275,1307,1910,0,341
2276,1307,1909,0,342
2277,1307,1909,0,341
2278,1307,1909,0,342
2279,1308,1909,0,341
2280,1308,1909,0,340
2281,1308,1909,0,341
2282,1308,1908,0,342
2283,1308,1908,0,341
2284,1308,1908,0,342
2285,1308,1908,0,342
2286,1309,1908,0,342
2287,1309,1908,0,343
2288,1308,1907,0,342
2289,1308,1908,0,343
2290,1308,1907,0,343
2291,1308,1908,0,342
2292,1308,1907,0,342
2293,1308,1908,0,342
2294,1308,1908,0,342
2295,1308,1908,0,342
2296,1308,1908,0,342
2297,1308,1907,0,342
2298,1308,1908,0,342
2299,1308,1907,0,342
2300,1308,1908,0,342
2301,1308,1908,0,344
2302,1308,1908,0,345
2303,1308,1907,0,344
2304,1308,1907,0,344
2305,1308,1907,0,344
2306,1308,1907,0,344
2307,1308,1907,0,344
2308,1308,1907,0,345
2309,1308,1907,0,345
2310,1308,1907,0,345
2311,1308,1907,0,345
2312,1309,1907,0,346
2313,1309,1907,0,346
2314,1309,1907,0,346
2315,1309,1908,0,346
2316,1309,1907,0,347
2317,1309,1908,0,346
2318,1309,1908,0,345
2319,1309,1907,0,346
2320,1308,1908,0,345
2321,1308,1908,0,345
2322,1308,1908,0,345
2323,1308,1908,0,346
2324,1308,1908,0,345
2325,1308,1908,0,346
2326,1308,1908,0,346
2327,1308,1909,0,345
2328,1308,1909,0,344
2329,1308,1909,0,344
2330,1308,1909,0,343
2331,1308,1910,0,343
2332,1308,1910,0,343
2333,1309,1910,0,344
2334,1308,1910,0,346
2335,1308,1910,0,346
2336,1309,1910,0,347
2337,1309,1910,0,347
2338,1308,1911,0,347
2339,1308,1911,0,346
2340,1307,1911,0,348
2341,1305,1912,0,347
2342,1305,1912,0,349
2343,1306,1912,0,351
2344,1306,1912,0,351
2345,1306,1912,0,351
2346,1306,1912,0,351
2347,1304,1912,0,351
2348,1304,1912,0,351
2349,1305,1912,0,351
2350,1304,1912,0,351
2351,1305,1911,0,351
2352,1305,1912,0,351
2353,1304,1912,0,352
2354,1304,1912,0,351
2355,1303,1912,0,350
2356,1303,1913,0,350
2357,1303,1913,0,350
2358,1303,1912,0,350
2359,1303,1912,0,350
2360,1304,1912,0,350
2361,1304,1912,0,351
2362,1304,1912,0,352
2363,1304,1912,0,352
2364,1304,1912,0,351
2365,1304,1912,0,352
2366,1304,1912,0,352
2367,1304,1912,0,351
2368,1304,1912,0,351
2369,1304,1912,0,351
2370,1304,1912,0,351
2371,1304,1912,0,350
2372,1303,1912,0,351
2373,1303,1913,0,351
2374,1303,1912,0,351
2375,1303,1913,0,351
2376,1304,1912,0,351
2377,1303,1912,0,351
2378,1303,1912,0,352
2379,1304,1912,0,352
2380,1304,1912,0,352
2381,1304,1912,0,352
2382,1303,1912,0,352
2383,1304,1912,0,352
2384,1304,1912,0,352
2385,1304,1912,0,352
2386,1304,1912,0,352
2387,1304,1912,0,352
2388,1304,1912,0,352
2389,1304,1911,0,352
2390,1304,1912,0,352
2391,1305,1911,0,353
2392,1305,1911,0,352
2393,1305,1911,0,353
2394,1304,1911,0,353
2395,1305,1911,0,353
2396,1304,1911,0,352
2397,1304,1911,0,352
2398,1304,1912,0,352
2399,1304,1912,0,352
2400,1304,1911,0,352
2401,1304,1912,0,352
2402,1304,1911,0,352
2403,1304,1911,0,352
2404,1305,1912,0,352
2405,1305,1911,0,352
2406,1305,1911,0,353
2407,1305,1911,0,352
2408,1305,1911,0,352
2409,1305,1911,0,353
2410,1305,1911,0,352
2411,1305,1911,0,353
2412,1305,1911,0,353
2413,1305,1911,0,352
2414,1305,1911,0,352
2415,1305,1911,0,353
2416,1305,1911,0,353
2417,1305,1911,0,353
2418,1305,1911,0,354
2419,1305,1911,0,354
2420,1305,1911,0,354
2421,1305,1911,0,353
2422,1304,1912,0,350
2423,1303,1912,0,349
2424,1303,1913,0,344
2425,1303,1914,0,341
2426,1304,1913,0,340
2427,1303,1913,0,341
2428,1303,1913,0,340
2429,1303,1913,0,341
2430,1303,1912,0,345
2431,1303,1912,0,345
2432,1302,1912,0,342
2433,1303,1912,0,340
2434,1302,1912,0,339
2435,1303,1912,0,341
2436,1303,1912,0,343
2437,1304,1912,0,345
2438,1304,1911,0,346
2439,1304,1912,0,348
2440,1304,1912,0,348
2441,1304,1912,0,350
2442,1304,1912,0,350
2443,1304,1912,0,349
2444,1304,1912,0,350
2445,1304,1912,0,350
2446,1304,1910,0,353
2447,1305,1910,0,353
2448,1305,1911,0,354
2449,1305,1911,0,353
2450,1305,1912,0,353
2451,1305,1912,0,352
2452,1304,1913,0,353
2453,1303,1913,0,353
2454,1303,1914,0,354
2455,1305,1915,0,357
2456,1308,1915,0,2
2457,1308,1916,0,3
2458,1308,1916,0,4
2459,1308,1915,0,4
2460,1308,1915,0,3
2461,1308,1915,0,3
2462,1308,1915,0,4
2463,1308,1914,0,4
2464,1307,1914,0,4
2465,1307,1914,0,4
2466,1307,1914,0,5
2467,1307,1914,0,4
2468,1307,1914,0,5
2469,1307,1914,0,5
2470,1307,1914,0,5
2471,1307,1914,0,5
2472,1307,1914,0,6
2473,1307,1914,0,5
2474,1307,1914,0,6
2475,1307,1914,0,6
2476,1307,1914,0,5
2477,1307,1914,0,5
2478,1307,1914,0,5
2479,1307,1914,0,5
2480,1307,1914,0,5
2481,1307,1915,0,4
2482,1307,1915,0,4
2483,1307,1915,0,3
2484,1307,1915,0,4
2485,1307,1915,0,3
2486,1307,1915,0,4
2487,1307,1915,0,4
2488,1307,1915,0,4
2489,1307,1915,0,3
2490,1307,1915,0,4
2491,1307,1915,0,4
2492,1307,1915,0,4
2493,1307,1915,0,4
2494,1307,1915,0,4
2495,1308,1915,0,4
2496,1307,1915,0,4
2497,1308,1915,0,4
2498,1308,1915,0,4
2499,1308,1915,0,4
2500,1308,1915,0,4
2501,1308,1915,0,4
2502,1308,1915,0,4
2503,1308,1915,0,4
2504,1308,1915,0,4
2505,1308,1915,0,4
2506,1308,1915,0,4
2507,1308,1915,0,4
2508,1308,1915,0,5
2509,1308,1915,0,4
2510,1308,1915,0,5
2511,1308,1915,0,4
2512,1308,1915,0,3
2513,1309,1915,0,2
2514,1309,1915,0,1
2515,1309,1915,0,1
2516,1309,1915,0,1
2517,1309,1915,0,0
2518,1310,1915,0,0
2519,1310,1915,0,0
2520,1309,1915,0,0
2521,1310,1915,0,0
2522,1310,1915,0,1
2523,1309,1915,0,1
2524,1310,1915,0,0
2525,1310,1915,0,1
2526,1310,1915,0,1
2527,1310,1915,0,0
2528,1310,1915,0,1
2529,1310,1915,0,1
2530,1310,1915,0,1
2531,1310,1915,0,0
2532,1309,1915,0,1
2533,1310,1915,0,0
2534,1309,1915,0,1
2535,1310,1915,0,1
2536,1310,1915,0,0
2537,1310,1915,0,0
2538,1310,1915,0,0
2539,1310,1915,0,0
2540,1310,1915,0,1
2541,1310,1915,0,1
2542,1310,1915,0,1
2543,1310,1915,0,1
2544,1310,1915,0,1
2545,1310,1915,0,1
2546,1310,1915,0,1
2547,1309,1915,0,1
2548,1309,1915,0,1
2549,1309,1915,0,1
2550,1309,1915,0,1
2551,1309,1915,0,1
2552,1309,1915,0,1
2553,1309,1915,0,0
2554,1309,1915,0,0
2555,1309,1915,0,1
2556,1309,1915,0,2
2557,1309,1915,0,2
2558,1309,1915,0,1
2559,1310,1916,0,358
2560,1308,1914,0,356
2561,1308,1914,0,355
2562,1308,1914,0,355
2563,1308,1913,0,355
2564,1308,1913,0,350
2565,1309,1913,0,347
2566,1309,1914,0,344
2567,1309,1913,0,344
2568,1310,1912,0,343
2569,1309,1915,0,346
2570,1309,1917,0,349
2571,1309,1918,0,349
2572,1309,1919,0,348
2573,1308,1919,0,350
2574,1307,1919,0,352
2575,1307,1920,0,352
2576,1307,1920,0,353
2577,1307,1921,0,354
2578,1307,1921,0,354
2579,1307,1920,0,355
2580,1307,1920,0,355
2581,1306,1920,0,355
2582,1306,1920,0,355
2583,1306,1920,0,356
2584,1306,1920,0,356
2585,1306,1920,0,357
2586,1306,1920,0,356
2587,1306,1920,0,357
2588,1306,1920,0,357
2589,1306,1920,0,357
2590,1306,1920,0,357
2591,1306,1920,0,357
2592,1306,1920,0,357
2593,1306,1920,0,357
2594,1306,1920,0,357
2595,1306,1920,0,358
2596,1306,1920,0,358
2597,1307,1920,0,358
2598,1307,1920,0,358
2599,1307,1920,0,357
2600,1307,1920,0,357
2601,1307,1920,0,358
2602,1307,1920,0,358
2603,1307,1920,0,358
2604,1307,1920,0,358
2605,1307,1920,0,357
2606,1307,1920,0,357
2607,1307,1920,0,358
2608,1307,1920,0,357
2609,1308,1920,0,357
2610,1307,1920,0,357
2611,1308,1920,0,357
2612,1308,1920,0,357
2613,1308,1920,0,357
2614,1308,1920,0,357
2615,1308,1920,0,357
2616,1308,1920,0,357
2617,1308,1920,0,357
2618,1308,1920,0,357
2619,1308,1920,0,357
2620,1308,1920,0,357
2621,1308,1920,0,357
2622,1308,1920,0,357
2623,1308,1919,0,357
2624,1308,1919,0,357
2625,1308,1919,0,357
2626,1308,1919,0,357
2627,1308,1919,0,356
2628,1308,1919,0,357
2629,1308,1919,0,356
2630,1308,1919,0,356
2631,1309,1919,0,357
2632,1309,1919,0,356
2633,1309,1919,0,357
2634,1308,1918,0,356
2635,1309,1919,0,355
2636,1312,1920,0,0
2637,1313,1920,0,4
2638,1312,1920,0,6
2639,1310,1920,0,2
2640,1310,1920,0,2
2641,1310,1917,0,5
2642,1311,1921,0,8
2643,1311,1921,0,9
2644,1308,1920,0,16
2645,1308,1919,0,21
2646,1306,1919,0,23
2647,1306,1921,0,22
2648,1305,1922,0,18
2649,1305,1922,0,18
2650,1305,1922,0,19
2651,1307,1923,0,15
2652,1308,1924,0,13
2653,1308,1925,0,14
2654,1308,1925,0,15
2655,1308,1924,0,17
2656,1309,1925,0,17
2657,1309,1926,0,18
2658,1309,1925,0,19
2659,1309,1925,0,18
2660,1308,1926,0,16
2661,1308,1926,0,14
2662,1308,1926,0,13
2663,1308,1926,0,13
2664,1308,1926,0,12
2665,1309,1926,0,12
2666,1309,1926,0,13
2667,1311,1926,0,13
2668,1311,1926,0,14
2669,1311,1926,0,15
2670,1312,1925,0,17
2671,1312,1925,0,17
2672,1311,1925,0,16
2673,1311,1925,0,17
2674,1311,1925,0,17
2675,1311,1925,0,16
2676,1311,1925,0,15
2677,1311,1925,0,17
2678,1311,1925,0,16
2679,1311,1925,0,17
2680,1311,1926,0,17
2681,1310,1927,0,18
2682,1310,1928,0,17
2683,1310,1927,0,17
2684,1310,1928,0,18
2685,1309,1928,0,17
2686,1309,1929,0,11
2687,1310,1929,0,8
2688,1310,1929,0,6
2689,1310,1930,0,5
2690,1310,1929,0,5
2691,1310,1929,0,5
2692,1310,1929,0,5
2693,1310,1929,0,6
2694,1310,1929,0,5
2695,1310,1931,0,2
2696,1309,1931,0,0
2697,1309,1931,0,1
2698,1309,1931,0,1
2699,1309,1931,0,1
2700,1308,1930,0,3
2701,1308,1931,0,6
2702,1308,1931,0,7
2703,1307,1930,0,6
2704,1307,1931,0,5
2705,1307,1931,0,5
2706,1307,1930,0,6
2707,1307,1930,0,7
2708,1307,1930,0,7
2709,1307,1930,0,7
2710,1307,1930,0,7
2711,1307,1930,0,6
2712,1307,1931,0,4
2713,1307,1932,0,3
2714,1306,1932,0,4
2715,1304,1932,0,5
2716,1301,1934,0,3
2717,1298,1933,0,8
2718,1297,1933,0,8
2719,1297,1933,0,7
2720,1297,1933,0,8
2721,1297,1932,0,8
2722,1297,1933,0,7
2723,1298,1933,0,6
2724,1299,1933,0,5
2725,1300,1933,0,3
2726,1300,1933,0,2
2727,1299,1932,0,355
2728,1299,1932,0,348
2729,1298,1932,0,342
2730,1298,1931,0,338
2731,1297,1930,0,336
2732,1296,1930,0,335
2733,1295,1929,0,335
2734,1294,1929,0,337
2735,1294,1929,0,337
2736,1294,1929,0,337
2737,1294,1929,0,338
2738,1294,1929,0,338
2739,1294,1929,0,340
2740,1295,1928,0,343
2741,1294,1927,0,347
2742,1289,1925,0,347
2743,1289,1925,0,350
2744,1290,1926,0,350
2745,1292,1926,0,351
2746,1292,1927,0,352
2747,1293,1927,0,351
2748,1292,1927,0,351
2749,1293,1927,0,353
2750,1293,1927,0,354
2751,1294,1927,0,355
2752,1293,1928,0,355
2753,1293,1928,0,354
2754,1293,1928,0,355
2755,1293,1928,0,355
2756,1293,1928,0,356
2757,1293,1928,0,356
2758,1294,1928,0,356
2759,1294,1928,0,356
2760,1294,1928,0,357
2761,1293,1928,0,357
2762,1294,1928,0,357
2763,1293,1928,0,357
2764,1293,1928,0,357
2765,1293,1928,0,357
2766,1293,1928,0,357
2767,1293,1928,0,357
2768,1294,1928,0,357
2769,1293,1928,0,357
2770,1294,1928,0,358
2771,1294,1928,0,357
2772,1294,1928,0,357
2773,1294,1928,0,358
2774,1294,1928,0,358
2775,1294,1928,0,358
2776,1294,1928,0,358
2777,1294,1928,0,358
2778,1294,1928,0,357
2779,1294,1928,0,358
2780,1294,1928,0,358
2781,1294,1928,0,358
2782,1293,1928,0,357
2783,1293,1928,0,357
2784,1293,1928,0,359
2785,1293,1928,0,358
2786,1293,1928,0,358
2787,1293,1928,0,358
2788,1293,1928,0,358
2789,1293,1928,0,358
2790,1293,1927,0,359
2791,1293,1927,0,359
2792,1293,1928,0,358
2793,1293,1928,0,358
2794,1293,1928,0,358
2795,1293,1928,0,357
2796,1294,1928,0,359
2797,1294,1928,0,357
2798,1294,1928,0,358
2799,1293,1928,0,358
2800,1294,1928,0,358
2801,1294,1928,0,358
2802,1294,1927,0,358
2803,1294,1927,0,359
2804,1294,1928,0,358
2805,1294,1928,0,359
2806,1294,1927,0,359
2807,1294,1927,0,359
2808,1294,1928,0,358
2809,1294,1927,0,358
2810,1294,1928,0,358
2811,1294,1927,0,357
2812,1294,1927,0,357
2813,1294,1927,0,355
2814,1294,1927,0,352
2815,1293,1927,0,350
2816,1292,1926,0,346
2817,1291,1925,0,344
2818,1290,1925,0,343
2819,1290,1925,0,342
2820,1289,1924,0,339
2821,1289,1924,0,338
2822,1291,1924,0,337
2823,1293,1924,0,333
2824,1292,1923,0,330
2825,1292,1923,0,330
2826,1292,1921,0,334
2827,1293,1922,0,338
2828,1292,1921,0,336
2829,1290,1920,0,334
2830,1289,1920,0,334
2831,1288,1919,0,328
2832,1286,1919,0,328
2833,1286,1918,0,331
2834,1287,1919,0,335
2835,1285,1920,0,337
2836,1285,1920,0,340
2837,1285,1921,0,348
2838,1283,1921,0,350
2839,1282,1921,0,350
2840,1278,1921,0,346
2841,1278,1921,0,347
2842,1276,1921,0,350
2843,1276,1922,0,352
2844,1275,1923,0,353
2845,1273,1923,0,355
2846,1273,1924,0,354
2847,1273,1924,0,355
2848,1273,1924,0,355
2849,1273,1924,0,354
2850,1272,1924,0,353
2851,1271,1924,0,354
2852,1272,1924,0,353
2853,1271,1924,0,356
2854,1270,1923,0,354
2855,1268,1924,0,356
2856,1266,1923,0,354
2857,1266,1923,0,355
2858,1266,1923,0,357
2859,1267,1922,0,357
2860,1266,1923,0,356
2861,1266,1923,0,358
2862,1265,1924,0,0
2863,1264,1924,0,0
2864,1263,1925,0,1
2865,1263,1924,0,0
2866,1264,1924,0,0
2867,1262,1925,0,6
2868,1264,1925,0,359
2869,1263,1924,0,359
2870,1264,1925,0,359
2871,1261,1925,0,2
2872,1260,1926,0,0
2873,1260,1927,0,358
2874,1259,1927,0,358
2875,1258,1928,0,359
2876,1258,1928,0,359
2877,1257,1927,0,359
2878,1258,1928,0,359
2879,1258,1928,0,359
2880,1257,1928,0,0
2881,1257,1928,0,359
2882,1258,1928,0,359
2883,1257,1928,0,359
2884,1257,1927,0,358
2885,1255,1927,0,358
2886,1253,1927,0,358
2887,1252,1927,0,357
2888,1251,1927,0,357
2889,1250,1926,0,356
2890,1250,1927,0,356
2891,1250,1927,0,357
2892,1250,1927,0,355
2893,1250,1927,0,354
2894,1250,1927,0,355
2895,1251,1927,0,355
2896,1250,1926,0,355
2897,1250,1926,0,355
2898,1250,1927,0,354
2899,1250,1927,0,353
2900,1250,1927,0,353
2901,1250,1927,0,354
2902,1250,1927,0,354
2903,1250,1927,0,352
2904,1250,1927,0,352
2905,1250,1927,0,352
2906,1250,1927,0,353
2907,1250,1927,0,353
2908,1250,1927,0,354
2909,1250,1927,0,355
2910,1250,1927,0,356
2911,1250,1927,0,355
2912,1250,1927,0,356
2913,1250,1927,0,356
2914,1250,1927,0,356
2915,1250,1927,0,357
2916,1250,1927,0,357
2917,1250,1927,0,356
2918,1250,1927,0,356
2919,1250,1927,0,355
2920,1250,1927,0,356
2921,1250,1927,0,355
2922,1250,1927,0,355
2923,1250,1927,0,355
2924,1250,1928,0,355
2925,1250,1928,0,354
2926,1250,1927,0,355
2927,1250,1927,0,355
2928,1250,1927,0,355
2929,1250,1927,0,356
2930,1250,1927,0,356
2931,1250,1927,0,356
2932,1250,1927,0,355
2933,1250,1927,0,355
2934,1250,1927,0,356
2935,1250,1927,0,356
2936,1250,1927,0,356
2937,1250,1927,0,355
2938,1250,1927,0,356
2939,1250,1927,0,356
2940,1250,1927,0,356
2941,1250,1927,0,356
2942,1250,1927,0,356
2943,1250,1927,0,356
2944,1250,1927,0,355
2945,1250,1927,0,355
2946,1250,1927,0,356
2947,1251,1928,0,356
2948,1250,1928,0,355
2949,1250,1927,0,356
2950,1250,1927,0,357
2951,1250,1927,0,356
2952,1250,1927,0,357
2953,1250,1927,0,357
2954,1250,1927,0,357
2955,1250,1927,0,356
2956,1250,1927,0,357
2957,1250,1927,0,357
2958,1250,1928,0,357
2959,1250,1928,0,357
2960,1251,1928,0,356
2961,1251,1928,0,356
2962,1250,1928,0,357
2963,1250,1928,0,356
2964,1250,1928,0,357
2965,1251,1928,0,357
2966,1250,1928,0,357
2967,1250,1928,0,358
2968,1251,1927,0,358
2969,1250,1927,0,359
2970,1249,1927,0,359
2971,1250,1927,0,358
2972,1250,1928,0,358
2973,1250,1927,0,358
2974,1250,1927,0,359
2975,1250,1927,0,359
2976,1250,1927,0,359
2977,1250,1927,0,359
2978,1250,1927,0,359
2979,1250,1927,0,359
2980,1249,1927,0,359
2981,1250,1927,0,359
2982,1249,1927,0,0
2983,1249,1927,0,359
2984,1249,1927,0,0
2985,1250,1927,0,0
2986,1250,1927,0,0
2987,1249,1927,0,1
2988,1249,1927,0,1
2989,1249,1927,0,1
2990,1249,1927,0,359
2991,1248,1927,0,359
2992,1248,1928,0,358
2993,1248,1928,0,357
2994,1248,1928,0,357
2995,1249,1928,0,356
2996,1249,1928,0,356
2997,1248,1928,0,356
2998,1249,1928,0,357
2999,1249,1928,0,357
