0,1724,1209,1,343
1,1724,1208,1,336
2,1724,1208,1,347
3,1724,1208,1,332
4,1725,1208,1,348
5,1724,1208,1,334
6,1725,1208,1,332
10,1723,1213,1,58
11,1724,1210,1,84
12,1724,1210,1,276
13,1724,1211,1,281
14,1725,1210,1,274
15,1725,1209,1,81
16,1726,1208,1,72
25,1730,1206,1,277
26,1731,1206,1,278
27,1730,1206,1,302
31,1727,1207,1,46
32,1726,1208,1,27
33,1725,1209,1,23
34,1725,1209,1,25
35,1725,1209,1,8
36,1726,1209,1,10
37,1726,1209,1,29
38,1726,1207,1,16
39,1726,1207,1,14
40,1726,1207,1,19
41,1725,1207,1,9
42,1726,1208,1,12
43,1725,1209,1,2
44,1725,1208,1,5
45,1725,1209,1,350
46,1725,1209,1,347
47,1726,1209,1,353
48,1726,1209,1,354
49,1726,1209,1,344
50,1725,1208,1,354
51,1724,1208,1,18
52,1724,1207,1,16
53,1725,1207,1,359
54,1725,1207,1,8
55,1725,1207,1,7
56,1726,1207,1,35
57,1726,1207,1,18
61,1726,1208,1,327
62,1726,1208,1,309
63,1725,1207,1,309
64,1726,1207,1,309
65,1726,1207,1,335
66,1725,1208,1,350
67,1726,1208,1,339
68,1726,1208,1,5
69,1725,1208,1,26
70,1725,1209,1,43
71,1725,1208,1,44
81,1725,1206,1,320
82,1725,1206,1,302
83,1725,1206,1,309
88,1724,1207,1,25
89,1724,1207,1,33
90,1724,1208,1,23
91,1724,1208,1,20
92,1724,1208,1,5
93,1724,1208,1,0
94,1724,1208,1,352
95,1724,1208,1,17
96,1724,1208,1,28
97,1724,1208,1,38
98,1724,1208,1,78
99,1724,1208,1,75
100,1724,1208,1,56
104,1724,1208,1,356
105,1724,1208,1,320
106,1724,1208,1,316
109,1725,1208,1,20
110,1724,1208,1,28
111,1724,1208,1,44
112,1724,1209,1,20
113,1724,1208,1,8
116,1724,1209,1,13
117,1724,1209,1,20
118,1724,1208,1,19
119,1724,1208,1,23
120,1724,1207,1,26
121,1724,1207,1,28
122,1725,1207,1,54
123,1724,1207,1,50
124,1724,1206,1,43
125,1724,1206,1,40
126,1724,1206,1,45
127,1724,1206,1,45
128,1724,1206,1,39
129,1724,1205,1,29
130,1724,1204,1,27
131,1725,1204,1,16
132,1725,1204,1,16
133,1724,1205,1,23
134,1724,1204,1,20
135,1725,1204,1,18
136,1725,1204,1,21
137,1725,1204,1,25
138,1725,1204,1,27
139,1725,1204,1,36
140,1724,1204,1,39
141,1725,1204,1,43
142,1725,1204,1,33
143,1725,1205,1,34
144,1724,1206,1,30
145,1724,1207,1,33
146,1724,1206,1,23
147,1724,1206,1,29
148,1724,1206,1,31
149,1724,1205,1,25
150,1724,1205,1,12
151,1724,1205,1,4
152,1724,1204,1,9
153,1724,1204,1,8
154,1724,1204,1,5
155,1723,1204,1,2
156,1723,1204,1,2
157,1723,1204,1,8
158,1724,1205,1,9
159,1724,1205,1,9
160,1724,1205,1,15
161,1725,1205,1,41
162,1724,1205,1,20
163,1724,1206,1,353
166,1724,1206,1,323
167,1724,1206,1,358
168,1724,1207,1,356
169,1724,1207,1,355
170,1724,1207,1,11
171,1724,1207,1,23
172,1725,1206,1,23
173,1725,1206,1,17
174,1724,1205,1,358
175,1723,1205,1,10
176,1724,1205,1,23
177,1724,1206,1,33
178,1724,1206,1,30
179,1724,1205,1,31
180,1725,1205,1,35
181,1725,1205,1,19
182,1725,1204,1,7
183,1725,1204,1,27
184,1725,1204,1,8
185,1724,1204,1,37
189,1725,1208,1,18
190,1725,1208,1,19
191,1725,1208,1,20
192,1725,1209,1,30
193,1725,1210,1,22
194,1725,1210,1,29
195,1725,1209,1,12
196,1724,1209,1,359
197,1724,1208,1,12
198,1724,1208,1,10
199,1724,1209,1,15
200,1723,1209,1,7
201,1722,1209,1,359
202,1722,1210,1,355
203,1722,1210,1,329
204,1723,1209,1,4
205,1723,1209,1,342
206,1723,1209,1,330
207,1723,1209,1,336
208,1724,1209,1,341
211,1723,1208,1,42
212,1723,1208,1,42
213,1723,1208,1,66
214,1724,1207,1,74
215,1725,1208,1,36
220,1730,1207,1,302
225,1726,1208,1,322
226,1726,1208,1,342
227,1727,1208,1,332
228,1728,1208,1,322
236,1730,1207,1,297
237,1730,1205,1,302
238,1729,1207,1,282
239,1727,1205,1,319
240,1728,1205,1,304
241,1728,1205,1,299
242,1729,1206,1,312
243,1728,1206,1,308
244,1727,1205,1,312
245,1727,1205,1,295
246,1727,1206,1,296
247,1727,1206,1,279
248,1727,1205,1,291
249,1727,1203,1,294
250,1728,1204,1,294
251,1728,1206,1,260
252,1727,1206,1,245
253,1727,1207,1,240
254,1727,1207,1,225
255,1726,1208,1,214
256,1725,1208,1,214
257,1725,1208,1,218
260,1727,1205,1,322
261,1726,1205,1,319
262,1725,1204,1,315
263,1726,1204,1,307
264,1727,1204,1,310
265,1727,1204,1,312
266,1728,1203,1,312
267,1727,1202,1,310
268,1728,1202,1,321
269,1728,1202,1,290
270,1729,1201,1,280
271,1729,1201,1,287
282,1729,1208,1,56
283,1726,1210,1,32
284,1726,1209,1,23
285,1726,1209,1,39
286,1727,1208,1,10
287,1727,1208,1,44
288,1727,1208,1,78
290,1728,1207,1,78
291,1728,1207,1,67
292,1728,1207,1,42
293,1728,1207,1,42
294,1729,1207,1,35
295,1728,1208,1,43
296,1728,1209,1,47
297,1728,1210,1,80
299,1728,1208,1,2
306,1729,1207,1,72
307,1729,1207,1,63
308,1729,1207,1,83
309,1729,1207,1,64
310,1729,1208,1,66
311,1729,1208,1,39
312,1729,1209,1,38
313,1728,1209,1,40
314,1728,1209,1,42
315,1729,1208,1,71
316,1729,1208,1,106
319,1728,1210,1,81
320,1727,1211,1,47
325,1728,1209,1,42
326,1728,1209,1,45
327,1728,1210,1,52
328,1728,1209,1,44
329,1728,1209,1,46
330,1728,1209,1,56
333,1727,1209,1,77
334,1726,1210,1,39
335,1726,1211,1,48
338,1729,1209,1,296
339,1727,1210,1,287
342,1729,1209,1,339
343,1729,1209,1,329
344,1728,1210,1,9
345,1726,1211,1,18
348,1725,1210,1,312
349,1725,1211,1,332
350,1725,1211,1,0
351,1726,1212,1,357
352,1726,1212,1,342
355,1727,1210,1,47
356,1727,1210,1,67
357,1725,1211,1,34
358,1726,1210,1,40
359,1727,1211,1,26
360,1729,1212,1,6
363,1727,1207,1,56
364,1727,1208,1,29
365,1727,1208,1,15
366,1727,1209,1,349
367,1727,1209,1,319
368,1728,1210,1,315
369,1727,1211,1,319
370,1728,1210,1,315
379,1727,1209,1,69
380,1727,1210,1,53
381,1727,1210,1,58
382,1727,1210,1,63
383,1727,1210,1,58
384,1727,1210,1,71
385,1727,1210,1,38
386,1726,1210,1,29
387,1727,1210,1,57
388,1727,1210,1,50
389,1726,1211,1,59
390,1726,1210,1,76
391,1726,1210,1,70
392,1726,1210,1,44
393,1726,1210,1,81
396,1726,1209,1,58
397,1726,1209,1,54
398,1726,1209,1,43
399,1726,1208,1,50
400,1726,1208,1,18
401,1726,1208,1,38
402,1726,1208,1,20
403,1726,1208,1,20
404,1726,1208,1,14
405,1726,1208,1,10
406,1726,1208,1,2
407,1726,1208,1,7
408,1726,1209,1,18
409,1726,1209,1,21
410,1727,1208,1,16
411,1727,1209,1,6
412,1727,1209,1,18
413,1726,1209,1,9
414,1727,1209,1,16
415,1727,1209,1,21
416,1727,1209,1,31
417,1727,1210,1,68
418,1726,1211,1,60
419,1726,1211,1,50
420,1726,1211,1,50
421,1726,1211,1,65
422,1725,1211,1,57
423,1725,1211,1,52
424,1726,1211,1,53
425,1726,1211,1,49
426,1726,1211,1,48
427,1726,1211,1,28
428,1726,1211,1,25
429,1726,1210,1,38
430,1726,1210,1,45
431,1726,1210,1,58
432,1726,1210,1,48
433,1726,1210,1,44
434,1726,1210,1,69
435,1726,1210,1,70
436,1726,1210,1,38
437,1726,1210,1,18
438,1726,1210,1,19
439,1725,1210,1,19
440,1725,1210,1,34
441,1725,1210,1,35
442,1725,1209,1,44
443,1726,1209,1,31
444,1726,1210,1,31
445,1726,1210,1,35
446,1726,1210,1,35
447,1726,1210,1,32
448,1726,1210,1,16
449,1726,1210,1,15
450,1726,1210,1,13
451,1727,1209,1,8
452,1727,1210,1,3
453,1727,1210,1,25
454,1727,1210,1,18
455,1727,1210,1,13
456,1726,1209,1,34
457,1726,1209,1,41
458,1726,1209,1,37
459,1726,1209,1,12
462,1727,1209,1,34
463,1726,1209,1,31
464,1726,1209,1,4
465,1726,1209,1,34
466,1726,1209,1,28
467,1726,1209,1,38
468,1726,1209,1,48
469,1726,1209,1,43
470,1726,1209,1,23
471,1726,1209,1,21
472,1726,1209,1,22
473,1725,1209,1,35
474,1725,1209,1,31
475,1726,1210,1,17
476,1726,1209,1,16
477,1726,1209,1,10
478,1727,1209,1,17
479,1725,1210,1,45
480,1726,1210,1,38
481,1726,1210,1,33
482,1725,1211,1,27
483,1725,1210,1,38
484,1725,1210,1,19
485,1726,1209,1,40
486,1726,1208,1,26
487,1726,1209,1,15
488,1726,1208,1,357
489,1726,1207,1,15
490,1726,1207,1,3
491,1725,1207,1,3
492,1725,1208,1,344
493,1725,1208,1,345
494,1724,1208,1,355
495,1724,1209,1,2
496,1724,1208,1,14
497,1724,1208,1,29
498,1725,1207,1,59
499,1724,1207,1,60
500,1724,1207,1,45
501,1726,1206,1,52
502,1726,1206,1,52
503,1727,1206,1,49
504,1726,1206,1,25
505,1726,1207,1,5
510,1726,1207,1,39
511,1725,1209,1,22
512,1724,1210,1,38
513,1724,1209,1,31
514,1723,1211,1,40
515,1723,1212,1,32
516,1723,1211,1,25
517,1723,1211,1,0
518,1722,1211,1,35
519,1722,1210,1,359
520,1722,1210,1,358
521,1723,1210,1,350
522,1723,1209,1,347
523,1723,1210,1,339
524,1723,1210,1,338
525,1723,1210,1,335
526,1724,1209,1,329
527,1724,1210,1,324
530,1724,1210,1,352
531,1725,1210,1,0
532,1725,1209,1,330
533,1725,1209,1,327
534,1724,1209,1,328
535,1724,1208,1,323
536,1724,1208,1,330
537,1724,1208,1,339
538,1724,1208,1,353
539,1724,1208,1,349
540,1724,1208,1,351
541,1724,1208,1,354
542,1724,1208,1,352
543,1724,1208,1,0
544,1724,1208,1,347
545,1724,1208,1,12
546,1724,1208,1,342
547,1724,1208,1,338
548,1725,1208,1,309
549,1725,1207,1,328
550,1725,1208,1,329
551,1725,1208,1,336
552,1725,1208,1,358
553,1725,1208,1,8
554,1724,1209,1,4
555,1724,1209,1,356
556,1724,1209,1,356
557,1724,1209,1,349
558,1724,1209,1,3
559,1724,1209,1,3
560,1724,1209,1,347
561,1724,1209,1,322
562,1724,1208,1,349
567,1725,1208,1,353
568,1725,1208,1,358
569,1725,1208,1,320
570,1726,1207,1,319
571,1726,1207,1,312
572,1727,1207,1,309
573,1727,1206,1,306
574,1728,1206,1,311
575,1728,1206,1,301
576,1729,1206,1,281
577,1730,1207,1,272
578,1730,1208,1,265
579,1731,1209,1,262
580,1727,1208,1,222
581,1726,1209,1,194
582,1726,1209,1,191
583,1726,1209,1,194
584,1726,1210,1,192
585,1726,1209,1,196
586,1726,1209,1,198
587,1726,1209,1,187
588,1726,1209,1,202
589,1726,1210,1,196
590,1726,1210,1,216
591,1726,1210,1,229
592,1726,1209,1,220
593,1726,1209,1,208
594,1726,1210,1,190
595,1726,1210,1,180
596,1725,1210,1,181
597,1725,1209,1,178
598,1726,1209,1,179
599,1725,1209,1,176
600,1725,1209,1,177
601,1725,1208,1,178
602,1725,1208,1,183
603,1725,1207,1,187
604,1725,1208,1,181
605,1725,1208,1,178
606,1725,1207,1,186
607,1725,1208,1,170
608,1725,1208,1,167
609,1725,1208,1,161
610,1724,1207,1,142
611,1725,1207,1,115
616,1723,1208,1,333
617,1722,1208,1,312
619,1723,1216,1,281
624,1723,1210,1,300
625,1724,1209,1,277
626,1724,1209,1,72
627,1724,1209,1,78
628,1724,1209,1,282
629,1724,1209,1,282
630,1724,1209,1,271
633,1724,1209,1,334
634,1724,1209,1,339
635,1724,1209,1,320
636,1724,1209,1,301
637,1724,1209,1,315
638,1724,1209,1,318
639,1724,1209,1,316
640,1724,1209,1,323
641,1724,1209,1,319
642,1725,1208,1,299
643,1725,1208,1,284
644,1725,1208,1,290
647,1724,1209,1,348
648,1724,1208,1,346
649,1724,1208,1,348
650,1724,1208,1,346
651,1724,1208,1,348
652,1724,1208,1,345
653,1724,1208,1,352
654,1724,1208,1,352
655,1724,1208,1,354
656,1724,1208,1,347
657,1724,1208,1,4
658,1724,1207,1,32
661,1725,1207,1,338
662,1724,1207,1,357
663,1725,1208,1,359
664,1724,1208,1,2
665,1724,1209,1,345
666,1724,1209,1,348
667,1724,1209,1,333
668,1724,1209,1,327
669,1724,1209,1,334
670,1724,1209,1,336
671,1725,1209,1,335
672,1724,1209,1,341
673,1725,1209,1,332
674,1725,1209,1,338
675,1725,1209,1,344
676,1725,1209,1,321
677,1725,1208,1,330
678,1725,1208,1,320
679,1725,1208,1,325
680,1725,1207,1,359
681,1724,1207,1,38
682,1724,1207,1,33
683,1724,1207,1,20
684,1724,1208,1,14
685,1724,1208,1,16
686,1724,1208,1,5
687,1724,1208,1,358
688,1724,1208,1,2
689,1724,1208,1,11
690,1724,1208,1,9
691,1724,1208,1,338
692,1724,1208,1,343
693,1724,1208,1,342
694,1724,1208,1,7
695,1724,1208,1,3
696,1724,1208,1,357
697,1724,1209,1,17
698,1724,1209,1,13
699,1725,1208,1,12
700,1725,1208,1,10
701,1724,1209,1,345
702,1725,1209,1,339
703,1726,1209,1,302
704,1725,1209,1,277
709,1725,1208,1,87
710,1724,1208,1,69
711,1724,1208,1,70
712,1725,1208,1,80
713,1725,1208,1,74
714,1724,1208,1,55
715,1724,1208,1,33
716,1724,1208,1,13
717,1724,1208,1,346
718,1724,1208,1,355
719,1725,1208,1,3
720,1724,1208,1,353
721,1724,1208,1,345
722,1724,1208,1,354
723,1725,1208,1,355
724,1725,1208,1,357
725,1725,1208,1,357
726,1725,1208,1,353
727,1724,1209,1,351
728,1724,1209,1,348
729,1724,1209,1,355
730,1724,1209,1,358
731,1723,1209,1,349
732,1724,1209,1,346
733,1724,1210,1,357
734,1724,1209,1,13
735,1724,1209,1,24
736,1724,1210,1,29
737,1724,1210,1,6
738,1723,1210,1,358
739,1724,1210,1,352
740,1724,1210,1,358
741,1723,1210,1,1
742,1724,1210,1,353
743,1725,1210,1,339
744,1725,1210,1,7
745,1725,1208,1,12
746,1725,1208,1,9
747,1725,1207,1,18
748,1725,1207,1,21
749,1725,1207,1,17
750,1725,1208,1,8
751,1724,1208,1,356
752,1725,1208,1,8
753,1725,1208,1,10
754,1725,1208,1,7
755,1725,1208,1,1
756,1725,1208,1,6
757,1725,1208,1,19
758,1725,1208,1,20
759,1725,1208,1,13
760,1725,1208,1,8
761,1725,1208,1,15
762,1726,1208,1,4
763,1726,1208,1,6
764,1725,1208,1,11
765,1725,1208,1,15
766,1725,1208,1,6
767,1725,1209,1,4
768,1724,1208,1,357
769,1724,1209,1,347
770,1725,1209,1,347
771,1725,1209,1,341
772,1725,1209,1,354
773,1725,1209,1,0
774,1725,1208,1,8
779,1726,1208,1,19
780,1725,1208,1,5
781,1725,1208,1,13
782,1725,1208,1,11
783,1725,1209,1,3
784,1725,1208,1,4
785,1726,1208,1,3
786,1726,1208,1,356
787,1725,1209,1,3
788,1725,1208,1,358
789,1725,1208,1,358
790,1725,1208,1,356
791,1725,1208,1,356
792,1725,1208,1,355
793,1725,1208,1,357
794,1725,1208,1,357
795,1725,1208,1,6
796,1725,1208,1,351
797,1725,1208,1,5
798,1725,1208,1,2
799,1725,1208,1,356
800,1725,1208,1,3
801,1725,1208,1,0
802,1724,1208,1,0
803,1724,1208,1,7
804,1724,1208,1,2
805,1724,1208,1,355
806,1724,1208,1,0
807,1725,1208,1,7
808,1724,1208,1,3
809,1724,1208,1,8
810,1724,1208,1,4
811,1724,1208,1,26
812,1724,1208,1,32
813,1724,1208,1,5
814,1724,1208,1,6
815,1724,1208,1,6
816,1725,1208,1,3
817,1725,1208,1,359
818,1725,1208,1,9
819,1725,1209,1,19
820,1724,1208,1,7
821,1724,1208,1,354
822,1725,1208,1,358
823,1724,1208,1,0
824,1724,1208,1,355
825,1724,1209,1,350
826,1724,1208,1,0
827,1724,1208,1,2
828,1724,1208,1,1
829,1724,1208,1,358
830,1724,1208,1,0
831,1725,1208,1,0
832,1724,1208,1,359
833,1724,1208,1,3
834,1725,1208,1,347
835,1725,1208,1,358
836,1725,1208,1,357
837,1724,1208,1,357
838,1725,1208,1,0
839,1725,1208,1,358
840,1725,1208,1,2
841,1725,1208,1,15
842,1725,1209,1,352
843,1725,1209,1,9
844,1724,1208,1,10
845,1724,1209,1,38
848,1724,1208,1,31
849,1724,1208,1,58
850,1724,1208,1,67
851,1724,1208,1,76
855,1725,1209,1,37
856,1725,1209,1,4
857,1725,1208,1,5
858,1725,1209,1,348
859,1725,1208,1,6
860,1726,1208,1,45
863,1725,1210,1,306
866,1725,1210,1,308
867,1725,1210,1,289
870,1724,1208,1,344
871,1724,1208,1,353
872,1724,1208,1,340
873,1724,1208,1,6
874,1724,1208,1,0
875,1724,1208,1,13
878,1725,1210,1,319
882,1724,1209,1,20
883,1724,1208,1,14
886,1728,1207,1,324
887,1729,1204,1,331
888,1728,1204,1,335
889,1727,1204,1,325
890,1727,1204,1,325
891,1727,1203,1,324
893,1727,1202,1,289
894,1727,1202,1,307
895,1728,1204,1,305
896,1728,1205,1,303
897,1727,1205,1,300
898,1726,1207,1,85
902,1725,1208,1,37
903,1725,1208,1,42
904,1725,1208,1,20
905,1725,1208,1,20
906,1725,1208,1,28
907,1724,1208,1,12
908,1724,1207,1,356
909,1724,1208,1,353
910,1724,1208,1,347
911,1724,1208,1,352
912,1725,1208,1,340
913,1725,1208,1,338
914,1725,1208,1,342
915,1725,1208,1,332
916,1725,1208,1,339
917,1725,1208,1,339
918,1725,1208,1,325
919,1725,1208,1,334
920,1725,1208,1,311
923,1725,1207,1,45
924,1725,1206,1,46
925,1727,1206,1,65
926,1728,1207,1,64
929,1726,1204,1,315
930,1726,1205,1,321
931,1726,1206,1,331
932,1725,1207,1,354
933,1726,1206,1,355
934,1725,1206,1,22
935,1726,1205,1,19
936,1725,1205,1,47
940,1727,1206,1,292
941,1728,1207,1,275
942,1728,1207,1,286
943,1728,1207,1,292
947,1725,1208,1,18
948,1725,1208,1,22
949,1725,1207,1,15
950,1725,1207,1,27
951,1725,1208,1,11
952,1725,1209,1,348
953,1725,1209,1,342
954,1725,1208,1,351
955,1725,1209,1,0
956,1725,1209,1,0
957,1724,1210,1,354
958,1725,1209,1,353
959,1724,1209,1,1
960,1725,1209,1,353
961,1726,1209,1,0
962,1726,1208,1,0
963,1725,1208,1,3
964,1725,1208,1,2
965,1725,1209,1,24
966,1725,1210,1,23
967,1725,1210,1,10
968,1725,1210,1,24
969,1725,1209,1,25
970,1726,1208,1,23
971,1726,1208,1,17
972,1726,1208,1,14
973,1726,1207,1,15
974,1726,1207,1,18
975,1726,1207,1,19
976,1727,1206,1,10
977,1727,1207,1,0
978,1726,1207,1,1
979,1726,1207,1,8
980,1726,1207,1,337
981,1727,1207,1,358
982,1726,1207,1,5
983,1726,1207,1,15
984,1726,1207,1,24
985,1726,1207,1,10
986,1726,1208,1,4
987,1726,1208,1,353
988,1726,1208,1,350
989,1726,1208,1,14
990,1726,1208,1,9
991,1726,1208,1,18
992,1726,1208,1,27
993,1726,1208,1,14
994,1726,1208,1,16
995,1726,1208,1,26
996,1725,1208,1,45
997,1725,1209,1,53
998,1725,1209,1,47
999,1725,1209,1,31
1000,1725,1208,1,37
1001,1725,1208,1,33
1002,1726,1208,1,28
1003,1726,1208,1,25
1004,1725,1209,1,31
1005,1725,1208,1,22
1006,1725,1208,1,22
1007,1726,1208,1,20
1008,1726,1208,1,14
1009,1726,1208,1,15
1010,1726,1208,1,18
1011,1726,1208,1,13
1012,1726,1207,1,5
1013,1726,1208,1,14
1019,1726,1207,1,10
1020,1726,1207,1,22
1021,1726,1208,1,16
1022,1726,1208,1,5
1023,1726,1208,1,5
1024,1726,1207,1,5
1025,1727,1208,1,348
1026,1726,1208,1,342
1027,1726,1208,1,19
1028,1726,1208,1,24
1029,1726,1208,1,18
1030,1726,1208,1,16
1031,1726,1208,1,359
1032,1725,1208,1,11
1033,1725,1208,1,17
1034,1725,1208,1,16
1035,1725,1208,1,6
1036,1725,1208,1,8
1037,1725,1208,1,353
1038,1724,1208,1,0
1039,1724,1208,1,8
1040,1724,1208,1,10
1041,1725,1208,1,22
1042,1725,1208,1,21
1043,1725,1208,1,29
1044,1725,1208,1,32
1045,1725,1208,1,19
1046,1725,1208,1,21
1047,1725,1208,1,24
1048,1725,1208,1,17
1049,1725,1208,1,9
1050,1724,1208,1,0
1051,1724,1208,1,354
1052,1725,1208,1,355
1053,1725,1208,1,4
1054,1725,1209,1,20
1055,1726,1209,1,9
1056,1726,1209,1,16
1057,1726,1209,1,26
1058,1726,1209,1,22
1059,1725,1209,1,17
1060,1725,1208,1,10
1061,1725,1208,1,11
1062,1725,1208,1,40
1063,1725,1208,1,22
1064,1725,1208,1,25
1065,1725,1208,1,20
1066,1726,1208,1,20
1067,1726,1209,1,30
1068,1726,1209,1,41
1069,1725,1209,1,40
1070,1725,1208,1,44
1071,1725,1208,1,26
1072,1725,1208,1,15
1073,1725,1208,1,15
1074,1725,1208,1,13
1075,1725,1208,1,35
1076,1725,1208,1,27
1077,1725,1209,1,34
1078,1725,1208,1,26
1079,1725,1208,1,18
1080,1725,1208,1,14
1081,1725,1208,1,10
1082,1725,1208,1,358
1083,1725,1208,1,10
1084,1725,1208,1,4
1085,1724,1208,1,5
1086,1724,1208,1,12
1090,1725,1209,1,285
1091,1725,1210,1,291
1092,1725,1209,1,287
1093,1724,1209,1,280
1094,1724,1209,1,288
1095,1724,1209,1,278
1096,1724,1208,1,283
1099,1724,1208,1,75
1100,1724,1208,1,45
1101,1725,1208,1,57
1102,1725,1208,1,61
1103,1725,1208,1,45
1104,1725,1208,1,21
1105,1724,1208,1,51
1106,1724,1208,1,25
1109,1724,1208,1,8
1110,1724,1207,1,6
1111,1724,1207,1,15
1112,1724,1208,1,32
1113,1724,1208,1,41
1114,1724,1208,1,38
1115,1724,1207,1,7
1116,1724,1207,1,2
1117,1725,1208,1,12
1118,1725,1207,1,0
1119,1725,1208,1,8
1120,1725,1208,1,8
1121,1725,1208,1,4
1122,1724,1208,1,3
1123,1724,1207,1,357
1124,1724,1207,1,0
1125,1725,1207,1,356
1126,1725,1208,1,17
1127,1725,1208,1,15
1128,1725,1208,1,11
1129,1725,1208,1,11
1130,1724,1208,1,14
1131,1724,1207,1,359
1132,1724,1207,1,359
1133,1724,1208,1,7
1134,1724,1208,1,11
1135,1724,1207,1,5
1136,1724,1207,1,355
1137,1724,1208,1,0
1138,1724,1207,1,24
1139,1724,1207,1,356
1140,1724,1207,1,4
1141,1724,1207,1,11
1142,1724,1208,1,3
1143,1724,1208,1,10
1144,1724,1207,1,346
1145,1724,1207,1,356
1146,1724,1207,1,355
1147,1724,1207,1,0
1148,1724,1207,1,358
1151,1724,1206,1,1
1152,1725,1207,1,7
1153,1725,1207,1,352
1154,1726,1207,1,335
1159,1725,1206,1,86
1160,1725,1206,1,274
1161,1725,1207,1,275
1165,1724,1207,1,3
1166,1724,1207,1,23
1167,1724,1207,1,18
1168,1724,1207,1,15
1169,1724,1207,1,23
1170,1724,1207,1,355
1171,1724,1207,1,355
1172,1725,1207,1,5
1173,1725,1208,1,2
1174,1724,1208,1,3
1175,1724,1208,1,348
1176,1724,1208,1,11
1177,1724,1208,1,357
1178,1724,1208,1,358
1179,1724,1208,1,0
1180,1724,1208,1,354
1181,1723,1208,1,342
1182,1724,1209,1,333
1183,1724,1209,1,334
1184,1724,1209,1,350
1187,1724,1209,1,310
1188,1724,1209,1,329
1189,1724,1209,1,335
1190,1724,1209,1,338
1191,1724,1210,1,348
1192,1723,1209,1,322
1195,1725,1209,1,13
1198,1724,1208,1,12
1199,1725,1209,1,48
1200,1724,1209,1,18
1201,1724,1211,1,14
1202,1723,1211,1,23
1203,1724,1212,1,34
1204,1724,1212,1,40
1206,1726,1210,1,8
1208,1726,1204,1,307
1209,1726,1206,1,296
1210,1726,1206,1,318
1213,1725,1206,1,160
1214,1725,1206,1,3
1215,1725,1207,1,33
1218,1725,1208,1,41
1219,1725,1208,1,42
1220,1724,1208,1,61
1221,1724,1208,1,65
1222,1724,1208,1,32
1223,1724,1208,1,37
1224,1724,1208,1,28
1227,1724,1209,1,77
1228,1724,1209,1,45
1229,1724,1209,1,58
1230,1724,1209,1,60
1231,1724,1209,1,65
1232,1724,1209,1,36
1233,1724,1208,1,38
1234,1724,1209,1,61
1235,1724,1208,1,24
1236,1724,1209,1,37
1237,1724,1208,1,20
1238,1724,1208,1,22
1239,1724,1208,1,20
1240,1724,1208,1,30
1241,1724,1208,1,65
1242,1724,1209,1,57
1243,1724,1208,1,28
1244,1724,1208,1,53
1245,1725,1208,1,30
1246,1725,1208,1,24
1247,1724,1208,1,35
1248,1724,1208,1,20
1249,1724,1208,1,23
1250,1725,1208,1,16
1251,1725,1208,1,12
1252,1725,1208,1,25
1253,1724,1208,1,34
1254,1724,1208,1,23
1255,1724,1208,1,344
1256,1724,1208,1,7
1257,1724,1208,1,351
1258,1724,1209,1,347
1259,1724,1209,1,356
1260,1724,1208,1,17
1261,1725,1207,1,6
1262,1725,1207,1,22
1263,1725,1207,1,16
1264,1725,1207,1,22
1265,1725,1208,1,19
1266,1724,1208,1,352
1267,1724,1209,1,327
1268,1724,1209,1,334
1269,1724,1209,1,338
1270,1724,1208,1,321
1271,1724,1208,1,344
1272,1725,1207,1,358
1273,1725,1207,1,7
1274,1725,1207,1,359
1275,1725,1208,1,2
1276,1725,1208,1,0
1277,1725,1208,1,354
1278,1725,1208,1,2
1279,1725,1207,1,354
1280,1725,1207,1,11
1281,1725,1208,1,3
1282,1725,1208,1,18
1283,1725,1207,1,7
1284,1726,1207,1,357
1285,1726,1207,1,5
1286,1726,1208,1,350
1287,1725,1208,1,355
1288,1725,1209,1,344
1289,1724,1208,1,353
1290,1725,1208,1,2
1291,1725,1209,1,347
1292,1725,1209,1,350
1293,1725,1209,1,351
1294,1725,1208,1,345
1295,1725,1208,1,344
1296,1725,1208,1,346
1297,1725,1208,1,344
1298,1725,1208,1,345
1299,1724,1208,1,358
1300,1724,1208,1,3
1301,1724,1208,1,341
1305,1724,1207,1,31
1306,1724,1207,1,16
1307,1725,1207,1,17
1308,1725,1207,1,23
1312,1725,1207,1,20
1313,1724,1207,1,7
1314,1724,1207,1,346
1315,1724,1207,1,357
1316,1724,1207,1,329
1317,1724,1207,1,343
1318,1724,1207,1,343
1319,1724,1207,1,349
1320,1724,1208,1,343
1321,1724,1208,1,353
1322,1724,1208,1,351
1323,1724,1208,1,354
1324,1724,1208,1,349
1325,1724,1208,1,355
1326,1724,1208,1,357
1327,1724,1208,1,0
1328,1724,1207,1,359
1329,1724,1208,1,0
1330,1724,1208,1,359
1331,1724,1208,1,17
1332,1724,1208,1,340
1333,1724,1208,1,7
1334,1725,1208,1,12
1335,1725,1208,1,40
1336,1724,1208,1,12
1337,1724,1207,1,343
1338,1725,1207,1,350
1341,1724,1207,1,81
1342,1724,1207,1,84
1347,1724,1207,1,338
1348,1724,1207,1,346
1349,1724,1207,1,349
1350,1724,1207,1,338
1353,1724,1207,1,323
1354,1724,1207,1,349
1355,1724,1207,1,357
1356,1724,1207,1,348
1357,1724,1206,1,339
1358,1724,1206,1,351
1361,1726,1205,1,13
1364,1725,1207,1,51
1365,1725,1207,1,38
1366,1724,1207,1,7
1367,1724,1206,1,332
1368,1725,1206,1,352
1369,1724,1205,1,357
1370,1724,1205,1,12
1371,1725,1205,1,357
1372,1725,1205,1,1
1373,1724,1205,1,358
1377,1724,1205,1,2
1378,1724,1205,1,2
1379,1724,1205,1,5
1380,1723,1205,1,1
1381,1721,1205,1,344
1382,1722,1205,1,350
1383,1721,1205,1,14
1384,1722,1205,1,20
1385,1723,1204,1,2
1386,1724,1204,1,7
1387,1725,1203,1,20
1388,1728,1203,1,38
1389,1730,1202,1,32
1395,1725,1210,1,50
1396,1726,1209,1,50
1397,1729,1206,1,71
1398,1728,1205,1,76
1399,1728,1204,1,287
1404,1726,1209,1,46
1407,1725,1208,1,88
1408,1725,1207,1,272
1409,1725,1206,1,276
1410,1725,1205,1,74
1411,1725,1205,1,62
1412,1725,1206,1,55
1413,1725,1206,1,49
1414,1725,1207,1,60
1415,1725,1208,1,88
1416,1724,1208,1,88
1423,1725,1207,1,328
1424,1725,1207,1,323
1425,1726,1207,1,293
1426,1726,1205,1,295
1427,1726,1206,1,286
1428,1726,1207,1,271
1429,1726,1207,1,68
1430,1726,1208,1,61
1431,1725,1207,1,76
1432,1725,1208,1,277
1435,1725,1207,1,29
1436,1724,1208,1,11
1437,1724,1207,1,344
1438,1724,1207,1,357
1439,1725,1207,1,341
1440,1726,1208,1,322
1441,1726,1208,1,308
1442,1726,1208,1,306
1443,1726,1208,1,317
1444,1726,1208,1,312
1445,1726,1208,1,324
1448,1724,1207,1,21
1449,1724,1205,1,35
1450,1724,1203,1,12
1451,1724,1202,1,357
1452,1723,1202,1,359
1456,1727,1206,1,293
1458,1724,1206,1,285
1459,1724,1205,1,291
1460,1725,1206,1,294
1461,1725,1206,1,278
1462,1725,1206,1,281
1463,1724,1206,1,86
1464,1724,1206,1,275
1465,1724,1206,1,282
1466,1724,1206,1,86
1470,1724,1207,1,42
1471,1724,1207,1,18
1472,1725,1207,1,9
1473,1725,1208,1,8
1474,1725,1208,1,22
1475,1725,1208,1,27
1476,1725,1208,1,21
1477,1725,1208,1,25
1482,1725,1207,1,1
1483,1725,1206,1,357
1484,1725,1207,1,354
1485,1725,1207,1,337
1486,1725,1206,1,343
1490,1725,1207,1,278
1493,1724,1207,1,343
1494,1724,1206,1,5
1497,1725,1208,1,347
1498,1725,1208,1,357
1499,1724,1208,1,342
1500,1724,1208,1,338
1501,1724,1209,1,333
1502,1724,1209,1,328
1503,1724,1209,1,345
1504,1724,1209,1,340
1510,1725,1209,1,122
1511,1725,1209,1,115
1512,1725,1209,1,97
1513,1725,1209,1,102
1514,1725,1209,1,115
1515,1725,1209,1,110
1516,1725,1209,1,134
1517,1724,1208,1,103
1518,1725,1209,1,80
1519,1727,1206,1,93
1520,1726,1209,1,81
1521,1726,1208,1,108
1522,1726,1208,1,106
1523,1726,1208,1,107
1524,1725,1208,1,97
1525,1725,1208,1,99
1526,1725,1208,1,108
1527,1725,1208,1,84
1528,1725,1208,1,72
1529,1725,1208,1,111
1530,1725,1208,1,90
1531,1725,1208,1,85
1532,1725,1208,1,56
1533,1725,1209,1,68
1534,1725,1209,1,62
1535,1725,1208,1,43
1536,1725,1209,1,21
1537,1725,1209,1,17
1538,1724,1208,1,13
1539,1725,1208,1,13
1540,1725,1208,1,8
1541,1725,1208,1,354
1542,1725,1208,1,358
1543,1725,1208,1,358
1544,1724,1208,1,351
1545,1725,1208,1,2
1546,1724,1208,1,0
1547,1725,1208,1,359
1548,1725,1208,1,357
1549,1725,1208,1,358
1550,1725,1208,1,0
1551,1725,1208,1,4
1552,1726,1208,1,15
1553,1726,1208,1,10
1554,1726,1208,1,2
1555,1725,1208,1,0
1556,1725,1208,1,9
1557,1725,1208,1,3
1558,1725,1208,1,4
1559,1725,1208,1,355
1560,1724,1208,1,8
1564,1726,1208,1,23
1565,1726,1207,1,29
1566,1726,1207,1,45
1567,1726,1207,1,46
1571,1727,1206,1,304
1572,1728,1206,1,316
1573,1728,1206,1,335
1576,1727,1206,1,49
1577,1727,1206,1,48
1578,1727,1207,1,45
1579,1726,1207,1,50
1580,1725,1207,1,52
1581,1725,1207,1,46
1582,1725,1207,1,64
1583,1725,1207,1,63
1584,1725,1207,1,70
1585,1725,1207,1,58
1586,1725,1207,1,60
1589,1726,1206,1,297
1590,1727,1206,1,295
1591,1728,1205,1,285
1592,1726,1205,1,317
1593,1726,1205,1,307
1596,1726,1205,1,23
1597,1726,1205,1,14
1598,1726,1205,1,22
1599,1726,1205,1,59
1600,1726,1206,1,63
1601,1726,1205,1,29
1604,1725,1206,1,67
1605,1725,1207,1,68
1606,1725,1207,1,57
1607,1725,1207,1,46
1608,1724,1207,1,40
1609,1724,1208,1,53
1610,1724,1207,1,36
1611,1725,1208,1,45
1612,1725,1208,1,40
1613,1725,1208,1,49
1614,1724,1208,1,36
1615,1725,1208,1,7
1616,1725,1208,1,12
1617,1725,1208,1,20
1618,1724,1208,1,343
1619,1724,1208,1,351
1620,1724,1208,1,348
1621,1724,1208,1,341
1622,1724,1208,1,348
1623,1724,1208,1,349
1624,1724,1208,1,352
1625,1725,1208,1,350
1626,1724,1208,1,352
1627,1724,1208,1,349
1628,1724,1208,1,351
1629,1725,1208,1,348
1630,1725,1208,1,348
1631,1725,1208,1,343
1632,1725,1208,1,348
1633,1725,1208,1,348
1634,1725,1208,1,346
1635,1725,1208,1,348
1636,1725,1208,1,352
1637,1725,1208,1,350
1638,1725,1208,1,350
1639,1725,1208,1,343
1640,1725,1208,1,350
1641,1725,1208,1,348
1642,1725,1208,1,350
1643,1725,1208,1,336
1644,1726,1207,1,333
1650,1725,1208,1,35
1651,1724,1208,1,41
1652,1724,1208,1,39
1653,1725,1208,1,42
1654,1725,1208,1,36
1657,1723,1210,1,308
1658,1724,1211,1,315
1659,1724,1210,1,288
1660,1723,1210,1,280
1661,1723,1210,1,286
1664,1723,1211,1,337
1665,1723,1210,1,336
1666,1724,1211,1,0
1667,1724,1210,1,333
1668,1724,1209,1,310
1673,1724,1208,1,359
1676,1723,1207,1,30
1677,1724,1207,1,6
1678,1724,1208,1,347
1679,1724,1208,1,0
1680,1724,1208,1,34
1681,1724,1208,1,30
1682,1724,1208,1,0
1683,1724,1207,1,345
1684,1724,1206,1,9
1685,1724,1207,1,8
1686,1725,1208,1,0
1687,1724,1208,1,1
1688,1725,1208,1,358
1689,1724,1208,1,351
1690,1724,1208,1,352
1691,1724,1208,1,352
1692,1724,1208,1,3
1693,1724,1207,1,6
1694,1724,1208,1,357
1695,1724,1208,1,3
1696,1725,1208,1,4
1697,1725,1209,1,4
1698,1725,1209,1,20
1699,1726,1208,1,13
1700,1725,1208,1,12
1701,1725,1208,1,21
1702,1725,1207,1,28
1703,1724,1207,1,36
1704,1725,1206,1,29
1705,1725,1206,1,27
1706,1725,1208,1,13
1707,1725,1207,1,32
1708,1725,1206,1,25
1709,1726,1206,1,20
1710,1726,1205,1,19
1711,1725,1206,1,18
1712,1724,1206,1,31
1713,1724,1207,1,11
1714,1725,1208,1,7
1715,1725,1208,1,5
1716,1724,1207,1,12
1720,1726,1205,1,313
1721,1726,1204,1,316
1722,1726,1205,1,319
1723,1725,1205,1,315
1724,1726,1206,1,314
1725,1726,1206,1,299
1726,1726,1205,1,313
1727,1727,1204,1,315
1728,1728,1205,1,322
1729,1728,1205,1,323
1730,1727,1205,1,323
1731,1728,1206,1,334
1732,1728,1206,1,329
1733,1728,1206,1,329
1734,1727,1206,1,339
1735,1727,1206,1,333
1736,1727,1205,1,328
1737,1727,1206,1,325
1738,1726,1205,1,324
1739,1726,1205,1,322
1740,1726,1205,1,328
1741,1726,1206,1,328
1742,1727,1206,1,328
1743,1727,1206,1,328
1744,1727,1207,1,337
1745,1726,1207,1,349
1746,1726,1206,1,329
1747,1726,1206,1,0
1748,1725,1207,1,0
1749,1725,1208,1,12
1750,1725,1208,1,16
1751,1725,1208,1,13
1752,1724,1208,1,357
1753,1725,1208,1,10
1754,1725,1208,1,1
1757,1724,1208,1,68
1758,1724,1208,1,33
1759,1725,1208,1,40
1760,1724,1208,1,30
1763,1724,1207,1,45
1768,1725,1209,1,276
1769,1725,1209,1,291
1770,1725,1209,1,309
1771,1725,1209,1,326
1772,1724,1208,1,321
1773,1724,1208,1,332
1776,1725,1208,1,291
1777,1725,1208,1,275
1778,1725,1208,1,303
1779,1725,1208,1,296
1780,1725,1208,1,310
1781,1725,1208,1,310
1782,1725,1208,1,308
1783,1724,1208,1,325
1784,1724,1208,1,328
1785,1724,1208,1,337
1786,1724,1208,1,348
1787,1724,1208,1,333
1788,1724,1208,1,343
1789,1725,1208,1,350
1790,1725,1208,1,331
1791,1724,1208,1,333
1792,1725,1208,1,354
1793,1725,1208,1,5
1794,1725,1208,1,330
1795,1724,1208,1,340
1796,1725,1208,1,344
1797,1725,1208,1,0
1798,1725,1208,1,359
1799,1724,1208,1,39
1802,1724,1208,1,358
1803,1724,1207,1,34
1804,1723,1206,1,11
1805,1724,1205,1,19
1806,1723,1204,1,34
1808,1723,1203,1,27
1809,1723,1203,1,32
1810,1724,1203,1,23
1811,1725,1203,1,5
1812,1724,1203,1,29
1813,1724,1204,1,26
1814,1724,1203,1,355
1815,1724,1203,1,329
1816,1727,1203,1,323
1819,1725,1207,1,71
1820,1725,1207,1,61
1823,1725,1208,1,26
1824,1725,1208,1,23
1825,1725,1208,1,28
1826,1724,1208,1,354
1827,1724,1208,1,12
1828,1724,1208,1,356
1835,1728,1204,1,55
1836,1727,1204,1,42
1837,1726,1203,1,20
1838,1725,1202,1,16
1839,1726,1203,1,53
1840,1725,1204,1,40
1841,1725,1204,1,79
1842,1725,1205,1,270
1843,1726,1205,1,287
1844,1727,1206,1,297
1847,1726,1209,1,339
1848,1726,1209,1,342
1849,1727,1209,1,346
1850,1727,1210,1,342
1851,1725,1210,1,355
1852,1727,1210,1,348
1853,1728,1210,1,330
1855,1724,1208,1,13
1856,1726,1208,1,13
1857,1725,1208,1,19
1858,1725,1208,1,35
1859,1725,1208,1,23
1860,1725,1208,1,353
1861,1725,1208,1,343
1862,1724,1208,1,334
1863,1725,1208,1,345
1864,1725,1208,1,344
1865,1725,1208,1,350
1866,1725,1208,1,338
1867,1725,1209,1,317
1870,1725,1208,1,297
1876,1728,1209,1,332
1879,1727,1208,1,353
1880,1726,1209,1,20
1883,1725,1209,1,286
1884,1725,1209,1,294
1885,1724,1209,1,75
1889,1724,1209,1,26
1890,1724,1209,1,59
1891,1724,1209,1,22
1892,1725,1209,1,14
1893,1724,1209,1,4
1894,1724,1208,1,359
1895,1724,1208,1,13
1896,1724,1208,1,23
1897,1724,1209,1,357
1898,1724,1208,1,341
1899,1724,1208,1,355
1900,1724,1208,1,0
1901,1724,1208,1,339
1904,1724,1208,1,22
1905,1724,1209,1,350
1910,1725,1208,1,9
1911,1724,1208,1,12
1912,1724,1208,1,26
1913,1724,1208,1,7
1916,1723,1208,1,348
1917,1723,1208,1,334
1918,1722,1209,1,344
1922,1724,1209,1,359
1923,1729,1207,0,185
1927,1723,1206,0,187
1928,1723,1208,0,184
1929,1722,1208,0,182
1930,1722,1208,0,182
1931,1723,1207,0,186
1932,1722,1207,0,190
1933,1719,1207,0,189
1934,1717,1206,0,186
1935,1719,1206,0,190
1936,1719,1205,0,188
1937,1717,1206,0,179
1938,1717,1204,0,181
1939,1716,1205,0,177
1940,1717,1205,0,179
1941,1717,1205,0,182
1942,1716,1204,0,177
1943,1715,1206,0,179
1944,1714,1204,0,180
1945,1714,1203,0,172
1946,1715,1204,0,179
1947,1715,1204,0,177
1948,1714,1202,0,173
1949,1713,1199,0,171
1950,1712,1199,0,173
1951,1711,1199,0,171
1952,1711,1199,0,173
1953,1711,1200,0,175
1954,1711,1199,0,173
1955,1711,1195,0,168
1956,1709,1197,0,166
1957,1707,1197,0,164
1958,1707,1196,0,164
1959,1706,1195,0,162
1960,1706,1195,0,164
1961,1705,1194,0,160
1962,1704,1194,0,163
1963,1704,1194,0,163
1964,1704,1194,0,163
1965,1703,1194,0,160
1966,1703,1194,0,162
1967,1703,1194,0,161
1968,1703,1194,0,161
1969,1703,1194,0,159
1970,1702,1193,0,159
1971,1701,1193,0,161
1972,1701,1193,0,163
1973,1701,1193,0,161
1974,1701,1193,0,161
1975,1701,1193,0,160
1976,1699,1193,0,159
1977,1700,1193,0,165
1978,1701,1193,0,172
1979,1700,1193,0,177
1980,1700,1192,0,183
1981,1700,1193,0,188
1982,1697,1193,0,192
1983,1697,1192,0,194
1984,1697,1191,0,194
1985,1696,1190,0,189
1986,1696,1192,0,191
1987,1695,1191,0,186
1988,1698,1191,0,186
1989,1698,1191,0,188
1990,1698,1191,0,190
1991,1697,1191,0,190
1992,1697,1190,0,190
1993,1699,1190,0,194
1994,1699,1190,0,195
1995,1700,1190,0,197
1996,1700,1189,0,202
1997,1698,1189,0,194
1998,1697,1189,0,199
1999,1698,1189,0,203
2000,1699,1189,0,207
2001,1699,1190,0,209
2002,1699,1191,0,207
2003,1699,1192,0,212
2004,1698,1192,0,211
2005,1697,1191,0,210
2006,1697,1192,0,211
2007,1696,1193,0,216
2008,1692,1192,0,219
2009,1689,1190,0,231
2010,1686,1186,0,238
2011,1685,1185,0,237
2012,1684,1185,0,230
2013,1680,1181,0,230
2014,1676,1174,0,220
2015,1675,1174,0,219
2016,1673,1175,0,218
2017,1673,1173,0,213
2018,1674,1171,0,208
2019,1673,1173,0,210
2020,1672,1176,0,220
2021,1667,1174,0,215
2022,1664,1172,0,211
2023,1663,1171,0,209
2024,1660,1172,0,213
2025,1659,1172,0,224
2026,1656,1174,0,230
2027,1656,1175,0,233
2028,1652,1176,0,245
2029,1645,1177,0,238
2030,1640,1176,0,262
2031,1638,1174,0,268
2032,1632,1173,0,283
2033,1630,1171,0,292
2034,1627,1172,0,287
2035,1624,1173,0,285
2036,1623,1177,0,294
2037,1624,1182,0,305
2038,1623,1183,0,318
2039,1624,1185,0,325
2040,1625,1189,0,331
2041,1624,1191,0,350
2042,1623,1193,0,352
2043,1623,1189,0,354
2044,1624,1188,0,357
2045,1628,1187,0,3
2046,1630,1187,0,1
2047,1636,1188,0,0
2048,1641,1184,0,2
2049,1642,1185,0,9
2050,1642,1188,0,16
2051,1642,1188,0,30
2052,1643,1188,0,36
2053,1643,1189,0,43
2054,1645,1190,0,45
2055,1649,1190,0,48
2056,1654,1191,0,55
2057,1660,1195,0,66
2058,1660,1200,0,67
2059,1661,1198,0,63
2060,1661,1200,0,67
2061,1661,1203,0,69
2062,1662,1203,0,79
2063,1660,1199,0,82
2064,1660,1197,0,84
2065,1661,1195,0,77
2066,1661,1196,0,79
2067,1663,1196,0,79
2068,1664,1196,0,75
2069,1663,1195,0,77
2070,1663,1194,0,78
2071,1663,1194,0,76
2072,1666,1194,0,65
2073,1667,1193,0,56
2074,1666,1194,0,51
2075,1667,1191,0,42
2076,1664,1190,0,34
2077,1664,1190,0,31
2078,1662,1190,0,31
2079,1661,1190,0,28
2080,1661,1189,0,26
2081,1662,1186,0,12
2082,1665,1190,0,357
2083,1665,1193,0,341
2084,1664,1190,0,340
2085,1664,1191,0,333
2086,1666,1194,0,322
2087,1666,1193,0,315
2088,1667,1192,0,316
2089,1667,1194,0,314
2090,1668,1194,0,315
2091,1670,1192,0,320
2092,1672,1186,0,323
2093,1673,1181,0,327
2094,1674,1180,0,326
2095,1673,1179,0,326
2096,1668,1181,0,331
2097,1665,1175,0,340
2098,1660,1173,0,349
2099,1654,1171,0,355
2100,1647,1174,0,5
2101,1646,1174,0,5
2102,1644,1172,0,0
2103,1644,1172,0,358
2104,1643,1172,0,358
2105,1643,1172,0,357
2106,1639,1168,0,340
2107,1639,1167,0,345
2108,1638,1163,0,353
2109,1636,1161,0,352
2110,1636,1162,0,353
2111,1637,1163,0,355
2112,1638,1164,0,349
2113,1640,1164,0,346
2114,1642,1164,0,344
2115,1643,1164,0,345
2116,1645,1164,0,349
2117,1648,1162,0,354
2118,1649,1161,0,357
2119,1649,1161,0,355
2120,1650,1162,0,351
2121,1651,1162,0,351
2122,1650,1161,0,353
2123,1649,1161,0,354
2124,1650,1162,0,352
2125,1651,1162,0,351
2126,1650,1163,0,348
2127,1651,1163,0,350
2128,1654,1164,0,350
2129,1658,1165,0,349
2130,1660,1169,0,345
2131,1660,1170,0,344
2132,1663,1171,0,335
2133,1662,1168,0,327
2134,1662,1167,0,324
2135,1661,1167,0,316
2136,1662,1169,0,313
2137,1661,1173,0,318
2138,1661,1176,0,315
2139,1660,1176,0,316
2140,1657,1175,0,328
2141,1655,1173,0,327
2142,1654,1177,0,316
2143,1648,1178,0,317
2144,1647,1178,0,322
2145,1643,1172,0,331
2146,1641,1168,0,332
2147,1633,1168,0,327
2148,1629,1166,0,317
2149,1631,1171,0,321
2150,1626,1176,0,318
2151,1622,1177,0,313
2152,1621,1177,0,310
2153,1617,1176,0,304
2154,1615,1172,0,298
2155,1617,1170,0,300
2156,1615,1171,0,296
2157,1616,1171,0,299
2158,1615,1172,0,295
2159,1613,1174,0,295
2160,1614,1176,0,300
2161,1611,1179,0,283
2162,1609,1176,0,278
2163,1609,1175,0,279
2164,1608,1172,0,277
2165,1609,1170,0,277
2166,1608,1167,0,278
2167,1607,1166,0,278
2168,1605,1161,0,274
2169,1605,1157,0,277
2170,1605,1157,0,281
2171,1606,1156,0,285
2172,1605,1155,0,291
2173,1605,1152,0,301
2174,1602,1148,0,303
2175,1599,1142,0,301
2176,1594,1136,0,295
2177,1595,1131,0,295
2178,1593,1129,0,298
2179,1591,1129,0,291
2180,1592,1125,0,289
2181,1595,1118,0,308
2182,1593,1121,0,303
2183,1592,1122,0,301
2184,1592,1122,0,302
2185,1591,1123,0,300
2186,1592,1123,0,299
2187,1592,1124,0,296
2188,1593,1125,0,296
2189,1593,1125,0,296
2190,1594,1125,0,292
2191,1594,1124,0,295
2192,1600,1121,0,307
2193,1606,1121,0,314
2194,1605,1120,0,323
2195,1605,1116,0,323
2196,1602,1118,0,320
2197,1602,1119,0,321
2198,1605,1116,0,317
2199,1605,1115,0,307
2200,1611,1112,0,294
2201,1609,1109,0,278
2202,1610,1108,0,277
2203,1611,1104,0,274
2204,1610,1096,0,269
2205,1611,1090,0,257
2206,1603,1094,0,263
2207,1601,1092,0,270
2208,1601,1084,0,275
2209,1600,1081,0,274
2210,1597,1080,0,275
2211,1596,1079,0,271
2212,1594,1076,0,272
2213,1592,1075,0,269
2214,1592,1074,0,269
2215,1591,1072,0,267
2216,1592,1070,0,271
2217,1593,1069,0,273
2218,1592,1070,0,272
2219,1592,1067,0,268
2220,1592,1063,0,264
2221,1589,1060,0,256
2222,1586,1062,0,258
2223,1584,1061,0,267
2224,1581,1058,0,270
2225,1582,1057,0,266
2226,1581,1051,0,262
2227,1582,1046,0,262
2228,1581,1043,0,264
2229,1579,1040,0,269
2230,1577,1035,0,273
2231,1572,1030,0,282
2232,1569,1024,0,284
2233,1570,1019,0,276
2234,1569,1011,0,281
2235,1566,1001,0,277
2236,1563,993,0,281
2237,1562,989,0,290
2238,1561,987,0,289
2239,1562,986,0,287
2240,1562,986,0,287
2241,1563,986,0,286
2242,1564,984,0,282
2243,1566,983,0,281
2244,1572,982,0,285
2245,1578,981,0,300
2246,1581,979,0,305
2247,1581,976,0,311
2248,1589,967,0,330
2249,1585,963,0,349
2250,1581,963,0,351
2251,1574,965,0,355
2252,1569,966,0,351
2253,1563,966,0,349
2254,1559,965,0,351
2255,1561,969,0,349
2256,1562,974,0,0
2257,1563,976,0,359
2258,1562,976,0,5
2259,1569,983,0,16
2260,1578,993,0,33
2261,1578,994,0,37
2262,1578,993,0,41
2263,1574,993,0,38
2264,1564,990,0,34
2265,1562,993,0,26
2266,1558,996,0,20
2267,1558,998,0,13
2268,1561,1001,0,4
2269,1563,1001,0,359
2270,1563,1000,0,353
2271,1563,1001,0,349
2272,1561,1003,0,344
2273,1562,1002,0,334
2274,1559,1003,0,326
2275,1555,1003,0,321
2276,1554,998,0,311
2277,1555,986,0,315
2278,1551,987,0,311
2279,1549,987,0,308
2280,1546,984,0,306
2281,1543,983,0,310
2282,1539,981,0,324
2283,1539,978,0,326
2284,1538,978,0,325
2285,1537,980,0,324
2286,1537,979,0,325
2287,1537,979,0,322
2288,1539,980,0,317
2289,1540,977,0,304
2290,1539,980,0,302
2291,1539,982,0,311
2292,1538,982,0,317
2293,1538,980,0,321
2294,1539,980,0,317
2295,1540,981,0,311
2296,1541,981,0,315
2297,1543,980,0,322
2298,1546,979,0,329
2299,1552,981,0,329
2300,1557,982,0,335
2301,1558,982,0,341
2302,1557,981,0,342
2303,1556,978,0,349
2304,1557,976,0,356
2305,1559,975,0,356
2306,1558,975,0,3
2307,1556,976,0,3
2308,1556,977,0,9
2309,1555,977,0,7
2310,1553,978,0,346
2311,1546,971,0,346
2312,1543,972,0,342
2313,1541,974,0,337
2314,1542,973,0,343
2315,1541,974,0,346
2316,1539,970,0,355
2317,1535,967,0,356
2318,1533,964,0,2
2319,1536,965,0,358
2320,1535,969,0,357
2321,1532,972,0,358
2322,1533,971,0,358
2323,1541,970,0,3
2324,1548,968,0,359
2325,1557,965,0,21
2326,1560,972,0,44
2327,1563,977,0,55
2328,1562,981,0,64
2329,1562,988,0,71
2330,1556,995,0,72
2331,1552,1000,0,68
2332,1549,1005,0,65
2333,1546,1008,0,73
2334,1542,1010,0,77
2335,1539,1010,0,86
2336,1542,1011,0,93
2337,1541,1013,0,97
2338,1546,1018,0,105
2339,1548,1024,0,110
2340,1550,1026,0,117
2341,1554,1024,0,134
2342,1555,1026,0,135
2343,1553,1026,0,133
2344,1556,1024,0,141
2345,1560,1029,0,140
2346,1562,1033,0,148
2347,1564,1034,0,152
2348,1564,1039,0,153
2349,1566,1040,0,152
2350,1564,1040,0,155
2351,1568,1041,0,155
2352,1563,1041,0,160
2353,1562,1041,0,161
2354,1564,1043,0,148
2355,1567,1042,0,155
2356,1568,1042,0,157
2357,1570,1041,0,162
2358,1570,1039,0,169
2359,1569,1038,0,171
2360,1569,1036,0,176
2361,1575,1032,0,169
2362,1576,1028,0,181
2363,1573,1030,0,195
2364,1574,1028,0,215
2365,1577,1023,0,241
2366,1581,1019,0,260
2367,1583,1016,0,257
2368,1587,1011,0,252
2369,1587,1008,0,245
2370,1586,1000,0,247
2371,1586,991,0,258
2372,1587,982,0,263
2373,1587,980,0,267
2374,1588,978,0,266
2375,1586,980,0,260
2376,1587,981,0,244
2377,1590,976,0,242
2378,1595,969,0,239
2379,1597,966,0,232
2380,1600,961,0,221
2381,1601,955,0,224
2382,1611,949,0,228
2383,1616,935,0,239
2384,1620,930,0,240
2385,1622,928,0,241
2386,1621,928,0,221
2387,1621,928,0,218
2388,1624,927,0,212
2389,1627,925,0,204
2390,1629,928,0,188
2391,1633,928,0,180
2392,1639,931,0,168
2393,1642,932,0,159
2394,1646,934,0,162
2395,1651,931,0,178
2396,1658,930,0,179
2397,1662,930,0,180
2398,1664,933,0,179
2399,1671,934,0,163
2400,1678,938,0,173
2401,1690,938,0,181
2402,1699,938,0,190
2403,1701,935,0,191
2404,1704,936,0,183
2405,1712,937,0,176
2406,1718,936,0,177
2407,1724,938,0,162
2408,1726,939,0,162
2409,1729,941,0,156
2410,1731,941,0,156
2411,1733,937,0,159
2412,1730,930,0,160
2413,1727,918,0,151
2414,1730,908,0,147
2415,1742,914,0,148
2416,1753,906,0,109
2417,1753,909,0,104
2418,1755,910,0,106
2419,1757,911,0,103
2420,1757,913,0,99
2421,1757,914,0,97
2422,1758,914,0,96
2423,1758,916,0,93
2424,1758,916,0,92
2425,1758,917,0,92
2426,1758,916,0,94
2427,1759,916,0,89
2428,1760,916,0,94
2429,1760,917,0,92
2430,1760,917,0,92
2431,1760,917,0,87
2432,1760,919,0,93
2433,1761,920,0,89
2434,1761,921,0,88
2435,1764,922,0,91
2436,1766,926,0,86
2437,1769,929,0,80
2438,1770,930,0,74
2439,1771,931,0,66
2440,1770,931,0,54
2441,1771,927,0,44
2442,1772,924,0,37
2443,1774,921,0,30
2444,1773,918,0,20
2445,1776,914,0,10
2446,1777,913,0,349
2447,1784,912,0,345
2448,1780,905,0,342
2449,1781,902,0,340
2450,1777,897,0,337
2451,1773,891,0,327
2452,1773,886,0,334
2453,1776,888,0,330
2454,1779,890,0,340
2455,1781,893,0,348
2456,1783,899,0,1
2457,1784,910,0,24
2458,1774,922,0,42
2459,1767,927,0,47
2460,1763,931,0,54
2461,1763,932,0,64
2462,1765,928,0,72
2463,1766,928,0,65
2464,1765,928,0,69
2465,1757,930,0,67
2466,1751,932,0,80
2467,1747,933,0,92
2468,1747,937,0,87
2469,1747,943,0,93
2470,1749,951,0,96
2471,1750,954,0,105
2472,1749,958,0,108
2473,1748,964,0,105
2474,1747,969,0,93
2475,1746,979,0,79
2476,1748,982,0,80
2477,1754,984,0,77
2478,1759,985,0,86
2479,1759,986,0,108
2480,1763,987,0,115
2481,1767,991,0,116
2482,1772,994,0,100
2483,1772,998,0,103
2484,1773,1002,0,99
2485,1776,1007,0,99
2486,1777,1009,0,99
2487,1778,1010,0,91
2488,1780,1011,0,94
2489,1778,1002,0,100
2490,1780,997,0,103
2491,1778,992,0,102
2492,1780,985,0,108
2493,1785,980,0,111
2494,1791,980,0,108
2495,1795,981,0,107
2496,1796,982,0,95
2497,1797,986,0,87
2498,1793,994,0,82
2499,1791,995,0,72
2500,1788,1001,0,73
2501,1790,1002,0,59
2502,1789,1008,0,46
2503,1785,1006,0,45
2504,1785,1008,0,66
2505,1786,1011,0,54
2506,1786,1009,0,45
2507,1787,1011,0,37
2508,1783,1013,0,41
2509,1780,1016,0,45
2510,1777,1020,0,48
2511,1771,1024,0,49
2512,1773,1024,0,46
2513,1775,1024,0,42
2514,1779,1027,0,39
2515,1778,1029,0,47
2516,1782,1030,0,45
2517,1782,1031,0,37
2518,1783,1032,0,40
2519,1782,1035,0,45
2520,1783,1036,0,50
2521,1784,1037,0,52
2522,1788,1043,0,70
2523,1788,1046,0,78
2524,1788,1054,0,74
2525,1789,1060,0,76
2526,1789,1072,0,75
2527,1788,1075,0,71
2528,1788,1075,0,70
2529,1789,1072,0,74
2530,1787,1070,0,76
2531,1786,1069,0,86
2532,1785,1069,0,102
2533,1784,1069,0,124
2534,1785,1070,0,150
2535,1787,1064,0,170
2536,1789,1064,0,175
2537,1792,1065,0,177
2538,1791,1066,0,177
2539,1790,1065,0,183
2540,1788,1065,0,175
2541,1787,1067,0,170
2542,1783,1070,0,175
2543,1784,1072,0,169
2544,1786,1074,0,181
2545,1787,1072,0,186
2546,1785,1068,0,171
2547,1783,1068,0,155
2548,1789,1068,0,139
2549,1791,1069,0,134
2550,1791,1071,0,148
2551,1791,1071,0,144
2552,1789,1068,0,142
2553,1788,1066,0,141
2554,1789,1066,0,141
2555,1791,1068,0,138
2556,1791,1069,0,138
2557,1790,1070,0,137
2558,1791,1071,0,136
2559,1790,1070,0,139
2560,1788,1069,0,139
2561,1787,1068,0,139
2562,1788,1069,0,138
2563,1789,1070,0,140
2564,1789,1070,0,136
2565,1788,1070,0,135
2566,1788,1070,0,134
2567,1787,1069,0,132
2568,1787,1068,0,132
2569,1787,1068,0,132
2570,1787,1068,0,130
2571,1786,1068,0,130
2572,1786,1068,0,131
2573,1786,1067,0,132
2574,1786,1067,0,132
2575,1786,1067,0,132
2576,1786,1068,0,135
2577,1786,1068,0,133
2578,1786,1068,0,133
2579,1786,1067,0,136
2580,1787,1066,0,132
2581,1788,1067,0,131
2582,1787,1066,0,132
2583,1788,1066,0,129
2584,1788,1066,0,129
2585,1789,1066,0,129
2586,1789,1066,0,126
2587,1789,1066,0,130
2588,1789,1066,0,127
2589,1789,1066,0,131
2590,1789,1065,0,132
2591,1789,1066,0,132
2592,1788,1066,0,130
2593,1789,1066,0,130
2594,1788,1066,0,131
2595,1788,1066,0,131
2596,1789,1067,0,131
2597,1788,1067,0,131
2598,1788,1067,0,130
2599,1788,1067,0,132
2600,1788,1067,0,133
2601,1789,1065,0,133
2602,1789,1066,0,133
2603,1789,1066,0,128
2604,1789,1066,0,131
2605,1789,1066,0,129
2606,1789,1066,0,130
2607,1789,1066,0,130
2608,1789,1066,0,132
2609,1789,1066,0,135
2610,1789,1066,0,131
2611,1790,1066,0,131
2612,1790,1066,0,132
2613,1790,1066,0,132
2614,1789,1065,0,134
2615,1789,1066,0,133
2616,1790,1065,0,136
2617,1790,1065,0,132
2618,1790,1065,0,132
2619,1790,1065,0,132
2620,1791,1064,0,132
2621,1790,1065,0,133
2622,1790,1065,0,133
2623,1790,1064,0,133
2624,1790,1064,0,132
2625,1791,1064,0,129
2626,1791,1064,0,132
2627,1791,1064,0,131
2628,1791,1064,0,131
2629,1790,1063,0,132
2630,1792,1063,0,133
2631,1792,1064,0,130
2632,1793,1064,0,132
2633,1794,1064,0,131
2634,1794,1064,0,130
2635,1794,1064,0,129
2636,1796,1063,0,132
2637,1796,1062,0,133
2638,1795,1062,0,133
2639,1796,1063,0,131
2640,1795,1063,0,130
2641,1795,1063,0,131
2642,1795,1064,0,129
2643,1794,1063,0,127
2644,1794,1064,0,127
2645,1794,1063,0,127
2646,1794,1064,0,126
2647,1794,1065,0,127
2648,1793,1065,0,128
2649,1794,1064,0,123
2650,1793,1064,0,123
2651,1791,1065,0,127
2652,1790,1065,0,123
2653,1790,1065,0,126
2654,1791,1064,0,124
2655,1791,1064,0,124
2656,1792,1063,0,122
2657,1792,1063,0,122
2658,1791,1065,0,122
2659,1791,1066,0,125
2660,1791,1066,0,124
2661,1791,1066,0,123
2662,1791,1066,0,124
2663,1791,1067,0,123
2664,1791,1067,0,122
2665,1791,1068,0,124
2666,1791,1067,0,126
2667,1792,1067,0,126
2668,1792,1067,0,127
2669,1791,1067,0,129
2670,1791,1067,0,128
2671,1790,1068,0,128
2672,1791,1069,0,131
2673,1791,1071,0,136
2674,1791,1070,0,136
2675,1791,1071,0,136
2676,1791,1072,0,134
2677,1792,1071,0,137
2678,1792,1070,0,138
2679,1790,1069,0,142
2680,1791,1070,0,137
2681,1789,1068,0,137
2682,1789,1068,0,136
2683,1789,1068,0,135
2684,1789,1068,0,135
2685,1789,1068,0,136
2686,1790,1069,0,135
2687,1790,1069,0,136
2688,1790,1070,0,136
2689,1790,1070,0,135
2690,1789,1071,0,136
2691,1789,1070,0,136
2692,1790,1070,0,134
2693,1790,1069,0,137
2694,1789,1069,0,135
2695,1790,1068,0,135
2696,1789,1067,0,137
2697,1789,1067,0,139
2698,1788,1067,0,136
2699,1788,1067,0,139
2700,1788,1066,0,139
2701,1789,1067,0,138
2702,1789,1067,0,135
2703,1790,1068,0,134
2704,1790,1068,0,134
2705,1790,1069,0,134
2706,1790,1068,0,133
2707,1790,1067,0,135
2708,1792,1067,0,136
2709,1792,1067,0,137
2710,1792,1066,0,137
2711,1792,1066,0,136
2712,1792,1066,0,136
2713,1792,1066,0,136
2714,1793,1065,0,134
2715,1793,1066,0,137
2716,1793,1065,0,135
2717,1794,1066,0,136
2718,1793,1066,0,135
2719,1793,1066,0,138
2720,1793,1066,0,136
2721,1793,1066,0,136
2722,1793,1066,0,136
2723,1793,1066,0,137
2724,1793,1066,0,136
2725,1794,1066,0,131
2726,1794,1065,0,129
2727,1794,1066,0,129
2728,1794,1066,0,128
2729,1793,1065,0,131
2730,1793,1066,0,131
2731,1793,1065,0,129
2732,1793,1065,0,129
2733,1793,1065,0,129
2734,1793,1065,0,130
2735,1793,1065,0,130
2736,1793,1065,0,131
2737,1793,1066,0,130
2738,1793,1066,0,129
2739,1793,1066,0,130
2740,1793,1065,0,127
2741,1793,1066,0,127
2742,1793,1065,0,126
2743,1793,1066,0,125
2744,1793,1066,0,126
2745,1793,1065,0,127
2746,1793,1066,0,128
2747,1793,1066,0,129
2748,1793,1065,0,131
2749,1793,1065,0,130
2750,1793,1066,0,129
2751,1793,1066,0,128
2752,1793,1066,0,128
2753,1793,1066,0,127
2754,1794,1066,0,129
2755,1794,1067,0,128
2756,1794,1067,0,127
2757,1793,1067,0,124
2758,1794,1067,0,126
2759,1794,1067,0,125
2760,1794,1067,0,126
2761,1794,1067,0,127
2762,1793,1067,0,125
2763,1793,1067,0,125
2764,1793,1067,0,126
2765,1793,1067,0,126
2766,1793,1067,0,126
2767,1793,1068,0,127
2768,1793,1068,0,125
2769,1792,1068,0,126
2770,1793,1068,0,124
2771,1792,1068,0,122
2772,1792,1068,0,123
2773,1792,1068,0,125
2774,1792,1068,0,123
2775,1792,1069,0,124
2776,1791,1070,0,125
2777,1791,1071,0,131
2778,1790,1073,0,140
2779,1789,1075,0,145
2780,1789,1075,0,141
2781,1789,1075,0,141
2782,1789,1075,0,138
2783,1790,1076,0,139
2784,1790,1075,0,139
2785,1790,1075,0,141
2786,1790,1075,0,140
2787,1790,1075,0,140
2788,1789,1076,0,137
2789,1789,1076,0,138
2790,1789,1076,0,138
2791,1789,1076,0,137
2792,1789,1076,0,138
2793,1789,1076,0,138
2794,1789,1076,0,136
2795,1789,1076,0,135
2796,1788,1075,0,137
2797,1788,1075,0,136
2798,1788,1075,0,137
2799,1788,1075,0,137
2800,1788,1075,0,137
2801,1788,1074,0,136
2802,1788,1074,0,138
2803,1787,1074,0,138
2804,1787,1075,0,136
2805,1787,1075,0,135
2806,1787,1074,0,136
2807,1787,1074,0,135
2808,1787,1074,0,136
2809,1787,1073,0,137
2810,1788,1074,0,137
2811,1788,1074,0,138
2812,1787,1074,0,137
2813,1787,1074,0,137
2814,1787,1074,0,136
2815,1787,1074,0,141
2816,1787,1074,0,140
2817,1787,1074,0,141
2818,1787,1074,0,138
2819,1787,1074,0,136
2820,1787,1074,0,135
2821,1787,1074,0,134
2822,1787,1074,0,136
2823,1787,1074,0,138
2824,1787,1073,0,137
2825,1787,1073,0,138
2826,1787,1073,0,139
2827,1787,1074,0,138
2828,1786,1073,0,140
2829,1786,1073,0,139
2830,1786,1073,0,140
2831,1786,1073,0,140
2832,1787,1073,0,140
2833,1787,1073,0,139
2834,1787,1073,0,139
2835,1786,1073,0,139
2836,1786,1073,0,139
2837,1787,1073,0,139
2838,1786,1073,0,138
2839,1786,1074,0,137
2840,1787,1074,0,139
2841,1787,1074,0,139
2842,1787,1074,0,143
2843,1786,1074,0,142
2844,1786,1074,0,141
2845,1787,1074,0,145
2846,1787,1074,0,146
2847,1787,1073,0,142
2848,1786,1073,0,139
2849,1787,1074,0,138
2850,1787,1074,0,138
2851,1787,1073,0,138
2852,1787,1073,0,138
2853,1787,1073,0,137
2854,1787,1073,0,137
2855,1787,1073,0,137
2856,1787,1073,0,137
2857,1787,1073,0,137
2858,1787,1072,0,138
2859,1787,1073,0,136
2860,1787,1073,0,133
2861,1787,1073,0,136
2862,1787,1073,0,136
2863,1787,1073,0,136
2864,1787,1073,0,137
2865,1787,1073,0,138
2866,1787,1073,0,137
2867,1787,1073,0,138
2868,1787,1073,0,138
2869,1787,1073,0,138
2870,1787,1073,0,139
2871,1787,1073,0,138
2872,1787,1073,0,139
2873,1787,1073,0,138
2874,1786,1072,0,138
2875,1786,1072,0,137
2876,1786,1072,0,137
2877,1786,1072,0,136
2878,1786,1072,0,137
2879,1786,1072,0,137
2880,1786,1072,0,136
2881,1785,1071,0,137
2882,1785,1071,0,136
2883,1785,1071,0,136
2884,1785,1071,0,137
2885,1786,1072,0,136
2886,1785,1072,0,138
2887,1785,1073,0,134
2888,1785,1073,0,132
2889,1785,1073,0,132
2890,1783,1071,0,134
2891,1781,1071,0,125
2892,1780,1072,0,113
2893,1776,1071,0,108
2894,1771,1073,0,103
2895,1768,1074,0,98
2896,1773,1083,0,91
2897,1775,1088,0,72
2898,1769,1091,0,46
2899,1765,1094,0,43
2900,1762,1092,0,30
2901,1758,1087,0,22
2902,1754,1079,0,4
2903,1755,1076,0,6
2904,1755,1076,0,18
2905,1758,1082,0,21
2906,1758,1087,0,37
2907,1756,1092,0,46
2908,1755,1098,0,54
2909,1763,1109,0,65
2910,1764,1114,0,70
2911,1767,1125,0,75
2912,1760,1125,0,71
2913,1756,1131,0,59
2914,1754,1131,0,64
2915,1756,1133,0,70
2916,1754,1136,0,58
2917,1753,1139,0,64
2918,1748,1142,0,61
2919,1739,1146,0,58
2920,1736,1153,0,58
2921,1732,1160,0,56
2922,1726,1173,0,62
2923,1720,1177,0,52
2924,1718,1183,0,57
2925,1711,1192,0,48
2926,1711,1190,0,46
2927,1710,1196,0,47
2928,1708,1199,0,58
2929,1713,1208,0,68
2930,1714,1215,0,76
2931,1717,1219,0,72
2932,1724,1225,0,73
2933,1722,1229,0,69
2934,1712,1247,0,57
2935,1710,1257,0,68
2936,1707,1262,0,67
2937,1701,1271,0,71
2938,1704,1282,0,69
2939,1704,1289,0,70
2941,1694,1300,0,54
2942,1691,1304,0,57
2943,1696,1310,0,64
2944,1693,1314,0,55
2945,1688,1323,0,58
2946,1683,1329,0,58
2947,1684,1335,0,61
2948,1678,1342,0,65
2949,1680,1347,0,78
2950,1687,1358,0,75
2951,1688,1361,0,75
2952,1698,1356,0,91
2953,1696,1363,0,78
2954,1693,1371,0,81
2955,1692,1379,0,72
2956,1690,1393,0,61
2957,1684,1398,0,52
2958,1679,1408,0,61
2959,1678,1416,0,65
2960,1676,1425,0,58
2961,1677,1435,0,76
2962,1677,1450,0,67
2963,1674,1460,0,70
2964,1672,1472,0,74
2965,1667,1482,0,66
2966,1677,1483,0,79
2967,1672,1489,0,53
2968,1658,1498,0,36
2969,1654,1508,0,32
2970,1645,1510,0,26
2971,1642,1509,0,21
2972,1634,1509,0,14
2973,1621,1518,0,13
2974,1613,1515,0,13
2975,1607,1515,0,3
2976,1606,1516,0,5
2977,1604,1517,0,5
2978,1606,1518,0,7
2979,1605,1518,0,16
2980,1607,1521,0,23
2981,1607,1524,0,22
2982,1606,1526,0,23
2983,1608,1529,0,35
2984,1610,1537,0,38
2985,1611,1532,0,35
2986,1609,1530,0,14
2987,1606,1525,0,4
2988,1597,1517,0,3
2989,1589,1523,0,1
2990,1584,1523,0,0
2991,1576,1523,0,351
2992,1567,1519,0,341
2993,1560,1510,0,333
2994,1553,1512,0,345
2995,1546,1513,0,349
2996,1537,1512,0,349
2997,1536,1515,0,354
2998,1535,1513,0,358
2999,1526,1516,0,9
